0.000000 0.000000 0.000000 0.000000 0.000000 0.000000 0.000000 0.000000 0.000000 0.000000 0.000000 0.000000 0.000000 0.000000 0.000000 0.000000 0.000000 0.000000 0.000000 0.000000 0.000000 0.000000 0.000000 0.000000 0.000000 0.000000 0.000000 0.000000 0.000000 0.000000 0.000000 0.000000 0.000000 0.000000 0.000000 0.000000 0.000000 0.000000 0.000000 0.000000 0.000000 0.000000 0.000000 0.000000 0.000000 0.000000 0.000000 0.000000 0.000000 0.000000 0.000000 0.000000 0.000000 0.000000 0.000000 0.000000 0.000000 0.000000 0.000000 0.000000 0.000000 0.000000 0.000000 0.000000 0.000000 0.000000 0.000000 0.000000 0.000000 0.000000 0.000000 0.000000 0.000000 0.000000 0.000000 0.000000 0.000000 0.000000 0.000000 0.000000 0.000000 0.000000 0.000000 0.000000 0.000000 0.000000 0.000000 0.000000 0.000000 0.000000 0.000000 0.000000 0.000000 0.000000 0.000000 0.000000 0.000000 0.000000 0.000000 0.000000 
0.000000 0.000000 0.000000 0.000000 0.000000 0.000000 0.000000 0.000000 0.000000 0.000000 0.000000 0.000000 0.000001 0.000001 0.000001 0.000002 0.000002 0.000003 0.000005 0.000006 0.000008 0.000011 0.000015 0.000020 0.000026 0.000034 0.000043 0.000054 0.000068 0.000085 0.000104 0.000126 0.000152 0.000182 0.000214 0.000250 0.000290 0.000332 0.000376 0.000423 0.000470 0.000517 0.000563 0.000607 0.000648 0.000685 0.000717 0.000742 0.000761 0.000773 0.000777 0.000773 0.000761 0.000742 0.000717 0.000685 0.000648 0.000607 0.000563 0.000517 0.000470 0.000423 0.000376 0.000332 0.000290 0.000250 0.000214 0.000182 0.000152 0.000126 0.000104 0.000085 0.000068 0.000054 0.000043 0.000034 0.000026 0.000020 0.000015 0.000011 0.000008 0.000006 0.000005 0.000003 0.000002 0.000002 0.000001 0.000001 0.000001 0.000000 0.000000 0.000000 0.000000 0.000000 0.000000 0.000000 0.000000 0.000000 0.000000 0.000000 
0.000000 0.000000 0.000000 0.000000 0.000000 0.000000 0.000000 0.000000 0.000000 0.000000 0.000001 0.000001 0.000001 0.000002 0.000003 0.000004 0.000005 0.000007 0.000010 0.000014 0.000019 0.000025 0.000034 0.000044 0.000058 0.000074 0.000095 0.000120 0.000151 0.000187 0.000230 0.000279 0.000337 0.000401 0.000474 0.000553 0.000640 0.000733 0.000831 0.000933 0.001037 0.001141 0.001243 0.001341 0.001431 0.001513 0.001583 0.001639 0.001681 0.001707 0.001715 0.001707 0.001681 0.001639 0.001583 0.001513 0.001431 0.001341 0.001243 0.001141 0.001037 0.000933 0.000831 0.000733 0.000640 0.000553 0.000474 0.000401 0.000337 0.000279 0.000230 0.000187 0.000151 0.000120 0.000095 0.000074 0.000058 0.000044 0.000034 0.000025 0.000019 0.000014 0.000010 0.000007 0.000005 0.000004 0.000003 0.000002 0.000001 0.000001 0.000001 0.000000 0.000000 0.000000 0.000000 0.000000 0.000000 0.000000 0.000000 0.000000 
0.000000 0.000000 0.000000 0.000000 0.000000 0.000000 0.000000 0.000000 0.000000 0.000001 0.000001 0.000001 0.000002 0.000003 0.000005 0.000006 0.000009 0.000013 0.000018 0.000024 0.000033 0.000044 0.000059 0.000078 0.000101 0.000130 0.000167 0.000211 0.000264 0.000328 0.000403 0.000490 0.000590 0.000703 0.000830 0.000970 0.001122 0.001285 0.001457 0.001635 0.001817 0.002000 0.002178 0.002349 0.002507 0.002650 0.002773 0.002872 0.002945 0.002990 0.003005 0.002990 0.002945 0.002872 0.002773 0.002650 0.002507 0.002349 0.002178 0.002000 0.001817 0.001635 0.001457 0.001285 0.001122 0.000970 0.000830 0.000703 0.000590 0.000490 0.000403 0.000328 0.000264 0.000211 0.000167 0.000130 0.000101 0.000078 0.000059 0.000044 0.000033 0.000024 0.000018 0.000013 0.000009 0.000006 0.000005 0.000003 0.000002 0.000001 0.000001 0.000001 0.000000 0.000000 0.000000 0.000000 0.000000 0.000000 0.000000 0.000000 
0.000000 0.000000 0.000000 0.000000 0.000000 0.000000 0.000000 0.000000 0.000001 0.000001 0.000002 0.000002 0.000004 0.000005 0.000007 0.000011 0.000015 0.000021 0.000029 0.000040 0.000054 0.000072 0.000096 0.000126 0.000165 0.000213 0.000272 0.000344 0.000431 0.000535 0.000657 0.000799 0.000961 0.001146 0.001352 0.001580 0.001827 0.002093 0.002373 0.002663 0.002959 0.003256 0.003546 0.003823 0.004081 0.004313 0.004513 0.004675 0.004794 0.004866 0.004891 0.004866 0.004794 0.004675 0.004513 0.004313 0.004081 0.003823 0.003546 0.003256 0.002959 0.002663 0.002373 0.002093 0.001827 0.001580 0.001352 0.001146 0.000961 0.000799 0.000657 0.000535 0.000431 0.000344 0.000272 0.000213 0.000165 0.000126 0.000096 0.000072 0.000054 0.000040 0.000029 0.000021 0.000015 0.000011 0.000007 0.000005 0.000004 0.000002 0.000002 0.000001 0.000001 0.000000 0.000000 0.000000 0.000000 0.000000 0.000000 0.000000 
0.000000 0.000000 0.000000 0.000000 0.000000 0.000000 0.000000 0.000001 0.000001 0.000002 0.000003 0.000004 0.000006 0.000008 0.000012 0.000017 0.000024 0.000033 0.000046 0.000063 0.000085 0.000114 0.000152 0.000200 0.000261 0.000336 0.000430 0.000544 0.000681 0.000845 0.001037 0.001261 0.001518 0.001809 0.002135 0.002494 0.002884 0.003302 0.003744 0.004202 0.004669 0.005136 0.005593 0.006031 0.006437 0.006803 0.007117 0.007372 0.007560 0.007674 0.007713 0.007674 0.007560 0.007372 0.007117 0.006803 0.006437 0.006031 0.005593 0.005136 0.004669 0.004202 0.003744 0.003302 0.002884 0.002494 0.002135 0.001809 0.001518 0.001261 0.001037 0.000845 0.000681 0.000544 0.000430 0.000336 0.000261 0.000200 0.000152 0.000114 0.000085 0.000063 0.000046 0.000033 0.000024 0.000017 0.000012 0.000008 0.000006 0.000004 0.000003 0.000002 0.000001 0.000001 0.000000 0.000000 0.000000 0.000000 0.000000 0.000000 
0.000000 0.000000 0.000000 0.000000 0.000000 0.000000 0.000001 0.000001 0.000002 0.000003 0.000004 0.000006 0.000009 0.000013 0.000018 0.000026 0.000037 0.000052 0.000071 0.000098 0.000132 0.000178 0.000236 0.000311 0.000405 0.000523 0.000668 0.000844 0.001058 0.001311 0.001610 0.001957 0.002355 0.002807 0.003311 0.003867 0.004472 0.005120 0.005804 0.006513 0.007237 0.007960 0.008669 0.009346 0.009976 0.010542 0.011029 0.011423 0.011713 0.011891 0.011951 0.011891 0.011713 0.011423 0.011029 0.010542 0.009976 0.009346 0.008669 0.007960 0.007237 0.006513 0.005804 0.005120 0.004472 0.003867 0.003311 0.002807 0.002355 0.001957 0.001610 0.001311 0.001058 0.000844 0.000668 0.000523 0.000405 0.000311 0.000236 0.000178 0.000132 0.000098 0.000071 0.000052 0.000037 0.000026 0.000018 0.000013 0.000009 0.000006 0.000004 0.000003 0.000002 0.000001 0.000001 0.000000 0.000000 0.000000 0.000000 0.000000 
0.000000 0.000000 0.000000 0.000000 0.000000 0.000001 0.000001 0.000002 0.000003 0.000004 0.000006 0.000009 0.000014 0.000020 0.000028 0.000040 0.000057 0.000079 0.000110 0.000150 0.000203 0.000273 0.000362 0.000477 0.000621 0.000802 0.001024 0.001295 0.001621 0.002010 0.002467 0.002999 0.003609 0.004299 0.005072 0.005923 0.006849 0.007840 0.008886 0.009971 0.011078 0.012184 0.013268 0.014304 0.015267 0.016132 0.016877 0.017480 0.017923 0.018195 0.018287 0.018195 0.017923 0.017480 0.016877 0.016132 0.015267 0.014304 0.013268 0.012184 0.011078 0.009971 0.008886 0.007840 0.006849 0.005923 0.005072 0.004299 0.003609 0.002999 0.002467 0.002010 0.001621 0.001295 0.001024 0.000802 0.000621 0.000477 0.000362 0.000273 0.000203 0.000150 0.000110 0.000079 0.000057 0.000040 0.000028 0.000020 0.000014 0.000009 0.000006 0.000004 0.000003 0.000002 0.000001 0.000001 0.000000 0.000000 0.000000 0.000000 
0.000000 0.000000 0.000000 0.000000 0.000001 0.000001 0.000002 0.000003 0.000004 0.000006 0.000010 0.000014 0.000021 0.000030 0.000043 0.000061 0.000086 0.000121 0.000167 0.000228 0.000309 0.000414 0.000550 0.000724 0.000943 0.001217 0.001554 0.001964 0.002459 0.003048 0.003741 0.004547 0.005470 0.006516 0.007686 0.008975 0.010376 0.011877 0.013460 0.015103 0.016777 0.018452 0.020091 0.021659 0.023116 0.024425 0.025552 0.026464 0.027135 0.027546 0.027684 0.027546 0.027135 0.026464 0.025552 0.024425 0.023116 0.021659 0.020091 0.018452 0.016777 0.015103 0.013460 0.011877 0.010376 0.008975 0.007686 0.006516 0.005470 0.004547 0.003741 0.003048 0.002459 0.001964 0.001554 0.001217 0.000943 0.000724 0.000550 0.000414 0.000309 0.000228 0.000167 0.000121 0.000086 0.000061 0.000043 0.000030 0.000021 0.000014 0.000010 0.000006 0.000004 0.000003 0.000002 0.000001 0.000001 0.000000 0.000000 0.000000 
0.000000 0.000000 0.000000 0.000001 0.000001 0.000002 0.000003 0.000004 0.000006 0.000010 0.000014 0.000021 0.000031 0.000045 0.000065 0.000092 0.000130 0.000181 0.000251 0.000343 0.000465 0.000623 0.000828 0.001089 0.001418 0.001828 0.002334 0.002950 0.003693 0.004577 0.005617 0.006824 0.008210 0.009778 0.011532 0.013464 0.015565 0.017815 0.020187 0.022648 0.025157 0.027666 0.030122 0.032470 0.034653 0.036614 0.038301 0.039667 0.040673 0.041288 0.041495 0.041288 0.040673 0.039667 0.038301 0.036614 0.034653 0.032470 0.030122 0.027666 0.025157 0.022648 0.020187 0.017815 0.015565 0.013464 0.011532 0.009778 0.008210 0.006824 0.005617 0.004577 0.003693 0.002950 0.002334 0.001828 0.001418 0.001089 0.000828 0.000623 0.000465 0.000343 0.000251 0.000181 0.000130 0.000092 0.000065 0.000045 0.000031 0.000021 0.000014 0.000010 0.000006 0.000004 0.000003 0.000002 0.000001 0.000001 0.000000 0.000000 
0.000000 0.000000 0.000001 0.000001 0.000002 0.000003 0.000004 0.000006 0.000010 0.000014 0.000021 0.000032 0.000046 0.000067 0.000097 0.000138 0.000194 0.000270 0.000374 0.000511 0.000692 0.000928 0.001232 0.001620 0.002110 0.002720 0.003472 0.004388 0.005492 0.006806 0.008350 0.010144 0.012202 0.014531 0.017134 0.020003 0.023122 0.026461 0.029982 0.033634 0.037357 0.041079 0.044724 0.048207 0.051446 0.054355 0.056858 0.058884 0.060375 0.061288 0.061595 0.061288 0.060375 0.058884 0.056858 0.054355 0.051446 0.048207 0.044724 0.041079 0.037357 0.033634 0.029982 0.026461 0.023122 0.020003 0.017134 0.014531 0.012202 0.010144 0.008350 0.006806 0.005492 0.004388 0.003472 0.002720 0.002110 0.001620 0.001232 0.000928 0.000692 0.000511 0.000374 0.000270 0.000194 0.000138 0.000097 0.000067 0.000046 0.000032 0.000021 0.000014 0.000010 0.000006 0.000004 0.000003 0.000002 0.000001 0.000000 0.000000 
0.000000 0.000000 0.000001 0.000001 0.000002 0.000004 0.000006 0.000009 0.000014 0.000021 0.000032 0.000047 0.000069 0.000100 0.000143 0.000203 0.000286 0.000399 0.000551 0.000754 0.001021 0.001368 0.001817 0.002389 0.003109 0.004008 0.005115 0.006464 0.008089 0.010022 0.012295 0.014934 0.017960 0.021386 0.025214 0.029433 0.034018 0.038927 0.044102 0.049471 0.054942 0.060412 0.065768 0.070886 0.075644 0.079919 0.083596 0.086573 0.088764 0.090105 0.090556 0.090105 0.088764 0.086573 0.083596 0.079919 0.075644 0.070886 0.065768 0.060412 0.054942 0.049471 0.044102 0.038927 0.034018 0.029433 0.025214 0.021386 0.017960 0.014934 0.012295 0.010022 0.008089 0.006464 0.005115 0.004008 0.003109 0.002389 0.001817 0.001368 0.001021 0.000754 0.000551 0.000399 0.000286 0.000203 0.000143 0.000100 0.000069 0.000047 0.000032 0.000021 0.000014 0.000009 0.000006 0.000004 0.000002 0.000001 0.000001 0.000000 
0.000000 0.000001 0.000001 0.000002 0.000004 0.000006 0.000009 0.000014 0.000021 0.000031 0.000046 0.000069 0.000101 0.000146 0.000209 0.000297 0.000419 0.000584 0.000806 0.001101 0.001491 0.001999 0.002653 0.003487 0.004539 0.005849 0.007464 0.009431 0.011799 0.014617 0.017929 0.021774 0.026183 0.031174 0.036749 0.042893 0.049569 0.056717 0.064252 0.072067 0.080031 0.087994 0.095788 0.103238 0.110162 0.116383 0.121734 0.126065 0.129253 0.131204 0.131861 0.131204 0.129253 0.126065 0.121734 0.116383 0.110162 0.103238 0.095788 0.087994 0.080031 0.072067 0.064252 0.056717 0.049569 0.042893 0.036749 0.031174 0.026183 0.021774 0.017929 0.014617 0.011799 0.009431 0.007464 0.005849 0.004539 0.003487 0.002653 0.001999 0.001491 0.001101 0.000806 0.000584 0.000419 0.000297 0.000209 0.000146 0.000101 0.000069 0.000046 0.000031 0.000021 0.000014 0.000009 0.000006 0.000003 0.000002 0.000001 0.000000 
0.000000 0.000001 0.000002 0.000003 0.000005 0.000008 0.000013 0.000020 0.000030 0.000045 0.000067 0.000100 0.000146 0.000211 0.000303 0.000431 0.000606 0.000845 0.001166 0.001594 0.002157 0.002891 0.003837 0.005042 0.006561 0.008454 0.010787 0.013627 0.017046 0.021114 0.025894 0.031443 0.037805 0.045006 0.053049 0.061911 0.071539 0.081847 0.092713 0.103982 0.115464 0.126943 0.138179 0.148918 0.158898 0.167865 0.175576 0.181819 0.186413 0.189226 0.190173 0.189226 0.186413 0.181819 0.175576 0.167865 0.158898 0.148918 0.138179 0.126943 0.115464 0.103982 0.092713 0.081847 0.071539 0.061911 0.053049 0.045006 0.037805 0.031443 0.025894 0.021114 0.017046 0.013627 0.010787 0.008454 0.006561 0.005042 0.003837 0.002891 0.002157 0.001594 0.001166 0.000845 0.000606 0.000431 0.000303 0.000211 0.000146 0.000100 0.000067 0.000045 0.000030 0.000020 0.000013 0.000008 0.000005 0.000003 0.000001 0.000000 
0.000000 0.000001 0.000003 0.000005 0.000007 0.000012 0.000018 0.000028 0.000043 0.000065 0.000097 0.000143 0.000209 0.000303 0.000435 0.000618 0.000869 0.001211 0.001672 0.002284 0.003091 0.004142 0.005496 0.007221 0.009394 0.012103 0.015439 0.019501 0.024390 0.030205 0.037038 0.044970 0.054062 0.064352 0.075843 0.088504 0.102258 0.116981 0.132500 0.148592 0.164989 0.181380 0.197423 0.212754 0.227003 0.239803 0.250812 0.259724 0.266282 0.270297 0.271648 0.270297 0.266282 0.259724 0.250812 0.239803 0.227003 0.212754 0.197423 0.181380 0.164989 0.148592 0.132500 0.116981 0.102258 0.088504 0.075843 0.064352 0.054062 0.044970 0.037038 0.030205 0.024390 0.019501 0.015439 0.012103 0.009394 0.007221 0.005496 0.004142 0.003091 0.002284 0.001672 0.001211 0.000869 0.000618 0.000435 0.000303 0.000209 0.000143 0.000097 0.000065 0.000043 0.000028 0.000018 0.000012 0.000007 0.000004 0.000002 0.000000 
0.000000 0.000002 0.000004 0.000006 0.000011 0.000017 0.000026 0.000040 0.000061 0.000092 0.000138 0.000203 0.000297 0.000431 0.000618 0.000878 0.001235 0.001720 0.002373 0.003242 0.004386 0.005876 0.007796 0.010241 0.013321 0.017158 0.021884 0.027638 0.034562 0.042796 0.052471 0.063699 0.076568 0.091131 0.107393 0.125307 0.144766 0.165595 0.187547 0.210308 0.233498 0.256678 0.279366 0.301046 0.321193 0.339293 0.354858 0.367457 0.376730 0.382406 0.384317 0.382406 0.376730 0.367457 0.354858 0.339293 0.321193 0.301046 0.279366 0.256678 0.233498 0.210308 0.187547 0.165595 0.144766 0.125307 0.107393 0.091131 0.076568 0.063699 0.052471 0.042796 0.034562 0.027638 0.021884 0.017158 0.013321 0.010241 0.007796 0.005876 0.004386 0.003242 0.002373 0.001720 0.001235 0.000878 0.000618 0.000431 0.000297 0.000203 0.000138 0.000092 0.000061 0.000040 0.000026 0.000017 0.000010 0.000006 0.000003 0.000000 
0.000000 0.000002 0.000005 0.000009 0.000015 0.000024 0.000037 0.000057 0.000086 0.000130 0.000194 0.000286 0.000419 0.000606 0.000869 0.001235 0.001737 0.002419 0.003336 0.004557 0.006164 0.008256 0.010951 0.014383 0.018707 0.024091 0.030722 0.038794 0.048505 0.060053 0.073618 0.089361 0.107402 0.127813 0.150605 0.175710 0.202977 0.232160 0.262915 0.294801 0.327285 0.359754 0.391530 0.421894 0.450110 0.475457 0.497254 0.514897 0.527882 0.535830 0.538506 0.535830 0.527882 0.514897 0.497254 0.475457 0.450110 0.421894 0.391530 0.359754 0.327285 0.294801 0.262915 0.232160 0.202977 0.175710 0.150605 0.127813 0.107402 0.089361 0.073618 0.060053 0.048505 0.038794 0.030722 0.024091 0.018707 0.014383 0.010951 0.008256 0.006164 0.004557 0.003336 0.002419 0.001737 0.001235 0.000869 0.000606 0.000419 0.000286 0.000194 0.000130 0.000086 0.000057 0.000037 0.000023 0.000014 0.000008 0.000004 0.000000 
0.000000 0.000003 0.000007 0.000013 0.000021 0.000033 0.000052 0.000079 0.000121 0.000181 0.000270 0.000399 0.000584 0.000845 0.001211 0.001720 0.002419 0.003368 0.004645 0.006344 0.008579 0.011489 0.015235 0.020007 0.026016 0.033499 0.042713 0.053927 0.067417 0.083455 0.102294 0.124153 0.149201 0.177537 0.209173 0.244018 0.281859 0.322355 0.365030 0.409271 0.454338 0.499381 0.543460 0.585579 0.624717 0.659873 0.690105 0.714575 0.732584 0.743606 0.747317 0.743606 0.732584 0.714575 0.690105 0.659873 0.624717 0.585579 0.543460 0.499381 0.454338 0.409271 0.365030 0.322355 0.281859 0.244018 0.209173 0.177537 0.149201 0.124153 0.102294 0.083455 0.067417 0.053927 0.042713 0.033499 0.026016 0.020007 0.015235 0.011489 0.008579 0.006344 0.004645 0.003368 0.002419 0.001720 0.001211 0.000845 0.000584 0.000399 0.000270 0.000181 0.000120 0.000079 0.000051 0.000033 0.000020 0.000012 0.000005 0.000000 
0.000000 0.000005 0.000010 0.000018 0.000029 0.000046 0.000071 0.000110 0.000167 0.000251 0.000374 0.000551 0.000806 0.001166 0.001672 0.002373 0.003336 0.004645 0.006405 0.008745 0.011824 0.015831 0.020990 0.027560 0.035831 0.046131 0.058810 0.074239 0.092798 0.114860 0.140770 0.170830 0.205271 0.244230 0.287721 0.335618 0.387630 0.443286 0.501932 0.562724 0.624649 0.686536 0.747097 0.804960 0.858726 0.907020 0.948549 0.982162 1.006899 1.022039 1.027137 1.022039 1.006899 0.982162 0.948549 0.907020 0.858726 0.804960 0.747097 0.686536 0.624649 0.562724 0.501932 0.443286 0.387630 0.335618 0.287721 0.244230 0.205271 0.170830 0.140770 0.114860 0.092798 0.074239 0.058810 0.046131 0.035831 0.027560 0.020990 0.015831 0.011824 0.008745 0.006405 0.004645 0.003336 0.002373 0.001672 0.001166 0.000806 0.000551 0.000373 0.000251 0.000166 0.000109 0.000071 0.000045 0.000028 0.000016 0.000007 0.000000 
0.000000 0.000006 0.000014 0.000024 0.000040 0.000063 0.000098 0.000150 0.000228 0.000343 0.000511 0.000754 0.001101 0.001594 0.002284 0.003242 0.004557 0.006344 0.008745 0.011937 0.016138 0.021604 0.028639 0.037596 0.048873 0.062911 0.080190 0.101215 0.126501 0.156555 0.191847 0.232788 0.279689 0.332737 0.391950 0.457156 0.527957 0.603713 0.683531 0.766266 0.850536 0.934750 1.017154 1.095884 1.169037 1.234742 1.291241 1.336970 1.370622 1.391220 1.398154 1.391220 1.370622 1.336970 1.291241 1.234742 1.169037 1.095884 1.017154 0.934750 0.850536 0.766266 0.683531 0.603713 0.527957 0.457156 0.391950 0.332737 0.279689 0.232788 0.191847 0.156555 0.126501 0.101215 0.080190 0.062911 0.048873 0.037596 0.028639 0.021604 0.016138 0.011937 0.008745 0.006344 0.004557 0.003242 0.002284 0.001594 0.001101 0.000754 0.000511 0.000343 0.000228 0.000150 0.000097 0.000062 0.000038 0.000022 0.000010 0.000000 
0.000000 0.000008 0.000019 0.000033 0.000054 0.000085 0.000132 0.000203 0.000309 0.000465 0.000692 0.001021 0.001491 0.002157 0.003091 0.004386 0.006164 0.008579 0.011824 0.016138 0.021812 0.029195 0.038696 0.050791 0.066015 0.084965 0.108286 0.136658 0.170777 0.211323 0.258931 0.314152 0.377406 0.448941 0.528785 0.616699 0.712149 0.814271 0.921861 1.033374 1.146949 1.260443 1.371491 1.477583 1.576155 1.664689 1.740817 1.802430 1.847772 1.875523 1.884866 1.875523 1.847772 1.802430 1.740817 1.664689 1.576155 1.477583 1.371491 1.260443 1.146949 1.033374 0.921861 0.814271 0.712149 0.616699 0.528785 0.448941 0.377406 0.314152 0.258931 0.211323 0.170777 0.136658 0.108286 0.084965 0.066015 0.050791 0.038696 0.029195 0.021812 0.016138 0.011824 0.008579 0.006164 0.004386 0.003091 0.002157 0.001491 0.001021 0.000692 0.000464 0.000309 0.000203 0.000132 0.000084 0.000052 0.000030 0.000013 0.000000 
0.000000 0.000011 0.000025 0.000044 0.000072 0.000114 0.000178 0.000273 0.000414 0.000623 0.000928 0.001368 0.001999 0.002891 0.004142 0.005876 0.008256 0.011489 0.015831 0.021604 0.029195 0.039070 0.051778 0.067950 0.088304 0.113636 0.144807 0.182725 0.228316 0.282489 0.346091 0.419854 0.504339 0.599875 0.706496 0.823885 0.951325 1.087663 1.231290 1.380145 1.531742 1.683222 1.831430 1.973019 2.104566 2.222712 2.324300 2.406517 2.467021 2.504052 2.516518 2.504052 2.467021 2.406517 2.324300 2.222712 2.104566 1.973019 1.831430 1.683222 1.531742 1.380145 1.231290 1.087663 0.951325 0.823885 0.706496 0.599875 0.504339 0.419854 0.346091 0.282489 0.228316 0.182725 0.144807 0.113636 0.088304 0.067950 0.051778 0.039070 0.029195 0.021604 0.015831 0.011489 0.008256 0.005876 0.004142 0.002891 0.001999 0.001368 0.000928 0.000623 0.000414 0.000272 0.000177 0.000113 0.000070 0.000040 0.000018 0.000000 
0.000000 0.000015 0.000034 0.000059 0.000096 0.000152 0.000236 0.000362 0.000550 0.000828 0.001232 0.001817 0.002653 0.003837 0.005496 0.007796 0.010951 0.015235 0.020990 0.028639 0.038696 0.051778 0.068608 0.090023 0.116973 0.150508 0.191768 0.241952 0.302284 0.373963 0.458109 0.555689 0.667441 0.793798 0.934803 1.090036 1.258545 1.438806 1.628691 1.825476 2.025874 2.226106 2.422004 2.609144 2.783005 2.939149 3.073407 3.182062 3.262020 3.310957 3.327432 3.310957 3.262020 3.182062 3.073407 2.939149 2.783005 2.609144 2.422004 2.226106 2.025874 1.825476 1.628691 1.438806 1.258545 1.090036 0.934803 0.793798 0.667441 0.555689 0.458109 0.373963 0.302284 0.241952 0.191768 0.150508 0.116973 0.090023 0.068608 0.051778 0.038696 0.028639 0.020990 0.015235 0.010951 0.007796 0.005496 0.003837 0.002653 0.001817 0.001232 0.000827 0.000550 0.000362 0.000235 0.000150 0.000092 0.000053 0.000024 0.000000 
0.000000 0.000020 0.000044 0.000078 0.000126 0.000200 0.000311 0.000477 0.000724 0.001089 0.001620 0.002389 0.003487 0.005042 0.007221 0.010241 0.014383 0.020007 0.027560 0.037596 0.050791 0.067950 0.090023 0.118107 0.153442 0.197407 0.251492 0.317266 0.396331 0.490257 0.600506 0.728342 0.874731 1.040237 1.224912 1.428204 1.648867 1.884900 2.133519 2.391155 2.653506 2.915627 3.172062 3.417022 3.644592 3.848966 4.024689 4.166898 4.271547 4.335595 4.357157 4.335595 4.271547 4.166898 4.024689 3.848966 3.644592 3.417022 3.172062 2.915627 2.653506 2.391155 2.133519 1.884900 1.648867 1.428204 1.224912 1.040237 0.874731 0.728342 0.600506 0.490257 0.396331 0.317266 0.251492 0.197407 0.153442 0.118107 0.090023 0.067950 0.050791 0.037596 0.027560 0.020007 0.014383 0.010241 0.007221 0.005042 0.003487 0.002388 0.001620 0.001088 0.000724 0.000476 0.000309 0.000197 0.000122 0.000070 0.000032 0.000000 
0.000000 0.000026 0.000058 0.000101 0.000165 0.000261 0.000405 0.000621 0.000943 0.001418 0.002110 0.003109 0.004539 0.006561 0.009394 0.013321 0.018707 0.026016 0.035831 0.048873 0.066015 0.088304 0.116973 0.153442 0.199324 0.256402 0.326609 0.411980 0.514591 0.636474 0.779524 0.945377 1.135283 1.349968 1.589498 1.853154 2.139316 2.445391 2.767764 3.101809 3.441949 3.781773 4.114211 4.431760 4.726755 4.991674 5.219449 5.403778 5.539420 5.622436 5.650384 5.622436 5.539420 5.403778 5.219449 4.991674 4.726755 4.431760 4.114211 3.781773 3.441949 3.101809 2.767764 2.445391 2.139316 1.853154 1.589498 1.349968 1.135283 0.945377 0.779524 0.636474 0.514591 0.411980 0.326609 0.256402 0.199324 0.153442 0.116973 0.088304 0.066015 0.048873 0.035831 0.026016 0.018707 0.013321 0.009394 0.006561 0.004539 0.003109 0.002109 0.001417 0.000942 0.000620 0.000403 0.000257 0.000159 0.000091 0.000041 0.000000 
0.000000 0.000034 0.000074 0.000130 0.000213 0.000336 0.000523 0.000802 0.001217 0.001828 0.002720 0.004008 0.005849 0.008454 0.012103 0.017158 0.024091 0.033499 0.046131 0.062911 0.084965 0.113636 0.150508 0.197407 0.256402 0.329784 0.420035 0.529767 0.661642 0.818270 1.002080 1.215169 1.459139 1.734919 2.042590 2.381222 2.748736 3.141794 3.555757 3.984684 4.421414 4.857717 5.284517 5.692187 6.070890 6.410972 6.703363 6.939981 7.114096 7.220658 7.256533 7.220658 7.114096 6.939981 6.703363 6.410972 6.070890 5.692187 5.284517 4.857717 4.421414 3.984684 3.555757 3.141794 2.748736 2.381222 2.042590 1.734919 1.459139 1.215169 1.002080 0.818270 0.661642 0.529767 0.420035 0.329784 0.256402 0.197407 0.150508 0.113636 0.084965 0.062911 0.046131 0.033499 0.024091 0.017158 0.012103 0.008454 0.005849 0.004008 0.002719 0.001827 0.001216 0.000800 0.000520 0.000332 0.000205 0.000118 0.000053 0.000000 
0.000000 0.000043 0.000095 0.000167 0.000272 0.000430 0.000668 0.001024 0.001554 0.002334 0.003472 0.005115 0.007464 0.010787 0.015439 0.021884 0.030722 0.042713 0.058810 0.080190 0.108286 0.144807 0.191768 0.251492 0.326609 0.420035 0.534924 0.674596 0.842435 1.041758 1.275649 1.546771 1.857157 2.207983 2.599347 3.030063 3.497481 3.997356 4.523784 5.069210 5.624531 6.179283 6.721929 7.240233 7.721694 8.154042 8.525752 8.826552 9.047894 9.183358 9.228963 9.183358 9.047894 8.826552 8.525752 8.154042 7.721694 7.240233 6.721929 6.179283 5.624531 5.069210 4.523784 3.997356 3.497481 3.030063 2.599347 2.207983 1.857157 1.546771 1.275649 1.041758 0.842435 0.674596 0.534924 0.420035 0.326609 0.251492 0.191768 0.144807 0.108286 0.080190 0.058810 0.042713 0.030722 0.021884 0.015439 0.010787 0.007464 0.005115 0.003471 0.002333 0.001552 0.001022 0.000664 0.000424 0.000262 0.000150 0.000068 0.000000 
0.000000 0.000054 0.000120 0.000211 0.000344 0.000544 0.000844 0.001295 0.001964 0.002950 0.004388 0.006464 0.009431 0.013627 0.019501 0.027638 0.038794 0.053927 0.074239 0.101215 0.136658 0.182725 0.241952 0.317266 0.411980 0.529767 0.674596 0.850648 1.062182 1.313371 1.608096 1.949707 2.340755 2.782717 3.275710 3.818236 4.406951 5.036507 5.699466 6.386314 7.085588 7.784113 8.467369 9.119951 9.726126 10.270451 10.738423 11.117115 11.395769 11.566307 11.623720 11.566307 11.395769 11.117115 10.738423 10.270451 9.726126 9.119951 8.467369 7.784113 7.085588 6.386314 5.699466 5.036507 4.406951 3.818236 3.275710 2.782717 2.340755 1.949707 1.608096 1.313371 1.062182 0.850648 0.674596 0.529767 0.411980 0.317266 0.241952 0.182725 0.136658 0.101215 0.074239 0.053927 0.038794 0.027638 0.019501 0.013627 0.009431 0.006464 0.004388 0.002949 0.001963 0.001292 0.000840 0.000536 0.000331 0.000190 0.000086 0.000000 
0.000000 0.000068 0.000151 0.000264 0.000431 0.000681 0.001058 0.001621 0.002459 0.003693 0.005492 0.008089 0.011799 0.017046 0.024390 0.034562 0.048505 0.067417 0.092798 0.126501 0.170777 0.228316 0.302284 0.396331 0.514591 0.661642 0.842435 1.062182 1.326191 1.639664 2.007435 2.433674 2.921559 3.472923 4.087907 4.764633 5.498926 6.284113 7.110914 7.967464 8.839468 9.710502 10.562463 11.376147 12.131946 12.810612 13.394067 13.866201 14.213610 14.426224 14.497801 14.426224 14.213610 13.866201 13.394067 12.810612 12.131946 11.376147 10.562463 9.710502 8.839468 7.967464 7.110914 6.284113 5.498926 4.764633 4.087907 3.472923 2.921559 2.433674 2.007435 1.639664 1.326191 1.062182 0.842435 0.661642 0.514591 0.396331 0.302284 0.228316 0.170777 0.126501 0.092798 0.067417 0.048505 0.034562 0.024390 0.017046 0.011799 0.008089 0.005491 0.003692 0.002457 0.001618 0.001052 0.000671 0.000415 0.000238 0.000108 0.000000 
0.000000 0.000085 0.000187 0.000328 0.000535 0.000845 0.001311 0.002010 0.003048 0.004577 0.006806 0.010022 0.014617 0.021114 0.030205 0.042796 0.060053 0.083455 0.114860 0.156555 0.211323 0.282489 0.373963 0.490257 0.636474 0.818270 1.041758 1.313371 1.639664 2.027054 2.481507 3.008166 3.610948 4.292108 5.051811 5.887732 6.794706 7.764486 8.785610 9.843422 10.920271 11.995878 13.047894 14.052612 14.985828 15.823784 16.544167 17.127095 17.556023 17.818525 17.906897 17.818525 17.556023 17.127095 16.544167 15.823784 14.985828 14.052612 13.047894 11.995878 10.920271 9.843422 8.785610 7.764486 6.794706 5.887732 5.051811 4.292108 3.610948 3.008166 2.481507 2.027054 1.639664 1.313371 1.041758 0.818270 0.636474 0.490257 0.373963 0.282489 0.211323 0.156555 0.114860 0.083455 0.060053 0.042796 0.030205 0.021113 0.014616 0.010022 0.006805 0.004576 0.003046 0.002006 0.001304 0.000833 0.000515 0.000295 0.000134 0.000000 
0.000000 0.000104 0.000230 0.000403 0.000657 0.001037 0.001610 0.002467 0.003741 0.005617 0.008350 0.012295 0.017929 0.025894 0.037038 0.052471 0.073618 0.102294 0.140770 0.191847 0.258931 0.346091 0.458109 0.600506 0.779524 1.002080 1.275649 1.608096 2.007435 2.481507 3.037602 3.682003 4.419491 5.252813 6.182163 7.204685 8.314058 9.500188 10.749052 12.042727 13.359626 14.674955 15.961390 17.189950 18.331045 19.355637 20.236453 20.949190 21.473627 21.794579 21.902627 21.794579 21.473627 20.949190 20.236453 19.355637 18.331045 17.189950 15.961390 14.674955 13.359626 12.042727 10.749052 9.500188 8.314058 7.204685 6.182163 5.252813 4.419491 3.682003 3.037602 2.481507 2.007435 1.608096 1.275649 1.002080 0.779524 0.600506 0.458109 0.346091 0.258931 0.191847 0.140770 0.102294 0.073618 0.052471 0.037038 0.025893 0.017928 0.012294 0.008349 0.005615 0.003738 0.002462 0.001601 0.001023 0.000632 0.000363 0.000165 0.000000 
0.000000 0.000126 0.000279 0.000490 0.000799 0.001261 0.001957 0.002999 0.004547 0.006824 0.010144 0.014934 0.021774 0.031443 0.044970 0.063699 0.089361 0.124153 0.170830 0.232788 0.314152 0.419854 0.555689 0.728342 0.945377 1.215169 1.546771 1.949707 2.433674 3.008166 3.682003 4.462786 5.356292 6.365840 7.491652 8.730259 10.073996 11.510630 13.023174 14.589920 16.184728 17.777576 19.335380 20.823056 22.204786 23.445415 24.511933 25.374924 26.009911 26.398516 26.529339 26.398516 26.009911 25.374924 24.511933 23.445415 22.204786 20.823056 19.335380 17.777576 16.184728 14.589920 13.023174 11.510630 10.073996 8.730259 7.491652 6.365840 5.356292 4.462786 3.682003 3.008166 2.433674 1.949707 1.546771 1.215169 0.945377 0.728342 0.555689 0.419854 0.314152 0.232788 0.170830 0.124153 0.089361 0.063699 0.044970 0.031443 0.021774 0.014933 0.010143 0.006822 0.004543 0.002992 0.001946 0.001243 0.000769 0.000441 0.000200 0.000000 
0.000000 0.000152 0.000337 0.000590 0.000961 0.001518 0.002355 0.003609 0.005470 0.008210 0.012202 0.017960 0.026183 0.037805 0.054062 0.076568 0.107402 0.149201 0.205271 0.279689 0.377406 0.504339 0.667441 0.874731 1.135283 1.459139 1.857157 2.340755 2.921559 3.610948 4.419491 5.356292 6.428270 7.639392 8.989911 10.475654 12.087419 13.810525 15.624595 17.503593 19.416171 21.326331 23.194406 24.978337 26.635180 28.122798 29.401620 30.436385 31.197756 31.663703 31.820562 31.663703 31.197756 30.436385 29.401620 28.122798 26.635180 24.978337 23.194406 21.326331 19.416171 17.503593 15.624595 13.810525 12.087419 10.475654 8.989911 7.639392 6.428270 5.356292 4.419491 3.610948 2.921559 2.340755 1.857157 1.459139 1.135283 0.874731 0.667441 0.504339 0.377406 0.279689 0.205271 0.149201 0.107401 0.076568 0.054062 0.037805 0.026183 0.017959 0.012200 0.008207 0.005466 0.003601 0.002342 0.001496 0.000925 0.000531 0.000241 0.000000 
0.000000 0.000182 0.000401 0.000703 0.001146 0.001809 0.002807 0.004299 0.006516 0.009778 0.014531 0.021386 0.031174 0.045006 0.064352 0.091131 0.127813 0.177537 0.244230 0.332737 0.448941 0.599875 0.793798 1.040237 1.349968 1.734919 2.207983 2.782717 3.472923 4.292108 5.252813 6.365840 7.639392 9.078165 10.682447 12.447269 14.361687 16.408258 18.562776 20.794317 23.065656 25.334046 27.552393 29.670761 31.638171 33.404599 34.923074 36.151738 37.055769 37.609018 37.795266 37.609018 37.055769 36.151738 34.923074 33.404599 31.638171 29.670761 27.552393 25.334046 23.065656 20.794317 18.562776 16.408258 14.361687 12.447269 10.682447 9.078165 7.639392 6.365840 5.252813 4.292108 3.472923 2.782717 2.207983 1.734919 1.349968 1.040237 0.793798 0.599875 0.448941 0.332737 0.244230 0.177537 0.127813 0.091131 0.064352 0.045005 0.031173 0.021385 0.014529 0.009775 0.006511 0.004290 0.002791 0.001783 0.001103 0.000633 0.000288 0.000000 
0.000000 0.000214 0.000474 0.000830 0.001352 0.002135 0.003311 0.005072 0.007686 0.011532 0.017134 0.025214 0.036749 0.053049 0.075843 0.107393 0.150605 0.209173 0.287721 0.391950 0.528785 0.706496 0.934803 1.224912 1.589498 2.042590 2.599347 3.275710 4.087907 5.051811 6.182163 7.491652 8.989911 10.682447 12.569583 14.645459 16.897192 19.304257 21.838179 24.462589 27.133709 29.801279 32.409926 34.900940 37.214389 39.291468 41.076958 42.521659 43.584636 44.235152 44.454145 44.235152 43.584636 42.521659 41.076958 39.291468 37.214389 34.900940 32.409926 29.801279 27.133709 24.462589 21.838179 19.304257 16.897192 14.645459 12.569583 10.682447 8.989911 7.491652 6.182163 5.051811 4.087907 3.275710 2.599347 2.042590 1.589498 1.224912 0.934803 0.706496 0.528785 0.391950 0.287721 0.209173 0.150605 0.107392 0.075843 0.053048 0.036749 0.025213 0.017132 0.011528 0.007679 0.005061 0.003293 0.002104 0.001302 0.000747 0.000340 0.000000 
0.000000 0.000250 0.000553 0.000970 0.001580 0.002494 0.003867 0.005923 0.008975 0.013464 0.020003 0.029433 0.042893 0.061911 0.088504 0.125307 0.175710 0.244018 0.335618 0.457156 0.616699 0.823885 1.090036 1.428204 1.853154 2.381222 3.030063 3.818236 4.764633 5.887732 7.204685 8.730259 10.475654 12.447269 14.645459 17.063385 19.686027 22.489473 25.440552 28.496908 31.607560 34.713986 37.751713 40.652391 43.346246 45.764822 47.843837 49.526018 50.763718 51.521155 51.776141 51.521155 50.763718 49.526018 47.843837 45.764822 43.346246 40.652391 37.751713 34.713986 31.607560 28.496908 25.440552 22.489473 19.686027 17.063385 14.645459 12.447269 10.475654 8.730259 7.204685 5.887732 4.764633 3.818236 3.030063 2.381222 1.853154 1.428204 1.090036 0.823885 0.616699 0.457156 0.335618 0.244018 0.175710 0.125307 0.088504 0.061911 0.042893 0.029432 0.020001 0.013460 0.008967 0.005910 0.003846 0.002458 0.001521 0.000873 0.000397 0.000000 
0.000000 0.000290 0.000640 0.001122 0.001827 0.002884 0.004472 0.006849 0.010376 0.015565 0.023122 0.034018 0.049569 0.071539 0.102258 0.144766 0.202977 0.281859 0.387630 0.527957 0.712149 0.951325 1.258545 1.648867 2.139316 2.748736 3.497481 4.406951 5.498926 6.794706 8.314058 10.073996 12.087419 14.361687 16.897192 19.686027 22.710858 25.944093 29.347472 32.872146 36.459327 40.041535 43.544435 46.889225 49.995466 52.784240 55.181446 57.121061 58.548161 59.421501 59.715504 59.421501 58.548161 57.121061 55.181446 52.784240 49.995466 46.889225 43.544435 40.041535 36.459327 32.872146 29.347472 25.944093 22.710858 19.686027 16.897192 14.361687 12.087419 10.073996 8.314058 6.794706 5.498926 4.406951 3.497481 2.748736 2.139316 1.648867 1.258545 0.951325 0.712149 0.527957 0.387630 0.281859 0.202977 0.144766 0.102258 0.071539 0.049568 0.034016 0.023119 0.015560 0.010368 0.006834 0.004447 0.002842 0.001759 0.001010 0.000459 0.000000 
0.000000 0.000332 0.000733 0.001285 0.002093 0.003302 0.005120 0.007840 0.011877 0.017815 0.026461 0.038927 0.056717 0.081847 0.116981 0.165595 0.232160 0.322355 0.443286 0.603713 0.814271 1.087663 1.438806 1.884900 2.445391 3.141794 3.997356 5.036507 6.284113 7.764486 9.500188 11.510630 13.810525 16.408258 19.304257 22.489473 25.944093 29.636596 33.523280 37.548360 41.644705 45.735265 49.735170 53.554452 57.101282 60.285565 63.022712 65.237356 66.866799 67.863963 68.199649 67.863963 66.866799 65.237356 63.022712 60.285565 57.101282 53.554452 49.735170 45.735265 41.644705 37.548360 33.523280 29.636596 25.944093 22.489473 19.304257 16.408258 13.810525 11.510630 9.500188 7.764486 6.284113 5.036507 3.997356 3.141794 2.445391 1.884900 1.438806 1.087663 0.814271 0.603713 0.443286 0.322355 0.232160 0.165594 0.116981 0.081847 0.056716 0.038925 0.026457 0.017809 0.011867 0.007823 0.005092 0.003255 0.002014 0.001157 0.000526 0.000000 
0.000000 0.000376 0.000831 0.001457 0.002373 0.003744 0.005804 0.008886 0.013460 0.020187 0.029982 0.044102 0.064252 0.092713 0.132500 0.187547 0.262915 0.365030 0.501932 0.683531 0.921861 1.231290 1.628691 2.133519 2.767764 3.555757 4.523784 5.699466 7.110914 8.785610 10.749052 13.023174 15.624595 18.562776 21.838179 25.440552 29.347472 33.523280 37.918549 42.470193 47.102304 51.727763 56.250614 60.569146 64.579543 68.179958 71.274766 73.778773 75.621104 76.748542 77.128082 76.748542 75.621104 73.778773 71.274766 68.179958 64.579543 60.569146 56.250614 51.727763 47.102304 42.470193 37.918549 33.523280 29.347472 25.440552 21.838179 18.562776 15.624595 13.023174 10.749052 8.785610 7.110914 5.699466 4.523784 3.555757 2.767764 2.133519 1.628691 1.231290 0.921861 0.683531 0.501932 0.365030 0.262915 0.187547 0.132500 0.092713 0.064251 0.044100 0.029978 0.020180 0.013449 0.008867 0.005771 0.003689 0.002283 0.001311 0.000596 0.000000 
0.000000 0.000423 0.000933 0.001635 0.002663 0.004202 0.006513 0.009971 0.015103 0.022648 0.033634 0.049471 0.072067 0.103982 0.148592 0.210308 0.294801 0.409271 0.562724 0.766266 1.033374 1.380145 1.825476 2.391155 3.101809 3.984684 5.069210 6.386314 7.967464 9.843422 12.042727 14.589920 17.503593 20.794317 24.462589 28.496908 32.872146 37.548360 42.470193 47.567001 52.753788 57.933012 62.997245 67.832616 72.322906 76.354101 79.819157 82.622705 84.685412 85.947706 86.372643 85.947706 84.685412 82.622705 79.819157 76.354101 72.322906 67.832616 62.997245 57.933012 52.753788 47.567001 42.470193 37.548360 32.872146 28.496908 24.462589 20.794317 17.503593 14.589920 12.042727 9.843422 7.967464 6.386314 5.069210 3.984684 3.101809 2.391155 1.825476 1.380145 1.033374 0.766266 0.562724 0.409271 0.294801 0.210308 0.148592 0.103981 0.072066 0.049468 0.033630 0.022641 0.015090 0.009950 0.006477 0.004141 0.002563 0.001472 0.000669 0.000000 
0.000000 0.000470 0.001037 0.001817 0.002959 0.004669 0.007237 0.011078 0.016777 0.025157 0.037357 0.054942 0.080031 0.115464 0.164989 0.233498 0.327285 0.454338 0.624649 0.850536 1.146949 1.531742 2.025874 2.653506 3.441949 4.421414 5.624531 7.085588 8.839468 10.920271 13.359626 16.184728 19.416171 23.065656 27.133709 31.607560 36.459327 41.644705 47.102304 52.753788 58.504916 64.247544 69.862569 75.223755 80.202265 84.671710 88.513429 91.621708 93.908606 95.308090 95.779210 95.308090 93.908606 91.621708 88.513429 84.671710 80.202265 75.223755 69.862569 64.247544 58.504916 52.753788 47.102304 41.644705 36.459327 31.607560 27.133709 23.065656 19.416171 16.184728 13.359626 10.920271 8.839468 7.085588 5.624531 4.421414 3.441949 2.653506 2.025874 1.531742 1.146949 0.850536 0.624649 0.454338 0.327285 0.233498 0.164988 0.115463 0.080030 0.054939 0.037352 0.025149 0.016763 0.011053 0.007196 0.004601 0.002848 0.001636 0.000744 0.000000 
0.000000 0.000517 0.001141 0.002000 0.003256 0.005136 0.007960 0.012184 0.018452 0.027666 0.041079 0.060412 0.087994 0.126943 0.181380 0.256678 0.359754 0.499381 0.686536 0.934750 1.260443 1.683222 2.226106 2.915627 3.781773 4.857717 6.179283 7.784113 9.710502 11.995878 14.674955 17.777576 21.326331 25.334046 29.801279 34.713986 40.041535 45.735265 51.727763 57.933012 64.247544 70.552627 76.717510 82.603610 88.069496 92.976428 97.194153 100.606627 103.117321 104.653753 105.170975 104.653753 103.117321 100.606627 97.194153 92.976428 88.069496 82.603610 76.717510 70.552627 64.247544 57.933012 51.727763 45.735265 40.041535 34.713986 29.801279 25.334046 21.326331 17.777576 14.674955 11.995878 9.710502 7.784113 6.179283 4.857717 3.781773 2.915627 2.226106 1.683222 1.260443 0.934750 0.686536 0.499381 0.359754 0.256678 0.181379 0.126942 0.087992 0.060409 0.041074 0.027656 0.018436 0.012157 0.007915 0.005061 0.003133 0.001800 0.000818 0.000000 
0.000000 0.000563 0.001243 0.002178 0.003546 0.005593 0.008669 0.013268 0.020091 0.030122 0.044724 0.065768 0.095788 0.138179 0.197423 0.279366 0.391530 0.543460 0.747097 1.017154 1.371491 1.831430 2.422004 3.172062 4.114211 5.284517 6.721929 8.467369 10.562463 13.047894 15.961390 19.335380 23.194406 27.552393 32.409926 37.751713 43.544435 49.735170 56.250614 62.997245 69.862569 76.717510 83.419925 89.819167 95.761493 101.096091 105.681376 109.391212 112.120673 113.790976 114.353262 113.790976 112.120673 109.391212 105.681376 101.096091 95.761493 89.819167 83.419925 76.717510 69.862569 62.997245 56.250614 49.735170 43.544435 37.751713 32.409926 27.552393 23.194406 19.335380 15.961390 13.047894 10.562463 8.467369 6.721929 5.284517 4.114211 3.172062 2.422004 1.831430 1.371491 1.017154 0.747097 0.543460 0.391530 0.279365 0.197422 0.138178 0.095786 0.065764 0.044718 0.030112 0.020074 0.013239 0.008620 0.005512 0.003412 0.001960 0.000891 0.000000 
