0.000000 0.000000 0.000000 0.000000 0.000000 0.000000 0.000000 0.000000 0.000000 0.000000 0.000000 0.000000 0.000000 0.000000 0.000000 0.000000 0.000000 0.000000 0.000000 0.000000 0.000000 0.000000 0.000000 0.000000 0.000000 0.000000 0.000000 0.000000 0.000000 0.000000 0.000000 0.000000 0.000000 0.000000 0.000000 0.000000 0.000000 0.000000 0.000000 0.000000 0.000000 0.000000 0.000000 0.000000 0.000000 0.000000 0.000000 0.000000 0.000000 0.000000 0.000000 0.000000 0.000000 0.000000 0.000000 0.000000 0.000000 0.000000 0.000000 0.000000 0.000000 0.000000 0.000000 0.000000 0.000000 0.000000 0.000000 0.000000 0.000000 0.000000 0.000000 0.000000 0.000000 0.000000 0.000000 0.000000 0.000000 0.000000 0.000000 0.000000 0.000000 0.000000 0.000000 0.000000 0.000000 0.000000 0.000000 0.000000 0.000000 0.000000 0.000000 0.000000 0.000000 0.000000 0.000000 0.000000 0.000000 0.000000 0.000000 0.000000 
0.000000 0.000000 0.000000 0.000000 0.000000 0.000000 0.000000 0.000000 0.000000 0.000000 0.000000 0.000000 0.000000 0.000000 0.000000 0.000000 0.000000 0.000000 0.000000 0.000000 0.000000 0.000000 0.000000 0.000000 0.000000 0.000000 0.000000 0.000000 0.000000 0.000000 0.000000 0.000000 0.000000 0.000000 0.000001 0.000001 0.000001 0.000001 0.000001 0.000001 0.000002 0.000002 0.000002 0.000003 0.000003 0.000003 0.000003 0.000003 0.000004 0.000004 0.000004 0.000004 0.000004 0.000003 0.000003 0.000003 0.000003 0.000003 0.000002 0.000002 0.000002 0.000001 0.000001 0.000001 0.000001 0.000001 0.000001 0.000000 0.000000 0.000000 0.000000 0.000000 0.000000 0.000000 0.000000 0.000000 0.000000 0.000000 0.000000 0.000000 0.000000 0.000000 0.000000 0.000000 0.000000 0.000000 0.000000 0.000000 0.000000 0.000000 0.000000 0.000000 0.000000 0.000000 0.000000 0.000000 0.000000 0.000000 0.000000 0.000000 
0.000000 0.000000 0.000000 0.000000 0.000000 0.000000 0.000000 0.000000 0.000000 0.000000 0.000000 0.000000 0.000000 0.000000 0.000000 0.000000 0.000000 0.000000 0.000000 0.000000 0.000000 0.000000 0.000000 0.000000 0.000000 0.000000 0.000000 0.000000 0.000000 0.000000 0.000000 0.000001 0.000001 0.000001 0.000001 0.000002 0.000002 0.000002 0.000003 0.000004 0.000004 0.000005 0.000006 0.000006 0.000007 0.000008 0.000008 0.000009 0.000009 0.000009 0.000009 0.000009 0.000009 0.000009 0.000008 0.000008 0.000007 0.000006 0.000006 0.000005 0.000004 0.000004 0.000003 0.000002 0.000002 0.000002 0.000001 0.000001 0.000001 0.000001 0.000000 0.000000 0.000000 0.000000 0.000000 0.000000 0.000000 0.000000 0.000000 0.000000 0.000000 0.000000 0.000000 0.000000 0.000000 0.000000 0.000000 0.000000 0.000000 0.000000 0.000000 0.000000 0.000000 0.000000 0.000000 0.000000 0.000000 0.000000 0.000000 0.000000 
0.000000 0.000000 0.000000 0.000000 0.000000 0.000000 0.000000 0.000000 0.000000 0.000000 0.000000 0.000000 0.000000 0.000000 0.000000 0.000000 0.000000 0.000000 0.000000 0.000000 0.000000 0.000000 0.000000 0.000000 0.000000 0.000000 0.000000 0.000000 0.000000 0.000001 0.000001 0.000001 0.000002 0.000002 0.000003 0.000003 0.000004 0.000005 0.000006 0.000008 0.000009 0.000010 0.000012 0.000013 0.000015 0.000016 0.000017 0.000018 0.000019 0.000019 0.000020 0.000019 0.000019 0.000018 0.000017 0.000016 0.000015 0.000013 0.000012 0.000010 0.000009 0.000008 0.000006 0.000005 0.000004 0.000003 0.000003 0.000002 0.000002 0.000001 0.000001 0.000001 0.000000 0.000000 0.000000 0.000000 0.000000 0.000000 0.000000 0.000000 0.000000 0.000000 0.000000 0.000000 0.000000 0.000000 0.000000 0.000000 0.000000 0.000000 0.000000 0.000000 0.000000 0.000000 0.000000 0.000000 0.000000 0.000000 0.000000 0.000000 
0.000000 0.000000 0.000000 0.000000 0.000000 0.000000 0.000000 0.000000 0.000000 0.000000 0.000000 0.000000 0.000000 0.000000 0.000000 0.000000 0.000000 0.000000 0.000000 0.000000 0.000000 0.000000 0.000000 0.000000 0.000000 0.000000 0.000000 0.000001 0.000001 0.000001 0.000002 0.000002 0.000003 0.000004 0.000005 0.000007 0.000008 0.000010 0.000013 0.000015 0.000018 0.000021 0.000024 0.000026 0.000029 0.000032 0.000034 0.000036 0.000038 0.000039 0.000039 0.000039 0.000038 0.000036 0.000034 0.000032 0.000029 0.000026 0.000024 0.000021 0.000018 0.000015 0.000013 0.000010 0.000008 0.000007 0.000005 0.000004 0.000003 0.000002 0.000002 0.000001 0.000001 0.000001 0.000000 0.000000 0.000000 0.000000 0.000000 0.000000 0.000000 0.000000 0.000000 0.000000 0.000000 0.000000 0.000000 0.000000 0.000000 0.000000 0.000000 0.000000 0.000000 0.000000 0.000000 0.000000 0.000000 0.000000 0.000000 0.000000 
0.000000 0.000000 0.000000 0.000000 0.000000 0.000000 0.000000 0.000000 0.000000 0.000000 0.000000 0.000000 0.000000 0.000000 0.000000 0.000000 0.000000 0.000000 0.000000 0.000000 0.000000 0.000000 0.000000 0.000000 0.000000 0.000001 0.000001 0.000001 0.000002 0.000002 0.000003 0.000005 0.000006 0.000008 0.000010 0.000013 0.000016 0.000020 0.000025 0.000029 0.000035 0.000040 0.000046 0.000052 0.000057 0.000062 0.000067 0.000070 0.000073 0.000075 0.000076 0.000075 0.000073 0.000070 0.000067 0.000062 0.000057 0.000052 0.000046 0.000040 0.000035 0.000029 0.000025 0.000020 0.000016 0.000013 0.000010 0.000008 0.000006 0.000005 0.000003 0.000002 0.000002 0.000001 0.000001 0.000001 0.000000 0.000000 0.000000 0.000000 0.000000 0.000000 0.000000 0.000000 0.000000 0.000000 0.000000 0.000000 0.000000 0.000000 0.000000 0.000000 0.000000 0.000000 0.000000 0.000000 0.000000 0.000000 0.000000 0.000000 
0.000000 0.000000 0.000000 0.000000 0.000000 0.000000 0.000000 0.000000 0.000000 0.000000 0.000000 0.000000 0.000000 0.000000 0.000000 0.000000 0.000000 0.000000 0.000000 0.000000 0.000000 0.000000 0.000000 0.000001 0.000001 0.000001 0.000002 0.000002 0.000003 0.000005 0.000006 0.000009 0.000012 0.000015 0.000020 0.000025 0.000031 0.000039 0.000047 0.000056 0.000066 0.000077 0.000088 0.000099 0.000109 0.000119 0.000128 0.000135 0.000140 0.000144 0.000145 0.000144 0.000140 0.000135 0.000128 0.000119 0.000109 0.000099 0.000088 0.000077 0.000066 0.000056 0.000047 0.000039 0.000031 0.000025 0.000020 0.000015 0.000012 0.000009 0.000006 0.000005 0.000003 0.000002 0.000002 0.000001 0.000001 0.000001 0.000000 0.000000 0.000000 0.000000 0.000000 0.000000 0.000000 0.000000 0.000000 0.000000 0.000000 0.000000 0.000000 0.000000 0.000000 0.000000 0.000000 0.000000 0.000000 0.000000 0.000000 0.000000 
0.000000 0.000000 0.000000 0.000000 0.000000 0.000000 0.000000 0.000000 0.000000 0.000000 0.000000 0.000000 0.000000 0.000000 0.000000 0.000000 0.000000 0.000000 0.000000 0.000000 0.000000 0.000000 0.000001 0.000001 0.000001 0.000002 0.000003 0.000004 0.000006 0.000009 0.000012 0.000016 0.000022 0.000029 0.000037 0.000047 0.000059 0.000073 0.000089 0.000106 0.000125 0.000145 0.000166 0.000187 0.000206 0.000225 0.000241 0.000255 0.000265 0.000271 0.000273 0.000271 0.000265 0.000255 0.000241 0.000225 0.000206 0.000187 0.000166 0.000145 0.000125 0.000106 0.000089 0.000073 0.000059 0.000047 0.000037 0.000029 0.000022 0.000016 0.000012 0.000009 0.000006 0.000004 0.000003 0.000002 0.000001 0.000001 0.000001 0.000000 0.000000 0.000000 0.000000 0.000000 0.000000 0.000000 0.000000 0.000000 0.000000 0.000000 0.000000 0.000000 0.000000 0.000000 0.000000 0.000000 0.000000 0.000000 0.000000 0.000000 
0.000000 0.000000 0.000000 0.000000 0.000000 0.000000 0.000000 0.000000 0.000000 0.000000 0.000000 0.000000 0.000000 0.000000 0.000000 0.000000 0.000000 0.000000 0.000000 0.000000 0.000000 0.000001 0.000001 0.000002 0.000003 0.000004 0.000006 0.000008 0.000012 0.000017 0.000023 0.000031 0.000041 0.000054 0.000070 0.000088 0.000111 0.000137 0.000166 0.000198 0.000234 0.000271 0.000309 0.000347 0.000384 0.000419 0.000449 0.000474 0.000493 0.000505 0.000509 0.000505 0.000493 0.000474 0.000449 0.000419 0.000384 0.000347 0.000309 0.000271 0.000234 0.000198 0.000166 0.000137 0.000111 0.000088 0.000070 0.000054 0.000041 0.000031 0.000023 0.000017 0.000012 0.000008 0.000006 0.000004 0.000003 0.000002 0.000001 0.000001 0.000000 0.000000 0.000000 0.000000 0.000000 0.000000 0.000000 0.000000 0.000000 0.000000 0.000000 0.000000 0.000000 0.000000 0.000000 0.000000 0.000000 0.000000 0.000000 0.000000 
0.000000 0.000000 0.000000 0.000000 0.000000 0.000000 0.000000 0.000000 0.000000 0.000000 0.000000 0.000000 0.000000 0.000000 0.000000 0.000000 0.000000 0.000000 0.000000 0.000001 0.000001 0.000001 0.000002 0.000003 0.000005 0.000007 0.000011 0.000016 0.000022 0.000031 0.000042 0.000057 0.000076 0.000099 0.000128 0.000163 0.000204 0.000251 0.000305 0.000365 0.000429 0.000498 0.000568 0.000638 0.000706 0.000769 0.000825 0.000871 0.000905 0.000927 0.000934 0.000927 0.000905 0.000871 0.000825 0.000769 0.000706 0.000638 0.000568 0.000498 0.000429 0.000365 0.000305 0.000251 0.000204 0.000163 0.000128 0.000099 0.000076 0.000057 0.000042 0.000031 0.000022 0.000016 0.000011 0.000007 0.000005 0.000003 0.000002 0.000001 0.000001 0.000001 0.000000 0.000000 0.000000 0.000000 0.000000 0.000000 0.000000 0.000000 0.000000 0.000000 0.000000 0.000000 0.000000 0.000000 0.000000 0.000000 0.000000 0.000000 
0.000000 0.000000 0.000000 0.000000 0.000000 0.000000 0.000000 0.000000 0.000000 0.000000 0.000000 0.000000 0.000000 0.000000 0.000000 0.000000 0.000000 0.000000 0.000001 0.000001 0.000002 0.000003 0.000004 0.000006 0.000009 0.000014 0.000020 0.000028 0.000040 0.000056 0.000077 0.000103 0.000138 0.000180 0.000233 0.000296 0.000370 0.000456 0.000554 0.000662 0.000778 0.000902 0.001029 0.001156 0.001279 0.001393 0.001493 0.001577 0.001639 0.001678 0.001691 0.001678 0.001639 0.001577 0.001493 0.001393 0.001279 0.001156 0.001029 0.000902 0.000778 0.000662 0.000554 0.000456 0.000370 0.000296 0.000233 0.000180 0.000138 0.000103 0.000077 0.000056 0.000040 0.000028 0.000020 0.000014 0.000009 0.000006 0.000004 0.000003 0.000002 0.000001 0.000001 0.000000 0.000000 0.000000 0.000000 0.000000 0.000000 0.000000 0.000000 0.000000 0.000000 0.000000 0.000000 0.000000 0.000000 0.000000 0.000000 0.000000 
0.000000 0.000000 0.000000 0.000000 0.000000 0.000000 0.000000 0.000000 0.000000 0.000000 0.000000 0.000000 0.000000 0.000000 0.000000 0.000000 0.000000 0.000001 0.000001 0.000002 0.000003 0.000005 0.000007 0.000011 0.000016 0.000024 0.000035 0.000051 0.000072 0.000100 0.000137 0.000185 0.000247 0.000323 0.000417 0.000529 0.000662 0.000816 0.000990 0.001183 0.001391 0.001612 0.001838 0.002065 0.002283 0.002487 0.002666 0.002815 0.002926 0.002995 0.003018 0.002995 0.002926 0.002815 0.002666 0.002487 0.002283 0.002065 0.001838 0.001612 0.001391 0.001183 0.000990 0.000816 0.000662 0.000529 0.000417 0.000323 0.000247 0.000185 0.000137 0.000100 0.000072 0.000051 0.000035 0.000024 0.000016 0.000011 0.000007 0.000005 0.000003 0.000002 0.000001 0.000001 0.000000 0.000000 0.000000 0.000000 0.000000 0.000000 0.000000 0.000000 0.000000 0.000000 0.000000 0.000000 0.000000 0.000000 0.000000 0.000000 
0.000000 0.000000 0.000000 0.000000 0.000000 0.000000 0.000000 0.000000 0.000000 0.000000 0.000000 0.000000 0.000000 0.000000 0.000000 0.000000 0.000001 0.000001 0.000002 0.000003 0.000005 0.000008 0.000013 0.000019 0.000029 0.000043 0.000063 0.000090 0.000127 0.000177 0.000243 0.000328 0.000436 0.000571 0.000736 0.000934 0.001168 0.001439 0.001745 0.002085 0.002452 0.002839 0.003238 0.003636 0.004021 0.004378 0.004693 0.004954 0.005150 0.005271 0.005312 0.005271 0.005150 0.004954 0.004693 0.004378 0.004021 0.003636 0.003238 0.002839 0.002452 0.002085 0.001745 0.001439 0.001168 0.000934 0.000736 0.000571 0.000436 0.000328 0.000243 0.000177 0.000127 0.000090 0.000063 0.000043 0.000029 0.000019 0.000013 0.000008 0.000005 0.000003 0.000002 0.000001 0.000001 0.000000 0.000000 0.000000 0.000000 0.000000 0.000000 0.000000 0.000000 0.000000 0.000000 0.000000 0.000000 0.000000 0.000000 0.000000 
0.000000 0.000000 0.000000 0.000000 0.000000 0.000000 0.000000 0.000000 0.000000 0.000000 0.000000 0.000000 0.000000 0.000000 0.000000 0.000001 0.000001 0.000002 0.000004 0.000006 0.000009 0.000014 0.000022 0.000034 0.000051 0.000075 0.000110 0.000157 0.000222 0.000309 0.000423 0.000571 0.000759 0.000993 0.001281 0.001626 0.002032 0.002502 0.003034 0.003622 0.004259 0.004932 0.005623 0.006313 0.006980 0.007598 0.008145 0.008598 0.008936 0.009146 0.009217 0.009146 0.008936 0.008598 0.008145 0.007598 0.006980 0.006313 0.005623 0.004932 0.004259 0.003622 0.003034 0.002502 0.002032 0.001626 0.001281 0.000993 0.000759 0.000571 0.000423 0.000309 0.000222 0.000157 0.000110 0.000075 0.000051 0.000034 0.000022 0.000014 0.000009 0.000006 0.000004 0.000002 0.000001 0.000001 0.000000 0.000000 0.000000 0.000000 0.000000 0.000000 0.000000 0.000000 0.000000 0.000000 0.000000 0.000000 0.000000 0.000000 
0.000000 0.000000 0.000000 0.000000 0.000000 0.000000 0.000000 0.000000 0.000000 0.000000 0.000000 0.000000 0.000000 0.000000 0.000001 0.000001 0.000002 0.000004 0.000006 0.000010 0.000016 0.000025 0.000039 0.000059 0.000088 0.000130 0.000189 0.000271 0.000382 0.000532 0.000728 0.000982 0.001304 0.001706 0.002198 0.002789 0.003485 0.004290 0.005199 0.006206 0.007296 0.008445 0.009627 0.010807 0.011946 0.013003 0.013937 0.014710 0.015289 0.015646 0.015768 0.015646 0.015289 0.014710 0.013937 0.013003 0.011946 0.010807 0.009627 0.008445 0.007296 0.006206 0.005199 0.004290 0.003485 0.002789 0.002198 0.001706 0.001304 0.000982 0.000728 0.000532 0.000382 0.000271 0.000189 0.000130 0.000088 0.000059 0.000039 0.000025 0.000016 0.000010 0.000006 0.000004 0.000002 0.000001 0.000001 0.000000 0.000000 0.000000 0.000000 0.000000 0.000000 0.000000 0.000000 0.000000 0.000000 0.000000 0.000000 0.000000 
0.000000 0.000000 0.000000 0.000000 0.000000 0.000000 0.000000 0.000000 0.000000 0.000000 0.000000 0.000000 0.000000 0.000001 0.000001 0.000002 0.000004 0.000006 0.000011 0.000017 0.000027 0.000043 0.000066 0.000100 0.000150 0.000221 0.000321 0.000460 0.000649 0.000901 0.001233 0.001662 0.002207 0.002886 0.003718 0.004716 0.005892 0.007249 0.008784 0.010483 0.012319 0.014258 0.016250 0.018238 0.020157 0.021938 0.023512 0.024814 0.025788 0.026390 0.026594 0.026390 0.025788 0.024814 0.023512 0.021938 0.020157 0.018238 0.016250 0.014258 0.012319 0.010483 0.008784 0.007249 0.005892 0.004716 0.003718 0.002886 0.002207 0.001662 0.001233 0.000901 0.000649 0.000460 0.000321 0.000221 0.000150 0.000100 0.000066 0.000043 0.000027 0.000017 0.000011 0.000006 0.000004 0.000002 0.000001 0.000001 0.000000 0.000000 0.000000 0.000000 0.000000 0.000000 0.000000 0.000000 0.000000 0.000000 0.000000 0.000000 
0.000000 0.000000 0.000000 0.000000 0.000000 0.000000 0.000000 0.000000 0.000000 0.000000 0.000000 0.000000 0.000001 0.000001 0.000002 0.000004 0.000007 0.000011 0.000018 0.000029 0.000046 0.000072 0.000110 0.000168 0.000251 0.000370 0.000538 0.000769 0.001084 0.001506 0.002060 0.002776 0.003684 0.004815 0.006200 0.007862 0.009819 0.012077 0.014630 0.017454 0.020508 0.023729 0.027039 0.030342 0.033530 0.036488 0.039102 0.041264 0.042881 0.043882 0.044221 0.043882 0.042881 0.041264 0.039102 0.036488 0.033530 0.030342 0.027039 0.023729 0.020508 0.017454 0.014630 0.012077 0.009819 0.007862 0.006200 0.004815 0.003684 0.002776 0.002060 0.001506 0.001084 0.000769 0.000538 0.000370 0.000251 0.000168 0.000110 0.000072 0.000046 0.000029 0.000018 0.000011 0.000007 0.000004 0.000002 0.000001 0.000001 0.000000 0.000000 0.000000 0.000000 0.000000 0.000000 0.000000 0.000000 0.000000 0.000000 0.000000 
0.000000 0.000000 0.000000 0.000000 0.000000 0.000000 0.000000 0.000000 0.000000 0.000000 0.000000 0.000001 0.000001 0.000002 0.000004 0.000006 0.000011 0.000018 0.000030 0.000048 0.000076 0.000118 0.000182 0.000277 0.000414 0.000611 0.000887 0.001268 0.001787 0.002481 0.003392 0.004568 0.006060 0.007918 0.010191 0.012919 0.016129 0.019834 0.024020 0.028650 0.033654 0.038932 0.044354 0.049763 0.054984 0.059827 0.064107 0.067646 0.070294 0.071932 0.072486 0.071932 0.070294 0.067646 0.064107 0.059827 0.054984 0.049763 0.044354 0.038932 0.033654 0.028650 0.024020 0.019834 0.016129 0.012919 0.010191 0.007918 0.006060 0.004568 0.003392 0.002481 0.001787 0.001268 0.000887 0.000611 0.000414 0.000277 0.000182 0.000118 0.000076 0.000048 0.000030 0.000018 0.000011 0.000006 0.000004 0.000002 0.000001 0.000001 0.000000 0.000000 0.000000 0.000000 0.000000 0.000000 0.000000 0.000000 0.000000 0.000000 
0.000000 0.000000 0.000000 0.000000 0.000000 0.000000 0.000000 0.000000 0.000000 0.000000 0.000001 0.000001 0.000002 0.000004 0.000006 0.000011 0.000018 0.000030 0.000048 0.000078 0.000124 0.000193 0.000297 0.000451 0.000675 0.000994 0.001442 0.002061 0.002903 0.004027 0.005504 0.007410 0.009826 0.012835 0.016513 0.020926 0.026118 0.032107 0.038874 0.046355 0.054439 0.062964 0.071720 0.080454 0.088882 0.096700 0.103607 0.109319 0.113591 0.116234 0.117129 0.116234 0.113591 0.109319 0.103607 0.096700 0.088882 0.080454 0.071720 0.062964 0.054439 0.046355 0.038874 0.032107 0.026118 0.020926 0.016513 0.012835 0.009826 0.007410 0.005504 0.004027 0.002903 0.002061 0.001442 0.000994 0.000675 0.000451 0.000297 0.000193 0.000124 0.000078 0.000048 0.000030 0.000018 0.000011 0.000006 0.000004 0.000002 0.000001 0.000001 0.000000 0.000000 0.000000 0.000000 0.000000 0.000000 0.000000 0.000000 0.000000 
0.000000 0.000000 0.000000 0.000000 0.000000 0.000000 0.000000 0.000000 0.000000 0.000001 0.000001 0.000002 0.000003 0.000006 0.000010 0.000017 0.000029 0.000048 0.000078 0.000125 0.000199 0.000310 0.000477 0.000724 0.001082 0.001593 0.002310 0.003301 0.004647 0.006444 0.008804 0.011847 0.015704 0.020506 0.026373 0.033410 0.041687 0.051232 0.062013 0.073929 0.086803 0.100376 0.114315 0.128217 0.141628 0.154068 0.165057 0.174144 0.180940 0.185145 0.186568 0.185145 0.180940 0.174144 0.165057 0.154068 0.141628 0.128217 0.114315 0.100376 0.086803 0.073929 0.062013 0.051232 0.041687 0.033410 0.026373 0.020506 0.015704 0.011847 0.008804 0.006444 0.004647 0.003301 0.002310 0.001593 0.001082 0.000724 0.000477 0.000310 0.000199 0.000125 0.000078 0.000048 0.000029 0.000017 0.000010 0.000006 0.000003 0.000002 0.000001 0.000001 0.000000 0.000000 0.000000 0.000000 0.000000 0.000000 0.000000 0.000000 
0.000000 0.000000 0.000000 0.000000 0.000000 0.000000 0.000000 0.000000 0.000000 0.000001 0.000002 0.000003 0.000005 0.000009 0.000016 0.000027 0.000046 0.000076 0.000124 0.000199 0.000315 0.000491 0.000756 0.001145 0.001710 0.002517 0.003648 0.005211 0.007332 0.010163 0.013878 0.018669 0.024738 0.032289 0.041515 0.052575 0.065582 0.080576 0.097507 0.116217 0.136425 0.157728 0.179600 0.201410 0.222448 0.241961 0.259195 0.273445 0.284102 0.290695 0.292927 0.290695 0.284102 0.273445 0.259195 0.241961 0.222448 0.201410 0.179600 0.157728 0.136425 0.116217 0.097507 0.080576 0.065582 0.052575 0.041515 0.032289 0.024738 0.018669 0.013878 0.010163 0.007332 0.005211 0.003648 0.002517 0.001710 0.001145 0.000756 0.000491 0.000315 0.000199 0.000124 0.000076 0.000046 0.000027 0.000016 0.000009 0.000005 0.000003 0.000002 0.000001 0.000000 0.000000 0.000000 0.000000 0.000000 0.000000 0.000000 0.000000 
0.000000 0.000000 0.000000 0.000000 0.000000 0.000000 0.000000 0.000000 0.000001 0.000001 0.000003 0.000005 0.000008 0.000014 0.000025 0.000043 0.000072 0.000118 0.000193 0.000310 0.000491 0.000766 0.001178 0.001785 0.002664 0.003918 0.005678 0.008106 0.011400 0.015796 0.021562 0.028994 0.038405 0.050112 0.064409 0.081544 0.101689 0.124906 0.151114 0.180069 0.211338 0.244293 0.278122 0.311850 0.344380 0.374548 0.401190 0.423218 0.439691 0.449881 0.453331 0.449881 0.439691 0.423218 0.401190 0.374548 0.344380 0.311850 0.278122 0.244293 0.211338 0.180069 0.151114 0.124906 0.101689 0.081544 0.064409 0.050112 0.038405 0.028994 0.021562 0.015796 0.011400 0.008106 0.005678 0.003918 0.002664 0.001785 0.001178 0.000766 0.000491 0.000310 0.000193 0.000118 0.000072 0.000043 0.000025 0.000014 0.000008 0.000005 0.000003 0.000001 0.000001 0.000000 0.000000 0.000000 0.000000 0.000000 0.000000 0.000000 
0.000000 0.000000 0.000000 0.000000 0.000000 0.000000 0.000000 0.000001 0.000001 0.000002 0.000004 0.000007 0.000013 0.000022 0.000039 0.000066 0.000110 0.000182 0.000297 0.000477 0.000756 0.001178 0.001811 0.002741 0.004090 0.006012 0.008708 0.012426 0.017470 0.024196 0.033014 0.044377 0.058762 0.076649 0.098486 0.124650 0.155402 0.190832 0.230820 0.274987 0.322673 0.372923 0.424496 0.475908 0.525486 0.571459 0.612056 0.645619 0.670717 0.686242 0.691497 0.686242 0.670717 0.645619 0.612056 0.571459 0.525486 0.475908 0.424496 0.372923 0.322673 0.274987 0.230820 0.190832 0.155402 0.124650 0.098486 0.076649 0.058762 0.044377 0.033014 0.024196 0.017470 0.012426 0.008708 0.006012 0.004090 0.002741 0.001811 0.001178 0.000756 0.000477 0.000297 0.000182 0.000110 0.000066 0.000039 0.000022 0.000013 0.000007 0.000004 0.000002 0.000001 0.000001 0.000000 0.000000 0.000000 0.000000 0.000000 0.000000 
0.000000 0.000000 0.000000 0.000000 0.000000 0.000000 0.000001 0.000001 0.000002 0.000003 0.000006 0.000011 0.000019 0.000034 0.000059 0.000100 0.000168 0.000277 0.000451 0.000724 0.001145 0.001785 0.002741 0.004149 0.006187 0.009091 0.013161 0.018772 0.026380 0.036523 0.049816 0.066938 0.088606 0.115540 0.148412 0.187787 0.234053 0.287344 0.347476 0.413879 0.485557 0.561075 0.638570 0.715810 0.790286 0.859339 0.920312 0.970716 1.008405 1.031718 1.039609 1.031718 1.008405 0.970716 0.920312 0.859339 0.790286 0.715810 0.638570 0.561075 0.485557 0.413879 0.347476 0.287344 0.234053 0.187787 0.148412 0.115540 0.088606 0.066938 0.049816 0.036523 0.026380 0.018772 0.013161 0.009091 0.006187 0.004149 0.002741 0.001785 0.001145 0.000724 0.000451 0.000277 0.000168 0.000100 0.000059 0.000034 0.000019 0.000011 0.000006 0.000003 0.000002 0.000001 0.000001 0.000000 0.000000 0.000000 0.000000 0.000000 
0.000000 0.000000 0.000000 0.000000 0.000000 0.000000 0.000001 0.000001 0.000003 0.000005 0.000009 0.000016 0.000029 0.000051 0.000088 0.000150 0.000251 0.000414 0.000675 0.001082 0.001710 0.002664 0.004090 0.006187 0.009222 0.013544 0.019599 0.027945 0.039255 0.054328 0.074074 0.099499 0.131665 0.171635 0.220404 0.278804 0.347404 0.426403 0.515522 0.613914 0.720103 0.831960 0.946727 1.061101 1.171368 1.273595 1.363852 1.438460 1.494243 1.528748 1.540426 1.528748 1.494243 1.438460 1.363852 1.273595 1.171368 1.061101 0.946727 0.831960 0.720103 0.613914 0.515522 0.426403 0.347404 0.278804 0.220404 0.171635 0.131665 0.099499 0.074074 0.054328 0.039255 0.027945 0.019599 0.013544 0.009222 0.006187 0.004090 0.002664 0.001710 0.001082 0.000675 0.000414 0.000251 0.000150 0.000088 0.000051 0.000029 0.000016 0.000009 0.000005 0.000003 0.000001 0.000001 0.000000 0.000000 0.000000 0.000000 0.000000 
0.000000 0.000000 0.000000 0.000000 0.000000 0.000001 0.000001 0.000002 0.000004 0.000007 0.000014 0.000024 0.000043 0.000075 0.000130 0.000221 0.000370 0.000611 0.000994 0.001593 0.002517 0.003918 0.006012 0.009091 0.013544 0.019883 0.028761 0.040991 0.057560 0.079633 0.108539 0.145746 0.192802 0.251258 0.322560 0.407921 0.508167 0.623580 0.753749 0.897434 1.052476 1.215765 1.383277 1.550193 1.711097 1.860253 1.991931 2.100773 2.182147 2.232480 2.249515 2.232480 2.182147 2.100773 1.991931 1.860253 1.711097 1.550193 1.383277 1.215765 1.052476 0.897434 0.753749 0.623580 0.508167 0.407921 0.322560 0.251258 0.192802 0.145746 0.108539 0.079633 0.057560 0.040991 0.028761 0.019883 0.013544 0.009091 0.006012 0.003918 0.002517 0.001593 0.000994 0.000611 0.000370 0.000221 0.000130 0.000075 0.000043 0.000024 0.000014 0.000007 0.000004 0.000002 0.000001 0.000001 0.000000 0.000000 0.000000 0.000000 
0.000000 0.000000 0.000000 0.000000 0.000000 0.000001 0.000002 0.000003 0.000006 0.000011 0.000020 0.000035 0.000063 0.000110 0.000189 0.000321 0.000538 0.000887 0.001442 0.002310 0.003648 0.005678 0.008708 0.013161 0.019599 0.028761 0.041587 0.059248 0.083166 0.115017 0.156716 0.210372 0.278209 0.362456 0.465190 0.588147 0.732510 0.898678 1.086051 1.292838 1.515931 1.750852 1.991814 2.231886 2.463285 2.677768 2.867103 3.023592 3.140583 3.212945 3.237434 3.212945 3.140583 3.023592 2.867103 2.677768 2.463285 2.231886 1.991814 1.750852 1.515931 1.292838 1.086051 0.898678 0.732510 0.588147 0.465190 0.362456 0.278209 0.210372 0.156716 0.115017 0.083166 0.059248 0.041587 0.028761 0.019599 0.013161 0.008708 0.005678 0.003648 0.002310 0.001442 0.000887 0.000538 0.000321 0.000189 0.000110 0.000063 0.000035 0.000020 0.000011 0.000006 0.000003 0.000002 0.000001 0.000000 0.000000 0.000000 0.000000 
0.000000 0.000000 0.000000 0.000000 0.000001 0.000001 0.000002 0.000004 0.000008 0.000016 0.000028 0.000051 0.000090 0.000157 0.000271 0.000460 0.000769 0.001268 0.002061 0.003301 0.005211 0.008106 0.012426 0.018772 0.027945 0.040991 0.059248 0.084378 0.118399 0.163690 0.222965 0.299211 0.395582 0.515231 0.661097 0.835633 1.040505 1.276271 1.542070 1.835354 2.151709 2.484785 2.826377 3.166666 3.494625 3.798581 4.066877 4.288615 4.454379 4.556903 4.591601 4.556903 4.454379 4.288615 4.066877 3.798581 3.494625 3.166666 2.826377 2.484785 2.151709 1.835354 1.542070 1.276271 1.040505 0.835633 0.661097 0.515231 0.395582 0.299211 0.222965 0.163690 0.118399 0.084378 0.059248 0.040991 0.027945 0.018772 0.012426 0.008106 0.005211 0.003301 0.002061 0.001268 0.000769 0.000460 0.000271 0.000157 0.000090 0.000051 0.000028 0.000016 0.000008 0.000004 0.000002 0.000001 0.000001 0.000000 0.000000 0.000000 
0.000000 0.000000 0.000000 0.000000 0.000001 0.000002 0.000003 0.000006 0.000012 0.000022 0.000040 0.000072 0.000127 0.000222 0.000382 0.000649 0.001084 0.001787 0.002903 0.004647 0.007332 0.011400 0.017470 0.026380 0.039255 0.057560 0.083166 0.118399 0.166083 0.229541 0.312565 0.419329 0.554235 0.721683 0.925767 1.169907 1.456417 1.786062 2.157626 2.567538 3.009623 3.475005 3.952220 4.427558 4.885625 5.310127 5.684800 5.994435 6.225898 6.369052 6.417500 6.369052 6.225898 5.994435 5.684800 5.310127 4.885625 4.427558 3.952220 3.475005 3.009623 2.567538 2.157626 1.786062 1.456417 1.169907 0.925767 0.721683 0.554235 0.419329 0.312565 0.229541 0.166083 0.118399 0.083166 0.057560 0.039255 0.026380 0.017470 0.011400 0.007332 0.004647 0.002903 0.001787 0.001084 0.000649 0.000382 0.000222 0.000127 0.000072 0.000040 0.000022 0.000012 0.000006 0.000003 0.000002 0.000001 0.000000 0.000000 0.000000 
0.000000 0.000000 0.000000 0.000001 0.000001 0.000002 0.000005 0.000009 0.000017 0.000031 0.000056 0.000100 0.000177 0.000309 0.000532 0.000901 0.001506 0.002481 0.004027 0.006444 0.010163 0.015796 0.024196 0.036523 0.054328 0.079633 0.115017 0.163690 0.229541 0.317147 0.431732 0.579040 0.765125 0.996037 1.277405 1.613919 2.008750 2.462933 2.974776 3.539348 4.148135 4.788912 5.445898 6.100223 6.730712 7.314950 7.830572 8.256665 8.575170 8.772153 8.838817 8.772153 8.575170 8.256665 7.830572 7.314950 6.730712 6.100223 5.445898 4.788912 4.148135 3.539348 2.974776 2.462933 2.008750 1.613919 1.277405 0.996037 0.765125 0.579040 0.431732 0.317147 0.229541 0.163690 0.115017 0.079633 0.054328 0.036523 0.024196 0.015796 0.010163 0.006444 0.004027 0.002481 0.001506 0.000901 0.000532 0.000309 0.000177 0.000100 0.000056 0.000031 0.000017 0.000009 0.000005 0.000002 0.000001 0.000001 0.000000 0.000000 
0.000000 0.000000 0.000000 0.000001 0.000002 0.000003 0.000006 0.000012 0.000023 0.000042 0.000077 0.000137 0.000243 0.000423 0.000728 0.001233 0.002060 0.003392 0.005504 0.008804 0.013878 0.021562 0.033014 0.049816 0.074074 0.108539 0.156716 0.222965 0.312565 0.431732 0.587552 0.787816 1.040733 1.354499 1.736736 2.193789 2.729938 3.346566 4.041352 4.807588 5.633708 6.503119 7.394412 8.281998 9.137168 9.929541 10.628805 11.206622 11.638523 11.905630 11.996023 11.905630 11.638523 11.206622 10.628805 9.929541 9.137168 8.281998 7.394412 6.503119 5.633708 4.807588 4.041352 3.346566 2.729938 2.193789 1.736736 1.354499 1.040733 0.787816 0.587552 0.431732 0.312565 0.222965 0.156716 0.108539 0.074074 0.049816 0.033014 0.021562 0.013878 0.008804 0.005504 0.003392 0.002060 0.001233 0.000728 0.000423 0.000243 0.000137 0.000077 0.000042 0.000023 0.000012 0.000006 0.000003 0.000002 0.000001 0.000000 0.000000 
0.000000 0.000000 0.000001 0.000001 0.000002 0.000005 0.000009 0.000016 0.000031 0.000057 0.000103 0.000185 0.000328 0.000571 0.000982 0.001662 0.002776 0.004568 0.007410 0.011847 0.018669 0.028994 0.044377 0.066938 0.099499 0.145746 0.210372 0.299211 0.419329 0.579040 0.787816 1.056072 1.394773 1.814865 2.326517 2.938188 3.655574 4.480492 5.409812 6.434541 7.539197 8.701589 9.893097 11.079526 12.222520 13.281497 14.215978 14.988119 15.565249 15.922162 16.042946 15.922162 15.565249 14.988119 14.215978 13.281497 12.222520 11.079526 9.893097 8.701589 7.539197 6.434541 5.409812 4.480492 3.655574 2.938188 2.326517 1.814865 1.394773 1.056072 0.787816 0.579040 0.419329 0.299211 0.210372 0.145746 0.099499 0.066938 0.044377 0.028994 0.018669 0.011847 0.007410 0.004568 0.002776 0.001662 0.000982 0.000571 0.000328 0.000185 0.000103 0.000057 0.000031 0.000016 0.000009 0.000004 0.000002 0.000001 0.000000 0.000000 
0.000000 0.000000 0.000001 0.000002 0.000003 0.000006 0.000012 0.000022 0.000041 0.000076 0.000138 0.000247 0.000436 0.000759 0.001304 0.002207 0.003684 0.006060 0.009826 0.015704 0.024738 0.038405 0.058762 0.088606 0.131665 0.192802 0.278209 0.395582 0.554235 0.765125 1.040733 1.394773 1.841681 2.395861 3.070682 3.877261 4.823065 5.910452 7.135262 8.485617 9.941099 11.472464 13.042013 14.604716 16.110077 17.504682 18.735257 19.752003 20.511933 20.981883 21.140919 20.981883 20.511933 19.752003 18.735257 17.504682 16.110077 14.604716 13.042013 11.472464 9.941099 8.485617 7.135262 5.910452 4.823065 3.877261 3.070682 2.395861 1.841681 1.394773 1.040733 0.765125 0.554235 0.395582 0.278209 0.192802 0.131665 0.088606 0.058762 0.038405 0.024738 0.015704 0.009826 0.006060 0.003684 0.002207 0.001304 0.000759 0.000436 0.000247 0.000138 0.000076 0.000041 0.000022 0.000012 0.000006 0.000003 0.000001 0.000001 0.000000 
0.000000 0.000000 0.000001 0.000002 0.000004 0.000008 0.000015 0.000029 0.000054 0.000099 0.000180 0.000323 0.000571 0.000993 0.001706 0.002886 0.004815 0.007918 0.012835 0.020506 0.032289 0.050112 0.076649 0.115540 0.171635 0.251258 0.362456 0.515231 0.721683 0.996037 1.354499 1.814865 2.395861 3.116161 3.993093 5.041048 6.269677 7.681995 9.272559 11.025911 12.915523 14.903416 16.940663 18.968832 20.922419 22.732146 24.328922 25.648175 26.634169 27.243905 27.450243 27.243905 26.634169 25.648175 24.328922 22.732146 20.922419 18.968832 16.940663 14.903416 12.915523 11.025911 9.272559 7.681995 6.269677 5.041048 3.993093 3.116161 2.395861 1.814865 1.354499 0.996037 0.721683 0.515231 0.362456 0.251258 0.171635 0.115540 0.076649 0.050112 0.032289 0.020506 0.012835 0.007918 0.004815 0.002886 0.001706 0.000993 0.000571 0.000323 0.000180 0.000099 0.000054 0.000029 0.000015 0.000008 0.000004 0.000002 0.000001 0.000000 
0.000000 0.000001 0.000001 0.000003 0.000005 0.000010 0.000020 0.000037 0.000070 0.000128 0.000233 0.000417 0.000736 0.001281 0.002198 0.003718 0.006200 0.010191 0.016513 0.026373 0.041515 0.064409 0.098486 0.148412 0.220404 0.322560 0.465190 0.661097 0.925767 1.277405 1.736736 2.326517 3.070682 3.993093 5.115875 6.457390 8.029930 9.837298 11.872476 14.115652 16.532858 19.075507 21.681020 24.274695 26.772800 29.086792 31.128383 32.815068 34.075632 34.855145 35.118934 34.855145 34.075632 32.815068 31.128383 29.086792 26.772800 24.274695 21.681020 19.075507 16.532858 14.115652 11.872476 9.837298 8.029930 6.457390 5.115875 3.993093 3.070682 2.326517 1.736736 1.277405 0.925767 0.661097 0.465190 0.322560 0.220404 0.148412 0.098486 0.064409 0.041515 0.026373 0.016513 0.010191 0.006200 0.003718 0.002198 0.001281 0.000736 0.000417 0.000233 0.000128 0.000070 0.000037 0.000020 0.000010 0.000005 0.000003 0.000001 0.000000 
0.000000 0.000001 0.000002 0.000003 0.000007 0.000013 0.000025 0.000047 0.000088 0.000163 0.000296 0.000529 0.000934 0.001626 0.002789 0.004716 0.007862 0.012919 0.020926 0.033410 0.052575 0.081544 0.124650 0.187787 0.278804 0.407921 0.588147 0.835633 1.169907 1.613919 2.193789 2.938188 3.877261 5.041048 6.457390 8.149373 10.132429 12.411283 14.977031 17.804648 20.851290 24.055705 27.339040 30.607184 33.754676 36.670013 39.242025 41.366835 42.954788 43.936732 44.269020 43.936732 42.954788 41.366835 39.242025 36.670013 33.754676 30.607184 27.339040 24.055705 20.851290 17.804648 14.977031 12.411283 10.132429 8.149373 6.457390 5.041048 3.877261 2.938188 2.193789 1.613919 1.169907 0.835633 0.588147 0.407921 0.278804 0.187787 0.124650 0.081544 0.052575 0.033410 0.020926 0.012919 0.007862 0.004716 0.002789 0.001626 0.000934 0.000529 0.000296 0.000163 0.000088 0.000047 0.000025 0.000013 0.000007 0.000003 0.000001 0.000000 
0.000000 0.000001 0.000002 0.000004 0.000008 0.000016 0.000031 0.000059 0.000111 0.000204 0.000370 0.000662 0.001168 0.002032 0.003485 0.005892 0.009819 0.016129 0.026118 0.041687 0.065582 0.101689 0.155402 0.234053 0.347404 0.508167 0.732510 1.040505 1.456417 2.008750 2.729938 3.655574 4.823065 6.269677 8.029930 10.132429 12.596262 15.427224 18.614183 22.126005 25.909443 29.888424 33.965044 38.022486 41.929871 45.548840 48.741466 51.378878 53.349861 54.568637 54.981064 54.568637 53.349861 51.378878 48.741466 45.548840 41.929871 38.022486 33.965044 29.888424 25.909443 22.126005 18.614183 15.427224 12.596262 10.132429 8.029930 6.269677 4.823065 3.655574 2.729938 2.008750 1.456417 1.040505 0.732510 0.508167 0.347404 0.234053 0.155402 0.101689 0.065582 0.041687 0.026118 0.016129 0.009819 0.005892 0.003485 0.002032 0.001168 0.000662 0.000370 0.000204 0.000111 0.000059 0.000031 0.000016 0.000008 0.000004 0.000002 0.000000 
0.000000 0.000001 0.000002 0.000005 0.000010 0.000020 0.000039 0.000073 0.000137 0.000251 0.000456 0.000816 0.001439 0.002502 0.004290 0.007249 0.012077 0.019834 0.032107 0.051232 0.080576 0.124906 0.190832 0.287344 0.426403 0.623580 0.898678 1.276271 1.786062 2.462933 3.346566 4.480492 5.910452 7.681995 9.837298 12.411283 15.427224 18.892121 22.792276 27.089525 31.718677 36.586640 41.573649 46.536838 51.316167 55.742479 59.647159 62.872678 65.283098 66.773576 67.277942 66.773576 65.283098 62.872678 59.647159 55.742479 51.316167 46.536838 41.573649 36.586640 31.718677 27.089525 22.792276 18.892121 15.427224 12.411283 9.837298 7.681995 5.910452 4.480492 3.346566 2.462933 1.786062 1.276271 0.898678 0.623580 0.426403 0.287344 0.190832 0.124906 0.080576 0.051232 0.032107 0.019834 0.012077 0.007249 0.004290 0.002502 0.001439 0.000816 0.000456 0.000251 0.000137 0.000073 0.000039 0.000020 0.000010 0.000005 0.000002 0.000000 
0.000000 0.000001 0.000003 0.000006 0.000013 0.000025 0.000047 0.000089 0.000166 0.000305 0.000554 0.000990 0.001745 0.003034 0.005199 0.008784 0.014630 0.024020 0.038874 0.062013 0.097507 0.151114 0.230820 0.347476 0.515522 0.753749 1.086051 1.542070 2.157626 2.974776 4.041352 5.409812 7.135262 9.272559 11.872476 14.977031 18.614183 22.792276 27.494704 32.675388 38.255693 44.123384 50.134116 56.115734 61.875426 67.209419 71.914614 75.801279 78.705697 80.501609 81.109325 80.501609 78.705697 75.801279 71.914614 67.209419 61.875426 56.115734 50.134116 44.123384 38.255693 32.675388 27.494704 22.792276 18.614183 14.977031 11.872476 9.272559 7.135262 5.409812 4.041352 2.974776 2.157626 1.542070 1.086051 0.753749 0.515522 0.347476 0.230820 0.151114 0.097507 0.062013 0.038874 0.024020 0.014630 0.008784 0.005199 0.003034 0.001745 0.000990 0.000554 0.000305 0.000166 0.000089 0.000047 0.000024 0.000012 0.000006 0.000002 0.000000 
0.000000 0.000001 0.000004 0.000008 0.000015 0.000029 0.000056 0.000106 0.000198 0.000365 0.000662 0.001183 0.002085 0.003622 0.006206 0.010483 0.017454 0.028650 0.046355 0.073929 0.116217 0.180069 0.274987 0.413879 0.613914 0.897434 1.292838 1.835354 2.567538 3.539348 4.807588 6.434541 8.485617 11.025911 14.115652 17.804648 22.126005 27.089525 32.675388 38.828786 45.456273 52.424537 59.562174 66.664799 73.503537 79.836529 85.422739 90.037013 93.485077 95.617111 96.338563 95.617111 93.485077 90.037013 85.422739 79.836529 73.503537 66.664799 59.562174 52.424537 45.456273 38.828786 32.675388 27.089525 22.126005 17.804648 14.115652 11.025911 8.485617 6.434541 4.807588 3.539348 2.567538 1.835354 1.292838 0.897434 0.613914 0.413879 0.274987 0.180069 0.116217 0.073929 0.046355 0.028650 0.017454 0.010483 0.006206 0.003622 0.002085 0.001183 0.000662 0.000365 0.000198 0.000106 0.000056 0.000029 0.000015 0.000007 0.000003 0.000000 
0.000000 0.000002 0.000004 0.000009 0.000018 0.000035 0.000066 0.000125 0.000234 0.000429 0.000778 0.001391 0.002452 0.004259 0.007296 0.012319 0.020508 0.033654 0.054439 0.086803 0.136425 0.211338 0.322673 0.485557 0.720103 1.052476 1.515931 2.151709 3.009623 4.148135 5.633708 7.539197 9.941099 12.915523 16.532858 20.851290 25.909443 31.718677 38.255693 45.456273 53.211019 61.363930 69.714476 78.023591 86.023597 93.431663 99.965945 105.363183 109.396240 111.889957 112.733791 111.889957 109.396240 105.363183 99.965945 93.431663 86.023597 78.023591 69.714476 61.363930 53.211019 45.456273 38.255693 31.718677 25.909443 20.851290 16.532858 12.915523 9.941099 7.539197 5.633708 4.148135 3.009623 2.151709 1.515931 1.052476 0.720103 0.485557 0.322673 0.211338 0.136425 0.086803 0.054439 0.033654 0.020508 0.012319 0.007296 0.004259 0.002452 0.001391 0.000778 0.000429 0.000234 0.000125 0.000066 0.000034 0.000018 0.000009 0.000003 0.000000 
0.000000 0.000002 0.000005 0.000010 0.000021 0.000040 0.000077 0.000145 0.000271 0.000498 0.000902 0.001612 0.002839 0.004932 0.008445 0.014258 0.023729 0.038932 0.062964 0.100376 0.157728 0.244293 0.372923 0.561075 0.831960 1.215765 1.750852 2.484785 3.475005 4.788912 6.503119 8.701589 11.472464 14.903416 19.075507 24.055705 29.888424 36.586640 44.123384 52.424537 61.363930 70.761711 80.386750 89.963544 99.183658 107.721223 115.251539 121.471330 126.118945 128.992619 129.965018 128.992619 126.118945 121.471330 115.251539 107.721223 99.183658 89.963544 80.386750 70.761711 61.363930 52.424537 44.123384 36.586640 29.888424 24.055705 19.075507 14.903416 11.472464 8.701589 6.503119 4.788912 3.475005 2.484785 1.750852 1.215765 0.831960 0.561075 0.372923 0.244293 0.157728 0.100376 0.062964 0.038932 0.023729 0.014258 0.008445 0.004932 0.002839 0.001612 0.000902 0.000498 0.000271 0.000145 0.000077 0.000040 0.000020 0.000010 0.000004 0.000000 
0.000000 0.000002 0.000006 0.000012 0.000024 0.000046 0.000088 0.000166 0.000309 0.000568 0.001029 0.001838 0.003238 0.005623 0.009627 0.016250 0.027039 0.044354 0.071720 0.114315 0.179600 0.278122 0.424496 0.638570 0.946727 1.383277 1.991814 2.826377 3.952220 5.445898 7.394412 9.893097 13.042013 16.940663 21.681020 27.339040 33.965044 41.573649 50.134116 59.562174 69.714476 80.386750 91.316538 102.191044 112.660116 122.353849 130.903684 137.965402 143.242040 146.504608 147.608595 146.504608 143.242040 137.965402 130.903684 122.353849 112.660116 102.191044 91.316538 80.386750 69.714476 59.562174 50.134116 41.573649 33.965044 27.339040 21.681020 16.940663 13.042013 9.893097 7.394412 5.445898 3.952220 2.826377 1.991814 1.383277 0.946727 0.638570 0.424496 0.278122 0.179600 0.114315 0.071720 0.044354 0.027039 0.016250 0.009627 0.005623 0.003238 0.001838 0.001029 0.000568 0.000309 0.000166 0.000088 0.000046 0.000023 0.000011 0.000005 0.000000 
