0.000000 0.000000 0.000000 0.000000 0.000000 0.000000 0.000000 0.000000 0.000000 0.000000 0.000000 0.000000 0.000000 0.000000 0.000000 0.000000 0.000000 0.000000 0.000000 0.000000 0.000000 0.000000 0.000000 0.000000 0.000000 0.000000 0.000000 0.000000 0.000000 0.000000 0.000000 0.000000 0.000000 0.000000 0.000000 0.000000 0.000000 0.000000 0.000000 0.000000 0.000000 0.000000 0.000000 0.000000 0.000000 0.000000 0.000000 0.000000 0.000000 0.000000 0.000000 0.000000 0.000000 0.000000 0.000000 0.000000 0.000000 0.000000 0.000000 0.000000 0.000000 0.000000 0.000000 0.000000 0.000000 0.000000 0.000000 0.000000 0.000000 0.000000 0.000000 0.000000 0.000000 0.000000 0.000000 0.000000 0.000000 0.000000 0.000000 0.000000 0.000000 0.000000 0.000000 0.000000 0.000000 0.000000 0.000000 0.000000 0.000000 0.000000 0.000000 0.000000 0.000000 0.000000 0.000000 0.000000 0.000000 0.000000 0.000000 0.000000 
0.000000 0.000000 0.000000 0.000000 0.000000 0.000000 0.000000 0.000000 0.000000 0.000000 0.000000 0.000000 0.000000 0.000000 0.000000 0.000000 0.000000 0.000000 0.000000 0.000000 0.000000 0.000000 0.000000 0.000000 0.000000 0.000000 0.000000 0.000000 0.000000 0.000000 0.000000 0.000000 0.000000 0.000000 0.000000 0.000000 0.000000 0.000001 0.000001 0.000001 0.000001 0.000001 0.000001 0.000001 0.000002 0.000002 0.000002 0.000002 0.000002 0.000002 0.000002 0.000002 0.000002 0.000002 0.000002 0.000002 0.000002 0.000001 0.000001 0.000001 0.000001 0.000001 0.000001 0.000001 0.000000 0.000000 0.000000 0.000000 0.000000 0.000000 0.000000 0.000000 0.000000 0.000000 0.000000 0.000000 0.000000 0.000000 0.000000 0.000000 0.000000 0.000000 0.000000 0.000000 0.000000 0.000000 0.000000 0.000000 0.000000 0.000000 0.000000 0.000000 0.000000 0.000000 0.000000 0.000000 0.000000 0.000000 0.000000 0.000000 
0.000000 0.000000 0.000000 0.000000 0.000000 0.000000 0.000000 0.000000 0.000000 0.000000 0.000000 0.000000 0.000000 0.000000 0.000000 0.000000 0.000000 0.000000 0.000000 0.000000 0.000000 0.000000 0.000000 0.000000 0.000000 0.000000 0.000000 0.000000 0.000000 0.000000 0.000000 0.000000 0.000000 0.000000 0.000001 0.000001 0.000001 0.000001 0.000002 0.000002 0.000002 0.000003 0.000003 0.000004 0.000004 0.000004 0.000005 0.000005 0.000005 0.000005 0.000005 0.000005 0.000005 0.000005 0.000005 0.000004 0.000004 0.000004 0.000003 0.000003 0.000002 0.000002 0.000002 0.000001 0.000001 0.000001 0.000001 0.000000 0.000000 0.000000 0.000000 0.000000 0.000000 0.000000 0.000000 0.000000 0.000000 0.000000 0.000000 0.000000 0.000000 0.000000 0.000000 0.000000 0.000000 0.000000 0.000000 0.000000 0.000000 0.000000 0.000000 0.000000 0.000000 0.000000 0.000000 0.000000 0.000000 0.000000 0.000000 0.000000 
0.000000 0.000000 0.000000 0.000000 0.000000 0.000000 0.000000 0.000000 0.000000 0.000000 0.000000 0.000000 0.000000 0.000000 0.000000 0.000000 0.000000 0.000000 0.000000 0.000000 0.000000 0.000000 0.000000 0.000000 0.000000 0.000000 0.000000 0.000000 0.000000 0.000000 0.000000 0.000001 0.000001 0.000001 0.000001 0.000002 0.000002 0.000003 0.000003 0.000004 0.000005 0.000006 0.000007 0.000008 0.000008 0.000009 0.000010 0.000010 0.000011 0.000011 0.000011 0.000011 0.000011 0.000010 0.000010 0.000009 0.000008 0.000008 0.000007 0.000006 0.000005 0.000004 0.000003 0.000003 0.000002 0.000002 0.000001 0.000001 0.000001 0.000001 0.000000 0.000000 0.000000 0.000000 0.000000 0.000000 0.000000 0.000000 0.000000 0.000000 0.000000 0.000000 0.000000 0.000000 0.000000 0.000000 0.000000 0.000000 0.000000 0.000000 0.000000 0.000000 0.000000 0.000000 0.000000 0.000000 0.000000 0.000000 0.000000 0.000000 
0.000000 0.000000 0.000000 0.000000 0.000000 0.000000 0.000000 0.000000 0.000000 0.000000 0.000000 0.000000 0.000000 0.000000 0.000000 0.000000 0.000000 0.000000 0.000000 0.000000 0.000000 0.000000 0.000000 0.000000 0.000000 0.000000 0.000000 0.000000 0.000000 0.000001 0.000001 0.000001 0.000002 0.000002 0.000003 0.000004 0.000005 0.000006 0.000007 0.000009 0.000010 0.000012 0.000014 0.000015 0.000017 0.000019 0.000020 0.000021 0.000022 0.000023 0.000023 0.000023 0.000022 0.000021 0.000020 0.000019 0.000017 0.000015 0.000014 0.000012 0.000010 0.000009 0.000007 0.000006 0.000005 0.000004 0.000003 0.000002 0.000002 0.000001 0.000001 0.000001 0.000000 0.000000 0.000000 0.000000 0.000000 0.000000 0.000000 0.000000 0.000000 0.000000 0.000000 0.000000 0.000000 0.000000 0.000000 0.000000 0.000000 0.000000 0.000000 0.000000 0.000000 0.000000 0.000000 0.000000 0.000000 0.000000 0.000000 0.000000 
0.000000 0.000000 0.000000 0.000000 0.000000 0.000000 0.000000 0.000000 0.000000 0.000000 0.000000 0.000000 0.000000 0.000000 0.000000 0.000000 0.000000 0.000000 0.000000 0.000000 0.000000 0.000000 0.000000 0.000000 0.000000 0.000000 0.000000 0.000001 0.000001 0.000001 0.000002 0.000002 0.000003 0.000004 0.000006 0.000007 0.000009 0.000012 0.000014 0.000017 0.000020 0.000024 0.000027 0.000031 0.000034 0.000037 0.000040 0.000042 0.000044 0.000045 0.000046 0.000045 0.000044 0.000042 0.000040 0.000037 0.000034 0.000031 0.000027 0.000024 0.000020 0.000017 0.000014 0.000012 0.000009 0.000007 0.000006 0.000004 0.000003 0.000002 0.000002 0.000001 0.000001 0.000001 0.000000 0.000000 0.000000 0.000000 0.000000 0.000000 0.000000 0.000000 0.000000 0.000000 0.000000 0.000000 0.000000 0.000000 0.000000 0.000000 0.000000 0.000000 0.000000 0.000000 0.000000 0.000000 0.000000 0.000000 0.000000 0.000000 
0.000000 0.000000 0.000000 0.000000 0.000000 0.000000 0.000000 0.000000 0.000000 0.000000 0.000000 0.000000 0.000000 0.000000 0.000000 0.000000 0.000000 0.000000 0.000000 0.000000 0.000000 0.000000 0.000000 0.000000 0.000000 0.000001 0.000001 0.000001 0.000002 0.000003 0.000003 0.000005 0.000006 0.000009 0.000011 0.000014 0.000018 0.000023 0.000028 0.000033 0.000040 0.000046 0.000053 0.000060 0.000067 0.000073 0.000078 0.000083 0.000086 0.000089 0.000089 0.000089 0.000086 0.000083 0.000078 0.000073 0.000067 0.000060 0.000053 0.000046 0.000040 0.000033 0.000028 0.000023 0.000018 0.000014 0.000011 0.000009 0.000006 0.000005 0.000003 0.000003 0.000002 0.000001 0.000001 0.000001 0.000000 0.000000 0.000000 0.000000 0.000000 0.000000 0.000000 0.000000 0.000000 0.000000 0.000000 0.000000 0.000000 0.000000 0.000000 0.000000 0.000000 0.000000 0.000000 0.000000 0.000000 0.000000 0.000000 0.000000 
0.000000 0.000000 0.000000 0.000000 0.000000 0.000000 0.000000 0.000000 0.000000 0.000000 0.000000 0.000000 0.000000 0.000000 0.000000 0.000000 0.000000 0.000000 0.000000 0.000000 0.000000 0.000000 0.000000 0.000000 0.000001 0.000001 0.000002 0.000002 0.000003 0.000005 0.000007 0.000009 0.000013 0.000017 0.000022 0.000028 0.000035 0.000044 0.000054 0.000065 0.000077 0.000089 0.000103 0.000116 0.000129 0.000141 0.000151 0.000160 0.000167 0.000171 0.000172 0.000171 0.000167 0.000160 0.000151 0.000141 0.000129 0.000116 0.000103 0.000089 0.000077 0.000065 0.000054 0.000044 0.000035 0.000028 0.000022 0.000017 0.000013 0.000009 0.000007 0.000005 0.000003 0.000002 0.000002 0.000001 0.000001 0.000000 0.000000 0.000000 0.000000 0.000000 0.000000 0.000000 0.000000 0.000000 0.000000 0.000000 0.000000 0.000000 0.000000 0.000000 0.000000 0.000000 0.000000 0.000000 0.000000 0.000000 0.000000 0.000000 
0.000000 0.000000 0.000000 0.000000 0.000000 0.000000 0.000000 0.000000 0.000000 0.000000 0.000000 0.000000 0.000000 0.000000 0.000000 0.000000 0.000000 0.000000 0.000000 0.000000 0.000000 0.000000 0.000001 0.000001 0.000001 0.000002 0.000003 0.000005 0.000007 0.000009 0.000013 0.000018 0.000024 0.000032 0.000041 0.000053 0.000067 0.000084 0.000102 0.000123 0.000146 0.000170 0.000195 0.000221 0.000245 0.000268 0.000288 0.000305 0.000318 0.000326 0.000328 0.000326 0.000318 0.000305 0.000288 0.000268 0.000245 0.000221 0.000195 0.000170 0.000146 0.000123 0.000102 0.000084 0.000067 0.000053 0.000041 0.000032 0.000024 0.000018 0.000013 0.000009 0.000007 0.000005 0.000003 0.000002 0.000001 0.000001 0.000001 0.000000 0.000000 0.000000 0.000000 0.000000 0.000000 0.000000 0.000000 0.000000 0.000000 0.000000 0.000000 0.000000 0.000000 0.000000 0.000000 0.000000 0.000000 0.000000 0.000000 0.000000 
0.000000 0.000000 0.000000 0.000000 0.000000 0.000000 0.000000 0.000000 0.000000 0.000000 0.000000 0.000000 0.000000 0.000000 0.000000 0.000000 0.000000 0.000000 0.000000 0.000000 0.000000 0.000001 0.000001 0.000002 0.000003 0.000004 0.000006 0.000009 0.000012 0.000018 0.000024 0.000034 0.000045 0.000060 0.000078 0.000100 0.000126 0.000157 0.000192 0.000232 0.000274 0.000320 0.000367 0.000414 0.000460 0.000503 0.000541 0.000572 0.000596 0.000611 0.000616 0.000611 0.000596 0.000572 0.000541 0.000503 0.000460 0.000414 0.000367 0.000320 0.000274 0.000232 0.000192 0.000157 0.000126 0.000100 0.000078 0.000060 0.000045 0.000034 0.000024 0.000018 0.000012 0.000009 0.000006 0.000004 0.000003 0.000002 0.000001 0.000001 0.000000 0.000000 0.000000 0.000000 0.000000 0.000000 0.000000 0.000000 0.000000 0.000000 0.000000 0.000000 0.000000 0.000000 0.000000 0.000000 0.000000 0.000000 0.000000 0.000000 
0.000000 0.000000 0.000000 0.000000 0.000000 0.000000 0.000000 0.000000 0.000000 0.000000 0.000000 0.000000 0.000000 0.000000 0.000000 0.000000 0.000000 0.000000 0.000000 0.000001 0.000001 0.000001 0.000002 0.000003 0.000005 0.000008 0.000011 0.000016 0.000023 0.000033 0.000046 0.000062 0.000084 0.000111 0.000145 0.000186 0.000235 0.000291 0.000356 0.000429 0.000508 0.000592 0.000679 0.000767 0.000851 0.000930 0.001000 0.001059 0.001102 0.001129 0.001138 0.001129 0.001102 0.001059 0.001000 0.000930 0.000851 0.000767 0.000679 0.000592 0.000508 0.000429 0.000356 0.000291 0.000235 0.000186 0.000145 0.000111 0.000084 0.000062 0.000046 0.000033 0.000023 0.000016 0.000011 0.000008 0.000005 0.000003 0.000002 0.000001 0.000001 0.000001 0.000000 0.000000 0.000000 0.000000 0.000000 0.000000 0.000000 0.000000 0.000000 0.000000 0.000000 0.000000 0.000000 0.000000 0.000000 0.000000 0.000000 0.000000 
0.000000 0.000000 0.000000 0.000000 0.000000 0.000000 0.000000 0.000000 0.000000 0.000000 0.000000 0.000000 0.000000 0.000000 0.000000 0.000000 0.000000 0.000000 0.000001 0.000001 0.000002 0.000002 0.000004 0.000006 0.000009 0.000014 0.000020 0.000030 0.000043 0.000060 0.000083 0.000114 0.000153 0.000203 0.000265 0.000340 0.000429 0.000532 0.000651 0.000783 0.000927 0.001080 0.001239 0.001398 0.001552 0.001696 0.001823 0.001929 0.002008 0.002058 0.002074 0.002058 0.002008 0.001929 0.001823 0.001696 0.001552 0.001398 0.001239 0.001080 0.000927 0.000783 0.000651 0.000532 0.000429 0.000340 0.000265 0.000203 0.000153 0.000114 0.000083 0.000060 0.000043 0.000030 0.000020 0.000014 0.000009 0.000006 0.000004 0.000002 0.000002 0.000001 0.000001 0.000000 0.000000 0.000000 0.000000 0.000000 0.000000 0.000000 0.000000 0.000000 0.000000 0.000000 0.000000 0.000000 0.000000 0.000000 0.000000 0.000000 
0.000000 0.000000 0.000000 0.000000 0.000000 0.000000 0.000000 0.000000 0.000000 0.000000 0.000000 0.000000 0.000000 0.000000 0.000000 0.000000 0.000000 0.000001 0.000001 0.000002 0.000003 0.000004 0.000007 0.000011 0.000017 0.000025 0.000037 0.000054 0.000077 0.000109 0.000151 0.000206 0.000277 0.000366 0.000477 0.000612 0.000772 0.000958 0.001171 0.001409 0.001667 0.001942 0.002227 0.002512 0.002789 0.003047 0.003275 0.003465 0.003607 0.003695 0.003725 0.003695 0.003607 0.003465 0.003275 0.003047 0.002789 0.002512 0.002227 0.001942 0.001667 0.001409 0.001171 0.000958 0.000772 0.000612 0.000477 0.000366 0.000277 0.000206 0.000151 0.000109 0.000077 0.000054 0.000037 0.000025 0.000017 0.000011 0.000007 0.000004 0.000003 0.000002 0.000001 0.000001 0.000000 0.000000 0.000000 0.000000 0.000000 0.000000 0.000000 0.000000 0.000000 0.000000 0.000000 0.000000 0.000000 0.000000 0.000000 0.000000 
0.000000 0.000000 0.000000 0.000000 0.000000 0.000000 0.000000 0.000000 0.000000 0.000000 0.000000 0.000000 0.000000 0.000000 0.000000 0.000000 0.000001 0.000001 0.000002 0.000003 0.000005 0.000008 0.000013 0.000020 0.000030 0.000045 0.000066 0.000096 0.000137 0.000193 0.000268 0.000366 0.000492 0.000651 0.000847 0.001086 0.001370 0.001700 0.002077 0.002497 0.002955 0.003442 0.003944 0.004449 0.004938 0.005394 0.005798 0.006133 0.006384 0.006540 0.006593 0.006540 0.006384 0.006133 0.005798 0.005394 0.004938 0.004449 0.003944 0.003442 0.002955 0.002497 0.002077 0.001700 0.001370 0.001086 0.000847 0.000651 0.000492 0.000366 0.000268 0.000193 0.000137 0.000096 0.000066 0.000045 0.000030 0.000020 0.000013 0.000008 0.000005 0.000003 0.000002 0.000001 0.000001 0.000000 0.000000 0.000000 0.000000 0.000000 0.000000 0.000000 0.000000 0.000000 0.000000 0.000000 0.000000 0.000000 0.000000 0.000000 
0.000000 0.000000 0.000000 0.000000 0.000000 0.000000 0.000000 0.000000 0.000000 0.000000 0.000000 0.000000 0.000000 0.000000 0.000000 0.000001 0.000001 0.000002 0.000003 0.000005 0.000009 0.000014 0.000022 0.000034 0.000052 0.000079 0.000116 0.000169 0.000241 0.000339 0.000470 0.000642 0.000862 0.001140 0.001483 0.001900 0.002395 0.002972 0.003629 0.004363 0.005161 0.006009 0.006885 0.007764 0.008617 0.009411 0.010115 0.010698 0.011136 0.011407 0.011499 0.011407 0.011136 0.010698 0.010115 0.009411 0.008617 0.007764 0.006885 0.006009 0.005161 0.004363 0.003629 0.002972 0.002395 0.001900 0.001483 0.001140 0.000862 0.000642 0.000470 0.000339 0.000241 0.000169 0.000116 0.000079 0.000052 0.000034 0.000022 0.000014 0.000009 0.000005 0.000003 0.000002 0.000001 0.000001 0.000000 0.000000 0.000000 0.000000 0.000000 0.000000 0.000000 0.000000 0.000000 0.000000 0.000000 0.000000 0.000000 0.000000 
0.000000 0.000000 0.000000 0.000000 0.000000 0.000000 0.000000 0.000000 0.000000 0.000000 0.000000 0.000000 0.000000 0.000000 0.000001 0.000001 0.000002 0.000003 0.000006 0.000010 0.000015 0.000025 0.000039 0.000060 0.000091 0.000136 0.000201 0.000292 0.000417 0.000587 0.000813 0.001108 0.001488 0.001966 0.002557 0.003274 0.004127 0.005119 0.006250 0.007510 0.008882 0.010338 0.011843 0.013353 0.014816 0.016179 0.017387 0.018389 0.019140 0.019605 0.019763 0.019605 0.019140 0.018389 0.017387 0.016179 0.014816 0.013353 0.011843 0.010338 0.008882 0.007510 0.006250 0.005119 0.004127 0.003274 0.002557 0.001966 0.001488 0.001108 0.000813 0.000587 0.000417 0.000292 0.000201 0.000136 0.000091 0.000060 0.000039 0.000025 0.000015 0.000010 0.000006 0.000003 0.000002 0.000001 0.000001 0.000000 0.000000 0.000000 0.000000 0.000000 0.000000 0.000000 0.000000 0.000000 0.000000 0.000000 0.000000 0.000000 
0.000000 0.000000 0.000000 0.000000 0.000000 0.000000 0.000000 0.000000 0.000000 0.000000 0.000000 0.000000 0.000000 0.000001 0.000001 0.000002 0.000004 0.000006 0.000010 0.000016 0.000027 0.000042 0.000066 0.000102 0.000155 0.000233 0.000343 0.000497 0.000710 0.000999 0.001383 0.001885 0.002530 0.003342 0.004345 0.005561 0.007006 0.008687 0.010603 0.012738 0.015061 0.017526 0.020074 0.022628 0.025103 0.027409 0.029452 0.031146 0.032416 0.033203 0.033469 0.033203 0.032416 0.031146 0.029452 0.027409 0.025103 0.022628 0.020074 0.017526 0.015061 0.012738 0.010603 0.008687 0.007006 0.005561 0.004345 0.003342 0.002530 0.001885 0.001383 0.000999 0.000710 0.000497 0.000343 0.000233 0.000155 0.000102 0.000066 0.000042 0.000027 0.000016 0.000010 0.000006 0.000004 0.000002 0.000001 0.000001 0.000000 0.000000 0.000000 0.000000 0.000000 0.000000 0.000000 0.000000 0.000000 0.000000 0.000000 0.000000 
0.000000 0.000000 0.000000 0.000000 0.000000 0.000000 0.000000 0.000000 0.000000 0.000000 0.000000 0.000000 0.000001 0.000001 0.000002 0.000003 0.000006 0.000010 0.000017 0.000028 0.000045 0.000071 0.000112 0.000172 0.000261 0.000391 0.000576 0.000835 0.001192 0.001676 0.002320 0.003160 0.004239 0.005596 0.007274 0.009306 0.011719 0.014527 0.017725 0.021287 0.025163 0.029276 0.033524 0.037782 0.041909 0.045752 0.049157 0.051980 0.054096 0.055406 0.055850 0.055406 0.054096 0.051980 0.049157 0.045752 0.041909 0.037782 0.033524 0.029276 0.025163 0.021287 0.017725 0.014527 0.011719 0.009306 0.007274 0.005596 0.004239 0.003160 0.002320 0.001676 0.001192 0.000835 0.000576 0.000391 0.000261 0.000172 0.000112 0.000071 0.000045 0.000028 0.000017 0.000010 0.000006 0.000003 0.000002 0.000001 0.000001 0.000000 0.000000 0.000000 0.000000 0.000000 0.000000 0.000000 0.000000 0.000000 0.000000 0.000000 
0.000000 0.000000 0.000000 0.000000 0.000000 0.000000 0.000000 0.000000 0.000000 0.000000 0.000000 0.000001 0.000001 0.000002 0.000003 0.000006 0.000010 0.000017 0.000028 0.000046 0.000074 0.000118 0.000185 0.000285 0.000433 0.000648 0.000953 0.001382 0.001972 0.002770 0.003832 0.005218 0.006996 0.009233 0.011996 0.015342 0.019314 0.023934 0.029194 0.035051 0.041423 0.048182 0.055161 0.062157 0.068935 0.075247 0.080838 0.085474 0.088948 0.091099 0.091828 0.091099 0.088948 0.085474 0.080838 0.075247 0.068935 0.062157 0.055161 0.048182 0.041423 0.035051 0.029194 0.023934 0.019314 0.015342 0.011996 0.009233 0.006996 0.005218 0.003832 0.002770 0.001972 0.001382 0.000953 0.000648 0.000433 0.000285 0.000185 0.000118 0.000074 0.000046 0.000028 0.000017 0.000010 0.000006 0.000003 0.000002 0.000001 0.000001 0.000000 0.000000 0.000000 0.000000 0.000000 0.000000 0.000000 0.000000 0.000000 0.000000 
0.000000 0.000000 0.000000 0.000000 0.000000 0.000000 0.000000 0.000000 0.000000 0.000000 0.000001 0.000001 0.000002 0.000003 0.000005 0.000010 0.000016 0.000028 0.000046 0.000075 0.000122 0.000193 0.000303 0.000466 0.000707 0.001057 0.001555 0.002252 0.003212 0.004511 0.006237 0.008489 0.011376 0.015008 0.019490 0.024918 0.031359 0.038848 0.047372 0.056861 0.067180 0.078126 0.089425 0.100749 0.111719 0.121931 0.130979 0.138478 0.144097 0.147578 0.148757 0.147578 0.144097 0.138478 0.130979 0.121931 0.111719 0.100749 0.089425 0.078126 0.067180 0.056861 0.047372 0.038848 0.031359 0.024918 0.019490 0.015008 0.011376 0.008489 0.006237 0.004511 0.003212 0.002252 0.001555 0.001057 0.000707 0.000466 0.000303 0.000193 0.000122 0.000075 0.000046 0.000028 0.000016 0.000010 0.000005 0.000003 0.000002 0.000001 0.000001 0.000000 0.000000 0.000000 0.000000 0.000000 0.000000 0.000000 0.000000 0.000000 
0.000000 0.000000 0.000000 0.000000 0.000000 0.000000 0.000000 0.000000 0.000000 0.000000 0.000001 0.000002 0.000003 0.000005 0.000009 0.000015 0.000027 0.000045 0.000074 0.000122 0.000196 0.000311 0.000487 0.000750 0.001137 0.001698 0.002497 0.003616 0.005154 0.007235 0.009998 0.013604 0.018222 0.024030 0.031196 0.039869 0.050159 0.062120 0.075729 0.090875 0.107342 0.124803 0.142827 0.160885 0.178376 0.194658 0.209081 0.221035 0.229991 0.235538 0.237417 0.235538 0.229991 0.221035 0.209081 0.194658 0.178376 0.160885 0.142827 0.124803 0.107342 0.090875 0.075729 0.062120 0.050159 0.039869 0.031196 0.024030 0.018222 0.013604 0.009998 0.007235 0.005154 0.003616 0.002497 0.001698 0.001137 0.000750 0.000487 0.000311 0.000196 0.000122 0.000074 0.000045 0.000027 0.000015 0.000009 0.000005 0.000003 0.000002 0.000001 0.000000 0.000000 0.000000 0.000000 0.000000 0.000000 0.000000 0.000000 0.000000 
0.000000 0.000000 0.000000 0.000000 0.000000 0.000000 0.000000 0.000000 0.000000 0.000001 0.000001 0.000002 0.000004 0.000008 0.000014 0.000025 0.000042 0.000071 0.000118 0.000193 0.000311 0.000494 0.000772 0.001189 0.001802 0.002689 0.003951 0.005718 0.008147 0.011431 0.015790 0.021474 0.028753 0.037903 0.049189 0.062843 0.079037 0.097855 0.119261 0.143077 0.168964 0.196409 0.224732 0.253105 0.280583 0.306156 0.328808 0.347581 0.361645 0.370355 0.373305 0.370355 0.361645 0.347581 0.328808 0.306156 0.280583 0.253105 0.224732 0.196409 0.168964 0.143077 0.119261 0.097855 0.079037 0.062843 0.049189 0.037903 0.028753 0.021474 0.015790 0.011431 0.008147 0.005718 0.003951 0.002689 0.001802 0.001189 0.000772 0.000494 0.000311 0.000193 0.000118 0.000071 0.000042 0.000025 0.000014 0.000008 0.000004 0.000002 0.000001 0.000001 0.000000 0.000000 0.000000 0.000000 0.000000 0.000000 0.000000 0.000000 
0.000000 0.000000 0.000000 0.000000 0.000000 0.000000 0.000000 0.000000 0.000001 0.000001 0.000002 0.000004 0.000007 0.000013 0.000022 0.000039 0.000066 0.000112 0.000185 0.000303 0.000487 0.000772 0.001206 0.001855 0.002810 0.004192 0.006158 0.008906 0.012685 0.017788 0.024561 0.033390 0.044691 0.058891 0.076400 0.097576 0.122683 0.151849 0.185017 0.221912 0.262004 0.304500 0.348348 0.392265 0.434791 0.474364 0.509413 0.538457 0.560215 0.573689 0.578253 0.573689 0.560215 0.538457 0.509413 0.474364 0.434791 0.392265 0.348348 0.304500 0.262004 0.221912 0.185017 0.151849 0.122683 0.097576 0.076400 0.058891 0.044691 0.033390 0.024561 0.017788 0.012685 0.008906 0.006158 0.004192 0.002810 0.001855 0.001206 0.000772 0.000487 0.000303 0.000185 0.000112 0.000066 0.000039 0.000022 0.000013 0.000007 0.000004 0.000002 0.000001 0.000001 0.000000 0.000000 0.000000 0.000000 0.000000 0.000000 0.000000 
0.000000 0.000000 0.000000 0.000000 0.000000 0.000000 0.000000 0.000000 0.000001 0.000002 0.000003 0.000006 0.000011 0.000020 0.000034 0.000060 0.000102 0.000172 0.000285 0.000466 0.000750 0.001189 0.001855 0.002852 0.004318 0.006438 0.009451 0.013664 0.019452 0.027266 0.037632 0.051139 0.068422 0.090130 0.116887 0.149238 0.187582 0.232112 0.282741 0.339044 0.400212 0.465036 0.531908 0.598875 0.663712 0.724039 0.777464 0.821733 0.854893 0.875429 0.882384 0.875429 0.854893 0.821733 0.777464 0.724039 0.663712 0.598875 0.531908 0.465036 0.400212 0.339044 0.282741 0.232112 0.187582 0.149238 0.116887 0.090130 0.068422 0.051139 0.037632 0.027266 0.019452 0.013664 0.009451 0.006438 0.004318 0.002852 0.001855 0.001189 0.000750 0.000466 0.000285 0.000172 0.000102 0.000060 0.000034 0.000020 0.000011 0.000006 0.000003 0.000002 0.000001 0.000000 0.000000 0.000000 0.000000 0.000000 0.000000 0.000000 
0.000000 0.000000 0.000000 0.000000 0.000000 0.000000 0.000000 0.000001 0.000001 0.000003 0.000005 0.000009 0.000017 0.000030 0.000052 0.000091 0.000155 0.000261 0.000433 0.000707 0.001137 0.001802 0.002810 0.004318 0.006534 0.009736 0.014287 0.020646 0.029378 0.041163 0.056790 0.077144 0.103177 0.135866 0.176145 0.224827 0.282513 0.349486 0.425612 0.510250 0.602182 0.699588 0.800056 0.900649 0.998029 1.088626 1.168849 1.235319 1.285105 1.315937 1.326378 1.315937 1.285105 1.235319 1.168849 1.088626 0.998029 0.900649 0.800056 0.699588 0.602182 0.510250 0.425612 0.349486 0.282513 0.224827 0.176145 0.135866 0.103177 0.077144 0.056790 0.041163 0.029378 0.020646 0.014287 0.009736 0.006534 0.004318 0.002810 0.001802 0.001137 0.000707 0.000433 0.000261 0.000155 0.000091 0.000052 0.000030 0.000017 0.000009 0.000005 0.000003 0.000001 0.000001 0.000000 0.000000 0.000000 0.000000 0.000000 0.000000 
0.000000 0.000000 0.000000 0.000000 0.000000 0.000000 0.000001 0.000001 0.000002 0.000004 0.000008 0.000014 0.000025 0.000045 0.000079 0.000136 0.000233 0.000391 0.000648 0.001057 0.001698 0.002689 0.004192 0.006438 0.009736 0.014501 0.021270 0.030723 0.043699 0.061204 0.084407 0.114617 0.153243 0.201727 0.261449 0.333610 0.419092 0.518311 0.631062 0.756390 0.892492 1.036671 1.185356 1.334205 1.478280 1.612304 1.730970 1.829285 1.902918 1.948517 1.963958 1.948517 1.902918 1.829285 1.730970 1.612304 1.478280 1.334205 1.185356 1.036671 0.892492 0.756390 0.631062 0.518311 0.419092 0.333610 0.261449 0.201727 0.153243 0.114617 0.084407 0.061204 0.043699 0.030723 0.021270 0.014501 0.009736 0.006438 0.004192 0.002689 0.001698 0.001057 0.000648 0.000391 0.000233 0.000136 0.000079 0.000045 0.000025 0.000014 0.000008 0.000004 0.000002 0.000001 0.000001 0.000000 0.000000 0.000000 0.000000 0.000000 
0.000000 0.000000 0.000000 0.000000 0.000000 0.000000 0.000001 0.000002 0.000003 0.000006 0.000011 0.000020 0.000037 0.000066 0.000116 0.000201 0.000343 0.000576 0.000953 0.001555 0.002497 0.003951 0.006158 0.009451 0.014287 0.021270 0.031185 0.045025 0.064016 0.089625 0.123555 0.167717 0.224164 0.294992 0.382212 0.487566 0.612337 0.757120 0.921610 1.104410 1.302885 1.513099 1.729848 1.946804 2.156774 2.352076 2.524982 2.668225 2.775501 2.841931 2.864426 2.841931 2.775501 2.668225 2.524982 2.352076 2.156774 1.946804 1.729848 1.513099 1.302885 1.104410 0.921610 0.757120 0.612337 0.487566 0.382212 0.294992 0.224164 0.167717 0.123555 0.089625 0.064016 0.045025 0.031185 0.021270 0.014287 0.009451 0.006158 0.003951 0.002497 0.001555 0.000953 0.000576 0.000343 0.000201 0.000116 0.000066 0.000037 0.000020 0.000011 0.000006 0.000003 0.000002 0.000001 0.000000 0.000000 0.000000 0.000000 0.000000 
0.000000 0.000000 0.000000 0.000000 0.000000 0.000001 0.000001 0.000002 0.000005 0.000009 0.000016 0.000030 0.000054 0.000096 0.000169 0.000292 0.000497 0.000835 0.001382 0.002252 0.003616 0.005718 0.008906 0.013664 0.020646 0.030723 0.045025 0.064982 0.092353 0.129249 0.178118 0.241701 0.322943 0.424853 0.550310 0.701810 0.881184 1.089277 1.325642 1.588262 1.873346 2.175240 2.486470 2.797952 3.099370 3.379701 3.627863 3.833438 3.987386 4.082714 4.114995 4.082714 3.987386 3.833438 3.627863 3.379701 3.099370 2.797952 2.486470 2.175240 1.873346 1.588262 1.325642 1.089277 0.881184 0.701810 0.550310 0.424853 0.322943 0.241701 0.178118 0.129249 0.092353 0.064982 0.045025 0.030723 0.020646 0.013664 0.008906 0.005718 0.003616 0.002252 0.001382 0.000835 0.000497 0.000292 0.000169 0.000096 0.000054 0.000030 0.000016 0.000009 0.000005 0.000002 0.000001 0.000001 0.000000 0.000000 0.000000 0.000000 
0.000000 0.000000 0.000000 0.000000 0.000000 0.000001 0.000002 0.000003 0.000007 0.000012 0.000023 0.000043 0.000077 0.000137 0.000241 0.000417 0.000710 0.001192 0.001972 0.003212 0.005154 0.008147 0.012685 0.019452 0.029378 0.043699 0.064016 0.092353 0.131205 0.183558 0.252874 0.343031 0.458192 0.602606 0.780337 0.994907 1.248890 1.543469 1.877997 2.249609 2.652935 3.079971 3.520146 3.960619 4.386810 4.783145 5.133970 5.424570 5.642181 5.776925 5.822552 5.776925 5.642181 5.424570 5.133970 4.783145 4.386810 3.960619 3.520146 3.079971 2.652935 2.249609 1.877997 1.543469 1.248890 0.994907 0.780337 0.602606 0.458192 0.343031 0.252874 0.183558 0.131205 0.092353 0.064016 0.043699 0.029378 0.019452 0.012685 0.008147 0.005154 0.003212 0.001972 0.001192 0.000710 0.000417 0.000241 0.000137 0.000077 0.000043 0.000023 0.000012 0.000007 0.000003 0.000002 0.000001 0.000000 0.000000 0.000000 0.000000 
0.000000 0.000000 0.000000 0.000000 0.000001 0.000001 0.000003 0.000005 0.000009 0.000018 0.000033 0.000060 0.000109 0.000193 0.000339 0.000587 0.000999 0.001676 0.002770 0.004511 0.007235 0.011431 0.017788 0.027266 0.041163 0.061204 0.089625 0.129249 0.183558 0.256713 0.353539 0.479436 0.640201 0.841748 1.089723 1.389021 1.743210 2.153920 2.620232 3.138137 3.700141 4.295089 4.908253 5.521755 6.115297 6.667206 7.155703 7.560314 7.863286 8.050879 8.114401 8.050879 7.863286 7.560314 7.155703 6.667206 6.115297 5.521755 4.908253 4.295089 3.700141 3.138137 2.620232 2.153920 1.743210 1.389021 1.089723 0.841748 0.640201 0.479436 0.353539 0.256713 0.183558 0.129249 0.089625 0.061204 0.041163 0.027266 0.017788 0.011431 0.007235 0.004511 0.002770 0.001676 0.000999 0.000587 0.000339 0.000193 0.000109 0.000060 0.000033 0.000018 0.000009 0.000005 0.000003 0.000001 0.000001 0.000000 0.000000 0.000000 
0.000000 0.000000 0.000000 0.000000 0.000001 0.000002 0.000003 0.000007 0.000013 0.000024 0.000046 0.000083 0.000151 0.000268 0.000470 0.000813 0.001383 0.002320 0.003832 0.006237 0.009998 0.015790 0.024561 0.037632 0.056790 0.084407 0.123555 0.178118 0.252874 0.353539 0.486735 0.659868 0.880888 1.157898 1.498633 1.909789 2.396240 2.960197 3.600376 4.311254 5.082534 5.898898 6.740145 7.581751 8.395888 9.152850 9.822789 10.377651 10.793110 11.050345 11.137448 11.050345 10.793110 10.377651 9.822789 9.152850 8.395888 7.581751 6.740145 5.898898 5.082534 4.311254 3.600376 2.960197 2.396240 1.909789 1.498633 1.157898 0.880888 0.659868 0.486735 0.353539 0.252874 0.178118 0.123555 0.084407 0.056790 0.037632 0.024561 0.015790 0.009998 0.006237 0.003832 0.002320 0.001383 0.000813 0.000470 0.000268 0.000151 0.000083 0.000046 0.000024 0.000013 0.000007 0.000003 0.000002 0.000001 0.000000 0.000000 0.000000 
0.000000 0.000000 0.000000 0.000001 0.000001 0.000002 0.000005 0.000009 0.000018 0.000034 0.000062 0.000114 0.000206 0.000366 0.000642 0.001108 0.001885 0.003160 0.005218 0.008489 0.013604 0.021474 0.033390 0.051139 0.077144 0.114617 0.167717 0.241701 0.343031 0.479436 0.659868 0.894335 1.193567 1.568507 2.029586 2.585829 3.243794 4.006438 4.871993 5.832969 6.875431 7.978669 9.115384 10.252451 11.352295 12.374809 13.279706 14.029122 14.590232 14.937637 15.055271 14.937637 14.590232 14.029122 13.279706 12.374809 11.352295 10.252451 9.115384 7.978669 6.875431 5.832969 4.871993 4.006438 3.243794 2.585829 2.029586 1.568507 1.193567 0.894335 0.659868 0.479436 0.343031 0.241701 0.167717 0.114617 0.077144 0.051139 0.033390 0.021474 0.013604 0.008489 0.005218 0.003160 0.001885 0.001108 0.000642 0.000366 0.000206 0.000114 0.000062 0.000034 0.000018 0.000009 0.000005 0.000002 0.000001 0.000001 0.000000 0.000000 
0.000000 0.000000 0.000000 0.000001 0.000002 0.000003 0.000006 0.000013 0.000024 0.000045 0.000084 0.000153 0.000277 0.000492 0.000862 0.001488 0.002530 0.004239 0.006996 0.011376 0.018222 0.028753 0.044691 0.068422 0.103177 0.153243 0.224164 0.322943 0.458192 0.640201 0.880888 1.193567 1.592514 2.092272 2.706703 3.447785 4.324209 5.339873 6.492383 7.771738 9.159364 10.627688 12.140377 13.653368 15.116689 16.477010 17.680773 18.677649 19.424009 19.886096 20.042561 19.886096 19.424009 18.677649 17.680773 16.477010 15.116689 13.653368 12.140377 10.627688 9.159364 7.771738 6.492383 5.339873 4.324209 3.447785 2.706703 2.092272 1.592514 1.193567 0.880888 0.640201 0.458192 0.322943 0.224164 0.153243 0.103177 0.068422 0.044691 0.028753 0.018222 0.011376 0.006996 0.004239 0.002530 0.001488 0.000862 0.000492 0.000277 0.000153 0.000084 0.000045 0.000024 0.000013 0.000006 0.000003 0.000002 0.000001 0.000000 0.000000 
0.000000 0.000000 0.000000 0.000001 0.000002 0.000004 0.000009 0.000017 0.000032 0.000060 0.000111 0.000203 0.000366 0.000651 0.001140 0.001966 0.003342 0.005596 0.009233 0.015008 0.024030 0.037903 0.058891 0.090130 0.135866 0.201727 0.294992 0.424853 0.602606 0.841748 1.157898 1.568507 2.092272 2.748237 3.554538 4.526836 5.676479 7.008526 8.519790 10.197120 12.016141 13.940694 15.923166 17.905825 19.823220 21.605512 23.182581 24.488533 25.466260 26.071577 26.276536 26.071577 25.466260 24.488533 23.182581 21.605512 19.823220 17.905825 15.923166 13.940694 12.016141 10.197120 8.519790 7.008526 5.676479 4.526836 3.554538 2.748237 2.092272 1.568507 1.157898 0.841748 0.602606 0.424853 0.294992 0.201727 0.135866 0.090130 0.058891 0.037903 0.024030 0.015008 0.009233 0.005596 0.003342 0.001966 0.001140 0.000651 0.000366 0.000203 0.000111 0.000060 0.000032 0.000017 0.000009 0.000004 0.000002 0.000001 0.000000 0.000000 
0.000000 0.000000 0.000001 0.000001 0.000003 0.000006 0.000011 0.000022 0.000041 0.000078 0.000145 0.000265 0.000477 0.000847 0.001483 0.002557 0.004345 0.007274 0.011996 0.019490 0.031196 0.049189 0.076400 0.116887 0.176145 0.261449 0.382212 0.550310 0.780337 1.089723 1.498633 2.029586 2.706703 3.554538 4.596465 5.852651 7.337689 9.058049 11.009558 13.175189 15.523441 18.007623 20.566280 23.124928 25.599135 27.898837 29.933611 31.618501 32.879880 33.660788 33.925199 33.660788 32.879880 31.618501 29.933611 27.898837 25.599135 23.124928 20.566280 18.007623 15.523441 13.175189 11.009558 9.058049 7.337689 5.852651 4.596465 3.554538 2.706703 2.029586 1.498633 1.089723 0.780337 0.550310 0.382212 0.261449 0.176145 0.116887 0.076400 0.049189 0.031196 0.019490 0.011996 0.007274 0.004345 0.002557 0.001483 0.000847 0.000477 0.000265 0.000145 0.000078 0.000041 0.000022 0.000011 0.000006 0.000003 0.000001 0.000001 0.000000 
0.000000 0.000000 0.000001 0.000002 0.000004 0.000007 0.000014 0.000028 0.000053 0.000100 0.000186 0.000340 0.000612 0.001086 0.001900 0.003274 0.005561 0.009306 0.015342 0.024918 0.039869 0.062843 0.097576 0.149238 0.224827 0.333610 0.487566 0.701810 0.994907 1.389021 1.909789 2.585829 3.447785 4.526836 5.852651 7.450809 9.339791 11.527749 14.009310 16.762768 19.748036 22.905742 26.157775 29.409494 32.553644 35.475834 38.061234 40.201969 41.804558 42.796682 43.132606 42.796682 41.804558 40.201969 38.061234 35.475834 32.553644 29.409494 26.157775 22.905742 19.748036 16.762768 14.009310 11.527749 9.339791 7.450809 5.852651 4.526836 3.447785 2.585829 1.909789 1.389021 0.994907 0.701810 0.487566 0.333610 0.224827 0.149238 0.097576 0.062843 0.039869 0.024918 0.015342 0.009306 0.005561 0.003274 0.001900 0.001086 0.000612 0.000340 0.000186 0.000100 0.000053 0.000028 0.000014 0.000007 0.000004 0.000002 0.000001 0.000000 
0.000000 0.000000 0.000001 0.000002 0.000005 0.000009 0.000018 0.000035 0.000067 0.000126 0.000235 0.000429 0.000772 0.001370 0.002395 0.004127 0.007006 0.011719 0.019314 0.031359 0.050159 0.079037 0.122683 0.187582 0.282513 0.419092 0.612337 0.881184 1.248890 1.743210 2.396240 3.243794 4.324209 5.676479 7.337689 9.339791 11.705839 14.445956 17.553332 21.000724 24.737903 28.690522 32.760815 36.830362 40.764986 44.421608 47.656619 50.335121 52.340226 53.581510 54.001793 53.581510 52.340226 50.335121 47.656619 44.421608 40.764986 36.830362 32.760815 28.690522 24.737903 21.000724 17.553332 14.445956 11.705839 9.339791 7.337689 5.676479 4.324209 3.243794 2.396240 1.743210 1.248890 0.881184 0.612337 0.419092 0.282513 0.187582 0.122683 0.079037 0.050159 0.031359 0.019314 0.011719 0.007006 0.004127 0.002395 0.001370 0.000772 0.000429 0.000235 0.000126 0.000067 0.000035 0.000018 0.000009 0.000005 0.000002 0.000001 0.000000 
0.000000 0.000001 0.000001 0.000003 0.000006 0.000012 0.000023 0.000044 0.000084 0.000157 0.000291 0.000532 0.000958 0.001700 0.002972 0.005119 0.008687 0.014527 0.023934 0.038848 0.062120 0.097855 0.151849 0.232112 0.349486 0.518311 0.757120 1.089277 1.543469 2.153920 2.960197 4.006438 5.339873 7.008526 9.058049 11.527749 14.445956 17.825048 21.656540 25.906767 30.513752 35.385828 40.402495 45.417835 50.266551 54.772406 58.758531 62.058802 64.529281 66.058631 66.576444 66.058631 64.529281 62.058802 58.758531 54.772406 50.266551 45.417835 40.402495 35.385828 30.513752 25.906767 21.656540 17.825048 14.445956 11.527749 9.058049 7.008526 5.339873 4.006438 2.960197 2.153920 1.543469 1.089277 0.757120 0.518311 0.349486 0.232112 0.151849 0.097855 0.062120 0.038848 0.023934 0.014527 0.008687 0.005119 0.002972 0.001700 0.000958 0.000532 0.000291 0.000157 0.000084 0.000044 0.000023 0.000011 0.000006 0.000003 0.000001 0.000000 
0.000000 0.000001 0.000002 0.000003 0.000007 0.000014 0.000028 0.000054 0.000102 0.000192 0.000356 0.000651 0.001171 0.002077 0.003629 0.006250 0.010603 0.017725 0.029194 0.047372 0.075729 0.119261 0.185017 0.282741 0.425612 0.631062 0.921610 1.325642 1.877997 2.620232 3.600376 4.871993 6.492383 8.519790 11.009558 14.009310 17.553332 21.656540 26.308527 31.468339 37.060683 42.974262 49.062826 55.149324 61.033224 66.500755 71.337403 75.341706 78.339117 80.194629 80.822870 80.194629 78.339117 75.341706 71.337403 66.500755 61.033224 55.149324 49.062826 42.974262 37.060683 31.468339 26.308527 21.656540 17.553332 14.009310 11.009558 8.519790 6.492383 4.871993 3.600376 2.620232 1.877997 1.325642 0.921610 0.631062 0.425612 0.282741 0.185017 0.119261 0.075729 0.047372 0.029194 0.017725 0.010603 0.006250 0.003629 0.002077 0.001171 0.000651 0.000356 0.000192 0.000102 0.000054 0.000028 0.000014 0.000007 0.000003 0.000001 0.000000 
0.000000 0.000001 0.000002 0.000004 0.000009 0.000017 0.000033 0.000065 0.000123 0.000232 0.000429 0.000783 0.001409 0.002497 0.004363 0.007510 0.012738 0.021287 0.035051 0.056861 0.090875 0.143077 0.221912 0.339044 0.510250 0.756390 1.104410 1.588262 2.249609 3.138137 4.311254 5.832969 7.771738 10.197120 13.175189 16.762768 21.000724 25.906767 31.468339 37.636391 44.320859 51.388686 58.665088 65.938516 72.969414 79.502437 85.281384 90.065658 93.646822 95.863661 96.614233 95.863661 93.646822 90.065658 85.281384 79.502437 72.969414 65.938516 58.665088 51.388686 44.320859 37.636391 31.468339 25.906767 21.000724 16.762768 13.175189 10.197120 7.771738 5.832969 4.311254 3.138137 2.249609 1.588262 1.104410 0.756390 0.510250 0.339044 0.221912 0.143077 0.090875 0.056861 0.035051 0.021287 0.012738 0.007510 0.004363 0.002497 0.001409 0.000783 0.000429 0.000232 0.000123 0.000065 0.000033 0.000017 0.000008 0.000004 0.000002 0.000000 
0.000000 0.000001 0.000002 0.000005 0.000010 0.000020 0.000040 0.000077 0.000146 0.000274 0.000508 0.000927 0.001667 0.002955 0.005161 0.008882 0.015061 0.025163 0.041423 0.067180 0.107342 0.168964 0.262004 0.400212 0.602182 0.892492 1.302885 1.873346 2.652935 3.700141 5.082534 6.875431 9.159364 12.016141 15.523441 19.748036 24.737903 30.513752 37.060683 44.320859 52.188207 60.506096 69.068843 77.627550 85.900412 93.587089 100.386260 106.014979 110.228134 112.836152 113.719162 112.836152 110.228134 106.014979 100.386260 93.587089 85.900412 77.627550 69.068843 60.506096 52.188207 44.320859 37.060683 30.513752 24.737903 19.748036 15.523441 12.016141 9.159364 6.875431 5.082534 3.700141 2.652935 1.873346 1.302885 0.892492 0.602182 0.400212 0.262004 0.168964 0.107342 0.067180 0.041423 0.025163 0.015061 0.008882 0.005161 0.002955 0.001667 0.000927 0.000508 0.000274 0.000146 0.000077 0.000040 0.000020 0.000010 0.000005 0.000002 0.000000 
0.000000 0.000001 0.000003 0.000006 0.000012 0.000024 0.000046 0.000089 0.000170 0.000320 0.000592 0.001080 0.001942 0.003442 0.006009 0.010338 0.017526 0.029276 0.048182 0.078126 0.124803 0.196409 0.304500 0.465036 0.699588 1.036671 1.513099 2.175240 3.079971 4.295089 5.898898 7.978669 10.627688 13.940694 18.007623 22.905742 28.690522 35.385828 42.974262 51.388686 60.506096 70.144948 80.066905 89.983615 99.568645 108.474133 116.351109 122.871907 127.752687 130.773934 131.796845 130.773934 127.752687 122.871907 116.351109 108.474133 99.568645 89.983615 80.066905 70.144948 60.506096 51.388686 42.974262 35.385828 28.690522 22.905742 18.007623 13.940694 10.627688 7.978669 5.898898 4.295089 3.079971 2.175240 1.513099 1.036671 0.699588 0.465036 0.304500 0.196409 0.124803 0.078126 0.048182 0.029276 0.017526 0.010338 0.006009 0.003442 0.001942 0.001080 0.000592 0.000320 0.000170 0.000089 0.000046 0.000024 0.000012 0.000006 0.000002 0.000000 
0.000000 0.000001 0.000003 0.000007 0.000014 0.000027 0.000053 0.000103 0.000195 0.000367 0.000679 0.001239 0.002227 0.003944 0.006885 0.011843 0.020074 0.033524 0.055161 0.089425 0.142827 0.224732 0.348348 0.531908 0.800056 1.185356 1.729848 2.486470 3.520146 4.908253 6.740145 9.115384 12.140377 15.923166 20.566280 26.157775 32.760815 40.402495 49.062826 58.665088 69.068843 80.066905 91.387343 102.701216 113.636189 123.795524 132.781250 140.219714 145.787256 149.233569 150.400389 149.233569 145.787256 140.219714 132.781250 123.795524 113.636189 102.701216 91.387343 80.066905 69.068843 58.665088 49.062826 40.402495 32.760815 26.157775 20.566280 15.923166 12.140377 9.115384 6.740145 4.908253 3.520146 2.486470 1.729848 1.185356 0.800056 0.531908 0.348348 0.224732 0.142827 0.089425 0.055161 0.033524 0.020074 0.011843 0.006885 0.003944 0.002227 0.001239 0.000679 0.000367 0.000195 0.000103 0.000053 0.000027 0.000013 0.000006 0.000003 0.000000 
