0.000000 0.000000 0.000000 0.000000 0.000000 0.000000 0.000000 0.000000 0.000000 0.000000 0.000000 0.000000 0.000000 0.000000 0.000000 0.000000 0.000000 0.000000 0.000000 0.000000 0.000000 0.000000 0.000000 0.000000 0.000000 0.000000 0.000000 0.000000 0.000000 0.000000 0.000000 0.000000 0.000000 0.000000 0.000000 0.000000 0.000000 0.000000 0.000000 0.000000 0.000000 0.000000 0.000000 0.000000 0.000000 0.000000 0.000000 0.000000 0.000000 0.000000 0.000000 0.000000 0.000000 0.000000 0.000000 0.000000 0.000000 0.000000 0.000000 0.000000 0.000000 0.000000 0.000000 0.000000 0.000000 0.000000 0.000000 0.000000 0.000000 0.000000 0.000000 0.000000 0.000000 0.000000 0.000000 0.000000 0.000000 0.000000 0.000000 0.000000 0.000000 0.000000 0.000000 0.000000 0.000000 0.000000 0.000000 0.000000 0.000000 0.000000 0.000000 0.000000 0.000000 0.000000 0.000000 0.000000 0.000000 0.000000 0.000000 0.000000 
0.000000 0.000000 0.000000 0.000000 0.000000 0.000000 0.000000 0.000000 0.000000 0.000000 0.000000 0.000000 0.000000 0.000000 0.000000 0.000000 0.000000 0.000000 0.000000 0.000000 0.000000 0.000000 0.000000 0.000000 0.000000 0.000000 0.000000 0.000000 0.000000 0.000000 0.000000 0.000000 0.000000 0.000001 0.000001 0.000001 0.000001 0.000001 0.000002 0.000002 0.000003 0.000003 0.000003 0.000004 0.000004 0.000004 0.000005 0.000005 0.000005 0.000005 0.000005 0.000005 0.000005 0.000005 0.000005 0.000004 0.000004 0.000004 0.000003 0.000003 0.000003 0.000002 0.000002 0.000001 0.000001 0.000001 0.000001 0.000001 0.000000 0.000000 0.000000 0.000000 0.000000 0.000000 0.000000 0.000000 0.000000 0.000000 0.000000 0.000000 0.000000 0.000000 0.000000 0.000000 0.000000 0.000000 0.000000 0.000000 0.000000 0.000000 0.000000 0.000000 0.000000 0.000000 0.000000 0.000000 0.000000 0.000000 0.000000 0.000000 
0.000000 0.000000 0.000000 0.000000 0.000000 0.000000 0.000000 0.000000 0.000000 0.000000 0.000000 0.000000 0.000000 0.000000 0.000000 0.000000 0.000000 0.000000 0.000000 0.000000 0.000000 0.000000 0.000000 0.000000 0.000000 0.000000 0.000000 0.000000 0.000000 0.000000 0.000001 0.000001 0.000001 0.000001 0.000002 0.000002 0.000003 0.000004 0.000004 0.000005 0.000006 0.000007 0.000008 0.000009 0.000010 0.000011 0.000012 0.000013 0.000013 0.000013 0.000013 0.000013 0.000013 0.000013 0.000012 0.000011 0.000010 0.000009 0.000008 0.000007 0.000006 0.000005 0.000004 0.000004 0.000003 0.000002 0.000002 0.000001 0.000001 0.000001 0.000001 0.000000 0.000000 0.000000 0.000000 0.000000 0.000000 0.000000 0.000000 0.000000 0.000000 0.000000 0.000000 0.000000 0.000000 0.000000 0.000000 0.000000 0.000000 0.000000 0.000000 0.000000 0.000000 0.000000 0.000000 0.000000 0.000000 0.000000 0.000000 0.000000 
0.000000 0.000000 0.000000 0.000000 0.000000 0.000000 0.000000 0.000000 0.000000 0.000000 0.000000 0.000000 0.000000 0.000000 0.000000 0.000000 0.000000 0.000000 0.000000 0.000000 0.000000 0.000000 0.000000 0.000000 0.000000 0.000000 0.000000 0.000000 0.000001 0.000001 0.000001 0.000002 0.000002 0.000003 0.000004 0.000005 0.000006 0.000008 0.000009 0.000011 0.000013 0.000015 0.000017 0.000019 0.000021 0.000023 0.000024 0.000026 0.000027 0.000027 0.000028 0.000027 0.000027 0.000026 0.000024 0.000023 0.000021 0.000019 0.000017 0.000015 0.000013 0.000011 0.000009 0.000008 0.000006 0.000005 0.000004 0.000003 0.000002 0.000002 0.000001 0.000001 0.000001 0.000000 0.000000 0.000000 0.000000 0.000000 0.000000 0.000000 0.000000 0.000000 0.000000 0.000000 0.000000 0.000000 0.000000 0.000000 0.000000 0.000000 0.000000 0.000000 0.000000 0.000000 0.000000 0.000000 0.000000 0.000000 0.000000 0.000000 
0.000000 0.000000 0.000000 0.000000 0.000000 0.000000 0.000000 0.000000 0.000000 0.000000 0.000000 0.000000 0.000000 0.000000 0.000000 0.000000 0.000000 0.000000 0.000000 0.000000 0.000000 0.000000 0.000000 0.000000 0.000000 0.000000 0.000001 0.000001 0.000001 0.000002 0.000003 0.000003 0.000005 0.000006 0.000008 0.000010 0.000012 0.000015 0.000018 0.000021 0.000025 0.000029 0.000033 0.000037 0.000041 0.000045 0.000048 0.000051 0.000053 0.000054 0.000054 0.000054 0.000053 0.000051 0.000048 0.000045 0.000041 0.000037 0.000033 0.000029 0.000025 0.000021 0.000018 0.000015 0.000012 0.000010 0.000008 0.000006 0.000005 0.000003 0.000003 0.000002 0.000001 0.000001 0.000001 0.000000 0.000000 0.000000 0.000000 0.000000 0.000000 0.000000 0.000000 0.000000 0.000000 0.000000 0.000000 0.000000 0.000000 0.000000 0.000000 0.000000 0.000000 0.000000 0.000000 0.000000 0.000000 0.000000 0.000000 0.000000 
0.000000 0.000000 0.000000 0.000000 0.000000 0.000000 0.000000 0.000000 0.000000 0.000000 0.000000 0.000000 0.000000 0.000000 0.000000 0.000000 0.000000 0.000000 0.000000 0.000000 0.000000 0.000000 0.000000 0.000000 0.000001 0.000001 0.000001 0.000002 0.000003 0.000004 0.000005 0.000007 0.000009 0.000011 0.000015 0.000019 0.000023 0.000029 0.000035 0.000041 0.000048 0.000056 0.000064 0.000071 0.000079 0.000086 0.000092 0.000097 0.000101 0.000103 0.000104 0.000103 0.000101 0.000097 0.000092 0.000086 0.000079 0.000071 0.000064 0.000056 0.000048 0.000041 0.000035 0.000029 0.000023 0.000019 0.000015 0.000011 0.000009 0.000007 0.000005 0.000004 0.000003 0.000002 0.000001 0.000001 0.000001 0.000000 0.000000 0.000000 0.000000 0.000000 0.000000 0.000000 0.000000 0.000000 0.000000 0.000000 0.000000 0.000000 0.000000 0.000000 0.000000 0.000000 0.000000 0.000000 0.000000 0.000000 0.000000 0.000000 
0.000000 0.000000 0.000000 0.000000 0.000000 0.000000 0.000000 0.000000 0.000000 0.000000 0.000000 0.000000 0.000000 0.000000 0.000000 0.000000 0.000000 0.000000 0.000000 0.000000 0.000000 0.000000 0.000001 0.000001 0.000001 0.000002 0.000002 0.000004 0.000005 0.000007 0.000009 0.000013 0.000017 0.000022 0.000028 0.000035 0.000044 0.000054 0.000066 0.000078 0.000092 0.000106 0.000120 0.000135 0.000149 0.000162 0.000174 0.000183 0.000190 0.000195 0.000196 0.000195 0.000190 0.000183 0.000174 0.000162 0.000149 0.000135 0.000120 0.000106 0.000092 0.000078 0.000066 0.000054 0.000044 0.000035 0.000028 0.000022 0.000017 0.000013 0.000009 0.000007 0.000005 0.000004 0.000002 0.000002 0.000001 0.000001 0.000001 0.000000 0.000000 0.000000 0.000000 0.000000 0.000000 0.000000 0.000000 0.000000 0.000000 0.000000 0.000000 0.000000 0.000000 0.000000 0.000000 0.000000 0.000000 0.000000 0.000000 0.000000 
0.000000 0.000000 0.000000 0.000000 0.000000 0.000000 0.000000 0.000000 0.000000 0.000000 0.000000 0.000000 0.000000 0.000000 0.000000 0.000000 0.000000 0.000000 0.000000 0.000000 0.000000 0.000001 0.000001 0.000001 0.000002 0.000003 0.000005 0.000007 0.000009 0.000013 0.000018 0.000024 0.000031 0.000041 0.000052 0.000066 0.000082 0.000101 0.000122 0.000145 0.000171 0.000197 0.000224 0.000251 0.000278 0.000302 0.000323 0.000341 0.000354 0.000362 0.000365 0.000362 0.000354 0.000341 0.000323 0.000302 0.000278 0.000251 0.000224 0.000197 0.000171 0.000145 0.000122 0.000101 0.000082 0.000066 0.000052 0.000041 0.000031 0.000024 0.000018 0.000013 0.000009 0.000007 0.000005 0.000003 0.000002 0.000001 0.000001 0.000001 0.000000 0.000000 0.000000 0.000000 0.000000 0.000000 0.000000 0.000000 0.000000 0.000000 0.000000 0.000000 0.000000 0.000000 0.000000 0.000000 0.000000 0.000000 0.000000 0.000000 
0.000000 0.000000 0.000000 0.000000 0.000000 0.000000 0.000000 0.000000 0.000000 0.000000 0.000000 0.000000 0.000000 0.000000 0.000000 0.000000 0.000000 0.000000 0.000000 0.000000 0.000001 0.000001 0.000002 0.000003 0.000004 0.000006 0.000009 0.000012 0.000017 0.000024 0.000032 0.000044 0.000058 0.000075 0.000096 0.000122 0.000152 0.000186 0.000225 0.000268 0.000314 0.000362 0.000412 0.000462 0.000510 0.000554 0.000593 0.000626 0.000650 0.000665 0.000670 0.000665 0.000650 0.000626 0.000593 0.000554 0.000510 0.000462 0.000412 0.000362 0.000314 0.000268 0.000225 0.000186 0.000152 0.000122 0.000096 0.000075 0.000058 0.000044 0.000032 0.000024 0.000017 0.000012 0.000009 0.000006 0.000004 0.000003 0.000002 0.000001 0.000001 0.000000 0.000000 0.000000 0.000000 0.000000 0.000000 0.000000 0.000000 0.000000 0.000000 0.000000 0.000000 0.000000 0.000000 0.000000 0.000000 0.000000 0.000000 0.000000 
0.000000 0.000000 0.000000 0.000000 0.000000 0.000000 0.000000 0.000000 0.000000 0.000000 0.000000 0.000000 0.000000 0.000000 0.000000 0.000000 0.000000 0.000000 0.000001 0.000001 0.000001 0.000002 0.000003 0.000005 0.000007 0.000011 0.000016 0.000022 0.000031 0.000043 0.000059 0.000079 0.000105 0.000136 0.000175 0.000221 0.000275 0.000337 0.000408 0.000485 0.000569 0.000657 0.000747 0.000837 0.000924 0.001004 0.001075 0.001133 0.001177 0.001204 0.001213 0.001204 0.001177 0.001133 0.001075 0.001004 0.000924 0.000837 0.000747 0.000657 0.000569 0.000485 0.000408 0.000337 0.000275 0.000221 0.000175 0.000136 0.000105 0.000079 0.000059 0.000043 0.000031 0.000022 0.000016 0.000011 0.000007 0.000005 0.000003 0.000002 0.000001 0.000001 0.000001 0.000000 0.000000 0.000000 0.000000 0.000000 0.000000 0.000000 0.000000 0.000000 0.000000 0.000000 0.000000 0.000000 0.000000 0.000000 0.000000 0.000000 
0.000000 0.000000 0.000000 0.000000 0.000000 0.000000 0.000000 0.000000 0.000000 0.000000 0.000000 0.000000 0.000000 0.000000 0.000000 0.000000 0.000000 0.000001 0.000001 0.000002 0.000002 0.000004 0.000006 0.000009 0.000013 0.000020 0.000028 0.000040 0.000056 0.000078 0.000106 0.000142 0.000188 0.000244 0.000313 0.000396 0.000493 0.000604 0.000730 0.000868 0.001017 0.001174 0.001335 0.001496 0.001650 0.001794 0.001920 0.002024 0.002103 0.002151 0.002167 0.002151 0.002103 0.002024 0.001920 0.001794 0.001650 0.001496 0.001335 0.001174 0.001017 0.000868 0.000730 0.000604 0.000493 0.000396 0.000313 0.000244 0.000188 0.000142 0.000106 0.000078 0.000056 0.000040 0.000028 0.000020 0.000013 0.000009 0.000006 0.000004 0.000002 0.000002 0.000001 0.000001 0.000000 0.000000 0.000000 0.000000 0.000000 0.000000 0.000000 0.000000 0.000000 0.000000 0.000000 0.000000 0.000000 0.000000 0.000000 0.000000 
0.000000 0.000000 0.000000 0.000000 0.000000 0.000000 0.000000 0.000000 0.000000 0.000000 0.000000 0.000000 0.000000 0.000000 0.000000 0.000000 0.000001 0.000001 0.000002 0.000003 0.000004 0.000007 0.000011 0.000016 0.000024 0.000035 0.000050 0.000071 0.000100 0.000138 0.000187 0.000251 0.000332 0.000432 0.000554 0.000699 0.000870 0.001066 0.001287 0.001531 0.001794 0.002071 0.002354 0.002637 0.002909 0.003161 0.003383 0.003567 0.003704 0.003789 0.003818 0.003789 0.003704 0.003567 0.003383 0.003161 0.002909 0.002637 0.002354 0.002071 0.001794 0.001531 0.001287 0.001066 0.000870 0.000699 0.000554 0.000432 0.000332 0.000251 0.000187 0.000138 0.000100 0.000071 0.000050 0.000035 0.000024 0.000016 0.000011 0.000007 0.000004 0.000003 0.000002 0.000001 0.000001 0.000000 0.000000 0.000000 0.000000 0.000000 0.000000 0.000000 0.000000 0.000000 0.000000 0.000000 0.000000 0.000000 0.000000 0.000000 
0.000000 0.000000 0.000000 0.000000 0.000000 0.000000 0.000000 0.000000 0.000000 0.000000 0.000000 0.000000 0.000000 0.000000 0.000000 0.000001 0.000001 0.000002 0.000003 0.000005 0.000008 0.000012 0.000019 0.000028 0.000041 0.000061 0.000088 0.000124 0.000174 0.000241 0.000327 0.000439 0.000579 0.000753 0.000965 0.001218 0.001515 0.001857 0.002241 0.002665 0.003121 0.003602 0.004094 0.004585 0.005057 0.005494 0.005880 0.006199 0.006437 0.006585 0.006634 0.006585 0.006437 0.006199 0.005880 0.005494 0.005057 0.004585 0.004094 0.003602 0.003121 0.002665 0.002241 0.001857 0.001515 0.001218 0.000965 0.000753 0.000579 0.000439 0.000327 0.000241 0.000174 0.000124 0.000088 0.000061 0.000041 0.000028 0.000019 0.000012 0.000008 0.000005 0.000003 0.000002 0.000001 0.000001 0.000000 0.000000 0.000000 0.000000 0.000000 0.000000 0.000000 0.000000 0.000000 0.000000 0.000000 0.000000 0.000000 0.000000 
0.000000 0.000000 0.000000 0.000000 0.000000 0.000000 0.000000 0.000000 0.000000 0.000000 0.000000 0.000000 0.000000 0.000000 0.000001 0.000001 0.000002 0.000003 0.000005 0.000009 0.000013 0.000021 0.000032 0.000048 0.000072 0.000105 0.000151 0.000215 0.000300 0.000414 0.000563 0.000755 0.000996 0.001295 0.001659 0.002093 0.002603 0.003188 0.003847 0.004573 0.005356 0.006179 0.007022 0.007861 0.008669 0.009418 0.010079 0.010624 0.011032 0.011284 0.011370 0.011284 0.011032 0.010624 0.010079 0.009418 0.008669 0.007861 0.007022 0.006179 0.005356 0.004573 0.003847 0.003188 0.002603 0.002093 0.001659 0.001295 0.000996 0.000755 0.000563 0.000414 0.000300 0.000215 0.000151 0.000105 0.000072 0.000048 0.000032 0.000021 0.000013 0.000009 0.000005 0.000003 0.000002 0.000001 0.000001 0.000000 0.000000 0.000000 0.000000 0.000000 0.000000 0.000000 0.000000 0.000000 0.000000 0.000000 0.000000 0.000000 
0.000000 0.000000 0.000000 0.000000 0.000000 0.000000 0.000000 0.000000 0.000000 0.000000 0.000000 0.000000 0.000000 0.000001 0.000001 0.000002 0.000003 0.000006 0.000009 0.000015 0.000023 0.000036 0.000055 0.000082 0.000122 0.000178 0.000257 0.000365 0.000511 0.000704 0.000957 0.001281 0.001689 0.002195 0.002811 0.003547 0.004408 0.005398 0.006512 0.007740 0.009062 0.010452 0.011876 0.013294 0.014659 0.015922 0.017037 0.017958 0.018647 0.019072 0.019216 0.019072 0.018647 0.017958 0.017037 0.015922 0.014659 0.013294 0.011876 0.010452 0.009062 0.007740 0.006512 0.005398 0.004408 0.003547 0.002811 0.002195 0.001689 0.001281 0.000957 0.000704 0.000511 0.000365 0.000257 0.000178 0.000122 0.000082 0.000055 0.000036 0.000023 0.000015 0.000009 0.000006 0.000003 0.000002 0.000001 0.000001 0.000000 0.000000 0.000000 0.000000 0.000000 0.000000 0.000000 0.000000 0.000000 0.000000 0.000000 0.000000 
0.000000 0.000000 0.000000 0.000000 0.000000 0.000000 0.000000 0.000000 0.000000 0.000000 0.000000 0.000000 0.000001 0.000001 0.000002 0.000003 0.000006 0.000010 0.000015 0.000025 0.000039 0.000060 0.000092 0.000138 0.000205 0.000299 0.000431 0.000612 0.000855 0.001179 0.001601 0.002143 0.002825 0.003671 0.004699 0.005926 0.007363 0.009014 0.010871 0.012917 0.015120 0.017437 0.019809 0.022170 0.024442 0.026547 0.028403 0.029936 0.031081 0.031790 0.032030 0.031790 0.031081 0.029936 0.028403 0.026547 0.024442 0.022170 0.019809 0.017437 0.015120 0.012917 0.010871 0.009014 0.007363 0.005926 0.004699 0.003671 0.002825 0.002143 0.001601 0.001179 0.000855 0.000612 0.000431 0.000299 0.000205 0.000138 0.000092 0.000060 0.000039 0.000025 0.000015 0.000010 0.000006 0.000003 0.000002 0.000001 0.000001 0.000000 0.000000 0.000000 0.000000 0.000000 0.000000 0.000000 0.000000 0.000000 0.000000 0.000000 
0.000000 0.000000 0.000000 0.000000 0.000000 0.000000 0.000000 0.000000 0.000000 0.000000 0.000000 0.000001 0.000001 0.000002 0.000003 0.000006 0.000010 0.000016 0.000026 0.000041 0.000064 0.000100 0.000152 0.000229 0.000339 0.000495 0.000713 0.001011 0.001413 0.001947 0.002643 0.003536 0.004660 0.006052 0.007744 0.009764 0.012128 0.014843 0.017897 0.021259 0.024880 0.028686 0.032582 0.036459 0.040191 0.043646 0.046694 0.049210 0.051091 0.052254 0.052647 0.052254 0.051091 0.049210 0.046694 0.043646 0.040191 0.036459 0.032582 0.028686 0.024880 0.021259 0.017897 0.014843 0.012128 0.009764 0.007744 0.006052 0.004660 0.003536 0.002643 0.001947 0.001413 0.001011 0.000713 0.000495 0.000339 0.000229 0.000152 0.000100 0.000064 0.000041 0.000026 0.000016 0.000010 0.000006 0.000003 0.000002 0.000001 0.000001 0.000000 0.000000 0.000000 0.000000 0.000000 0.000000 0.000000 0.000000 0.000000 0.000000 
0.000000 0.000000 0.000000 0.000000 0.000000 0.000000 0.000000 0.000000 0.000000 0.000000 0.000001 0.000001 0.000002 0.000003 0.000006 0.000010 0.000016 0.000026 0.000042 0.000067 0.000105 0.000163 0.000248 0.000373 0.000553 0.000807 0.001162 0.001647 0.002302 0.003170 0.004302 0.005752 0.007579 0.009839 0.012586 0.015863 0.019698 0.024101 0.029052 0.034502 0.040369 0.046535 0.052847 0.059126 0.065169 0.070764 0.075697 0.079772 0.082816 0.084698 0.085334 0.084698 0.082816 0.079772 0.075697 0.070764 0.065169 0.059126 0.052847 0.046535 0.040369 0.034502 0.029052 0.024101 0.019698 0.015863 0.012586 0.009839 0.007579 0.005752 0.004302 0.003170 0.002302 0.001647 0.001162 0.000807 0.000553 0.000373 0.000248 0.000163 0.000105 0.000067 0.000042 0.000026 0.000016 0.000010 0.000006 0.000003 0.000002 0.000001 0.000001 0.000000 0.000000 0.000000 0.000000 0.000000 0.000000 0.000000 0.000000 0.000000 
0.000000 0.000000 0.000000 0.000000 0.000000 0.000000 0.000000 0.000000 0.000000 0.000001 0.000001 0.000002 0.000003 0.000005 0.000009 0.000015 0.000026 0.000042 0.000068 0.000108 0.000170 0.000262 0.000400 0.000601 0.000890 0.001299 0.001868 0.002647 0.003698 0.005090 0.006903 0.009227 0.012153 0.015772 0.020168 0.025411 0.031546 0.038586 0.046501 0.055212 0.064588 0.074438 0.084521 0.094549 0.104199 0.113132 0.121008 0.127512 0.132371 0.135375 0.136392 0.135375 0.132371 0.127512 0.121008 0.113132 0.104199 0.094549 0.084521 0.074438 0.064588 0.055212 0.046501 0.038586 0.031546 0.025411 0.020168 0.015772 0.012153 0.009227 0.006903 0.005090 0.003698 0.002647 0.001868 0.001299 0.000890 0.000601 0.000400 0.000262 0.000170 0.000108 0.000068 0.000042 0.000026 0.000015 0.000009 0.000005 0.000003 0.000002 0.000001 0.000001 0.000000 0.000000 0.000000 0.000000 0.000000 0.000000 0.000000 0.000000 
0.000000 0.000000 0.000000 0.000000 0.000000 0.000000 0.000000 0.000000 0.000000 0.000001 0.000002 0.000003 0.000005 0.000009 0.000015 0.000025 0.000041 0.000067 0.000108 0.000172 0.000270 0.000417 0.000635 0.000954 0.001412 0.002059 0.002960 0.004193 0.005855 0.008056 0.010922 0.014593 0.019214 0.024926 0.031864 0.040136 0.049812 0.060912 0.073389 0.087119 0.101891 0.117409 0.133290 0.149082 0.164278 0.178342 0.190742 0.200980 0.208629 0.213357 0.214957 0.213357 0.208629 0.200980 0.190742 0.178342 0.164278 0.149082 0.133290 0.117409 0.101891 0.087119 0.073389 0.060912 0.049812 0.040136 0.031864 0.024926 0.019214 0.014593 0.010922 0.008056 0.005855 0.004193 0.002960 0.002059 0.001412 0.000954 0.000635 0.000417 0.000270 0.000172 0.000108 0.000067 0.000041 0.000025 0.000015 0.000009 0.000005 0.000003 0.000002 0.000001 0.000000 0.000000 0.000000 0.000000 0.000000 0.000000 0.000000 0.000000 
0.000000 0.000000 0.000000 0.000000 0.000000 0.000000 0.000000 0.000000 0.000001 0.000001 0.000002 0.000004 0.000008 0.000013 0.000023 0.000039 0.000064 0.000105 0.000170 0.000270 0.000423 0.000653 0.000994 0.001492 0.002208 0.003218 0.004625 0.006549 0.009140 0.012570 0.017037 0.022755 0.029949 0.038841 0.049636 0.062503 0.077551 0.094808 0.114201 0.135536 0.158487 0.182591 0.207257 0.231779 0.255373 0.277206 0.296455 0.312347 0.324219 0.331558 0.334041 0.331558 0.324219 0.312347 0.296455 0.277206 0.255373 0.231779 0.207257 0.182591 0.158487 0.135536 0.114201 0.094808 0.077551 0.062503 0.049636 0.038841 0.029949 0.022755 0.017037 0.012570 0.009140 0.006549 0.004625 0.003218 0.002208 0.001492 0.000994 0.000653 0.000423 0.000270 0.000170 0.000105 0.000064 0.000039 0.000023 0.000013 0.000008 0.000004 0.000002 0.000001 0.000001 0.000000 0.000000 0.000000 0.000000 0.000000 0.000000 0.000000 
0.000000 0.000000 0.000000 0.000000 0.000000 0.000000 0.000000 0.000001 0.000001 0.000002 0.000004 0.000007 0.000012 0.000021 0.000036 0.000060 0.000100 0.000163 0.000262 0.000417 0.000653 0.001008 0.001534 0.002302 0.003403 0.004959 0.007123 0.010083 0.014066 0.019338 0.026200 0.034980 0.046023 0.059669 0.076231 0.095964 0.119036 0.145489 0.175209 0.207899 0.243057 0.279975 0.317746 0.355294 0.391413 0.424835 0.454297 0.478621 0.496789 0.508021 0.511821 0.508021 0.496789 0.478621 0.454297 0.424835 0.391413 0.355294 0.317746 0.279975 0.243057 0.207899 0.175209 0.145489 0.119036 0.095964 0.076231 0.059669 0.046023 0.034980 0.026200 0.019338 0.014066 0.010083 0.007123 0.004959 0.003403 0.002302 0.001534 0.001008 0.000653 0.000417 0.000262 0.000163 0.000100 0.000060 0.000036 0.000021 0.000012 0.000007 0.000004 0.000002 0.000001 0.000001 0.000000 0.000000 0.000000 0.000000 0.000000 0.000000 
0.000000 0.000000 0.000000 0.000000 0.000000 0.000000 0.000001 0.000001 0.000002 0.000003 0.000006 0.000011 0.000019 0.000032 0.000055 0.000092 0.000152 0.000248 0.000400 0.000635 0.000994 0.001534 0.002334 0.003500 0.005172 0.007533 0.010815 0.015303 0.021339 0.029327 0.039719 0.053012 0.069726 0.090372 0.115421 0.145260 0.180138 0.220117 0.265023 0.314406 0.367507 0.423257 0.480287 0.536970 0.591491 0.641935 0.686399 0.723104 0.750520 0.767468 0.773201 0.767468 0.750520 0.723104 0.686399 0.641935 0.591491 0.536970 0.480287 0.423257 0.367507 0.314406 0.265023 0.220117 0.180138 0.145260 0.115421 0.090372 0.069726 0.053012 0.039719 0.029327 0.021339 0.015303 0.010815 0.007533 0.005172 0.003500 0.002334 0.001534 0.000994 0.000635 0.000400 0.000248 0.000152 0.000092 0.000055 0.000032 0.000019 0.000011 0.000006 0.000003 0.000002 0.000001 0.000001 0.000000 0.000000 0.000000 0.000000 0.000000 
0.000000 0.000000 0.000000 0.000000 0.000000 0.000000 0.000001 0.000001 0.000003 0.000005 0.000009 0.000016 0.000028 0.000048 0.000082 0.000138 0.000229 0.000373 0.000601 0.000954 0.001492 0.002302 0.003500 0.005245 0.007747 0.011280 0.016187 0.022895 0.031914 0.043844 0.059360 0.079201 0.104138 0.134933 0.172286 0.216769 0.268750 0.328320 0.395217 0.468767 0.547841 0.630845 0.715741 0.800110 0.881251 0.956317 1.022477 1.077090 1.117880 1.143093 1.151624 1.143093 1.117880 1.077090 1.022477 0.956317 0.881251 0.800110 0.715741 0.630845 0.547841 0.468767 0.395217 0.328320 0.268750 0.216769 0.172286 0.134933 0.104138 0.079201 0.059360 0.043844 0.031914 0.022895 0.016187 0.011280 0.007747 0.005245 0.003500 0.002302 0.001492 0.000954 0.000601 0.000373 0.000229 0.000138 0.000082 0.000048 0.000028 0.000016 0.000009 0.000005 0.000003 0.000001 0.000001 0.000000 0.000000 0.000000 0.000000 0.000000 
0.000000 0.000000 0.000000 0.000000 0.000000 0.000001 0.000001 0.000002 0.000004 0.000007 0.000013 0.000024 0.000041 0.000072 0.000122 0.000205 0.000339 0.000553 0.000890 0.001412 0.002208 0.003403 0.005172 0.007747 0.011439 0.016648 0.023882 0.033765 0.047049 0.064614 0.087451 0.116644 0.153324 0.198608 0.253520 0.318895 0.395272 0.482779 0.581029 0.689028 0.805118 0.926958 1.051557 1.175366 1.294424 1.404557 1.501616 1.581730 1.641564 1.678547 1.691059 1.678547 1.641564 1.581730 1.501616 1.404557 1.294424 1.175366 1.051557 0.926958 0.805118 0.689028 0.581029 0.482779 0.395272 0.318895 0.253520 0.198608 0.153324 0.116644 0.087451 0.064614 0.047049 0.033765 0.023882 0.016648 0.011439 0.007747 0.005172 0.003403 0.002208 0.001412 0.000890 0.000553 0.000339 0.000205 0.000122 0.000072 0.000041 0.000024 0.000013 0.000007 0.000004 0.000002 0.000001 0.000001 0.000000 0.000000 0.000000 0.000000 
0.000000 0.000000 0.000000 0.000000 0.000000 0.000001 0.000002 0.000003 0.000006 0.000011 0.000020 0.000035 0.000061 0.000105 0.000178 0.000299 0.000495 0.000807 0.001299 0.002059 0.003218 0.004959 0.007533 0.011280 0.016648 0.024220 0.034730 0.049084 0.068372 0.093864 0.126999 0.169343 0.222529 0.288173 0.367753 0.462473 0.573106 0.699834 0.842090 0.998433 1.166459 1.342778 1.523065 1.702187 1.874416 2.033719 2.174100 2.289965 2.376495 2.429978 2.448072 2.429978 2.376495 2.289965 2.174100 2.033719 1.874416 1.702187 1.523065 1.342778 1.166459 0.998433 0.842090 0.699834 0.573106 0.462473 0.367753 0.288173 0.222529 0.169343 0.126999 0.093864 0.068372 0.049084 0.034730 0.024220 0.016648 0.011280 0.007533 0.004959 0.003218 0.002059 0.001299 0.000807 0.000495 0.000299 0.000178 0.000105 0.000061 0.000035 0.000020 0.000011 0.000006 0.000003 0.000002 0.000001 0.000000 0.000000 0.000000 0.000000 
0.000000 0.000000 0.000000 0.000000 0.000001 0.000001 0.000002 0.000005 0.000009 0.000016 0.000028 0.000050 0.000088 0.000151 0.000257 0.000431 0.000713 0.001162 0.001868 0.002960 0.004625 0.007123 0.010815 0.016187 0.023882 0.034730 0.049782 0.070332 0.097936 0.134408 0.181799 0.242342 0.318366 0.412172 0.525863 0.661150 0.819131 1.000056 1.203109 1.426229 1.665983 1.917533 2.174707 2.430187 2.675811 2.902981 3.103151 3.268353 3.391724 3.467975 3.493772 3.467975 3.391724 3.268353 3.103151 2.902981 2.675811 2.430187 2.174707 1.917533 1.665983 1.426229 1.203109 1.000056 0.819131 0.661150 0.525863 0.412172 0.318366 0.242342 0.181799 0.134408 0.097936 0.070332 0.049782 0.034730 0.023882 0.016187 0.010815 0.007123 0.004625 0.002960 0.001868 0.001162 0.000713 0.000431 0.000257 0.000151 0.000088 0.000050 0.000028 0.000016 0.000009 0.000005 0.000002 0.000001 0.000001 0.000000 0.000000 0.000000 
0.000000 0.000000 0.000000 0.000000 0.000001 0.000002 0.000004 0.000007 0.000012 0.000022 0.000040 0.000071 0.000124 0.000215 0.000365 0.000612 0.001011 0.001647 0.002647 0.004193 0.006549 0.010083 0.015303 0.022895 0.033765 0.049084 0.070332 0.099332 0.138273 0.189707 0.256519 0.341849 0.448970 0.581109 0.741220 0.931702 1.154087 1.408717 1.694438 2.008339 2.345587 2.699376 3.061029 3.420257 3.765590 4.084951 4.366334 4.598549 4.771955 4.879129 4.915387 4.879129 4.771955 4.598549 4.366334 4.084951 3.765590 3.420257 3.061029 2.699376 2.345587 2.008339 1.694438 1.408717 1.154087 0.931702 0.741220 0.581109 0.448970 0.341849 0.256519 0.189707 0.138273 0.099332 0.070332 0.049084 0.033765 0.022895 0.015303 0.010083 0.006549 0.004193 0.002647 0.001647 0.001011 0.000612 0.000365 0.000215 0.000124 0.000071 0.000040 0.000022 0.000012 0.000007 0.000004 0.000002 0.000001 0.000000 0.000000 0.000000 
0.000000 0.000000 0.000000 0.000001 0.000001 0.000003 0.000005 0.000009 0.000017 0.000031 0.000056 0.000100 0.000174 0.000300 0.000511 0.000855 0.001413 0.002302 0.003698 0.005855 0.009140 0.014066 0.021339 0.031914 0.047049 0.068372 0.097936 0.138273 0.192419 0.263916 0.356762 0.475308 0.624087 0.807570 1.029840 1.294212 1.602799 1.956061 2.352384 2.787723 3.255369 3.745885 4.247239 4.745176 5.223806 5.666402 6.056337 6.378118 6.618398 6.766899 6.817137 6.766899 6.618398 6.378118 6.056337 5.666402 5.223806 4.745176 4.247239 3.745885 3.255369 2.787723 2.352384 1.956061 1.602799 1.294212 1.029840 0.807570 0.624087 0.475308 0.356762 0.263916 0.192419 0.138273 0.097936 0.068372 0.047049 0.031914 0.021339 0.014066 0.009140 0.005855 0.003698 0.002302 0.001413 0.000855 0.000511 0.000300 0.000174 0.000100 0.000056 0.000031 0.000017 0.000009 0.000005 0.000003 0.000001 0.000001 0.000000 0.000000 
0.000000 0.000000 0.000000 0.000001 0.000002 0.000004 0.000007 0.000013 0.000024 0.000043 0.000078 0.000138 0.000241 0.000414 0.000704 0.001179 0.001947 0.003170 0.005090 0.008056 0.012570 0.019338 0.029327 0.043844 0.064614 0.093864 0.134408 0.189707 0.263916 0.361876 0.489050 0.651384 0.855068 1.106201 1.410354 1.772042 2.194135 2.677246 3.219152 3.814310 4.453543 5.123945 5.809079 6.489470 7.143419 7.748085 8.280772 8.720330 9.048544 9.251385 9.320006 9.251385 9.048544 8.720330 8.280772 7.748085 7.143419 6.489470 5.809079 5.123945 4.453543 3.814310 3.219152 2.677246 2.194135 1.772042 1.410354 1.106201 0.855068 0.651384 0.489050 0.361876 0.263916 0.189707 0.134408 0.093864 0.064614 0.043844 0.029327 0.019338 0.012570 0.008056 0.005090 0.003170 0.001947 0.001179 0.000704 0.000414 0.000241 0.000138 0.000078 0.000043 0.000024 0.000013 0.000007 0.000004 0.000002 0.000001 0.000000 0.000000 
0.000000 0.000000 0.000001 0.000001 0.000003 0.000005 0.000009 0.000018 0.000032 0.000059 0.000106 0.000187 0.000327 0.000563 0.000957 0.001601 0.002643 0.004302 0.006903 0.010922 0.017037 0.026200 0.039719 0.059360 0.087451 0.126999 0.181799 0.256519 0.356762 0.489050 0.660746 0.879854 1.154707 1.493511 1.903756 2.391505 2.960605 3.611857 4.342247 5.144288 6.005603 6.908802 7.831741 8.748198 9.628960 10.443283 11.160623 11.752522 12.194470 12.467593 12.559990 12.467593 12.194470 11.752522 11.160623 10.443283 9.628960 8.748198 7.831741 6.908802 6.005603 5.144288 4.342247 3.611857 2.960605 2.391505 1.903756 1.493511 1.154707 0.879854 0.660746 0.489050 0.356762 0.256519 0.181799 0.126999 0.087451 0.059360 0.039719 0.026200 0.017037 0.010922 0.006903 0.004302 0.002643 0.001601 0.000957 0.000563 0.000327 0.000187 0.000106 0.000059 0.000032 0.000018 0.000009 0.000005 0.000003 0.000001 0.000001 0.000000 
0.000000 0.000000 0.000001 0.000002 0.000003 0.000007 0.000013 0.000024 0.000044 0.000079 0.000142 0.000251 0.000439 0.000755 0.001281 0.002143 0.003536 0.005752 0.009227 0.014593 0.022755 0.034980 0.053012 0.079201 0.116644 0.169343 0.242342 0.341849 0.475308 0.651384 0.879854 1.171343 1.536910 1.987435 2.532847 3.181173 3.937494 4.802848 5.773203 6.838595 7.982570 9.182029 10.407568 11.624382 12.793703 13.874738 14.826969 15.612645 16.199258 16.561774 16.684410 16.561774 16.199258 15.612645 14.826969 13.874738 12.793703 11.624382 10.407568 9.182029 7.982570 6.838595 5.773203 4.802848 3.937494 3.181173 2.532847 1.987435 1.536910 1.171343 0.879854 0.651384 0.475308 0.341849 0.242342 0.169343 0.116644 0.079201 0.053012 0.034980 0.022755 0.014593 0.009227 0.005752 0.003536 0.002143 0.001281 0.000755 0.000439 0.000251 0.000142 0.000079 0.000044 0.000024 0.000013 0.000007 0.000003 0.000002 0.000001 0.000000 
0.000000 0.000000 0.000001 0.000002 0.000005 0.000009 0.000017 0.000031 0.000058 0.000105 0.000188 0.000332 0.000579 0.000996 0.001689 0.002825 0.004660 0.007579 0.012153 0.019214 0.029949 0.046023 0.069726 0.104138 0.153324 0.222529 0.318366 0.448970 0.624087 0.855068 1.154707 1.536910 2.016137 2.606617 3.321320 4.170726 5.161450 6.294816 7.565512 8.960468 10.458127 12.028241 13.632329 15.224849 16.755089 18.169695 19.415680 20.443682 21.211196 21.685496 21.845946 21.685496 21.211196 20.443682 19.415680 18.169695 16.755089 15.224849 13.632329 12.028241 10.458127 8.960468 7.565512 6.294816 5.161450 4.170726 3.321320 2.606617 2.016137 1.536910 1.154707 0.855068 0.624087 0.448970 0.318366 0.222529 0.153324 0.104138 0.069726 0.046023 0.029949 0.019214 0.012153 0.007579 0.004660 0.002825 0.001689 0.000996 0.000579 0.000332 0.000188 0.000105 0.000058 0.000031 0.000017 0.000009 0.000005 0.000002 0.000001 0.000000 
0.000000 0.000001 0.000001 0.000003 0.000006 0.000011 0.000022 0.000041 0.000075 0.000136 0.000244 0.000432 0.000753 0.001295 0.002195 0.003671 0.006052 0.009839 0.015772 0.024926 0.038841 0.059669 0.090372 0.134933 0.198608 0.288173 0.412172 0.581109 0.807570 1.106201 1.493511 1.987435 2.606617 3.369394 4.292469 5.389329 6.668467 8.131550 9.771682 11.571966 13.504561 15.530433 17.599936 19.654336 21.628240 23.452866 25.059908 26.385742 27.375589 27.987270 28.194191 27.987270 27.375589 26.385742 25.059908 23.452866 21.628240 19.654336 17.599936 15.530433 13.504561 11.571966 9.771682 8.131550 6.668467 5.389329 4.292469 3.369394 2.606617 1.987435 1.493511 1.106201 0.807570 0.581109 0.412172 0.288173 0.198608 0.134933 0.090372 0.059669 0.038841 0.024926 0.015772 0.009839 0.006052 0.003671 0.002195 0.001295 0.000753 0.000432 0.000244 0.000136 0.000075 0.000041 0.000022 0.000011 0.000006 0.000003 0.000001 0.000000 
0.000000 0.000001 0.000002 0.000004 0.000008 0.000015 0.000028 0.000052 0.000096 0.000175 0.000313 0.000554 0.000965 0.001659 0.002811 0.004699 0.007744 0.012586 0.020168 0.031864 0.049636 0.076231 0.115421 0.172286 0.253520 0.367753 0.525863 0.741220 1.029840 1.410354 1.903756 2.532847 3.321320 4.292469 5.467501 6.863524 8.491290 10.352866 12.439434 14.729464 17.187521 19.763949 22.395623 25.007874 27.517592 29.837365 31.880404 33.565873 34.824178 35.601737 35.864771 35.601737 34.824178 33.565873 31.880404 29.837365 27.517592 25.007874 22.395623 19.763949 17.187521 14.729464 12.439434 10.352866 8.491290 6.863524 5.467501 4.292469 3.321320 2.532847 1.903756 1.410354 1.029840 0.741220 0.525863 0.367753 0.253520 0.172286 0.115421 0.076231 0.049636 0.031864 0.020168 0.012586 0.007744 0.004699 0.002811 0.001659 0.000965 0.000554 0.000313 0.000175 0.000096 0.000052 0.000028 0.000015 0.000008 0.000004 0.000002 0.000000 
0.000000 0.000001 0.000002 0.000005 0.000010 0.000019 0.000035 0.000066 0.000122 0.000221 0.000396 0.000699 0.001218 0.002093 0.003547 0.005926 0.009764 0.015863 0.025411 0.040136 0.062503 0.095964 0.145260 0.216769 0.318895 0.462473 0.661150 0.931702 1.294212 1.772042 2.391505 3.181173 4.170726 5.389329 6.863524 8.614703 10.656287 12.990805 15.607146 18.478274 21.559737 24.789281 28.087786 31.361694 34.506884 37.413865 39.973938 42.085867 43.662505 44.636758 44.966325 44.636758 43.662505 42.085867 39.973938 37.413865 34.506884 31.361694 28.087786 24.789281 21.559737 18.478274 15.607146 12.990805 10.656287 8.614703 6.863524 5.389329 4.170726 3.181173 2.391505 1.772042 1.294212 0.931702 0.661150 0.462473 0.318895 0.216769 0.145260 0.095964 0.062503 0.040136 0.025411 0.015863 0.009764 0.005926 0.003547 0.002093 0.001218 0.000699 0.000396 0.000221 0.000122 0.000066 0.000035 0.000019 0.000010 0.000005 0.000002 0.000000 
0.000000 0.000001 0.000003 0.000006 0.000012 0.000023 0.000044 0.000082 0.000152 0.000275 0.000493 0.000870 0.001515 0.002603 0.004408 0.007363 0.012128 0.019698 0.031546 0.049812 0.077551 0.119036 0.180138 0.268750 0.395272 0.573106 0.819131 1.154087 1.602799 2.194135 2.960605 3.937494 5.161450 6.668467 8.491290 10.656287 13.179970 16.065396 19.298771 22.846634 26.654031 30.644030 34.718897 38.763084 42.648021 46.238527 49.400412 52.008711 53.955855 55.159032 55.566036 55.159032 53.955855 52.008711 49.400412 46.238527 42.648021 38.763084 34.718897 30.644030 26.654031 22.846634 19.298771 16.065396 13.179970 10.656287 8.491290 6.668467 5.161450 3.937494 2.960605 2.194135 1.602799 1.154087 0.819131 0.573106 0.395272 0.268750 0.180138 0.119036 0.077551 0.049812 0.031546 0.019698 0.012128 0.007363 0.004408 0.002603 0.001515 0.000870 0.000493 0.000275 0.000152 0.000082 0.000044 0.000023 0.000012 0.000006 0.000002 0.000000 
0.000000 0.000001 0.000004 0.000008 0.000015 0.000029 0.000054 0.000101 0.000186 0.000337 0.000604 0.001066 0.001857 0.003188 0.005398 0.009014 0.014843 0.024101 0.038586 0.060912 0.094808 0.145489 0.220117 0.328320 0.482779 0.699834 1.000056 1.408717 1.956061 2.677246 3.611857 4.802848 6.294816 8.131550 10.352866 12.990805 16.065396 19.580282 23.518590 27.839514 32.476092 37.334628 42.296129 47.219941 51.949586 56.320560 60.169580 63.344602 65.714756 67.179294 67.674705 67.179294 65.714756 63.344602 60.169580 56.320560 51.949586 47.219941 42.296129 37.334628 32.476092 27.839514 23.518590 19.580282 16.065396 12.990805 10.352866 8.131550 6.294816 4.802848 3.611857 2.677246 1.956061 1.408717 1.000056 0.699834 0.482779 0.328320 0.220117 0.145489 0.094808 0.060912 0.038586 0.024101 0.014843 0.009014 0.005398 0.003188 0.001857 0.001066 0.000604 0.000337 0.000186 0.000101 0.000054 0.000029 0.000015 0.000007 0.000003 0.000000 
0.000000 0.000002 0.000004 0.000009 0.000018 0.000035 0.000066 0.000122 0.000225 0.000408 0.000730 0.001287 0.002241 0.003847 0.006512 0.010871 0.017897 0.029052 0.046501 0.073389 0.114201 0.175209 0.265023 0.395217 0.581029 0.842090 1.203109 1.694438 2.352384 3.219152 4.342247 5.773203 7.565512 9.771682 12.439434 15.607146 19.298771 23.518590 28.246272 33.432772 38.997679 44.828529 50.782530 56.690932 62.366029 67.610511 72.228548 76.037807 78.881352 80.638374 81.232720 80.638374 78.881352 76.037807 72.228548 67.610511 62.366029 56.690932 50.782530 44.828529 38.997679 33.432772 28.246272 23.518590 19.298771 15.607146 12.439434 9.771682 7.565512 5.773203 4.342247 3.219152 2.352384 1.694438 1.203109 0.842090 0.581029 0.395217 0.265023 0.175209 0.114201 0.073389 0.046501 0.029052 0.017897 0.010871 0.006512 0.003847 0.002241 0.001287 0.000730 0.000408 0.000225 0.000122 0.000065 0.000035 0.000018 0.000009 0.000004 0.000000 
0.000000 0.000002 0.000005 0.000011 0.000021 0.000041 0.000078 0.000145 0.000268 0.000485 0.000868 0.001531 0.002665 0.004573 0.007740 0.012917 0.021259 0.034502 0.055212 0.087119 0.135536 0.207899 0.314406 0.468767 0.689028 0.998433 1.426229 2.008339 2.787723 3.814310 5.144288 6.838595 8.960468 11.571966 14.729464 18.478274 22.846634 27.839514 33.432772 39.568322 46.151000 53.047763 60.089733 67.077368 73.788745 79.990606 85.451469 89.955815 93.318157 95.395713 96.098481 95.395713 93.318157 89.955815 85.451469 79.990606 73.788745 67.077368 60.089733 53.047763 46.151000 39.568322 33.432772 27.839514 22.846634 18.478274 14.729464 11.571966 8.960468 6.838595 5.144288 3.814310 2.787723 2.008339 1.426229 0.998433 0.689028 0.468767 0.314406 0.207899 0.135536 0.087119 0.055212 0.034502 0.021259 0.012917 0.007740 0.004573 0.002665 0.001531 0.000868 0.000485 0.000268 0.000145 0.000078 0.000041 0.000021 0.000010 0.000004 0.000000 
0.000000 0.000003 0.000006 0.000013 0.000025 0.000048 0.000092 0.000171 0.000314 0.000569 0.001017 0.001794 0.003121 0.005356 0.009062 0.015120 0.024880 0.040369 0.064588 0.101891 0.158487 0.243057 0.367507 0.547841 0.805118 1.166459 1.665983 2.345587 3.255369 4.453543 6.005603 7.982570 10.458127 13.504561 17.187521 21.559737 26.654031 32.476092 38.997679 46.151000 53.825064 61.864758 70.073237 78.217950 86.040299 93.268504 99.632873 104.882329 108.800794 111.221941 112.040929 111.221941 108.800794 104.882329 99.632873 93.268504 86.040299 78.217950 70.073237 61.864758 53.825064 46.151000 38.997679 32.476092 26.654031 21.559737 17.187521 13.504561 10.458127 7.982570 6.005603 4.453543 3.255369 2.345587 1.665983 1.166459 0.805118 0.547841 0.367507 0.243057 0.158487 0.101891 0.064588 0.040369 0.024880 0.015120 0.009062 0.005356 0.003121 0.001794 0.001017 0.000569 0.000314 0.000171 0.000091 0.000048 0.000025 0.000012 0.000005 0.000000 
0.000000 0.000003 0.000007 0.000015 0.000029 0.000056 0.000106 0.000197 0.000362 0.000657 0.001174 0.002071 0.003602 0.006179 0.010452 0.017437 0.028686 0.046535 0.074438 0.117409 0.182591 0.279975 0.423257 0.630845 0.926958 1.342778 1.917533 2.699376 3.745885 5.123945 6.908802 9.182029 12.028241 15.530433 19.763949 24.789281 30.644030 37.334628 44.828529 53.047763 61.864758 71.101288 80.531222 89.887457 98.873001 107.175753 114.486033 120.515552 125.016215 127.797058 128.737713 127.797058 125.016215 120.515552 114.486033 107.175753 98.873001 89.887457 80.531222 71.101288 61.864758 53.047763 44.828529 37.334628 30.644030 24.789281 19.763949 15.530433 12.028241 9.182029 6.908802 5.123945 3.745885 2.699376 1.917533 1.342778 0.926958 0.630845 0.423257 0.279975 0.182591 0.117409 0.074438 0.046535 0.028686 0.017437 0.010452 0.006179 0.003602 0.002071 0.001174 0.000657 0.000362 0.000197 0.000106 0.000056 0.000029 0.000014 0.000006 0.000000 
0.000000 0.000003 0.000008 0.000017 0.000033 0.000064 0.000120 0.000224 0.000412 0.000747 0.001335 0.002354 0.004094 0.007022 0.011876 0.019809 0.032582 0.052847 0.084521 0.133290 0.207257 0.317746 0.480287 0.715741 1.051557 1.523065 2.174707 3.061029 4.247239 5.809079 7.831741 10.407568 13.632329 17.599936 22.395623 28.087786 34.718897 42.296129 50.782530 60.089733 70.073237 80.531222 91.207677 101.800237 111.972743 121.371962 129.647421 136.472874 141.567571 144.715419 145.780211 144.715419 141.567571 136.472874 129.647421 121.371962 111.972743 101.800237 91.207677 80.531222 70.073237 60.089733 50.782530 42.296129 34.718897 28.087786 22.395623 17.599936 13.632329 10.407568 7.831741 5.809079 4.247239 3.061029 2.174707 1.523065 1.051557 0.715741 0.480287 0.317746 0.207257 0.133290 0.084521 0.052847 0.032582 0.019809 0.011876 0.007022 0.004094 0.002354 0.001335 0.000747 0.000412 0.000224 0.000120 0.000064 0.000033 0.000016 0.000007 0.000000 
