0.000000 0.000000 0.000000 0.000000 0.000000 0.000000 0.000000 0.000000 0.000000 0.000000 0.000000 0.000000 0.000000 0.000000 0.000000 0.000000 0.000000 0.000000 0.000000 0.000000 0.000000 0.000000 0.000000 0.000000 0.000000 0.000000 0.000000 0.000000 0.000000 0.000000 0.000000 0.000000 0.000000 0.000000 0.000000 0.000000 0.000000 0.000000 0.000000 0.000000 0.000000 0.000000 0.000000 0.000000 0.000000 0.000000 0.000000 0.000000 0.000000 0.000000 0.000000 0.000000 0.000000 0.000000 0.000000 0.000000 0.000000 0.000000 0.000000 0.000000 0.000000 0.000000 0.000000 0.000000 0.000000 0.000000 0.000000 0.000000 0.000000 0.000000 0.000000 0.000000 0.000000 0.000000 0.000000 0.000000 0.000000 0.000000 0.000000 0.000000 0.000000 0.000000 0.000000 0.000000 0.000000 0.000000 0.000000 0.000000 0.000000 0.000000 0.000000 0.000000 0.000000 0.000000 0.000000 0.000000 0.000000 0.000000 0.000000 0.000000 
0.000000 0.000000 0.000000 0.000000 0.000000 0.000000 0.000000 0.000000 0.000000 0.000000 0.000000 0.000000 0.000000 0.000000 0.000000 0.000000 0.000000 0.000000 0.000000 0.000000 0.000000 0.000000 0.000000 0.000000 0.000000 0.000000 0.000000 0.000000 0.000000 0.000000 0.000000 0.000000 0.000000 0.000000 0.000000 0.000000 0.000001 0.000001 0.000001 0.000001 0.000001 0.000002 0.000002 0.000002 0.000002 0.000002 0.000003 0.000003 0.000003 0.000003 0.000003 0.000003 0.000003 0.000003 0.000003 0.000002 0.000002 0.000002 0.000002 0.000002 0.000001 0.000001 0.000001 0.000001 0.000001 0.000000 0.000000 0.000000 0.000000 0.000000 0.000000 0.000000 0.000000 0.000000 0.000000 0.000000 0.000000 0.000000 0.000000 0.000000 0.000000 0.000000 0.000000 0.000000 0.000000 0.000000 0.000000 0.000000 0.000000 0.000000 0.000000 0.000000 0.000000 0.000000 0.000000 0.000000 0.000000 0.000000 0.000000 0.000000 
0.000000 0.000000 0.000000 0.000000 0.000000 0.000000 0.000000 0.000000 0.000000 0.000000 0.000000 0.000000 0.000000 0.000000 0.000000 0.000000 0.000000 0.000000 0.000000 0.000000 0.000000 0.000000 0.000000 0.000000 0.000000 0.000000 0.000000 0.000000 0.000000 0.000000 0.000000 0.000000 0.000001 0.000001 0.000001 0.000001 0.000002 0.000002 0.000002 0.000003 0.000003 0.000004 0.000004 0.000005 0.000006 0.000006 0.000007 0.000007 0.000007 0.000007 0.000007 0.000007 0.000007 0.000007 0.000007 0.000006 0.000006 0.000005 0.000004 0.000004 0.000003 0.000003 0.000002 0.000002 0.000002 0.000001 0.000001 0.000001 0.000001 0.000000 0.000000 0.000000 0.000000 0.000000 0.000000 0.000000 0.000000 0.000000 0.000000 0.000000 0.000000 0.000000 0.000000 0.000000 0.000000 0.000000 0.000000 0.000000 0.000000 0.000000 0.000000 0.000000 0.000000 0.000000 0.000000 0.000000 0.000000 0.000000 0.000000 0.000000 
0.000000 0.000000 0.000000 0.000000 0.000000 0.000000 0.000000 0.000000 0.000000 0.000000 0.000000 0.000000 0.000000 0.000000 0.000000 0.000000 0.000000 0.000000 0.000000 0.000000 0.000000 0.000000 0.000000 0.000000 0.000000 0.000000 0.000000 0.000000 0.000000 0.000000 0.000001 0.000001 0.000001 0.000002 0.000002 0.000003 0.000003 0.000004 0.000005 0.000006 0.000007 0.000008 0.000009 0.000011 0.000012 0.000013 0.000014 0.000015 0.000015 0.000015 0.000016 0.000015 0.000015 0.000015 0.000014 0.000013 0.000012 0.000011 0.000009 0.000008 0.000007 0.000006 0.000005 0.000004 0.000003 0.000003 0.000002 0.000002 0.000001 0.000001 0.000001 0.000000 0.000000 0.000000 0.000000 0.000000 0.000000 0.000000 0.000000 0.000000 0.000000 0.000000 0.000000 0.000000 0.000000 0.000000 0.000000 0.000000 0.000000 0.000000 0.000000 0.000000 0.000000 0.000000 0.000000 0.000000 0.000000 0.000000 0.000000 0.000000 
0.000000 0.000000 0.000000 0.000000 0.000000 0.000000 0.000000 0.000000 0.000000 0.000000 0.000000 0.000000 0.000000 0.000000 0.000000 0.000000 0.000000 0.000000 0.000000 0.000000 0.000000 0.000000 0.000000 0.000000 0.000000 0.000000 0.000000 0.000000 0.000001 0.000001 0.000001 0.000002 0.000002 0.000003 0.000004 0.000005 0.000007 0.000008 0.000010 0.000012 0.000014 0.000016 0.000019 0.000021 0.000024 0.000026 0.000028 0.000029 0.000030 0.000031 0.000031 0.000031 0.000030 0.000029 0.000028 0.000026 0.000024 0.000021 0.000019 0.000016 0.000014 0.000012 0.000010 0.000008 0.000007 0.000005 0.000004 0.000003 0.000002 0.000002 0.000001 0.000001 0.000001 0.000000 0.000000 0.000000 0.000000 0.000000 0.000000 0.000000 0.000000 0.000000 0.000000 0.000000 0.000000 0.000000 0.000000 0.000000 0.000000 0.000000 0.000000 0.000000 0.000000 0.000000 0.000000 0.000000 0.000000 0.000000 0.000000 0.000000 
0.000000 0.000000 0.000000 0.000000 0.000000 0.000000 0.000000 0.000000 0.000000 0.000000 0.000000 0.000000 0.000000 0.000000 0.000000 0.000000 0.000000 0.000000 0.000000 0.000000 0.000000 0.000000 0.000000 0.000000 0.000000 0.000000 0.000001 0.000001 0.000001 0.000002 0.000003 0.000004 0.000005 0.000006 0.000008 0.000010 0.000013 0.000016 0.000020 0.000023 0.000028 0.000032 0.000037 0.000042 0.000046 0.000050 0.000054 0.000057 0.000060 0.000061 0.000062 0.000061 0.000060 0.000057 0.000054 0.000050 0.000046 0.000042 0.000037 0.000032 0.000028 0.000023 0.000020 0.000016 0.000013 0.000010 0.000008 0.000006 0.000005 0.000004 0.000003 0.000002 0.000001 0.000001 0.000001 0.000000 0.000000 0.000000 0.000000 0.000000 0.000000 0.000000 0.000000 0.000000 0.000000 0.000000 0.000000 0.000000 0.000000 0.000000 0.000000 0.000000 0.000000 0.000000 0.000000 0.000000 0.000000 0.000000 0.000000 0.000000 
0.000000 0.000000 0.000000 0.000000 0.000000 0.000000 0.000000 0.000000 0.000000 0.000000 0.000000 0.000000 0.000000 0.000000 0.000000 0.000000 0.000000 0.000000 0.000000 0.000000 0.000000 0.000000 0.000000 0.000000 0.000001 0.000001 0.000001 0.000002 0.000003 0.000004 0.000005 0.000007 0.000009 0.000012 0.000016 0.000020 0.000025 0.000031 0.000038 0.000045 0.000054 0.000062 0.000072 0.000081 0.000089 0.000097 0.000105 0.000111 0.000115 0.000118 0.000119 0.000118 0.000115 0.000111 0.000105 0.000097 0.000089 0.000081 0.000072 0.000062 0.000054 0.000045 0.000038 0.000031 0.000025 0.000020 0.000016 0.000012 0.000009 0.000007 0.000005 0.000004 0.000003 0.000002 0.000001 0.000001 0.000001 0.000000 0.000000 0.000000 0.000000 0.000000 0.000000 0.000000 0.000000 0.000000 0.000000 0.000000 0.000000 0.000000 0.000000 0.000000 0.000000 0.000000 0.000000 0.000000 0.000000 0.000000 0.000000 0.000000 
0.000000 0.000000 0.000000 0.000000 0.000000 0.000000 0.000000 0.000000 0.000000 0.000000 0.000000 0.000000 0.000000 0.000000 0.000000 0.000000 0.000000 0.000000 0.000000 0.000000 0.000000 0.000000 0.000000 0.000001 0.000001 0.000002 0.000002 0.000003 0.000005 0.000007 0.000010 0.000013 0.000017 0.000023 0.000030 0.000038 0.000048 0.000059 0.000072 0.000087 0.000103 0.000119 0.000136 0.000154 0.000170 0.000186 0.000200 0.000211 0.000219 0.000225 0.000227 0.000225 0.000219 0.000211 0.000200 0.000186 0.000170 0.000154 0.000136 0.000119 0.000103 0.000087 0.000072 0.000059 0.000048 0.000038 0.000030 0.000023 0.000017 0.000013 0.000010 0.000007 0.000005 0.000003 0.000002 0.000002 0.000001 0.000001 0.000000 0.000000 0.000000 0.000000 0.000000 0.000000 0.000000 0.000000 0.000000 0.000000 0.000000 0.000000 0.000000 0.000000 0.000000 0.000000 0.000000 0.000000 0.000000 0.000000 0.000000 0.000000 
0.000000 0.000000 0.000000 0.000000 0.000000 0.000000 0.000000 0.000000 0.000000 0.000000 0.000000 0.000000 0.000000 0.000000 0.000000 0.000000 0.000000 0.000000 0.000000 0.000000 0.000000 0.000001 0.000001 0.000001 0.000002 0.000003 0.000005 0.000007 0.000009 0.000013 0.000018 0.000025 0.000033 0.000043 0.000056 0.000072 0.000090 0.000112 0.000136 0.000163 0.000193 0.000224 0.000256 0.000289 0.000320 0.000349 0.000375 0.000396 0.000412 0.000422 0.000426 0.000422 0.000412 0.000396 0.000375 0.000349 0.000320 0.000289 0.000256 0.000224 0.000193 0.000163 0.000136 0.000112 0.000090 0.000072 0.000056 0.000043 0.000033 0.000025 0.000018 0.000013 0.000009 0.000007 0.000005 0.000003 0.000002 0.000001 0.000001 0.000001 0.000000 0.000000 0.000000 0.000000 0.000000 0.000000 0.000000 0.000000 0.000000 0.000000 0.000000 0.000000 0.000000 0.000000 0.000000 0.000000 0.000000 0.000000 0.000000 0.000000 
0.000000 0.000000 0.000000 0.000000 0.000000 0.000000 0.000000 0.000000 0.000000 0.000000 0.000000 0.000000 0.000000 0.000000 0.000000 0.000000 0.000000 0.000000 0.000000 0.000000 0.000001 0.000001 0.000002 0.000003 0.000004 0.000006 0.000008 0.000012 0.000017 0.000024 0.000034 0.000046 0.000061 0.000081 0.000105 0.000134 0.000168 0.000208 0.000253 0.000303 0.000358 0.000416 0.000475 0.000535 0.000593 0.000647 0.000694 0.000734 0.000764 0.000782 0.000788 0.000782 0.000764 0.000734 0.000694 0.000647 0.000593 0.000535 0.000475 0.000416 0.000358 0.000303 0.000253 0.000208 0.000168 0.000134 0.000105 0.000081 0.000061 0.000046 0.000034 0.000024 0.000017 0.000012 0.000008 0.000006 0.000004 0.000003 0.000002 0.000001 0.000001 0.000000 0.000000 0.000000 0.000000 0.000000 0.000000 0.000000 0.000000 0.000000 0.000000 0.000000 0.000000 0.000000 0.000000 0.000000 0.000000 0.000000 0.000000 0.000000 
0.000000 0.000000 0.000000 0.000000 0.000000 0.000000 0.000000 0.000000 0.000000 0.000000 0.000000 0.000000 0.000000 0.000000 0.000000 0.000000 0.000000 0.000000 0.000000 0.000001 0.000001 0.000002 0.000003 0.000005 0.000007 0.000011 0.000016 0.000023 0.000032 0.000045 0.000062 0.000084 0.000112 0.000148 0.000192 0.000245 0.000307 0.000380 0.000463 0.000554 0.000654 0.000760 0.000869 0.000978 0.001083 0.001181 0.001268 0.001340 0.001394 0.001428 0.001439 0.001428 0.001394 0.001340 0.001268 0.001181 0.001083 0.000978 0.000869 0.000760 0.000654 0.000554 0.000463 0.000380 0.000307 0.000245 0.000192 0.000148 0.000112 0.000084 0.000062 0.000045 0.000032 0.000023 0.000016 0.000011 0.000007 0.000005 0.000003 0.000002 0.000001 0.000001 0.000000 0.000000 0.000000 0.000000 0.000000 0.000000 0.000000 0.000000 0.000000 0.000000 0.000000 0.000000 0.000000 0.000000 0.000000 0.000000 0.000000 0.000000 
0.000000 0.000000 0.000000 0.000000 0.000000 0.000000 0.000000 0.000000 0.000000 0.000000 0.000000 0.000000 0.000000 0.000000 0.000000 0.000000 0.000000 0.000001 0.000001 0.000001 0.000002 0.000004 0.000006 0.000009 0.000013 0.000019 0.000028 0.000041 0.000058 0.000081 0.000112 0.000152 0.000203 0.000267 0.000346 0.000442 0.000555 0.000686 0.000834 0.001000 0.001179 0.001369 0.001565 0.001761 0.001951 0.002127 0.002284 0.002413 0.002510 0.002570 0.002590 0.002570 0.002510 0.002413 0.002284 0.002127 0.001951 0.001761 0.001565 0.001369 0.001179 0.001000 0.000834 0.000686 0.000555 0.000442 0.000346 0.000267 0.000203 0.000152 0.000112 0.000081 0.000058 0.000041 0.000028 0.000019 0.000013 0.000009 0.000006 0.000004 0.000002 0.000001 0.000001 0.000001 0.000000 0.000000 0.000000 0.000000 0.000000 0.000000 0.000000 0.000000 0.000000 0.000000 0.000000 0.000000 0.000000 0.000000 0.000000 0.000000 
0.000000 0.000000 0.000000 0.000000 0.000000 0.000000 0.000000 0.000000 0.000000 0.000000 0.000000 0.000000 0.000000 0.000000 0.000000 0.000000 0.000001 0.000001 0.000002 0.000003 0.000004 0.000006 0.000010 0.000015 0.000023 0.000035 0.000051 0.000073 0.000104 0.000145 0.000200 0.000271 0.000362 0.000476 0.000617 0.000786 0.000987 0.001219 0.001483 0.001777 0.002095 0.002432 0.002780 0.003127 0.003464 0.003776 0.004053 0.004282 0.004454 0.004560 0.004596 0.004560 0.004454 0.004282 0.004053 0.003776 0.003464 0.003127 0.002780 0.002432 0.002095 0.001777 0.001483 0.001219 0.000987 0.000786 0.000617 0.000476 0.000362 0.000271 0.000200 0.000145 0.000104 0.000073 0.000051 0.000035 0.000023 0.000015 0.000010 0.000006 0.000004 0.000003 0.000002 0.000001 0.000001 0.000000 0.000000 0.000000 0.000000 0.000000 0.000000 0.000000 0.000000 0.000000 0.000000 0.000000 0.000000 0.000000 0.000000 0.000000 
0.000000 0.000000 0.000000 0.000000 0.000000 0.000000 0.000000 0.000000 0.000000 0.000000 0.000000 0.000000 0.000000 0.000000 0.000000 0.000001 0.000001 0.000002 0.000003 0.000005 0.000007 0.000011 0.000018 0.000027 0.000041 0.000061 0.000089 0.000129 0.000183 0.000255 0.000352 0.000477 0.000636 0.000836 0.001082 0.001379 0.001730 0.002138 0.002600 0.003113 0.003670 0.004259 0.004866 0.005474 0.006062 0.006608 0.007091 0.007492 0.007792 0.007977 0.008040 0.007977 0.007792 0.007492 0.007091 0.006608 0.006062 0.005474 0.004866 0.004259 0.003670 0.003113 0.002600 0.002138 0.001730 0.001379 0.001082 0.000836 0.000636 0.000477 0.000352 0.000255 0.000183 0.000129 0.000089 0.000061 0.000041 0.000027 0.000018 0.000011 0.000007 0.000005 0.000003 0.000002 0.000001 0.000001 0.000000 0.000000 0.000000 0.000000 0.000000 0.000000 0.000000 0.000000 0.000000 0.000000 0.000000 0.000000 0.000000 0.000000 
0.000000 0.000000 0.000000 0.000000 0.000000 0.000000 0.000000 0.000000 0.000000 0.000000 0.000000 0.000000 0.000000 0.000000 0.000001 0.000001 0.000002 0.000003 0.000005 0.000008 0.000013 0.000020 0.000031 0.000047 0.000071 0.000106 0.000155 0.000223 0.000317 0.000443 0.000609 0.000826 0.001101 0.001447 0.001872 0.002385 0.002991 0.003694 0.004491 0.005376 0.006336 0.007352 0.008398 0.009444 0.010457 0.011398 0.012230 0.012920 0.013436 0.013756 0.013864 0.013756 0.013436 0.012920 0.012230 0.011398 0.010457 0.009444 0.008398 0.007352 0.006336 0.005376 0.004491 0.003694 0.002991 0.002385 0.001872 0.001447 0.001101 0.000826 0.000609 0.000443 0.000317 0.000223 0.000155 0.000106 0.000071 0.000047 0.000031 0.000020 0.000013 0.000008 0.000005 0.000003 0.000002 0.000001 0.000001 0.000000 0.000000 0.000000 0.000000 0.000000 0.000000 0.000000 0.000000 0.000000 0.000000 0.000000 0.000000 0.000000 
0.000000 0.000000 0.000000 0.000000 0.000000 0.000000 0.000000 0.000000 0.000000 0.000000 0.000000 0.000000 0.000000 0.000001 0.000001 0.000002 0.000003 0.000005 0.000008 0.000014 0.000022 0.000034 0.000053 0.000081 0.000122 0.000181 0.000265 0.000382 0.000542 0.000757 0.001041 0.001409 0.001880 0.002468 0.003192 0.004065 0.005096 0.006291 0.007646 0.009151 0.010782 0.012507 0.014285 0.016062 0.017780 0.019378 0.020791 0.021962 0.022838 0.023380 0.023564 0.023380 0.022838 0.021962 0.020791 0.019378 0.017780 0.016062 0.014285 0.012507 0.010782 0.009151 0.007646 0.006291 0.005096 0.004065 0.003192 0.002468 0.001880 0.001409 0.001041 0.000757 0.000542 0.000382 0.000265 0.000181 0.000122 0.000081 0.000053 0.000034 0.000022 0.000014 0.000008 0.000005 0.000003 0.000002 0.000001 0.000001 0.000000 0.000000 0.000000 0.000000 0.000000 0.000000 0.000000 0.000000 0.000000 0.000000 0.000000 0.000000 
0.000000 0.000000 0.000000 0.000000 0.000000 0.000000 0.000000 0.000000 0.000000 0.000000 0.000000 0.000000 0.000001 0.000001 0.000002 0.000003 0.000005 0.000009 0.000014 0.000023 0.000037 0.000058 0.000090 0.000137 0.000206 0.000306 0.000447 0.000644 0.000913 0.001274 0.001751 0.002371 0.003161 0.004149 0.005364 0.006827 0.008557 0.010560 0.012832 0.015352 0.018084 0.020973 0.023949 0.026924 0.029800 0.032473 0.034838 0.036796 0.038261 0.039169 0.039476 0.039169 0.038261 0.036796 0.034838 0.032473 0.029800 0.026924 0.023949 0.020973 0.018084 0.015352 0.012832 0.010560 0.008557 0.006827 0.005364 0.004149 0.003161 0.002371 0.001751 0.001274 0.000913 0.000644 0.000447 0.000306 0.000206 0.000137 0.000090 0.000058 0.000037 0.000023 0.000014 0.000009 0.000005 0.000003 0.000002 0.000001 0.000001 0.000000 0.000000 0.000000 0.000000 0.000000 0.000000 0.000000 0.000000 0.000000 0.000000 0.000000 
0.000000 0.000000 0.000000 0.000000 0.000000 0.000000 0.000000 0.000000 0.000000 0.000000 0.000000 0.000001 0.000001 0.000002 0.000003 0.000005 0.000009 0.000014 0.000024 0.000038 0.000061 0.000096 0.000149 0.000228 0.000343 0.000509 0.000744 0.001070 0.001516 0.002114 0.002905 0.003931 0.005239 0.006874 0.008883 0.011303 0.014161 0.017471 0.021223 0.025385 0.029895 0.034663 0.039573 0.044481 0.049226 0.053634 0.057534 0.060762 0.063179 0.064675 0.065182 0.064675 0.063179 0.060762 0.057534 0.053634 0.049226 0.044481 0.039573 0.034663 0.029895 0.025385 0.021223 0.017471 0.014161 0.011303 0.008883 0.006874 0.005239 0.003931 0.002905 0.002114 0.001516 0.001070 0.000744 0.000509 0.000343 0.000228 0.000149 0.000096 0.000061 0.000038 0.000024 0.000014 0.000009 0.000005 0.000003 0.000002 0.000001 0.000001 0.000000 0.000000 0.000000 0.000000 0.000000 0.000000 0.000000 0.000000 0.000000 0.000000 
0.000000 0.000000 0.000000 0.000000 0.000000 0.000000 0.000000 0.000000 0.000000 0.000000 0.000000 0.000001 0.000002 0.000003 0.000005 0.000008 0.000014 0.000024 0.000039 0.000063 0.000100 0.000158 0.000245 0.000374 0.000563 0.000835 0.001218 0.001751 0.002480 0.003458 0.004749 0.006424 0.008556 0.011223 0.014497 0.018440 0.023097 0.028486 0.034594 0.041366 0.048704 0.056462 0.064447 0.072427 0.080141 0.087307 0.093646 0.098893 0.102821 0.105252 0.106075 0.105252 0.102821 0.098893 0.093646 0.087307 0.080141 0.072427 0.064447 0.056462 0.048704 0.041366 0.034594 0.028486 0.023097 0.018440 0.014497 0.011223 0.008556 0.006424 0.004749 0.003458 0.002480 0.001751 0.001218 0.000835 0.000563 0.000374 0.000245 0.000158 0.000100 0.000063 0.000039 0.000024 0.000014 0.000008 0.000005 0.000003 0.000002 0.000001 0.000000 0.000000 0.000000 0.000000 0.000000 0.000000 0.000000 0.000000 0.000000 0.000000 
0.000000 0.000000 0.000000 0.000000 0.000000 0.000000 0.000000 0.000000 0.000000 0.000000 0.000001 0.000001 0.000003 0.000005 0.000008 0.000014 0.000023 0.000038 0.000063 0.000102 0.000163 0.000256 0.000396 0.000605 0.000910 0.001348 0.001966 0.002825 0.003998 0.005573 0.007650 0.010343 0.013772 0.018058 0.023317 0.029648 0.037123 0.045772 0.055571 0.066433 0.078200 0.090637 0.103436 0.116225 0.128585 0.140066 0.150220 0.158625 0.164916 0.168810 0.170128 0.168810 0.164916 0.158625 0.150220 0.140066 0.128585 0.116225 0.103436 0.090637 0.078200 0.066433 0.055571 0.045772 0.037123 0.029648 0.023317 0.018058 0.013772 0.010343 0.007650 0.005573 0.003998 0.002825 0.001966 0.001348 0.000910 0.000605 0.000396 0.000256 0.000163 0.000102 0.000063 0.000038 0.000023 0.000014 0.000008 0.000005 0.000003 0.000001 0.000001 0.000000 0.000000 0.000000 0.000000 0.000000 0.000000 0.000000 0.000000 0.000000 
0.000000 0.000000 0.000000 0.000000 0.000000 0.000000 0.000000 0.000000 0.000000 0.000001 0.000001 0.000002 0.000004 0.000007 0.000013 0.000022 0.000037 0.000061 0.000100 0.000163 0.000260 0.000408 0.000632 0.000964 0.001448 0.002144 0.003126 0.004490 0.006352 0.008850 0.012143 0.016411 0.021842 0.028629 0.036954 0.046974 0.058799 0.072477 0.087970 0.105140 0.123735 0.143384 0.163602 0.183802 0.203320 0.221449 0.237480 0.250749 0.260679 0.266826 0.268906 0.266826 0.260679 0.250749 0.237480 0.221449 0.203320 0.183802 0.163602 0.143384 0.123735 0.105140 0.087970 0.072477 0.058799 0.046974 0.036954 0.028629 0.021842 0.016411 0.012143 0.008850 0.006352 0.004490 0.003126 0.002144 0.001448 0.000964 0.000632 0.000408 0.000260 0.000163 0.000100 0.000061 0.000037 0.000022 0.000013 0.000007 0.000004 0.000002 0.000001 0.000001 0.000000 0.000000 0.000000 0.000000 0.000000 0.000000 0.000000 0.000000 
0.000000 0.000000 0.000000 0.000000 0.000000 0.000000 0.000000 0.000000 0.000001 0.000001 0.000002 0.000004 0.000006 0.000011 0.000020 0.000034 0.000058 0.000096 0.000158 0.000256 0.000408 0.000641 0.000992 0.001513 0.002272 0.003361 0.004899 0.007032 0.009943 0.013847 0.018993 0.025657 0.034135 0.044726 0.057713 0.073337 0.091772 0.113089 0.137228 0.163974 0.192933 0.223528 0.255003 0.286443 0.316819 0.345029 0.369972 0.390616 0.406064 0.415626 0.418863 0.415626 0.406064 0.390616 0.369972 0.345029 0.316819 0.286443 0.255003 0.223528 0.192933 0.163974 0.137228 0.113089 0.091772 0.073337 0.057713 0.044726 0.034135 0.025657 0.018993 0.013847 0.009943 0.007032 0.004899 0.003361 0.002272 0.001513 0.000992 0.000641 0.000408 0.000256 0.000158 0.000096 0.000058 0.000034 0.000020 0.000011 0.000006 0.000004 0.000002 0.000001 0.000001 0.000000 0.000000 0.000000 0.000000 0.000000 0.000000 0.000000 
0.000000 0.000000 0.000000 0.000000 0.000000 0.000000 0.000000 0.000000 0.000001 0.000002 0.000003 0.000006 0.000010 0.000018 0.000031 0.000053 0.000090 0.000149 0.000245 0.000396 0.000632 0.000992 0.001535 0.002338 0.003510 0.005191 0.007562 0.010850 0.015335 0.021347 0.029268 0.039523 0.052565 0.068850 0.088812 0.112822 0.141141 0.173879 0.210943 0.251998 0.296441 0.343385 0.391670 0.439897 0.486481 0.529741 0.567988 0.599638 0.623322 0.637981 0.642943 0.637981 0.623322 0.599638 0.567988 0.529741 0.486481 0.439897 0.391670 0.343385 0.296441 0.251998 0.210943 0.173879 0.141141 0.112822 0.088812 0.068850 0.052565 0.039523 0.029268 0.021347 0.015335 0.010850 0.007562 0.005191 0.003510 0.002338 0.001535 0.000992 0.000632 0.000396 0.000245 0.000149 0.000090 0.000053 0.000031 0.000018 0.000010 0.000006 0.000003 0.000002 0.000001 0.000000 0.000000 0.000000 0.000000 0.000000 0.000000 0.000000 
0.000000 0.000000 0.000000 0.000000 0.000000 0.000000 0.000000 0.000001 0.000001 0.000003 0.000005 0.000009 0.000015 0.000027 0.000047 0.000081 0.000137 0.000228 0.000374 0.000605 0.000964 0.001513 0.002338 0.003562 0.005344 0.007899 0.011501 0.016495 0.023302 0.032425 0.044440 0.059988 0.079754 0.104428 0.134664 0.171018 0.213887 0.263430 0.319506 0.381606 0.448818 0.519798 0.592793 0.665688 0.736092 0.801463 0.859254 0.907074 0.942856 0.965001 0.972497 0.965001 0.942856 0.907074 0.859254 0.801463 0.736092 0.665688 0.592793 0.519798 0.448818 0.381606 0.319506 0.263430 0.213887 0.171018 0.134664 0.104428 0.079754 0.059988 0.044440 0.032425 0.023302 0.016495 0.011501 0.007899 0.005344 0.003562 0.002338 0.001513 0.000964 0.000605 0.000374 0.000228 0.000137 0.000081 0.000047 0.000027 0.000015 0.000009 0.000005 0.000003 0.000001 0.000001 0.000000 0.000000 0.000000 0.000000 0.000000 0.000000 
0.000000 0.000000 0.000000 0.000000 0.000000 0.000000 0.000001 0.000001 0.000002 0.000004 0.000007 0.000013 0.000023 0.000041 0.000071 0.000122 0.000206 0.000343 0.000563 0.000910 0.001448 0.002272 0.003510 0.005344 0.008014 0.011840 0.017232 0.024704 0.034885 0.048524 0.066479 0.089707 0.119224 0.156060 0.201183 0.255423 0.319364 0.393241 0.476840 0.569400 0.669557 0.775311 0.884049 0.992622 1.097472 1.194815 1.280862 1.352059 1.405329 1.438296 1.449456 1.438296 1.405329 1.352059 1.280862 1.194815 1.097472 0.992622 0.884049 0.775311 0.669557 0.569400 0.476840 0.393241 0.319364 0.255423 0.201183 0.156060 0.119224 0.089707 0.066479 0.048524 0.034885 0.024704 0.017232 0.011840 0.008014 0.005344 0.003510 0.002272 0.001448 0.000910 0.000563 0.000343 0.000206 0.000122 0.000071 0.000041 0.000023 0.000013 0.000007 0.000004 0.000002 0.000001 0.000001 0.000000 0.000000 0.000000 0.000000 0.000000 
0.000000 0.000000 0.000000 0.000000 0.000000 0.000000 0.000001 0.000002 0.000003 0.000006 0.000011 0.000019 0.000035 0.000061 0.000106 0.000181 0.000306 0.000509 0.000835 0.001348 0.002144 0.003361 0.005191 0.007899 0.011840 0.017485 0.025436 0.036451 0.051453 0.071541 0.097978 0.132166 0.175597 0.229777 0.296130 0.375864 0.469835 0.578382 0.701183 0.837121 0.984186 1.139442 1.299053 1.458399 1.612262 1.755094 1.881341 1.985791 2.063939 2.112299 2.128670 2.112299 2.063939 1.985791 1.881341 1.755094 1.612262 1.458399 1.299053 1.139442 0.984186 0.837121 0.701183 0.578382 0.469835 0.375864 0.296130 0.229777 0.175597 0.132166 0.097978 0.071541 0.051453 0.036451 0.025436 0.017485 0.011840 0.007899 0.005191 0.003361 0.002144 0.001348 0.000835 0.000509 0.000306 0.000181 0.000106 0.000061 0.000035 0.000019 0.000011 0.000006 0.000003 0.000002 0.000001 0.000000 0.000000 0.000000 0.000000 0.000000 
0.000000 0.000000 0.000000 0.000000 0.000000 0.000001 0.000001 0.000002 0.000005 0.000008 0.000016 0.000028 0.000051 0.000089 0.000155 0.000265 0.000447 0.000744 0.001218 0.001966 0.003126 0.004899 0.007562 0.011501 0.017232 0.025436 0.036988 0.052983 0.074761 0.103911 0.142261 0.191837 0.254796 0.333314 0.429445 0.544931 0.681002 0.838142 1.015879 1.212588 1.425360 1.649943 1.880792 2.111225 2.333702 2.540208 2.722719 2.873710 2.986672 3.056574 3.080238 3.056574 2.986672 2.873710 2.722719 2.540208 2.333702 2.111225 1.880792 1.649943 1.425360 1.212588 1.015879 0.838142 0.681002 0.544931 0.429445 0.333314 0.254796 0.191837 0.142261 0.103911 0.074761 0.052983 0.036988 0.025436 0.017232 0.011501 0.007562 0.004899 0.003126 0.001966 0.001218 0.000744 0.000447 0.000265 0.000155 0.000089 0.000051 0.000028 0.000016 0.000008 0.000005 0.000002 0.000001 0.000001 0.000000 0.000000 0.000000 0.000000 
0.000000 0.000000 0.000000 0.000000 0.000000 0.000001 0.000002 0.000003 0.000007 0.000012 0.000023 0.000041 0.000073 0.000129 0.000223 0.000382 0.000644 0.001070 0.001751 0.002825 0.004490 0.007032 0.010850 0.016495 0.024704 0.036451 0.052983 0.075866 0.107011 0.148683 0.203489 0.274316 0.364233 0.476340 0.613555 0.778356 0.972482 1.196617 1.450075 1.730533 2.033837 2.353927 2.682898 3.011234 3.328197 3.622377 3.882354 4.097418 4.258307 4.357864 4.391565 4.357864 4.258307 4.097418 3.882354 3.622377 3.328197 3.011234 2.682898 2.353927 2.033837 1.730533 1.450075 1.196617 0.972482 0.778356 0.613555 0.476340 0.364233 0.274316 0.203489 0.148683 0.107011 0.075866 0.052983 0.036451 0.024704 0.016495 0.010850 0.007032 0.004490 0.002825 0.001751 0.001070 0.000644 0.000382 0.000223 0.000129 0.000073 0.000041 0.000023 0.000012 0.000007 0.000003 0.000002 0.000001 0.000000 0.000000 0.000000 0.000000 
0.000000 0.000000 0.000000 0.000000 0.000001 0.000001 0.000003 0.000005 0.000009 0.000017 0.000032 0.000058 0.000104 0.000183 0.000317 0.000542 0.000913 0.001516 0.002480 0.003998 0.006352 0.009943 0.015335 0.023302 0.034885 0.051453 0.074761 0.107011 0.150888 0.209578 0.286738 0.386422 0.512939 0.670632 0.863591 1.095286 1.368145 1.683114 2.039218 2.433183 2.859166 3.308654 3.770548 4.231491 4.676420 5.089330 5.454202 5.756022 5.981802 6.121508 6.168800 6.121508 5.981802 5.756022 5.454202 5.089330 4.676420 4.231491 3.770548 3.308654 2.859166 2.433183 2.039218 1.683114 1.368145 1.095286 0.863591 0.670632 0.512939 0.386422 0.286738 0.209578 0.150888 0.107011 0.074761 0.051453 0.034885 0.023302 0.015335 0.009943 0.006352 0.003998 0.002480 0.001516 0.000913 0.000542 0.000317 0.000183 0.000104 0.000058 0.000032 0.000017 0.000009 0.000005 0.000003 0.000001 0.000001 0.000000 0.000000 0.000000 
0.000000 0.000000 0.000000 0.000000 0.000001 0.000002 0.000004 0.000007 0.000013 0.000024 0.000045 0.000081 0.000145 0.000255 0.000443 0.000757 0.001274 0.002114 0.003458 0.005573 0.008850 0.013847 0.021347 0.032425 0.048524 0.071541 0.103911 0.148683 0.209578 0.291002 0.398018 0.536233 0.711601 0.930126 1.197453 1.518367 1.896213 2.332280 2.825200 3.370429 3.959874 4.581748 5.220700 5.858261 6.473606 7.044617 7.549158 7.966487 8.278661 8.471820 8.537204 8.471820 8.278661 7.966487 7.549158 7.044617 6.473606 5.858261 5.220700 4.581748 3.959874 3.370429 2.825200 2.332280 1.896213 1.518367 1.197453 0.930126 0.711601 0.536233 0.398018 0.291002 0.209578 0.148683 0.103911 0.071541 0.048524 0.032425 0.021347 0.013847 0.008850 0.005573 0.003458 0.002114 0.001274 0.000757 0.000443 0.000255 0.000145 0.000081 0.000045 0.000024 0.000013 0.000007 0.000004 0.000002 0.000001 0.000000 0.000000 0.000000 
0.000000 0.000000 0.000000 0.000001 0.000001 0.000003 0.000005 0.000010 0.000018 0.000034 0.000062 0.000112 0.000200 0.000352 0.000609 0.001041 0.001751 0.002905 0.004749 0.007650 0.012143 0.018993 0.029268 0.044440 0.066479 0.097978 0.142261 0.203489 0.286738 0.398018 0.544230 0.733014 0.972481 1.270803 1.635657 2.073548 2.589014 3.183786 3.855980 4.599378 5.402936 6.250582 7.121394 7.990209 8.828667 9.606649 10.294019 10.862541 11.287794 11.550912 11.639977 11.550912 11.287794 10.862541 10.294019 9.606649 8.828667 7.990209 7.121394 6.250582 5.402936 4.599378 3.855980 3.183786 2.589014 2.073548 1.635657 1.270803 0.972481 0.733014 0.544230 0.398018 0.286738 0.203489 0.142261 0.097978 0.066479 0.044440 0.029268 0.018993 0.012143 0.007650 0.004749 0.002905 0.001751 0.001041 0.000609 0.000352 0.000200 0.000112 0.000062 0.000034 0.000018 0.000010 0.000005 0.000003 0.000001 0.000001 0.000000 0.000000 
0.000000 0.000000 0.000000 0.000001 0.000002 0.000004 0.000007 0.000013 0.000025 0.000046 0.000084 0.000152 0.000271 0.000477 0.000826 0.001409 0.002371 0.003931 0.006424 0.010343 0.016411 0.025657 0.039523 0.059988 0.089707 0.132166 0.191837 0.274316 0.386422 0.536233 0.733014 0.987024 1.309144 1.710333 2.200886 2.789509 3.482267 4.281458 5.184519 6.183077 7.262282 8.400542 9.569768 10.736185 11.861740 12.906024 13.828618 14.591650 15.162373 15.515489 15.635017 15.515489 15.162373 14.591650 13.828618 12.906024 11.861740 10.736185 9.569768 8.400542 7.262282 6.183077 5.184519 4.281458 3.482267 2.789509 2.200886 1.710333 1.309144 0.987024 0.733014 0.536233 0.386422 0.274316 0.191837 0.132166 0.089707 0.059988 0.039523 0.025657 0.016411 0.010343 0.006424 0.003931 0.002371 0.001409 0.000826 0.000477 0.000271 0.000152 0.000084 0.000046 0.000025 0.000013 0.000007 0.000003 0.000002 0.000001 0.000000 0.000000 
0.000000 0.000000 0.000001 0.000001 0.000002 0.000005 0.000009 0.000017 0.000033 0.000061 0.000112 0.000203 0.000362 0.000636 0.001101 0.001880 0.003161 0.005239 0.008556 0.013772 0.021842 0.034135 0.052565 0.079754 0.119224 0.175597 0.254796 0.364233 0.512939 0.711601 0.972481 1.309144 1.735975 2.267455 2.917178 3.696631 4.613802 5.671693 6.866875 8.188241 9.616121 11.121941 12.668546 14.211276 15.699824 17.080785 18.300742 19.309658 20.064264 20.531140 20.689172 20.531140 20.064264 19.309658 18.300742 17.080785 15.699824 14.211276 12.668546 11.121941 9.616121 8.188241 6.866875 5.671693 4.613802 3.696631 2.917178 2.267455 1.735975 1.309144 0.972481 0.711601 0.512939 0.364233 0.254796 0.175597 0.119224 0.079754 0.052565 0.034135 0.021842 0.013772 0.008556 0.005239 0.003161 0.001880 0.001101 0.000636 0.000362 0.000203 0.000112 0.000061 0.000033 0.000017 0.000009 0.000005 0.000002 0.000001 0.000000 0.000000 
0.000000 0.000000 0.000001 0.000002 0.000003 0.000006 0.000012 0.000023 0.000043 0.000081 0.000148 0.000267 0.000476 0.000836 0.001447 0.002468 0.004149 0.006874 0.011223 0.018058 0.028629 0.044726 0.068850 0.104428 0.156060 0.229777 0.333314 0.476340 0.670632 0.930126 1.270803 1.710333 2.267455 2.961019 3.808709 4.825458 6.021633 7.401098 8.959340 10.681842 12.542944 14.505392 16.520770 18.530901 20.470268 22.269332 23.858549 25.172781 26.155708 26.763831 26.969671 26.763831 26.155708 25.172781 23.858549 22.269332 20.470268 18.530901 16.520770 14.505392 12.542944 10.681842 8.959340 7.401098 6.021633 4.825458 3.808709 2.961019 2.267455 1.710333 1.270803 0.930126 0.670632 0.476340 0.333314 0.229777 0.156060 0.104428 0.068850 0.044726 0.028629 0.018058 0.011223 0.006874 0.004149 0.002468 0.001447 0.000836 0.000476 0.000267 0.000148 0.000081 0.000043 0.000023 0.000012 0.000006 0.000003 0.000001 0.000001 0.000000 
0.000000 0.000000 0.000001 0.000002 0.000004 0.000008 0.000016 0.000030 0.000056 0.000105 0.000192 0.000346 0.000617 0.001082 0.001872 0.003192 0.005364 0.008883 0.014497 0.023317 0.036954 0.057713 0.088812 0.134664 0.201183 0.296130 0.429445 0.613555 0.863591 1.197453 1.635657 2.200886 2.917178 3.808709 4.898144 6.204612 7.741366 9.513310 11.514596 13.726537 16.116157 18.635613 21.222750 23.802914 26.292045 28.600939 30.640401 32.326893 33.588192 34.368523 34.632650 34.368523 33.588192 32.326893 30.640401 28.600939 26.292045 23.802914 21.222750 18.635613 16.116157 13.726537 11.514596 9.513310 7.741366 6.204612 4.898144 3.808709 2.917178 2.200886 1.635657 1.197453 0.863591 0.613555 0.429445 0.296130 0.201183 0.134664 0.088812 0.057713 0.036954 0.023317 0.014497 0.008883 0.005364 0.003192 0.001872 0.001082 0.000617 0.000346 0.000192 0.000105 0.000056 0.000030 0.000016 0.000008 0.000004 0.000002 0.000001 0.000000 
0.000000 0.000000 0.000001 0.000003 0.000005 0.000010 0.000020 0.000038 0.000072 0.000134 0.000245 0.000442 0.000786 0.001379 0.002385 0.004065 0.006827 0.011303 0.018440 0.029648 0.046974 0.073337 0.112822 0.171018 0.255423 0.375864 0.544931 0.778356 1.095286 1.518367 2.073548 2.789509 3.696631 4.825458 6.204612 7.858227 9.803002 12.045074 14.576976 17.375022 20.397465 23.583781 26.855372 30.117860 33.265002 36.184070 38.762362 40.894335 42.488751 43.475150 43.809024 43.475150 42.488751 40.894335 38.762362 36.184070 33.265002 30.117860 26.855372 23.583781 20.397465 17.375022 14.576976 12.045074 9.803002 7.858227 6.204612 4.825458 3.696631 2.789509 2.073548 1.518367 1.095286 0.778356 0.544931 0.375864 0.255423 0.171018 0.112822 0.073337 0.046974 0.029648 0.018440 0.011303 0.006827 0.004065 0.002385 0.001379 0.000786 0.000442 0.000245 0.000134 0.000072 0.000038 0.000020 0.000010 0.000005 0.000002 0.000001 0.000000 
0.000000 0.000001 0.000002 0.000003 0.000007 0.000013 0.000025 0.000048 0.000090 0.000168 0.000307 0.000555 0.000987 0.001730 0.002991 0.005096 0.008557 0.014161 0.023097 0.037123 0.058799 0.091772 0.141141 0.213887 0.319364 0.469835 0.681002 0.972482 1.368145 1.896213 2.589014 3.482267 4.613802 6.021633 7.741366 9.803002 12.227272 15.021741 18.177031 21.663568 25.429295 29.398791 33.474149 37.537836 41.457571 45.093019 48.303895 50.958841 52.944306 54.172605 54.588352 54.172605 52.944306 50.958841 48.303895 45.093019 41.457571 37.537836 33.474149 29.398791 25.429295 21.663568 18.177031 15.021741 12.227272 9.803002 7.741366 6.021633 4.613802 3.482267 2.589014 1.896213 1.368145 0.972482 0.681002 0.469835 0.319364 0.213887 0.141141 0.091772 0.058799 0.037123 0.023097 0.014161 0.008557 0.005096 0.002991 0.001730 0.000987 0.000555 0.000307 0.000168 0.000090 0.000048 0.000025 0.000013 0.000007 0.000003 0.000001 0.000000 
0.000000 0.000001 0.000002 0.000004 0.000008 0.000016 0.000031 0.000059 0.000112 0.000208 0.000380 0.000686 0.001219 0.002138 0.003694 0.006291 0.010560 0.017471 0.028486 0.045772 0.072477 0.113089 0.173879 0.263430 0.393241 0.578382 0.838142 1.196617 1.683114 2.332280 3.183786 4.281458 5.671693 7.401098 9.513310 12.045074 15.021741 18.452506 22.325774 26.605177 31.226778 36.097998 41.098700 46.084703 50.893761 55.353779 59.292740 62.549585 64.985103 66.491797 67.001768 66.491797 64.985103 62.549585 59.292740 55.353779 50.893761 46.084703 41.098700 36.097998 31.226778 26.605177 22.325774 18.452506 15.021741 12.045074 9.513310 7.401098 5.671693 4.281458 3.183786 2.332280 1.683114 1.196617 0.838142 0.578382 0.393241 0.263430 0.173879 0.113089 0.072477 0.045772 0.028486 0.017471 0.010560 0.006291 0.003694 0.002138 0.001219 0.000686 0.000380 0.000208 0.000112 0.000059 0.000031 0.000016 0.000008 0.000004 0.000002 0.000000 
0.000000 0.000001 0.000002 0.000005 0.000010 0.000020 0.000038 0.000072 0.000136 0.000253 0.000463 0.000834 0.001483 0.002600 0.004491 0.007646 0.012832 0.021223 0.034594 0.055571 0.087970 0.137228 0.210943 0.319506 0.476840 0.701183 1.015879 1.450075 2.039218 2.825200 3.855980 5.184519 6.866875 8.959340 11.514596 14.576976 18.177031 22.325774 27.009091 32.182936 37.769963 43.658235 49.702545 55.728664 61.540569 66.930362 71.690263 75.625748 78.568684 80.389253 81.005455 80.389253 78.568684 75.625748 71.690263 66.930362 61.540569 55.728664 49.702545 43.658235 37.769963 32.182936 27.009091 22.325774 18.177031 14.576976 11.514596 8.959340 6.866875 5.184519 3.855980 2.825200 2.039218 1.450075 1.015879 0.701183 0.476840 0.319506 0.210943 0.137228 0.087970 0.055571 0.034594 0.021223 0.012832 0.007646 0.004491 0.002600 0.001483 0.000834 0.000463 0.000253 0.000136 0.000072 0.000038 0.000020 0.000010 0.000005 0.000002 0.000000 
0.000000 0.000001 0.000003 0.000006 0.000012 0.000023 0.000045 0.000087 0.000163 0.000303 0.000554 0.001000 0.001777 0.003113 0.005376 0.009151 0.015352 0.025385 0.041366 0.066433 0.105140 0.163974 0.251998 0.381606 0.569400 0.837121 1.212588 1.730533 2.433183 3.370429 4.599378 6.183077 8.188241 10.681842 13.726537 17.375022 21.663568 26.605177 32.182936 38.344310 44.997136 52.008108 59.204344 66.378458 73.297156 79.713046 85.378897 90.063268 93.566133 95.733052 96.466476 95.733052 93.566133 90.063268 85.378897 79.713046 73.297156 66.378458 59.204344 52.008108 44.997136 38.344310 32.182936 26.605177 21.663568 17.375022 13.726537 10.681842 8.188241 6.183077 4.599378 3.370429 2.433183 1.730533 1.212588 0.837121 0.569400 0.381606 0.251998 0.163974 0.105140 0.066433 0.041366 0.025385 0.015352 0.009151 0.005376 0.003113 0.001777 0.001000 0.000554 0.000303 0.000163 0.000087 0.000045 0.000023 0.000012 0.000006 0.000002 0.000000 
0.000000 0.000001 0.000003 0.000007 0.000014 0.000028 0.000054 0.000103 0.000193 0.000358 0.000654 0.001179 0.002095 0.003670 0.006336 0.010782 0.018084 0.029895 0.048704 0.078200 0.123735 0.192933 0.296441 0.448818 0.669557 0.984186 1.425360 2.033837 2.859166 3.959874 5.402936 7.262282 9.616121 12.542944 16.116157 20.397465 25.429295 31.226778 37.769963 44.997136 52.800141 61.022600 69.461777 77.874512 85.987313 93.510191 100.153374 105.645614 109.752494 112.293026 113.152899 112.293026 109.752494 105.645614 100.153374 93.510191 85.987313 77.874512 69.461777 61.022600 52.800141 44.997136 37.769963 31.226778 25.429295 20.397465 16.116157 12.542944 9.616121 7.262282 5.402936 3.959874 2.859166 2.033837 1.425360 0.984186 0.669557 0.448818 0.296441 0.192933 0.123735 0.078200 0.048704 0.029895 0.018084 0.010782 0.006336 0.003670 0.002095 0.001179 0.000654 0.000358 0.000193 0.000103 0.000054 0.000028 0.000014 0.000007 0.000003 0.000000 
0.000000 0.000002 0.000004 0.000008 0.000016 0.000032 0.000062 0.000119 0.000224 0.000416 0.000760 0.001369 0.002432 0.004259 0.007352 0.012507 0.020973 0.034663 0.056462 0.090637 0.143384 0.223528 0.343385 0.519798 0.775311 1.139442 1.649943 2.353927 3.308654 4.581748 6.250582 8.400542 11.121941 14.505392 18.635613 23.583781 29.398791 36.097998 43.658235 52.008108 61.022600 70.521037 80.269234 89.986367 99.356622 108.045168 115.717455 122.060333 126.803192 129.737103 130.730114 129.737103 126.803192 122.060333 115.717455 108.045168 99.356622 89.986367 80.269234 70.521037 61.022600 52.008108 43.658235 36.097998 29.398791 23.583781 18.635613 14.505392 11.121941 8.400542 6.250582 4.581748 3.308654 2.353927 1.649943 1.139442 0.775311 0.519798 0.343385 0.223528 0.143384 0.090637 0.056462 0.034663 0.020973 0.012507 0.007352 0.004259 0.002432 0.001369 0.000760 0.000416 0.000224 0.000119 0.000062 0.000032 0.000016 0.000008 0.000003 0.000000 
0.000000 0.000002 0.000004 0.000009 0.000019 0.000037 0.000072 0.000136 0.000256 0.000475 0.000869 0.001565 0.002780 0.004866 0.008398 0.014285 0.023949 0.039573 0.064447 0.103436 0.163602 0.255003 0.391670 0.592793 0.884049 1.299053 1.880792 2.682898 3.770548 5.220700 7.121394 9.569768 12.668546 16.520770 21.222750 26.855372 33.474149 41.098700 49.702545 59.204344 69.461777 80.269234 91.360273 102.415439 113.075516 122.959690 131.687495 138.902826 144.297959 147.635324 148.764881 147.635324 144.297959 138.902826 131.687495 122.959690 113.075516 102.415439 91.360273 80.269234 69.461777 59.204344 49.702545 41.098700 33.474149 26.855372 21.222750 16.520770 12.668546 9.569768 7.121394 5.220700 3.770548 2.682898 1.880792 1.299053 0.884049 0.592793 0.391670 0.255003 0.163602 0.103436 0.064447 0.039573 0.023949 0.014285 0.008398 0.004866 0.002780 0.001565 0.000869 0.000475 0.000256 0.000136 0.000071 0.000037 0.000019 0.000009 0.000004 0.000000 
