0.000000 0.000000 0.000000 0.000000 0.000000 0.000000 0.000000 0.000000 0.000000 0.000000 0.000000 0.000000 0.000000 0.000000 0.000000 0.000000 0.000000 0.000000 0.000000 0.000000 0.000000 0.000000 0.000000 0.000000 0.000000 0.000000 0.000000 0.000000 0.000000 0.000000 0.000000 0.000000 0.000000 0.000000 0.000000 0.000000 0.000000 0.000000 0.000000 0.000000 0.000000 0.000000 0.000000 0.000000 0.000000 0.000000 0.000000 0.000000 0.000000 0.000000 0.000000 0.000000 0.000000 0.000000 0.000000 0.000000 0.000000 0.000000 0.000000 0.000000 0.000000 0.000000 0.000000 0.000000 0.000000 0.000000 0.000000 0.000000 0.000000 0.000000 0.000000 0.000000 0.000000 0.000000 0.000000 0.000000 0.000000 0.000000 0.000000 0.000000 0.000000 0.000000 0.000000 0.000000 0.000000 0.000000 0.000000 0.000000 0.000000 0.000000 0.000000 0.000000 0.000000 0.000000 0.000000 0.000000 0.000000 0.000000 0.000000 0.000000 
0.000000 0.000000 0.000000 0.000000 0.000000 0.000000 0.000000 0.000000 0.000000 0.000000 0.000000 0.000000 0.000000 0.000000 0.000000 0.000000 0.000000 0.000000 0.000000 0.000000 0.000000 0.000000 0.000000 0.000000 0.000000 0.000000 0.000000 0.000000 0.000000 0.000000 0.000000 0.000000 0.000000 0.000000 0.000000 0.000000 0.000000 0.000000 0.000000 0.000000 0.000000 0.000000 0.000000 0.000000 0.000000 0.000000 0.000000 0.000000 0.000000 0.000000 0.000000 0.000000 0.000000 0.000000 0.000000 0.000000 0.000000 0.000000 0.000000 0.000000 0.000000 0.000000 0.000000 0.000000 0.000000 0.000000 0.000000 0.000000 0.000000 0.000000 0.000000 0.000000 0.000000 0.000000 0.000000 0.000000 0.000000 0.000000 0.000000 0.000000 0.000000 0.000000 0.000000 0.000000 0.000000 0.000000 0.000000 0.000000 0.000000 0.000000 0.000000 0.000000 0.000000 0.000000 0.000000 0.000000 0.000000 0.000000 0.000000 0.000000 
0.000000 0.000000 0.000000 0.000000 0.000000 0.000000 0.000000 0.000000 0.000000 0.000000 0.000000 0.000000 0.000000 0.000000 0.000000 0.000000 0.000000 0.000000 0.000000 0.000000 0.000000 0.000000 0.000000 0.000000 0.000000 0.000000 0.000000 0.000000 0.000000 0.000000 0.000000 0.000000 0.000000 0.000000 0.000000 0.000000 0.000000 0.000000 0.000000 0.000000 0.000000 0.000000 0.000000 0.000000 0.000000 0.000000 0.000000 0.000000 0.000000 0.000000 0.000000 0.000000 0.000000 0.000000 0.000000 0.000000 0.000000 0.000000 0.000000 0.000000 0.000000 0.000000 0.000000 0.000000 0.000000 0.000000 0.000000 0.000000 0.000000 0.000000 0.000000 0.000000 0.000000 0.000000 0.000000 0.000000 0.000000 0.000000 0.000000 0.000000 0.000000 0.000000 0.000000 0.000000 0.000000 0.000000 0.000000 0.000000 0.000000 0.000000 0.000000 0.000000 0.000000 0.000000 0.000000 0.000000 0.000000 0.000000 0.000000 0.000000 
0.000000 0.000000 0.000000 0.000000 0.000000 0.000000 0.000000 0.000000 0.000000 0.000000 0.000000 0.000000 0.000000 0.000000 0.000000 0.000000 0.000000 0.000000 0.000000 0.000000 0.000000 0.000000 0.000000 0.000000 0.000000 0.000000 0.000000 0.000000 0.000000 0.000000 0.000000 0.000000 0.000000 0.000000 0.000000 0.000000 0.000000 0.000000 0.000000 0.000000 0.000000 0.000000 0.000000 0.000000 0.000000 0.000000 0.000000 0.000000 0.000000 0.000000 0.000000 0.000000 0.000000 0.000000 0.000000 0.000000 0.000000 0.000000 0.000000 0.000000 0.000000 0.000000 0.000000 0.000000 0.000000 0.000000 0.000000 0.000000 0.000000 0.000000 0.000000 0.000000 0.000000 0.000000 0.000000 0.000000 0.000000 0.000000 0.000000 0.000000 0.000000 0.000000 0.000000 0.000000 0.000000 0.000000 0.000000 0.000000 0.000000 0.000000 0.000000 0.000000 0.000000 0.000000 0.000000 0.000000 0.000000 0.000000 0.000000 0.000000 
0.000000 0.000000 0.000000 0.000000 0.000000 0.000000 0.000000 0.000000 0.000000 0.000000 0.000000 0.000000 0.000000 0.000000 0.000000 0.000000 0.000000 0.000000 0.000000 0.000000 0.000000 0.000000 0.000000 0.000000 0.000000 0.000000 0.000000 0.000000 0.000000 0.000000 0.000000 0.000000 0.000000 0.000000 0.000000 0.000000 0.000000 0.000000 0.000000 0.000000 0.000000 0.000000 0.000000 0.000000 0.000000 0.000000 0.000000 0.000000 0.000000 0.000000 0.000000 0.000000 0.000000 0.000000 0.000000 0.000000 0.000000 0.000000 0.000000 0.000000 0.000000 0.000000 0.000000 0.000000 0.000000 0.000000 0.000000 0.000000 0.000000 0.000000 0.000000 0.000000 0.000000 0.000000 0.000000 0.000000 0.000000 0.000000 0.000000 0.000000 0.000000 0.000000 0.000000 0.000000 0.000000 0.000000 0.000000 0.000000 0.000000 0.000000 0.000000 0.000000 0.000000 0.000000 0.000000 0.000000 0.000000 0.000000 0.000000 0.000000 
0.000000 0.000000 0.000000 0.000000 0.000000 0.000000 0.000000 0.000000 0.000000 0.000000 0.000000 0.000000 0.000000 0.000000 0.000000 0.000000 0.000000 0.000000 0.000000 0.000000 0.000000 0.000000 0.000000 0.000000 0.000000 0.000000 0.000000 0.000000 0.000000 0.000000 0.000000 0.000000 0.000000 0.000000 0.000000 0.000000 0.000000 0.000000 0.000000 0.000000 0.000000 0.000000 0.000000 0.000000 0.000000 0.000000 0.000000 0.000000 0.000000 0.000000 0.000000 0.000000 0.000000 0.000000 0.000000 0.000000 0.000000 0.000000 0.000000 0.000000 0.000000 0.000000 0.000000 0.000000 0.000000 0.000000 0.000000 0.000000 0.000000 0.000000 0.000000 0.000000 0.000000 0.000000 0.000000 0.000000 0.000000 0.000000 0.000000 0.000000 0.000000 0.000000 0.000000 0.000000 0.000000 0.000000 0.000000 0.000000 0.000000 0.000000 0.000000 0.000000 0.000000 0.000000 0.000000 0.000000 0.000000 0.000000 0.000000 0.000000 
0.000000 0.000000 0.000000 0.000000 0.000000 0.000000 0.000000 0.000000 0.000000 0.000000 0.000000 0.000000 0.000000 0.000000 0.000000 0.000000 0.000000 0.000000 0.000000 0.000000 0.000000 0.000000 0.000000 0.000000 0.000000 0.000000 0.000000 0.000000 0.000000 0.000000 0.000000 0.000000 0.000000 0.000000 0.000000 0.000000 0.000000 0.000000 0.000000 0.000000 0.000000 0.000000 0.000000 0.000000 0.000000 0.000000 0.000000 0.000001 0.000001 0.000001 0.000001 0.000001 0.000001 0.000001 0.000000 0.000000 0.000000 0.000000 0.000000 0.000000 0.000000 0.000000 0.000000 0.000000 0.000000 0.000000 0.000000 0.000000 0.000000 0.000000 0.000000 0.000000 0.000000 0.000000 0.000000 0.000000 0.000000 0.000000 0.000000 0.000000 0.000000 0.000000 0.000000 0.000000 0.000000 0.000000 0.000000 0.000000 0.000000 0.000000 0.000000 0.000000 0.000000 0.000000 0.000000 0.000000 0.000000 0.000000 0.000000 0.000000 
0.000000 0.000000 0.000000 0.000000 0.000000 0.000000 0.000000 0.000000 0.000000 0.000000 0.000000 0.000000 0.000000 0.000000 0.000000 0.000000 0.000000 0.000000 0.000000 0.000000 0.000000 0.000000 0.000000 0.000000 0.000000 0.000000 0.000000 0.000000 0.000000 0.000000 0.000000 0.000000 0.000000 0.000000 0.000000 0.000000 0.000000 0.000000 0.000000 0.000000 0.000000 0.000001 0.000001 0.000001 0.000001 0.000001 0.000001 0.000001 0.000001 0.000001 0.000001 0.000001 0.000001 0.000001 0.000001 0.000001 0.000001 0.000001 0.000001 0.000001 0.000000 0.000000 0.000000 0.000000 0.000000 0.000000 0.000000 0.000000 0.000000 0.000000 0.000000 0.000000 0.000000 0.000000 0.000000 0.000000 0.000000 0.000000 0.000000 0.000000 0.000000 0.000000 0.000000 0.000000 0.000000 0.000000 0.000000 0.000000 0.000000 0.000000 0.000000 0.000000 0.000000 0.000000 0.000000 0.000000 0.000000 0.000000 0.000000 0.000000 
0.000000 0.000000 0.000000 0.000000 0.000000 0.000000 0.000000 0.000000 0.000000 0.000000 0.000000 0.000000 0.000000 0.000000 0.000000 0.000000 0.000000 0.000000 0.000000 0.000000 0.000000 0.000000 0.000000 0.000000 0.000000 0.000000 0.000000 0.000000 0.000000 0.000000 0.000000 0.000000 0.000000 0.000000 0.000000 0.000000 0.000000 0.000000 0.000001 0.000001 0.000001 0.000001 0.000002 0.000002 0.000002 0.000003 0.000003 0.000003 0.000003 0.000003 0.000003 0.000003 0.000003 0.000003 0.000003 0.000003 0.000002 0.000002 0.000002 0.000001 0.000001 0.000001 0.000001 0.000000 0.000000 0.000000 0.000000 0.000000 0.000000 0.000000 0.000000 0.000000 0.000000 0.000000 0.000000 0.000000 0.000000 0.000000 0.000000 0.000000 0.000000 0.000000 0.000000 0.000000 0.000000 0.000000 0.000000 0.000000 0.000000 0.000000 0.000000 0.000000 0.000000 0.000000 0.000000 0.000000 0.000000 0.000000 0.000000 0.000000 
0.000000 0.000000 0.000000 0.000000 0.000000 0.000000 0.000000 0.000000 0.000000 0.000000 0.000000 0.000000 0.000000 0.000000 0.000000 0.000000 0.000000 0.000000 0.000000 0.000000 0.000000 0.000000 0.000000 0.000000 0.000000 0.000000 0.000000 0.000000 0.000000 0.000000 0.000000 0.000000 0.000000 0.000000 0.000000 0.000001 0.000001 0.000001 0.000002 0.000002 0.000002 0.000003 0.000004 0.000004 0.000005 0.000006 0.000007 0.000007 0.000008 0.000008 0.000008 0.000008 0.000008 0.000007 0.000007 0.000006 0.000005 0.000004 0.000004 0.000003 0.000002 0.000002 0.000002 0.000001 0.000001 0.000001 0.000000 0.000000 0.000000 0.000000 0.000000 0.000000 0.000000 0.000000 0.000000 0.000000 0.000000 0.000000 0.000000 0.000000 0.000000 0.000000 0.000000 0.000000 0.000000 0.000000 0.000000 0.000000 0.000000 0.000000 0.000000 0.000000 0.000000 0.000000 0.000000 0.000000 0.000000 0.000000 0.000000 0.000000 
0.000000 0.000000 0.000000 0.000000 0.000000 0.000000 0.000000 0.000000 0.000000 0.000000 0.000000 0.000000 0.000000 0.000000 0.000000 0.000000 0.000000 0.000000 0.000000 0.000000 0.000000 0.000000 0.000000 0.000000 0.000000 0.000000 0.000000 0.000000 0.000000 0.000000 0.000000 0.000000 0.000000 0.000001 0.000001 0.000001 0.000002 0.000003 0.000003 0.000005 0.000006 0.000007 0.000009 0.000010 0.000012 0.000014 0.000015 0.000016 0.000017 0.000018 0.000018 0.000018 0.000017 0.000016 0.000015 0.000014 0.000012 0.000010 0.000009 0.000007 0.000006 0.000005 0.000003 0.000003 0.000002 0.000001 0.000001 0.000001 0.000000 0.000000 0.000000 0.000000 0.000000 0.000000 0.000000 0.000000 0.000000 0.000000 0.000000 0.000000 0.000000 0.000000 0.000000 0.000000 0.000000 0.000000 0.000000 0.000000 0.000000 0.000000 0.000000 0.000000 0.000000 0.000000 0.000000 0.000000 0.000000 0.000000 0.000000 0.000000 
0.000000 0.000000 0.000000 0.000000 0.000000 0.000000 0.000000 0.000000 0.000000 0.000000 0.000000 0.000000 0.000000 0.000000 0.000000 0.000000 0.000000 0.000000 0.000000 0.000000 0.000000 0.000000 0.000000 0.000000 0.000000 0.000000 0.000000 0.000000 0.000000 0.000000 0.000000 0.000001 0.000001 0.000002 0.000002 0.000003 0.000004 0.000006 0.000008 0.000010 0.000013 0.000016 0.000020 0.000023 0.000027 0.000031 0.000034 0.000037 0.000039 0.000040 0.000041 0.000040 0.000039 0.000037 0.000034 0.000031 0.000027 0.000023 0.000020 0.000016 0.000013 0.000010 0.000008 0.000006 0.000004 0.000003 0.000002 0.000002 0.000001 0.000001 0.000000 0.000000 0.000000 0.000000 0.000000 0.000000 0.000000 0.000000 0.000000 0.000000 0.000000 0.000000 0.000000 0.000000 0.000000 0.000000 0.000000 0.000000 0.000000 0.000000 0.000000 0.000000 0.000000 0.000000 0.000000 0.000000 0.000000 0.000000 0.000000 0.000000 
0.000000 0.000000 0.000000 0.000000 0.000000 0.000000 0.000000 0.000000 0.000000 0.000000 0.000000 0.000000 0.000000 0.000000 0.000000 0.000000 0.000000 0.000000 0.000000 0.000000 0.000000 0.000000 0.000000 0.000000 0.000000 0.000000 0.000000 0.000000 0.000000 0.000001 0.000001 0.000001 0.000002 0.000003 0.000005 0.000007 0.000010 0.000013 0.000017 0.000023 0.000029 0.000036 0.000043 0.000051 0.000060 0.000068 0.000075 0.000081 0.000086 0.000089 0.000090 0.000089 0.000086 0.000081 0.000075 0.000068 0.000060 0.000051 0.000043 0.000036 0.000029 0.000023 0.000017 0.000013 0.000010 0.000007 0.000005 0.000003 0.000002 0.000001 0.000001 0.000001 0.000000 0.000000 0.000000 0.000000 0.000000 0.000000 0.000000 0.000000 0.000000 0.000000 0.000000 0.000000 0.000000 0.000000 0.000000 0.000000 0.000000 0.000000 0.000000 0.000000 0.000000 0.000000 0.000000 0.000000 0.000000 0.000000 0.000000 0.000000 
0.000000 0.000000 0.000000 0.000000 0.000000 0.000000 0.000000 0.000000 0.000000 0.000000 0.000000 0.000000 0.000000 0.000000 0.000000 0.000000 0.000000 0.000000 0.000000 0.000000 0.000000 0.000000 0.000000 0.000000 0.000000 0.000000 0.000000 0.000001 0.000001 0.000001 0.000002 0.000003 0.000005 0.000007 0.000011 0.000015 0.000021 0.000029 0.000038 0.000049 0.000063 0.000078 0.000094 0.000112 0.000129 0.000146 0.000162 0.000176 0.000186 0.000192 0.000195 0.000192 0.000186 0.000176 0.000162 0.000146 0.000129 0.000112 0.000094 0.000078 0.000063 0.000049 0.000038 0.000029 0.000021 0.000015 0.000011 0.000007 0.000005 0.000003 0.000002 0.000001 0.000001 0.000001 0.000000 0.000000 0.000000 0.000000 0.000000 0.000000 0.000000 0.000000 0.000000 0.000000 0.000000 0.000000 0.000000 0.000000 0.000000 0.000000 0.000000 0.000000 0.000000 0.000000 0.000000 0.000000 0.000000 0.000000 0.000000 0.000000 
0.000000 0.000000 0.000000 0.000000 0.000000 0.000000 0.000000 0.000000 0.000000 0.000000 0.000000 0.000000 0.000000 0.000000 0.000000 0.000000 0.000000 0.000000 0.000000 0.000000 0.000000 0.000000 0.000000 0.000000 0.000000 0.000000 0.000001 0.000001 0.000002 0.000003 0.000005 0.000007 0.000011 0.000016 0.000023 0.000033 0.000045 0.000061 0.000081 0.000105 0.000133 0.000165 0.000200 0.000237 0.000275 0.000311 0.000345 0.000373 0.000395 0.000409 0.000413 0.000409 0.000395 0.000373 0.000345 0.000311 0.000275 0.000237 0.000200 0.000165 0.000133 0.000105 0.000081 0.000061 0.000045 0.000033 0.000023 0.000016 0.000011 0.000007 0.000005 0.000003 0.000002 0.000001 0.000001 0.000000 0.000000 0.000000 0.000000 0.000000 0.000000 0.000000 0.000000 0.000000 0.000000 0.000000 0.000000 0.000000 0.000000 0.000000 0.000000 0.000000 0.000000 0.000000 0.000000 0.000000 0.000000 0.000000 0.000000 0.000000 
0.000000 0.000000 0.000000 0.000000 0.000000 0.000000 0.000000 0.000000 0.000000 0.000000 0.000000 0.000000 0.000000 0.000000 0.000000 0.000000 0.000000 0.000000 0.000000 0.000000 0.000000 0.000000 0.000000 0.000000 0.000000 0.000001 0.000001 0.000002 0.000004 0.000006 0.000010 0.000015 0.000023 0.000033 0.000048 0.000068 0.000095 0.000128 0.000170 0.000220 0.000279 0.000345 0.000418 0.000495 0.000574 0.000650 0.000719 0.000778 0.000823 0.000852 0.000862 0.000852 0.000823 0.000778 0.000719 0.000650 0.000574 0.000495 0.000418 0.000345 0.000279 0.000220 0.000170 0.000128 0.000095 0.000068 0.000048 0.000033 0.000023 0.000015 0.000010 0.000006 0.000004 0.000002 0.000001 0.000001 0.000000 0.000000 0.000000 0.000000 0.000000 0.000000 0.000000 0.000000 0.000000 0.000000 0.000000 0.000000 0.000000 0.000000 0.000000 0.000000 0.000000 0.000000 0.000000 0.000000 0.000000 0.000000 0.000000 0.000000 
0.000000 0.000000 0.000000 0.000000 0.000000 0.000000 0.000000 0.000000 0.000000 0.000000 0.000000 0.000000 0.000000 0.000000 0.000000 0.000000 0.000000 0.000000 0.000000 0.000000 0.000000 0.000000 0.000000 0.000001 0.000001 0.000002 0.000003 0.000005 0.000008 0.000013 0.000020 0.000031 0.000047 0.000069 0.000100 0.000141 0.000195 0.000264 0.000349 0.000452 0.000572 0.000708 0.000857 0.001014 0.001174 0.001329 0.001470 0.001591 0.001683 0.001741 0.001761 0.001741 0.001683 0.001591 0.001470 0.001329 0.001174 0.001014 0.000857 0.000708 0.000572 0.000452 0.000349 0.000264 0.000195 0.000141 0.000100 0.000069 0.000047 0.000031 0.000020 0.000013 0.000008 0.000005 0.000003 0.000002 0.000001 0.000001 0.000000 0.000000 0.000000 0.000000 0.000000 0.000000 0.000000 0.000000 0.000000 0.000000 0.000000 0.000000 0.000000 0.000000 0.000000 0.000000 0.000000 0.000000 0.000000 0.000000 0.000000 0.000000 
0.000000 0.000000 0.000000 0.000000 0.000000 0.000000 0.000000 0.000000 0.000000 0.000000 0.000000 0.000000 0.000000 0.000000 0.000000 0.000000 0.000000 0.000000 0.000000 0.000000 0.000000 0.000000 0.000001 0.000001 0.000002 0.000003 0.000006 0.000010 0.000016 0.000026 0.000041 0.000063 0.000094 0.000139 0.000201 0.000284 0.000393 0.000531 0.000703 0.000909 0.001150 0.001422 0.001721 0.002036 0.002356 0.002665 0.002949 0.003190 0.003374 0.003490 0.003529 0.003490 0.003374 0.003190 0.002949 0.002665 0.002356 0.002036 0.001721 0.001422 0.001150 0.000909 0.000703 0.000531 0.000393 0.000284 0.000201 0.000139 0.000094 0.000063 0.000041 0.000026 0.000016 0.000010 0.000006 0.000003 0.000002 0.000001 0.000001 0.000000 0.000000 0.000000 0.000000 0.000000 0.000000 0.000000 0.000000 0.000000 0.000000 0.000000 0.000000 0.000000 0.000000 0.000000 0.000000 0.000000 0.000000 0.000000 0.000000 0.000000 
0.000000 0.000000 0.000000 0.000000 0.000000 0.000000 0.000000 0.000000 0.000000 0.000000 0.000000 0.000000 0.000000 0.000000 0.000000 0.000000 0.000000 0.000000 0.000000 0.000000 0.000000 0.000001 0.000001 0.000002 0.000004 0.000007 0.000012 0.000019 0.000032 0.000051 0.000081 0.000124 0.000187 0.000276 0.000399 0.000563 0.000777 0.001050 0.001387 0.001793 0.002266 0.002802 0.003388 0.004007 0.004635 0.005242 0.005798 0.006270 0.006632 0.006858 0.006935 0.006858 0.006632 0.006270 0.005798 0.005242 0.004635 0.004007 0.003388 0.002802 0.002266 0.001793 0.001387 0.001050 0.000777 0.000563 0.000399 0.000276 0.000187 0.000124 0.000081 0.000051 0.000032 0.000019 0.000012 0.000007 0.000004 0.000002 0.000001 0.000001 0.000000 0.000000 0.000000 0.000000 0.000000 0.000000 0.000000 0.000000 0.000000 0.000000 0.000000 0.000000 0.000000 0.000000 0.000000 0.000000 0.000000 0.000000 0.000000 0.000000 
0.000000 0.000000 0.000000 0.000000 0.000000 0.000000 0.000000 0.000000 0.000000 0.000000 0.000000 0.000000 0.000000 0.000000 0.000000 0.000000 0.000000 0.000000 0.000000 0.000000 0.000001 0.000001 0.000002 0.000004 0.000008 0.000013 0.000023 0.000038 0.000062 0.000100 0.000157 0.000242 0.000365 0.000537 0.000774 0.001092 0.001506 0.002033 0.002684 0.003467 0.004380 0.005412 0.006542 0.007733 0.008940 0.010108 0.011176 0.012085 0.012779 0.013215 0.013363 0.013215 0.012779 0.012085 0.011176 0.010108 0.008940 0.007733 0.006542 0.005412 0.004380 0.003467 0.002684 0.002033 0.001506 0.001092 0.000774 0.000537 0.000365 0.000242 0.000157 0.000100 0.000062 0.000038 0.000023 0.000013 0.000008 0.000004 0.000002 0.000001 0.000001 0.000000 0.000000 0.000000 0.000000 0.000000 0.000000 0.000000 0.000000 0.000000 0.000000 0.000000 0.000000 0.000000 0.000000 0.000000 0.000000 0.000000 0.000000 0.000000 
0.000000 0.000000 0.000000 0.000000 0.000000 0.000000 0.000000 0.000000 0.000000 0.000000 0.000000 0.000000 0.000000 0.000000 0.000000 0.000000 0.000000 0.000000 0.000000 0.000001 0.000001 0.000002 0.000004 0.000008 0.000015 0.000025 0.000044 0.000073 0.000119 0.000192 0.000301 0.000462 0.000695 0.001023 0.001473 0.002075 0.002861 0.003859 0.005091 0.006572 0.008298 0.010248 0.012380 0.014628 0.016905 0.019108 0.021122 0.022835 0.024143 0.024964 0.025244 0.024964 0.024143 0.022835 0.021122 0.019108 0.016905 0.014628 0.012380 0.010248 0.008298 0.006572 0.005091 0.003859 0.002861 0.002075 0.001473 0.001023 0.000695 0.000462 0.000301 0.000192 0.000119 0.000073 0.000044 0.000025 0.000015 0.000008 0.000004 0.000002 0.000001 0.000001 0.000000 0.000000 0.000000 0.000000 0.000000 0.000000 0.000000 0.000000 0.000000 0.000000 0.000000 0.000000 0.000000 0.000000 0.000000 0.000000 0.000000 0.000000 
0.000000 0.000000 0.000000 0.000000 0.000000 0.000000 0.000000 0.000000 0.000000 0.000000 0.000000 0.000000 0.000000 0.000000 0.000000 0.000000 0.000000 0.000000 0.000001 0.000001 0.000002 0.000005 0.000009 0.000015 0.000028 0.000048 0.000082 0.000137 0.000224 0.000359 0.000563 0.000865 0.001299 0.001910 0.002747 0.003868 0.005327 0.007180 0.009467 0.012211 0.015409 0.019021 0.022967 0.027126 0.031337 0.035409 0.039132 0.042297 0.044714 0.046230 0.046747 0.046230 0.044714 0.042297 0.039132 0.035409 0.031337 0.027126 0.022967 0.019021 0.015409 0.012211 0.009467 0.007180 0.005327 0.003868 0.002747 0.001910 0.001299 0.000865 0.000563 0.000359 0.000224 0.000137 0.000082 0.000048 0.000028 0.000015 0.000009 0.000005 0.000002 0.000001 0.000001 0.000000 0.000000 0.000000 0.000000 0.000000 0.000000 0.000000 0.000000 0.000000 0.000000 0.000000 0.000000 0.000000 0.000000 0.000000 0.000000 0.000000 
0.000000 0.000000 0.000000 0.000000 0.000000 0.000000 0.000000 0.000000 0.000000 0.000000 0.000000 0.000000 0.000000 0.000000 0.000000 0.000000 0.000000 0.000001 0.000001 0.000002 0.000004 0.000009 0.000016 0.000029 0.000051 0.000089 0.000151 0.000252 0.000412 0.000660 0.001034 0.001585 0.002379 0.003494 0.005022 0.007063 0.009722 0.013092 0.017251 0.022238 0.028046 0.034602 0.041762 0.049304 0.056938 0.064316 0.071061 0.076794 0.081171 0.083917 0.084852 0.083917 0.081171 0.076794 0.071061 0.064316 0.056938 0.049304 0.041762 0.034602 0.028046 0.022238 0.017251 0.013092 0.009722 0.007063 0.005022 0.003494 0.002379 0.001585 0.001034 0.000660 0.000412 0.000252 0.000151 0.000089 0.000051 0.000029 0.000016 0.000009 0.000004 0.000002 0.000001 0.000001 0.000000 0.000000 0.000000 0.000000 0.000000 0.000000 0.000000 0.000000 0.000000 0.000000 0.000000 0.000000 0.000000 0.000000 0.000000 0.000000 
0.000000 0.000000 0.000000 0.000000 0.000000 0.000000 0.000000 0.000000 0.000000 0.000000 0.000000 0.000000 0.000000 0.000000 0.000000 0.000000 0.000001 0.000001 0.000002 0.000004 0.000008 0.000015 0.000029 0.000052 0.000092 0.000160 0.000273 0.000455 0.000743 0.001188 0.001859 0.002847 0.004268 0.006263 0.008994 0.012641 0.017385 0.023396 0.030807 0.039690 0.050028 0.061692 0.074424 0.087830 0.101394 0.114501 0.126479 0.136657 0.144427 0.149300 0.150961 0.149300 0.144427 0.136657 0.126479 0.114501 0.101394 0.087830 0.074424 0.061692 0.050028 0.039690 0.030807 0.023396 0.017385 0.012641 0.008994 0.006263 0.004268 0.002847 0.001859 0.001188 0.000743 0.000455 0.000273 0.000160 0.000092 0.000052 0.000029 0.000015 0.000008 0.000004 0.000002 0.000001 0.000001 0.000000 0.000000 0.000000 0.000000 0.000000 0.000000 0.000000 0.000000 0.000000 0.000000 0.000000 0.000000 0.000000 0.000000 0.000000 
0.000000 0.000000 0.000000 0.000000 0.000000 0.000000 0.000000 0.000000 0.000000 0.000000 0.000000 0.000000 0.000000 0.000000 0.000000 0.000000 0.000001 0.000002 0.000004 0.000008 0.000015 0.000028 0.000051 0.000092 0.000163 0.000284 0.000483 0.000804 0.001312 0.002094 0.003273 0.005009 0.007503 0.011000 0.015785 0.022167 0.030464 0.040969 0.053912 0.069417 0.087452 0.107789 0.129978 0.153333 0.176954 0.199772 0.220620 0.238332 0.251851 0.260328 0.263217 0.260328 0.251851 0.238332 0.220620 0.199772 0.176954 0.153333 0.129978 0.107789 0.087452 0.069417 0.053912 0.040969 0.030464 0.022167 0.015785 0.011000 0.007503 0.005009 0.003273 0.002094 0.001312 0.000804 0.000483 0.000284 0.000163 0.000092 0.000051 0.000028 0.000015 0.000008 0.000004 0.000002 0.000001 0.000000 0.000000 0.000000 0.000000 0.000000 0.000000 0.000000 0.000000 0.000000 0.000000 0.000000 0.000000 0.000000 0.000000 0.000000 
0.000000 0.000000 0.000000 0.000000 0.000000 0.000000 0.000000 0.000000 0.000000 0.000000 0.000000 0.000000 0.000000 0.000000 0.000000 0.000001 0.000002 0.000003 0.000007 0.000013 0.000025 0.000048 0.000089 0.000160 0.000284 0.000492 0.000837 0.001392 0.002268 0.003617 0.005648 0.008635 0.012922 0.018929 0.027140 0.038085 0.052303 0.070293 0.092445 0.118965 0.149795 0.184545 0.222442 0.262315 0.302629 0.341560 0.377121 0.407328 0.430380 0.444834 0.449760 0.444834 0.430380 0.407328 0.377121 0.341560 0.302629 0.262315 0.222442 0.184545 0.149795 0.118965 0.092445 0.070293 0.052303 0.038085 0.027140 0.018929 0.012922 0.008635 0.005648 0.003617 0.002268 0.001392 0.000837 0.000492 0.000284 0.000160 0.000089 0.000048 0.000025 0.000013 0.000007 0.000003 0.000002 0.000001 0.000000 0.000000 0.000000 0.000000 0.000000 0.000000 0.000000 0.000000 0.000000 0.000000 0.000000 0.000000 0.000000 0.000000 
0.000000 0.000000 0.000000 0.000000 0.000000 0.000000 0.000000 0.000000 0.000000 0.000000 0.000000 0.000000 0.000000 0.000000 0.000001 0.000001 0.000003 0.000006 0.000012 0.000023 0.000044 0.000082 0.000151 0.000273 0.000483 0.000837 0.001420 0.002360 0.003840 0.006119 0.009546 0.014580 0.021801 0.031909 0.045716 0.064106 0.087979 0.118165 0.155312 0.199758 0.251402 0.309585 0.373009 0.439717 0.507140 0.572230 0.631673 0.682158 0.720677 0.744829 0.753058 0.744829 0.720677 0.682158 0.631673 0.572230 0.507140 0.439717 0.373009 0.309585 0.251402 0.199758 0.155312 0.118165 0.087979 0.064106 0.045716 0.031909 0.021801 0.014580 0.009546 0.006119 0.003840 0.002360 0.001420 0.000837 0.000483 0.000273 0.000151 0.000082 0.000044 0.000023 0.000012 0.000006 0.000003 0.000001 0.000001 0.000000 0.000000 0.000000 0.000000 0.000000 0.000000 0.000000 0.000000 0.000000 0.000000 0.000000 0.000000 0.000000 
0.000000 0.000000 0.000000 0.000000 0.000000 0.000000 0.000000 0.000000 0.000000 0.000000 0.000000 0.000000 0.000000 0.000001 0.000001 0.000002 0.000005 0.000010 0.000019 0.000038 0.000073 0.000137 0.000252 0.000455 0.000804 0.001392 0.002360 0.003917 0.006368 0.010138 0.015802 0.024115 0.036027 0.052691 0.075434 0.105705 0.144976 0.194600 0.255632 0.328617 0.413379 0.508830 0.612838 0.722192 0.832682 0.939320 1.036685 1.119361 1.182434 1.221977 1.235450 1.221977 1.182434 1.119361 1.036685 0.939320 0.832682 0.722192 0.612838 0.508830 0.413379 0.328617 0.255632 0.194600 0.144976 0.105705 0.075434 0.052691 0.036027 0.024115 0.015802 0.010138 0.006368 0.003917 0.002360 0.001392 0.000804 0.000455 0.000252 0.000137 0.000073 0.000038 0.000019 0.000010 0.000005 0.000002 0.000001 0.000001 0.000000 0.000000 0.000000 0.000000 0.000000 0.000000 0.000000 0.000000 0.000000 0.000000 0.000000 0.000000 
0.000000 0.000000 0.000000 0.000000 0.000000 0.000000 0.000000 0.000000 0.000000 0.000000 0.000000 0.000000 0.000000 0.000001 0.000002 0.000004 0.000008 0.000016 0.000032 0.000062 0.000119 0.000224 0.000412 0.000743 0.001312 0.002268 0.003840 0.006368 0.010343 0.016450 0.025619 0.039064 0.058316 0.085225 0.121923 0.170736 0.234020 0.313940 0.412177 0.529594 0.665893 0.819314 0.986423 1.162059 1.339466 1.510646 1.666905 1.799567 1.900761 1.964198 1.985812 1.964198 1.900761 1.799567 1.666905 1.510646 1.339466 1.162059 0.986423 0.819314 0.665893 0.529594 0.412177 0.313940 0.234020 0.170736 0.121923 0.085225 0.058316 0.039064 0.025619 0.016450 0.010343 0.006368 0.003840 0.002268 0.001312 0.000743 0.000412 0.000224 0.000119 0.000062 0.000032 0.000016 0.000008 0.000004 0.000002 0.000001 0.000000 0.000000 0.000000 0.000000 0.000000 0.000000 0.000000 0.000000 0.000000 0.000000 0.000000 0.000000 
0.000000 0.000000 0.000000 0.000000 0.000000 0.000000 0.000000 0.000000 0.000000 0.000000 0.000000 0.000000 0.000001 0.000001 0.000003 0.000006 0.000013 0.000026 0.000051 0.000100 0.000192 0.000359 0.000660 0.001188 0.002094 0.003617 0.006119 0.010138 0.016450 0.026141 0.040676 0.061974 0.092446 0.135007 0.193013 0.270114 0.370011 0.496097 0.650997 0.836049 1.050762 1.292346 1.555387 1.831758 2.110837 2.380051 2.625748 2.834306 2.993375 3.093083 3.127054 3.093083 2.993375 2.834306 2.625748 2.380051 2.110837 1.831758 1.555387 1.292346 1.050762 0.836049 0.650997 0.496097 0.370011 0.270114 0.193013 0.135007 0.092446 0.061974 0.040676 0.026141 0.016450 0.010138 0.006119 0.003617 0.002094 0.001188 0.000660 0.000359 0.000192 0.000100 0.000051 0.000026 0.000013 0.000006 0.000003 0.000001 0.000001 0.000000 0.000000 0.000000 0.000000 0.000000 0.000000 0.000000 0.000000 0.000000 0.000000 0.000000 
0.000000 0.000000 0.000000 0.000000 0.000000 0.000000 0.000000 0.000000 0.000000 0.000000 0.000000 0.000000 0.000001 0.000002 0.000005 0.000010 0.000020 0.000041 0.000081 0.000157 0.000301 0.000563 0.001034 0.001859 0.003273 0.005648 0.009546 0.015802 0.025619 0.040676 0.063243 0.096283 0.143522 0.209454 0.299250 0.418534 0.572995 0.767841 1.007094 1.292782 1.624117 1.996771 2.402379 2.828408 3.258490 3.673272 4.051745 4.372959 4.617922 4.771459 4.823767 4.771459 4.617922 4.372959 4.051745 3.673272 3.258490 2.828408 2.402379 1.996771 1.624117 1.292782 1.007094 0.767841 0.572995 0.418534 0.299250 0.209454 0.143522 0.096283 0.063243 0.040676 0.025619 0.015802 0.009546 0.005648 0.003273 0.001859 0.001034 0.000563 0.000301 0.000157 0.000081 0.000041 0.000020 0.000010 0.000005 0.000002 0.000001 0.000000 0.000000 0.000000 0.000000 0.000000 0.000000 0.000000 0.000000 0.000000 0.000000 0.000000 
0.000000 0.000000 0.000000 0.000000 0.000000 0.000000 0.000000 0.000000 0.000000 0.000000 0.000000 0.000001 0.000001 0.000003 0.000007 0.000015 0.000031 0.000063 0.000124 0.000242 0.000462 0.000865 0.001585 0.002847 0.005009 0.008635 0.014580 0.024115 0.039064 0.061974 0.096283 0.146477 0.218191 0.318218 0.454363 0.635106 0.869022 1.163941 1.525898 1.957910 2.458742 3.021818 3.634478 4.277789 4.927050 5.553071 6.124184 6.608821 6.978370 7.209977 7.288880 7.209977 6.978370 6.608821 6.124184 5.553071 4.927050 4.277789 3.634478 3.021818 2.458742 1.957910 1.525898 1.163941 0.869022 0.635106 0.454363 0.318218 0.218191 0.146477 0.096283 0.061974 0.039064 0.024115 0.014580 0.008635 0.005009 0.002847 0.001585 0.000865 0.000462 0.000242 0.000124 0.000063 0.000031 0.000015 0.000007 0.000003 0.000001 0.000001 0.000000 0.000000 0.000000 0.000000 0.000000 0.000000 0.000000 0.000000 0.000000 0.000000 
0.000000 0.000000 0.000000 0.000000 0.000000 0.000000 0.000000 0.000000 0.000000 0.000000 0.000000 0.000001 0.000002 0.000005 0.000011 0.000023 0.000047 0.000094 0.000187 0.000365 0.000695 0.001299 0.002379 0.004268 0.007503 0.012922 0.021801 0.036027 0.058316 0.092446 0.143522 0.218191 0.324803 0.473410 0.675556 0.943768 1.290699 1.727891 2.264210 2.904057 3.645542 4.478881 5.385312 6.336817 7.296882 8.222382 9.066556 9.782804 10.328906 10.671137 10.787723 10.671137 10.328906 9.782804 9.066556 8.222382 7.296882 6.336817 5.385312 4.478881 3.645542 2.904057 2.264210 1.727891 1.290699 0.943768 0.675556 0.473410 0.324803 0.218191 0.143522 0.092446 0.058316 0.036027 0.021801 0.012922 0.007503 0.004268 0.002379 0.001299 0.000695 0.000365 0.000187 0.000094 0.000047 0.000023 0.000011 0.000005 0.000002 0.000001 0.000000 0.000000 0.000000 0.000000 0.000000 0.000000 0.000000 0.000000 0.000000 0.000000 
0.000000 0.000000 0.000000 0.000000 0.000000 0.000000 0.000000 0.000000 0.000000 0.000000 0.000001 0.000002 0.000003 0.000007 0.000016 0.000033 0.000069 0.000139 0.000276 0.000537 0.001023 0.001910 0.003494 0.006263 0.011000 0.018929 0.031909 0.052691 0.085225 0.135007 0.209454 0.318218 0.473410 0.689603 0.983516 1.373279 1.877179 2.511879 3.290147 4.218271 5.293425 6.501357 7.814835 9.193255 10.583744 11.923899 13.146083 14.182916 14.973366 15.468692 15.637427 15.468692 14.973366 14.182916 13.146083 11.923899 10.583744 9.193255 7.814835 6.501357 5.293425 4.218271 3.290147 2.511879 1.877179 1.373279 0.983516 0.689603 0.473410 0.318218 0.209454 0.135007 0.085225 0.052691 0.031909 0.018929 0.011000 0.006263 0.003494 0.001910 0.001023 0.000537 0.000276 0.000139 0.000069 0.000033 0.000016 0.000007 0.000003 0.000002 0.000001 0.000000 0.000000 0.000000 0.000000 0.000000 0.000000 0.000000 0.000000 0.000000 
0.000000 0.000000 0.000000 0.000000 0.000000 0.000000 0.000000 0.000000 0.000000 0.000000 0.000001 0.000002 0.000005 0.000011 0.000023 0.000048 0.000100 0.000201 0.000399 0.000774 0.001473 0.002747 0.005022 0.008994 0.015785 0.027140 0.045716 0.075434 0.121923 0.193013 0.299250 0.454363 0.675556 0.983516 1.401962 1.956587 2.673286 3.575618 4.681599 6.000031 7.526787 9.241545 11.105597 13.061311 15.033705 16.934335 18.667379 20.137407 21.258004 21.960168 22.199355 21.960168 21.258004 20.137407 18.667379 16.934335 15.033705 13.061311 11.105597 9.241545 7.526787 6.000031 4.681599 3.575618 2.673286 1.956587 1.401962 0.983516 0.675556 0.454363 0.299250 0.193013 0.121923 0.075434 0.045716 0.027140 0.015785 0.008994 0.005022 0.002747 0.001473 0.000774 0.000399 0.000201 0.000100 0.000048 0.000023 0.000011 0.000005 0.000002 0.000001 0.000000 0.000000 0.000000 0.000000 0.000000 0.000000 0.000000 0.000000 0.000000 
0.000000 0.000000 0.000000 0.000000 0.000000 0.000000 0.000000 0.000000 0.000000 0.000001 0.000001 0.000003 0.000007 0.000015 0.000033 0.000068 0.000141 0.000284 0.000563 0.001092 0.002075 0.003868 0.007063 0.012641 0.022167 0.038085 0.064106 0.105705 0.170736 0.270114 0.418534 0.635106 0.943768 1.373279 1.956587 2.729358 3.727501 4.983649 6.522698 8.356727 10.479846 12.863685 15.454368 18.171789 20.911808 23.551654 25.958370 27.999585 29.555454 30.530300 30.862363 30.530300 29.555454 27.999585 25.958370 23.551654 20.911808 18.171789 15.454368 12.863685 10.479846 8.356727 6.522698 4.983649 3.727501 2.729358 1.956587 1.373279 0.943768 0.635106 0.418534 0.270114 0.170736 0.105705 0.064106 0.038085 0.022167 0.012641 0.007063 0.003868 0.002075 0.001092 0.000563 0.000284 0.000141 0.000068 0.000033 0.000015 0.000007 0.000003 0.000001 0.000001 0.000000 0.000000 0.000000 0.000000 0.000000 0.000000 0.000000 0.000000 
0.000000 0.000000 0.000000 0.000000 0.000000 0.000000 0.000000 0.000000 0.000000 0.000001 0.000002 0.000004 0.000010 0.000021 0.000045 0.000095 0.000195 0.000393 0.000777 0.001506 0.002861 0.005327 0.009722 0.017385 0.030464 0.052303 0.087979 0.144976 0.234020 0.370011 0.572995 0.869022 1.290699 1.877179 2.673286 3.727501 5.088598 6.800845 8.897946 11.396143 14.287223 17.532414 21.058293 24.755825 28.483367 32.074024 35.347121 38.122826 40.238365 41.563801 42.015274 41.563801 40.238365 38.122826 35.347121 32.074024 28.483367 24.755825 21.058293 17.532414 14.287223 11.396143 8.897946 6.800845 5.088598 3.727501 2.673286 1.877179 1.290699 0.869022 0.572995 0.370011 0.234020 0.144976 0.087979 0.052303 0.030464 0.017385 0.009722 0.005327 0.002861 0.001506 0.000777 0.000393 0.000195 0.000095 0.000045 0.000021 0.000010 0.000004 0.000002 0.000001 0.000000 0.000000 0.000000 0.000000 0.000000 0.000000 0.000000 0.000000 
0.000000 0.000000 0.000000 0.000000 0.000000 0.000000 0.000000 0.000000 0.000000 0.000001 0.000003 0.000006 0.000013 0.000029 0.000061 0.000128 0.000264 0.000531 0.001050 0.002033 0.003859 0.007180 0.013092 0.023396 0.040969 0.070293 0.118165 0.194600 0.313940 0.496097 0.767841 1.163941 1.727891 2.511879 3.575618 4.983649 6.800845 9.086024 11.883878 15.215807 19.070626 23.396459 28.095337 33.021937 37.987605 42.770166 47.129178 50.825389 53.642278 55.407036 56.008135 55.407036 53.642278 50.825389 47.129178 42.770166 37.987605 33.021937 28.095337 23.396459 19.070626 15.215807 11.883878 9.086024 6.800845 4.983649 3.575618 2.511879 1.727891 1.163941 0.767841 0.496097 0.313940 0.194600 0.118165 0.070293 0.040969 0.023396 0.013092 0.007180 0.003859 0.002033 0.001050 0.000531 0.000264 0.000128 0.000061 0.000029 0.000013 0.000006 0.000003 0.000001 0.000000 0.000000 0.000000 0.000000 0.000000 0.000000 0.000000 0.000000 
0.000000 0.000000 0.000000 0.000000 0.000000 0.000000 0.000000 0.000000 0.000001 0.000002 0.000003 0.000008 0.000017 0.000038 0.000081 0.000170 0.000349 0.000703 0.001387 0.002684 0.005091 0.009467 0.017251 0.030807 0.053912 0.092445 0.155312 0.255632 0.412177 0.650997 1.007094 1.525898 2.264210 3.290147 4.681599 6.522698 8.897946 11.883878 15.538545 19.889572 24.922071 30.568108 36.699694 43.127180 49.604529 55.842113 61.526595 66.346262 70.019070 72.319941 73.103628 72.319941 70.019070 66.346262 61.526595 55.842113 49.604529 43.127180 36.699694 30.568108 24.922071 19.889572 15.538545 11.883878 8.897946 6.522698 4.681599 3.290147 2.264210 1.525898 1.007094 0.650997 0.412177 0.255632 0.155312 0.092445 0.053912 0.030807 0.017251 0.009467 0.005091 0.002684 0.001387 0.000703 0.000349 0.000170 0.000081 0.000038 0.000017 0.000008 0.000003 0.000002 0.000001 0.000000 0.000000 0.000000 0.000000 0.000000 0.000000 0.000000 
0.000000 0.000000 0.000000 0.000000 0.000000 0.000000 0.000000 0.000000 0.000001 0.000002 0.000005 0.000010 0.000023 0.000049 0.000105 0.000220 0.000452 0.000909 0.001793 0.003467 0.006572 0.012211 0.022238 0.039690 0.069417 0.118965 0.199758 0.328617 0.529594 0.836049 1.292782 1.957910 2.904057 4.218271 6.000031 8.356727 11.396143 15.215807 19.889572 25.452381 31.884869 39.099957 46.933945 55.144511 63.417471 71.383124 78.641625 84.795291 89.484351 92.421730 93.422194 92.421730 89.484351 84.795291 78.641625 71.383124 63.417471 55.144511 46.933945 39.099957 31.884869 25.452381 19.889572 15.215807 11.396143 8.356727 6.000031 4.218271 2.904057 1.957910 1.292782 0.836049 0.529594 0.328617 0.199758 0.118965 0.069417 0.039690 0.022238 0.012211 0.006572 0.003467 0.001793 0.000909 0.000452 0.000220 0.000105 0.000049 0.000023 0.000010 0.000005 0.000002 0.000001 0.000000 0.000000 0.000000 0.000000 0.000000 0.000000 0.000000 
0.000000 0.000000 0.000000 0.000000 0.000000 0.000000 0.000000 0.000000 0.000001 0.000002 0.000006 0.000013 0.000029 0.000063 0.000133 0.000279 0.000572 0.001150 0.002266 0.004380 0.008298 0.015409 0.028046 0.050028 0.087452 0.149795 0.251402 0.413379 0.665893 1.050762 1.624117 2.458742 3.645542 5.293425 7.526787 10.479846 14.287223 19.070626 24.922071 31.884869 39.934404 48.961423 58.760956 69.029864 79.375318 89.335250 98.410054 106.102926 111.964490 115.636212 116.886765 115.636212 111.964490 106.102926 98.410054 89.335250 79.375318 69.029864 58.760956 48.961423 39.934404 31.884869 24.922071 19.070626 14.287223 10.479846 7.526787 5.293425 3.645542 2.458742 1.624117 1.050762 0.665893 0.413379 0.251402 0.149795 0.087452 0.050028 0.028046 0.015409 0.008298 0.004380 0.002266 0.001150 0.000572 0.000279 0.000133 0.000063 0.000029 0.000013 0.000006 0.000002 0.000001 0.000000 0.000000 0.000000 0.000000 0.000000 0.000000 0.000000 
0.000000 0.000000 0.000000 0.000000 0.000000 0.000000 0.000000 0.000001 0.000001 0.000003 0.000007 0.000016 0.000036 0.000078 0.000165 0.000345 0.000708 0.001422 0.002802 0.005412 0.010248 0.019021 0.034602 0.061692 0.107789 0.184545 0.309585 0.508830 0.819314 1.292346 1.996771 3.021818 4.478881 6.501357 9.241545 12.863685 17.532414 23.396459 30.568108 39.099957 48.961423 60.018349 72.019497 84.593600 97.259781 109.452596 120.560813 129.976743 137.150786 141.644486 143.174967 141.644486 137.150786 129.976743 120.560813 109.452596 97.259781 84.593600 72.019497 60.018349 48.961423 39.099957 30.568108 23.396459 17.532414 12.863685 9.241545 6.501357 4.478881 3.021818 1.996771 1.292346 0.819314 0.508830 0.309585 0.184545 0.107789 0.061692 0.034602 0.019021 0.010248 0.005412 0.002802 0.001422 0.000708 0.000345 0.000165 0.000078 0.000036 0.000016 0.000007 0.000003 0.000001 0.000001 0.000000 0.000000 0.000000 0.000000 0.000000 0.000000 
0.000000 0.000000 0.000000 0.000000 0.000000 0.000000 0.000000 0.000001 0.000002 0.000004 0.000009 0.000020 0.000043 0.000094 0.000200 0.000418 0.000857 0.001721 0.003388 0.006542 0.012380 0.022967 0.041762 0.074424 0.129978 0.222442 0.373009 0.612838 0.986423 1.555387 2.402379 3.634478 5.385312 7.814835 11.105597 15.454368 21.058293 28.095337 36.699694 46.933945 58.760956 72.019497 86.408114 101.481658 116.663812 131.277108 144.589386 155.872842 164.469332 169.853849 171.687698 169.853849 164.469332 155.872842 144.589386 131.277108 116.663812 101.481658 86.408114 72.019497 58.760956 46.933945 36.699694 28.095337 21.058293 15.454368 11.105597 7.814835 5.385312 3.634478 2.402379 1.555387 0.986423 0.612838 0.373009 0.222442 0.129978 0.074424 0.041762 0.022967 0.012380 0.006542 0.003388 0.001721 0.000857 0.000418 0.000200 0.000094 0.000043 0.000020 0.000009 0.000004 0.000002 0.000001 0.000000 0.000000 0.000000 0.000000 0.000000 0.000000 
0.000000 0.000000 0.000000 0.000000 0.000000 0.000000 0.000000 0.000001 0.000002 0.000004 0.000010 0.000023 0.000051 0.000112 0.000237 0.000495 0.001014 0.002036 0.004007 0.007733 0.014628 0.027126 0.049304 0.087830 0.153333 0.262315 0.439717 0.722192 1.162059 1.831758 2.828408 4.277789 6.336817 9.193255 13.061311 18.171789 24.755825 33.021937 43.127180 55.144511 69.029864 84.593600 101.481658 119.171540 136.987048 154.133513 169.752281 182.989933 193.074812 199.391414 201.542679 199.391414 193.074812 182.989933 169.752281 154.133513 136.987048 119.171540 101.481658 84.593600 69.029864 55.144511 43.127180 33.021937 24.755825 18.171789 13.061311 9.193255 6.336817 4.277789 2.828408 1.831758 1.162059 0.722192 0.439717 0.262315 0.153333 0.087830 0.049304 0.027126 0.014628 0.007733 0.004007 0.002036 0.001014 0.000495 0.000237 0.000112 0.000051 0.000023 0.000010 0.000004 0.000002 0.000001 0.000000 0.000000 0.000000 0.000000 0.000000 0.000000 
