0.000000 0.000000 0.000000 0.000000 0.000000 0.000000 0.000000 0.000000 0.000000 0.000000 0.000000 0.000000 0.000000 0.000000 0.000000 0.000000 0.000000 0.000000 0.000000 0.000000 0.000000 0.000000 0.000000 0.000000 0.000000 0.000000 0.000000 0.000000 0.000000 0.000000 0.000000 0.000000 0.000000 0.000000 0.000000 0.000000 0.000000 0.000000 0.000000 0.000000 0.000000 0.000000 0.000000 0.000000 0.000000 0.000000 0.000000 0.000000 0.000000 0.000000 0.000000 0.000000 0.000000 0.000000 0.000000 0.000000 0.000000 0.000000 0.000000 0.000000 0.000000 0.000000 0.000000 0.000000 0.000000 0.000000 0.000000 0.000000 0.000000 0.000000 0.000000 0.000000 0.000000 0.000000 0.000000 0.000000 0.000000 0.000000 0.000000 0.000000 0.000000 0.000000 0.000000 0.000000 0.000000 0.000000 0.000000 0.000000 0.000000 0.000000 0.000000 0.000000 0.000000 0.000000 0.000000 0.000000 0.000000 0.000000 0.000000 0.000000 
0.000000 0.000000 0.000000 0.000000 0.000000 0.000000 0.000000 0.000000 0.000000 0.000000 0.000000 0.000000 0.000000 0.000000 0.000000 0.000000 0.000000 0.000000 0.000000 0.000000 0.000000 0.000000 0.000000 0.000000 0.000000 0.000000 0.000000 0.000001 0.000001 0.000001 0.000001 0.000002 0.000002 0.000003 0.000004 0.000005 0.000006 0.000007 0.000008 0.000009 0.000011 0.000012 0.000014 0.000015 0.000017 0.000018 0.000019 0.000020 0.000021 0.000022 0.000022 0.000022 0.000021 0.000020 0.000019 0.000018 0.000017 0.000015 0.000014 0.000012 0.000011 0.000009 0.000008 0.000007 0.000006 0.000005 0.000004 0.000003 0.000002 0.000002 0.000001 0.000001 0.000001 0.000001 0.000000 0.000000 0.000000 0.000000 0.000000 0.000000 0.000000 0.000000 0.000000 0.000000 0.000000 0.000000 0.000000 0.000000 0.000000 0.000000 0.000000 0.000000 0.000000 0.000000 0.000000 0.000000 0.000000 0.000000 0.000000 0.000000 
0.000000 0.000000 0.000000 0.000000 0.000000 0.000000 0.000000 0.000000 0.000000 0.000000 0.000000 0.000000 0.000000 0.000000 0.000000 0.000000 0.000000 0.000000 0.000000 0.000000 0.000000 0.000000 0.000000 0.000000 0.000000 0.000001 0.000001 0.000001 0.000002 0.000002 0.000003 0.000004 0.000006 0.000007 0.000009 0.000011 0.000013 0.000016 0.000019 0.000023 0.000026 0.000030 0.000033 0.000037 0.000041 0.000044 0.000047 0.000049 0.000051 0.000052 0.000052 0.000052 0.000051 0.000049 0.000047 0.000044 0.000041 0.000037 0.000033 0.000030 0.000026 0.000023 0.000019 0.000016 0.000013 0.000011 0.000009 0.000007 0.000006 0.000004 0.000003 0.000002 0.000002 0.000001 0.000001 0.000001 0.000000 0.000000 0.000000 0.000000 0.000000 0.000000 0.000000 0.000000 0.000000 0.000000 0.000000 0.000000 0.000000 0.000000 0.000000 0.000000 0.000000 0.000000 0.000000 0.000000 0.000000 0.000000 0.000000 0.000000 
0.000000 0.000000 0.000000 0.000000 0.000000 0.000000 0.000000 0.000000 0.000000 0.000000 0.000000 0.000000 0.000000 0.000000 0.000000 0.000000 0.000000 0.000000 0.000000 0.000000 0.000000 0.000000 0.000000 0.000001 0.000001 0.000001 0.000002 0.000003 0.000004 0.000005 0.000006 0.000008 0.000011 0.000014 0.000017 0.000022 0.000026 0.000032 0.000038 0.000044 0.000051 0.000058 0.000066 0.000073 0.000080 0.000086 0.000091 0.000096 0.000099 0.000101 0.000102 0.000101 0.000099 0.000096 0.000091 0.000086 0.000080 0.000073 0.000066 0.000058 0.000051 0.000044 0.000038 0.000032 0.000026 0.000022 0.000017 0.000014 0.000011 0.000008 0.000006 0.000005 0.000004 0.000003 0.000002 0.000001 0.000001 0.000001 0.000000 0.000000 0.000000 0.000000 0.000000 0.000000 0.000000 0.000000 0.000000 0.000000 0.000000 0.000000 0.000000 0.000000 0.000000 0.000000 0.000000 0.000000 0.000000 0.000000 0.000000 0.000000 
0.000000 0.000000 0.000000 0.000000 0.000000 0.000000 0.000000 0.000000 0.000000 0.000000 0.000000 0.000000 0.000000 0.000000 0.000000 0.000000 0.000000 0.000000 0.000000 0.000000 0.000000 0.000001 0.000001 0.000001 0.000002 0.000003 0.000004 0.000005 0.000007 0.000009 0.000012 0.000016 0.000020 0.000026 0.000032 0.000040 0.000049 0.000059 0.000070 0.000082 0.000095 0.000108 0.000122 0.000135 0.000148 0.000160 0.000170 0.000178 0.000184 0.000188 0.000190 0.000188 0.000184 0.000178 0.000170 0.000160 0.000148 0.000135 0.000122 0.000108 0.000095 0.000082 0.000070 0.000059 0.000049 0.000040 0.000032 0.000026 0.000020 0.000016 0.000012 0.000009 0.000007 0.000005 0.000004 0.000003 0.000002 0.000001 0.000001 0.000001 0.000000 0.000000 0.000000 0.000000 0.000000 0.000000 0.000000 0.000000 0.000000 0.000000 0.000000 0.000000 0.000000 0.000000 0.000000 0.000000 0.000000 0.000000 0.000000 0.000000 
0.000000 0.000000 0.000000 0.000000 0.000000 0.000000 0.000000 0.000000 0.000000 0.000000 0.000000 0.000000 0.000000 0.000000 0.000000 0.000000 0.000000 0.000000 0.000000 0.000000 0.000001 0.000001 0.000002 0.000002 0.000003 0.000005 0.000007 0.000009 0.000012 0.000017 0.000022 0.000029 0.000037 0.000047 0.000059 0.000073 0.000089 0.000108 0.000128 0.000150 0.000173 0.000197 0.000221 0.000246 0.000269 0.000290 0.000308 0.000324 0.000335 0.000342 0.000344 0.000342 0.000335 0.000324 0.000308 0.000290 0.000269 0.000246 0.000221 0.000197 0.000173 0.000150 0.000128 0.000108 0.000089 0.000073 0.000059 0.000047 0.000037 0.000029 0.000022 0.000017 0.000012 0.000009 0.000007 0.000005 0.000003 0.000002 0.000002 0.000001 0.000001 0.000000 0.000000 0.000000 0.000000 0.000000 0.000000 0.000000 0.000000 0.000000 0.000000 0.000000 0.000000 0.000000 0.000000 0.000000 0.000000 0.000000 0.000000 0.000000 
0.000000 0.000000 0.000000 0.000000 0.000000 0.000000 0.000000 0.000000 0.000000 0.000000 0.000000 0.000000 0.000000 0.000000 0.000000 0.000000 0.000000 0.000000 0.000001 0.000001 0.000001 0.000002 0.000003 0.000004 0.000006 0.000008 0.000012 0.000016 0.000022 0.000030 0.000039 0.000052 0.000066 0.000084 0.000106 0.000131 0.000160 0.000192 0.000229 0.000268 0.000309 0.000352 0.000396 0.000439 0.000480 0.000518 0.000551 0.000578 0.000599 0.000611 0.000615 0.000611 0.000599 0.000578 0.000551 0.000518 0.000480 0.000439 0.000396 0.000352 0.000309 0.000268 0.000229 0.000192 0.000160 0.000131 0.000106 0.000084 0.000066 0.000052 0.000039 0.000030 0.000022 0.000016 0.000012 0.000008 0.000006 0.000004 0.000003 0.000002 0.000001 0.000001 0.000001 0.000000 0.000000 0.000000 0.000000 0.000000 0.000000 0.000000 0.000000 0.000000 0.000000 0.000000 0.000000 0.000000 0.000000 0.000000 0.000000 0.000000 
0.000000 0.000000 0.000000 0.000000 0.000000 0.000000 0.000000 0.000000 0.000000 0.000000 0.000000 0.000000 0.000000 0.000000 0.000000 0.000000 0.000000 0.000001 0.000001 0.000002 0.000002 0.000003 0.000005 0.000007 0.000011 0.000015 0.000021 0.000029 0.000039 0.000053 0.000070 0.000091 0.000118 0.000149 0.000187 0.000232 0.000283 0.000340 0.000404 0.000473 0.000546 0.000622 0.000699 0.000775 0.000848 0.000914 0.000972 0.001020 0.001056 0.001078 0.001085 0.001078 0.001056 0.001020 0.000972 0.000914 0.000848 0.000775 0.000699 0.000622 0.000546 0.000473 0.000404 0.000340 0.000283 0.000232 0.000187 0.000149 0.000118 0.000091 0.000070 0.000053 0.000039 0.000029 0.000021 0.000015 0.000011 0.000007 0.000005 0.000003 0.000002 0.000002 0.000001 0.000001 0.000000 0.000000 0.000000 0.000000 0.000000 0.000000 0.000000 0.000000 0.000000 0.000000 0.000000 0.000000 0.000000 0.000000 0.000000 0.000000 
0.000000 0.000000 0.000000 0.000000 0.000000 0.000000 0.000000 0.000000 0.000000 0.000000 0.000000 0.000000 0.000000 0.000000 0.000000 0.000000 0.000001 0.000001 0.000002 0.000003 0.000004 0.000006 0.000009 0.000013 0.000019 0.000026 0.000037 0.000051 0.000069 0.000092 0.000122 0.000159 0.000205 0.000261 0.000327 0.000404 0.000493 0.000593 0.000704 0.000824 0.000952 0.001084 0.001218 0.001350 0.001476 0.001592 0.001694 0.001777 0.001839 0.001877 0.001890 0.001877 0.001839 0.001777 0.001694 0.001592 0.001476 0.001350 0.001218 0.001084 0.000952 0.000824 0.000704 0.000593 0.000493 0.000404 0.000327 0.000261 0.000205 0.000159 0.000122 0.000092 0.000069 0.000051 0.000037 0.000026 0.000019 0.000013 0.000009 0.000006 0.000004 0.000003 0.000002 0.000001 0.000001 0.000000 0.000000 0.000000 0.000000 0.000000 0.000000 0.000000 0.000000 0.000000 0.000000 0.000000 0.000000 0.000000 0.000000 0.000000 
0.000000 0.000000 0.000000 0.000000 0.000000 0.000000 0.000000 0.000000 0.000000 0.000000 0.000000 0.000000 0.000000 0.000000 0.000000 0.000001 0.000001 0.000002 0.000003 0.000005 0.000007 0.000010 0.000015 0.000022 0.000032 0.000046 0.000064 0.000088 0.000119 0.000159 0.000211 0.000275 0.000354 0.000450 0.000564 0.000697 0.000849 0.001022 0.001212 0.001419 0.001638 0.001866 0.002096 0.002323 0.002540 0.002739 0.002913 0.003056 0.003162 0.003228 0.003250 0.003228 0.003162 0.003056 0.002913 0.002739 0.002540 0.002323 0.002096 0.001866 0.001638 0.001419 0.001212 0.001022 0.000849 0.000697 0.000564 0.000450 0.000354 0.000275 0.000211 0.000159 0.000119 0.000088 0.000064 0.000046 0.000032 0.000022 0.000015 0.000010 0.000007 0.000005 0.000003 0.000002 0.000001 0.000001 0.000000 0.000000 0.000000 0.000000 0.000000 0.000000 0.000000 0.000000 0.000000 0.000000 0.000000 0.000000 0.000000 0.000000 
0.000000 0.000000 0.000000 0.000000 0.000000 0.000000 0.000000 0.000000 0.000000 0.000000 0.000000 0.000000 0.000000 0.000001 0.000001 0.000001 0.000002 0.000003 0.000005 0.000008 0.000012 0.000018 0.000026 0.000038 0.000055 0.000078 0.000109 0.000149 0.000203 0.000272 0.000359 0.000469 0.000603 0.000766 0.000959 0.001186 0.001445 0.001738 0.002061 0.002412 0.002785 0.003171 0.003562 0.003947 0.004314 0.004651 0.004947 0.005189 0.005370 0.005481 0.005519 0.005481 0.005370 0.005189 0.004947 0.004651 0.004314 0.003947 0.003562 0.003171 0.002785 0.002412 0.002061 0.001738 0.001445 0.001186 0.000959 0.000766 0.000603 0.000469 0.000359 0.000272 0.000203 0.000149 0.000109 0.000078 0.000055 0.000038 0.000026 0.000018 0.000012 0.000008 0.000005 0.000003 0.000002 0.000001 0.000001 0.000001 0.000000 0.000000 0.000000 0.000000 0.000000 0.000000 0.000000 0.000000 0.000000 0.000000 0.000000 0.000000 
0.000000 0.000000 0.000000 0.000000 0.000000 0.000000 0.000000 0.000000 0.000000 0.000000 0.000000 0.000000 0.000001 0.000001 0.000001 0.000002 0.000004 0.000006 0.000009 0.000013 0.000020 0.000030 0.000045 0.000065 0.000093 0.000131 0.000183 0.000252 0.000342 0.000458 0.000605 0.000789 0.001015 0.001288 0.001612 0.001992 0.002427 0.002918 0.003461 0.004049 0.004673 0.005321 0.005976 0.006620 0.007235 0.007800 0.008295 0.008702 0.009004 0.009191 0.009254 0.009191 0.009004 0.008702 0.008295 0.007800 0.007235 0.006620 0.005976 0.005321 0.004673 0.004049 0.003461 0.002918 0.002427 0.001992 0.001612 0.001288 0.001015 0.000789 0.000605 0.000458 0.000342 0.000252 0.000183 0.000131 0.000093 0.000065 0.000045 0.000030 0.000020 0.000013 0.000009 0.000006 0.000004 0.000002 0.000001 0.000001 0.000001 0.000000 0.000000 0.000000 0.000000 0.000000 0.000000 0.000000 0.000000 0.000000 0.000000 0.000000 
0.000000 0.000000 0.000000 0.000000 0.000000 0.000000 0.000000 0.000000 0.000000 0.000000 0.000000 0.000001 0.000001 0.000001 0.000002 0.000004 0.000006 0.000009 0.000015 0.000022 0.000034 0.000051 0.000074 0.000108 0.000155 0.000218 0.000304 0.000419 0.000568 0.000761 0.001005 0.001310 0.001685 0.002137 0.002676 0.003304 0.004026 0.004838 0.005737 0.006711 0.007744 0.008815 0.009899 0.010965 0.011982 0.012917 0.013735 0.014407 0.014907 0.015216 0.015320 0.015216 0.014907 0.014407 0.013735 0.012917 0.011982 0.010965 0.009899 0.008815 0.007744 0.006711 0.005737 0.004838 0.004026 0.003304 0.002676 0.002137 0.001685 0.001310 0.001005 0.000761 0.000568 0.000419 0.000304 0.000218 0.000155 0.000108 0.000074 0.000051 0.000034 0.000022 0.000015 0.000009 0.000006 0.000004 0.000002 0.000001 0.000001 0.000001 0.000000 0.000000 0.000000 0.000000 0.000000 0.000000 0.000000 0.000000 0.000000 0.000000 
0.000000 0.000000 0.000000 0.000000 0.000000 0.000000 0.000000 0.000000 0.000000 0.000000 0.000001 0.000001 0.000001 0.000002 0.000004 0.000006 0.000010 0.000016 0.000024 0.000037 0.000056 0.000083 0.000122 0.000178 0.000254 0.000359 0.000500 0.000687 0.000933 0.001248 0.001648 0.002148 0.002762 0.003503 0.004383 0.005412 0.006592 0.007921 0.009390 0.010981 0.012669 0.014420 0.016190 0.017932 0.019593 0.021119 0.022455 0.023553 0.024369 0.024873 0.025043 0.024873 0.024369 0.023553 0.022455 0.021119 0.019593 0.017932 0.016190 0.014420 0.012669 0.010981 0.009390 0.007921 0.006592 0.005412 0.004383 0.003503 0.002762 0.002148 0.001648 0.001248 0.000933 0.000687 0.000500 0.000359 0.000254 0.000178 0.000122 0.000083 0.000056 0.000037 0.000024 0.000016 0.000010 0.000006 0.000004 0.000002 0.000001 0.000001 0.000001 0.000000 0.000000 0.000000 0.000000 0.000000 0.000000 0.000000 0.000000 0.000000 
0.000000 0.000000 0.000000 0.000000 0.000000 0.000000 0.000000 0.000000 0.000000 0.000000 0.000001 0.000001 0.000002 0.000004 0.000006 0.000010 0.000016 0.000026 0.000039 0.000060 0.000091 0.000135 0.000199 0.000288 0.000412 0.000582 0.000811 0.001114 0.001511 0.002022 0.002670 0.003477 0.004469 0.005667 0.007090 0.008751 0.010656 0.012802 0.015173 0.017742 0.020465 0.023289 0.026145 0.028955 0.031633 0.034093 0.036247 0.038017 0.039333 0.040145 0.040420 0.040145 0.039333 0.038017 0.036247 0.034093 0.031633 0.028955 0.026145 0.023289 0.020465 0.017742 0.015173 0.012802 0.010656 0.008751 0.007090 0.005667 0.004469 0.003477 0.002670 0.002022 0.001511 0.001114 0.000811 0.000582 0.000412 0.000288 0.000199 0.000135 0.000091 0.000060 0.000039 0.000026 0.000016 0.000010 0.000006 0.000004 0.000002 0.000001 0.000001 0.000000 0.000000 0.000000 0.000000 0.000000 0.000000 0.000000 0.000000 0.000000 
0.000000 0.000000 0.000000 0.000000 0.000000 0.000000 0.000000 0.000000 0.000000 0.000001 0.000001 0.000002 0.000004 0.000006 0.000010 0.000016 0.000026 0.000041 0.000063 0.000097 0.000146 0.000217 0.000319 0.000462 0.000661 0.000933 0.001298 0.001784 0.002418 0.003234 0.004268 0.005558 0.007141 0.009052 0.011322 0.013971 0.017009 0.020429 0.024208 0.028300 0.032639 0.037137 0.041685 0.046159 0.050424 0.054340 0.057769 0.060586 0.062682 0.063974 0.064410 0.063974 0.062682 0.060586 0.057769 0.054340 0.050424 0.046159 0.041685 0.037137 0.032639 0.028300 0.024208 0.020429 0.017009 0.013971 0.011322 0.009052 0.007141 0.005558 0.004268 0.003234 0.002418 0.001784 0.001298 0.000933 0.000661 0.000462 0.000319 0.000217 0.000146 0.000097 0.000063 0.000041 0.000026 0.000016 0.000010 0.000006 0.000004 0.000002 0.000001 0.000001 0.000000 0.000000 0.000000 0.000000 0.000000 0.000000 0.000000 0.000000 
0.000000 0.000000 0.000000 0.000000 0.000000 0.000000 0.000000 0.000000 0.000001 0.000001 0.000002 0.000004 0.000006 0.000010 0.000016 0.000026 0.000042 0.000065 0.000101 0.000154 0.000231 0.000344 0.000505 0.000732 0.001046 0.001474 0.002052 0.002818 0.003819 0.005106 0.006737 0.008770 0.011264 0.014275 0.017850 0.022020 0.026802 0.032185 0.038131 0.044568 0.051393 0.058465 0.065616 0.072651 0.079355 0.085510 0.090900 0.095327 0.098620 0.100651 0.101337 0.100651 0.098620 0.095327 0.090900 0.085510 0.079355 0.072651 0.065616 0.058465 0.051393 0.044568 0.038131 0.032185 0.026802 0.022020 0.017850 0.014275 0.011264 0.008770 0.006737 0.005106 0.003819 0.002818 0.002052 0.001474 0.001046 0.000732 0.000505 0.000344 0.000231 0.000154 0.000101 0.000065 0.000042 0.000026 0.000016 0.000010 0.000006 0.000004 0.000002 0.000001 0.000001 0.000000 0.000000 0.000000 0.000000 0.000000 0.000000 0.000000 
0.000000 0.000000 0.000000 0.000000 0.000000 0.000000 0.000000 0.000001 0.000001 0.000002 0.000003 0.000006 0.000009 0.000016 0.000026 0.000041 0.000065 0.000102 0.000158 0.000240 0.000362 0.000538 0.000789 0.001143 0.001632 0.002301 0.003202 0.004395 0.005954 0.007958 0.010496 0.013660 0.017540 0.022223 0.027781 0.034264 0.041695 0.050058 0.059294 0.069292 0.079890 0.090870 0.101971 0.112889 0.123295 0.132847 0.141211 0.148079 0.153189 0.156340 0.157404 0.156340 0.153189 0.148079 0.141211 0.132847 0.123295 0.112889 0.101971 0.090870 0.079890 0.069292 0.059294 0.050058 0.041695 0.034264 0.027781 0.022223 0.017540 0.013660 0.010496 0.007958 0.005954 0.004395 0.003202 0.002301 0.001632 0.001143 0.000789 0.000538 0.000362 0.000240 0.000158 0.000102 0.000065 0.000041 0.000026 0.000016 0.000009 0.000006 0.000003 0.000002 0.000001 0.000001 0.000000 0.000000 0.000000 0.000000 0.000000 0.000000 
0.000000 0.000000 0.000000 0.000000 0.000000 0.000000 0.000001 0.000001 0.000002 0.000003 0.000005 0.000009 0.000015 0.000024 0.000039 0.000063 0.000101 0.000158 0.000243 0.000371 0.000559 0.000830 0.001218 0.001762 0.002516 0.003546 0.004931 0.006767 0.009163 0.012244 0.016144 0.021004 0.026964 0.034153 0.042683 0.052632 0.064032 0.076861 0.091025 0.106355 0.122600 0.139432 0.156445 0.173176 0.189120 0.203754 0.216568 0.227090 0.234917 0.239743 0.241374 0.239743 0.234917 0.227090 0.216568 0.203754 0.189120 0.173176 0.156445 0.139432 0.122600 0.106355 0.091025 0.076861 0.064032 0.052632 0.042683 0.034153 0.026964 0.021004 0.016144 0.012244 0.009163 0.006767 0.004931 0.003546 0.002516 0.001762 0.001218 0.000830 0.000559 0.000371 0.000243 0.000158 0.000101 0.000063 0.000039 0.000024 0.000015 0.000009 0.000005 0.000003 0.000002 0.000001 0.000001 0.000000 0.000000 0.000000 0.000000 0.000000 
0.000000 0.000000 0.000000 0.000000 0.000000 0.000000 0.000001 0.000002 0.000003 0.000005 0.000008 0.000013 0.000022 0.000037 0.000060 0.000097 0.000154 0.000240 0.000371 0.000566 0.000852 0.001265 0.001854 0.002682 0.003828 0.005392 0.007496 0.010284 0.013921 0.018596 0.024512 0.031882 0.040916 0.051813 0.064738 0.079809 0.097075 0.116501 0.137945 0.161150 0.185737 0.211207 0.236948 0.262260 0.286378 0.308513 0.327893 0.343806 0.355644 0.362942 0.365407 0.362942 0.355644 0.343806 0.327893 0.308513 0.286378 0.262260 0.236948 0.211207 0.185737 0.161150 0.137945 0.116501 0.097075 0.079809 0.064738 0.051813 0.040916 0.031882 0.024512 0.018596 0.013921 0.010284 0.007496 0.005392 0.003828 0.002682 0.001854 0.001265 0.000852 0.000566 0.000371 0.000240 0.000154 0.000097 0.000060 0.000037 0.000022 0.000013 0.000008 0.000005 0.000003 0.000002 0.000001 0.000000 0.000000 0.000000 0.000000 0.000000 
0.000000 0.000000 0.000000 0.000000 0.000000 0.000001 0.000001 0.000002 0.000004 0.000007 0.000012 0.000020 0.000034 0.000056 0.000091 0.000146 0.000231 0.000362 0.000559 0.000852 0.001281 0.001902 0.002786 0.004028 0.005748 0.008095 0.011249 0.015426 0.020876 0.027879 0.036737 0.047769 0.061289 0.077592 0.096925 0.119463 0.145280 0.174318 0.206367 0.241042 0.277778 0.315826 0.354276 0.392079 0.428096 0.461149 0.490086 0.513844 0.531518 0.542413 0.546094 0.542413 0.531518 0.513844 0.490086 0.461149 0.428096 0.392079 0.354276 0.315826 0.277778 0.241042 0.206367 0.174318 0.145280 0.119463 0.096925 0.077592 0.061289 0.047769 0.036737 0.027879 0.020876 0.015426 0.011249 0.008095 0.005748 0.004028 0.002786 0.001902 0.001281 0.000852 0.000559 0.000362 0.000231 0.000146 0.000091 0.000056 0.000034 0.000020 0.000012 0.000007 0.000004 0.000002 0.000001 0.000001 0.000000 0.000000 0.000000 0.000000 
0.000000 0.000000 0.000000 0.000000 0.000001 0.000001 0.000002 0.000003 0.000006 0.000010 0.000018 0.000030 0.000051 0.000083 0.000135 0.000217 0.000344 0.000538 0.000830 0.001265 0.001902 0.002822 0.004132 0.005973 0.008520 0.011993 0.016661 0.022841 0.030901 0.041254 0.054347 0.070648 0.090622 0.114700 0.143246 0.176518 0.214621 0.257471 0.304756 0.355907 0.410089 0.466200 0.522896 0.578632 0.631729 0.680453 0.723106 0.758124 0.784173 0.800230 0.805656 0.800230 0.784173 0.758124 0.723106 0.680453 0.631729 0.578632 0.522896 0.466200 0.410089 0.355907 0.304756 0.257471 0.214621 0.176518 0.143246 0.114700 0.090622 0.070648 0.054347 0.041254 0.030901 0.022841 0.016661 0.011993 0.008520 0.005973 0.004132 0.002822 0.001902 0.001265 0.000830 0.000538 0.000344 0.000217 0.000135 0.000083 0.000051 0.000030 0.000018 0.000010 0.000006 0.000003 0.000002 0.000001 0.000001 0.000000 0.000000 0.000000 
0.000000 0.000000 0.000000 0.000000 0.000001 0.000002 0.000003 0.000005 0.000009 0.000015 0.000026 0.000045 0.000074 0.000122 0.000199 0.000319 0.000505 0.000789 0.001218 0.001854 0.002786 0.004132 0.006050 0.008740 0.012463 0.017539 0.024357 0.033382 0.045148 0.060256 0.079359 0.103135 0.132261 0.167363 0.208970 0.257455 0.312969 0.375388 0.444254 0.518740 0.597628 0.679313 0.761839 0.842960 0.920234 0.991137 1.053202 1.104154 1.142053 1.165416 1.173309 1.165416 1.142053 1.104154 1.053202 0.991137 0.920234 0.842960 0.761839 0.679313 0.597628 0.518740 0.444254 0.375388 0.312969 0.257455 0.208970 0.167363 0.132261 0.103135 0.079359 0.060256 0.045148 0.033382 0.024357 0.017539 0.012463 0.008740 0.006050 0.004132 0.002786 0.001854 0.001218 0.000789 0.000505 0.000319 0.000199 0.000122 0.000074 0.000045 0.000026 0.000015 0.000009 0.000005 0.000003 0.000002 0.000001 0.000000 0.000000 0.000000 
0.000000 0.000000 0.000000 0.000001 0.000001 0.000002 0.000004 0.000007 0.000013 0.000022 0.000038 0.000065 0.000108 0.000178 0.000288 0.000462 0.000732 0.001143 0.001762 0.002682 0.004028 0.005973 0.008740 0.012624 0.017995 0.025314 0.035145 0.048152 0.065105 0.086869 0.114378 0.148609 0.190532 0.241045 0.300907 0.370649 0.450487 0.540238 0.639245 0.746314 0.859694 0.977080 1.095660 1.212210 1.323221 1.425074 1.514224 1.587408 1.641842 1.675396 1.686733 1.675396 1.641842 1.587408 1.514224 1.425074 1.323221 1.212210 1.095660 0.977080 0.859694 0.746314 0.639245 0.540238 0.450487 0.370649 0.300907 0.241045 0.190532 0.148609 0.114378 0.086869 0.065105 0.048152 0.035145 0.025314 0.017995 0.012624 0.008740 0.005973 0.004028 0.002682 0.001762 0.001143 0.000732 0.000462 0.000288 0.000178 0.000108 0.000065 0.000038 0.000022 0.000013 0.000007 0.000004 0.000002 0.000001 0.000001 0.000000 0.000000 
0.000000 0.000000 0.000000 0.000001 0.000002 0.000003 0.000006 0.000011 0.000019 0.000032 0.000055 0.000093 0.000155 0.000254 0.000412 0.000661 0.001046 0.001632 0.002516 0.003828 0.005748 0.008520 0.012463 0.017995 0.025642 0.036061 0.050049 0.068553 0.092664 0.123606 0.162708 0.211354 0.270914 0.342665 0.427676 0.526698 0.640035 0.767423 0.907923 1.059843 1.220696 1.387211 1.555402 1.720696 1.878122 2.022549 2.148956 2.252720 2.329896 2.377468 2.393540 2.377468 2.329896 2.252720 2.148956 2.022549 1.878122 1.720696 1.555402 1.387211 1.220696 1.059843 0.907923 0.767423 0.640035 0.526698 0.427676 0.342665 0.270914 0.211354 0.162708 0.123606 0.092664 0.068553 0.050049 0.036061 0.025642 0.017995 0.012463 0.008520 0.005748 0.003828 0.002516 0.001632 0.001046 0.000661 0.000412 0.000254 0.000155 0.000093 0.000055 0.000032 0.000019 0.000011 0.000006 0.000003 0.000002 0.000001 0.000000 0.000000 
0.000000 0.000000 0.000001 0.000001 0.000003 0.000005 0.000008 0.000015 0.000026 0.000046 0.000078 0.000131 0.000218 0.000359 0.000582 0.000933 0.001474 0.002301 0.003546 0.005392 0.008095 0.011993 0.017539 0.025314 0.036061 0.050698 0.070345 0.096325 0.130169 0.173591 0.228449 0.296681 0.380203 0.480799 0.599962 0.738737 0.897547 1.076014 1.272822 1.485596 1.710851 1.944008 2.179485 2.410885 2.631253 2.833409 3.010331 3.155555 3.263564 3.330139 3.352632 3.330139 3.263564 3.155555 3.010331 2.833409 2.631253 2.410885 2.179485 1.944008 1.710851 1.485596 1.272822 1.076014 0.897547 0.738737 0.599962 0.480799 0.380203 0.296681 0.228449 0.173591 0.130169 0.096325 0.070345 0.050698 0.036061 0.025314 0.017539 0.011993 0.008095 0.005392 0.003546 0.002301 0.001474 0.000933 0.000582 0.000359 0.000218 0.000131 0.000078 0.000046 0.000026 0.000015 0.000008 0.000005 0.000003 0.000001 0.000001 0.000000 
0.000000 0.000000 0.000001 0.000002 0.000004 0.000007 0.000012 0.000021 0.000037 0.000064 0.000109 0.000183 0.000304 0.000500 0.000811 0.001298 0.002052 0.003202 0.004931 0.007496 0.011249 0.016661 0.024357 0.035145 0.050049 0.070345 0.097577 0.133579 0.180466 0.240607 0.316571 0.411030 0.526634 0.665839 0.830706 1.022674 1.242315 1.489106 1.761218 2.055364 2.366726 2.688973 3.014394 3.334151 3.638638 3.917943 4.162370 4.362994 4.512202 4.604170 4.635241 4.604170 4.512202 4.362994 4.162370 3.917943 3.638638 3.334151 3.014394 2.688973 2.366726 2.055364 1.761218 1.489106 1.242315 1.022674 0.830706 0.665839 0.526634 0.411030 0.316571 0.240607 0.180466 0.133579 0.097577 0.070345 0.050049 0.035145 0.024357 0.016661 0.011249 0.007496 0.004931 0.003202 0.002052 0.001298 0.000811 0.000500 0.000304 0.000183 0.000109 0.000064 0.000037 0.000021 0.000012 0.000007 0.000004 0.000002 0.000001 0.000000 
0.000000 0.000001 0.000001 0.000003 0.000005 0.000009 0.000016 0.000029 0.000051 0.000088 0.000149 0.000252 0.000419 0.000687 0.001114 0.001784 0.002818 0.004395 0.006767 0.010284 0.015426 0.022841 0.033382 0.048152 0.068553 0.096325 0.133579 0.182818 0.246927 0.329139 0.432957 0.562023 0.719948 0.910077 1.135214 1.397312 1.697145 2.033988 2.405338 2.806705 3.231513 3.671122 4.115018 4.551148 4.966420 5.347323 5.680642 5.954217 6.157672 6.283074 6.325440 6.283074 6.157672 5.954217 5.680642 5.347323 4.966420 4.551148 4.115018 3.671122 3.231513 2.806705 2.405338 2.033988 1.697145 1.397312 1.135214 0.910077 0.719948 0.562023 0.432957 0.329139 0.246927 0.182818 0.133579 0.096325 0.068553 0.048152 0.033382 0.022841 0.015426 0.010284 0.006767 0.004395 0.002818 0.001784 0.001114 0.000687 0.000419 0.000252 0.000149 0.000088 0.000051 0.000029 0.000016 0.000009 0.000005 0.000003 0.000001 0.000000 
0.000000 0.000001 0.000002 0.000004 0.000007 0.000012 0.000022 0.000039 0.000069 0.000119 0.000203 0.000342 0.000568 0.000933 0.001511 0.002418 0.003819 0.005954 0.009163 0.013921 0.020876 0.030901 0.045148 0.065105 0.092664 0.130169 0.180466 0.246927 0.333439 0.444354 0.584387 0.758441 0.971369 1.227669 1.531107 1.884302 2.288283 2.742062 3.242259 3.782821 4.354885 4.946820 5.544470 6.131615 6.690638 7.203362 7.652011 8.020228 8.294061 8.462836 8.519855 8.462836 8.294061 8.020228 7.652011 7.203362 6.690638 6.131615 5.544470 4.946820 4.354885 3.782821 3.242259 2.742062 2.288283 1.884302 1.531107 1.227669 0.971369 0.758441 0.584387 0.444354 0.333439 0.246927 0.180466 0.130169 0.092664 0.065105 0.045148 0.030901 0.020876 0.013921 0.009163 0.005954 0.003819 0.002418 0.001511 0.000933 0.000568 0.000342 0.000203 0.000119 0.000069 0.000039 0.000022 0.000012 0.000007 0.000003 0.000001 0.000000 
0.000000 0.000001 0.000002 0.000005 0.000009 0.000017 0.000030 0.000053 0.000092 0.000159 0.000272 0.000458 0.000761 0.001248 0.002022 0.003234 0.005106 0.007958 0.012244 0.018596 0.027879 0.041254 0.060256 0.086869 0.123606 0.173591 0.240607 0.329139 0.444354 0.592038 0.778452 1.010107 1.293449 1.634443 2.038084 2.507837 3.045054 3.648409 4.313395 5.031957 5.792311 6.578997 7.373205 8.153391 8.896156 9.577362 10.173410 10.662581 11.026351 11.250555 11.326300 11.250555 11.026351 10.662581 10.173410 9.577362 8.896156 8.153391 7.373205 6.578997 5.792311 5.031957 4.313395 3.648409 3.045054 2.507837 2.038084 1.634443 1.293449 1.010107 0.778452 0.592038 0.444354 0.329139 0.240607 0.173591 0.123606 0.086869 0.060256 0.041254 0.027879 0.018596 0.012244 0.007958 0.005106 0.003234 0.002022 0.001248 0.000761 0.000458 0.000272 0.000159 0.000092 0.000053 0.000030 0.000017 0.000009 0.000005 0.000002 0.000000 
0.000000 0.000001 0.000003 0.000006 0.000012 0.000022 0.000039 0.000070 0.000122 0.000211 0.000359 0.000605 0.001005 0.001648 0.002670 0.004268 0.006737 0.010496 0.016144 0.024512 0.036737 0.054347 0.079359 0.114378 0.162708 0.228449 0.316571 0.432957 0.584387 0.778452 1.023360 1.327649 1.699761 2.147512 2.677436 3.294060 3.999142 4.790921 5.663468 6.606205 7.603667 8.635572 9.677256 10.700468 11.674538 12.567827 13.349407 13.990818 14.467787 14.761753 14.861066 14.761753 14.467787 13.990818 13.349407 12.567827 11.674538 10.700468 9.677256 8.635572 7.603667 6.606205 5.663468 4.790921 3.999142 3.294060 2.677436 2.147512 1.699761 1.327649 1.023360 0.778452 0.584387 0.432957 0.316571 0.228449 0.162708 0.114378 0.079359 0.054347 0.036737 0.024512 0.016144 0.010496 0.006737 0.004268 0.002670 0.001648 0.001005 0.000605 0.000359 0.000211 0.000122 0.000070 0.000039 0.000022 0.000012 0.000006 0.000003 0.000000 
0.000000 0.000002 0.000004 0.000008 0.000016 0.000029 0.000052 0.000091 0.000159 0.000275 0.000469 0.000789 0.001310 0.002148 0.003477 0.005558 0.008770 0.013660 0.021004 0.031882 0.047769 0.070648 0.103135 0.148609 0.211354 0.296681 0.411030 0.562023 0.758441 1.010107 1.327649 1.722109 2.204409 2.784648 3.471269 4.270112 5.183426 6.208911 7.338870 8.559592 9.851045 11.186971 12.535445 13.859911 15.120685 16.276838 17.288362 18.118450 18.735707 19.116128 19.244647 19.116128 18.735707 18.118450 17.288362 16.276838 15.120685 13.859911 12.535445 11.186971 9.851045 8.559592 7.338870 6.208911 5.183426 4.270112 3.471269 2.784648 2.204409 1.722109 1.327649 1.010107 0.758441 0.562023 0.411030 0.296681 0.211354 0.148609 0.103135 0.070648 0.047769 0.031882 0.021004 0.013660 0.008770 0.005558 0.003477 0.002148 0.001310 0.000789 0.000469 0.000275 0.000159 0.000091 0.000051 0.000029 0.000016 0.000008 0.000003 0.000000 
0.000000 0.000002 0.000006 0.000011 0.000020 0.000037 0.000066 0.000118 0.000205 0.000354 0.000603 0.001015 0.001685 0.002762 0.004469 0.007141 0.011264 0.017540 0.026964 0.040916 0.061289 0.090622 0.132261 0.190532 0.270914 0.380203 0.526634 0.719948 0.971369 1.293449 1.699761 2.204409 2.821331 3.563415 4.441423 5.462793 6.630369 7.941184 9.385380 10.945417 12.595687 14.302639 16.025488 17.717547 19.328138 20.805003 22.097064 23.157331 23.945730 24.431619 24.595767 24.431619 23.945730 23.157331 22.097064 20.805003 19.328138 17.717547 16.025488 14.302639 12.595687 10.945417 9.385380 7.941184 6.630369 5.462793 4.441423 3.563415 2.821331 2.204409 1.699761 1.293449 0.971369 0.719948 0.526634 0.380203 0.270914 0.190532 0.132261 0.090622 0.061289 0.040916 0.026964 0.017540 0.011264 0.007141 0.004469 0.002762 0.001685 0.001015 0.000603 0.000354 0.000205 0.000118 0.000066 0.000037 0.000020 0.000010 0.000004 0.000000 
0.000000 0.000003 0.000007 0.000014 0.000026 0.000047 0.000084 0.000149 0.000261 0.000450 0.000766 0.001288 0.002137 0.003503 0.005667 0.009052 0.014275 0.022223 0.034153 0.051813 0.077592 0.114700 0.167363 0.241045 0.342665 0.480799 0.665839 0.910077 1.227669 1.634443 2.147512 2.784648 3.563415 4.500040 5.608069 6.896847 8.369930 10.023541 11.845219 13.812822 15.894045 18.046573 20.218989 22.352438 24.383051 26.244971 27.873839 29.210445 30.204301 30.816803 31.023723 30.816803 30.204301 29.210445 27.873839 26.244971 24.383051 22.352438 20.218989 18.046573 15.894045 13.812822 11.845219 10.023541 8.369930 6.896847 5.608069 4.500040 3.563415 2.784648 2.147512 1.634443 1.227669 0.910077 0.665839 0.480799 0.342665 0.241045 0.167363 0.114700 0.077592 0.051813 0.034153 0.022223 0.014275 0.009052 0.005667 0.003503 0.002137 0.001288 0.000766 0.000450 0.000261 0.000149 0.000084 0.000047 0.000025 0.000013 0.000005 0.000000 
0.000000 0.000004 0.000009 0.000017 0.000032 0.000059 0.000106 0.000187 0.000327 0.000564 0.000959 0.001612 0.002676 0.004383 0.007090 0.011322 0.017850 0.027781 0.042683 0.064738 0.096925 0.143246 0.208970 0.300907 0.427676 0.599962 0.830706 1.135214 1.531107 2.038084 2.677436 3.471269 4.441423 5.608069 6.988030 8.592902 10.427069 12.485793 14.753528 17.202693 19.793064 22.471977 25.175451 27.830269 30.356982 32.673681 34.700324 36.363283 37.599776 38.361800 38.619231 38.361800 37.599776 36.363283 34.700324 32.673681 30.356982 27.830269 25.175451 22.471977 19.793064 17.202693 14.753528 12.485793 10.427069 8.592902 6.988030 5.608069 4.441423 3.471269 2.677436 2.038084 1.531107 1.135214 0.830706 0.599962 0.427676 0.300907 0.208970 0.143246 0.096925 0.064738 0.042683 0.027781 0.017850 0.011322 0.007090 0.004383 0.002676 0.001612 0.000959 0.000564 0.000327 0.000187 0.000106 0.000059 0.000032 0.000016 0.000007 0.000000 
0.000000 0.000005 0.000011 0.000022 0.000040 0.000073 0.000131 0.000232 0.000404 0.000697 0.001186 0.001992 0.003304 0.005412 0.008751 0.013971 0.022020 0.034264 0.052632 0.079809 0.119463 0.176518 0.257455 0.370649 0.526698 0.738737 1.022674 1.397312 1.884302 2.507837 3.294060 4.270112 5.462793 6.896847 8.592902 10.565155 12.818948 15.348414 18.134420 21.143056 24.324899 27.615262 30.935573 34.195936 37.298815 40.143668 42.632247 44.674187 46.192438 47.128090 47.444175 47.128090 46.192438 44.674187 42.632247 40.143668 37.298815 34.195936 30.935573 27.615262 24.324899 21.143056 18.134420 15.348414 12.818948 10.565155 8.592902 6.896847 5.462793 4.270112 3.294060 2.507837 1.884302 1.397312 1.022674 0.738737 0.526698 0.370649 0.257455 0.176518 0.119463 0.079809 0.052632 0.034264 0.022020 0.013971 0.008751 0.005412 0.003304 0.001992 0.001185 0.000697 0.000404 0.000232 0.000131 0.000073 0.000040 0.000020 0.000009 0.000000 
0.000000 0.000006 0.000013 0.000026 0.000049 0.000089 0.000160 0.000283 0.000493 0.000849 0.001445 0.002427 0.004026 0.006592 0.010656 0.017009 0.026802 0.041695 0.064032 0.097075 0.145280 0.214621 0.312969 0.450487 0.640035 0.897547 1.242315 1.697145 2.288283 3.045054 3.999142 5.183426 6.630369 8.369930 10.427069 12.818948 15.551989 18.619029 21.996831 25.644256 29.501372 33.489767 37.514217 41.465789 45.226310 48.673975 51.689771 54.164238 56.004049 57.137854 57.520876 57.137854 56.004049 54.164238 51.689771 48.673975 45.226310 41.465789 37.514217 33.489767 29.501372 25.644256 21.996831 18.619029 15.551989 12.818948 10.427069 8.369930 6.630369 5.183426 3.999142 3.045054 2.288283 1.697145 1.242315 0.897547 0.640035 0.450487 0.312969 0.214621 0.145280 0.097075 0.064032 0.041695 0.026802 0.017009 0.010656 0.006592 0.004025 0.002427 0.001445 0.000849 0.000493 0.000282 0.000160 0.000089 0.000048 0.000025 0.000010 0.000000 
0.000000 0.000007 0.000016 0.000032 0.000059 0.000108 0.000192 0.000340 0.000593 0.001022 0.001738 0.002918 0.004838 0.007921 0.012802 0.020429 0.032185 0.050058 0.076861 0.116501 0.174318 0.257471 0.375388 0.540238 0.767423 1.076014 1.489106 2.033988 2.742062 3.648409 4.790921 6.208911 7.941184 10.023541 12.485793 15.348414 18.619029 22.289013 26.330518 30.694290 35.308615 40.079686 44.893611 49.620123 54.117916 58.241359 61.848166 64.807484 67.007748 68.363669 68.821724 68.363669 67.007748 64.807484 61.848166 58.241359 54.117916 49.620123 44.893611 40.079686 35.308615 30.694290 26.330518 22.289013 18.619029 15.348414 12.485793 10.023541 7.941184 6.208911 4.790921 3.648409 2.742062 2.033988 1.489106 1.076014 0.767423 0.540238 0.375388 0.257471 0.174318 0.116501 0.076861 0.050058 0.032185 0.020429 0.012802 0.007921 0.004838 0.002918 0.001738 0.001022 0.000593 0.000340 0.000192 0.000107 0.000058 0.000030 0.000013 0.000000 
0.000000 0.000008 0.000019 0.000038 0.000070 0.000128 0.000229 0.000404 0.000704 0.001212 0.002061 0.003461 0.005737 0.009390 0.015173 0.024208 0.038131 0.059294 0.091025 0.137945 0.206367 0.304756 0.444254 0.639245 0.907923 1.272822 1.761218 2.405338 3.242259 4.313395 5.663468 7.338870 9.385380 11.845219 14.753528 18.134420 21.996831 26.330518 31.102548 36.254734 41.702387 47.334763 53.017428 58.596641 63.905653 68.772625 73.029677 76.522427 79.119254 80.719539 81.260141 80.719539 79.119254 76.522427 73.029677 68.772625 63.905653 58.596641 53.017428 47.334763 41.702387 36.254734 31.102548 26.330518 21.996831 18.134420 14.753528 11.845219 9.385380 7.338870 5.663468 4.313395 3.242259 2.405338 1.761218 1.272822 0.907923 0.639245 0.444254 0.304756 0.206367 0.137945 0.091025 0.059294 0.038131 0.024208 0.015173 0.009390 0.005737 0.003461 0.002061 0.001212 0.000704 0.000404 0.000228 0.000127 0.000069 0.000036 0.000015 0.000000 
0.000000 0.000009 0.000023 0.000044 0.000082 0.000150 0.000268 0.000473 0.000824 0.001419 0.002412 0.004049 0.006711 0.010981 0.017742 0.028300 0.044568 0.069292 0.106355 0.161150 0.241042 0.355907 0.518740 0.746314 1.059843 1.485596 2.055364 2.806705 3.782821 5.031957 6.606205 8.559592 10.945417 13.812822 17.202693 21.143056 25.644256 30.694290 36.254734 42.257750 48.604649 55.166407 61.786429 68.285652 74.469884 80.139018 85.097572 89.165789 92.190422 94.054320 94.683972 94.054320 92.190422 89.165789 85.097572 80.139018 74.469884 68.285652 61.786429 55.166407 48.604649 42.257750 36.254734 30.694290 25.644256 21.143056 17.202693 13.812822 10.945417 8.559592 6.606205 5.031957 3.782821 2.806705 2.055364 1.485596 1.059843 0.746314 0.518740 0.355907 0.241042 0.161150 0.106355 0.069292 0.044568 0.028300 0.017742 0.010981 0.006711 0.004049 0.002412 0.001419 0.000824 0.000473 0.000267 0.000149 0.000081 0.000042 0.000018 0.000000 
0.000000 0.000011 0.000026 0.000051 0.000095 0.000173 0.000309 0.000546 0.000952 0.001638 0.002785 0.004673 0.007744 0.012669 0.020465 0.032639 0.051393 0.079890 0.122600 0.185737 0.277778 0.410089 0.597628 0.859694 1.220696 1.710851 2.366726 3.231513 4.354885 5.792311 7.603667 9.851045 12.595687 15.894045 19.793064 24.324899 29.501372 35.308615 41.702387 48.604649 55.901909 63.445827 71.056390 78.527785 85.636822 92.153540 97.853299 102.529540 106.006174 108.148592 108.872328 108.148592 106.006174 102.529540 97.853299 92.153540 85.636822 78.527785 71.056390 63.445827 55.901909 48.604649 41.702387 35.308615 29.501372 24.324899 19.793064 15.894045 12.595687 9.851045 7.603667 5.792311 4.354885 3.231513 2.366726 1.710851 1.220696 0.859694 0.597628 0.410089 0.277778 0.185737 0.122600 0.079890 0.051393 0.032639 0.020465 0.012669 0.007744 0.004673 0.002785 0.001638 0.000952 0.000546 0.000309 0.000172 0.000094 0.000048 0.000020 0.000000 
0.000000 0.000012 0.000030 0.000058 0.000108 0.000197 0.000352 0.000622 0.001084 0.001866 0.003171 0.005321 0.008815 0.014420 0.023289 0.037137 0.058465 0.090870 0.139432 0.211207 0.315826 0.466200 0.679313 0.977080 1.387211 1.944008 2.688973 3.671122 4.946820 6.578997 8.635572 11.186971 14.302639 18.046573 22.471977 27.615262 33.489767 40.079686 47.334763 55.166407 63.445827 72.004719 80.638876 89.114841 97.179476 104.571971 111.037573 116.342037 120.285681 122.715865 123.536808 122.715865 120.285681 116.342037 111.037573 104.571971 97.179476 89.114841 80.638876 72.004719 63.445827 55.166407 47.334763 40.079686 33.489767 27.615262 22.471977 18.046573 14.302639 11.186971 8.635572 6.578997 4.946820 3.671122 2.688973 1.944008 1.387211 0.977080 0.679313 0.466200 0.315826 0.211207 0.139432 0.090870 0.058465 0.037137 0.023289 0.014420 0.008815 0.005321 0.003171 0.001866 0.001084 0.000622 0.000352 0.000196 0.000107 0.000055 0.000023 0.000000 
0.000000 0.000014 0.000033 0.000066 0.000122 0.000221 0.000396 0.000699 0.001218 0.002096 0.003562 0.005976 0.009899 0.016190 0.026145 0.041685 0.065616 0.101971 0.156445 0.236948 0.354276 0.522896 0.761839 1.095660 1.555402 2.179485 3.014394 4.115018 5.544470 7.373205 9.677256 12.535445 16.025488 20.218989 25.175451 30.935573 37.514217 44.893611 53.017428 61.786429 71.056390 80.638876 90.305277 99.794270 108.822518 117.098115 124.335947 130.273863 134.688399 137.408738 138.327695 137.408738 134.688399 130.273863 124.335947 117.098115 108.822518 99.794270 90.305277 80.638876 71.056390 61.786429 53.017428 44.893611 37.514217 30.935573 25.175451 20.218989 16.025488 12.535445 9.677256 7.373205 5.544470 4.115018 3.014394 2.179485 1.555402 1.095660 0.761839 0.522896 0.354276 0.236948 0.156445 0.101971 0.065616 0.041685 0.026145 0.016190 0.009899 0.005976 0.003562 0.002096 0.001218 0.000699 0.000396 0.000220 0.000120 0.000062 0.000026 0.000000 
