0.000000 0.000000 0.000000 0.000000 0.000000 0.000000 0.000000 0.000000 0.000000 0.000000 0.000000 0.000000 0.000000 0.000000 0.000000 0.000000 0.000000 0.000000 0.000000 0.000000 0.000000 0.000000 0.000000 0.000000 0.000000 0.000000 0.000000 0.000000 0.000000 0.000000 0.000000 0.000000 0.000000 0.000000 0.000000 0.000000 0.000000 0.000000 0.000000 0.000000 0.000000 0.000000 0.000000 0.000000 0.000000 0.000000 0.000000 0.000000 0.000000 0.000000 0.000000 0.000000 0.000000 0.000000 0.000000 0.000000 0.000000 0.000000 0.000000 0.000000 0.000000 0.000000 0.000000 0.000000 0.000000 0.000000 0.000000 0.000000 0.000000 0.000000 0.000000 0.000000 0.000000 0.000000 0.000000 0.000000 0.000000 0.000000 0.000000 0.000000 0.000000 0.000000 0.000000 0.000000 0.000000 0.000000 0.000000 0.000000 0.000000 0.000000 0.000000 0.000000 0.000000 0.000000 0.000000 0.000000 0.000000 0.000000 0.000000 0.000000 
0.000000 0.000000 0.000000 0.000000 0.000000 0.000000 0.000000 0.000000 0.000000 0.000000 0.000000 0.000000 0.000000 0.000000 0.000000 0.000000 0.000000 0.000000 0.000000 0.000000 0.000000 0.000000 0.000000 0.000000 0.000000 0.000000 0.000000 0.000000 0.000000 0.000000 0.000000 0.000000 0.000000 0.000000 0.000000 0.000000 0.000000 0.000000 0.000000 0.000000 0.000000 0.000000 0.000000 0.000000 0.000000 0.000000 0.000000 0.000000 0.000000 0.000000 0.000000 0.000000 0.000000 0.000000 0.000000 0.000000 0.000000 0.000000 0.000000 0.000000 0.000000 0.000000 0.000000 0.000000 0.000000 0.000000 0.000000 0.000000 0.000000 0.000000 0.000000 0.000000 0.000000 0.000000 0.000000 0.000000 0.000000 0.000000 0.000000 0.000000 0.000000 0.000000 0.000000 0.000000 0.000000 0.000000 0.000000 0.000000 0.000000 0.000000 0.000000 0.000000 0.000000 0.000000 0.000000 0.000000 0.000000 0.000000 0.000000 0.000000 
0.000000 0.000000 0.000000 0.000000 0.000000 0.000000 0.000000 0.000000 0.000000 0.000000 0.000000 0.000000 0.000000 0.000000 0.000000 0.000000 0.000000 0.000000 0.000000 0.000000 0.000000 0.000000 0.000000 0.000000 0.000000 0.000000 0.000000 0.000000 0.000000 0.000000 0.000000 0.000000 0.000000 0.000000 0.000000 0.000000 0.000000 0.000000 0.000000 0.000000 0.000000 0.000000 0.000000 0.000000 0.000000 0.000000 0.000000 0.000000 0.000000 0.000000 0.000000 0.000000 0.000000 0.000000 0.000000 0.000000 0.000000 0.000000 0.000000 0.000000 0.000000 0.000000 0.000000 0.000000 0.000000 0.000000 0.000000 0.000000 0.000000 0.000000 0.000000 0.000000 0.000000 0.000000 0.000000 0.000000 0.000000 0.000000 0.000000 0.000000 0.000000 0.000000 0.000000 0.000000 0.000000 0.000000 0.000000 0.000000 0.000000 0.000000 0.000000 0.000000 0.000000 0.000000 0.000000 0.000000 0.000000 0.000000 0.000000 0.000000 
0.000000 0.000000 0.000000 0.000000 0.000000 0.000000 0.000000 0.000000 0.000000 0.000000 0.000000 0.000000 0.000000 0.000000 0.000000 0.000000 0.000000 0.000000 0.000000 0.000000 0.000000 0.000000 0.000000 0.000000 0.000000 0.000000 0.000000 0.000000 0.000000 0.000000 0.000000 0.000000 0.000000 0.000000 0.000000 0.000000 0.000000 0.000000 0.000000 0.000000 0.000000 0.000000 0.000000 0.000000 0.000000 0.000000 0.000000 0.000000 0.000000 0.000000 0.000000 0.000000 0.000000 0.000000 0.000000 0.000000 0.000000 0.000000 0.000000 0.000000 0.000000 0.000000 0.000000 0.000000 0.000000 0.000000 0.000000 0.000000 0.000000 0.000000 0.000000 0.000000 0.000000 0.000000 0.000000 0.000000 0.000000 0.000000 0.000000 0.000000 0.000000 0.000000 0.000000 0.000000 0.000000 0.000000 0.000000 0.000000 0.000000 0.000000 0.000000 0.000000 0.000000 0.000000 0.000000 0.000000 0.000000 0.000000 0.000000 0.000000 
0.000000 0.000000 0.000000 0.000000 0.000000 0.000000 0.000000 0.000000 0.000000 0.000000 0.000000 0.000000 0.000000 0.000000 0.000000 0.000000 0.000000 0.000000 0.000000 0.000000 0.000000 0.000000 0.000000 0.000000 0.000000 0.000000 0.000000 0.000000 0.000000 0.000000 0.000000 0.000000 0.000000 0.000000 0.000000 0.000000 0.000000 0.000000 0.000000 0.000000 0.000000 0.000000 0.000000 0.000000 0.000000 0.000000 0.000000 0.000000 0.000000 0.000001 0.000001 0.000001 0.000000 0.000000 0.000000 0.000000 0.000000 0.000000 0.000000 0.000000 0.000000 0.000000 0.000000 0.000000 0.000000 0.000000 0.000000 0.000000 0.000000 0.000000 0.000000 0.000000 0.000000 0.000000 0.000000 0.000000 0.000000 0.000000 0.000000 0.000000 0.000000 0.000000 0.000000 0.000000 0.000000 0.000000 0.000000 0.000000 0.000000 0.000000 0.000000 0.000000 0.000000 0.000000 0.000000 0.000000 0.000000 0.000000 0.000000 0.000000 
0.000000 0.000000 0.000000 0.000000 0.000000 0.000000 0.000000 0.000000 0.000000 0.000000 0.000000 0.000000 0.000000 0.000000 0.000000 0.000000 0.000000 0.000000 0.000000 0.000000 0.000000 0.000000 0.000000 0.000000 0.000000 0.000000 0.000000 0.000000 0.000000 0.000000 0.000000 0.000000 0.000000 0.000000 0.000000 0.000000 0.000000 0.000000 0.000000 0.000000 0.000000 0.000001 0.000001 0.000001 0.000001 0.000001 0.000001 0.000001 0.000001 0.000001 0.000001 0.000001 0.000001 0.000001 0.000001 0.000001 0.000001 0.000001 0.000001 0.000001 0.000000 0.000000 0.000000 0.000000 0.000000 0.000000 0.000000 0.000000 0.000000 0.000000 0.000000 0.000000 0.000000 0.000000 0.000000 0.000000 0.000000 0.000000 0.000000 0.000000 0.000000 0.000000 0.000000 0.000000 0.000000 0.000000 0.000000 0.000000 0.000000 0.000000 0.000000 0.000000 0.000000 0.000000 0.000000 0.000000 0.000000 0.000000 0.000000 0.000000 
0.000000 0.000000 0.000000 0.000000 0.000000 0.000000 0.000000 0.000000 0.000000 0.000000 0.000000 0.000000 0.000000 0.000000 0.000000 0.000000 0.000000 0.000000 0.000000 0.000000 0.000000 0.000000 0.000000 0.000000 0.000000 0.000000 0.000000 0.000000 0.000000 0.000000 0.000000 0.000000 0.000000 0.000000 0.000000 0.000000 0.000000 0.000000 0.000001 0.000001 0.000001 0.000001 0.000001 0.000002 0.000002 0.000002 0.000002 0.000003 0.000003 0.000003 0.000003 0.000003 0.000003 0.000003 0.000002 0.000002 0.000002 0.000002 0.000001 0.000001 0.000001 0.000001 0.000001 0.000000 0.000000 0.000000 0.000000 0.000000 0.000000 0.000000 0.000000 0.000000 0.000000 0.000000 0.000000 0.000000 0.000000 0.000000 0.000000 0.000000 0.000000 0.000000 0.000000 0.000000 0.000000 0.000000 0.000000 0.000000 0.000000 0.000000 0.000000 0.000000 0.000000 0.000000 0.000000 0.000000 0.000000 0.000000 0.000000 0.000000 
0.000000 0.000000 0.000000 0.000000 0.000000 0.000000 0.000000 0.000000 0.000000 0.000000 0.000000 0.000000 0.000000 0.000000 0.000000 0.000000 0.000000 0.000000 0.000000 0.000000 0.000000 0.000000 0.000000 0.000000 0.000000 0.000000 0.000000 0.000000 0.000000 0.000000 0.000000 0.000000 0.000000 0.000000 0.000000 0.000001 0.000001 0.000001 0.000001 0.000002 0.000002 0.000003 0.000003 0.000004 0.000004 0.000005 0.000005 0.000006 0.000006 0.000006 0.000006 0.000006 0.000006 0.000006 0.000005 0.000005 0.000004 0.000004 0.000003 0.000003 0.000002 0.000002 0.000001 0.000001 0.000001 0.000001 0.000000 0.000000 0.000000 0.000000 0.000000 0.000000 0.000000 0.000000 0.000000 0.000000 0.000000 0.000000 0.000000 0.000000 0.000000 0.000000 0.000000 0.000000 0.000000 0.000000 0.000000 0.000000 0.000000 0.000000 0.000000 0.000000 0.000000 0.000000 0.000000 0.000000 0.000000 0.000000 0.000000 0.000000 
0.000000 0.000000 0.000000 0.000000 0.000000 0.000000 0.000000 0.000000 0.000000 0.000000 0.000000 0.000000 0.000000 0.000000 0.000000 0.000000 0.000000 0.000000 0.000000 0.000000 0.000000 0.000000 0.000000 0.000000 0.000000 0.000000 0.000000 0.000000 0.000000 0.000000 0.000000 0.000000 0.000000 0.000001 0.000001 0.000001 0.000002 0.000002 0.000003 0.000004 0.000005 0.000006 0.000007 0.000008 0.000010 0.000011 0.000012 0.000013 0.000014 0.000014 0.000014 0.000014 0.000014 0.000013 0.000012 0.000011 0.000010 0.000008 0.000007 0.000006 0.000005 0.000004 0.000003 0.000002 0.000002 0.000001 0.000001 0.000001 0.000000 0.000000 0.000000 0.000000 0.000000 0.000000 0.000000 0.000000 0.000000 0.000000 0.000000 0.000000 0.000000 0.000000 0.000000 0.000000 0.000000 0.000000 0.000000 0.000000 0.000000 0.000000 0.000000 0.000000 0.000000 0.000000 0.000000 0.000000 0.000000 0.000000 0.000000 0.000000 
0.000000 0.000000 0.000000 0.000000 0.000000 0.000000 0.000000 0.000000 0.000000 0.000000 0.000000 0.000000 0.000000 0.000000 0.000000 0.000000 0.000000 0.000000 0.000000 0.000000 0.000000 0.000000 0.000000 0.000000 0.000000 0.000000 0.000000 0.000000 0.000000 0.000000 0.000000 0.000001 0.000001 0.000002 0.000002 0.000003 0.000004 0.000005 0.000007 0.000009 0.000011 0.000013 0.000016 0.000019 0.000021 0.000024 0.000026 0.000028 0.000030 0.000031 0.000031 0.000031 0.000030 0.000028 0.000026 0.000024 0.000021 0.000019 0.000016 0.000013 0.000011 0.000009 0.000007 0.000005 0.000004 0.000003 0.000002 0.000002 0.000001 0.000001 0.000000 0.000000 0.000000 0.000000 0.000000 0.000000 0.000000 0.000000 0.000000 0.000000 0.000000 0.000000 0.000000 0.000000 0.000000 0.000000 0.000000 0.000000 0.000000 0.000000 0.000000 0.000000 0.000000 0.000000 0.000000 0.000000 0.000000 0.000000 0.000000 0.000000 
0.000000 0.000000 0.000000 0.000000 0.000000 0.000000 0.000000 0.000000 0.000000 0.000000 0.000000 0.000000 0.000000 0.000000 0.000000 0.000000 0.000000 0.000000 0.000000 0.000000 0.000000 0.000000 0.000000 0.000000 0.000000 0.000000 0.000000 0.000000 0.000000 0.000001 0.000001 0.000002 0.000002 0.000003 0.000005 0.000006 0.000009 0.000012 0.000015 0.000019 0.000024 0.000029 0.000034 0.000040 0.000046 0.000051 0.000056 0.000060 0.000064 0.000066 0.000066 0.000066 0.000064 0.000060 0.000056 0.000051 0.000046 0.000040 0.000034 0.000029 0.000024 0.000019 0.000015 0.000012 0.000009 0.000006 0.000005 0.000003 0.000002 0.000002 0.000001 0.000001 0.000000 0.000000 0.000000 0.000000 0.000000 0.000000 0.000000 0.000000 0.000000 0.000000 0.000000 0.000000 0.000000 0.000000 0.000000 0.000000 0.000000 0.000000 0.000000 0.000000 0.000000 0.000000 0.000000 0.000000 0.000000 0.000000 0.000000 0.000000 
0.000000 0.000000 0.000000 0.000000 0.000000 0.000000 0.000000 0.000000 0.000000 0.000000 0.000000 0.000000 0.000000 0.000000 0.000000 0.000000 0.000000 0.000000 0.000000 0.000000 0.000000 0.000000 0.000000 0.000000 0.000000 0.000000 0.000000 0.000001 0.000001 0.000001 0.000002 0.000003 0.000005 0.000007 0.000010 0.000014 0.000019 0.000024 0.000032 0.000040 0.000050 0.000061 0.000072 0.000084 0.000096 0.000108 0.000119 0.000127 0.000134 0.000138 0.000140 0.000138 0.000134 0.000127 0.000119 0.000108 0.000096 0.000084 0.000072 0.000061 0.000050 0.000040 0.000032 0.000024 0.000019 0.000014 0.000010 0.000007 0.000005 0.000003 0.000002 0.000001 0.000001 0.000001 0.000000 0.000000 0.000000 0.000000 0.000000 0.000000 0.000000 0.000000 0.000000 0.000000 0.000000 0.000000 0.000000 0.000000 0.000000 0.000000 0.000000 0.000000 0.000000 0.000000 0.000000 0.000000 0.000000 0.000000 0.000000 0.000000 
0.000000 0.000000 0.000000 0.000000 0.000000 0.000000 0.000000 0.000000 0.000000 0.000000 0.000000 0.000000 0.000000 0.000000 0.000000 0.000000 0.000000 0.000000 0.000000 0.000000 0.000000 0.000000 0.000000 0.000000 0.000000 0.000000 0.000001 0.000001 0.000002 0.000003 0.000005 0.000007 0.000010 0.000015 0.000021 0.000029 0.000039 0.000051 0.000066 0.000083 0.000103 0.000126 0.000150 0.000175 0.000200 0.000224 0.000246 0.000264 0.000278 0.000287 0.000290 0.000287 0.000278 0.000264 0.000246 0.000224 0.000200 0.000175 0.000150 0.000126 0.000103 0.000083 0.000066 0.000051 0.000039 0.000029 0.000021 0.000015 0.000010 0.000007 0.000005 0.000003 0.000002 0.000001 0.000001 0.000000 0.000000 0.000000 0.000000 0.000000 0.000000 0.000000 0.000000 0.000000 0.000000 0.000000 0.000000 0.000000 0.000000 0.000000 0.000000 0.000000 0.000000 0.000000 0.000000 0.000000 0.000000 0.000000 0.000000 0.000000 
0.000000 0.000000 0.000000 0.000000 0.000000 0.000000 0.000000 0.000000 0.000000 0.000000 0.000000 0.000000 0.000000 0.000000 0.000000 0.000000 0.000000 0.000000 0.000000 0.000000 0.000000 0.000000 0.000000 0.000000 0.000001 0.000001 0.000002 0.000003 0.000004 0.000006 0.000010 0.000015 0.000021 0.000030 0.000043 0.000059 0.000079 0.000104 0.000134 0.000170 0.000211 0.000256 0.000305 0.000356 0.000407 0.000456 0.000500 0.000537 0.000566 0.000583 0.000589 0.000583 0.000566 0.000537 0.000500 0.000456 0.000407 0.000356 0.000305 0.000256 0.000211 0.000170 0.000134 0.000104 0.000079 0.000059 0.000043 0.000030 0.000021 0.000015 0.000010 0.000006 0.000004 0.000003 0.000002 0.000001 0.000001 0.000000 0.000000 0.000000 0.000000 0.000000 0.000000 0.000000 0.000000 0.000000 0.000000 0.000000 0.000000 0.000000 0.000000 0.000000 0.000000 0.000000 0.000000 0.000000 0.000000 0.000000 0.000000 0.000000 
0.000000 0.000000 0.000000 0.000000 0.000000 0.000000 0.000000 0.000000 0.000000 0.000000 0.000000 0.000000 0.000000 0.000000 0.000000 0.000000 0.000000 0.000000 0.000000 0.000000 0.000000 0.000000 0.000000 0.000001 0.000001 0.000002 0.000003 0.000005 0.000008 0.000013 0.000020 0.000029 0.000043 0.000061 0.000086 0.000118 0.000158 0.000209 0.000270 0.000341 0.000423 0.000514 0.000611 0.000713 0.000814 0.000912 0.001000 0.001074 0.001131 0.001166 0.001178 0.001166 0.001131 0.001074 0.001000 0.000912 0.000814 0.000713 0.000611 0.000514 0.000423 0.000341 0.000270 0.000209 0.000158 0.000118 0.000086 0.000061 0.000043 0.000029 0.000020 0.000013 0.000008 0.000005 0.000003 0.000002 0.000001 0.000001 0.000000 0.000000 0.000000 0.000000 0.000000 0.000000 0.000000 0.000000 0.000000 0.000000 0.000000 0.000000 0.000000 0.000000 0.000000 0.000000 0.000000 0.000000 0.000000 0.000000 0.000000 0.000000 
0.000000 0.000000 0.000000 0.000000 0.000000 0.000000 0.000000 0.000000 0.000000 0.000000 0.000000 0.000000 0.000000 0.000000 0.000000 0.000000 0.000000 0.000000 0.000000 0.000000 0.000000 0.000000 0.000001 0.000001 0.000002 0.000004 0.000007 0.000011 0.000017 0.000026 0.000039 0.000058 0.000085 0.000121 0.000170 0.000233 0.000313 0.000412 0.000531 0.000672 0.000832 0.001010 0.001202 0.001401 0.001600 0.001791 0.001964 0.002109 0.002220 0.002289 0.002313 0.002289 0.002220 0.002109 0.001964 0.001791 0.001600 0.001401 0.001202 0.001010 0.000832 0.000672 0.000531 0.000412 0.000313 0.000233 0.000170 0.000121 0.000085 0.000058 0.000039 0.000026 0.000017 0.000011 0.000007 0.000004 0.000002 0.000001 0.000001 0.000000 0.000000 0.000000 0.000000 0.000000 0.000000 0.000000 0.000000 0.000000 0.000000 0.000000 0.000000 0.000000 0.000000 0.000000 0.000000 0.000000 0.000000 0.000000 0.000000 0.000000 
0.000000 0.000000 0.000000 0.000000 0.000000 0.000000 0.000000 0.000000 0.000000 0.000000 0.000000 0.000000 0.000000 0.000000 0.000000 0.000000 0.000000 0.000000 0.000000 0.000000 0.000001 0.000001 0.000002 0.000003 0.000005 0.000008 0.000013 0.000021 0.000033 0.000051 0.000077 0.000114 0.000165 0.000236 0.000329 0.000451 0.000606 0.000797 0.001028 0.001299 0.001608 0.001952 0.002321 0.002705 0.003088 0.003455 0.003787 0.004068 0.004281 0.004414 0.004460 0.004414 0.004281 0.004068 0.003787 0.003455 0.003088 0.002705 0.002321 0.001952 0.001608 0.001299 0.001028 0.000797 0.000606 0.000451 0.000329 0.000236 0.000165 0.000114 0.000077 0.000051 0.000033 0.000021 0.000013 0.000008 0.000005 0.000003 0.000002 0.000001 0.000001 0.000000 0.000000 0.000000 0.000000 0.000000 0.000000 0.000000 0.000000 0.000000 0.000000 0.000000 0.000000 0.000000 0.000000 0.000000 0.000000 0.000000 0.000000 0.000000 
0.000000 0.000000 0.000000 0.000000 0.000000 0.000000 0.000000 0.000000 0.000000 0.000000 0.000000 0.000000 0.000000 0.000000 0.000000 0.000000 0.000000 0.000000 0.000000 0.000001 0.000001 0.000002 0.000003 0.000005 0.000009 0.000015 0.000025 0.000040 0.000063 0.000097 0.000147 0.000217 0.000316 0.000449 0.000628 0.000859 0.001152 0.001515 0.001953 0.002466 0.003053 0.003703 0.004402 0.005127 0.005852 0.006546 0.007174 0.007704 0.008107 0.008358 0.008444 0.008358 0.008107 0.007704 0.007174 0.006546 0.005852 0.005127 0.004402 0.003703 0.003053 0.002466 0.001953 0.001515 0.001152 0.000859 0.000628 0.000449 0.000316 0.000217 0.000147 0.000097 0.000063 0.000040 0.000025 0.000015 0.000009 0.000005 0.000003 0.000002 0.000001 0.000001 0.000000 0.000000 0.000000 0.000000 0.000000 0.000000 0.000000 0.000000 0.000000 0.000000 0.000000 0.000000 0.000000 0.000000 0.000000 0.000000 0.000000 0.000000 
0.000000 0.000000 0.000000 0.000000 0.000000 0.000000 0.000000 0.000000 0.000000 0.000000 0.000000 0.000000 0.000000 0.000000 0.000000 0.000000 0.000000 0.000000 0.000001 0.000001 0.000002 0.000003 0.000006 0.000010 0.000017 0.000029 0.000047 0.000075 0.000118 0.000182 0.000275 0.000407 0.000591 0.000841 0.001174 0.001606 0.002152 0.002828 0.003643 0.004599 0.005689 0.006898 0.008197 0.009544 0.010891 0.012178 0.013344 0.014328 0.015075 0.015542 0.015700 0.015542 0.015075 0.014328 0.013344 0.012178 0.010891 0.009544 0.008197 0.006898 0.005689 0.004599 0.003643 0.002828 0.002152 0.001606 0.001174 0.000841 0.000591 0.000407 0.000275 0.000182 0.000118 0.000075 0.000047 0.000029 0.000017 0.000010 0.000006 0.000003 0.000002 0.000001 0.000001 0.000000 0.000000 0.000000 0.000000 0.000000 0.000000 0.000000 0.000000 0.000000 0.000000 0.000000 0.000000 0.000000 0.000000 0.000000 0.000000 0.000000 
0.000000 0.000000 0.000000 0.000000 0.000000 0.000000 0.000000 0.000000 0.000000 0.000000 0.000000 0.000000 0.000000 0.000000 0.000000 0.000000 0.000000 0.000001 0.000001 0.000002 0.000003 0.000006 0.000011 0.000019 0.000032 0.000053 0.000087 0.000139 0.000218 0.000336 0.000507 0.000750 0.001087 0.001546 0.002156 0.002946 0.003948 0.005184 0.006673 0.008419 0.010411 0.012617 0.014986 0.017445 0.019900 0.022247 0.024372 0.026164 0.027525 0.028375 0.028664 0.028375 0.027525 0.026164 0.024372 0.022247 0.019900 0.017445 0.014986 0.012617 0.010411 0.008419 0.006673 0.005184 0.003948 0.002946 0.002156 0.001546 0.001087 0.000750 0.000507 0.000336 0.000218 0.000139 0.000087 0.000053 0.000032 0.000019 0.000011 0.000006 0.000003 0.000002 0.000001 0.000001 0.000000 0.000000 0.000000 0.000000 0.000000 0.000000 0.000000 0.000000 0.000000 0.000000 0.000000 0.000000 0.000000 0.000000 0.000000 0.000000 
0.000000 0.000000 0.000000 0.000000 0.000000 0.000000 0.000000 0.000000 0.000000 0.000000 0.000000 0.000000 0.000000 0.000000 0.000000 0.000000 0.000001 0.000001 0.000002 0.000003 0.000006 0.000011 0.000020 0.000034 0.000058 0.000097 0.000158 0.000252 0.000395 0.000608 0.000916 0.001355 0.001963 0.002790 0.003887 0.005308 0.007107 0.009328 0.012000 0.015133 0.018704 0.022658 0.026903 0.031305 0.035701 0.039901 0.043704 0.046910 0.049345 0.050865 0.051383 0.050865 0.049345 0.046910 0.043704 0.039901 0.035701 0.031305 0.026903 0.022658 0.018704 0.015133 0.012000 0.009328 0.007107 0.005308 0.003887 0.002790 0.001963 0.001355 0.000916 0.000608 0.000395 0.000252 0.000158 0.000097 0.000058 0.000034 0.000020 0.000011 0.000006 0.000003 0.000002 0.000001 0.000001 0.000000 0.000000 0.000000 0.000000 0.000000 0.000000 0.000000 0.000000 0.000000 0.000000 0.000000 0.000000 0.000000 0.000000 0.000000 
0.000000 0.000000 0.000000 0.000000 0.000000 0.000000 0.000000 0.000000 0.000000 0.000000 0.000000 0.000000 0.000000 0.000000 0.000000 0.000000 0.000001 0.000002 0.000003 0.000006 0.000011 0.000020 0.000036 0.000062 0.000104 0.000173 0.000281 0.000449 0.000703 0.001080 0.001627 0.002403 0.003479 0.004940 0.006878 0.009387 0.012561 0.016476 0.021185 0.026702 0.032988 0.039947 0.047412 0.055153 0.062880 0.070261 0.076941 0.082575 0.086850 0.089521 0.090429 0.089521 0.086850 0.082575 0.076941 0.070261 0.062880 0.055153 0.047412 0.039947 0.032988 0.026702 0.021185 0.016476 0.012561 0.009387 0.006878 0.004940 0.003479 0.002403 0.001627 0.001080 0.000703 0.000449 0.000281 0.000173 0.000104 0.000062 0.000036 0.000020 0.000011 0.000006 0.000003 0.000002 0.000001 0.000000 0.000000 0.000000 0.000000 0.000000 0.000000 0.000000 0.000000 0.000000 0.000000 0.000000 0.000000 0.000000 0.000000 0.000000 
0.000000 0.000000 0.000000 0.000000 0.000000 0.000000 0.000000 0.000000 0.000000 0.000000 0.000000 0.000000 0.000000 0.000000 0.000000 0.000001 0.000002 0.000003 0.000006 0.000011 0.000020 0.000036 0.000063 0.000108 0.000182 0.000302 0.000492 0.000784 0.001227 0.001883 0.002834 0.004182 0.006052 0.008587 0.011947 0.016295 0.021791 0.028567 0.036712 0.046250 0.057114 0.069134 0.082025 0.095388 0.108722 0.121456 0.132979 0.142694 0.150067 0.154672 0.156239 0.154672 0.150067 0.142694 0.132979 0.121456 0.108722 0.095388 0.082025 0.069134 0.057114 0.046250 0.036712 0.028567 0.021791 0.016295 0.011947 0.008587 0.006052 0.004182 0.002834 0.001883 0.001227 0.000784 0.000492 0.000302 0.000182 0.000108 0.000063 0.000036 0.000020 0.000011 0.000006 0.000003 0.000002 0.000001 0.000000 0.000000 0.000000 0.000000 0.000000 0.000000 0.000000 0.000000 0.000000 0.000000 0.000000 0.000000 0.000000 0.000000 
0.000000 0.000000 0.000000 0.000000 0.000000 0.000000 0.000000 0.000000 0.000000 0.000000 0.000000 0.000000 0.000000 0.000000 0.000001 0.000001 0.000003 0.000005 0.000010 0.000019 0.000034 0.000062 0.000108 0.000186 0.000314 0.000519 0.000844 0.001345 0.002102 0.003222 0.004845 0.007145 0.010332 0.014649 0.020367 0.027763 0.037104 0.048615 0.062447 0.078634 0.097064 0.117447 0.139298 0.161942 0.184532 0.206098 0.225611 0.242060 0.254540 0.262336 0.264987 0.262336 0.254540 0.242060 0.225611 0.206098 0.184532 0.161942 0.139298 0.117447 0.097064 0.078634 0.062447 0.048615 0.037104 0.027763 0.020367 0.014649 0.010332 0.007145 0.004845 0.003222 0.002102 0.001345 0.000844 0.000519 0.000314 0.000186 0.000108 0.000062 0.000034 0.000019 0.000010 0.000005 0.000003 0.000001 0.000001 0.000000 0.000000 0.000000 0.000000 0.000000 0.000000 0.000000 0.000000 0.000000 0.000000 0.000000 0.000000 0.000000 
0.000000 0.000000 0.000000 0.000000 0.000000 0.000000 0.000000 0.000000 0.000000 0.000000 0.000000 0.000000 0.000000 0.000001 0.000001 0.000002 0.000005 0.000009 0.000017 0.000032 0.000058 0.000104 0.000182 0.000314 0.000529 0.000875 0.001420 0.002261 0.003532 0.005411 0.008129 0.011978 0.017309 0.024525 0.034076 0.046422 0.062007 0.081202 0.104254 0.131220 0.161909 0.195836 0.232195 0.269861 0.307428 0.343284 0.375719 0.403056 0.423796 0.436750 0.441156 0.436750 0.423796 0.403056 0.375719 0.343284 0.307428 0.269861 0.232195 0.195836 0.161909 0.131220 0.104254 0.081202 0.062007 0.046422 0.034076 0.024525 0.017309 0.011978 0.008129 0.005411 0.003532 0.002261 0.001420 0.000875 0.000529 0.000314 0.000182 0.000104 0.000058 0.000032 0.000017 0.000009 0.000005 0.000002 0.000001 0.000001 0.000000 0.000000 0.000000 0.000000 0.000000 0.000000 0.000000 0.000000 0.000000 0.000000 0.000000 0.000000 
0.000000 0.000000 0.000000 0.000000 0.000000 0.000000 0.000000 0.000000 0.000000 0.000000 0.000000 0.000000 0.000000 0.000001 0.000002 0.000004 0.000008 0.000015 0.000029 0.000053 0.000097 0.000173 0.000302 0.000519 0.000875 0.001446 0.002346 0.003732 0.005824 0.008914 0.013383 0.019706 0.028455 0.040293 0.055949 0.076177 0.101695 0.133110 0.170818 0.214909 0.265067 0.320496 0.379878 0.441376 0.502697 0.561211 0.614134 0.658732 0.692563 0.713692 0.720878 0.713692 0.692563 0.658732 0.614134 0.561211 0.502697 0.441376 0.379878 0.320496 0.265067 0.214909 0.170818 0.133110 0.101695 0.076177 0.055949 0.040293 0.028455 0.019706 0.013383 0.008914 0.005824 0.003732 0.002346 0.001446 0.000875 0.000519 0.000302 0.000173 0.000097 0.000053 0.000029 0.000015 0.000008 0.000004 0.000002 0.000001 0.000000 0.000000 0.000000 0.000000 0.000000 0.000000 0.000000 0.000000 0.000000 0.000000 0.000000 0.000000 
0.000000 0.000000 0.000000 0.000000 0.000000 0.000000 0.000000 0.000000 0.000000 0.000000 0.000000 0.000000 0.000001 0.000002 0.000003 0.000007 0.000013 0.000025 0.000047 0.000087 0.000158 0.000281 0.000492 0.000844 0.001420 0.002346 0.003801 0.006042 0.009421 0.014410 0.021619 0.031809 0.045902 0.064958 0.090144 0.122666 0.163674 0.214131 0.274668 0.345420 0.425877 0.514758 0.609946 0.708498 0.806740 0.900467 0.985221 1.056634 1.110800 1.144627 1.156131 1.144627 1.110800 1.056634 0.985221 0.900467 0.806740 0.708498 0.609946 0.514758 0.425877 0.345420 0.274668 0.214131 0.163674 0.122666 0.090144 0.064958 0.045902 0.031809 0.021619 0.014410 0.009421 0.006042 0.003801 0.002346 0.001420 0.000844 0.000492 0.000281 0.000158 0.000087 0.000047 0.000025 0.000013 0.000007 0.000003 0.000002 0.000001 0.000000 0.000000 0.000000 0.000000 0.000000 0.000000 0.000000 0.000000 0.000000 0.000000 0.000000 
0.000000 0.000000 0.000000 0.000000 0.000000 0.000000 0.000000 0.000000 0.000000 0.000000 0.000000 0.000001 0.000001 0.000003 0.000005 0.000011 0.000021 0.000040 0.000075 0.000139 0.000252 0.000449 0.000784 0.001345 0.002261 0.003732 0.006042 0.009597 0.014953 0.022854 0.034262 0.050379 0.072653 0.102752 0.142512 0.193825 0.258492 0.338022 0.433396 0.544819 0.671477 0.811349 0.961100 1.116099 1.270573 1.417918 1.551132 1.663362 1.748479 1.801631 1.819706 1.801631 1.748479 1.663362 1.551132 1.417918 1.270573 1.116099 0.961100 0.811349 0.671477 0.544819 0.433396 0.338022 0.258492 0.193825 0.142512 0.102752 0.072653 0.050379 0.034262 0.022854 0.014953 0.009597 0.006042 0.003732 0.002261 0.001345 0.000784 0.000449 0.000252 0.000139 0.000075 0.000040 0.000021 0.000011 0.000005 0.000003 0.000001 0.000001 0.000000 0.000000 0.000000 0.000000 0.000000 0.000000 0.000000 0.000000 0.000000 0.000000 
0.000000 0.000000 0.000000 0.000000 0.000000 0.000000 0.000000 0.000000 0.000000 0.000000 0.000000 0.000001 0.000002 0.000004 0.000008 0.000017 0.000033 0.000063 0.000118 0.000218 0.000395 0.000703 0.001227 0.002102 0.003532 0.005824 0.009421 0.014953 0.023281 0.035559 0.053272 0.078282 0.112823 0.159473 0.221061 0.300502 0.400569 0.523577 0.671030 0.843225 1.038894 1.254904 1.486103 1.725340 1.963713 2.191037 2.396528 2.569626 2.700893 2.782858 2.810731 2.782858 2.700893 2.569626 2.396528 2.191037 1.963713 1.725340 1.486103 1.254904 1.038894 0.843225 0.671030 0.523577 0.400569 0.300502 0.221061 0.159473 0.112823 0.078282 0.053272 0.035559 0.023281 0.014953 0.009421 0.005824 0.003532 0.002102 0.001227 0.000703 0.000395 0.000218 0.000118 0.000063 0.000033 0.000017 0.000008 0.000004 0.000002 0.000001 0.000000 0.000000 0.000000 0.000000 0.000000 0.000000 0.000000 0.000000 0.000000 0.000000 
0.000000 0.000000 0.000000 0.000000 0.000000 0.000000 0.000000 0.000000 0.000000 0.000000 0.000001 0.000001 0.000003 0.000006 0.000013 0.000026 0.000051 0.000097 0.000182 0.000336 0.000608 0.001080 0.001883 0.003222 0.005411 0.008914 0.014410 0.022854 0.035559 0.054273 0.081258 0.119332 0.171886 0.242825 0.336427 0.457103 0.609039 0.795725 1.019418 1.280548 1.577170 1.904526 2.254799 2.617159 2.978129 3.322303 3.633371 3.895370 4.094034 4.218077 4.260257 4.218077 4.094034 3.895370 3.633371 3.322303 2.978129 2.617159 2.254799 1.904526 1.577170 1.280548 1.019418 0.795725 0.609039 0.457103 0.336427 0.242825 0.171886 0.119332 0.081258 0.054273 0.035559 0.022854 0.014410 0.008914 0.005411 0.003222 0.001883 0.001080 0.000608 0.000336 0.000182 0.000097 0.000051 0.000026 0.000013 0.000006 0.000003 0.000001 0.000001 0.000000 0.000000 0.000000 0.000000 0.000000 0.000000 0.000000 0.000000 0.000000 
0.000000 0.000000 0.000000 0.000000 0.000000 0.000000 0.000000 0.000000 0.000000 0.000000 0.000001 0.000002 0.000005 0.000010 0.000020 0.000039 0.000077 0.000147 0.000275 0.000507 0.000916 0.001627 0.002834 0.004845 0.008129 0.013383 0.021619 0.034262 0.053272 0.081258 0.121585 0.178450 0.256897 0.362729 0.502301 0.682159 0.908502 1.186498 1.519469 1.908026 2.349248 2.836038 3.356765 3.895331 4.431717 4.943051 5.405130 5.794272 6.089317 6.273528 6.336165 6.273528 6.089317 5.794272 5.405130 4.943051 4.431717 3.895331 3.356765 2.836038 2.349248 1.908026 1.519469 1.186498 0.908502 0.682159 0.502301 0.362729 0.256897 0.178450 0.121585 0.081258 0.053272 0.034262 0.021619 0.013383 0.008129 0.004845 0.002834 0.001627 0.000916 0.000507 0.000275 0.000147 0.000077 0.000039 0.000020 0.000010 0.000005 0.000002 0.000001 0.000000 0.000000 0.000000 0.000000 0.000000 0.000000 0.000000 0.000000 0.000000 
0.000000 0.000000 0.000000 0.000000 0.000000 0.000000 0.000000 0.000000 0.000000 0.000001 0.000002 0.000003 0.000007 0.000015 0.000029 0.000058 0.000114 0.000217 0.000407 0.000750 0.001355 0.002403 0.004182 0.007145 0.011978 0.019706 0.031809 0.050379 0.078282 0.119332 0.178450 0.261767 0.376641 0.531535 0.735714 0.998704 1.329523 1.735675 2.221964 2.789237 3.433195 4.143453 4.903032 5.688449 6.470530 7.215954 7.889476 8.456621 8.886589 9.155023 9.246295 9.155023 8.886589 8.456621 7.889476 7.215954 6.470530 5.688449 4.903032 4.143453 3.433195 2.789237 2.221964 1.735675 1.329523 0.998704 0.735714 0.531535 0.376641 0.261767 0.178450 0.119332 0.078282 0.050379 0.031809 0.019706 0.011978 0.007145 0.004182 0.002403 0.001355 0.000750 0.000407 0.000217 0.000114 0.000058 0.000029 0.000015 0.000007 0.000003 0.000002 0.000001 0.000000 0.000000 0.000000 0.000000 0.000000 0.000000 0.000000 0.000000 
0.000000 0.000000 0.000000 0.000000 0.000000 0.000000 0.000000 0.000000 0.000000 0.000001 0.000002 0.000005 0.000010 0.000021 0.000043 0.000085 0.000165 0.000316 0.000591 0.001087 0.001963 0.003479 0.006052 0.010332 0.017309 0.028455 0.045902 0.072653 0.112823 0.171886 0.256897 0.376641 0.541653 0.764046 1.057063 1.434317 1.908678 2.490835 3.187608 4.000152 4.922260 5.939027 7.026131 8.149967 9.268815 10.335046 11.298298 12.109324 12.724134 13.107945 13.238445 13.107945 12.724134 12.109324 11.298298 10.335046 9.268815 8.149967 7.026131 5.939027 4.922260 4.000152 3.187608 2.490835 1.908678 1.434317 1.057063 0.764046 0.541653 0.376641 0.256897 0.171886 0.112823 0.072653 0.045902 0.028455 0.017309 0.010332 0.006052 0.003479 0.001963 0.001087 0.000591 0.000316 0.000165 0.000085 0.000043 0.000021 0.000010 0.000005 0.000002 0.000001 0.000000 0.000000 0.000000 0.000000 0.000000 0.000000 0.000000 0.000000 
0.000000 0.000000 0.000000 0.000000 0.000000 0.000000 0.000000 0.000000 0.000001 0.000002 0.000003 0.000007 0.000015 0.000030 0.000061 0.000121 0.000236 0.000449 0.000841 0.001546 0.002790 0.004940 0.008587 0.014649 0.024525 0.040293 0.064958 0.102752 0.159473 0.242825 0.362729 0.531535 0.764046 1.077264 1.489769 2.020640 2.687903 3.506502 4.485940 5.627758 6.923171 8.351195 9.877648 11.455352 13.025765 14.522093 15.873726 17.011638 17.874181 18.412618 18.595687 18.412618 17.874181 17.011638 15.873726 14.522093 13.025765 11.455352 9.877648 8.351195 6.923171 5.627758 4.485940 3.506502 2.687903 2.020640 1.489769 1.077264 0.764046 0.531535 0.362729 0.242825 0.159473 0.102752 0.064958 0.040293 0.024525 0.014649 0.008587 0.004940 0.002790 0.001546 0.000841 0.000449 0.000236 0.000121 0.000061 0.000030 0.000015 0.000007 0.000003 0.000002 0.000001 0.000000 0.000000 0.000000 0.000000 0.000000 0.000000 0.000000 
0.000000 0.000000 0.000000 0.000000 0.000000 0.000000 0.000000 0.000000 0.000001 0.000002 0.000005 0.000010 0.000021 0.000043 0.000086 0.000170 0.000329 0.000628 0.001174 0.002156 0.003887 0.006878 0.011947 0.020367 0.034076 0.055949 0.090144 0.142512 0.221061 0.336427 0.502301 0.735714 1.057063 1.489769 2.059401 2.792203 3.712938 4.842113 6.192720 7.766782 9.552103 11.519705 13.622463 15.795396 17.957916 20.018114 21.878863 23.445234 24.632465 25.373549 25.625513 25.373549 24.632465 23.445234 21.878863 20.018114 17.957916 15.795396 13.622463 11.519705 9.552103 7.766782 6.192720 4.842113 3.712938 2.792203 2.059401 1.489769 1.057063 0.735714 0.502301 0.336427 0.221061 0.142512 0.090144 0.055949 0.034076 0.020367 0.011947 0.006878 0.003887 0.002156 0.001174 0.000628 0.000329 0.000170 0.000086 0.000043 0.000021 0.000010 0.000005 0.000002 0.000001 0.000000 0.000000 0.000000 0.000000 0.000000 0.000000 0.000000 
0.000000 0.000000 0.000000 0.000000 0.000000 0.000000 0.000000 0.000001 0.000001 0.000003 0.000006 0.000014 0.000029 0.000059 0.000118 0.000233 0.000451 0.000859 0.001606 0.002946 0.005308 0.009387 0.016295 0.027763 0.046422 0.076177 0.122666 0.193825 0.300502 0.457103 0.682159 0.998704 1.434317 2.020640 2.792203 3.784414 5.030658 6.558541 8.385498 10.514133 12.927848 15.587390 18.429028 21.364959 24.286348 27.069124 29.582206 31.697514 33.300700 34.301382 34.641599 34.301382 33.300700 31.697514 29.582206 27.069124 24.286348 21.364959 18.429028 15.587390 12.927848 10.514133 8.385498 6.558541 5.030658 3.784414 2.792203 2.020640 1.434317 0.998704 0.682159 0.457103 0.300502 0.193825 0.122666 0.076177 0.046422 0.027763 0.016295 0.009387 0.005308 0.002946 0.001606 0.000859 0.000451 0.000233 0.000118 0.000059 0.000029 0.000014 0.000006 0.000003 0.000001 0.000001 0.000000 0.000000 0.000000 0.000000 0.000000 0.000000 
0.000000 0.000000 0.000000 0.000000 0.000000 0.000000 0.000000 0.000001 0.000002 0.000004 0.000009 0.000019 0.000039 0.000079 0.000158 0.000313 0.000606 0.001152 0.002152 0.003948 0.007107 0.012561 0.021791 0.037104 0.062007 0.101695 0.163674 0.258492 0.400569 0.609039 0.908502 1.329523 1.908678 2.687903 3.712938 5.030658 6.685218 8.713082 11.137210 13.960896 17.161989 20.688339 24.455404 28.346796 32.218330 35.905688 39.235326 42.037701 44.161475 45.487042 45.937706 45.487042 44.161475 42.037701 39.235326 35.905688 32.218330 28.346796 24.455404 20.688339 17.161989 13.960896 11.137210 8.713082 6.685218 5.030658 3.712938 2.687903 1.908678 1.329523 0.908502 0.609039 0.400569 0.258492 0.163674 0.101695 0.062007 0.037104 0.021791 0.012561 0.007107 0.003948 0.002152 0.001152 0.000606 0.000313 0.000158 0.000079 0.000039 0.000019 0.000009 0.000004 0.000002 0.000001 0.000000 0.000000 0.000000 0.000000 0.000000 0.000000 
0.000000 0.000000 0.000000 0.000000 0.000000 0.000000 0.000000 0.000001 0.000002 0.000005 0.000012 0.000024 0.000051 0.000104 0.000209 0.000412 0.000797 0.001515 0.002828 0.005184 0.009328 0.016476 0.028567 0.048615 0.081202 0.133110 0.214131 0.338022 0.523577 0.795725 1.186498 1.735675 2.490835 3.506502 4.842113 6.558541 8.713082 11.352994 14.507947 18.182034 22.346268 26.932703 31.831327 36.890810 41.923765 46.716714 51.044250 54.686208 57.446090 59.168620 59.754230 59.168620 57.446090 54.686208 51.044250 46.716714 41.923765 36.890810 31.831327 26.932703 22.346268 18.182034 14.507947 11.352994 8.713082 6.558541 4.842113 3.506502 2.490835 1.735675 1.186498 0.795725 0.523577 0.338022 0.214131 0.133110 0.081202 0.048615 0.028567 0.016476 0.009328 0.005184 0.002828 0.001515 0.000797 0.000412 0.000209 0.000104 0.000051 0.000024 0.000012 0.000005 0.000002 0.000001 0.000000 0.000000 0.000000 0.000000 0.000000 0.000000 
0.000000 0.000000 0.000000 0.000000 0.000000 0.000000 0.000001 0.000001 0.000003 0.000007 0.000015 0.000032 0.000066 0.000134 0.000270 0.000531 0.001028 0.001953 0.003643 0.006673 0.012000 0.021185 0.036712 0.062447 0.104254 0.170818 0.274668 0.433396 0.671030 1.019418 1.519469 2.221964 3.187608 4.485940 6.192720 8.385498 11.137210 14.507947 18.535336 23.224366 28.537858 34.388980 40.637329 47.089894 53.507789 59.618950 65.136179 69.779008 73.297156 75.492861 76.239323 75.492861 73.297156 69.779008 65.136179 59.618950 53.507789 47.089894 40.637329 34.388980 28.537858 23.224366 18.535336 14.507947 11.137210 8.385498 6.192720 4.485940 3.187608 2.221964 1.519469 1.019418 0.671030 0.433396 0.274668 0.170818 0.104254 0.062447 0.036712 0.021185 0.012000 0.006673 0.003643 0.001953 0.001028 0.000531 0.000270 0.000134 0.000066 0.000032 0.000015 0.000007 0.000003 0.000001 0.000001 0.000000 0.000000 0.000000 0.000000 0.000000 
0.000000 0.000000 0.000000 0.000000 0.000000 0.000000 0.000001 0.000002 0.000004 0.000009 0.000019 0.000040 0.000083 0.000170 0.000341 0.000672 0.001299 0.002466 0.004599 0.008419 0.015133 0.026702 0.046250 0.078634 0.131220 0.214909 0.345420 0.544819 0.843225 1.280548 1.908026 2.789237 4.000152 5.627758 7.766782 10.514133 13.960896 18.182034 23.224366 29.093876 35.743805 43.065330 50.882699 58.954456 66.981876 74.624850 81.524423 87.330116 91.729208 94.474622 95.407950 94.474622 91.729208 87.330116 81.524423 74.624850 66.981876 58.954456 50.882699 43.065330 35.743805 29.093876 23.224366 18.182034 13.960896 10.514133 7.766782 5.627758 4.000152 2.789237 1.908026 1.280548 0.843225 0.544819 0.345420 0.214909 0.131220 0.078634 0.046250 0.026702 0.015133 0.008419 0.004599 0.002466 0.001299 0.000672 0.000341 0.000170 0.000083 0.000040 0.000019 0.000009 0.000004 0.000002 0.000001 0.000000 0.000000 0.000000 0.000000 0.000000 
0.000000 0.000000 0.000000 0.000000 0.000000 0.000000 0.000001 0.000002 0.000005 0.000011 0.000024 0.000050 0.000103 0.000211 0.000423 0.000832 0.001608 0.003053 0.005689 0.010411 0.018704 0.032988 0.057114 0.097064 0.161909 0.265067 0.425877 0.671477 1.038894 1.577170 2.349248 3.433195 4.922260 6.923171 9.552103 12.927848 17.161989 22.346268 28.537858 35.743805 43.906457 52.892073 62.484878 72.388602 82.236844 91.612553 100.075660 107.196551 112.591941 115.959026 117.103678 115.959026 112.591941 107.196551 100.075660 91.612553 82.236844 72.388602 62.484878 52.892073 43.906457 35.743805 28.537858 22.346268 17.161989 12.927848 9.552103 6.923171 4.922260 3.433195 2.349248 1.577170 1.038894 0.671477 0.425877 0.265067 0.161909 0.097064 0.057114 0.032988 0.018704 0.010411 0.005689 0.003053 0.001608 0.000832 0.000423 0.000211 0.000103 0.000050 0.000024 0.000011 0.000005 0.000002 0.000001 0.000000 0.000000 0.000000 0.000000 0.000000 
0.000000 0.000000 0.000000 0.000000 0.000000 0.000001 0.000001 0.000003 0.000006 0.000013 0.000029 0.000061 0.000126 0.000256 0.000514 0.001010 0.001952 0.003703 0.006898 0.012617 0.022658 0.039947 0.069134 0.117447 0.195836 0.320496 0.514758 0.811349 1.254904 1.904526 2.836038 4.143453 5.939027 8.351195 11.519705 15.587390 20.688339 26.932703 34.388980 43.065330 52.892073 63.708019 75.253360 87.171551 99.021794 110.302482 120.484420 129.051053 135.541582 139.591992 140.968923 139.591992 135.541582 129.051053 120.484420 110.302482 99.021794 87.171551 75.253360 63.708019 52.892073 43.065330 34.388980 26.932703 20.688339 15.587390 11.519705 8.351195 5.939027 4.143453 2.836038 1.904526 1.254904 0.811349 0.514758 0.320496 0.195836 0.117447 0.069134 0.039947 0.022658 0.012617 0.006898 0.003703 0.001952 0.001010 0.000514 0.000256 0.000126 0.000061 0.000029 0.000013 0.000006 0.000003 0.000001 0.000001 0.000000 0.000000 0.000000 0.000000 
0.000000 0.000000 0.000000 0.000000 0.000000 0.000001 0.000001 0.000003 0.000007 0.000016 0.000034 0.000072 0.000150 0.000305 0.000611 0.001202 0.002321 0.004402 0.008197 0.014986 0.026903 0.047412 0.082025 0.139298 0.232195 0.379878 0.609946 0.961100 1.486103 2.254799 3.356765 4.903032 7.026131 9.877648 13.622463 18.429028 24.455404 31.831327 40.637329 50.882699 62.484878 75.253360 88.881351 102.948017 116.933241 130.245278 142.259944 152.368038 160.026166 164.805093 166.429662 164.805093 160.026166 152.368038 142.259944 130.245278 116.933241 102.948017 88.881351 75.253360 62.484878 50.882699 40.637329 31.831327 24.455404 18.429028 13.622463 9.877648 7.026131 4.903032 3.356765 2.254799 1.486103 0.961100 0.609946 0.379878 0.232195 0.139298 0.082025 0.047412 0.026903 0.014986 0.008197 0.004402 0.002321 0.001202 0.000611 0.000305 0.000150 0.000072 0.000034 0.000016 0.000007 0.000003 0.000001 0.000001 0.000000 0.000000 0.000000 0.000000 
