0.000000 0.000000 0.000000 0.000000 0.000000 0.000000 0.000000 0.000000 0.000000 0.000000 0.000000 0.000000 0.000000 0.000000 0.000000 0.000000 0.000000 0.000000 0.000000 0.000000 0.000000 0.000000 0.000000 0.000000 0.000000 0.000000 0.000000 0.000000 0.000000 0.000000 0.000000 0.000000 0.000000 0.000000 0.000000 0.000000 0.000000 0.000000 0.000000 0.000000 0.000000 0.000000 0.000000 0.000000 0.000000 0.000000 0.000000 0.000000 0.000000 0.000000 0.000000 0.000000 0.000000 0.000000 0.000000 0.000000 0.000000 0.000000 0.000000 0.000000 0.000000 0.000000 0.000000 0.000000 0.000000 0.000000 0.000000 0.000000 0.000000 0.000000 0.000000 0.000000 0.000000 0.000000 0.000000 0.000000 0.000000 0.000000 0.000000 0.000000 0.000000 0.000000 0.000000 0.000000 0.000000 0.000000 0.000000 0.000000 0.000000 0.000000 0.000000 0.000000 0.000000 0.000000 0.000000 0.000000 0.000000 0.000000 0.000000 0.000000 
0.000000 0.000000 0.000000 0.000000 0.000000 0.000000 0.000000 0.000000 0.000000 0.000000 0.000000 0.000000 0.000000 0.000000 0.000000 0.000000 0.000000 0.000000 0.000001 0.000001 0.000001 0.000002 0.000002 0.000003 0.000004 0.000006 0.000008 0.000010 0.000013 0.000017 0.000022 0.000027 0.000033 0.000041 0.000049 0.000059 0.000069 0.000081 0.000093 0.000106 0.000120 0.000133 0.000147 0.000160 0.000172 0.000184 0.000193 0.000201 0.000207 0.000211 0.000212 0.000211 0.000207 0.000201 0.000193 0.000184 0.000172 0.000160 0.000147 0.000133 0.000120 0.000106 0.000093 0.000081 0.000069 0.000059 0.000049 0.000041 0.000033 0.000027 0.000022 0.000017 0.000013 0.000010 0.000008 0.000006 0.000004 0.000003 0.000002 0.000002 0.000001 0.000001 0.000001 0.000000 0.000000 0.000000 0.000000 0.000000 0.000000 0.000000 0.000000 0.000000 0.000000 0.000000 0.000000 0.000000 0.000000 0.000000 0.000000 0.000000 
0.000000 0.000000 0.000000 0.000000 0.000000 0.000000 0.000000 0.000000 0.000000 0.000000 0.000000 0.000000 0.000000 0.000000 0.000000 0.000000 0.000001 0.000001 0.000001 0.000002 0.000003 0.000004 0.000006 0.000008 0.000010 0.000014 0.000018 0.000024 0.000030 0.000039 0.000049 0.000061 0.000076 0.000092 0.000111 0.000133 0.000157 0.000183 0.000211 0.000241 0.000271 0.000302 0.000333 0.000363 0.000391 0.000416 0.000438 0.000456 0.000470 0.000478 0.000480 0.000478 0.000470 0.000456 0.000438 0.000416 0.000391 0.000363 0.000333 0.000302 0.000271 0.000241 0.000211 0.000183 0.000157 0.000133 0.000111 0.000092 0.000076 0.000061 0.000049 0.000039 0.000030 0.000024 0.000018 0.000014 0.000010 0.000008 0.000006 0.000004 0.000003 0.000002 0.000001 0.000001 0.000001 0.000000 0.000000 0.000000 0.000000 0.000000 0.000000 0.000000 0.000000 0.000000 0.000000 0.000000 0.000000 0.000000 0.000000 0.000000 
0.000000 0.000000 0.000000 0.000000 0.000000 0.000000 0.000000 0.000000 0.000000 0.000000 0.000000 0.000000 0.000000 0.000000 0.000001 0.000001 0.000001 0.000002 0.000003 0.000004 0.000005 0.000007 0.000010 0.000014 0.000019 0.000025 0.000033 0.000043 0.000056 0.000071 0.000090 0.000112 0.000138 0.000168 0.000203 0.000243 0.000286 0.000334 0.000385 0.000439 0.000495 0.000551 0.000608 0.000662 0.000713 0.000759 0.000799 0.000832 0.000856 0.000871 0.000876 0.000871 0.000856 0.000832 0.000799 0.000759 0.000713 0.000662 0.000608 0.000551 0.000495 0.000439 0.000385 0.000334 0.000286 0.000243 0.000203 0.000168 0.000138 0.000112 0.000090 0.000071 0.000056 0.000043 0.000033 0.000025 0.000019 0.000014 0.000010 0.000007 0.000005 0.000004 0.000003 0.000002 0.000001 0.000001 0.000001 0.000000 0.000000 0.000000 0.000000 0.000000 0.000000 0.000000 0.000000 0.000000 0.000000 0.000000 0.000000 0.000000 
0.000000 0.000000 0.000000 0.000000 0.000000 0.000000 0.000000 0.000000 0.000000 0.000000 0.000000 0.000000 0.000000 0.000001 0.000001 0.000001 0.000002 0.000003 0.000004 0.000006 0.000009 0.000013 0.000017 0.000024 0.000032 0.000043 0.000056 0.000074 0.000095 0.000121 0.000153 0.000191 0.000236 0.000288 0.000347 0.000414 0.000489 0.000570 0.000657 0.000749 0.000845 0.000941 0.001037 0.001130 0.001217 0.001295 0.001364 0.001419 0.001460 0.001486 0.001494 0.001486 0.001460 0.001419 0.001364 0.001295 0.001217 0.001130 0.001037 0.000941 0.000845 0.000749 0.000657 0.000570 0.000489 0.000414 0.000347 0.000288 0.000236 0.000191 0.000153 0.000121 0.000095 0.000074 0.000056 0.000043 0.000032 0.000024 0.000017 0.000013 0.000009 0.000006 0.000004 0.000003 0.000002 0.000001 0.000001 0.000001 0.000000 0.000000 0.000000 0.000000 0.000000 0.000000 0.000000 0.000000 0.000000 0.000000 0.000000 0.000000 
0.000000 0.000000 0.000000 0.000000 0.000000 0.000000 0.000000 0.000000 0.000000 0.000000 0.000000 0.000000 0.000001 0.000001 0.000002 0.000002 0.000004 0.000005 0.000007 0.000011 0.000015 0.000021 0.000029 0.000039 0.000053 0.000071 0.000094 0.000122 0.000158 0.000202 0.000255 0.000318 0.000392 0.000478 0.000577 0.000688 0.000812 0.000947 0.001092 0.001244 0.001402 0.001563 0.001722 0.001875 0.002019 0.002150 0.002263 0.002355 0.002423 0.002465 0.002479 0.002465 0.002423 0.002355 0.002263 0.002150 0.002019 0.001875 0.001722 0.001563 0.001402 0.001244 0.001092 0.000947 0.000812 0.000688 0.000577 0.000478 0.000392 0.000318 0.000255 0.000202 0.000158 0.000122 0.000094 0.000071 0.000053 0.000039 0.000029 0.000021 0.000015 0.000011 0.000007 0.000005 0.000004 0.000002 0.000002 0.000001 0.000001 0.000000 0.000000 0.000000 0.000000 0.000000 0.000000 0.000000 0.000000 0.000000 0.000000 0.000000 
0.000000 0.000000 0.000000 0.000000 0.000000 0.000000 0.000000 0.000000 0.000000 0.000000 0.000000 0.000001 0.000001 0.000002 0.000003 0.000004 0.000006 0.000008 0.000012 0.000017 0.000025 0.000034 0.000047 0.000065 0.000087 0.000116 0.000154 0.000200 0.000259 0.000330 0.000417 0.000520 0.000641 0.000782 0.000944 0.001125 0.001327 0.001547 0.001784 0.002033 0.002291 0.002552 0.002812 0.003062 0.003297 0.003511 0.003695 0.003845 0.003956 0.004025 0.004048 0.004025 0.003956 0.003845 0.003695 0.003511 0.003297 0.003062 0.002812 0.002552 0.002291 0.002033 0.001784 0.001547 0.001327 0.001125 0.000944 0.000782 0.000641 0.000520 0.000417 0.000330 0.000259 0.000200 0.000154 0.000116 0.000087 0.000065 0.000047 0.000034 0.000025 0.000017 0.000012 0.000008 0.000006 0.000004 0.000003 0.000002 0.000001 0.000001 0.000000 0.000000 0.000000 0.000000 0.000000 0.000000 0.000000 0.000000 0.000000 0.000000 
0.000000 0.000000 0.000000 0.000000 0.000000 0.000000 0.000000 0.000000 0.000000 0.000000 0.000001 0.000001 0.000002 0.000003 0.000004 0.000006 0.000009 0.000014 0.000020 0.000028 0.000040 0.000056 0.000077 0.000105 0.000141 0.000188 0.000248 0.000324 0.000418 0.000534 0.000673 0.000840 0.001036 0.001264 0.001524 0.001817 0.002142 0.002497 0.002878 0.003280 0.003696 0.004117 0.004535 0.004939 0.005317 0.005661 0.005958 0.006200 0.006379 0.006489 0.006526 0.006489 0.006379 0.006200 0.005958 0.005661 0.005317 0.004939 0.004535 0.004117 0.003696 0.003280 0.002878 0.002497 0.002142 0.001817 0.001524 0.001264 0.001036 0.000840 0.000673 0.000534 0.000418 0.000324 0.000248 0.000188 0.000141 0.000105 0.000077 0.000056 0.000040 0.000028 0.000020 0.000014 0.000009 0.000006 0.000004 0.000003 0.000002 0.000001 0.000001 0.000000 0.000000 0.000000 0.000000 0.000000 0.000000 0.000000 0.000000 0.000000 
0.000000 0.000000 0.000000 0.000000 0.000000 0.000000 0.000000 0.000000 0.000000 0.000001 0.000001 0.000002 0.000003 0.000005 0.000007 0.000010 0.000015 0.000022 0.000032 0.000045 0.000064 0.000089 0.000123 0.000167 0.000226 0.000301 0.000397 0.000518 0.000669 0.000853 0.001076 0.001342 0.001655 0.002018 0.002433 0.002900 0.003419 0.003985 0.004592 0.005232 0.005895 0.006566 0.007232 0.007875 0.008479 0.009025 0.009499 0.009884 0.010169 0.010344 0.010403 0.010344 0.010169 0.009884 0.009499 0.009025 0.008479 0.007875 0.007232 0.006566 0.005895 0.005232 0.004592 0.003985 0.003419 0.002900 0.002433 0.002018 0.001655 0.001342 0.001076 0.000853 0.000669 0.000518 0.000397 0.000301 0.000226 0.000167 0.000123 0.000089 0.000064 0.000045 0.000032 0.000022 0.000015 0.000010 0.000007 0.000005 0.000003 0.000002 0.000001 0.000001 0.000000 0.000000 0.000000 0.000000 0.000000 0.000000 0.000000 0.000000 
0.000000 0.000000 0.000000 0.000000 0.000000 0.000000 0.000000 0.000000 0.000001 0.000001 0.000002 0.000003 0.000005 0.000007 0.000011 0.000016 0.000024 0.000035 0.000050 0.000072 0.000101 0.000141 0.000194 0.000265 0.000357 0.000477 0.000629 0.000820 0.001057 0.001348 0.001700 0.002120 0.002614 0.003187 0.003841 0.004579 0.005397 0.006289 0.007247 0.008257 0.009301 0.010359 0.011408 0.012422 0.013373 0.014234 0.014980 0.015587 0.016036 0.016311 0.016404 0.016311 0.016036 0.015587 0.014980 0.014234 0.013373 0.012422 0.011408 0.010359 0.009301 0.008257 0.007247 0.006289 0.005397 0.004579 0.003841 0.003187 0.002614 0.002120 0.001700 0.001348 0.001057 0.000820 0.000629 0.000477 0.000357 0.000265 0.000194 0.000141 0.000101 0.000072 0.000050 0.000035 0.000024 0.000016 0.000011 0.000007 0.000005 0.000003 0.000002 0.000001 0.000001 0.000000 0.000000 0.000000 0.000000 0.000000 0.000000 0.000000 
0.000000 0.000000 0.000000 0.000000 0.000000 0.000000 0.000000 0.000001 0.000001 0.000002 0.000003 0.000005 0.000007 0.000011 0.000017 0.000025 0.000038 0.000055 0.000079 0.000112 0.000158 0.000221 0.000304 0.000415 0.000559 0.000746 0.000984 0.001282 0.001654 0.002108 0.002658 0.003314 0.004085 0.004979 0.006001 0.007152 0.008428 0.009820 0.011314 0.012889 0.014517 0.016168 0.017803 0.019383 0.020865 0.022208 0.023371 0.024317 0.025017 0.025446 0.025591 0.025446 0.025017 0.024317 0.023371 0.022208 0.020865 0.019383 0.017803 0.016168 0.014517 0.012889 0.011314 0.009820 0.008428 0.007152 0.006001 0.004979 0.004085 0.003314 0.002658 0.002108 0.001654 0.001282 0.000984 0.000746 0.000559 0.000415 0.000304 0.000221 0.000158 0.000112 0.000079 0.000055 0.000038 0.000025 0.000017 0.000011 0.000007 0.000005 0.000003 0.000002 0.000001 0.000001 0.000000 0.000000 0.000000 0.000000 0.000000 0.000000 
0.000000 0.000000 0.000000 0.000000 0.000000 0.000000 0.000001 0.000001 0.000002 0.000003 0.000005 0.000008 0.000012 0.000018 0.000027 0.000040 0.000058 0.000085 0.000122 0.000174 0.000246 0.000342 0.000472 0.000643 0.000867 0.001155 0.001523 0.001985 0.002559 0.003261 0.004111 0.005124 0.006315 0.007696 0.009274 0.011051 0.013021 0.015170 0.017475 0.019904 0.022417 0.024963 0.027485 0.029922 0.032208 0.034279 0.036072 0.037531 0.038610 0.039272 0.039495 0.039272 0.038610 0.037531 0.036072 0.034279 0.032208 0.029922 0.027485 0.024963 0.022417 0.019904 0.017475 0.015170 0.013021 0.011051 0.009274 0.007696 0.006315 0.005124 0.004111 0.003261 0.002559 0.001985 0.001523 0.001155 0.000867 0.000643 0.000472 0.000342 0.000246 0.000174 0.000122 0.000085 0.000058 0.000040 0.000027 0.000018 0.000012 0.000008 0.000005 0.000003 0.000002 0.000001 0.000001 0.000000 0.000000 0.000000 0.000000 0.000000 
0.000000 0.000000 0.000000 0.000000 0.000000 0.000001 0.000001 0.000002 0.000003 0.000005 0.000007 0.000012 0.000018 0.000027 0.000041 0.000061 0.000090 0.000130 0.000188 0.000267 0.000377 0.000525 0.000723 0.000985 0.001328 0.001769 0.002332 0.003039 0.003916 0.004991 0.006290 0.007838 0.009658 0.011768 0.014180 0.016893 0.019901 0.023183 0.026702 0.030410 0.034245 0.038130 0.041980 0.045698 0.049186 0.052346 0.055081 0.057307 0.058952 0.059962 0.060302 0.059962 0.058952 0.057307 0.055081 0.052346 0.049186 0.045698 0.041980 0.038130 0.034245 0.030410 0.026702 0.023183 0.019901 0.016893 0.014180 0.011768 0.009658 0.007838 0.006290 0.004991 0.003916 0.003039 0.002332 0.001769 0.001328 0.000985 0.000723 0.000525 0.000377 0.000267 0.000188 0.000130 0.000090 0.000061 0.000041 0.000027 0.000018 0.000012 0.000007 0.000005 0.000003 0.000002 0.000001 0.000001 0.000000 0.000000 0.000000 0.000000 
0.000000 0.000000 0.000000 0.000000 0.000001 0.000001 0.000002 0.000003 0.000005 0.000007 0.000011 0.000018 0.000027 0.000041 0.000062 0.000092 0.000136 0.000198 0.000285 0.000406 0.000572 0.000796 0.001097 0.001494 0.002013 0.002681 0.003533 0.004603 0.005930 0.007556 0.009520 0.011861 0.014613 0.017803 0.021446 0.025547 0.030091 0.035048 0.040363 0.045963 0.051754 0.057620 0.063431 0.069045 0.074310 0.079079 0.083207 0.086567 0.089050 0.090574 0.091087 0.090574 0.089050 0.086567 0.083207 0.079079 0.074310 0.069045 0.063431 0.057620 0.051754 0.045963 0.040363 0.035048 0.030091 0.025547 0.021446 0.017803 0.014613 0.011861 0.009520 0.007556 0.005930 0.004603 0.003533 0.002681 0.002013 0.001494 0.001097 0.000796 0.000572 0.000406 0.000285 0.000198 0.000136 0.000092 0.000062 0.000041 0.000027 0.000018 0.000011 0.000007 0.000005 0.000003 0.000002 0.000001 0.000001 0.000000 0.000000 0.000000 
0.000000 0.000000 0.000000 0.000001 0.000001 0.000002 0.000003 0.000004 0.000007 0.000011 0.000017 0.000027 0.000041 0.000062 0.000093 0.000139 0.000204 0.000297 0.000428 0.000609 0.000858 0.001195 0.001645 0.002241 0.003018 0.004019 0.005294 0.006896 0.008883 0.011316 0.014254 0.017756 0.021872 0.026641 0.032089 0.038218 0.045010 0.052417 0.060359 0.068726 0.077376 0.086138 0.094818 0.103201 0.111064 0.118185 0.124349 0.129366 0.133073 0.135348 0.136115 0.135348 0.133073 0.129366 0.124349 0.118185 0.111064 0.103201 0.094818 0.086138 0.077376 0.068726 0.060359 0.052417 0.045010 0.038218 0.032089 0.026641 0.021872 0.017756 0.014254 0.011316 0.008883 0.006896 0.005294 0.004019 0.003018 0.002241 0.001645 0.001195 0.000858 0.000609 0.000428 0.000297 0.000204 0.000139 0.000093 0.000062 0.000041 0.000027 0.000017 0.000011 0.000007 0.000004 0.000003 0.000002 0.000001 0.000001 0.000000 0.000000 
0.000000 0.000000 0.000000 0.000001 0.000001 0.000002 0.000004 0.000006 0.000010 0.000016 0.000025 0.000040 0.000061 0.000092 0.000139 0.000207 0.000304 0.000442 0.000636 0.000905 0.001274 0.001773 0.002441 0.003324 0.004475 0.005959 0.007848 0.010220 0.013162 0.016763 0.021112 0.026294 0.032383 0.039438 0.047495 0.056559 0.066601 0.077550 0.089290 0.101656 0.114440 0.127388 0.140212 0.152597 0.164214 0.174733 0.183839 0.191249 0.196725 0.200085 0.201218 0.200085 0.196725 0.191249 0.183839 0.174733 0.164214 0.152597 0.140212 0.127388 0.114440 0.101656 0.089290 0.077550 0.066601 0.056559 0.047495 0.039438 0.032383 0.026294 0.021112 0.016763 0.013162 0.010220 0.007848 0.005959 0.004475 0.003324 0.002441 0.001773 0.001274 0.000905 0.000636 0.000442 0.000304 0.000207 0.000139 0.000092 0.000061 0.000040 0.000025 0.000016 0.000010 0.000006 0.000004 0.000002 0.000001 0.000001 0.000000 0.000000 
0.000000 0.000000 0.000001 0.000001 0.000002 0.000004 0.000006 0.000009 0.000015 0.000024 0.000038 0.000058 0.000090 0.000136 0.000204 0.000304 0.000447 0.000650 0.000935 0.001330 0.001871 0.002604 0.003583 0.004877 0.006566 0.008741 0.011508 0.014983 0.019293 0.024566 0.030933 0.038518 0.047430 0.057753 0.069541 0.082800 0.097488 0.113501 0.130667 0.148747 0.167436 0.186364 0.205109 0.223211 0.240189 0.255561 0.268869 0.279697 0.287698 0.292608 0.294263 0.292608 0.287698 0.279697 0.268869 0.255561 0.240189 0.223211 0.205109 0.186364 0.167436 0.148747 0.130667 0.113501 0.097488 0.082800 0.069541 0.057753 0.047430 0.038518 0.030933 0.024566 0.019293 0.014983 0.011508 0.008741 0.006566 0.004877 0.003583 0.002604 0.001871 0.001330 0.000935 0.000650 0.000447 0.000304 0.000204 0.000136 0.000090 0.000058 0.000038 0.000024 0.000015 0.000009 0.000006 0.000003 0.000002 0.000001 0.000000 0.000000 
0.000000 0.000000 0.000001 0.000002 0.000003 0.000005 0.000008 0.000014 0.000022 0.000035 0.000055 0.000085 0.000130 0.000198 0.000297 0.000442 0.000650 0.000945 0.001358 0.001932 0.002718 0.003781 0.005202 0.007079 0.009527 0.012681 0.016692 0.021728 0.027971 0.035610 0.044831 0.055815 0.068717 0.083660 0.100720 0.119908 0.141160 0.164325 0.189156 0.215307 0.242336 0.269707 0.296812 0.322985 0.347531 0.369755 0.388993 0.404646 0.416212 0.423309 0.425702 0.423309 0.416212 0.404646 0.388993 0.369755 0.347531 0.322985 0.296812 0.269707 0.242336 0.215307 0.189156 0.164325 0.141160 0.119908 0.100720 0.083660 0.068717 0.055815 0.044831 0.035610 0.027971 0.021728 0.016692 0.012681 0.009527 0.007079 0.005202 0.003781 0.002718 0.001932 0.001358 0.000945 0.000650 0.000442 0.000297 0.000198 0.000130 0.000085 0.000055 0.000035 0.000022 0.000014 0.000008 0.000005 0.000003 0.000002 0.000001 0.000000 
0.000000 0.000001 0.000001 0.000003 0.000004 0.000007 0.000012 0.000020 0.000032 0.000050 0.000079 0.000122 0.000188 0.000285 0.000428 0.000636 0.000935 0.001358 0.001953 0.002777 0.003905 0.005431 0.007471 0.010164 0.013675 0.018197 0.023948 0.031167 0.040115 0.051060 0.064271 0.080003 0.098480 0.119877 0.144301 0.171768 0.202186 0.235337 0.270869 0.308287 0.346955 0.386110 0.424881 0.462317 0.497424 0.529207 0.556718 0.579103 0.595641 0.605791 0.609212 0.605791 0.595641 0.579103 0.556718 0.529207 0.497424 0.462317 0.424881 0.386110 0.346955 0.308287 0.270869 0.235337 0.202186 0.171768 0.144301 0.119877 0.098480 0.080003 0.064271 0.051060 0.040115 0.031167 0.023948 0.018197 0.013675 0.010164 0.007471 0.005431 0.003905 0.002777 0.001953 0.001358 0.000935 0.000636 0.000428 0.000285 0.000188 0.000122 0.000079 0.000050 0.000032 0.000020 0.000012 0.000007 0.000004 0.000002 0.000001 0.000000 
0.000000 0.000001 0.000002 0.000004 0.000006 0.000011 0.000017 0.000028 0.000045 0.000072 0.000112 0.000174 0.000267 0.000406 0.000609 0.000905 0.001330 0.001932 0.002777 0.003947 0.005549 0.007716 0.010611 0.014433 0.019415 0.025830 0.033985 0.044222 0.056906 0.072419 0.091140 0.113430 0.139605 0.169912 0.204501 0.243395 0.286461 0.333392 0.383688 0.436647 0.491370 0.546779 0.601640 0.654607 0.704276 0.749241 0.788161 0.819826 0.843222 0.857579 0.862419 0.857579 0.843222 0.819826 0.788161 0.749241 0.704276 0.654607 0.601640 0.546779 0.491370 0.436647 0.383688 0.333392 0.286461 0.243395 0.204501 0.169912 0.139605 0.113430 0.091140 0.072419 0.056906 0.044222 0.033985 0.025830 0.019415 0.014433 0.010611 0.007716 0.005549 0.003947 0.002777 0.001932 0.001330 0.000905 0.000609 0.000406 0.000267 0.000174 0.000112 0.000072 0.000045 0.000028 0.000017 0.000010 0.000006 0.000003 0.000002 0.000000 
0.000000 0.000001 0.000003 0.000005 0.000009 0.000015 0.000025 0.000040 0.000064 0.000101 0.000158 0.000246 0.000377 0.000572 0.000858 0.001274 0.001871 0.002718 0.003905 0.005549 0.007799 0.010842 0.014907 0.020272 0.027264 0.036264 0.047704 0.062061 0.079847 0.101596 0.127838 0.159077 0.195755 0.238218 0.286674 0.341151 0.401466 0.467186 0.537610 0.611756 0.688365 0.765927 0.842716 0.916850 0.986364 1.049290 1.103755 1.148067 1.180805 1.200895 1.207667 1.200895 1.180805 1.148067 1.103755 1.049290 0.986364 0.916850 0.842716 0.765927 0.688365 0.611756 0.537610 0.467186 0.401466 0.341151 0.286674 0.238218 0.195755 0.159077 0.127838 0.101596 0.079847 0.062061 0.047704 0.036264 0.027264 0.020272 0.014907 0.010842 0.007799 0.005549 0.003905 0.002718 0.001871 0.001274 0.000858 0.000572 0.000377 0.000246 0.000158 0.000101 0.000064 0.000040 0.000024 0.000015 0.000009 0.000005 0.000002 0.000000 
0.000000 0.000002 0.000004 0.000007 0.000013 0.000021 0.000034 0.000056 0.000089 0.000141 0.000221 0.000342 0.000525 0.000796 0.001195 0.001773 0.002604 0.003781 0.005431 0.007716 0.010842 0.015069 0.020714 0.028162 0.037868 0.050358 0.066231 0.086148 0.110817 0.140977 0.177362 0.220668 0.271507 0.330356 0.397500 0.472979 0.556536 0.647571 0.745111 0.847796 0.953884 1.061283 1.167603 1.270241 1.366477 1.453588 1.528983 1.590321 1.635637 1.663446 1.672820 1.663446 1.635637 1.590321 1.528983 1.453588 1.366477 1.270241 1.167603 1.061283 0.953884 0.847796 0.745111 0.647571 0.556536 0.472979 0.397500 0.330356 0.271507 0.220668 0.177362 0.140977 0.110817 0.086148 0.066231 0.050358 0.037868 0.028162 0.020714 0.015069 0.010842 0.007716 0.005431 0.003781 0.002604 0.001773 0.001195 0.000796 0.000525 0.000342 0.000221 0.000141 0.000089 0.000055 0.000034 0.000021 0.000012 0.000007 0.000003 0.000000 
0.000000 0.000002 0.000006 0.000010 0.000017 0.000029 0.000047 0.000077 0.000123 0.000194 0.000304 0.000472 0.000723 0.001097 0.001645 0.002441 0.003583 0.005202 0.007471 0.010611 0.014907 0.020714 0.028468 0.038696 0.052021 0.069166 0.090950 0.118278 0.152122 0.193490 0.243390 0.302773 0.372475 0.453147 0.545178 0.648621 0.763120 0.887854 1.021488 1.162157 1.307475 1.454576 1.600191 1.740755 1.872542 1.991830 2.095069 2.179057 2.241105 2.279180 2.292016 2.279180 2.241105 2.179057 2.095069 1.991830 1.872542 1.740755 1.600191 1.454576 1.307475 1.162157 1.021488 0.887854 0.763120 0.648621 0.545178 0.453147 0.372475 0.302773 0.243390 0.193490 0.152122 0.118278 0.090950 0.069166 0.052021 0.038696 0.028468 0.020714 0.014907 0.010611 0.007471 0.005202 0.003583 0.002441 0.001645 0.001097 0.000723 0.000472 0.000304 0.000194 0.000123 0.000077 0.000047 0.000029 0.000017 0.000009 0.000004 0.000000 
0.000000 0.000003 0.000008 0.000014 0.000024 0.000039 0.000065 0.000105 0.000167 0.000265 0.000415 0.000643 0.000985 0.001494 0.002241 0.003324 0.004877 0.007079 0.010164 0.014433 0.020272 0.028162 0.038696 0.052587 0.070681 0.093959 0.123529 0.160618 0.206542 0.262668 0.330357 0.410899 0.505422 0.614808 0.739579 0.879805 1.035003 1.204055 1.385150 1.575763 1.772659 1.971957 2.169228 2.359643 2.538160 2.699738 2.839573 2.953329 3.037368 3.088936 3.106320 3.088936 3.037368 2.953329 2.839573 2.699738 2.538160 2.359643 2.169228 1.971957 1.772659 1.575763 1.385150 1.204055 1.035003 0.879805 0.739579 0.614808 0.505422 0.410899 0.330357 0.262668 0.206542 0.160618 0.123529 0.093959 0.070681 0.052587 0.038696 0.028162 0.020272 0.014433 0.010164 0.007079 0.004877 0.003324 0.002241 0.001494 0.000985 0.000643 0.000415 0.000265 0.000167 0.000104 0.000064 0.000039 0.000023 0.000013 0.000006 0.000000 
0.000000 0.000004 0.000010 0.000019 0.000032 0.000053 0.000087 0.000141 0.000226 0.000357 0.000559 0.000867 0.001328 0.002013 0.003018 0.004475 0.006566 0.009527 0.013675 0.019415 0.027264 0.037868 0.052021 0.070681 0.094983 0.126241 0.165941 0.215728 0.277365 0.352681 0.443502 0.551550 0.678339 0.825043 0.992362 1.180384 1.388458 1.615083 1.857832 2.113315 2.377198 2.644282 2.908631 3.163779 3.402972 3.619460 3.806808 3.959212 4.071800 4.140886 4.164174 4.140886 4.071800 3.959212 3.806808 3.619460 3.402972 3.163779 2.908631 2.644282 2.377198 2.113315 1.857832 1.615083 1.388458 1.180384 0.992362 0.825043 0.678339 0.551550 0.443502 0.352681 0.277365 0.215728 0.165941 0.126241 0.094983 0.070681 0.052021 0.037868 0.027264 0.019415 0.013675 0.009527 0.006566 0.004475 0.003018 0.002013 0.001328 0.000867 0.000559 0.000357 0.000226 0.000141 0.000087 0.000053 0.000031 0.000017 0.000008 0.000000 
0.000000 0.000006 0.000014 0.000025 0.000043 0.000071 0.000116 0.000188 0.000301 0.000477 0.000746 0.001155 0.001769 0.002681 0.004019 0.005959 0.008741 0.012681 0.018197 0.025830 0.036264 0.050358 0.069166 0.093959 0.126241 0.167755 0.220474 0.286575 0.368396 0.468361 0.588886 0.732255 0.900468 1.095078 1.317009 1.566373 1.842302 2.142801 2.464651 2.803357 3.153174 3.507207 3.857594 4.195767 4.512777 4.799683 5.047962 5.249927 5.399124 5.490673 5.521534 5.490673 5.399124 5.249927 5.047962 4.799683 4.512777 4.195767 3.857594 3.507207 3.153174 2.803357 2.464651 2.142801 1.842302 1.566373 1.317009 1.095078 0.900468 0.732255 0.588886 0.468361 0.368396 0.286575 0.220474 0.167755 0.126241 0.093959 0.069166 0.050358 0.036264 0.025830 0.018197 0.012681 0.008741 0.005959 0.004019 0.002681 0.001769 0.001155 0.000746 0.000477 0.000301 0.000188 0.000116 0.000070 0.000041 0.000023 0.000010 0.000000 
0.000000 0.000008 0.000018 0.000033 0.000056 0.000094 0.000154 0.000248 0.000397 0.000629 0.000984 0.001523 0.002332 0.003533 0.005294 0.007848 0.011508 0.016692 0.023948 0.033985 0.047704 0.066231 0.090950 0.123529 0.165941 0.220474 0.289712 0.376513 0.483940 0.615170 0.773369 0.961525 1.182260 1.437603 1.728760 2.055872 2.417795 2.811910 3.233990 3.678138 4.136823 4.601006 5.060380 5.503716 5.919290 6.295385 6.620833 6.885566 7.081128 7.201125 7.241574 7.201125 7.081128 6.885566 6.620833 6.295385 5.919290 5.503716 5.060380 4.601006 4.136823 3.678138 3.233990 2.811910 2.417795 2.055872 1.728760 1.437603 1.182260 0.961525 0.773369 0.615170 0.483940 0.376513 0.289712 0.220474 0.165941 0.123529 0.090950 0.066231 0.047704 0.033985 0.023948 0.016692 0.011508 0.007848 0.005294 0.003533 0.002332 0.001523 0.000984 0.000628 0.000397 0.000248 0.000153 0.000093 0.000055 0.000030 0.000013 0.000000 
0.000000 0.000010 0.000024 0.000043 0.000074 0.000122 0.000200 0.000324 0.000518 0.000820 0.001282 0.001985 0.003039 0.004603 0.006896 0.010220 0.014983 0.021728 0.031167 0.044222 0.062061 0.086148 0.118278 0.160618 0.215728 0.286575 0.376513 0.489247 0.628749 0.799137 1.004512 1.248749 1.535238 1.866607 2.244412 2.668829 3.138366 3.649622 4.197108 4.773176 5.368055 5.970026 6.565727 7.140601 7.679450 8.167091 8.589051 8.932281 9.185824 9.341397 9.393839 9.341397 9.185824 8.932281 8.589051 8.167091 7.679450 7.140601 6.565727 5.970026 5.368055 4.773176 4.197108 3.649622 3.138366 2.668829 2.244412 1.866607 1.535238 1.248749 1.004512 0.799137 0.628749 0.489247 0.376513 0.286575 0.215728 0.160618 0.118278 0.086148 0.062061 0.044222 0.031167 0.021728 0.014983 0.010220 0.006896 0.004603 0.003039 0.001985 0.001282 0.000820 0.000518 0.000324 0.000200 0.000121 0.000072 0.000039 0.000017 0.000000 
0.000000 0.000013 0.000030 0.000056 0.000095 0.000158 0.000259 0.000418 0.000669 0.001057 0.001654 0.002559 0.003916 0.005930 0.008883 0.013162 0.019293 0.027971 0.040115 0.056906 0.079847 0.110817 0.152122 0.206542 0.277365 0.368396 0.483940 0.628749 0.807915 1.026721 1.290423 1.603983 1.971746 2.397074 2.881954 3.426602 4.029098 4.685068 5.387468 6.126483 6.889578 7.661722 8.425783 9.163092 9.854169 10.479548 11.020677 11.460830 11.785965 11.985463 12.052711 11.985463 11.785965 11.460830 11.020677 10.479548 9.854169 9.163092 8.425783 7.661722 6.889578 6.126483 5.387468 4.685068 4.029098 3.426602 2.881954 2.397074 1.971746 1.603983 1.290423 1.026721 0.807915 0.628749 0.483940 0.368396 0.277365 0.206542 0.152122 0.110817 0.079847 0.056906 0.040115 0.027971 0.019293 0.013162 0.008883 0.005930 0.003916 0.002559 0.001653 0.001057 0.000668 0.000418 0.000258 0.000157 0.000092 0.000051 0.000023 0.000000 
0.000000 0.000017 0.000039 0.000071 0.000121 0.000202 0.000330 0.000534 0.000853 0.001348 0.002108 0.003261 0.004991 0.007556 0.011316 0.016763 0.024566 0.035610 0.051060 0.072419 0.101596 0.140977 0.193490 0.262668 0.352681 0.468361 0.615170 0.799137 1.026721 1.304621 1.639500 2.037649 2.504572 3.044523 3.660013 4.351307 5.115956 5.948402 6.839701 7.777396 8.745583 9.725192 10.694494 11.629816 12.506453 13.299722 13.986104 14.544393 14.956785 15.209820 15.295114 15.209820 14.956785 14.544393 13.986104 13.299722 12.506453 11.629816 10.694494 9.725192 8.745583 7.777396 6.839701 5.948402 5.115956 4.351307 3.660013 3.044523 2.504572 2.037649 1.639500 1.304621 1.026721 0.799137 0.615170 0.468361 0.352681 0.262668 0.193490 0.140977 0.101596 0.072419 0.051060 0.035610 0.024566 0.016763 0.011316 0.007556 0.004991 0.003261 0.002108 0.001348 0.000853 0.000533 0.000329 0.000200 0.000118 0.000065 0.000029 0.000000 
0.000000 0.000022 0.000049 0.000090 0.000153 0.000255 0.000417 0.000673 0.001076 0.001700 0.002658 0.004111 0.006290 0.009520 0.014254 0.021112 0.030933 0.044831 0.064271 0.091140 0.127838 0.177362 0.243390 0.330357 0.443502 0.588886 0.773369 1.004512 1.290423 1.639500 2.060103 2.560114 3.146432 3.824384 4.597107 5.464921 6.424741 7.469580 8.588207 9.764983 10.979950 12.209183 13.425421 14.598968 15.698840 16.694082 17.555197 18.255595 18.772950 19.090385 19.197387 19.090385 18.772950 18.255595 17.555197 16.694082 15.698840 14.598968 13.425421 12.209183 10.979950 9.764983 8.588207 7.469580 6.424741 5.464921 4.597107 3.824384 3.146432 2.560114 2.060103 1.639500 1.290423 1.004512 0.773369 0.588886 0.443502 0.330357 0.243390 0.177362 0.127838 0.091140 0.064271 0.044831 0.030933 0.021112 0.014254 0.009520 0.006290 0.004111 0.002658 0.001700 0.001075 0.000672 0.000415 0.000252 0.000149 0.000082 0.000036 0.000000 
0.000000 0.000027 0.000061 0.000112 0.000191 0.000318 0.000520 0.000840 0.001342 0.002120 0.003314 0.005124 0.007838 0.011861 0.017756 0.026294 0.038518 0.055815 0.080003 0.113430 0.159077 0.220668 0.302773 0.410899 0.551550 0.732255 0.961525 1.248749 1.603983 2.037649 2.560114 3.181154 3.909316 4.751200 5.710685 6.788151 7.979754 9.276812 10.665372 12.126020 13.633983 15.159571 16.668957 18.125301 19.490165 20.725150 21.793671 22.662746 23.304685 23.698557 23.831324 23.698557 23.304685 22.662746 21.793671 20.725150 19.490165 18.125301 16.668957 15.159571 13.633983 12.126020 10.665372 9.276812 7.979754 6.788151 5.710685 4.751200 3.909316 3.181154 2.560114 2.037649 1.603983 1.248749 0.961525 0.732255 0.551550 0.410899 0.302773 0.220668 0.159077 0.113430 0.080003 0.055815 0.038518 0.026294 0.017756 0.011861 0.007838 0.005124 0.003313 0.002120 0.001341 0.000839 0.000518 0.000315 0.000186 0.000103 0.000045 0.000000 
0.000000 0.000033 0.000076 0.000138 0.000236 0.000392 0.000641 0.001036 0.001655 0.002614 0.004085 0.006315 0.009658 0.014613 0.021872 0.032383 0.047430 0.068717 0.098480 0.139605 0.195755 0.271507 0.372475 0.505422 0.678339 0.900468 1.182260 1.535238 1.971746 2.504572 3.146432 3.909316 4.803703 5.837679 7.015987 8.339076 9.802209 11.394715 13.099453 14.892583 16.743697 18.616350 20.469031 22.256534 23.931695 25.447404 26.758776 27.825351 28.613161 29.096530 29.259463 29.096530 28.613161 27.825351 26.758776 25.447404 23.931695 22.256534 20.469031 18.616350 16.743697 14.892583 13.099453 11.394715 9.802209 8.339076 7.015987 5.837679 4.803703 3.909316 3.146432 2.504572 1.971746 1.535238 1.182260 0.900468 0.678339 0.505422 0.372475 0.271507 0.195755 0.139605 0.098480 0.068717 0.047430 0.032383 0.021872 0.014613 0.009658 0.006315 0.004084 0.002613 0.001654 0.001035 0.000639 0.000388 0.000229 0.000127 0.000056 0.000000 
0.000000 0.000041 0.000092 0.000168 0.000288 0.000478 0.000782 0.001264 0.002018 0.003187 0.004979 0.007696 0.011768 0.017803 0.026641 0.039438 0.057753 0.083660 0.119877 0.169912 0.238218 0.330356 0.453147 0.614808 0.825043 1.095078 1.437603 1.866607 2.397074 3.044523 3.824384 4.751200 5.837679 7.093618 8.524756 10.131618 11.908433 13.842226 15.912175 18.089328 20.336762 22.610239 24.859372 27.029296 29.062775 30.902641 32.494432 33.789054 34.745294 35.332000 35.529765 35.332000 34.745294 33.789054 32.494432 30.902641 29.062775 27.029296 24.859372 22.610239 20.336762 18.089328 15.912175 13.842226 11.908433 10.131618 8.524756 7.093618 5.837679 4.751200 3.824384 3.044523 2.397074 1.866607 1.437603 1.095078 0.825043 0.614808 0.453147 0.330356 0.238218 0.169912 0.119877 0.083660 0.057753 0.039438 0.026641 0.017803 0.011768 0.007696 0.004979 0.003186 0.002017 0.001262 0.000780 0.000474 0.000280 0.000155 0.000068 0.000000 
0.000000 0.000049 0.000111 0.000203 0.000347 0.000577 0.000944 0.001524 0.002433 0.003841 0.006001 0.009274 0.014180 0.021446 0.032089 0.047495 0.069541 0.100720 0.144301 0.204501 0.286674 0.397500 0.545178 0.739579 0.992362 1.317009 1.728760 2.244412 2.881954 3.660013 4.597107 5.710685 7.015987 8.524756 10.243862 12.173909 14.307948 16.630378 19.116180 21.730582 24.429245 27.159056 29.859526 32.464799 34.906174 37.115039 39.026032 40.580238 41.728196 42.432525 42.669937 42.432525 41.728196 40.580238 39.026032 37.115039 34.906174 32.464799 29.859526 27.159056 24.429245 21.730582 19.116180 16.630378 14.307948 12.173909 10.243862 8.524756 7.015987 5.710685 4.597107 3.660013 2.881954 2.244412 1.728760 1.317009 0.992362 0.739579 0.545178 0.397500 0.286674 0.204501 0.144301 0.100720 0.069541 0.047495 0.032088 0.021446 0.014179 0.009274 0.006001 0.003841 0.002432 0.001522 0.000941 0.000572 0.000338 0.000186 0.000083 0.000000 
0.000000 0.000059 0.000133 0.000243 0.000414 0.000688 0.001125 0.001817 0.002900 0.004579 0.007152 0.011051 0.016893 0.025547 0.038218 0.056559 0.082800 0.119908 0.171768 0.243395 0.341151 0.472979 0.648621 0.879805 1.180384 1.566373 2.055872 2.668829 3.426602 4.351307 5.464921 6.788151 8.339076 10.131618 12.173909 14.466643 17.001540 19.760051 22.712447 25.817423 29.022321 32.264072 35.470857 38.564490 41.463416 44.086189 46.355226 48.200595 49.563594 50.399854 50.681735 50.399854 49.563594 48.200595 46.355226 44.086189 41.463416 38.564490 35.470857 32.264072 29.022321 25.817423 22.712447 19.760051 17.001540 14.466643 12.173909 10.131618 8.339076 6.788151 5.464921 4.351307 3.426602 2.668829 2.055872 1.566373 1.180384 0.879805 0.648621 0.472979 0.341151 0.243395 0.171768 0.119908 0.082800 0.056559 0.038218 0.025547 0.016893 0.011051 0.007152 0.004578 0.002899 0.001815 0.001122 0.000682 0.000403 0.000223 0.000099 0.000000 
0.000000 0.000069 0.000157 0.000286 0.000489 0.000812 0.001327 0.002142 0.003419 0.005397 0.008428 0.013021 0.019901 0.030091 0.045010 0.066601 0.097488 0.141160 0.202186 0.286461 0.401466 0.556536 0.763120 1.035003 1.388458 1.842302 2.417795 3.138366 4.029098 5.115956 6.424741 7.979754 9.802209 11.908433 14.307948 17.001540 19.979456 23.219886 26.687895 30.334956 34.099219 37.906615 41.672809 45.305996 48.710423 51.790470 54.455053 56.622079 58.222637 59.204641 59.535648 59.204641 58.222637 56.622079 54.455053 51.790470 48.710423 45.305996 41.672809 37.906615 34.099219 30.334956 26.687895 23.219886 19.979456 17.001540 14.307948 11.908433 9.802209 7.979754 6.424741 5.115956 4.029098 3.138366 2.417795 1.842302 1.388458 1.035003 0.763120 0.556536 0.401466 0.286461 0.202186 0.141160 0.097488 0.066601 0.045010 0.030091 0.019901 0.013021 0.008428 0.005396 0.003417 0.002140 0.001323 0.000804 0.000475 0.000263 0.000116 0.000000 
0.000000 0.000081 0.000183 0.000334 0.000570 0.000947 0.001547 0.002497 0.003985 0.006289 0.009820 0.015170 0.023183 0.035048 0.052417 0.077550 0.113501 0.164325 0.235337 0.333392 0.467186 0.647571 0.887854 1.204055 1.615083 2.142801 2.811910 3.649622 4.685068 5.948402 7.469580 9.276812 11.394715 13.842226 16.630378 19.760051 23.219886 26.984524 31.013361 35.250017 39.622645 44.045212 48.419773 52.639718 56.593855 60.171154 63.265859 65.782652 67.641526 68.782009 69.166433 68.782009 67.641526 65.782652 63.265859 60.171154 56.593855 52.639718 48.419773 44.045212 39.622645 35.250017 31.013361 26.984524 23.219886 19.760051 16.630378 13.842226 11.394715 9.276812 7.469580 5.948402 4.685068 3.649622 2.811910 2.142801 1.615083 1.204055 0.887854 0.647571 0.467186 0.333392 0.235337 0.164325 0.113501 0.077550 0.052417 0.035048 0.023182 0.015170 0.009820 0.006288 0.003983 0.002494 0.001542 0.000938 0.000554 0.000306 0.000136 0.000000 
0.000000 0.000093 0.000211 0.000385 0.000657 0.001092 0.001784 0.002878 0.004592 0.007247 0.011314 0.017475 0.026702 0.040363 0.060359 0.089290 0.130667 0.189156 0.270869 0.383688 0.537610 0.745111 1.021488 1.385150 1.857832 2.464651 3.233990 4.197108 5.387468 6.839701 8.588207 10.665372 13.099453 15.912175 19.116180 22.712447 26.687895 31.013361 35.642179 40.509563 45.532973 50.613579 55.638881 60.486432 65.028535 69.137681 72.692423 75.583305 77.718455 79.028433 79.469988 79.028433 77.718455 75.583305 72.692423 69.137681 65.028535 60.486432 55.638881 50.613579 45.532973 40.509563 35.642179 31.013361 26.687895 22.712447 19.116180 15.912175 13.099453 10.665372 8.588207 6.839701 5.387468 4.197108 3.233990 2.464651 1.857832 1.385150 1.021488 0.745111 0.537610 0.383688 0.270869 0.189156 0.130667 0.089290 0.060358 0.040363 0.026702 0.017475 0.011314 0.007246 0.004590 0.002875 0.001778 0.001081 0.000639 0.000353 0.000156 0.000000 
0.000000 0.000106 0.000241 0.000439 0.000749 0.001244 0.002033 0.003280 0.005232 0.008257 0.012889 0.019904 0.030410 0.045963 0.068726 0.101656 0.148747 0.215307 0.308287 0.436647 0.611756 0.847796 1.162157 1.575763 2.113315 2.803357 3.678138 4.773176 6.126483 7.777396 9.764983 12.126020 14.892583 18.089328 21.730582 25.817423 30.334956 35.250017 40.509563 46.039973 51.747463 57.519756 63.229054 68.736267 73.896352 78.564485 82.602731 85.886780 88.312292 89.800407 90.302005 89.800407 88.312292 85.886780 82.602731 78.564485 73.896352 68.736267 63.229054 57.519756 51.747463 46.039973 40.509563 35.250017 30.334956 25.817423 21.730582 18.089328 14.892583 12.126020 9.764983 7.777396 6.126483 4.773176 3.678138 2.803357 2.113315 1.575763 1.162157 0.847796 0.611756 0.436647 0.308287 0.215307 0.148747 0.101656 0.068726 0.045963 0.030410 0.019904 0.012888 0.008255 0.005230 0.003276 0.002026 0.001232 0.000728 0.000403 0.000178 0.000000 
0.000000 0.000120 0.000271 0.000495 0.000845 0.001402 0.002291 0.003696 0.005895 0.009301 0.014517 0.022417 0.034245 0.051754 0.077376 0.114440 0.167436 0.242336 0.346955 0.491370 0.688365 0.953884 1.307475 1.772659 2.377198 3.153174 4.136823 5.368055 6.889578 8.745583 10.979950 13.633983 16.743697 20.336762 24.429245 29.022321 34.099219 39.622645 45.532973 51.747463 58.160734 64.646634 71.061584 77.249329 83.046933 88.291715 92.828735 96.518363 99.243401 100.915273 101.478808 100.915273 99.243401 96.518363 92.828735 88.291715 83.046933 77.249329 71.061584 64.646634 58.160734 51.747463 45.532973 39.622645 34.099219 29.022321 24.429245 20.336762 16.743697 13.633983 10.979950 8.745583 6.889578 5.368055 4.136823 3.153174 2.377198 1.772659 1.307475 0.953884 0.688365 0.491370 0.346955 0.242336 0.167436 0.114440 0.077376 0.051754 0.034245 0.022417 0.014517 0.009300 0.005893 0.003691 0.002283 0.001389 0.000821 0.000454 0.000201 0.000000 
0.000000 0.000133 0.000302 0.000551 0.000941 0.001563 0.002552 0.004117 0.006566 0.010359 0.016168 0.024963 0.038130 0.057620 0.086138 0.127388 0.186364 0.269707 0.386110 0.546779 0.765927 1.061283 1.454576 1.971957 2.644282 3.507207 4.601006 5.970026 7.661722 9.725192 12.209183 15.159571 18.616350 22.610239 27.159056 32.264072 37.906615 44.045212 50.613579 57.519756 64.646634 71.854034 78.982423 85.858195 92.300328 98.128088 103.169351 107.268999 110.296842 112.154481 112.780631 112.154481 110.296842 107.268999 103.169351 98.128088 92.300328 85.858195 78.982423 71.854034 64.646634 57.519756 50.613579 44.045212 37.906615 32.264072 27.159056 22.610239 18.616350 15.159571 12.209183 9.725192 7.661722 5.970026 4.601006 3.507207 2.644282 1.971957 1.454576 1.061283 0.765927 0.546779 0.386110 0.269707 0.186364 0.127388 0.086138 0.057620 0.038130 0.024962 0.016167 0.010358 0.006564 0.004112 0.002544 0.001548 0.000915 0.000506 0.000224 0.000000 
0.000000 0.000147 0.000333 0.000608 0.001037 0.001722 0.002812 0.004535 0.007232 0.011408 0.017803 0.027485 0.041980 0.063431 0.094818 0.140212 0.205109 0.296812 0.424881 0.601640 0.842716 1.167603 1.600191 2.169228 2.908631 3.857594 5.060380 6.565727 8.425783 10.694494 13.425421 16.668957 20.469031 24.859372 29.859526 35.470857 41.672809 48.419773 55.638881 63.229054 71.061584 78.982423 86.816266 94.372350 101.451773 107.855956 113.395785 117.900834 121.228066 123.269377 123.957436 123.269377 121.228066 117.900834 113.395785 107.855956 101.451773 94.372350 86.816266 78.982423 71.061584 63.229054 55.638881 48.419773 41.672809 35.470857 29.859526 24.859372 20.469031 16.668957 13.425421 10.694494 8.425783 6.565727 5.060380 3.857594 2.908631 2.169228 1.600191 1.167603 0.842716 0.601640 0.424881 0.296812 0.205109 0.140212 0.094818 0.063431 0.041979 0.027485 0.017802 0.011407 0.007229 0.004530 0.002802 0.001705 0.001008 0.000557 0.000247 0.000000 
