0.000000 0.000000 0.000000 0.000000 0.000000 0.000000 0.000000 0.000000 0.000000 0.000000 0.000000 0.000000 0.000000 0.000000 0.000000 0.000000 0.000000 0.000000 0.000000 0.000000 0.000000 0.000000 0.000000 0.000000 0.000000 0.000000 0.000000 0.000000 0.000000 0.000000 0.000000 0.000000 0.000000 0.000000 0.000000 0.000000 0.000000 0.000000 0.000000 0.000000 0.000000 0.000000 0.000000 0.000000 0.000000 0.000000 0.000000 0.000000 0.000000 0.000000 0.000000 0.000000 0.000000 0.000000 0.000000 0.000000 0.000000 0.000000 0.000000 0.000000 0.000000 0.000000 0.000000 0.000000 0.000000 0.000000 0.000000 0.000000 0.000000 0.000000 0.000000 0.000000 0.000000 0.000000 0.000000 0.000000 0.000000 0.000000 0.000000 0.000000 0.000000 0.000000 0.000000 0.000000 0.000000 0.000000 0.000000 0.000000 0.000000 0.000000 0.000000 0.000000 0.000000 0.000000 0.000000 0.000000 0.000000 0.000000 0.000000 0.000000 
0.000000 0.000000 0.000000 0.000000 0.000000 0.000000 0.000000 0.000000 0.000000 0.000000 0.000000 0.000000 0.000000 0.000000 0.000000 0.000000 0.000000 0.000000 0.000000 0.000000 0.000000 0.000000 0.000000 0.000000 0.000000 0.000000 0.000000 0.000000 0.000000 0.000000 0.000000 0.000000 0.000000 0.000000 0.000000 0.000000 0.000000 0.000000 0.000000 0.000000 0.000000 0.000000 0.000000 0.000000 0.000000 0.000000 0.000000 0.000000 0.000000 0.000000 0.000000 0.000000 0.000000 0.000000 0.000000 0.000000 0.000000 0.000000 0.000000 0.000000 0.000000 0.000000 0.000000 0.000000 0.000000 0.000000 0.000000 0.000000 0.000000 0.000000 0.000000 0.000000 0.000000 0.000000 0.000000 0.000000 0.000000 0.000000 0.000000 0.000000 0.000000 0.000000 0.000000 0.000000 0.000000 0.000000 0.000000 0.000000 0.000000 0.000000 0.000000 0.000000 0.000000 0.000000 0.000000 0.000000 0.000000 0.000000 0.000000 0.000000 
0.000000 0.000000 0.000000 0.000000 0.000000 0.000000 0.000000 0.000000 0.000000 0.000000 0.000000 0.000000 0.000000 0.000000 0.000000 0.000000 0.000000 0.000000 0.000000 0.000000 0.000000 0.000000 0.000000 0.000000 0.000000 0.000000 0.000000 0.000000 0.000000 0.000000 0.000000 0.000000 0.000000 0.000000 0.000000 0.000000 0.000000 0.000000 0.000000 0.000000 0.000000 0.000000 0.000000 0.000000 0.000000 0.000000 0.000000 0.000000 0.000000 0.000000 0.000000 0.000000 0.000000 0.000000 0.000000 0.000000 0.000000 0.000000 0.000000 0.000000 0.000000 0.000000 0.000000 0.000000 0.000000 0.000000 0.000000 0.000000 0.000000 0.000000 0.000000 0.000000 0.000000 0.000000 0.000000 0.000000 0.000000 0.000000 0.000000 0.000000 0.000000 0.000000 0.000000 0.000000 0.000000 0.000000 0.000000 0.000000 0.000000 0.000000 0.000000 0.000000 0.000000 0.000000 0.000000 0.000000 0.000000 0.000000 0.000000 0.000000 
0.000000 0.000000 0.000000 0.000000 0.000000 0.000000 0.000000 0.000000 0.000000 0.000000 0.000000 0.000000 0.000000 0.000000 0.000000 0.000000 0.000000 0.000000 0.000000 0.000000 0.000000 0.000000 0.000000 0.000000 0.000000 0.000000 0.000000 0.000000 0.000000 0.000000 0.000000 0.000000 0.000000 0.000000 0.000000 0.000000 0.000000 0.000000 0.000000 0.000000 0.000000 0.000000 0.000000 0.000000 0.000000 0.000000 0.000001 0.000001 0.000001 0.000001 0.000001 0.000001 0.000001 0.000001 0.000001 0.000000 0.000000 0.000000 0.000000 0.000000 0.000000 0.000000 0.000000 0.000000 0.000000 0.000000 0.000000 0.000000 0.000000 0.000000 0.000000 0.000000 0.000000 0.000000 0.000000 0.000000 0.000000 0.000000 0.000000 0.000000 0.000000 0.000000 0.000000 0.000000 0.000000 0.000000 0.000000 0.000000 0.000000 0.000000 0.000000 0.000000 0.000000 0.000000 0.000000 0.000000 0.000000 0.000000 0.000000 0.000000 
0.000000 0.000000 0.000000 0.000000 0.000000 0.000000 0.000000 0.000000 0.000000 0.000000 0.000000 0.000000 0.000000 0.000000 0.000000 0.000000 0.000000 0.000000 0.000000 0.000000 0.000000 0.000000 0.000000 0.000000 0.000000 0.000000 0.000000 0.000000 0.000000 0.000000 0.000000 0.000000 0.000000 0.000000 0.000000 0.000000 0.000000 0.000000 0.000000 0.000000 0.000001 0.000001 0.000001 0.000001 0.000001 0.000001 0.000001 0.000001 0.000001 0.000001 0.000001 0.000001 0.000001 0.000001 0.000001 0.000001 0.000001 0.000001 0.000001 0.000001 0.000001 0.000000 0.000000 0.000000 0.000000 0.000000 0.000000 0.000000 0.000000 0.000000 0.000000 0.000000 0.000000 0.000000 0.000000 0.000000 0.000000 0.000000 0.000000 0.000000 0.000000 0.000000 0.000000 0.000000 0.000000 0.000000 0.000000 0.000000 0.000000 0.000000 0.000000 0.000000 0.000000 0.000000 0.000000 0.000000 0.000000 0.000000 0.000000 0.000000 
0.000000 0.000000 0.000000 0.000000 0.000000 0.000000 0.000000 0.000000 0.000000 0.000000 0.000000 0.000000 0.000000 0.000000 0.000000 0.000000 0.000000 0.000000 0.000000 0.000000 0.000000 0.000000 0.000000 0.000000 0.000000 0.000000 0.000000 0.000000 0.000000 0.000000 0.000000 0.000000 0.000000 0.000000 0.000000 0.000000 0.000000 0.000001 0.000001 0.000001 0.000001 0.000001 0.000002 0.000002 0.000002 0.000003 0.000003 0.000003 0.000003 0.000003 0.000003 0.000003 0.000003 0.000003 0.000003 0.000003 0.000002 0.000002 0.000002 0.000001 0.000001 0.000001 0.000001 0.000001 0.000000 0.000000 0.000000 0.000000 0.000000 0.000000 0.000000 0.000000 0.000000 0.000000 0.000000 0.000000 0.000000 0.000000 0.000000 0.000000 0.000000 0.000000 0.000000 0.000000 0.000000 0.000000 0.000000 0.000000 0.000000 0.000000 0.000000 0.000000 0.000000 0.000000 0.000000 0.000000 0.000000 0.000000 0.000000 0.000000 
0.000000 0.000000 0.000000 0.000000 0.000000 0.000000 0.000000 0.000000 0.000000 0.000000 0.000000 0.000000 0.000000 0.000000 0.000000 0.000000 0.000000 0.000000 0.000000 0.000000 0.000000 0.000000 0.000000 0.000000 0.000000 0.000000 0.000000 0.000000 0.000000 0.000000 0.000000 0.000000 0.000000 0.000000 0.000001 0.000001 0.000001 0.000001 0.000002 0.000002 0.000003 0.000003 0.000004 0.000004 0.000005 0.000006 0.000006 0.000007 0.000007 0.000007 0.000007 0.000007 0.000007 0.000007 0.000006 0.000006 0.000005 0.000004 0.000004 0.000003 0.000003 0.000002 0.000002 0.000001 0.000001 0.000001 0.000001 0.000000 0.000000 0.000000 0.000000 0.000000 0.000000 0.000000 0.000000 0.000000 0.000000 0.000000 0.000000 0.000000 0.000000 0.000000 0.000000 0.000000 0.000000 0.000000 0.000000 0.000000 0.000000 0.000000 0.000000 0.000000 0.000000 0.000000 0.000000 0.000000 0.000000 0.000000 0.000000 0.000000 
0.000000 0.000000 0.000000 0.000000 0.000000 0.000000 0.000000 0.000000 0.000000 0.000000 0.000000 0.000000 0.000000 0.000000 0.000000 0.000000 0.000000 0.000000 0.000000 0.000000 0.000000 0.000000 0.000000 0.000000 0.000000 0.000000 0.000000 0.000000 0.000000 0.000000 0.000000 0.000000 0.000001 0.000001 0.000001 0.000002 0.000002 0.000003 0.000004 0.000005 0.000006 0.000007 0.000008 0.000010 0.000011 0.000012 0.000013 0.000014 0.000015 0.000015 0.000015 0.000015 0.000015 0.000014 0.000013 0.000012 0.000011 0.000010 0.000008 0.000007 0.000006 0.000005 0.000004 0.000003 0.000002 0.000002 0.000001 0.000001 0.000001 0.000000 0.000000 0.000000 0.000000 0.000000 0.000000 0.000000 0.000000 0.000000 0.000000 0.000000 0.000000 0.000000 0.000000 0.000000 0.000000 0.000000 0.000000 0.000000 0.000000 0.000000 0.000000 0.000000 0.000000 0.000000 0.000000 0.000000 0.000000 0.000000 0.000000 0.000000 
0.000000 0.000000 0.000000 0.000000 0.000000 0.000000 0.000000 0.000000 0.000000 0.000000 0.000000 0.000000 0.000000 0.000000 0.000000 0.000000 0.000000 0.000000 0.000000 0.000000 0.000000 0.000000 0.000000 0.000000 0.000000 0.000000 0.000000 0.000000 0.000000 0.000000 0.000001 0.000001 0.000001 0.000002 0.000003 0.000004 0.000005 0.000006 0.000008 0.000010 0.000012 0.000015 0.000018 0.000020 0.000023 0.000026 0.000028 0.000030 0.000032 0.000033 0.000033 0.000033 0.000032 0.000030 0.000028 0.000026 0.000023 0.000020 0.000018 0.000015 0.000012 0.000010 0.000008 0.000006 0.000005 0.000004 0.000003 0.000002 0.000001 0.000001 0.000001 0.000000 0.000000 0.000000 0.000000 0.000000 0.000000 0.000000 0.000000 0.000000 0.000000 0.000000 0.000000 0.000000 0.000000 0.000000 0.000000 0.000000 0.000000 0.000000 0.000000 0.000000 0.000000 0.000000 0.000000 0.000000 0.000000 0.000000 0.000000 0.000000 
0.000000 0.000000 0.000000 0.000000 0.000000 0.000000 0.000000 0.000000 0.000000 0.000000 0.000000 0.000000 0.000000 0.000000 0.000000 0.000000 0.000000 0.000000 0.000000 0.000000 0.000000 0.000000 0.000000 0.000000 0.000000 0.000000 0.000000 0.000000 0.000001 0.000001 0.000001 0.000002 0.000003 0.000004 0.000006 0.000008 0.000010 0.000013 0.000017 0.000021 0.000026 0.000031 0.000037 0.000043 0.000049 0.000054 0.000059 0.000063 0.000067 0.000069 0.000069 0.000069 0.000067 0.000063 0.000059 0.000054 0.000049 0.000043 0.000037 0.000031 0.000026 0.000021 0.000017 0.000013 0.000010 0.000008 0.000006 0.000004 0.000003 0.000002 0.000001 0.000001 0.000001 0.000000 0.000000 0.000000 0.000000 0.000000 0.000000 0.000000 0.000000 0.000000 0.000000 0.000000 0.000000 0.000000 0.000000 0.000000 0.000000 0.000000 0.000000 0.000000 0.000000 0.000000 0.000000 0.000000 0.000000 0.000000 0.000000 0.000000 
0.000000 0.000000 0.000000 0.000000 0.000000 0.000000 0.000000 0.000000 0.000000 0.000000 0.000000 0.000000 0.000000 0.000000 0.000000 0.000000 0.000000 0.000000 0.000000 0.000000 0.000000 0.000000 0.000000 0.000000 0.000000 0.000000 0.000001 0.000001 0.000001 0.000002 0.000003 0.000004 0.000006 0.000009 0.000012 0.000016 0.000021 0.000028 0.000035 0.000044 0.000054 0.000065 0.000077 0.000089 0.000101 0.000112 0.000122 0.000131 0.000137 0.000141 0.000143 0.000141 0.000137 0.000131 0.000122 0.000112 0.000101 0.000089 0.000077 0.000065 0.000054 0.000044 0.000035 0.000028 0.000021 0.000016 0.000012 0.000009 0.000006 0.000004 0.000003 0.000002 0.000001 0.000001 0.000001 0.000000 0.000000 0.000000 0.000000 0.000000 0.000000 0.000000 0.000000 0.000000 0.000000 0.000000 0.000000 0.000000 0.000000 0.000000 0.000000 0.000000 0.000000 0.000000 0.000000 0.000000 0.000000 0.000000 0.000000 0.000000 
0.000000 0.000000 0.000000 0.000000 0.000000 0.000000 0.000000 0.000000 0.000000 0.000000 0.000000 0.000000 0.000000 0.000000 0.000000 0.000000 0.000000 0.000000 0.000000 0.000000 0.000000 0.000000 0.000000 0.000000 0.000000 0.000001 0.000001 0.000002 0.000003 0.000004 0.000006 0.000009 0.000013 0.000018 0.000024 0.000033 0.000043 0.000056 0.000072 0.000090 0.000110 0.000132 0.000156 0.000180 0.000204 0.000227 0.000248 0.000265 0.000279 0.000287 0.000290 0.000287 0.000279 0.000265 0.000248 0.000227 0.000204 0.000180 0.000156 0.000132 0.000110 0.000090 0.000072 0.000056 0.000043 0.000033 0.000024 0.000018 0.000013 0.000009 0.000006 0.000004 0.000003 0.000002 0.000001 0.000001 0.000000 0.000000 0.000000 0.000000 0.000000 0.000000 0.000000 0.000000 0.000000 0.000000 0.000000 0.000000 0.000000 0.000000 0.000000 0.000000 0.000000 0.000000 0.000000 0.000000 0.000000 0.000000 0.000000 0.000000 
0.000000 0.000000 0.000000 0.000000 0.000000 0.000000 0.000000 0.000000 0.000000 0.000000 0.000000 0.000000 0.000000 0.000000 0.000000 0.000000 0.000000 0.000000 0.000000 0.000000 0.000000 0.000000 0.000000 0.000001 0.000001 0.000001 0.000002 0.000004 0.000005 0.000008 0.000012 0.000018 0.000025 0.000035 0.000049 0.000066 0.000087 0.000113 0.000143 0.000179 0.000219 0.000264 0.000311 0.000359 0.000408 0.000453 0.000495 0.000529 0.000556 0.000572 0.000578 0.000572 0.000556 0.000529 0.000495 0.000453 0.000408 0.000359 0.000311 0.000264 0.000219 0.000179 0.000143 0.000113 0.000087 0.000066 0.000049 0.000035 0.000025 0.000018 0.000012 0.000008 0.000005 0.000004 0.000002 0.000001 0.000001 0.000001 0.000000 0.000000 0.000000 0.000000 0.000000 0.000000 0.000000 0.000000 0.000000 0.000000 0.000000 0.000000 0.000000 0.000000 0.000000 0.000000 0.000000 0.000000 0.000000 0.000000 0.000000 0.000000 
0.000000 0.000000 0.000000 0.000000 0.000000 0.000000 0.000000 0.000000 0.000000 0.000000 0.000000 0.000000 0.000000 0.000000 0.000000 0.000000 0.000000 0.000000 0.000000 0.000000 0.000000 0.000000 0.000001 0.000001 0.000002 0.000003 0.000004 0.000007 0.000011 0.000016 0.000024 0.000035 0.000050 0.000070 0.000096 0.000129 0.000171 0.000222 0.000282 0.000352 0.000431 0.000518 0.000610 0.000705 0.000800 0.000889 0.000970 0.001038 0.001090 0.001122 0.001132 0.001122 0.001090 0.001038 0.000970 0.000889 0.000800 0.000705 0.000610 0.000518 0.000431 0.000352 0.000282 0.000222 0.000171 0.000129 0.000096 0.000070 0.000050 0.000035 0.000024 0.000016 0.000011 0.000007 0.000004 0.000003 0.000002 0.000001 0.000001 0.000000 0.000000 0.000000 0.000000 0.000000 0.000000 0.000000 0.000000 0.000000 0.000000 0.000000 0.000000 0.000000 0.000000 0.000000 0.000000 0.000000 0.000000 0.000000 0.000000 0.000000 
0.000000 0.000000 0.000000 0.000000 0.000000 0.000000 0.000000 0.000000 0.000000 0.000000 0.000000 0.000000 0.000000 0.000000 0.000000 0.000000 0.000000 0.000000 0.000000 0.000000 0.000000 0.000001 0.000001 0.000002 0.000003 0.000005 0.000009 0.000014 0.000021 0.000032 0.000047 0.000068 0.000097 0.000136 0.000186 0.000251 0.000331 0.000429 0.000545 0.000680 0.000833 0.001000 0.001178 0.001361 0.001542 0.001715 0.001871 0.002001 0.002100 0.002162 0.002183 0.002162 0.002100 0.002001 0.001871 0.001715 0.001542 0.001361 0.001178 0.001000 0.000833 0.000680 0.000545 0.000429 0.000331 0.000251 0.000186 0.000136 0.000097 0.000068 0.000047 0.000032 0.000021 0.000014 0.000009 0.000005 0.000003 0.000002 0.000001 0.000001 0.000000 0.000000 0.000000 0.000000 0.000000 0.000000 0.000000 0.000000 0.000000 0.000000 0.000000 0.000000 0.000000 0.000000 0.000000 0.000000 0.000000 0.000000 0.000000 0.000000 
0.000000 0.000000 0.000000 0.000000 0.000000 0.000000 0.000000 0.000000 0.000000 0.000000 0.000000 0.000000 0.000000 0.000000 0.000000 0.000000 0.000000 0.000000 0.000000 0.000000 0.000001 0.000001 0.000002 0.000004 0.000006 0.000011 0.000017 0.000026 0.000040 0.000061 0.000090 0.000130 0.000185 0.000259 0.000355 0.000477 0.000630 0.000816 0.001037 0.001293 0.001581 0.001898 0.002235 0.002581 0.002925 0.003251 0.003545 0.003792 0.003979 0.004096 0.004135 0.004096 0.003979 0.003792 0.003545 0.003251 0.002925 0.002581 0.002235 0.001898 0.001581 0.001293 0.001037 0.000816 0.000630 0.000477 0.000355 0.000259 0.000185 0.000130 0.000090 0.000061 0.000040 0.000026 0.000017 0.000011 0.000006 0.000004 0.000002 0.000001 0.000001 0.000000 0.000000 0.000000 0.000000 0.000000 0.000000 0.000000 0.000000 0.000000 0.000000 0.000000 0.000000 0.000000 0.000000 0.000000 0.000000 0.000000 0.000000 0.000000 
0.000000 0.000000 0.000000 0.000000 0.000000 0.000000 0.000000 0.000000 0.000000 0.000000 0.000000 0.000000 0.000000 0.000000 0.000000 0.000000 0.000000 0.000000 0.000000 0.000001 0.000001 0.000003 0.000004 0.000007 0.000012 0.000020 0.000032 0.000049 0.000076 0.000114 0.000168 0.000244 0.000347 0.000485 0.000664 0.000893 0.001178 0.001524 0.001936 0.002413 0.002951 0.003540 0.004167 0.004812 0.005451 0.006058 0.006604 0.007063 0.007411 0.007627 0.007701 0.007627 0.007411 0.007063 0.006604 0.006058 0.005451 0.004812 0.004167 0.003540 0.002951 0.002413 0.001936 0.001524 0.001178 0.000893 0.000664 0.000485 0.000347 0.000244 0.000168 0.000114 0.000076 0.000049 0.000032 0.000020 0.000012 0.000007 0.000004 0.000003 0.000001 0.000001 0.000000 0.000000 0.000000 0.000000 0.000000 0.000000 0.000000 0.000000 0.000000 0.000000 0.000000 0.000000 0.000000 0.000000 0.000000 0.000000 0.000000 0.000000 
0.000000 0.000000 0.000000 0.000000 0.000000 0.000000 0.000000 0.000000 0.000000 0.000000 0.000000 0.000000 0.000000 0.000000 0.000000 0.000000 0.000000 0.000000 0.000001 0.000002 0.000003 0.000005 0.000008 0.000014 0.000023 0.000037 0.000059 0.000091 0.000140 0.000210 0.000311 0.000450 0.000640 0.000892 0.001222 0.001641 0.002164 0.002800 0.003555 0.004429 0.005413 0.006491 0.007638 0.008817 0.009985 0.011094 0.012093 0.012932 0.013567 0.013962 0.014097 0.013962 0.013567 0.012932 0.012093 0.011094 0.009985 0.008817 0.007638 0.006491 0.005413 0.004429 0.003555 0.002800 0.002164 0.001641 0.001222 0.000892 0.000640 0.000450 0.000311 0.000210 0.000140 0.000091 0.000059 0.000037 0.000023 0.000014 0.000008 0.000005 0.000003 0.000002 0.000001 0.000000 0.000000 0.000000 0.000000 0.000000 0.000000 0.000000 0.000000 0.000000 0.000000 0.000000 0.000000 0.000000 0.000000 0.000000 0.000000 0.000000 
0.000000 0.000000 0.000000 0.000000 0.000000 0.000000 0.000000 0.000000 0.000000 0.000000 0.000000 0.000000 0.000000 0.000000 0.000000 0.000000 0.000000 0.000001 0.000002 0.000003 0.000005 0.000009 0.000015 0.000025 0.000042 0.000067 0.000107 0.000166 0.000254 0.000382 0.000563 0.000815 0.001158 0.001615 0.002209 0.002966 0.003909 0.005055 0.006415 0.007987 0.009758 0.011698 0.013759 0.015878 0.017978 0.019970 0.021764 0.023270 0.024410 0.025120 0.025362 0.025120 0.024410 0.023270 0.021764 0.019970 0.017978 0.015878 0.013759 0.011698 0.009758 0.007987 0.006415 0.005055 0.003909 0.002966 0.002209 0.001615 0.001158 0.000815 0.000563 0.000382 0.000254 0.000166 0.000107 0.000067 0.000042 0.000025 0.000015 0.000009 0.000005 0.000003 0.000002 0.000001 0.000000 0.000000 0.000000 0.000000 0.000000 0.000000 0.000000 0.000000 0.000000 0.000000 0.000000 0.000000 0.000000 0.000000 0.000000 0.000000 
0.000000 0.000000 0.000000 0.000000 0.000000 0.000000 0.000000 0.000000 0.000000 0.000000 0.000000 0.000000 0.000000 0.000000 0.000000 0.000000 0.000001 0.000002 0.000003 0.000005 0.000009 0.000016 0.000027 0.000045 0.000074 0.000120 0.000191 0.000297 0.000454 0.000681 0.001004 0.001452 0.002060 0.002871 0.003926 0.005268 0.006938 0.008968 0.011374 0.014156 0.017288 0.020716 0.024359 0.028102 0.031810 0.035328 0.038495 0.041153 0.043164 0.044418 0.044844 0.044418 0.043164 0.041153 0.038495 0.035328 0.031810 0.028102 0.024359 0.020716 0.017288 0.014156 0.011374 0.008968 0.006938 0.005268 0.003926 0.002871 0.002060 0.001452 0.001004 0.000681 0.000454 0.000297 0.000191 0.000120 0.000074 0.000045 0.000027 0.000016 0.000009 0.000005 0.000003 0.000002 0.000001 0.000000 0.000000 0.000000 0.000000 0.000000 0.000000 0.000000 0.000000 0.000000 0.000000 0.000000 0.000000 0.000000 0.000000 0.000000 
0.000000 0.000000 0.000000 0.000000 0.000000 0.000000 0.000000 0.000000 0.000000 0.000000 0.000000 0.000000 0.000000 0.000000 0.000000 0.000001 0.000001 0.000003 0.000005 0.000009 0.000016 0.000028 0.000048 0.000080 0.000131 0.000211 0.000335 0.000521 0.000796 0.001194 0.001757 0.002539 0.003602 0.005015 0.006854 0.009193 0.012101 0.015632 0.019817 0.024654 0.030097 0.036053 0.042378 0.048877 0.055312 0.061417 0.066911 0.071522 0.075010 0.077184 0.077923 0.077184 0.075010 0.071522 0.066911 0.061417 0.055312 0.048877 0.042378 0.036053 0.030097 0.024654 0.019817 0.015632 0.012101 0.009193 0.006854 0.005015 0.003602 0.002539 0.001757 0.001194 0.000796 0.000521 0.000335 0.000211 0.000131 0.000080 0.000048 0.000028 0.000016 0.000009 0.000005 0.000003 0.000001 0.000001 0.000000 0.000000 0.000000 0.000000 0.000000 0.000000 0.000000 0.000000 0.000000 0.000000 0.000000 0.000000 0.000000 0.000000 
0.000000 0.000000 0.000000 0.000000 0.000000 0.000000 0.000000 0.000000 0.000000 0.000000 0.000000 0.000000 0.000000 0.000000 0.000001 0.000001 0.000003 0.000005 0.000009 0.000016 0.000028 0.000048 0.000082 0.000138 0.000226 0.000365 0.000578 0.000898 0.001371 0.002055 0.003022 0.004365 0.006187 0.008609 0.011758 0.015762 0.020737 0.026775 0.033928 0.042190 0.051486 0.061653 0.072447 0.083534 0.094510 0.104920 0.114287 0.122149 0.128094 0.131799 0.133058 0.131799 0.128094 0.122149 0.114287 0.104920 0.094510 0.083534 0.072447 0.061653 0.051486 0.042190 0.033928 0.026775 0.020737 0.015762 0.011758 0.008609 0.006187 0.004365 0.003022 0.002055 0.001371 0.000898 0.000578 0.000365 0.000226 0.000138 0.000082 0.000048 0.000028 0.000016 0.000009 0.000005 0.000003 0.000001 0.000001 0.000000 0.000000 0.000000 0.000000 0.000000 0.000000 0.000000 0.000000 0.000000 0.000000 0.000000 0.000000 0.000000 
0.000000 0.000000 0.000000 0.000000 0.000000 0.000000 0.000000 0.000000 0.000000 0.000000 0.000000 0.000000 0.000000 0.000001 0.000001 0.000002 0.000004 0.000008 0.000015 0.000027 0.000048 0.000082 0.000140 0.000234 0.000384 0.000619 0.000979 0.001521 0.002320 0.003474 0.005107 0.007370 0.010441 0.014519 0.019818 0.026551 0.034914 0.045059 0.057072 0.070942 0.086539 0.103595 0.121695 0.140282 0.158679 0.176122 0.191815 0.204984 0.214942 0.221148 0.223256 0.221148 0.214942 0.204984 0.191815 0.176122 0.158679 0.140282 0.121695 0.103595 0.086539 0.070942 0.057072 0.045059 0.034914 0.026551 0.019818 0.014519 0.010441 0.007370 0.005107 0.003474 0.002320 0.001521 0.000979 0.000619 0.000384 0.000234 0.000140 0.000082 0.000048 0.000027 0.000015 0.000008 0.000004 0.000002 0.000001 0.000001 0.000000 0.000000 0.000000 0.000000 0.000000 0.000000 0.000000 0.000000 0.000000 0.000000 0.000000 0.000000 
0.000000 0.000000 0.000000 0.000000 0.000000 0.000000 0.000000 0.000000 0.000000 0.000000 0.000000 0.000000 0.000001 0.000001 0.000002 0.000004 0.000007 0.000014 0.000025 0.000045 0.000080 0.000138 0.000234 0.000391 0.000641 0.001031 0.001630 0.002530 0.003856 0.005770 0.008477 0.012225 0.017308 0.024054 0.032815 0.043941 0.057752 0.074500 0.094322 0.117199 0.142915 0.171027 0.200850 0.231468 0.261764 0.290485 0.316320 0.337996 0.354385 0.364599 0.368068 0.364599 0.354385 0.337996 0.316320 0.290485 0.261764 0.231468 0.200850 0.171027 0.142915 0.117199 0.094322 0.074500 0.057752 0.043941 0.032815 0.024054 0.017308 0.012225 0.008477 0.005770 0.003856 0.002530 0.001630 0.001031 0.000641 0.000391 0.000234 0.000138 0.000080 0.000045 0.000025 0.000014 0.000007 0.000004 0.000002 0.000001 0.000001 0.000000 0.000000 0.000000 0.000000 0.000000 0.000000 0.000000 0.000000 0.000000 0.000000 0.000000 
0.000000 0.000000 0.000000 0.000000 0.000000 0.000000 0.000000 0.000000 0.000000 0.000000 0.000000 0.000000 0.000001 0.000002 0.000003 0.000006 0.000012 0.000023 0.000042 0.000074 0.000131 0.000226 0.000384 0.000641 0.001049 0.001688 0.002666 0.004134 0.006296 0.009414 0.013821 0.019919 0.028184 0.039148 0.053377 0.071439 0.093849 0.121011 0.153145 0.190217 0.231876 0.277400 0.325681 0.375235 0.424259 0.470724 0.512513 0.547570 0.574074 0.590589 0.596200 0.590589 0.574074 0.547570 0.512513 0.470724 0.424259 0.375235 0.325681 0.277400 0.231876 0.190217 0.153145 0.121011 0.093849 0.071439 0.053377 0.039148 0.028184 0.019919 0.013821 0.009414 0.006296 0.004134 0.002666 0.001688 0.001049 0.000641 0.000384 0.000226 0.000131 0.000074 0.000042 0.000023 0.000012 0.000006 0.000003 0.000002 0.000001 0.000000 0.000000 0.000000 0.000000 0.000000 0.000000 0.000000 0.000000 0.000000 0.000000 0.000000 
0.000000 0.000000 0.000000 0.000000 0.000000 0.000000 0.000000 0.000000 0.000000 0.000000 0.000000 0.000001 0.000001 0.000003 0.000005 0.000011 0.000020 0.000037 0.000067 0.000120 0.000211 0.000365 0.000619 0.001031 0.001688 0.002712 0.004281 0.006634 0.010096 0.015086 0.022133 0.031880 0.045082 0.062584 0.085288 0.114092 0.149814 0.193091 0.244270 0.303291 0.369591 0.442021 0.518814 0.597612 0.675549 0.749405 0.815817 0.871524 0.913636 0.939876 0.948789 0.939876 0.913636 0.871524 0.815817 0.749405 0.675549 0.597612 0.518814 0.442021 0.369591 0.303291 0.244270 0.193091 0.149814 0.114092 0.085288 0.062584 0.045082 0.031880 0.022133 0.015086 0.010096 0.006634 0.004281 0.002712 0.001688 0.001031 0.000619 0.000365 0.000211 0.000120 0.000067 0.000037 0.000020 0.000011 0.000005 0.000003 0.000001 0.000001 0.000000 0.000000 0.000000 0.000000 0.000000 0.000000 0.000000 0.000000 0.000000 0.000000 
0.000000 0.000000 0.000000 0.000000 0.000000 0.000000 0.000000 0.000000 0.000000 0.000000 0.000001 0.000001 0.000002 0.000004 0.000009 0.000017 0.000032 0.000059 0.000107 0.000191 0.000335 0.000578 0.000979 0.001630 0.002666 0.004281 0.006751 0.010456 0.015901 0.023744 0.034813 0.050115 0.070828 0.098274 0.133858 0.178983 0.234918 0.302656 0.382729 0.475040 0.578699 0.691908 0.811904 0.935003 1.056731 1.172065 1.275757 1.362726 1.428462 1.469421 1.483334 1.469421 1.428462 1.362726 1.275757 1.172065 1.056731 0.935003 0.811904 0.691908 0.578699 0.475040 0.382729 0.302656 0.234918 0.178983 0.133858 0.098274 0.070828 0.050115 0.034813 0.023744 0.015901 0.010456 0.006751 0.004281 0.002666 0.001630 0.000979 0.000578 0.000335 0.000191 0.000107 0.000059 0.000032 0.000017 0.000009 0.000004 0.000002 0.000001 0.000001 0.000000 0.000000 0.000000 0.000000 0.000000 0.000000 0.000000 0.000000 0.000000 
0.000000 0.000000 0.000000 0.000000 0.000000 0.000000 0.000000 0.000000 0.000000 0.000000 0.000001 0.000002 0.000004 0.000007 0.000014 0.000026 0.000049 0.000091 0.000166 0.000297 0.000521 0.000898 0.001521 0.002530 0.004134 0.006634 0.010456 0.016182 0.024593 0.036701 0.053779 0.077373 0.109294 0.151568 0.206351 0.275788 0.361825 0.465971 0.589038 0.730864 0.890074 1.063900 1.248101 1.437019 1.623796 1.800730 1.959782 2.093165 2.193977 2.256786 2.278120 2.256786 2.193977 2.093165 1.959782 1.800730 1.623796 1.437019 1.248101 1.063900 0.890074 0.730864 0.589038 0.465971 0.361825 0.275788 0.206351 0.151568 0.109294 0.077373 0.053779 0.036701 0.024593 0.016182 0.010456 0.006634 0.004134 0.002530 0.001521 0.000898 0.000521 0.000297 0.000166 0.000091 0.000049 0.000026 0.000014 0.000007 0.000004 0.000002 0.000001 0.000000 0.000000 0.000000 0.000000 0.000000 0.000000 0.000000 0.000000 0.000000 
0.000000 0.000000 0.000000 0.000000 0.000000 0.000000 0.000000 0.000000 0.000000 0.000001 0.000001 0.000003 0.000005 0.000011 0.000021 0.000040 0.000076 0.000140 0.000254 0.000454 0.000796 0.001371 0.002320 0.003856 0.006296 0.010096 0.015901 0.024593 0.037352 0.055709 0.081586 0.117318 0.165633 0.229586 0.312425 0.417376 0.547362 0.704648 0.890439 1.104480 1.344683 1.606864 1.884622 2.169431 2.450955 2.717599 2.957261 3.158222 3.310097 3.404714 3.436852 3.404714 3.310097 3.158222 2.957261 2.717599 2.450955 2.169431 1.884622 1.606864 1.344683 1.104480 0.890439 0.704648 0.547362 0.417376 0.312425 0.229586 0.165633 0.117318 0.081586 0.055709 0.037352 0.024593 0.015901 0.010096 0.006296 0.003856 0.002320 0.001371 0.000796 0.000454 0.000254 0.000140 0.000076 0.000040 0.000021 0.000011 0.000005 0.000003 0.000001 0.000001 0.000000 0.000000 0.000000 0.000000 0.000000 0.000000 0.000000 0.000000 
0.000000 0.000000 0.000000 0.000000 0.000000 0.000000 0.000000 0.000000 0.000000 0.000001 0.000002 0.000004 0.000008 0.000016 0.000032 0.000061 0.000114 0.000210 0.000382 0.000681 0.001194 0.002055 0.003474 0.005770 0.009414 0.015086 0.023744 0.036701 0.055709 0.083041 0.121548 0.174690 0.246511 0.341534 0.464562 0.620363 0.813251 1.046563 1.322064 1.639352 1.995318 2.383750 2.795160 3.216925 3.633747 4.028474 4.383209 4.680631 4.905386 5.045401 5.092957 5.045401 4.905386 4.680631 4.383209 4.028474 3.633747 3.216925 2.795160 2.383750 1.995318 1.639352 1.322064 1.046563 0.813251 0.620363 0.464562 0.341534 0.246511 0.174690 0.121548 0.083041 0.055709 0.036701 0.023744 0.015086 0.009414 0.005770 0.003474 0.002055 0.001194 0.000681 0.000382 0.000210 0.000114 0.000061 0.000032 0.000016 0.000008 0.000004 0.000002 0.000001 0.000000 0.000000 0.000000 0.000000 0.000000 0.000000 0.000000 0.000000 
0.000000 0.000000 0.000000 0.000000 0.000000 0.000000 0.000000 0.000000 0.000001 0.000001 0.000003 0.000006 0.000012 0.000024 0.000047 0.000090 0.000168 0.000311 0.000563 0.001004 0.001757 0.003022 0.005107 0.008477 0.013821 0.022133 0.034813 0.053779 0.081586 0.121548 0.177817 0.255435 0.360285 0.498943 0.678387 0.905542 1.186662 1.526575 1.927820 2.389785 2.907918 3.473161 4.071707 4.685190 5.291376 5.865340 6.381087 6.813463 7.140174 7.343693 7.412817 7.343693 7.140174 6.813463 6.381087 5.865340 5.291376 4.685190 4.071707 3.473161 2.907918 2.389785 1.927820 1.526575 1.186662 0.905542 0.678387 0.498943 0.360285 0.255435 0.177817 0.121548 0.081586 0.053779 0.034813 0.022133 0.013821 0.008477 0.005107 0.003022 0.001757 0.001004 0.000563 0.000311 0.000168 0.000090 0.000047 0.000024 0.000012 0.000006 0.000003 0.000001 0.000001 0.000000 0.000000 0.000000 0.000000 0.000000 0.000000 0.000000 
0.000000 0.000000 0.000000 0.000000 0.000000 0.000000 0.000000 0.000000 0.000001 0.000002 0.000004 0.000009 0.000018 0.000035 0.000068 0.000130 0.000244 0.000450 0.000815 0.001452 0.002539 0.004365 0.007370 0.012225 0.019919 0.031880 0.050115 0.077373 0.117318 0.174690 0.255435 0.366761 0.517075 0.715773 0.972810 1.298063 1.700442 2.186805 2.760747 3.421348 4.162072 4.969947 5.825233 6.701693 7.567579 8.387319 9.123824 9.741211 10.207686 10.498254 10.596941 10.498254 10.207686 9.741211 9.123824 8.387319 7.567579 6.701693 5.825233 4.969947 4.162072 3.421348 2.760747 2.186805 1.700442 1.298063 0.972810 0.715773 0.517075 0.366761 0.255435 0.174690 0.117318 0.077373 0.050115 0.031880 0.019919 0.012225 0.007370 0.004365 0.002539 0.001452 0.000815 0.000450 0.000244 0.000130 0.000068 0.000035 0.000018 0.000009 0.000004 0.000002 0.000001 0.000000 0.000000 0.000000 0.000000 0.000000 0.000000 0.000000 
0.000000 0.000000 0.000000 0.000000 0.000000 0.000000 0.000000 0.000001 0.000001 0.000003 0.000006 0.000013 0.000025 0.000050 0.000097 0.000185 0.000347 0.000640 0.001158 0.002060 0.003602 0.006187 0.010441 0.017308 0.028184 0.045082 0.070828 0.109294 0.165633 0.246511 0.360285 0.517075 0.728686 1.008294 1.369857 1.827208 2.392813 3.076252 3.882513 4.810255 5.850257 6.984280 8.184603 9.414414 10.629192 11.779071 12.812073 13.677923 14.332082 14.739539 14.877923 14.739539 14.332082 13.677923 12.812073 11.779071 10.629192 9.414414 8.184603 6.984280 5.850257 4.810255 3.882513 3.076252 2.392813 1.827208 1.369857 1.008294 0.728686 0.517075 0.360285 0.246511 0.165633 0.109294 0.070828 0.045082 0.028184 0.017308 0.010441 0.006187 0.003602 0.002060 0.001158 0.000640 0.000347 0.000185 0.000097 0.000050 0.000025 0.000013 0.000006 0.000003 0.000001 0.000001 0.000000 0.000000 0.000000 0.000000 0.000000 0.000000 
0.000000 0.000000 0.000000 0.000000 0.000000 0.000000 0.000000 0.000001 0.000002 0.000004 0.000009 0.000018 0.000035 0.000070 0.000136 0.000259 0.000485 0.000892 0.001615 0.002871 0.005015 0.008609 0.014519 0.024054 0.039148 0.062584 0.098274 0.151568 0.229586 0.341534 0.498943 0.715773 1.008294 1.394660 1.894089 2.525610 3.306355 4.249467 5.361752 6.641293 8.075316 9.638640 11.293036 12.987780 14.661549 16.245689 17.668656 18.861266 19.762236 20.323401 20.513984 20.323401 19.762236 18.861266 17.668656 16.245689 14.661549 12.987780 11.293036 9.638640 8.075316 6.641293 5.361752 4.249467 3.306355 2.525610 1.894089 1.394660 1.008294 0.715773 0.498943 0.341534 0.229586 0.151568 0.098274 0.062584 0.039148 0.024054 0.014519 0.008609 0.005015 0.002871 0.001615 0.000892 0.000485 0.000259 0.000136 0.000070 0.000035 0.000018 0.000009 0.000004 0.000002 0.000001 0.000000 0.000000 0.000000 0.000000 0.000000 0.000000 
0.000000 0.000000 0.000000 0.000000 0.000000 0.000000 0.000001 0.000001 0.000003 0.000006 0.000012 0.000024 0.000049 0.000096 0.000186 0.000355 0.000664 0.001222 0.002209 0.003926 0.006854 0.011758 0.019818 0.032815 0.053377 0.085288 0.133858 0.206351 0.312425 0.464562 0.678387 0.972810 1.369857 1.894089 2.571492 3.427776 4.486068 5.764079 7.270933 9.003944 10.945746 13.062196 15.301526 17.595087 19.859935 22.003236 23.928275 25.541545 26.760232 27.519253 27.777027 27.519253 26.760232 25.541545 23.928275 22.003236 19.859935 17.595087 15.301526 13.062196 10.945746 9.003944 7.270933 5.764079 4.486068 3.427776 2.571492 1.894089 1.369857 0.972810 0.678387 0.464562 0.312425 0.206351 0.133858 0.085288 0.053377 0.032815 0.019818 0.011758 0.006854 0.003926 0.002209 0.001222 0.000664 0.000355 0.000186 0.000096 0.000049 0.000024 0.000012 0.000006 0.000003 0.000001 0.000001 0.000000 0.000000 0.000000 0.000000 0.000000 
0.000000 0.000000 0.000000 0.000000 0.000000 0.000000 0.000001 0.000002 0.000004 0.000008 0.000016 0.000033 0.000066 0.000129 0.000251 0.000477 0.000893 0.001641 0.002966 0.005268 0.009193 0.015762 0.026551 0.043941 0.071439 0.114092 0.178983 0.275788 0.417376 0.620363 0.905542 1.298063 1.827208 2.525610 3.427776 4.567824 5.976416 7.676993 9.681572 11.986476 14.568519 17.382248 20.358818 23.407001 26.416613 29.264377 31.821890 33.965035 35.583903 36.592125 36.934524 36.592125 35.583903 33.965035 31.821890 29.264377 26.416613 23.407001 20.358818 17.382248 14.568519 11.986476 9.681572 7.676993 5.976416 4.567824 3.427776 2.525610 1.827208 1.298063 0.905542 0.620363 0.417376 0.275788 0.178983 0.114092 0.071439 0.043941 0.026551 0.015762 0.009193 0.005268 0.002966 0.001641 0.000893 0.000477 0.000251 0.000129 0.000066 0.000033 0.000016 0.000008 0.000004 0.000002 0.000001 0.000000 0.000000 0.000000 0.000000 0.000000 
0.000000 0.000000 0.000000 0.000000 0.000000 0.000000 0.000001 0.000002 0.000005 0.000010 0.000021 0.000043 0.000087 0.000171 0.000331 0.000630 0.001178 0.002164 0.003909 0.006938 0.012101 0.020737 0.034914 0.057752 0.093849 0.149814 0.234918 0.361825 0.547362 0.813251 1.186662 1.700442 2.392813 3.306355 4.486068 5.976416 7.817320 10.039260 12.657787 15.667962 19.039403 22.712695 26.597939 30.576076 34.503374 38.219067 41.555744 44.351609 46.463405 47.778573 48.225205 47.778573 46.463405 44.351609 41.555744 38.219067 34.503374 30.576076 26.597939 22.712695 19.039403 15.667962 12.657787 10.039260 7.817320 5.976416 4.486068 3.306355 2.392813 1.700442 1.186662 0.813251 0.547362 0.361825 0.234918 0.149814 0.093849 0.057752 0.034914 0.020737 0.012101 0.006938 0.003909 0.002164 0.001178 0.000630 0.000331 0.000171 0.000087 0.000043 0.000021 0.000010 0.000005 0.000002 0.000001 0.000000 0.000000 0.000000 0.000000 0.000000 
0.000000 0.000000 0.000000 0.000000 0.000000 0.000001 0.000001 0.000003 0.000006 0.000013 0.000028 0.000056 0.000113 0.000222 0.000429 0.000816 0.001524 0.002800 0.005055 0.008968 0.015632 0.026775 0.045059 0.074500 0.121011 0.193091 0.302656 0.465971 0.704648 1.046563 1.526575 2.186805 3.076252 4.249467 5.764079 7.676993 10.039260 12.889803 16.248391 20.108533 24.431145 29.139969 34.119735 39.217873 44.250259 49.011012 53.285785 56.867455 59.572654 61.257320 61.829423 61.257320 59.572654 56.867455 53.285785 49.011012 44.250259 39.217873 34.119735 29.139969 24.431145 20.108533 16.248391 12.889803 10.039260 7.676993 5.764079 4.249467 3.076252 2.186805 1.526575 1.046563 0.704648 0.465971 0.302656 0.193091 0.121011 0.074500 0.045059 0.026775 0.015632 0.008968 0.005055 0.002800 0.001524 0.000816 0.000429 0.000222 0.000113 0.000056 0.000028 0.000013 0.000006 0.000003 0.000001 0.000001 0.000000 0.000000 0.000000 0.000000 
0.000000 0.000000 0.000000 0.000000 0.000000 0.000001 0.000002 0.000004 0.000008 0.000017 0.000035 0.000072 0.000143 0.000282 0.000545 0.001037 0.001936 0.003555 0.006415 0.011374 0.019817 0.033928 0.057072 0.094322 0.153145 0.244270 0.382729 0.589038 0.890439 1.322064 1.927820 2.760747 3.882513 5.361752 7.270933 9.681572 12.657787 16.248391 20.478078 25.338490 30.780270 36.707325 42.974532 49.389906 55.721843 61.711435 67.089183 71.594709 74.997528 77.116569 77.836173 77.116569 74.997528 71.594709 67.089183 61.711435 55.721843 49.389906 42.974532 36.707325 30.780270 25.338490 20.478078 16.248391 12.657787 9.681572 7.270933 5.361752 3.882513 2.760747 1.927820 1.322064 0.890439 0.589038 0.382729 0.244270 0.153145 0.094322 0.057072 0.033928 0.019817 0.011374 0.006415 0.003555 0.001936 0.001037 0.000545 0.000282 0.000143 0.000072 0.000035 0.000017 0.000008 0.000004 0.000002 0.000001 0.000000 0.000000 0.000000 0.000000 
0.000000 0.000000 0.000000 0.000000 0.000000 0.000001 0.000002 0.000005 0.000010 0.000021 0.000044 0.000090 0.000179 0.000352 0.000680 0.001293 0.002413 0.004429 0.007987 0.014156 0.024654 0.042190 0.070942 0.117199 0.190217 0.303291 0.475040 0.730864 1.104480 1.639352 2.389785 3.421348 4.810255 6.641293 9.003944 11.986476 15.667962 20.108533 25.338490 31.347288 38.073748 45.398985 53.143607 61.070406 68.893317 76.292627 82.935607 88.500834 92.703812 95.321062 96.209839 95.321062 92.703812 88.500834 82.935607 76.292627 68.893317 61.070406 53.143607 45.398985 38.073748 31.347288 25.338490 20.108533 15.667962 11.986476 9.003944 6.641293 4.810255 3.421348 2.389785 1.639352 1.104480 0.730864 0.475040 0.303291 0.190217 0.117199 0.070942 0.042190 0.024654 0.014156 0.007987 0.004429 0.002413 0.001293 0.000680 0.000352 0.000179 0.000090 0.000044 0.000021 0.000010 0.000005 0.000002 0.000001 0.000000 0.000000 0.000000 0.000000 
0.000000 0.000000 0.000000 0.000000 0.000001 0.000001 0.000003 0.000006 0.000012 0.000026 0.000054 0.000110 0.000219 0.000431 0.000833 0.001581 0.002951 0.005413 0.009758 0.017288 0.030097 0.051486 0.086539 0.142915 0.231876 0.369591 0.578699 0.890074 1.344683 1.995318 2.907918 4.162072 5.850257 8.075316 10.945746 14.568519 19.039403 24.431145 30.780270 38.073748 46.237137 55.126042 64.522735 74.139450 83.629249 92.604474 100.661750 107.411461 112.508784 115.682871 116.760727 115.682871 112.508784 107.411461 100.661750 92.604474 83.629249 74.139450 64.522735 55.126042 46.237137 38.073748 30.780270 24.431145 19.039403 14.568519 10.945746 8.075316 5.850257 4.162072 2.907918 1.995318 1.344683 0.890074 0.578699 0.369591 0.231876 0.142915 0.086539 0.051486 0.030097 0.017288 0.009758 0.005413 0.002951 0.001581 0.000833 0.000431 0.000219 0.000110 0.000054 0.000026 0.000012 0.000006 0.000003 0.000001 0.000001 0.000000 0.000000 0.000000 
0.000000 0.000000 0.000000 0.000000 0.000001 0.000001 0.000003 0.000007 0.000015 0.000031 0.000065 0.000132 0.000264 0.000518 0.001000 0.001898 0.003540 0.006491 0.011698 0.020716 0.036053 0.061653 0.103595 0.171027 0.277400 0.442021 0.691908 1.063900 1.606864 2.383750 3.473161 4.969947 6.984280 9.638640 13.062196 17.382248 22.712695 29.139969 36.707325 45.398985 55.126042 65.716317 76.910367 88.365425 99.668357 110.357631 119.953075 127.990947 134.060860 137.840484 139.123953 137.840484 134.060860 127.990947 119.953075 110.357631 99.668357 88.365425 76.910367 65.716317 55.126042 45.398985 36.707325 29.139969 22.712695 17.382248 13.062196 9.638640 6.984280 4.969947 3.473161 2.383750 1.606864 1.063900 0.691908 0.442021 0.277400 0.171027 0.103595 0.061653 0.036053 0.020716 0.011698 0.006491 0.003540 0.001898 0.001000 0.000518 0.000264 0.000132 0.000065 0.000031 0.000015 0.000007 0.000003 0.000001 0.000001 0.000000 0.000000 0.000000 
0.000000 0.000000 0.000000 0.000000 0.000001 0.000002 0.000004 0.000008 0.000018 0.000037 0.000077 0.000156 0.000311 0.000610 0.001178 0.002235 0.004167 0.007638 0.013759 0.024359 0.042378 0.072447 0.121695 0.200850 0.325681 0.518814 0.811904 1.248101 1.884622 2.795160 4.071707 5.825233 8.184603 11.293036 15.301526 20.358818 26.597939 34.119735 42.974532 53.143607 64.522735 76.910367 90.002981 103.399722 116.617557 129.116966 140.336711 149.734818 156.831703 161.250708 162.751279 161.250708 156.831703 149.734818 140.336711 129.116966 116.617557 103.399722 90.002981 76.910367 64.522735 53.143607 42.974532 34.119735 26.597939 20.358818 15.301526 11.293036 8.184603 5.825233 4.071707 2.795160 1.884622 1.248101 0.811904 0.518814 0.325681 0.200850 0.121695 0.072447 0.042378 0.024359 0.013759 0.007638 0.004167 0.002235 0.001178 0.000610 0.000311 0.000156 0.000077 0.000037 0.000018 0.000008 0.000004 0.000002 0.000001 0.000000 0.000000 0.000000 
