0.000000 0.000000 0.000000 0.000000 0.000000 0.000000 0.000000 0.000000 0.000000 0.000000 0.000000 0.000000 0.000000 0.000000 0.000000 0.000000 0.000000 0.000000 0.000000 0.000000 0.000000 0.000000 0.000000 0.000000 0.000000 0.000000 0.000000 0.000000 0.000000 0.000000 0.000000 0.000000 0.000000 0.000000 0.000000 0.000000 0.000000 0.000000 0.000000 0.000000 0.000000 0.000000 0.000000 0.000000 0.000000 0.000000 0.000000 0.000000 0.000000 0.000000 0.000000 0.000000 0.000000 0.000000 0.000000 0.000000 0.000000 0.000000 0.000000 0.000000 0.000000 0.000000 0.000000 0.000000 0.000000 0.000000 0.000000 0.000000 0.000000 0.000000 0.000000 0.000000 0.000000 0.000000 0.000000 0.000000 0.000000 0.000000 0.000000 0.000000 0.000000 0.000000 0.000000 0.000000 0.000000 0.000000 0.000000 0.000000 0.000000 0.000000 0.000000 0.000000 0.000000 0.000000 0.000000 0.000000 0.000000 0.000000 0.000000 0.000000 
0.000000 0.000000 0.000000 0.000000 0.000000 0.000000 0.000000 0.000000 0.000000 0.000000 0.000000 0.000000 0.000000 0.000000 0.000000 0.000000 0.000000 0.000000 0.000000 0.000000 0.000001 0.000001 0.000001 0.000001 0.000002 0.000003 0.000004 0.000005 0.000006 0.000008 0.000011 0.000013 0.000017 0.000021 0.000025 0.000030 0.000036 0.000042 0.000049 0.000057 0.000064 0.000072 0.000080 0.000087 0.000094 0.000101 0.000106 0.000111 0.000114 0.000117 0.000117 0.000117 0.000114 0.000111 0.000106 0.000101 0.000094 0.000087 0.000080 0.000072 0.000064 0.000057 0.000049 0.000042 0.000036 0.000030 0.000025 0.000021 0.000017 0.000013 0.000011 0.000008 0.000006 0.000005 0.000004 0.000003 0.000002 0.000001 0.000001 0.000001 0.000001 0.000000 0.000000 0.000000 0.000000 0.000000 0.000000 0.000000 0.000000 0.000000 0.000000 0.000000 0.000000 0.000000 0.000000 0.000000 0.000000 0.000000 0.000000 0.000000 
0.000000 0.000000 0.000000 0.000000 0.000000 0.000000 0.000000 0.000000 0.000000 0.000000 0.000000 0.000000 0.000000 0.000000 0.000000 0.000000 0.000000 0.000000 0.000001 0.000001 0.000001 0.000002 0.000002 0.000003 0.000005 0.000006 0.000008 0.000011 0.000015 0.000019 0.000024 0.000031 0.000038 0.000047 0.000058 0.000070 0.000083 0.000097 0.000113 0.000130 0.000148 0.000165 0.000183 0.000201 0.000217 0.000232 0.000245 0.000255 0.000263 0.000268 0.000270 0.000268 0.000263 0.000255 0.000245 0.000232 0.000217 0.000201 0.000183 0.000165 0.000148 0.000130 0.000113 0.000097 0.000083 0.000070 0.000058 0.000047 0.000038 0.000031 0.000024 0.000019 0.000015 0.000011 0.000008 0.000006 0.000005 0.000003 0.000002 0.000002 0.000001 0.000001 0.000001 0.000000 0.000000 0.000000 0.000000 0.000000 0.000000 0.000000 0.000000 0.000000 0.000000 0.000000 0.000000 0.000000 0.000000 0.000000 0.000000 0.000000 
0.000000 0.000000 0.000000 0.000000 0.000000 0.000000 0.000000 0.000000 0.000000 0.000000 0.000000 0.000000 0.000000 0.000000 0.000000 0.000000 0.000000 0.000001 0.000001 0.000002 0.000002 0.000003 0.000005 0.000006 0.000009 0.000012 0.000016 0.000021 0.000027 0.000035 0.000045 0.000057 0.000071 0.000088 0.000107 0.000129 0.000154 0.000181 0.000210 0.000242 0.000274 0.000307 0.000340 0.000373 0.000403 0.000431 0.000455 0.000474 0.000489 0.000498 0.000501 0.000498 0.000489 0.000474 0.000455 0.000431 0.000403 0.000373 0.000340 0.000307 0.000274 0.000242 0.000210 0.000181 0.000154 0.000129 0.000107 0.000088 0.000071 0.000057 0.000045 0.000035 0.000027 0.000021 0.000016 0.000012 0.000009 0.000006 0.000005 0.000003 0.000002 0.000002 0.000001 0.000001 0.000000 0.000000 0.000000 0.000000 0.000000 0.000000 0.000000 0.000000 0.000000 0.000000 0.000000 0.000000 0.000000 0.000000 0.000000 0.000000 
0.000000 0.000000 0.000000 0.000000 0.000000 0.000000 0.000000 0.000000 0.000000 0.000000 0.000000 0.000000 0.000000 0.000000 0.000000 0.000001 0.000001 0.000001 0.000002 0.000003 0.000004 0.000006 0.000008 0.000011 0.000015 0.000021 0.000028 0.000037 0.000048 0.000062 0.000079 0.000100 0.000125 0.000154 0.000188 0.000226 0.000269 0.000316 0.000367 0.000422 0.000479 0.000536 0.000594 0.000650 0.000703 0.000751 0.000793 0.000827 0.000852 0.000868 0.000873 0.000868 0.000852 0.000827 0.000793 0.000751 0.000703 0.000650 0.000594 0.000536 0.000479 0.000422 0.000367 0.000316 0.000269 0.000226 0.000188 0.000154 0.000125 0.000100 0.000079 0.000062 0.000048 0.000037 0.000028 0.000021 0.000015 0.000011 0.000008 0.000006 0.000004 0.000003 0.000002 0.000001 0.000001 0.000001 0.000000 0.000000 0.000000 0.000000 0.000000 0.000000 0.000000 0.000000 0.000000 0.000000 0.000000 0.000000 0.000000 0.000000 
0.000000 0.000000 0.000000 0.000000 0.000000 0.000000 0.000000 0.000000 0.000000 0.000000 0.000000 0.000000 0.000000 0.000000 0.000001 0.000001 0.000001 0.000002 0.000003 0.000005 0.000007 0.000010 0.000014 0.000019 0.000026 0.000035 0.000047 0.000062 0.000081 0.000105 0.000135 0.000170 0.000212 0.000262 0.000319 0.000384 0.000457 0.000538 0.000625 0.000717 0.000813 0.000912 0.001010 0.001105 0.001194 0.001276 0.001347 0.001405 0.001448 0.001474 0.001483 0.001474 0.001448 0.001405 0.001347 0.001276 0.001194 0.001105 0.001010 0.000912 0.000813 0.000717 0.000625 0.000538 0.000457 0.000384 0.000319 0.000262 0.000212 0.000170 0.000135 0.000105 0.000081 0.000062 0.000047 0.000035 0.000026 0.000019 0.000014 0.000010 0.000007 0.000005 0.000003 0.000002 0.000001 0.000001 0.000001 0.000000 0.000000 0.000000 0.000000 0.000000 0.000000 0.000000 0.000000 0.000000 0.000000 0.000000 0.000000 0.000000 
0.000000 0.000000 0.000000 0.000000 0.000000 0.000000 0.000000 0.000000 0.000000 0.000000 0.000000 0.000000 0.000000 0.000001 0.000001 0.000002 0.000002 0.000004 0.000005 0.000008 0.000011 0.000016 0.000023 0.000032 0.000043 0.000059 0.000079 0.000104 0.000137 0.000177 0.000226 0.000285 0.000356 0.000439 0.000534 0.000643 0.000765 0.000900 0.001045 0.001200 0.001361 0.001525 0.001688 0.001847 0.001997 0.002133 0.002252 0.002348 0.002420 0.002464 0.002479 0.002464 0.002420 0.002348 0.002252 0.002133 0.001997 0.001847 0.001688 0.001525 0.001361 0.001200 0.001045 0.000900 0.000765 0.000643 0.000534 0.000439 0.000356 0.000285 0.000226 0.000177 0.000137 0.000104 0.000079 0.000059 0.000043 0.000032 0.000023 0.000016 0.000011 0.000008 0.000005 0.000004 0.000002 0.000002 0.000001 0.000001 0.000000 0.000000 0.000000 0.000000 0.000000 0.000000 0.000000 0.000000 0.000000 0.000000 0.000000 0.000000 
0.000000 0.000000 0.000000 0.000000 0.000000 0.000000 0.000000 0.000000 0.000000 0.000000 0.000000 0.000000 0.000001 0.000001 0.000002 0.000003 0.000004 0.000006 0.000009 0.000013 0.000019 0.000027 0.000038 0.000053 0.000072 0.000098 0.000131 0.000173 0.000226 0.000292 0.000374 0.000472 0.000588 0.000725 0.000883 0.001063 0.001265 0.001487 0.001727 0.001982 0.002247 0.002518 0.002788 0.003050 0.003297 0.003522 0.003717 0.003877 0.003995 0.004067 0.004091 0.004067 0.003995 0.003877 0.003717 0.003522 0.003297 0.003050 0.002788 0.002518 0.002247 0.001982 0.001727 0.001487 0.001265 0.001063 0.000883 0.000725 0.000588 0.000472 0.000374 0.000292 0.000226 0.000173 0.000131 0.000098 0.000072 0.000053 0.000038 0.000027 0.000019 0.000013 0.000009 0.000006 0.000004 0.000003 0.000002 0.000001 0.000001 0.000000 0.000000 0.000000 0.000000 0.000000 0.000000 0.000000 0.000000 0.000000 0.000000 0.000000 
0.000000 0.000000 0.000000 0.000000 0.000000 0.000000 0.000000 0.000000 0.000000 0.000000 0.000000 0.000001 0.000001 0.000002 0.000003 0.000005 0.000007 0.000010 0.000015 0.000022 0.000031 0.000044 0.000062 0.000086 0.000118 0.000160 0.000214 0.000283 0.000370 0.000479 0.000611 0.000771 0.000962 0.001186 0.001444 0.001738 0.002066 0.002428 0.002820 0.003236 0.003669 0.004111 0.004551 0.004978 0.005381 0.005747 0.006066 0.006325 0.006517 0.006636 0.006675 0.006636 0.006517 0.006325 0.006066 0.005747 0.005381 0.004978 0.004551 0.004111 0.003669 0.003236 0.002820 0.002428 0.002066 0.001738 0.001444 0.001186 0.000962 0.000771 0.000611 0.000479 0.000370 0.000283 0.000214 0.000160 0.000118 0.000086 0.000062 0.000044 0.000031 0.000022 0.000015 0.000010 0.000007 0.000005 0.000003 0.000002 0.000001 0.000001 0.000000 0.000000 0.000000 0.000000 0.000000 0.000000 0.000000 0.000000 0.000000 0.000000 
0.000000 0.000000 0.000000 0.000000 0.000000 0.000000 0.000000 0.000000 0.000000 0.000000 0.000001 0.000001 0.000002 0.000003 0.000005 0.000007 0.000011 0.000016 0.000024 0.000035 0.000051 0.000072 0.000101 0.000140 0.000191 0.000259 0.000347 0.000458 0.000599 0.000774 0.000989 0.001247 0.001555 0.001916 0.002333 0.002807 0.003338 0.003922 0.004553 0.005224 0.005922 0.006635 0.007344 0.008033 0.008683 0.009273 0.009786 0.010204 0.010514 0.010704 0.010769 0.010704 0.010514 0.010204 0.009786 0.009273 0.008683 0.008033 0.007344 0.006635 0.005922 0.005224 0.004553 0.003922 0.003338 0.002807 0.002333 0.001916 0.001555 0.001247 0.000989 0.000774 0.000599 0.000458 0.000347 0.000259 0.000191 0.000140 0.000101 0.000072 0.000051 0.000035 0.000024 0.000016 0.000011 0.000007 0.000005 0.000003 0.000002 0.000001 0.000001 0.000000 0.000000 0.000000 0.000000 0.000000 0.000000 0.000000 0.000000 0.000000 
0.000000 0.000000 0.000000 0.000000 0.000000 0.000000 0.000000 0.000000 0.000000 0.000001 0.000001 0.000002 0.000003 0.000005 0.000008 0.000012 0.000018 0.000026 0.000039 0.000057 0.000081 0.000115 0.000161 0.000224 0.000306 0.000415 0.000555 0.000734 0.000959 0.001239 0.001581 0.001994 0.002486 0.003062 0.003728 0.004484 0.005331 0.006262 0.007270 0.008339 0.009453 0.010588 0.011720 0.012818 0.013853 0.014794 0.015611 0.016278 0.016771 0.017075 0.017177 0.017075 0.016771 0.016278 0.015611 0.014794 0.013853 0.012818 0.011720 0.010588 0.009453 0.008339 0.007270 0.006262 0.005331 0.004484 0.003728 0.003062 0.002486 0.001994 0.001581 0.001239 0.000959 0.000734 0.000555 0.000415 0.000306 0.000224 0.000161 0.000115 0.000081 0.000057 0.000039 0.000026 0.000018 0.000012 0.000008 0.000005 0.000003 0.000002 0.000001 0.000001 0.000000 0.000000 0.000000 0.000000 0.000000 0.000000 0.000000 0.000000 
0.000000 0.000000 0.000000 0.000000 0.000000 0.000000 0.000000 0.000000 0.000001 0.000001 0.000002 0.000003 0.000005 0.000008 0.000012 0.000019 0.000028 0.000042 0.000062 0.000090 0.000129 0.000182 0.000256 0.000354 0.000485 0.000657 0.000878 0.001161 0.001517 0.001959 0.002500 0.003152 0.003928 0.004838 0.005889 0.007083 0.008418 0.009888 0.011477 0.013163 0.014919 0.016709 0.018493 0.020224 0.021855 0.023337 0.024625 0.025676 0.026454 0.026932 0.027093 0.026932 0.026454 0.025676 0.024625 0.023337 0.021855 0.020224 0.018493 0.016709 0.014919 0.013163 0.011477 0.009888 0.008418 0.007083 0.005889 0.004838 0.003928 0.003152 0.002500 0.001959 0.001517 0.001161 0.000878 0.000657 0.000485 0.000354 0.000256 0.000182 0.000129 0.000090 0.000062 0.000042 0.000028 0.000019 0.000012 0.000008 0.000005 0.000003 0.000002 0.000001 0.000001 0.000000 0.000000 0.000000 0.000000 0.000000 0.000000 0.000000 
0.000000 0.000000 0.000000 0.000000 0.000000 0.000000 0.000000 0.000001 0.000001 0.000002 0.000003 0.000005 0.000008 0.000013 0.000019 0.000030 0.000044 0.000066 0.000097 0.000141 0.000202 0.000286 0.000401 0.000555 0.000760 0.001028 0.001375 0.001817 0.002373 0.003063 0.003908 0.004927 0.006139 0.007559 0.009198 0.011062 0.013145 0.015437 0.017915 0.020545 0.023283 0.026073 0.028853 0.031551 0.034093 0.036403 0.038410 0.040047 0.041259 0.042003 0.042255 0.042003 0.041259 0.040047 0.038410 0.036403 0.034093 0.031551 0.028853 0.026073 0.023283 0.020545 0.017915 0.015437 0.013145 0.011062 0.009198 0.007559 0.006139 0.004927 0.003908 0.003063 0.002373 0.001817 0.001375 0.001028 0.000760 0.000555 0.000401 0.000286 0.000202 0.000141 0.000097 0.000066 0.000044 0.000030 0.000019 0.000013 0.000008 0.000005 0.000003 0.000002 0.000001 0.000001 0.000000 0.000000 0.000000 0.000000 0.000000 0.000000 
0.000000 0.000000 0.000000 0.000000 0.000000 0.000000 0.000001 0.000001 0.000002 0.000003 0.000005 0.000008 0.000013 0.000020 0.000030 0.000046 0.000069 0.000102 0.000150 0.000218 0.000313 0.000443 0.000621 0.000860 0.001176 0.001591 0.002127 0.002811 0.003670 0.004736 0.006041 0.007614 0.009485 0.011677 0.014207 0.017081 0.020295 0.023830 0.027651 0.031706 0.035926 0.040228 0.044512 0.048670 0.052587 0.056148 0.059239 0.061761 0.063629 0.064776 0.065163 0.064776 0.063629 0.061761 0.059239 0.056148 0.052587 0.048670 0.044512 0.040228 0.035926 0.031706 0.027651 0.023830 0.020295 0.017081 0.014207 0.011677 0.009485 0.007614 0.006041 0.004736 0.003670 0.002811 0.002127 0.001591 0.001176 0.000860 0.000621 0.000443 0.000313 0.000218 0.000150 0.000102 0.000069 0.000046 0.000030 0.000020 0.000013 0.000008 0.000005 0.000003 0.000002 0.000001 0.000001 0.000000 0.000000 0.000000 0.000000 0.000000 
0.000000 0.000000 0.000000 0.000000 0.000000 0.000001 0.000001 0.000002 0.000003 0.000005 0.000008 0.000012 0.000019 0.000030 0.000046 0.000071 0.000106 0.000157 0.000231 0.000334 0.000479 0.000679 0.000951 0.001316 0.001801 0.002435 0.003254 0.004299 0.005612 0.007240 0.009232 0.011635 0.014490 0.017836 0.021695 0.026080 0.030982 0.036373 0.042198 0.048380 0.054813 0.061369 0.067899 0.074235 0.080204 0.085628 0.090339 0.094181 0.097026 0.098773 0.099363 0.098773 0.097026 0.094181 0.090339 0.085628 0.080204 0.074235 0.067899 0.061369 0.054813 0.048380 0.042198 0.036373 0.030982 0.026080 0.021695 0.017836 0.014490 0.011635 0.009232 0.007240 0.005612 0.004299 0.003254 0.002435 0.001801 0.001316 0.000951 0.000679 0.000479 0.000334 0.000231 0.000157 0.000106 0.000071 0.000046 0.000030 0.000019 0.000012 0.000008 0.000005 0.000003 0.000002 0.000001 0.000001 0.000000 0.000000 0.000000 0.000000 
0.000000 0.000000 0.000000 0.000000 0.000001 0.000001 0.000002 0.000003 0.000005 0.000007 0.000012 0.000019 0.000030 0.000046 0.000071 0.000107 0.000161 0.000239 0.000350 0.000507 0.000726 0.001029 0.001440 0.001993 0.002725 0.003684 0.004922 0.006500 0.008484 0.010943 0.013951 0.017577 0.021887 0.026934 0.032756 0.039370 0.046763 0.054891 0.063673 0.072992 0.082688 0.092568 0.102407 0.111954 0.120947 0.129119 0.136215 0.142003 0.146288 0.148921 0.149809 0.148921 0.146288 0.142003 0.136215 0.129119 0.120947 0.111954 0.102407 0.092568 0.082688 0.072992 0.063673 0.054891 0.046763 0.039370 0.032756 0.026934 0.021887 0.017577 0.013951 0.010943 0.008484 0.006500 0.004922 0.003684 0.002725 0.001993 0.001440 0.001029 0.000726 0.000507 0.000350 0.000239 0.000161 0.000107 0.000071 0.000046 0.000030 0.000019 0.000012 0.000007 0.000005 0.000003 0.000002 0.000001 0.000001 0.000000 0.000000 0.000000 
0.000000 0.000000 0.000000 0.000000 0.000001 0.000001 0.000002 0.000004 0.000007 0.000011 0.000018 0.000028 0.000044 0.000069 0.000106 0.000161 0.000241 0.000358 0.000524 0.000760 0.001088 0.001541 0.002156 0.002983 0.004078 0.005511 0.007361 0.009718 0.012680 0.016352 0.020842 0.026254 0.032685 0.040214 0.048898 0.058761 0.069784 0.081901 0.094993 0.108881 0.123331 0.138054 0.152712 0.166936 0.180333 0.192506 0.203075 0.211696 0.218078 0.221999 0.223321 0.221999 0.218078 0.211696 0.203075 0.192506 0.180333 0.166936 0.152712 0.138054 0.123331 0.108881 0.094993 0.081901 0.069784 0.058761 0.048898 0.040214 0.032685 0.026254 0.020842 0.016352 0.012680 0.009718 0.007361 0.005511 0.004078 0.002983 0.002156 0.001541 0.001088 0.000760 0.000524 0.000358 0.000241 0.000161 0.000106 0.000069 0.000044 0.000028 0.000018 0.000011 0.000007 0.000004 0.000002 0.000001 0.000001 0.000000 0.000000 0.000000 
0.000000 0.000000 0.000000 0.000001 0.000001 0.000002 0.000004 0.000006 0.000010 0.000016 0.000026 0.000042 0.000066 0.000102 0.000157 0.000239 0.000358 0.000530 0.000777 0.001125 0.001611 0.002281 0.003191 0.004413 0.006032 0.008149 0.010882 0.014363 0.018737 0.024158 0.030784 0.038769 0.048256 0.059362 0.072169 0.086711 0.102961 0.120822 0.140116 0.160582 0.181873 0.203563 0.225158 0.246110 0.265841 0.283770 0.299336 0.312033 0.321430 0.327204 0.329152 0.327204 0.321430 0.312033 0.299336 0.283770 0.265841 0.246110 0.225158 0.203563 0.181873 0.160582 0.140116 0.120822 0.102961 0.086711 0.072169 0.059362 0.048256 0.038769 0.030784 0.024158 0.018737 0.014363 0.010882 0.008149 0.006032 0.004413 0.003191 0.002281 0.001611 0.001125 0.000777 0.000530 0.000358 0.000239 0.000157 0.000102 0.000066 0.000042 0.000026 0.000016 0.000010 0.000006 0.000004 0.000002 0.000001 0.000001 0.000000 0.000000 
0.000000 0.000000 0.000001 0.000001 0.000002 0.000003 0.000005 0.000009 0.000015 0.000024 0.000039 0.000062 0.000097 0.000150 0.000231 0.000350 0.000524 0.000777 0.001138 0.001648 0.002359 0.003338 0.004669 0.006455 0.008820 0.011913 0.015905 0.020987 0.027372 0.035283 0.044951 0.056601 0.070438 0.086633 0.105305 0.126504 0.150190 0.176219 0.204334 0.234152 0.265169 0.296763 0.328216 0.358730 0.387465 0.413573 0.436240 0.454726 0.468409 0.476816 0.479652 0.476816 0.468409 0.454726 0.436240 0.413573 0.387465 0.358730 0.328216 0.296763 0.265169 0.234152 0.204334 0.176219 0.150190 0.126504 0.105305 0.086633 0.070438 0.056601 0.044951 0.035283 0.027372 0.020987 0.015905 0.011913 0.008820 0.006455 0.004669 0.003338 0.002359 0.001648 0.001138 0.000777 0.000524 0.000350 0.000231 0.000150 0.000097 0.000062 0.000039 0.000024 0.000015 0.000009 0.000005 0.000003 0.000002 0.000001 0.000000 0.000000 
0.000000 0.000000 0.000001 0.000002 0.000003 0.000005 0.000008 0.000013 0.000022 0.000035 0.000057 0.000090 0.000141 0.000218 0.000334 0.000507 0.000760 0.001125 0.001648 0.002386 0.003414 0.004829 0.006753 0.009333 0.012750 0.017218 0.022981 0.030317 0.039531 0.050945 0.064892 0.081694 0.101646 0.124995 0.151911 0.182464 0.216596 0.254100 0.294604 0.337556 0.382230 0.427732 0.473025 0.516964 0.558337 0.595926 0.628558 0.655172 0.674869 0.686971 0.691054 0.686971 0.674869 0.655172 0.628558 0.595926 0.558337 0.516964 0.473025 0.427732 0.382230 0.337556 0.294604 0.254100 0.216596 0.182464 0.151911 0.124995 0.101646 0.081694 0.064892 0.050945 0.039531 0.030317 0.022981 0.017218 0.012750 0.009333 0.006753 0.004829 0.003414 0.002386 0.001648 0.001125 0.000760 0.000507 0.000334 0.000218 0.000141 0.000090 0.000057 0.000035 0.000022 0.000013 0.000008 0.000005 0.000003 0.000001 0.000001 0.000000 
0.000000 0.000001 0.000001 0.000002 0.000004 0.000007 0.000011 0.000019 0.000031 0.000051 0.000081 0.000129 0.000202 0.000313 0.000479 0.000726 0.001088 0.001611 0.002359 0.003414 0.004884 0.006907 0.009655 0.013341 0.018221 0.024599 0.032825 0.043294 0.056439 0.072721 0.092611 0.116568 0.145012 0.178292 0.216651 0.260186 0.308813 0.362238 0.419928 0.481098 0.544714 0.609503 0.673989 0.736541 0.795438 0.848944 0.895392 0.933272 0.961307 0.978532 0.984342 0.978532 0.961307 0.933272 0.895392 0.848944 0.795438 0.736541 0.673989 0.609503 0.544714 0.481098 0.419928 0.362238 0.308813 0.260186 0.216651 0.178292 0.145012 0.116568 0.092611 0.072721 0.056439 0.043294 0.032825 0.024599 0.018221 0.013341 0.009655 0.006907 0.004884 0.003414 0.002359 0.001611 0.001088 0.000726 0.000479 0.000313 0.000202 0.000129 0.000081 0.000051 0.000031 0.000019 0.000011 0.000007 0.000004 0.000002 0.000001 0.000000 
0.000000 0.000001 0.000002 0.000003 0.000006 0.000010 0.000016 0.000027 0.000044 0.000072 0.000115 0.000182 0.000286 0.000443 0.000679 0.001029 0.001541 0.002281 0.003338 0.004829 0.006907 0.009765 0.013646 0.018851 0.025740 0.034742 0.046349 0.061118 0.079659 0.102620 0.130662 0.164432 0.204520 0.251417 0.305461 0.366788 0.435280 0.510519 0.591755 0.677882 0.767444 0.858648 0.949418 1.037460 1.120351 1.195651 1.261016 1.314320 1.353770 1.378008 1.386183 1.378008 1.353770 1.314320 1.261016 1.195651 1.120351 1.037460 0.949418 0.858648 0.767444 0.677882 0.591755 0.510519 0.435280 0.366788 0.305461 0.251417 0.204520 0.164432 0.130662 0.102620 0.079659 0.061118 0.046349 0.034742 0.025740 0.018851 0.013646 0.009765 0.006907 0.004829 0.003338 0.002281 0.001541 0.001029 0.000679 0.000443 0.000286 0.000182 0.000115 0.000072 0.000044 0.000027 0.000016 0.000010 0.000006 0.000003 0.000001 0.000000 
0.000000 0.000001 0.000002 0.000005 0.000008 0.000014 0.000023 0.000038 0.000062 0.000101 0.000161 0.000256 0.000401 0.000621 0.000951 0.001440 0.002156 0.003191 0.004669 0.006753 0.009655 0.013646 0.019066 0.026331 0.035946 0.048505 0.064696 0.085293 0.111146 0.143154 0.182239 0.229299 0.285154 0.350485 0.425761 0.511169 0.606542 0.711298 0.824390 0.944278 1.068934 1.195865 1.322182 1.444693 1.560030 1.664798 1.755739 1.829897 1.884781 1.918499 1.929872 1.918499 1.884781 1.829897 1.755739 1.664798 1.560030 1.444693 1.322182 1.195865 1.068934 0.944278 0.824390 0.711298 0.606542 0.511169 0.425761 0.350485 0.285154 0.229299 0.182239 0.143154 0.111146 0.085293 0.064696 0.048505 0.035946 0.026331 0.019066 0.013646 0.009655 0.006753 0.004669 0.003191 0.002156 0.001440 0.000951 0.000621 0.000401 0.000256 0.000161 0.000101 0.000062 0.000038 0.000023 0.000013 0.000008 0.000004 0.000002 0.000000 
0.000000 0.000001 0.000003 0.000006 0.000011 0.000019 0.000032 0.000053 0.000086 0.000140 0.000224 0.000354 0.000555 0.000860 0.001316 0.001993 0.002983 0.004413 0.006455 0.009333 0.013341 0.018851 0.026331 0.036356 0.049620 0.066942 0.089269 0.117666 0.153300 0.197411 0.251265 0.316096 0.393032 0.483004 0.586657 0.704246 0.835538 0.979729 1.135375 1.300359 1.471887 1.646531 1.820315 1.988852 2.147510 2.291622 2.416708 2.518707 2.594193 2.640568 2.656210 2.640568 2.594193 2.518707 2.416708 2.291622 2.147510 1.988852 1.820315 1.646531 1.471887 1.300359 1.135375 0.979729 0.835538 0.704246 0.586657 0.483004 0.393032 0.316096 0.251265 0.197411 0.153300 0.117666 0.089269 0.066942 0.049620 0.036356 0.026331 0.018851 0.013341 0.009333 0.006455 0.004413 0.002983 0.001993 0.001316 0.000860 0.000555 0.000354 0.000224 0.000140 0.000086 0.000052 0.000032 0.000019 0.000011 0.000006 0.000003 0.000000 
0.000000 0.000002 0.000005 0.000009 0.000015 0.000026 0.000043 0.000072 0.000118 0.000191 0.000306 0.000485 0.000760 0.001176 0.001801 0.002725 0.004078 0.006032 0.008820 0.012750 0.018221 0.025740 0.035946 0.049620 0.067708 0.091326 0.121760 0.160460 0.209015 0.269109 0.342464 0.430756 0.535515 0.658008 0.799107 0.959154 1.137830 1.334037 1.545808 1.770262 2.003596 2.241149 2.477516 2.706729 2.922495 3.118469 3.288564 3.427259 3.529899 3.592956 3.614224 3.592956 3.529899 3.427259 3.288564 3.118469 2.922495 2.706729 2.477516 2.241149 2.003596 1.770262 1.545808 1.334037 1.137830 0.959154 0.799107 0.658008 0.535515 0.430756 0.342464 0.269109 0.209015 0.160460 0.121760 0.091326 0.067708 0.049620 0.035946 0.025740 0.018221 0.012750 0.008820 0.006032 0.004078 0.002725 0.001801 0.001176 0.000760 0.000485 0.000306 0.000191 0.000118 0.000072 0.000043 0.000026 0.000015 0.000008 0.000003 0.000000 
0.000000 0.000003 0.000006 0.000012 0.000021 0.000035 0.000059 0.000098 0.000160 0.000259 0.000415 0.000657 0.001028 0.001591 0.002435 0.003684 0.005511 0.008149 0.011913 0.017218 0.024599 0.034742 0.048505 0.066942 0.091326 0.123156 0.164165 0.216302 0.281704 0.362634 0.461406 0.580271 0.721284 0.886144 1.076020 1.291366 1.531748 1.795685 2.080530 2.382404 2.696194 3.015632 3.333451 3.641632 3.931716 4.195178 4.423839 4.610283 4.748257 4.833019 4.861608 4.833019 4.748257 4.610283 4.423839 4.195178 3.931716 3.641632 3.333451 3.015632 2.696194 2.382404 2.080530 1.795685 1.531748 1.291366 1.076020 0.886144 0.721284 0.580271 0.461406 0.362634 0.281704 0.216302 0.164165 0.123156 0.091326 0.066942 0.048505 0.034742 0.024599 0.017218 0.011913 0.008149 0.005511 0.003684 0.002435 0.001591 0.001028 0.000657 0.000415 0.000259 0.000160 0.000098 0.000059 0.000035 0.000020 0.000011 0.000005 0.000000 
0.000000 0.000004 0.000008 0.000016 0.000028 0.000047 0.000079 0.000131 0.000214 0.000347 0.000555 0.000878 0.001375 0.002127 0.003254 0.004922 0.007361 0.010882 0.015905 0.022981 0.032825 0.046349 0.064696 0.089269 0.121760 0.164165 0.218787 0.288220 0.375301 0.483041 0.614511 0.772701 0.960339 1.179678 1.432266 1.718701 2.038399 2.389387 2.768140 3.169499 3.586665 4.011306 4.433766 4.843389 5.228937 5.579086 5.882971 6.130743 6.314098 6.426736 6.464728 6.426736 6.314098 6.130743 5.882971 5.579086 5.228937 4.843389 4.433766 4.011306 3.586665 3.169499 2.768140 2.389387 2.038399 1.718701 1.432266 1.179678 0.960339 0.772701 0.614511 0.483041 0.375301 0.288220 0.218787 0.164165 0.121760 0.089269 0.064696 0.046349 0.032825 0.022981 0.015905 0.010882 0.007361 0.004922 0.003254 0.002127 0.001375 0.000878 0.000555 0.000347 0.000214 0.000131 0.000079 0.000047 0.000027 0.000015 0.000006 0.000000 
0.000000 0.000005 0.000011 0.000021 0.000037 0.000062 0.000104 0.000173 0.000283 0.000458 0.000734 0.001161 0.001817 0.002811 0.004299 0.006500 0.009718 0.014363 0.020987 0.030317 0.043294 0.061118 0.085293 0.117666 0.160460 0.216302 0.288220 0.379621 0.494236 0.636016 0.808998 1.017107 1.263920 1.552394 1.884554 2.261180 2.681495 3.142898 3.640754 4.168277 4.716531 5.274567 5.829699 6.367931 6.874502 7.334542 7.733784 8.059296 8.300173 8.448146 8.498056 8.448146 8.300173 8.059296 7.733784 7.334542 6.874502 6.367931 5.829699 5.274567 4.716531 4.168277 3.640754 3.142898 2.681495 2.261180 1.884554 1.552394 1.263920 1.017107 0.808998 0.636016 0.494236 0.379621 0.288220 0.216302 0.160460 0.117666 0.085293 0.061118 0.043294 0.030317 0.020987 0.014363 0.009718 0.006500 0.004299 0.002811 0.001817 0.001161 0.000734 0.000458 0.000283 0.000173 0.000104 0.000062 0.000036 0.000019 0.000008 0.000000 
0.000000 0.000006 0.000015 0.000027 0.000048 0.000081 0.000137 0.000226 0.000370 0.000599 0.000959 0.001517 0.002373 0.003670 0.005612 0.008484 0.012680 0.018737 0.027372 0.039531 0.056439 0.079659 0.111146 0.153300 0.209015 0.281704 0.375301 0.494236 0.643351 0.827781 1.052765 1.323396 1.644317 2.019359 2.451145 2.940677 3.486938 4.086538 4.733450 5.418851 6.131132 6.856069 7.577188 8.276313 8.934280 9.531784 10.050304 10.473054 10.785880 10.978050 11.042866 10.978050 10.785880 10.473054 10.050304 9.531784 8.934280 8.276313 7.577188 6.856069 6.131132 5.418851 4.733450 4.086538 3.486938 2.940677 2.451145 2.019359 1.644317 1.323396 1.052765 0.827781 0.643351 0.494236 0.375301 0.281704 0.209015 0.153300 0.111146 0.079659 0.056439 0.039531 0.027372 0.018737 0.012680 0.008484 0.005612 0.003670 0.002373 0.001517 0.000959 0.000599 0.000370 0.000226 0.000136 0.000081 0.000047 0.000025 0.000011 0.000000 
0.000000 0.000008 0.000019 0.000035 0.000062 0.000105 0.000177 0.000292 0.000479 0.000774 0.001239 0.001959 0.003063 0.004736 0.007240 0.010943 0.016352 0.024158 0.035283 0.050945 0.072721 0.102620 0.143154 0.197411 0.269109 0.362634 0.483041 0.636016 0.827781 1.064927 1.354175 1.702062 2.114542 2.596524 3.151366 3.780342 4.482134 5.252380 6.083327 6.963642 7.878411 8.809371 9.735370 10.633077 11.477896 12.245049 12.910770 13.453517 13.855131 14.101840 14.185051 14.101840 13.855131 13.453517 12.910770 12.245049 11.477896 10.633077 9.735370 8.809371 7.878411 6.963642 6.083327 5.252380 4.482134 3.780342 3.151366 2.596524 2.114542 1.702062 1.354175 1.064927 0.827781 0.636016 0.483041 0.362634 0.269109 0.197411 0.143154 0.102620 0.072721 0.050945 0.035283 0.024158 0.016352 0.010943 0.007240 0.004736 0.003063 0.001959 0.001238 0.000774 0.000478 0.000292 0.000176 0.000105 0.000060 0.000033 0.000014 0.000000 
0.000000 0.000011 0.000024 0.000045 0.000079 0.000135 0.000226 0.000374 0.000611 0.000989 0.001581 0.002500 0.003908 0.006041 0.009232 0.013951 0.020842 0.030784 0.044951 0.064892 0.092611 0.130662 0.182239 0.251265 0.342464 0.461406 0.614511 0.808998 1.052765 1.354175 1.721757 2.163802 2.687856 3.300142 4.004906 4.803753 5.694995 6.673081 7.728157 8.845829 10.007163 11.188973 12.364418 13.503890 14.576180 15.549855 16.394764 17.083581 17.593272 17.906368 18.011969 17.906368 17.593272 17.083581 16.394764 15.549855 14.576180 13.503890 12.364418 11.188973 10.007163 8.845829 7.728157 6.673081 5.694995 4.803753 4.004906 3.300142 2.687856 2.163802 1.721757 1.354175 1.052765 0.808998 0.614511 0.461406 0.342464 0.251265 0.182239 0.130662 0.092611 0.064892 0.044951 0.030784 0.020842 0.013951 0.009232 0.006041 0.003908 0.002500 0.001581 0.000988 0.000611 0.000373 0.000225 0.000134 0.000077 0.000042 0.000018 0.000000 
0.000000 0.000013 0.000031 0.000057 0.000100 0.000170 0.000285 0.000472 0.000771 0.001247 0.001994 0.003152 0.004927 0.007614 0.011635 0.017577 0.026254 0.038769 0.056601 0.081694 0.116568 0.164432 0.229299 0.316096 0.430756 0.580271 0.772701 1.017107 1.323396 1.702062 2.163802 2.719008 3.377142 4.145994 5.030880 6.033794 7.152603 8.380321 9.704574 11.107288 12.564699 14.047716 15.522661 16.952397 18.297779 19.519385 20.579403 21.443569 22.082996 22.475783 22.608261 22.475783 22.082996 21.443569 20.579403 19.519385 18.297779 16.952397 15.522661 14.047716 12.564699 11.107288 9.704574 8.380321 7.152603 6.033794 5.030880 4.145994 3.377142 2.719008 2.163802 1.702062 1.323396 1.017107 0.772701 0.580271 0.430756 0.316096 0.229299 0.164432 0.116568 0.081694 0.056601 0.038769 0.026254 0.017577 0.011635 0.007614 0.004927 0.003152 0.001994 0.001247 0.000771 0.000471 0.000284 0.000169 0.000097 0.000053 0.000023 0.000000 
0.000000 0.000017 0.000038 0.000071 0.000125 0.000212 0.000356 0.000588 0.000962 0.001555 0.002486 0.003928 0.006139 0.009485 0.014490 0.021887 0.032685 0.048256 0.070438 0.101646 0.145012 0.204520 0.285154 0.393032 0.535515 0.721284 0.960339 1.263920 1.644317 2.114542 2.687856 3.377142 4.194119 5.148437 6.246668 7.491268 8.879568 10.402886 12.045854 13.786045 15.593975 17.433559 19.263036 21.036352 22.704974 24.220027 25.534640 26.606334 27.399305 27.886405 28.050691 27.886405 27.399305 26.606334 25.534640 24.220027 22.704974 21.036352 19.263036 17.433559 15.593975 13.786045 12.045854 10.402886 8.879568 7.491268 6.246668 5.148437 4.194119 3.377142 2.687856 2.114542 1.644317 1.263920 0.960339 0.721284 0.535515 0.393032 0.285154 0.204520 0.145012 0.101646 0.070438 0.048256 0.032685 0.021887 0.014490 0.009485 0.006139 0.003928 0.002486 0.001555 0.000962 0.000588 0.000355 0.000211 0.000122 0.000066 0.000029 0.000000 
0.000000 0.000021 0.000047 0.000088 0.000154 0.000262 0.000439 0.000725 0.001186 0.001916 0.003062 0.004838 0.007559 0.011677 0.017836 0.026934 0.040214 0.059362 0.086633 0.124995 0.178292 0.251417 0.350485 0.483004 0.658008 0.886144 1.179678 1.552394 2.019359 2.596524 3.300142 4.145994 5.148437 6.319282 7.666565 9.193273 10.896110 12.764411 14.779313 16.913303 19.130226 21.385838 23.628944 25.803094 27.848806 29.706182 31.317783 32.631558 33.603633 34.200746 34.402136 34.200746 33.603633 32.631558 31.317783 29.706182 27.848806 25.803094 23.628944 21.385838 19.130226 16.913303 14.779313 12.764411 10.896110 9.193273 7.666565 6.319282 5.148437 4.145994 3.300142 2.596524 2.019359 1.552394 1.179678 0.886144 0.658008 0.483004 0.350485 0.251417 0.178292 0.124995 0.086633 0.059362 0.040214 0.026934 0.017836 0.011677 0.007559 0.004838 0.003062 0.001916 0.001185 0.000725 0.000437 0.000260 0.000150 0.000081 0.000036 0.000000 
0.000000 0.000025 0.000058 0.000107 0.000188 0.000319 0.000534 0.000883 0.001444 0.002333 0.003728 0.005889 0.009198 0.014207 0.021695 0.032756 0.048898 0.072169 0.105305 0.151911 0.216651 0.305461 0.425761 0.586657 0.799107 1.076020 1.432266 1.884554 2.451145 3.151366 4.004906 5.030880 6.246668 7.666565 9.300284 11.151420 13.215949 15.480920 17.923452 20.510182 23.197284 25.931138 28.649704 31.284588 33.763724 36.014550 37.967487 39.559485 40.737402 41.460948 41.704980 41.460948 40.737402 39.559485 37.967487 36.014550 33.763724 31.284588 28.649704 25.931138 23.197284 20.510182 17.923452 15.480920 13.215949 11.151420 9.300284 7.666565 6.246668 5.030880 4.004906 3.151366 2.451145 1.884554 1.432266 1.076020 0.799107 0.586657 0.425761 0.305461 0.216651 0.151911 0.105305 0.072169 0.048898 0.032756 0.021695 0.014207 0.009198 0.005889 0.003727 0.002333 0.001443 0.000883 0.000533 0.000317 0.000183 0.000099 0.000043 0.000000 
0.000000 0.000030 0.000070 0.000129 0.000226 0.000384 0.000643 0.001063 0.001738 0.002807 0.004484 0.007083 0.011062 0.017081 0.026080 0.039370 0.058761 0.086711 0.126504 0.182464 0.260186 0.366788 0.511169 0.704246 0.959154 1.291366 1.718701 2.261180 2.940677 3.780342 4.803753 6.033794 7.491268 9.193273 11.151420 13.369982 15.844111 18.558261 21.484996 24.584332 27.803755 31.079029 34.335843 37.492281 40.462039 43.158226 45.497523 47.404436 48.815338 49.681988 49.974283 49.681988 48.815338 47.404436 45.497523 43.158226 40.462039 37.492281 34.335843 31.079029 27.803755 24.584332 21.484996 18.558261 15.844111 13.369982 11.151420 9.193273 7.491268 6.033794 4.803753 3.780342 2.940677 2.261180 1.718701 1.291366 0.959154 0.704246 0.511169 0.366788 0.260186 0.182464 0.126504 0.086711 0.058761 0.039370 0.026080 0.017081 0.011061 0.007083 0.004484 0.002807 0.001737 0.001063 0.000642 0.000381 0.000220 0.000120 0.000052 0.000000 
0.000000 0.000036 0.000083 0.000154 0.000269 0.000457 0.000765 0.001265 0.002066 0.003338 0.005331 0.008418 0.013145 0.020295 0.030982 0.046763 0.069784 0.102961 0.150190 0.216596 0.308813 0.435280 0.606542 0.835538 1.137830 1.531748 2.038399 2.681495 3.486938 4.482134 5.694995 7.152603 8.879568 10.896110 13.215949 15.844111 18.774819 21.989634 25.456042 29.126672 32.939330 36.817952 40.674551 44.412151 47.928586 51.121000 53.890776 56.148560 57.819042 58.845131 59.191198 58.845131 57.819042 56.148560 53.890776 51.121000 47.928586 44.412151 40.674551 36.817952 32.939330 29.126672 25.456042 21.989634 18.774819 15.844111 13.215949 10.896110 8.879568 7.152603 5.694995 4.482134 3.486938 2.681495 2.038399 1.531748 1.137830 0.835538 0.606542 0.435280 0.308813 0.216596 0.150190 0.102961 0.069784 0.046763 0.030982 0.020295 0.013145 0.008418 0.005331 0.003338 0.002066 0.001264 0.000763 0.000454 0.000262 0.000142 0.000062 0.000000 
0.000000 0.000042 0.000097 0.000181 0.000316 0.000538 0.000900 0.001487 0.002428 0.003922 0.006262 0.009888 0.015437 0.023830 0.036373 0.054891 0.081901 0.120822 0.176219 0.254100 0.362238 0.510519 0.711298 0.979729 1.334037 1.795685 2.389387 3.142898 4.086538 5.252380 6.673081 8.380321 10.402886 12.764411 15.480920 18.558261 21.989634 25.753424 29.811540 34.108518 38.571547 43.111596 47.625692 52.000350 56.116021 59.852360 63.093980 65.736342 67.691339 68.892181 69.297185 68.892181 67.691339 65.736342 63.093980 59.852360 56.116021 52.000350 47.625692 43.111596 38.571547 34.108518 29.811540 25.753424 21.989634 18.558261 15.480920 12.764411 10.402886 8.380321 6.673081 5.252380 4.086538 3.142898 2.389387 1.795685 1.334037 0.979729 0.711298 0.510519 0.362238 0.254100 0.176219 0.120822 0.081901 0.054891 0.036373 0.023830 0.015437 0.009888 0.006262 0.003921 0.002428 0.001486 0.000897 0.000533 0.000308 0.000167 0.000073 0.000000 
0.000000 0.000049 0.000113 0.000210 0.000367 0.000625 0.001045 0.001727 0.002820 0.004553 0.007270 0.011477 0.017915 0.027651 0.042198 0.063673 0.094993 0.140116 0.204334 0.294604 0.419928 0.591755 0.824390 1.135375 1.545808 2.080530 2.768140 3.640754 4.733450 6.083327 7.728157 9.704574 12.045854 14.779313 17.923452 21.484996 25.456042 29.811540 34.507394 39.479407 44.643332 49.896162 55.118776 60.179905 64.941273 69.263693 73.013718 76.070450 78.331999 79.721127 80.189632 79.721127 78.331999 76.070450 73.013718 69.263693 64.941273 60.179905 55.118776 49.896162 44.643332 39.479407 34.507394 29.811540 25.456042 21.484996 17.923452 14.779313 12.045854 9.704574 7.728157 6.083327 4.733450 3.640754 2.768140 2.080530 1.545808 1.135375 0.824390 0.591755 0.419928 0.294604 0.204334 0.140116 0.094993 0.063673 0.042198 0.027651 0.017915 0.011477 0.007270 0.004553 0.002819 0.001725 0.001042 0.000620 0.000358 0.000194 0.000085 0.000000 
0.000000 0.000057 0.000130 0.000242 0.000422 0.000717 0.001200 0.001982 0.003236 0.005224 0.008339 0.013163 0.020545 0.031706 0.048380 0.072992 0.108881 0.160582 0.234152 0.337556 0.481098 0.677882 0.944278 1.300359 1.770262 2.382404 3.169499 4.168277 5.418851 6.963642 8.845829 11.107288 13.786045 16.913303 20.510182 24.584332 29.126672 34.108518 39.479407 45.165905 51.071652 57.078855 63.051307 68.838916 74.283598 79.226226 83.514251 87.009467 89.595404 91.183771 91.719470 91.183771 89.595404 87.009467 83.514251 79.226226 74.283598 68.838916 63.051307 57.078855 51.071652 45.165905 39.479407 34.108518 29.126672 24.584332 20.510182 16.913303 13.786045 11.107288 8.845829 6.963642 5.418851 4.168277 3.169499 2.382404 1.770262 1.300359 0.944278 0.677882 0.481098 0.337556 0.234152 0.160582 0.108881 0.072992 0.048380 0.031706 0.020545 0.013163 0.008339 0.005224 0.003235 0.001980 0.001196 0.000711 0.000412 0.000223 0.000098 0.000000 
0.000000 0.000064 0.000148 0.000274 0.000479 0.000813 0.001361 0.002247 0.003669 0.005922 0.009453 0.014919 0.023283 0.035926 0.054813 0.082688 0.123331 0.181873 0.265169 0.382230 0.544714 0.767444 1.068934 1.471887 2.003596 2.696194 3.586665 4.716531 6.131132 7.878411 10.007163 12.564699 15.593975 19.130226 23.197284 27.803755 32.939330 38.571547 44.643332 51.071652 57.747577 64.537962 71.288860 77.830647 83.984675 89.571129 94.417629 98.368012 101.290674 103.085858 103.691306 103.085858 101.290674 98.368012 94.417629 89.571129 83.984675 77.830647 71.288860 64.537962 57.747577 51.071652 44.643332 38.571547 32.939330 27.803755 23.197284 19.130226 15.593975 12.564699 10.007163 7.878411 6.131132 4.716531 3.586665 2.696194 2.003596 1.471887 1.068934 0.767444 0.544714 0.382230 0.265169 0.181873 0.123331 0.082688 0.054813 0.035926 0.023282 0.014919 0.009453 0.005922 0.003668 0.002245 0.001357 0.000807 0.000467 0.000253 0.000111 0.000000 
0.000000 0.000072 0.000165 0.000307 0.000536 0.000912 0.001525 0.002518 0.004111 0.006635 0.010588 0.016709 0.026073 0.040228 0.061369 0.092568 0.138054 0.203563 0.296763 0.427732 0.609503 0.858648 1.195865 1.646531 2.241149 3.015632 4.011306 5.274567 6.856069 8.809371 11.188973 14.047716 17.433559 21.385838 25.931138 31.079029 36.817952 43.111596 49.896162 57.078855 64.537962 72.124725 79.667163 86.975796 93.851068 100.092134 105.506456 109.919617 113.184634 115.190088 115.866451 115.190088 113.184634 109.919617 105.506456 100.092134 93.851068 86.975796 79.667163 72.124725 64.537962 57.078855 49.896162 43.111596 36.817952 31.079029 25.931138 21.385838 17.433559 14.047716 11.188973 8.809371 6.856069 5.274567 4.011306 3.015632 2.241149 1.646531 1.195865 0.858648 0.609503 0.427732 0.296763 0.203563 0.138054 0.092568 0.061369 0.040228 0.026073 0.016709 0.010588 0.006634 0.004110 0.002516 0.001521 0.000904 0.000523 0.000284 0.000124 0.000000 
0.000000 0.000080 0.000183 0.000340 0.000594 0.001010 0.001688 0.002788 0.004551 0.007344 0.011720 0.018493 0.028853 0.044512 0.067899 0.102407 0.152712 0.225158 0.328216 0.473025 0.673989 0.949418 1.322182 1.820315 2.477516 3.333451 4.433766 5.829699 7.577188 9.735370 12.364418 15.522661 19.263036 23.628944 28.649704 34.335843 40.674551 47.625692 55.118776 63.051307 71.288860 79.667163 87.996314 96.067096 103.659183 110.550828 116.529467 121.402544 125.007793 127.222215 127.969052 127.222215 125.007793 121.402544 116.529467 110.550828 103.659183 96.067096 87.996314 79.667163 71.288860 63.051307 55.118776 47.625692 40.674551 34.335843 28.649704 23.628944 19.263036 15.522661 12.364418 9.735370 7.577188 5.829699 4.433766 3.333451 2.477516 1.820315 1.322182 0.949418 0.673989 0.473025 0.328216 0.225158 0.152712 0.102407 0.067898 0.044512 0.028853 0.018492 0.011719 0.007344 0.004550 0.002786 0.001684 0.001002 0.000580 0.000315 0.000138 0.000000 
