0.000000 0.000000 0.000000 0.000000 0.000000 0.000000 0.000000 0.000000 0.000000 0.000000 0.000000 0.000000 0.000000 0.000000 0.000000 0.000000 0.000000 0.000000 0.000000 0.000000 0.000000 0.000000 0.000000 0.000000 0.000000 0.000000 0.000000 0.000000 0.000000 0.000000 0.000000 0.000000 0.000000 0.000000 0.000000 0.000000 0.000000 0.000000 0.000000 0.000000 0.000000 0.000000 0.000000 0.000000 0.000000 0.000000 0.000000 0.000000 0.000000 0.000000 0.000000 0.000000 0.000000 0.000000 0.000000 0.000000 0.000000 0.000000 0.000000 0.000000 0.000000 0.000000 0.000000 0.000000 0.000000 0.000000 0.000000 0.000000 0.000000 0.000000 0.000000 0.000000 0.000000 0.000000 0.000000 0.000000 0.000000 0.000000 0.000000 0.000000 0.000000 0.000000 0.000000 0.000000 0.000000 0.000000 0.000000 0.000000 0.000000 0.000000 0.000000 0.000000 0.000000 0.000000 0.000000 0.000000 0.000000 0.000000 0.000000 0.000000 
0.000000 0.000000 0.000000 0.000000 0.000000 0.000000 0.000000 0.000000 0.000000 0.000000 0.000000 0.000000 0.000000 0.000000 0.000000 0.000000 0.000000 0.000000 0.000000 0.000000 0.000000 0.000000 0.000000 0.000000 0.000000 0.000000 0.000000 0.000000 0.000000 0.000000 0.000000 0.000000 0.000000 0.000000 0.000000 0.000000 0.000000 0.000000 0.000000 0.000000 0.000000 0.000000 0.000000 0.000000 0.000000 0.000000 0.000000 0.000000 0.000000 0.000000 0.000000 0.000000 0.000000 0.000000 0.000000 0.000000 0.000000 0.000000 0.000000 0.000000 0.000000 0.000000 0.000000 0.000000 0.000000 0.000000 0.000000 0.000000 0.000000 0.000000 0.000000 0.000000 0.000000 0.000000 0.000000 0.000000 0.000000 0.000000 0.000000 0.000000 0.000000 0.000000 0.000000 0.000000 0.000000 0.000000 0.000000 0.000000 0.000000 0.000000 0.000000 0.000000 0.000000 0.000000 0.000000 0.000000 0.000000 0.000000 0.000000 0.000000 
0.000000 0.000000 0.000000 0.000000 0.000000 0.000000 0.000000 0.000000 0.000000 0.000000 0.000000 0.000000 0.000000 0.000000 0.000000 0.000000 0.000000 0.000000 0.000000 0.000000 0.000000 0.000000 0.000000 0.000000 0.000000 0.000000 0.000000 0.000000 0.000000 0.000000 0.000000 0.000000 0.000000 0.000000 0.000000 0.000000 0.000000 0.000000 0.000000 0.000000 0.000000 0.000000 0.000000 0.000000 0.000000 0.000000 0.000000 0.000000 0.000000 0.000000 0.000000 0.000000 0.000000 0.000000 0.000000 0.000000 0.000000 0.000000 0.000000 0.000000 0.000000 0.000000 0.000000 0.000000 0.000000 0.000000 0.000000 0.000000 0.000000 0.000000 0.000000 0.000000 0.000000 0.000000 0.000000 0.000000 0.000000 0.000000 0.000000 0.000000 0.000000 0.000000 0.000000 0.000000 0.000000 0.000000 0.000000 0.000000 0.000000 0.000000 0.000000 0.000000 0.000000 0.000000 0.000000 0.000000 0.000000 0.000000 0.000000 0.000000 
0.000000 0.000000 0.000000 0.000000 0.000000 0.000000 0.000000 0.000000 0.000000 0.000000 0.000000 0.000000 0.000000 0.000000 0.000000 0.000000 0.000000 0.000000 0.000000 0.000000 0.000000 0.000000 0.000000 0.000000 0.000000 0.000000 0.000000 0.000000 0.000000 0.000000 0.000000 0.000000 0.000000 0.000000 0.000000 0.000000 0.000000 0.000000 0.000000 0.000000 0.000000 0.000000 0.000000 0.000000 0.000000 0.000000 0.000000 0.000000 0.000000 0.000001 0.000001 0.000001 0.000000 0.000000 0.000000 0.000000 0.000000 0.000000 0.000000 0.000000 0.000000 0.000000 0.000000 0.000000 0.000000 0.000000 0.000000 0.000000 0.000000 0.000000 0.000000 0.000000 0.000000 0.000000 0.000000 0.000000 0.000000 0.000000 0.000000 0.000000 0.000000 0.000000 0.000000 0.000000 0.000000 0.000000 0.000000 0.000000 0.000000 0.000000 0.000000 0.000000 0.000000 0.000000 0.000000 0.000000 0.000000 0.000000 0.000000 0.000000 
0.000000 0.000000 0.000000 0.000000 0.000000 0.000000 0.000000 0.000000 0.000000 0.000000 0.000000 0.000000 0.000000 0.000000 0.000000 0.000000 0.000000 0.000000 0.000000 0.000000 0.000000 0.000000 0.000000 0.000000 0.000000 0.000000 0.000000 0.000000 0.000000 0.000000 0.000000 0.000000 0.000000 0.000000 0.000000 0.000000 0.000000 0.000000 0.000000 0.000000 0.000000 0.000001 0.000001 0.000001 0.000001 0.000001 0.000001 0.000001 0.000001 0.000001 0.000001 0.000001 0.000001 0.000001 0.000001 0.000001 0.000001 0.000001 0.000001 0.000001 0.000000 0.000000 0.000000 0.000000 0.000000 0.000000 0.000000 0.000000 0.000000 0.000000 0.000000 0.000000 0.000000 0.000000 0.000000 0.000000 0.000000 0.000000 0.000000 0.000000 0.000000 0.000000 0.000000 0.000000 0.000000 0.000000 0.000000 0.000000 0.000000 0.000000 0.000000 0.000000 0.000000 0.000000 0.000000 0.000000 0.000000 0.000000 0.000000 0.000000 
0.000000 0.000000 0.000000 0.000000 0.000000 0.000000 0.000000 0.000000 0.000000 0.000000 0.000000 0.000000 0.000000 0.000000 0.000000 0.000000 0.000000 0.000000 0.000000 0.000000 0.000000 0.000000 0.000000 0.000000 0.000000 0.000000 0.000000 0.000000 0.000000 0.000000 0.000000 0.000000 0.000000 0.000000 0.000000 0.000000 0.000000 0.000000 0.000001 0.000001 0.000001 0.000001 0.000001 0.000002 0.000002 0.000002 0.000002 0.000002 0.000003 0.000003 0.000003 0.000003 0.000003 0.000002 0.000002 0.000002 0.000002 0.000002 0.000001 0.000001 0.000001 0.000001 0.000001 0.000000 0.000000 0.000000 0.000000 0.000000 0.000000 0.000000 0.000000 0.000000 0.000000 0.000000 0.000000 0.000000 0.000000 0.000000 0.000000 0.000000 0.000000 0.000000 0.000000 0.000000 0.000000 0.000000 0.000000 0.000000 0.000000 0.000000 0.000000 0.000000 0.000000 0.000000 0.000000 0.000000 0.000000 0.000000 0.000000 0.000000 
0.000000 0.000000 0.000000 0.000000 0.000000 0.000000 0.000000 0.000000 0.000000 0.000000 0.000000 0.000000 0.000000 0.000000 0.000000 0.000000 0.000000 0.000000 0.000000 0.000000 0.000000 0.000000 0.000000 0.000000 0.000000 0.000000 0.000000 0.000000 0.000000 0.000000 0.000000 0.000000 0.000000 0.000000 0.000000 0.000001 0.000001 0.000001 0.000001 0.000002 0.000002 0.000003 0.000003 0.000004 0.000004 0.000005 0.000005 0.000005 0.000006 0.000006 0.000006 0.000006 0.000006 0.000005 0.000005 0.000005 0.000004 0.000004 0.000003 0.000003 0.000002 0.000002 0.000001 0.000001 0.000001 0.000001 0.000000 0.000000 0.000000 0.000000 0.000000 0.000000 0.000000 0.000000 0.000000 0.000000 0.000000 0.000000 0.000000 0.000000 0.000000 0.000000 0.000000 0.000000 0.000000 0.000000 0.000000 0.000000 0.000000 0.000000 0.000000 0.000000 0.000000 0.000000 0.000000 0.000000 0.000000 0.000000 0.000000 0.000000 
0.000000 0.000000 0.000000 0.000000 0.000000 0.000000 0.000000 0.000000 0.000000 0.000000 0.000000 0.000000 0.000000 0.000000 0.000000 0.000000 0.000000 0.000000 0.000000 0.000000 0.000000 0.000000 0.000000 0.000000 0.000000 0.000000 0.000000 0.000000 0.000000 0.000000 0.000000 0.000000 0.000001 0.000001 0.000001 0.000001 0.000002 0.000002 0.000003 0.000004 0.000005 0.000006 0.000007 0.000008 0.000009 0.000010 0.000011 0.000012 0.000013 0.000013 0.000013 0.000013 0.000013 0.000012 0.000011 0.000010 0.000009 0.000008 0.000007 0.000006 0.000005 0.000004 0.000003 0.000002 0.000002 0.000001 0.000001 0.000001 0.000001 0.000000 0.000000 0.000000 0.000000 0.000000 0.000000 0.000000 0.000000 0.000000 0.000000 0.000000 0.000000 0.000000 0.000000 0.000000 0.000000 0.000000 0.000000 0.000000 0.000000 0.000000 0.000000 0.000000 0.000000 0.000000 0.000000 0.000000 0.000000 0.000000 0.000000 0.000000 
0.000000 0.000000 0.000000 0.000000 0.000000 0.000000 0.000000 0.000000 0.000000 0.000000 0.000000 0.000000 0.000000 0.000000 0.000000 0.000000 0.000000 0.000000 0.000000 0.000000 0.000000 0.000000 0.000000 0.000000 0.000000 0.000000 0.000000 0.000000 0.000000 0.000000 0.000001 0.000001 0.000001 0.000002 0.000002 0.000003 0.000004 0.000005 0.000007 0.000008 0.000010 0.000013 0.000015 0.000017 0.000020 0.000022 0.000024 0.000026 0.000027 0.000028 0.000028 0.000028 0.000027 0.000026 0.000024 0.000022 0.000020 0.000017 0.000015 0.000013 0.000010 0.000008 0.000007 0.000005 0.000004 0.000003 0.000002 0.000002 0.000001 0.000001 0.000001 0.000000 0.000000 0.000000 0.000000 0.000000 0.000000 0.000000 0.000000 0.000000 0.000000 0.000000 0.000000 0.000000 0.000000 0.000000 0.000000 0.000000 0.000000 0.000000 0.000000 0.000000 0.000000 0.000000 0.000000 0.000000 0.000000 0.000000 0.000000 0.000000 
0.000000 0.000000 0.000000 0.000000 0.000000 0.000000 0.000000 0.000000 0.000000 0.000000 0.000000 0.000000 0.000000 0.000000 0.000000 0.000000 0.000000 0.000000 0.000000 0.000000 0.000000 0.000000 0.000000 0.000000 0.000000 0.000000 0.000000 0.000000 0.000001 0.000001 0.000001 0.000002 0.000002 0.000003 0.000005 0.000006 0.000009 0.000011 0.000014 0.000018 0.000022 0.000027 0.000032 0.000037 0.000042 0.000046 0.000051 0.000054 0.000057 0.000059 0.000059 0.000059 0.000057 0.000054 0.000051 0.000046 0.000042 0.000037 0.000032 0.000027 0.000022 0.000018 0.000014 0.000011 0.000009 0.000006 0.000005 0.000003 0.000002 0.000002 0.000001 0.000001 0.000001 0.000000 0.000000 0.000000 0.000000 0.000000 0.000000 0.000000 0.000000 0.000000 0.000000 0.000000 0.000000 0.000000 0.000000 0.000000 0.000000 0.000000 0.000000 0.000000 0.000000 0.000000 0.000000 0.000000 0.000000 0.000000 0.000000 0.000000 
0.000000 0.000000 0.000000 0.000000 0.000000 0.000000 0.000000 0.000000 0.000000 0.000000 0.000000 0.000000 0.000000 0.000000 0.000000 0.000000 0.000000 0.000000 0.000000 0.000000 0.000000 0.000000 0.000000 0.000000 0.000000 0.000000 0.000000 0.000001 0.000001 0.000002 0.000002 0.000004 0.000005 0.000007 0.000010 0.000014 0.000018 0.000023 0.000030 0.000037 0.000046 0.000056 0.000066 0.000076 0.000087 0.000096 0.000105 0.000113 0.000119 0.000122 0.000123 0.000122 0.000119 0.000113 0.000105 0.000096 0.000087 0.000076 0.000066 0.000056 0.000046 0.000037 0.000030 0.000023 0.000018 0.000014 0.000010 0.000007 0.000005 0.000004 0.000002 0.000002 0.000001 0.000001 0.000000 0.000000 0.000000 0.000000 0.000000 0.000000 0.000000 0.000000 0.000000 0.000000 0.000000 0.000000 0.000000 0.000000 0.000000 0.000000 0.000000 0.000000 0.000000 0.000000 0.000000 0.000000 0.000000 0.000000 0.000000 0.000000 
0.000000 0.000000 0.000000 0.000000 0.000000 0.000000 0.000000 0.000000 0.000000 0.000000 0.000000 0.000000 0.000000 0.000000 0.000000 0.000000 0.000000 0.000000 0.000000 0.000000 0.000000 0.000000 0.000000 0.000000 0.000000 0.000001 0.000001 0.000001 0.000002 0.000003 0.000005 0.000007 0.000011 0.000015 0.000020 0.000028 0.000037 0.000048 0.000061 0.000077 0.000094 0.000114 0.000134 0.000156 0.000177 0.000197 0.000215 0.000231 0.000242 0.000250 0.000252 0.000250 0.000242 0.000231 0.000215 0.000197 0.000177 0.000156 0.000134 0.000114 0.000094 0.000077 0.000061 0.000048 0.000037 0.000028 0.000020 0.000015 0.000011 0.000007 0.000005 0.000003 0.000002 0.000001 0.000001 0.000001 0.000000 0.000000 0.000000 0.000000 0.000000 0.000000 0.000000 0.000000 0.000000 0.000000 0.000000 0.000000 0.000000 0.000000 0.000000 0.000000 0.000000 0.000000 0.000000 0.000000 0.000000 0.000000 0.000000 0.000000 
0.000000 0.000000 0.000000 0.000000 0.000000 0.000000 0.000000 0.000000 0.000000 0.000000 0.000000 0.000000 0.000000 0.000000 0.000000 0.000000 0.000000 0.000000 0.000000 0.000000 0.000000 0.000000 0.000000 0.000000 0.000001 0.000001 0.000002 0.000003 0.000005 0.000007 0.000010 0.000015 0.000021 0.000030 0.000041 0.000056 0.000074 0.000097 0.000124 0.000155 0.000190 0.000229 0.000270 0.000313 0.000356 0.000396 0.000433 0.000464 0.000487 0.000501 0.000506 0.000501 0.000487 0.000464 0.000433 0.000396 0.000356 0.000313 0.000270 0.000229 0.000190 0.000155 0.000124 0.000097 0.000074 0.000056 0.000041 0.000030 0.000021 0.000015 0.000010 0.000007 0.000005 0.000003 0.000002 0.000001 0.000001 0.000000 0.000000 0.000000 0.000000 0.000000 0.000000 0.000000 0.000000 0.000000 0.000000 0.000000 0.000000 0.000000 0.000000 0.000000 0.000000 0.000000 0.000000 0.000000 0.000000 0.000000 0.000000 0.000000 
0.000000 0.000000 0.000000 0.000000 0.000000 0.000000 0.000000 0.000000 0.000000 0.000000 0.000000 0.000000 0.000000 0.000000 0.000000 0.000000 0.000000 0.000000 0.000000 0.000000 0.000000 0.000000 0.000000 0.000001 0.000001 0.000002 0.000004 0.000006 0.000009 0.000014 0.000020 0.000030 0.000042 0.000060 0.000082 0.000111 0.000148 0.000192 0.000245 0.000306 0.000376 0.000453 0.000535 0.000619 0.000703 0.000783 0.000855 0.000915 0.000961 0.000990 0.001000 0.000990 0.000961 0.000915 0.000855 0.000783 0.000703 0.000619 0.000535 0.000453 0.000376 0.000306 0.000245 0.000192 0.000148 0.000111 0.000082 0.000060 0.000042 0.000030 0.000020 0.000014 0.000009 0.000006 0.000004 0.000002 0.000001 0.000001 0.000000 0.000000 0.000000 0.000000 0.000000 0.000000 0.000000 0.000000 0.000000 0.000000 0.000000 0.000000 0.000000 0.000000 0.000000 0.000000 0.000000 0.000000 0.000000 0.000000 0.000000 0.000000 
0.000000 0.000000 0.000000 0.000000 0.000000 0.000000 0.000000 0.000000 0.000000 0.000000 0.000000 0.000000 0.000000 0.000000 0.000000 0.000000 0.000000 0.000000 0.000000 0.000000 0.000000 0.000001 0.000001 0.000002 0.000003 0.000005 0.000007 0.000011 0.000018 0.000027 0.000040 0.000058 0.000083 0.000117 0.000161 0.000217 0.000288 0.000374 0.000477 0.000596 0.000732 0.000880 0.001039 0.001203 0.001365 0.001520 0.001660 0.001777 0.001866 0.001921 0.001940 0.001921 0.001866 0.001777 0.001660 0.001520 0.001365 0.001203 0.001039 0.000880 0.000732 0.000596 0.000477 0.000374 0.000288 0.000217 0.000161 0.000117 0.000083 0.000058 0.000040 0.000027 0.000018 0.000011 0.000007 0.000005 0.000003 0.000002 0.000001 0.000001 0.000000 0.000000 0.000000 0.000000 0.000000 0.000000 0.000000 0.000000 0.000000 0.000000 0.000000 0.000000 0.000000 0.000000 0.000000 0.000000 0.000000 0.000000 0.000000 0.000000 
0.000000 0.000000 0.000000 0.000000 0.000000 0.000000 0.000000 0.000000 0.000000 0.000000 0.000000 0.000000 0.000000 0.000000 0.000000 0.000000 0.000000 0.000000 0.000000 0.000000 0.000001 0.000001 0.000002 0.000003 0.000005 0.000009 0.000014 0.000022 0.000034 0.000052 0.000077 0.000112 0.000160 0.000224 0.000308 0.000416 0.000551 0.000716 0.000912 0.001141 0.001399 0.001683 0.001985 0.002297 0.002607 0.002901 0.003167 0.003390 0.003560 0.003665 0.003701 0.003665 0.003560 0.003390 0.003167 0.002901 0.002607 0.002297 0.001985 0.001683 0.001399 0.001141 0.000912 0.000716 0.000551 0.000416 0.000308 0.000224 0.000160 0.000112 0.000077 0.000052 0.000034 0.000022 0.000014 0.000009 0.000005 0.000003 0.000002 0.000001 0.000001 0.000000 0.000000 0.000000 0.000000 0.000000 0.000000 0.000000 0.000000 0.000000 0.000000 0.000000 0.000000 0.000000 0.000000 0.000000 0.000000 0.000000 0.000000 0.000000 
0.000000 0.000000 0.000000 0.000000 0.000000 0.000000 0.000000 0.000000 0.000000 0.000000 0.000000 0.000000 0.000000 0.000000 0.000000 0.000000 0.000000 0.000000 0.000000 0.000001 0.000001 0.000002 0.000004 0.000006 0.000010 0.000017 0.000027 0.000042 0.000065 0.000098 0.000145 0.000211 0.000301 0.000422 0.000581 0.000784 0.001037 0.001347 0.001716 0.002144 0.002628 0.003160 0.003727 0.004311 0.004891 0.005442 0.005939 0.006357 0.006674 0.006871 0.006938 0.006871 0.006674 0.006357 0.005939 0.005442 0.004891 0.004311 0.003727 0.003160 0.002628 0.002144 0.001716 0.001347 0.001037 0.000784 0.000581 0.000422 0.000301 0.000211 0.000145 0.000098 0.000065 0.000042 0.000027 0.000017 0.000010 0.000006 0.000004 0.000002 0.000001 0.000001 0.000000 0.000000 0.000000 0.000000 0.000000 0.000000 0.000000 0.000000 0.000000 0.000000 0.000000 0.000000 0.000000 0.000000 0.000000 0.000000 0.000000 0.000000 
0.000000 0.000000 0.000000 0.000000 0.000000 0.000000 0.000000 0.000000 0.000000 0.000000 0.000000 0.000000 0.000000 0.000000 0.000000 0.000000 0.000000 0.000000 0.000001 0.000001 0.000002 0.000004 0.000007 0.000012 0.000019 0.000031 0.000050 0.000078 0.000120 0.000182 0.000269 0.000392 0.000559 0.000783 0.001076 0.001451 0.001919 0.002491 0.003171 0.003961 0.004853 0.005832 0.006875 0.007950 0.009017 0.010032 0.010946 0.011715 0.012297 0.012660 0.012783 0.012660 0.012297 0.011715 0.010946 0.010032 0.009017 0.007950 0.006875 0.005832 0.004853 0.003961 0.003171 0.002491 0.001919 0.001451 0.001076 0.000783 0.000559 0.000392 0.000269 0.000182 0.000120 0.000078 0.000050 0.000031 0.000019 0.000012 0.000007 0.000004 0.000002 0.000001 0.000001 0.000000 0.000000 0.000000 0.000000 0.000000 0.000000 0.000000 0.000000 0.000000 0.000000 0.000000 0.000000 0.000000 0.000000 0.000000 0.000000 0.000000 
0.000000 0.000000 0.000000 0.000000 0.000000 0.000000 0.000000 0.000000 0.000000 0.000000 0.000000 0.000000 0.000000 0.000000 0.000000 0.000000 0.000000 0.000001 0.000001 0.000002 0.000004 0.000007 0.000013 0.000021 0.000035 0.000057 0.000091 0.000143 0.000220 0.000332 0.000491 0.000714 0.001019 0.001426 0.001958 0.002639 0.003489 0.004525 0.005758 0.007189 0.008804 0.010577 0.012464 0.014409 0.016338 0.018172 0.019825 0.021214 0.022265 0.022921 0.023144 0.022921 0.022265 0.021214 0.019825 0.018172 0.016338 0.014409 0.012464 0.010577 0.008804 0.007189 0.005758 0.004525 0.003489 0.002639 0.001958 0.001426 0.001019 0.000714 0.000491 0.000332 0.000220 0.000143 0.000091 0.000057 0.000035 0.000021 0.000013 0.000007 0.000004 0.000002 0.000001 0.000001 0.000000 0.000000 0.000000 0.000000 0.000000 0.000000 0.000000 0.000000 0.000000 0.000000 0.000000 0.000000 0.000000 0.000000 0.000000 0.000000 
0.000000 0.000000 0.000000 0.000000 0.000000 0.000000 0.000000 0.000000 0.000000 0.000000 0.000000 0.000000 0.000000 0.000000 0.000000 0.000000 0.000001 0.000001 0.000002 0.000004 0.000008 0.000013 0.000023 0.000038 0.000063 0.000103 0.000164 0.000257 0.000395 0.000595 0.000881 0.001280 0.001824 0.002551 0.003502 0.004716 0.006231 0.008078 0.010274 0.012820 0.015694 0.018847 0.022203 0.025659 0.029088 0.032345 0.035280 0.037747 0.039614 0.040779 0.041174 0.040779 0.039614 0.037747 0.035280 0.032345 0.029088 0.025659 0.022203 0.018847 0.015694 0.012820 0.010274 0.008078 0.006231 0.004716 0.003502 0.002551 0.001824 0.001280 0.000881 0.000595 0.000395 0.000257 0.000164 0.000103 0.000063 0.000038 0.000023 0.000013 0.000008 0.000004 0.000002 0.000001 0.000001 0.000000 0.000000 0.000000 0.000000 0.000000 0.000000 0.000000 0.000000 0.000000 0.000000 0.000000 0.000000 0.000000 0.000000 0.000000 
0.000000 0.000000 0.000000 0.000000 0.000000 0.000000 0.000000 0.000000 0.000000 0.000000 0.000000 0.000000 0.000000 0.000000 0.000000 0.000001 0.000001 0.000002 0.000004 0.000008 0.000013 0.000024 0.000040 0.000068 0.000112 0.000182 0.000290 0.000454 0.000697 0.001050 0.001552 0.002253 0.003209 0.004485 0.006152 0.008279 0.010933 0.014167 0.018010 0.022463 0.027487 0.032998 0.038861 0.044896 0.050882 0.056568 0.061691 0.065995 0.069252 0.071284 0.071974 0.071284 0.069252 0.065995 0.061691 0.056568 0.050882 0.044896 0.038861 0.032998 0.027487 0.022463 0.018010 0.014167 0.010933 0.008279 0.006152 0.004485 0.003209 0.002253 0.001552 0.001050 0.000697 0.000454 0.000290 0.000182 0.000112 0.000068 0.000040 0.000024 0.000013 0.000008 0.000004 0.000002 0.000001 0.000001 0.000000 0.000000 0.000000 0.000000 0.000000 0.000000 0.000000 0.000000 0.000000 0.000000 0.000000 0.000000 0.000000 0.000000 
0.000000 0.000000 0.000000 0.000000 0.000000 0.000000 0.000000 0.000000 0.000000 0.000000 0.000000 0.000000 0.000000 0.000000 0.000001 0.000001 0.000002 0.000004 0.000007 0.000013 0.000024 0.000041 0.000070 0.000118 0.000195 0.000316 0.000504 0.000787 0.001207 0.001818 0.002686 0.003895 0.005544 0.007745 0.010616 0.014279 0.018847 0.024408 0.031015 0.038668 0.047297 0.056759 0.066822 0.077178 0.087447 0.097199 0.105984 0.113363 0.118947 0.122430 0.123613 0.122430 0.118947 0.113363 0.105984 0.097199 0.087447 0.077178 0.066822 0.056759 0.047297 0.038668 0.031015 0.024408 0.018847 0.014279 0.010616 0.007745 0.005544 0.003895 0.002686 0.001818 0.001207 0.000787 0.000504 0.000316 0.000195 0.000118 0.000070 0.000041 0.000024 0.000013 0.000007 0.000004 0.000002 0.000001 0.000001 0.000000 0.000000 0.000000 0.000000 0.000000 0.000000 0.000000 0.000000 0.000000 0.000000 0.000000 0.000000 0.000000 
0.000000 0.000000 0.000000 0.000000 0.000000 0.000000 0.000000 0.000000 0.000000 0.000000 0.000000 0.000000 0.000000 0.000000 0.000001 0.000002 0.000004 0.000007 0.000013 0.000023 0.000040 0.000070 0.000120 0.000202 0.000333 0.000540 0.000859 0.001341 0.002055 0.003091 0.004565 0.006616 0.009410 0.013136 0.017996 0.024193 0.031914 0.041311 0.052470 0.065389 0.079951 0.095911 0.112882 0.130341 0.147648 0.164080 0.178880 0.191311 0.200717 0.206581 0.208574 0.206581 0.200717 0.191311 0.178880 0.164080 0.147648 0.130341 0.112882 0.095911 0.079951 0.065389 0.052470 0.041311 0.031914 0.024193 0.017996 0.013136 0.009410 0.006616 0.004565 0.003091 0.002055 0.001341 0.000859 0.000540 0.000333 0.000202 0.000120 0.000070 0.000040 0.000023 0.000013 0.000007 0.000004 0.000002 0.000001 0.000000 0.000000 0.000000 0.000000 0.000000 0.000000 0.000000 0.000000 0.000000 0.000000 0.000000 0.000000 0.000000 
0.000000 0.000000 0.000000 0.000000 0.000000 0.000000 0.000000 0.000000 0.000000 0.000000 0.000000 0.000000 0.000000 0.000001 0.000002 0.000003 0.000006 0.000012 0.000021 0.000038 0.000068 0.000118 0.000202 0.000339 0.000559 0.000905 0.001438 0.002243 0.003435 0.005164 0.007620 0.011036 0.015687 0.021886 0.029964 0.040261 0.053084 0.068682 0.087195 0.108620 0.132761 0.159211 0.187326 0.216241 0.244898 0.272101 0.296598 0.317169 0.332734 0.342437 0.345735 0.342437 0.332734 0.317169 0.296598 0.272101 0.244898 0.216241 0.187326 0.159211 0.132761 0.108620 0.087195 0.068682 0.053084 0.040261 0.029964 0.021886 0.015687 0.011036 0.007620 0.005164 0.003435 0.002243 0.001438 0.000905 0.000559 0.000339 0.000202 0.000118 0.000068 0.000038 0.000021 0.000012 0.000006 0.000003 0.000002 0.000001 0.000000 0.000000 0.000000 0.000000 0.000000 0.000000 0.000000 0.000000 0.000000 0.000000 0.000000 0.000000 
0.000000 0.000000 0.000000 0.000000 0.000000 0.000000 0.000000 0.000000 0.000000 0.000000 0.000000 0.000000 0.000001 0.000001 0.000003 0.000005 0.000010 0.000019 0.000035 0.000063 0.000112 0.000195 0.000333 0.000559 0.000921 0.001489 0.002364 0.003685 0.005640 0.008472 0.012492 0.018080 0.025685 0.035812 0.049004 0.065808 0.086726 0.112158 0.142330 0.177232 0.216547 0.259604 0.305360 0.352405 0.399019 0.443259 0.483090 0.516535 0.541836 0.557610 0.562969 0.557610 0.541836 0.516535 0.483090 0.443259 0.399019 0.352405 0.305360 0.259604 0.216547 0.177232 0.142330 0.112158 0.086726 0.065808 0.049004 0.035812 0.025685 0.018080 0.012492 0.008472 0.005640 0.003685 0.002364 0.001489 0.000921 0.000559 0.000333 0.000195 0.000112 0.000063 0.000035 0.000019 0.000010 0.000005 0.000003 0.000001 0.000001 0.000000 0.000000 0.000000 0.000000 0.000000 0.000000 0.000000 0.000000 0.000000 0.000000 0.000000 
0.000000 0.000000 0.000000 0.000000 0.000000 0.000000 0.000000 0.000000 0.000000 0.000000 0.000000 0.000001 0.000001 0.000002 0.000005 0.000009 0.000017 0.000031 0.000057 0.000103 0.000182 0.000316 0.000540 0.000905 0.001489 0.002406 0.003817 0.005946 0.009092 0.013648 0.020111 0.029089 0.041300 0.057550 0.078709 0.105646 0.139162 0.179890 0.228191 0.284041 0.346929 0.415782 0.488928 0.564116 0.638597 0.709272 0.772893 0.826306 0.866710 0.891898 0.900455 0.891898 0.866710 0.826306 0.772893 0.709272 0.638597 0.564116 0.488928 0.415782 0.346929 0.284041 0.228191 0.179890 0.139162 0.105646 0.078709 0.057550 0.041300 0.029089 0.020111 0.013648 0.009092 0.005946 0.003817 0.002406 0.001489 0.000905 0.000540 0.000316 0.000182 0.000103 0.000057 0.000031 0.000017 0.000009 0.000005 0.000002 0.000001 0.000001 0.000000 0.000000 0.000000 0.000000 0.000000 0.000000 0.000000 0.000000 0.000000 0.000000 
0.000000 0.000000 0.000000 0.000000 0.000000 0.000000 0.000000 0.000000 0.000000 0.000000 0.000000 0.000001 0.000002 0.000004 0.000007 0.000014 0.000027 0.000050 0.000091 0.000164 0.000290 0.000504 0.000859 0.001438 0.002364 0.003817 0.006051 0.009419 0.014392 0.021590 0.031794 0.045960 0.065214 0.090825 0.124154 0.166563 0.219304 0.283367 0.359311 0.447092 0.545900 0.654047 0.768903 0.886937 1.003835 1.114738 1.214556 1.298349 1.361728 1.401234 1.414657 1.401234 1.361728 1.298349 1.214556 1.114738 1.003835 0.886937 0.768903 0.654047 0.545900 0.447092 0.359311 0.283367 0.219304 0.166563 0.124154 0.090825 0.065214 0.045960 0.031794 0.021590 0.014392 0.009419 0.006051 0.003817 0.002364 0.001438 0.000859 0.000504 0.000290 0.000164 0.000091 0.000050 0.000027 0.000014 0.000007 0.000004 0.000002 0.000001 0.000000 0.000000 0.000000 0.000000 0.000000 0.000000 0.000000 0.000000 0.000000 0.000000 
0.000000 0.000000 0.000000 0.000000 0.000000 0.000000 0.000000 0.000000 0.000000 0.000000 0.000001 0.000001 0.000003 0.000006 0.000011 0.000022 0.000042 0.000078 0.000143 0.000257 0.000454 0.000787 0.001341 0.002243 0.003685 0.005946 0.009419 0.014649 0.022369 0.033536 0.049355 0.071304 0.101120 0.140759 0.192315 0.257887 0.339398 0.438364 0.555640 0.691143 0.843621 1.010457 1.187598 1.369594 1.549801 1.720736 1.874562 2.003677 2.101326 2.162191 2.182870 2.162191 2.101326 2.003677 1.874562 1.720736 1.549801 1.369594 1.187598 1.010457 0.843621 0.691143 0.555640 0.438364 0.339398 0.257887 0.192315 0.140759 0.101120 0.071304 0.049355 0.033536 0.022369 0.014649 0.009419 0.005946 0.003685 0.002243 0.001341 0.000787 0.000454 0.000257 0.000143 0.000078 0.000042 0.000022 0.000011 0.000006 0.000003 0.000001 0.000001 0.000000 0.000000 0.000000 0.000000 0.000000 0.000000 0.000000 0.000000 0.000000 
0.000000 0.000000 0.000000 0.000000 0.000000 0.000000 0.000000 0.000000 0.000000 0.000001 0.000001 0.000002 0.000005 0.000009 0.000018 0.000034 0.000065 0.000120 0.000220 0.000395 0.000697 0.001207 0.002055 0.003435 0.005640 0.009092 0.014392 0.022369 0.034137 0.051145 0.075228 0.108623 0.153962 0.214206 0.292525 0.392090 0.515803 0.665949 0.843804 1.049234 1.280322 1.533101 1.801421 2.077031 2.349877 2.608639 2.841469 3.036873 3.184644 3.276745 3.308035 3.276745 3.184644 3.036873 2.841469 2.608639 2.349877 2.077031 1.801421 1.533101 1.280322 1.049234 0.843804 0.665949 0.515803 0.392090 0.292525 0.214206 0.153962 0.108623 0.075228 0.051145 0.034137 0.022369 0.014392 0.009092 0.005640 0.003435 0.002055 0.001207 0.000697 0.000395 0.000220 0.000120 0.000065 0.000034 0.000018 0.000009 0.000005 0.000002 0.000001 0.000001 0.000000 0.000000 0.000000 0.000000 0.000000 0.000000 0.000000 0.000000 
0.000000 0.000000 0.000000 0.000000 0.000000 0.000000 0.000000 0.000000 0.000000 0.000001 0.000002 0.000003 0.000007 0.000014 0.000027 0.000052 0.000098 0.000182 0.000332 0.000595 0.001050 0.001818 0.003091 0.005164 0.008472 0.013648 0.021590 0.033536 0.051145 0.076583 0.112580 0.162470 0.230167 0.320076 0.436905 0.585361 0.769747 0.993444 1.258329 1.564180 1.908128 2.284254 2.683407 3.093314 3.499031 3.883741 4.229850 4.520291 4.739913 4.876789 4.923290 4.876789 4.739913 4.520291 4.229850 3.883741 3.499031 3.093314 2.683407 2.284254 1.908128 1.564180 1.258329 0.993444 0.769747 0.585361 0.436905 0.320076 0.230167 0.162470 0.112580 0.076583 0.051145 0.033536 0.021590 0.013648 0.008472 0.005164 0.003091 0.001818 0.001050 0.000595 0.000332 0.000182 0.000098 0.000052 0.000027 0.000014 0.000007 0.000003 0.000002 0.000001 0.000000 0.000000 0.000000 0.000000 0.000000 0.000000 0.000000 0.000000 
0.000000 0.000000 0.000000 0.000000 0.000000 0.000000 0.000000 0.000000 0.000001 0.000001 0.000002 0.000005 0.000010 0.000020 0.000040 0.000077 0.000145 0.000269 0.000491 0.000881 0.001552 0.002686 0.004565 0.007620 0.012492 0.020111 0.031794 0.049355 0.075228 0.112580 0.165409 0.238587 0.337836 0.469589 0.640711 0.858070 1.127927 1.455196 1.842592 2.289758 2.792479 3.342086 3.925203 4.523902 5.116373 5.678078 6.183354 6.607318 6.927881 7.127656 7.195523 7.127656 6.927881 6.607318 6.183354 5.678078 5.116373 4.523902 3.925203 3.342086 2.792479 2.289758 1.842592 1.455196 1.127927 0.858070 0.640711 0.469589 0.337836 0.238587 0.165409 0.112580 0.075228 0.049355 0.031794 0.020111 0.012492 0.007620 0.004565 0.002686 0.001552 0.000881 0.000491 0.000269 0.000145 0.000077 0.000040 0.000020 0.000010 0.000005 0.000002 0.000001 0.000001 0.000000 0.000000 0.000000 0.000000 0.000000 0.000000 0.000000 
0.000000 0.000000 0.000000 0.000000 0.000000 0.000000 0.000000 0.000000 0.000001 0.000002 0.000004 0.000007 0.000015 0.000030 0.000058 0.000112 0.000211 0.000392 0.000714 0.001280 0.002253 0.003895 0.006616 0.011036 0.018080 0.029089 0.045960 0.071304 0.108623 0.162470 0.238587 0.343972 0.486835 0.676400 0.922506 1.234982 1.622785 2.092929 2.649266 3.291246 4.012784 4.801419 5.637947 6.496657 7.346282 8.151667 8.876052 9.483803 9.943294 10.229634 10.326907 10.229634 9.943294 9.483803 8.876052 8.151667 7.346282 6.496657 5.637947 4.801419 4.012784 3.291246 2.649266 2.092929 1.622785 1.234982 0.922506 0.676400 0.486835 0.343972 0.238587 0.162470 0.108623 0.071304 0.045960 0.029089 0.018080 0.011036 0.006616 0.003895 0.002253 0.001280 0.000714 0.000392 0.000211 0.000112 0.000058 0.000030 0.000015 0.000007 0.000004 0.000002 0.000001 0.000000 0.000000 0.000000 0.000000 0.000000 0.000000 0.000000 
0.000000 0.000000 0.000000 0.000000 0.000000 0.000000 0.000000 0.000001 0.000001 0.000002 0.000005 0.000011 0.000021 0.000042 0.000083 0.000160 0.000301 0.000559 0.001019 0.001824 0.003209 0.005544 0.009410 0.015687 0.025685 0.041300 0.065214 0.101120 0.153962 0.230167 0.337836 0.486835 0.688732 0.956515 1.304027 1.745090 2.292283 2.955437 3.739928 4.644926 5.661807 6.772986 7.951391 9.160812 10.357239 11.491203 12.511000 13.366515 14.013282 14.416309 14.553217 14.416309 14.013282 13.366515 12.511000 11.491203 10.357239 9.160812 7.951391 6.772986 5.661807 4.644926 3.739928 2.955437 2.292283 1.745090 1.304027 0.956515 0.688732 0.486835 0.337836 0.230167 0.153962 0.101120 0.065214 0.041300 0.025685 0.015687 0.009410 0.005544 0.003209 0.001824 0.001019 0.000559 0.000301 0.000160 0.000083 0.000042 0.000021 0.000011 0.000005 0.000002 0.000001 0.000001 0.000000 0.000000 0.000000 0.000000 0.000000 0.000000 
0.000000 0.000000 0.000000 0.000000 0.000000 0.000000 0.000000 0.000001 0.000002 0.000003 0.000007 0.000015 0.000030 0.000060 0.000117 0.000224 0.000422 0.000783 0.001426 0.002551 0.004485 0.007745 0.013136 0.021886 0.035812 0.057550 0.090825 0.140759 0.214206 0.320076 0.469589 0.676400 0.956515 1.327889 1.809653 2.420889 3.178946 4.097361 5.183498 6.436139 7.843293 9.380587 11.010555 12.683122 14.337454 15.905206 17.314955 18.497498 19.391436 19.948460 20.137677 19.948460 19.391436 18.497498 17.314955 15.905206 14.337454 12.683122 11.010555 9.380587 7.843293 6.436139 5.183498 4.097361 3.178946 2.420889 1.809653 1.327889 0.956515 0.676400 0.469589 0.320076 0.214206 0.140759 0.090825 0.057550 0.035812 0.021886 0.013136 0.007745 0.004485 0.002551 0.001426 0.000783 0.000422 0.000224 0.000117 0.000060 0.000030 0.000015 0.000007 0.000003 0.000002 0.000001 0.000000 0.000000 0.000000 0.000000 0.000000 0.000000 
0.000000 0.000000 0.000000 0.000000 0.000000 0.000000 0.000000 0.000001 0.000002 0.000005 0.000010 0.000020 0.000041 0.000082 0.000161 0.000308 0.000581 0.001076 0.001958 0.003502 0.006152 0.010616 0.017996 0.029964 0.049004 0.078709 0.124154 0.192315 0.292525 0.436905 0.640711 0.922506 1.304027 1.809653 2.465340 3.296955 4.327999 5.576775 7.053198 8.755517 10.667370 12.755593 14.969276 17.240424 19.486477 21.614706 23.528243 25.133241 26.346454 27.102389 27.359169 27.102389 26.346454 25.133241 23.528243 21.614706 19.486477 17.240424 14.969276 12.755593 10.667370 8.755517 7.053198 5.576775 4.327999 3.296955 2.465340 1.809653 1.304027 0.922506 0.640711 0.436905 0.292525 0.192315 0.124154 0.078709 0.049004 0.029964 0.017996 0.010616 0.006152 0.003502 0.001958 0.001076 0.000581 0.000308 0.000161 0.000082 0.000041 0.000020 0.000010 0.000005 0.000002 0.000001 0.000000 0.000000 0.000000 0.000000 0.000000 0.000000 
0.000000 0.000000 0.000000 0.000000 0.000000 0.000000 0.000001 0.000001 0.000003 0.000006 0.000014 0.000028 0.000056 0.000111 0.000217 0.000416 0.000784 0.001451 0.002639 0.004716 0.008279 0.014279 0.024193 0.040261 0.065808 0.105646 0.166563 0.257887 0.392090 0.585361 0.858070 1.234982 1.745090 2.420889 3.296955 4.407725 5.784455 7.451452 9.421821 11.693116 14.243414 17.028422 19.980218 23.008152 26.002207 28.838857 31.389094 33.527958 35.144621 36.151899 36.494049 36.151899 35.144621 33.527958 31.389094 28.838857 26.002207 23.008152 19.980218 17.028422 14.243414 11.693116 9.421821 7.451452 5.784455 4.407725 3.296955 2.420889 1.745090 1.234982 0.858070 0.585361 0.392090 0.257887 0.166563 0.105646 0.065808 0.040261 0.024193 0.014279 0.008279 0.004716 0.002639 0.001451 0.000784 0.000416 0.000217 0.000111 0.000056 0.000028 0.000014 0.000006 0.000003 0.000001 0.000001 0.000000 0.000000 0.000000 0.000000 0.000000 
0.000000 0.000000 0.000000 0.000000 0.000000 0.000000 0.000001 0.000002 0.000004 0.000009 0.000018 0.000037 0.000074 0.000148 0.000288 0.000551 0.001037 0.001919 0.003489 0.006231 0.010933 0.018847 0.031914 0.053084 0.086726 0.139162 0.219304 0.339398 0.515803 0.769747 1.127927 1.622785 2.292283 3.178946 4.327999 5.784455 7.589135 9.773736 12.355278 15.330417 18.670328 22.316932 26.181270 30.144687 34.063241 37.775367 41.112369 43.910875 46.026011 47.343817 47.791439 47.343817 46.026011 43.910875 41.112369 37.775367 34.063241 30.144687 26.181270 22.316932 18.670328 15.330417 12.355278 9.773736 7.589135 5.784455 4.327999 3.178946 2.292283 1.622785 1.127927 0.769747 0.515803 0.339398 0.219304 0.139162 0.086726 0.053084 0.031914 0.018847 0.010933 0.006231 0.003489 0.001919 0.001037 0.000551 0.000288 0.000148 0.000074 0.000037 0.000018 0.000009 0.000004 0.000002 0.000001 0.000000 0.000000 0.000000 0.000000 0.000000 
0.000000 0.000000 0.000000 0.000000 0.000000 0.000000 0.000001 0.000002 0.000005 0.000011 0.000023 0.000048 0.000097 0.000192 0.000374 0.000716 0.001347 0.002491 0.004525 0.008078 0.014167 0.024408 0.041311 0.068682 0.112158 0.179890 0.283367 0.438364 0.665949 0.993444 1.455196 2.092929 2.955437 4.097361 5.576775 7.451452 9.773736 12.584222 15.904615 19.730452 24.024536 28.712110 33.678788 38.772093 43.807128 48.576416 52.863373 56.458286 59.175209 60.867891 61.442838 60.867891 59.175209 56.458286 52.863373 48.576416 43.807128 38.772093 33.678788 28.712110 24.024536 19.730452 15.904615 12.584222 9.773736 7.451452 5.576775 4.097361 2.955437 2.092929 1.455196 0.993444 0.665949 0.438364 0.283367 0.179890 0.112158 0.068682 0.041311 0.024408 0.014167 0.008078 0.004525 0.002491 0.001347 0.000716 0.000374 0.000192 0.000097 0.000048 0.000023 0.000011 0.000005 0.000002 0.000001 0.000000 0.000000 0.000000 0.000000 0.000000 
0.000000 0.000000 0.000000 0.000000 0.000000 0.000001 0.000001 0.000003 0.000007 0.000014 0.000030 0.000061 0.000124 0.000245 0.000477 0.000912 0.001716 0.003171 0.005758 0.010274 0.018010 0.031015 0.052470 0.087195 0.142330 0.228191 0.359311 0.555640 0.843804 1.258329 1.842592 2.649266 3.739928 5.183498 7.053198 9.421821 12.355278 15.904615 20.097028 24.926687 30.346483 36.261964 42.528744 48.954461 55.305940 61.321604 66.728446 71.262167 74.688444 76.822994 77.548017 76.822994 74.688444 71.262167 66.728446 61.321604 55.305940 48.954461 42.528744 36.261964 30.346483 24.926687 20.097028 15.904615 12.355278 9.421821 7.053198 5.183498 3.739928 2.649266 1.842592 1.258329 0.843804 0.555640 0.359311 0.228191 0.142330 0.087195 0.052470 0.031015 0.018010 0.010274 0.005758 0.003171 0.001716 0.000912 0.000477 0.000245 0.000124 0.000061 0.000030 0.000014 0.000007 0.000003 0.000001 0.000001 0.000000 0.000000 0.000000 0.000000 
0.000000 0.000000 0.000000 0.000000 0.000000 0.000001 0.000002 0.000004 0.000008 0.000018 0.000037 0.000077 0.000155 0.000306 0.000596 0.001141 0.002144 0.003961 0.007189 0.012820 0.022463 0.038668 0.065389 0.108620 0.177232 0.284041 0.447092 0.691143 1.049234 1.564180 2.289758 3.291246 4.644926 6.436139 8.755517 11.693116 15.330417 19.730452 24.926687 30.911676 37.626868 44.955124 52.717534 60.675858 68.541414 75.990432 82.685063 88.298276 92.540170 95.182764 96.080337 95.182764 92.540170 88.298276 82.685063 75.990432 68.541414 60.675858 52.717534 44.955124 37.626868 30.911676 24.926687 19.730452 15.330417 11.693116 8.755517 6.436139 4.644926 3.291246 2.289758 1.564180 1.049234 0.691143 0.447092 0.284041 0.177232 0.108620 0.065389 0.038668 0.022463 0.012820 0.007189 0.003961 0.002144 0.001141 0.000596 0.000306 0.000155 0.000077 0.000037 0.000018 0.000008 0.000004 0.000002 0.000001 0.000000 0.000000 0.000000 0.000000 
0.000000 0.000000 0.000000 0.000000 0.000000 0.000001 0.000002 0.000005 0.000010 0.000022 0.000046 0.000094 0.000190 0.000376 0.000732 0.001399 0.002628 0.004853 0.008804 0.015694 0.027487 0.047297 0.079951 0.132761 0.216547 0.346929 0.545900 0.843621 1.280322 1.908128 2.792479 4.012784 5.661807 7.843293 10.667370 14.243414 18.670328 24.024536 30.346483 37.626868 45.794276 54.706110 64.144753 73.820558 83.382658 92.437631 100.575019 107.397560 112.553128 115.764830 116.855689 115.764830 112.553128 107.397560 100.575019 92.437631 83.382658 73.820558 64.144753 54.706110 45.794276 37.626868 30.346483 24.024536 18.670328 14.243414 10.667370 7.843293 5.661807 4.012784 2.792479 1.908128 1.280322 0.843621 0.545900 0.346929 0.216547 0.132761 0.079951 0.047297 0.027487 0.015694 0.008804 0.004853 0.002628 0.001399 0.000732 0.000376 0.000190 0.000094 0.000046 0.000022 0.000010 0.000005 0.000002 0.000001 0.000000 0.000000 0.000000 0.000000 
0.000000 0.000000 0.000000 0.000000 0.000001 0.000001 0.000003 0.000006 0.000013 0.000027 0.000056 0.000114 0.000229 0.000453 0.000880 0.001683 0.003160 0.005832 0.010577 0.018847 0.032998 0.056759 0.095911 0.159211 0.259604 0.415782 0.654047 1.010457 1.533101 2.284254 3.342086 4.801419 6.772986 9.380587 12.755593 17.028422 22.316932 28.712110 36.261964 44.955124 54.706110 65.344543 76.610594 88.158580 99.569868 110.375155 120.084886 128.225306 134.376521 138.208375 139.509853 138.208375 134.376521 128.225306 120.084886 110.375155 99.569868 88.158580 76.610594 65.344543 54.706110 44.955124 36.261964 28.712110 22.316932 17.028422 12.755593 9.380587 6.772986 4.801419 3.342086 2.284254 1.533101 1.010457 0.654047 0.415782 0.259604 0.159211 0.095911 0.056759 0.032998 0.018847 0.010577 0.005832 0.003160 0.001683 0.000880 0.000453 0.000229 0.000114 0.000056 0.000027 0.000013 0.000006 0.000003 0.000001 0.000001 0.000000 0.000000 0.000000 
0.000000 0.000000 0.000000 0.000000 0.000001 0.000001 0.000003 0.000007 0.000015 0.000032 0.000066 0.000134 0.000270 0.000535 0.001039 0.001985 0.003727 0.006875 0.012464 0.022203 0.038861 0.066822 0.112882 0.187326 0.305360 0.488928 0.768903 1.187598 1.801421 2.683407 3.925203 5.637947 7.951391 11.010555 14.969276 19.980218 26.181270 33.678788 42.528744 52.717534 64.144753 76.610594 89.810544 103.339626 116.707520 129.364663 140.737859 150.272465 157.476942 161.964817 163.489094 161.964817 157.476942 150.272465 140.737859 129.364663 116.707520 103.339626 89.810544 76.610594 64.144753 52.717534 42.528744 33.678788 26.181270 19.980218 14.969276 11.010555 7.951391 5.637947 3.925203 2.683407 1.801421 1.187598 0.768903 0.488928 0.305360 0.187326 0.112882 0.066822 0.038861 0.022203 0.012464 0.006875 0.003727 0.001985 0.001039 0.000535 0.000270 0.000134 0.000066 0.000032 0.000015 0.000007 0.000003 0.000001 0.000001 0.000000 0.000000 0.000000 
