0.000000 0.000000 0.000000 0.000000 0.000000 0.000000 0.000000 0.000000 0.000000 0.000000 0.000000 0.000000 0.000000 0.000000 0.000000 0.000000 0.000000 0.000000 0.000000 0.000000 0.000000 0.000000 0.000000 0.000000 0.000000 0.000000 0.000000 0.000000 0.000000 0.000000 0.000000 0.000000 0.000000 0.000000 0.000000 0.000000 0.000000 0.000000 0.000000 0.000000 0.000000 0.000000 0.000000 0.000000 0.000000 0.000000 0.000000 0.000000 0.000000 0.000000 0.000000 0.000000 0.000000 0.000000 0.000000 0.000000 0.000000 0.000000 0.000000 0.000000 0.000000 0.000000 0.000000 0.000000 0.000000 0.000000 0.000000 0.000000 0.000000 0.000000 0.000000 0.000000 0.000000 0.000000 0.000000 0.000000 0.000000 0.000000 0.000000 0.000000 0.000000 0.000000 0.000000 0.000000 0.000000 0.000000 0.000000 0.000000 0.000000 0.000000 0.000000 0.000000 0.000000 0.000000 0.000000 0.000000 0.000000 0.000000 0.000000 0.000000 
0.000000 0.000000 0.000000 0.000000 0.000000 0.000000 0.000000 0.000000 0.000000 0.000000 0.000000 0.000000 0.000000 0.000000 0.000000 0.000000 0.000000 0.000001 0.000001 0.000001 0.000002 0.000003 0.000004 0.000005 0.000006 0.000009 0.000011 0.000015 0.000019 0.000024 0.000030 0.000037 0.000046 0.000056 0.000067 0.000079 0.000093 0.000109 0.000125 0.000142 0.000159 0.000177 0.000195 0.000212 0.000228 0.000242 0.000255 0.000265 0.000272 0.000277 0.000278 0.000277 0.000272 0.000265 0.000255 0.000242 0.000228 0.000212 0.000195 0.000177 0.000159 0.000142 0.000125 0.000109 0.000093 0.000079 0.000067 0.000056 0.000046 0.000037 0.000030 0.000024 0.000019 0.000015 0.000011 0.000009 0.000006 0.000005 0.000004 0.000003 0.000002 0.000001 0.000001 0.000001 0.000000 0.000000 0.000000 0.000000 0.000000 0.000000 0.000000 0.000000 0.000000 0.000000 0.000000 0.000000 0.000000 0.000000 0.000000 0.000000 
0.000000 0.000000 0.000000 0.000000 0.000000 0.000000 0.000000 0.000000 0.000000 0.000000 0.000000 0.000000 0.000000 0.000000 0.000000 0.000001 0.000001 0.000001 0.000002 0.000003 0.000004 0.000006 0.000008 0.000011 0.000015 0.000019 0.000026 0.000033 0.000043 0.000054 0.000068 0.000084 0.000103 0.000126 0.000151 0.000179 0.000211 0.000245 0.000282 0.000320 0.000360 0.000400 0.000439 0.000478 0.000514 0.000546 0.000574 0.000597 0.000614 0.000624 0.000628 0.000624 0.000614 0.000597 0.000574 0.000546 0.000514 0.000478 0.000439 0.000400 0.000360 0.000320 0.000282 0.000245 0.000211 0.000179 0.000151 0.000126 0.000103 0.000084 0.000068 0.000054 0.000043 0.000033 0.000026 0.000019 0.000015 0.000011 0.000008 0.000006 0.000004 0.000003 0.000002 0.000001 0.000001 0.000001 0.000000 0.000000 0.000000 0.000000 0.000000 0.000000 0.000000 0.000000 0.000000 0.000000 0.000000 0.000000 0.000000 0.000000 
0.000000 0.000000 0.000000 0.000000 0.000000 0.000000 0.000000 0.000000 0.000000 0.000000 0.000000 0.000000 0.000000 0.000001 0.000001 0.000001 0.000002 0.000003 0.000004 0.000005 0.000008 0.000011 0.000015 0.000020 0.000027 0.000035 0.000046 0.000060 0.000077 0.000098 0.000123 0.000152 0.000187 0.000227 0.000273 0.000324 0.000381 0.000443 0.000509 0.000578 0.000650 0.000723 0.000794 0.000863 0.000928 0.000987 0.001038 0.001079 0.001109 0.001128 0.001134 0.001128 0.001109 0.001079 0.001038 0.000987 0.000928 0.000863 0.000794 0.000723 0.000650 0.000578 0.000509 0.000443 0.000381 0.000324 0.000273 0.000227 0.000187 0.000152 0.000123 0.000098 0.000077 0.000060 0.000046 0.000035 0.000027 0.000020 0.000015 0.000011 0.000008 0.000005 0.000004 0.000003 0.000002 0.000001 0.000001 0.000001 0.000000 0.000000 0.000000 0.000000 0.000000 0.000000 0.000000 0.000000 0.000000 0.000000 0.000000 0.000000 
0.000000 0.000000 0.000000 0.000000 0.000000 0.000000 0.000000 0.000000 0.000000 0.000000 0.000000 0.000000 0.000001 0.000001 0.000001 0.000002 0.000003 0.000005 0.000007 0.000009 0.000013 0.000018 0.000025 0.000034 0.000045 0.000060 0.000078 0.000102 0.000130 0.000166 0.000208 0.000258 0.000317 0.000385 0.000462 0.000549 0.000645 0.000749 0.000860 0.000978 0.001099 0.001221 0.001342 0.001459 0.001568 0.001667 0.001753 0.001823 0.001874 0.001905 0.001916 0.001905 0.001874 0.001823 0.001753 0.001667 0.001568 0.001459 0.001342 0.001221 0.001099 0.000978 0.000860 0.000749 0.000645 0.000549 0.000462 0.000385 0.000317 0.000258 0.000208 0.000166 0.000130 0.000102 0.000078 0.000060 0.000045 0.000034 0.000025 0.000018 0.000013 0.000009 0.000007 0.000005 0.000003 0.000002 0.000001 0.000001 0.000001 0.000000 0.000000 0.000000 0.000000 0.000000 0.000000 0.000000 0.000000 0.000000 0.000000 0.000000 
0.000000 0.000000 0.000000 0.000000 0.000000 0.000000 0.000000 0.000000 0.000000 0.000000 0.000000 0.000001 0.000001 0.000002 0.000002 0.000004 0.000005 0.000008 0.000011 0.000015 0.000022 0.000030 0.000041 0.000055 0.000074 0.000098 0.000129 0.000167 0.000215 0.000272 0.000342 0.000424 0.000521 0.000632 0.000759 0.000902 0.001059 0.001231 0.001414 0.001606 0.001805 0.002006 0.002204 0.002396 0.002575 0.002738 0.002878 0.002992 0.003076 0.003128 0.003146 0.003128 0.003076 0.002992 0.002878 0.002738 0.002575 0.002396 0.002204 0.002006 0.001805 0.001606 0.001414 0.001231 0.001059 0.000902 0.000759 0.000632 0.000521 0.000424 0.000342 0.000272 0.000215 0.000167 0.000129 0.000098 0.000074 0.000055 0.000041 0.000030 0.000022 0.000015 0.000011 0.000008 0.000005 0.000004 0.000002 0.000002 0.000001 0.000001 0.000000 0.000000 0.000000 0.000000 0.000000 0.000000 0.000000 0.000000 0.000000 0.000000 
0.000000 0.000000 0.000000 0.000000 0.000000 0.000000 0.000000 0.000000 0.000000 0.000000 0.000001 0.000001 0.000002 0.000003 0.000004 0.000006 0.000009 0.000012 0.000018 0.000025 0.000035 0.000048 0.000066 0.000090 0.000120 0.000159 0.000209 0.000271 0.000348 0.000441 0.000553 0.000687 0.000843 0.001023 0.001228 0.001458 0.001712 0.001989 0.002285 0.002595 0.002916 0.003240 0.003561 0.003870 0.004159 0.004421 0.004648 0.004832 0.004968 0.005051 0.005079 0.005051 0.004968 0.004832 0.004648 0.004421 0.004159 0.003870 0.003561 0.003240 0.002916 0.002595 0.002285 0.001989 0.001712 0.001458 0.001228 0.001023 0.000843 0.000687 0.000553 0.000441 0.000348 0.000271 0.000209 0.000159 0.000120 0.000090 0.000066 0.000048 0.000035 0.000025 0.000018 0.000012 0.000009 0.000006 0.000004 0.000003 0.000002 0.000001 0.000001 0.000000 0.000000 0.000000 0.000000 0.000000 0.000000 0.000000 0.000000 0.000000 
0.000000 0.000000 0.000000 0.000000 0.000000 0.000000 0.000000 0.000000 0.000000 0.000001 0.000001 0.000002 0.000003 0.000004 0.000006 0.000009 0.000014 0.000020 0.000028 0.000040 0.000056 0.000078 0.000106 0.000144 0.000193 0.000255 0.000334 0.000433 0.000556 0.000705 0.000884 0.001097 0.001346 0.001634 0.001961 0.002328 0.002734 0.003175 0.003646 0.004142 0.004653 0.005170 0.005680 0.006173 0.006634 0.007052 0.007412 0.007706 0.007923 0.008056 0.008100 0.008056 0.007923 0.007706 0.007412 0.007052 0.006634 0.006173 0.005680 0.005170 0.004653 0.004142 0.003646 0.003175 0.002734 0.002328 0.001961 0.001634 0.001346 0.001097 0.000884 0.000705 0.000556 0.000433 0.000334 0.000255 0.000193 0.000144 0.000106 0.000078 0.000056 0.000040 0.000028 0.000020 0.000014 0.000009 0.000006 0.000004 0.000003 0.000002 0.000001 0.000001 0.000000 0.000000 0.000000 0.000000 0.000000 0.000000 0.000000 0.000000 
0.000000 0.000000 0.000000 0.000000 0.000000 0.000000 0.000000 0.000000 0.000001 0.000001 0.000002 0.000003 0.000004 0.000007 0.000010 0.000015 0.000022 0.000031 0.000045 0.000063 0.000089 0.000123 0.000168 0.000228 0.000305 0.000404 0.000529 0.000686 0.000879 0.001114 0.001397 0.001733 0.002127 0.002580 0.003097 0.003676 0.004316 0.005011 0.005755 0.006536 0.007342 0.008156 0.008961 0.009738 0.010465 0.011122 0.011691 0.012153 0.012495 0.012704 0.012775 0.012704 0.012495 0.012153 0.011691 0.011122 0.010465 0.009738 0.008961 0.008156 0.007342 0.006536 0.005755 0.005011 0.004316 0.003676 0.003097 0.002580 0.002127 0.001733 0.001397 0.001114 0.000879 0.000686 0.000529 0.000404 0.000305 0.000228 0.000168 0.000123 0.000089 0.000063 0.000045 0.000031 0.000022 0.000015 0.000010 0.000007 0.000004 0.000003 0.000002 0.000001 0.000001 0.000000 0.000000 0.000000 0.000000 0.000000 0.000000 0.000000 
0.000000 0.000000 0.000000 0.000000 0.000000 0.000000 0.000000 0.000001 0.000001 0.000002 0.000003 0.000005 0.000007 0.000011 0.000016 0.000023 0.000034 0.000049 0.000070 0.000100 0.000139 0.000192 0.000263 0.000356 0.000477 0.000632 0.000828 0.001073 0.001375 0.001743 0.002185 0.002710 0.003324 0.004032 0.004839 0.005742 0.006741 0.007826 0.008986 0.010204 0.011461 0.012731 0.013987 0.015198 0.016331 0.017356 0.018243 0.018964 0.019496 0.019822 0.019932 0.019822 0.019496 0.018964 0.018243 0.017356 0.016331 0.015198 0.013987 0.012731 0.011461 0.010204 0.008986 0.007826 0.006741 0.005742 0.004839 0.004032 0.003324 0.002710 0.002185 0.001743 0.001375 0.001073 0.000828 0.000632 0.000477 0.000356 0.000263 0.000192 0.000139 0.000100 0.000070 0.000049 0.000034 0.000023 0.000016 0.000011 0.000007 0.000005 0.000003 0.000002 0.000001 0.000001 0.000000 0.000000 0.000000 0.000000 0.000000 0.000000 
0.000000 0.000000 0.000000 0.000000 0.000000 0.000000 0.000001 0.000001 0.000002 0.000003 0.000005 0.000007 0.000011 0.000017 0.000025 0.000036 0.000053 0.000076 0.000109 0.000154 0.000216 0.000298 0.000408 0.000552 0.000739 0.000979 0.001282 0.001660 0.002128 0.002696 0.003380 0.004191 0.005140 0.006235 0.007480 0.008876 0.010418 0.012093 0.013883 0.015765 0.017704 0.019665 0.021602 0.023470 0.025219 0.026800 0.028168 0.029280 0.030101 0.030604 0.030774 0.030604 0.030101 0.029280 0.028168 0.026800 0.025219 0.023470 0.021602 0.019665 0.017704 0.015765 0.013883 0.012093 0.010418 0.008876 0.007480 0.006235 0.005140 0.004191 0.003380 0.002696 0.002128 0.001660 0.001282 0.000979 0.000739 0.000552 0.000408 0.000298 0.000216 0.000154 0.000109 0.000076 0.000053 0.000036 0.000025 0.000017 0.000011 0.000007 0.000005 0.000003 0.000002 0.000001 0.000001 0.000000 0.000000 0.000000 0.000000 0.000000 
0.000000 0.000000 0.000000 0.000000 0.000000 0.000001 0.000001 0.000002 0.000003 0.000005 0.000007 0.000011 0.000017 0.000025 0.000038 0.000056 0.000081 0.000118 0.000168 0.000237 0.000331 0.000458 0.000626 0.000847 0.001133 0.001500 0.001964 0.002543 0.003258 0.004129 0.005174 0.006415 0.007865 0.009539 0.011443 0.013576 0.015931 0.018491 0.021226 0.024100 0.027062 0.030056 0.033014 0.035866 0.038536 0.040950 0.043038 0.044735 0.045988 0.046757 0.047016 0.046757 0.045988 0.044735 0.043038 0.040950 0.038536 0.035866 0.033014 0.030056 0.027062 0.024100 0.021226 0.018491 0.015931 0.013576 0.011443 0.009539 0.007865 0.006415 0.005174 0.004129 0.003258 0.002543 0.001964 0.001500 0.001133 0.000847 0.000626 0.000458 0.000331 0.000237 0.000168 0.000118 0.000081 0.000056 0.000038 0.000025 0.000017 0.000011 0.000007 0.000005 0.000003 0.000002 0.000001 0.000001 0.000000 0.000000 0.000000 0.000000 
0.000000 0.000000 0.000000 0.000000 0.000001 0.000001 0.000002 0.000003 0.000004 0.000007 0.000011 0.000017 0.000026 0.000039 0.000058 0.000085 0.000124 0.000179 0.000255 0.000360 0.000503 0.000695 0.000950 0.001285 0.001719 0.002275 0.002977 0.003855 0.004937 0.006255 0.007838 0.009715 0.011910 0.014442 0.017321 0.020547 0.024108 0.027978 0.032113 0.036456 0.040933 0.045457 0.049927 0.054236 0.058270 0.061917 0.065071 0.067635 0.069528 0.070689 0.071080 0.070689 0.069528 0.067635 0.065071 0.061917 0.058270 0.054236 0.049927 0.045457 0.040933 0.036456 0.032113 0.027978 0.024108 0.020547 0.017321 0.014442 0.011910 0.009715 0.007838 0.006255 0.004937 0.003855 0.002977 0.002275 0.001719 0.001285 0.000950 0.000695 0.000503 0.000360 0.000255 0.000179 0.000124 0.000085 0.000058 0.000039 0.000026 0.000017 0.000011 0.000007 0.000004 0.000003 0.000002 0.000001 0.000001 0.000000 0.000000 0.000000 
0.000000 0.000000 0.000000 0.000001 0.000001 0.000002 0.000003 0.000004 0.000007 0.000011 0.000017 0.000025 0.000039 0.000058 0.000087 0.000128 0.000186 0.000269 0.000383 0.000541 0.000756 0.001044 0.001427 0.001929 0.002580 0.003413 0.004466 0.005782 0.007403 0.009377 0.011748 0.014558 0.017844 0.021634 0.025944 0.030772 0.036100 0.041889 0.048074 0.054570 0.061266 0.068030 0.074714 0.081156 0.087188 0.092640 0.097355 0.101187 0.104017 0.105752 0.106337 0.105752 0.104017 0.101187 0.097355 0.092640 0.087188 0.081156 0.074714 0.068030 0.061266 0.054570 0.048074 0.041889 0.036100 0.030772 0.025944 0.021634 0.017844 0.014558 0.011748 0.009377 0.007403 0.005782 0.004466 0.003413 0.002580 0.001929 0.001427 0.001044 0.000756 0.000541 0.000383 0.000269 0.000186 0.000128 0.000087 0.000058 0.000039 0.000025 0.000016 0.000011 0.000007 0.000004 0.000003 0.000002 0.000001 0.000001 0.000000 0.000000 
0.000000 0.000000 0.000000 0.000001 0.000001 0.000002 0.000004 0.000006 0.000010 0.000016 0.000025 0.000038 0.000058 0.000087 0.000129 0.000190 0.000277 0.000400 0.000570 0.000804 0.001123 0.001551 0.002120 0.002865 0.003831 0.005067 0.006629 0.008580 0.010984 0.013909 0.017423 0.021587 0.026455 0.032069 0.038451 0.045600 0.053489 0.062058 0.071214 0.080827 0.090736 0.100746 0.110636 0.120166 0.129089 0.137156 0.144130 0.149798 0.153984 0.156551 0.157416 0.156551 0.153984 0.149798 0.144130 0.137156 0.129089 0.120166 0.110636 0.100746 0.090736 0.080827 0.071214 0.062058 0.053489 0.045600 0.038451 0.032069 0.026455 0.021587 0.017423 0.013909 0.010984 0.008580 0.006629 0.005067 0.003831 0.002865 0.002120 0.001551 0.001123 0.000804 0.000570 0.000400 0.000277 0.000190 0.000129 0.000087 0.000058 0.000038 0.000025 0.000016 0.000010 0.000006 0.000004 0.000002 0.000001 0.000001 0.000000 0.000000 
0.000000 0.000000 0.000001 0.000001 0.000002 0.000004 0.000006 0.000009 0.000015 0.000023 0.000036 0.000056 0.000085 0.000128 0.000190 0.000280 0.000408 0.000588 0.000839 0.001183 0.001652 0.002281 0.003116 0.004210 0.005628 0.007443 0.009736 0.012598 0.016125 0.020415 0.025567 0.031672 0.038809 0.047036 0.056388 0.066863 0.078420 0.090973 0.104383 0.118462 0.132972 0.147628 0.162108 0.176061 0.189123 0.200931 0.211139 0.219436 0.225562 0.229320 0.230586 0.229320 0.225562 0.219436 0.211139 0.200931 0.189123 0.176061 0.162108 0.147628 0.132972 0.118462 0.104383 0.090973 0.078420 0.066863 0.056388 0.047036 0.038809 0.031672 0.025567 0.020415 0.016125 0.012598 0.009736 0.007443 0.005628 0.004210 0.003116 0.002281 0.001652 0.001183 0.000839 0.000588 0.000408 0.000280 0.000190 0.000128 0.000085 0.000056 0.000036 0.000023 0.000015 0.000009 0.000006 0.000004 0.000002 0.000001 0.000001 0.000000 
0.000000 0.000000 0.000001 0.000002 0.000003 0.000005 0.000009 0.000014 0.000022 0.000034 0.000053 0.000081 0.000124 0.000186 0.000277 0.000408 0.000594 0.000856 0.001221 0.001722 0.002404 0.003318 0.004532 0.006122 0.008182 0.010817 0.014147 0.018302 0.023421 0.029647 0.037123 0.045979 0.056330 0.068262 0.081822 0.097009 0.113762 0.131956 0.151390 0.171793 0.192818 0.214052 0.235030 0.255243 0.274164 0.291267 0.306052 0.318070 0.326942 0.332384 0.334218 0.332384 0.326942 0.318070 0.306052 0.291267 0.274164 0.255243 0.235030 0.214052 0.192818 0.171793 0.151390 0.131956 0.113762 0.097009 0.081822 0.068262 0.056330 0.045979 0.037123 0.029647 0.023421 0.018302 0.014147 0.010817 0.008182 0.006122 0.004532 0.003318 0.002404 0.001722 0.001221 0.000856 0.000594 0.000408 0.000277 0.000186 0.000124 0.000081 0.000053 0.000034 0.000022 0.000014 0.000009 0.000005 0.000003 0.000002 0.000001 0.000000 
0.000000 0.000001 0.000001 0.000003 0.000005 0.000008 0.000012 0.000020 0.000031 0.000049 0.000076 0.000118 0.000179 0.000269 0.000400 0.000588 0.000856 0.001234 0.001759 0.002480 0.003460 0.004776 0.006521 0.008807 0.011768 0.015555 0.020339 0.026307 0.033659 0.042599 0.053331 0.066043 0.080899 0.098020 0.117475 0.139261 0.163292 0.189385 0.217254 0.246509 0.276653 0.307096 0.337167 0.366141 0.393261 0.417774 0.438965 0.456188 0.468903 0.476702 0.479330 0.476702 0.468903 0.456188 0.438965 0.417774 0.393261 0.366141 0.337167 0.307096 0.276653 0.246509 0.217254 0.189385 0.163292 0.139261 0.117475 0.098020 0.080899 0.066043 0.053331 0.042599 0.033659 0.026307 0.020339 0.015555 0.011768 0.008807 0.006521 0.004776 0.003460 0.002480 0.001759 0.001234 0.000856 0.000588 0.000400 0.000269 0.000179 0.000118 0.000076 0.000049 0.000031 0.000020 0.000012 0.000008 0.000004 0.000002 0.000001 0.000000 
0.000000 0.000001 0.000002 0.000004 0.000007 0.000011 0.000018 0.000028 0.000045 0.000070 0.000109 0.000168 0.000255 0.000383 0.000570 0.000839 0.001221 0.001759 0.002506 0.003534 0.004929 0.006801 0.009283 0.012536 0.016746 0.022131 0.028931 0.037413 0.047859 0.060561 0.075805 0.093860 0.114954 0.139263 0.166882 0.197805 0.231910 0.268938 0.308483 0.349989 0.392753 0.435937 0.478591 0.519686 0.558149 0.592914 0.622965 0.647388 0.665419 0.676477 0.680204 0.676477 0.665419 0.647388 0.622965 0.592914 0.558149 0.519686 0.478591 0.435937 0.392753 0.349989 0.308483 0.268938 0.231910 0.197805 0.166882 0.139263 0.114954 0.093860 0.075805 0.060561 0.047859 0.037413 0.028931 0.022131 0.016746 0.012536 0.009283 0.006801 0.004929 0.003534 0.002506 0.001759 0.001221 0.000839 0.000570 0.000383 0.000255 0.000168 0.000109 0.000070 0.000045 0.000028 0.000018 0.000011 0.000006 0.000004 0.000002 0.000000 
0.000000 0.000001 0.000003 0.000005 0.000009 0.000015 0.000025 0.000040 0.000063 0.000100 0.000154 0.000237 0.000360 0.000541 0.000804 0.001183 0.001722 0.002480 0.003534 0.004981 0.006945 0.009581 0.013075 0.017653 0.023577 0.031151 0.040715 0.052642 0.067329 0.085184 0.106609 0.131979 0.161617 0.195766 0.234559 0.277988 0.325881 0.377871 0.433391 0.491658 0.551686 0.612298 0.672162 0.729834 0.783811 0.832594 0.874762 0.909032 0.934331 0.949847 0.955076 0.949847 0.934331 0.909032 0.874762 0.832594 0.783811 0.729834 0.672162 0.612298 0.551686 0.491658 0.433391 0.377871 0.325881 0.277988 0.234559 0.195766 0.161617 0.131979 0.106609 0.085184 0.067329 0.052642 0.040715 0.031151 0.023577 0.017653 0.013075 0.009581 0.006945 0.004981 0.003534 0.002480 0.001722 0.001183 0.000804 0.000541 0.000360 0.000237 0.000154 0.000100 0.000063 0.000040 0.000025 0.000015 0.000009 0.000005 0.000002 0.000000 
0.000000 0.000002 0.000004 0.000008 0.000013 0.000022 0.000035 0.000056 0.000089 0.000139 0.000216 0.000331 0.000503 0.000756 0.001123 0.001652 0.002404 0.003460 0.004929 0.006945 0.009682 0.013354 0.018220 0.024594 0.032841 0.043382 0.056690 0.073284 0.093713 0.118545 0.148337 0.183610 0.224810 0.272276 0.326188 0.386537 0.453079 0.525308 0.602432 0.683365 0.766736 0.850913 0.934046 1.014128 1.089076 1.156809 1.215354 1.262933 1.298056 1.319598 1.326857 1.319598 1.298056 1.262933 1.215354 1.156809 1.089076 1.014128 0.934046 0.850913 0.766736 0.683365 0.602432 0.525308 0.453079 0.386537 0.326188 0.272276 0.224810 0.183610 0.148337 0.118545 0.093713 0.073284 0.056690 0.043382 0.032841 0.024594 0.018220 0.013354 0.009682 0.006945 0.004929 0.003460 0.002404 0.001652 0.001123 0.000756 0.000503 0.000331 0.000216 0.000139 0.000089 0.000056 0.000035 0.000021 0.000013 0.000007 0.000003 0.000000 
0.000000 0.000003 0.000006 0.000011 0.000018 0.000030 0.000048 0.000078 0.000123 0.000192 0.000298 0.000458 0.000695 0.001044 0.001551 0.002281 0.003318 0.004776 0.006801 0.009581 0.013354 0.018413 0.025118 0.033898 0.045256 0.059771 0.078093 0.100933 0.129049 0.163218 0.204205 0.252726 0.309393 0.374668 0.448799 0.531771 0.623247 0.722531 0.828533 0.939760 1.054329 1.169996 1.284221 1.394248 1.497215 1.590266 1.670692 1.736051 1.784298 1.813888 1.823861 1.813888 1.784298 1.736051 1.670692 1.590266 1.497215 1.394248 1.284221 1.169996 1.054329 0.939760 0.828533 0.722531 0.623247 0.531771 0.448799 0.374668 0.309393 0.252726 0.204205 0.163218 0.129049 0.100933 0.078093 0.059771 0.045256 0.033898 0.025118 0.018413 0.013354 0.009581 0.006801 0.004776 0.003318 0.002281 0.001551 0.001044 0.000695 0.000458 0.000298 0.000192 0.000123 0.000077 0.000048 0.000030 0.000018 0.000010 0.000004 0.000000 
0.000000 0.000004 0.000008 0.000015 0.000025 0.000041 0.000066 0.000106 0.000168 0.000263 0.000408 0.000626 0.000950 0.001427 0.002120 0.003116 0.004532 0.006521 0.009283 0.013075 0.018220 0.025118 0.034258 0.046223 0.061699 0.081473 0.106428 0.137533 0.175816 0.222332 0.278124 0.344159 0.421272 0.510086 0.610938 0.723804 0.848226 0.983253 1.127402 1.278646 1.434419 1.591675 1.746961 1.896531 2.036495 2.162977 2.272292 2.361126 2.426701 2.466918 2.480472 2.466918 2.426701 2.361126 2.272292 2.162977 2.036495 1.896531 1.746961 1.591675 1.434419 1.278646 1.127402 0.983253 0.848226 0.723804 0.610938 0.510086 0.421272 0.344159 0.278124 0.222332 0.175816 0.137533 0.106428 0.081473 0.061699 0.046223 0.034258 0.025118 0.018220 0.013075 0.009283 0.006521 0.004532 0.003116 0.002120 0.001427 0.000950 0.000626 0.000408 0.000263 0.000168 0.000106 0.000066 0.000040 0.000024 0.000013 0.000006 0.000000 
0.000000 0.000005 0.000011 0.000020 0.000034 0.000055 0.000090 0.000144 0.000228 0.000356 0.000552 0.000847 0.001285 0.001929 0.002865 0.004210 0.006122 0.008807 0.012536 0.017653 0.024594 0.033898 0.046223 0.062355 0.083217 0.109868 0.143497 0.185405 0.236975 0.299629 0.374763 0.463681 0.567500 0.687058 0.822806 0.974708 1.142145 1.323835 1.517783 1.721258 1.930813 2.142346 2.351215 2.552386 2.740628 2.910729 3.057739 3.177203 3.265385 3.319466 3.337692 3.319466 3.265385 3.177203 3.057739 2.910729 2.740628 2.552386 2.351215 2.142346 1.930813 1.721258 1.517783 1.323835 1.142145 0.974708 0.822806 0.687058 0.567500 0.463681 0.374763 0.299629 0.236975 0.185405 0.143497 0.109868 0.083217 0.062355 0.046223 0.033898 0.024594 0.017653 0.012536 0.008807 0.006122 0.004210 0.002865 0.001929 0.001285 0.000847 0.000552 0.000356 0.000227 0.000144 0.000089 0.000055 0.000033 0.000018 0.000008 0.000000 
0.000000 0.000006 0.000015 0.000027 0.000045 0.000074 0.000120 0.000193 0.000305 0.000477 0.000739 0.001133 0.001719 0.002580 0.003831 0.005628 0.008182 0.011768 0.016746 0.023577 0.032841 0.045256 0.061699 0.083217 0.111039 0.146575 0.191408 0.247269 0.316000 0.399488 0.499594 0.618049 0.756338 0.915571 1.096347 1.298613 1.521541 1.763425 2.021605 2.292445 2.571357 2.852883 3.130847 3.398552 3.649039 3.875379 4.070986 4.229936 4.347263 4.419218 4.443467 4.419218 4.347263 4.229936 4.070986 3.875379 3.649039 3.398552 3.130847 2.852883 2.571357 2.292445 2.021605 1.763425 1.521541 1.298613 1.096347 0.915571 0.756338 0.618049 0.499594 0.399488 0.316000 0.247269 0.191408 0.146575 0.111039 0.083217 0.061699 0.045256 0.032840 0.023577 0.016746 0.011768 0.008182 0.005628 0.003831 0.002580 0.001719 0.001133 0.000739 0.000477 0.000305 0.000192 0.000120 0.000073 0.000044 0.000024 0.000011 0.000000 
0.000000 0.000009 0.000019 0.000035 0.000060 0.000098 0.000159 0.000255 0.000404 0.000632 0.000979 0.001500 0.002275 0.003413 0.005067 0.007443 0.010817 0.015555 0.022131 0.031151 0.043382 0.059771 0.081473 0.109868 0.146575 0.193451 0.252582 0.326248 0.416871 0.526937 0.658893 0.815014 0.997255 1.207072 1.445249 1.711712 2.005367 2.323962 2.663994 3.020671 3.387951 3.758651 4.124638 4.477100 4.806878 5.104852 5.362360 5.571604 5.726052 5.820772 5.852693 5.820772 5.726052 5.571604 5.362360 5.104852 4.806878 4.477100 4.124638 3.758651 3.387951 3.020671 2.663994 2.323962 2.005367 1.711712 1.445249 1.207072 0.997255 0.815014 0.658893 0.526937 0.416871 0.326248 0.252582 0.193451 0.146575 0.109868 0.081473 0.059771 0.043382 0.031151 0.022131 0.015555 0.010817 0.007443 0.005067 0.003413 0.002275 0.001500 0.000979 0.000632 0.000404 0.000255 0.000159 0.000097 0.000058 0.000032 0.000014 0.000000 
0.000000 0.000011 0.000026 0.000046 0.000078 0.000129 0.000209 0.000334 0.000529 0.000828 0.001282 0.001964 0.002977 0.004466 0.006629 0.009736 0.014147 0.020339 0.028931 0.040715 0.056690 0.078093 0.106428 0.143497 0.191408 0.252582 0.329737 0.425843 0.544055 0.687609 0.859691 1.063263 1.300863 1.574386 1.884847 2.232143 2.614846 3.030014 3.473081 3.937803 4.416307 4.899237 5.376000 5.835120 6.264674 6.652788 6.988182 7.260708 7.461863 7.585225 7.626798 7.585225 7.461863 7.260708 6.988182 6.652788 6.264674 5.835120 5.376000 4.899237 4.416307 3.937803 3.473081 3.030014 2.614846 2.232143 1.884847 1.574386 1.300863 1.063263 0.859691 0.687609 0.544055 0.425843 0.329737 0.252582 0.191408 0.143497 0.106428 0.078093 0.056690 0.040715 0.028931 0.020339 0.014147 0.009736 0.006629 0.004466 0.002977 0.001964 0.001282 0.000828 0.000529 0.000334 0.000208 0.000128 0.000076 0.000042 0.000019 0.000000 
0.000000 0.000015 0.000033 0.000060 0.000102 0.000167 0.000271 0.000433 0.000686 0.001073 0.001660 0.002543 0.003855 0.005782 0.008580 0.012598 0.018302 0.026307 0.037413 0.052642 0.073284 0.100933 0.137533 0.185405 0.247269 0.326248 0.425843 0.549884 0.702434 0.887664 1.109676 1.372283 1.678753 2.031520 2.431885 2.879710 3.373146 3.908397 4.479571 5.078619 5.695392 6.317831 6.932290 7.523982 8.077547 8.577690 9.009883 9.361056 9.620256 9.779213 9.832782 9.779213 9.620256 9.361056 9.009883 8.577690 8.077547 7.523982 6.932290 6.317831 5.695392 5.078619 4.479571 3.908397 3.373146 2.879710 2.431885 2.031520 1.678753 1.372283 1.109676 0.887664 0.702434 0.549884 0.425843 0.326248 0.247269 0.185405 0.137533 0.100933 0.073284 0.052642 0.037413 0.026307 0.018302 0.012598 0.008580 0.005782 0.003855 0.002543 0.001660 0.001072 0.000685 0.000433 0.000270 0.000166 0.000099 0.000055 0.000024 0.000000 
0.000000 0.000019 0.000043 0.000077 0.000130 0.000215 0.000348 0.000556 0.000879 0.001375 0.002128 0.003258 0.004937 0.007403 0.010984 0.016125 0.023421 0.033659 0.047859 0.067329 0.093713 0.129049 0.175816 0.236975 0.316000 0.416871 0.544055 0.702434 0.897189 1.133637 1.417003 1.752144 2.143220 2.593329 3.104121 3.675411 4.304831 4.987536 5.716006 6.479973 7.266495 8.060198 8.843685 9.598107 10.303888 10.941536 11.492535 11.940233 12.270672 12.473316 12.541605 12.473316 12.270672 11.940233 11.492535 10.941536 10.303888 9.598107 8.843685 8.060198 7.266495 6.479973 5.716006 4.987536 4.304831 3.675411 3.104121 2.593329 2.143220 1.752144 1.417003 1.133637 0.897189 0.702434 0.544055 0.416871 0.316000 0.236975 0.175816 0.129049 0.093713 0.067329 0.047859 0.033659 0.023421 0.016125 0.010984 0.007403 0.004937 0.003258 0.002127 0.001374 0.000878 0.000555 0.000346 0.000212 0.000127 0.000070 0.000031 0.000000 
0.000000 0.000024 0.000054 0.000098 0.000166 0.000272 0.000441 0.000705 0.001114 0.001743 0.002696 0.004129 0.006255 0.009377 0.013909 0.020415 0.029647 0.042599 0.060561 0.085184 0.118545 0.163218 0.222332 0.299629 0.399488 0.526937 0.687609 0.887664 1.133637 1.432232 1.790034 2.213166 2.706868 3.275038 3.919746 4.640752 5.435057 6.296540 7.215706 8.179598 9.171888 10.173183 11.161539 12.113191 13.003450 13.807741 14.502720 15.067392 15.484161 15.739743 15.825873 15.739743 15.484161 15.067392 14.502720 13.807741 13.003450 12.113191 11.161539 10.173183 9.171888 8.179598 7.215706 6.296540 5.435057 4.640752 3.919746 3.275038 2.706868 2.213166 1.790034 1.432232 1.133637 0.887664 0.687609 0.526937 0.399488 0.299629 0.222332 0.163218 0.118545 0.085184 0.060561 0.042599 0.029647 0.020415 0.013909 0.009377 0.006255 0.004128 0.002696 0.001742 0.001114 0.000704 0.000439 0.000270 0.000161 0.000089 0.000040 0.000000 
0.000000 0.000030 0.000068 0.000123 0.000208 0.000342 0.000553 0.000884 0.001397 0.002185 0.003380 0.005174 0.007838 0.011748 0.017423 0.025567 0.037123 0.053331 0.075805 0.106609 0.148337 0.204205 0.278124 0.374763 0.499594 0.658893 0.859691 1.109676 1.417003 1.790034 2.236985 2.765487 3.382070 4.091591 4.896621 5.796846 6.788512 7.863968 9.011358 10.214503 11.453024 12.702718 13.936207 15.123838 16.234812 17.238473 18.105703 18.810314 19.330360 19.649274 19.756745 19.649274 19.330360 18.810314 18.105703 17.238473 16.234812 15.123838 13.936207 12.702718 11.453024 10.214503 9.011358 7.863968 6.788512 5.796846 4.896621 4.091591 3.382070 2.765487 2.236985 1.790034 1.417003 1.109676 0.859691 0.658893 0.499594 0.374763 0.278124 0.204205 0.148337 0.106609 0.075805 0.053331 0.037123 0.025567 0.017423 0.011748 0.007838 0.005174 0.003380 0.002184 0.001397 0.000883 0.000551 0.000338 0.000202 0.000112 0.000050 0.000000 
0.000000 0.000037 0.000084 0.000152 0.000258 0.000424 0.000687 0.001097 0.001733 0.002710 0.004191 0.006415 0.009715 0.014558 0.021587 0.031672 0.045979 0.066043 0.093860 0.131979 0.183610 0.252726 0.344159 0.463681 0.618049 0.815014 1.063263 1.372283 1.752144 2.213166 2.765487 3.418519 4.180317 5.056862 6.051315 7.163273 8.388089 9.716302 11.133263 12.618991 14.148320 15.691368 17.214339 18.680632 20.052231 21.291308 22.361926 23.231769 23.873756 24.267446 24.400116 24.267446 23.873756 23.231769 22.361926 21.291308 20.052231 18.680632 17.214339 15.691368 14.148320 12.618991 11.133263 9.716302 8.388089 7.163273 6.051315 5.056862 4.180317 3.418519 2.765487 2.213166 1.752144 1.372283 1.063263 0.815014 0.618049 0.463681 0.344159 0.252726 0.183610 0.131979 0.093860 0.066043 0.045979 0.031672 0.021587 0.014558 0.009715 0.006414 0.004191 0.002709 0.001733 0.001096 0.000684 0.000420 0.000250 0.000139 0.000062 0.000000 
0.000000 0.000046 0.000103 0.000187 0.000317 0.000521 0.000843 0.001346 0.002127 0.003324 0.005140 0.007865 0.011910 0.017844 0.026455 0.038809 0.056330 0.080899 0.114954 0.161617 0.224810 0.309393 0.421272 0.567500 0.756338 0.997255 1.300863 1.678753 2.143220 2.706868 3.382070 4.180317 5.111432 6.182706 7.397985 8.756760 10.253337 11.876146 13.607281 15.422327 17.290541 19.175427 21.035708 22.826689 24.501954 26.015313 27.322893 28.385239 29.169292 29.650097 29.812123 29.650097 29.169292 28.385239 27.322893 26.015313 24.501954 22.826689 21.035708 19.175427 17.290541 15.422327 13.607281 11.876146 10.253337 8.756760 7.397985 6.182706 5.111432 4.180317 3.382070 2.706868 2.143220 1.678753 1.300863 0.997255 0.756338 0.567500 0.421272 0.309393 0.224810 0.161617 0.114954 0.080899 0.056330 0.038809 0.026455 0.017844 0.011910 0.007865 0.005140 0.003323 0.002126 0.001344 0.000840 0.000516 0.000307 0.000171 0.000076 0.000000 
0.000000 0.000056 0.000126 0.000227 0.000385 0.000632 0.001023 0.001634 0.002580 0.004032 0.006235 0.009539 0.014442 0.021634 0.032069 0.047036 0.068262 0.098020 0.139263 0.195766 0.272276 0.374668 0.510086 0.687058 0.915571 1.207072 1.574386 2.031520 2.593329 3.275038 4.091591 5.056862 6.182706 7.477918 8.947125 10.589696 12.398728 14.360225 16.452534 18.646143 20.903899 23.181701 25.429679 27.593837 29.618104 31.446687 33.026592 34.310167 35.257484 35.838401 36.034163 35.838401 35.257484 34.310167 33.026592 31.446687 29.618104 27.593837 25.429679 23.181701 20.903899 18.646143 16.452534 14.360225 12.398728 10.589696 8.947125 7.477918 6.182706 5.056862 4.091591 3.275038 2.593329 2.031520 1.574386 1.207072 0.915571 0.687058 0.510086 0.374668 0.272276 0.195766 0.139263 0.098020 0.068262 0.047036 0.032069 0.021634 0.014441 0.009539 0.006234 0.004032 0.002579 0.001632 0.001019 0.000626 0.000373 0.000208 0.000093 0.000000 
0.000000 0.000067 0.000151 0.000273 0.000462 0.000759 0.001228 0.001961 0.003097 0.004839 0.007480 0.011443 0.017321 0.025944 0.038451 0.056388 0.081822 0.117475 0.166882 0.234559 0.326188 0.448799 0.610938 0.822806 1.096347 1.445249 1.884847 2.431885 3.104121 3.919746 4.896621 6.051315 7.397985 8.947125 10.704249 12.668576 14.831837 17.177277 19.678999 22.301709 25.000989 27.724121 30.411495 32.998579 35.418363 37.604173 39.492684 41.026957 42.159281 42.853644 43.087634 42.853644 42.159281 41.026957 39.492684 37.604173 35.418363 32.998579 30.411495 27.724121 25.000989 22.301709 19.678999 17.177277 14.831837 12.668576 10.704249 8.947125 7.397985 6.051315 4.896621 3.919746 3.104121 2.431885 1.884847 1.445249 1.096347 0.822806 0.610938 0.448799 0.326188 0.234559 0.166882 0.117475 0.081822 0.056388 0.038451 0.025943 0.017321 0.011442 0.007480 0.004838 0.003095 0.001959 0.001224 0.000752 0.000448 0.000250 0.000111 0.000000 
0.000000 0.000079 0.000179 0.000324 0.000549 0.000902 0.001458 0.002328 0.003676 0.005742 0.008876 0.013576 0.020547 0.030772 0.045600 0.066863 0.097009 0.139261 0.197805 0.277988 0.386537 0.531771 0.723804 0.974708 1.298613 1.711712 2.232143 2.879710 3.675411 4.640752 5.796846 7.163273 8.756760 10.589696 12.668576 14.992456 17.551529 20.325963 23.285110 26.387221 29.579758 32.800378 35.978594 39.038106 41.899687 44.484515 46.717728 48.532016 49.870981 50.692054 50.968743 50.692054 49.870981 48.532016 46.717728 44.484515 41.899687 39.038106 35.978594 32.800378 29.579758 26.387221 23.285110 20.325963 17.551529 14.992456 12.668576 10.589696 8.756760 7.163273 5.796846 4.640752 3.675411 2.879710 2.232143 1.711712 1.298613 0.974708 0.723804 0.531771 0.386537 0.277988 0.197805 0.139261 0.097009 0.066863 0.045600 0.030772 0.020547 0.013576 0.008876 0.005742 0.003674 0.002325 0.001453 0.000893 0.000532 0.000297 0.000132 0.000000 
0.000000 0.000093 0.000211 0.000381 0.000645 0.001059 0.001712 0.002734 0.004316 0.006741 0.010418 0.015931 0.024108 0.036100 0.053489 0.078420 0.113762 0.163292 0.231910 0.325881 0.453079 0.623247 0.848226 1.142145 1.521541 2.005367 2.614846 3.373146 4.304831 5.435057 6.788512 8.388089 10.253337 12.398728 14.831837 17.551529 20.546309 23.792948 27.255571 30.885320 34.620725 38.388848 42.107235 45.686635 49.034385 52.058295 54.670814 56.793222 58.359567 59.320065 59.643736 59.320065 58.359567 56.793222 54.670814 52.058295 49.034385 45.686635 42.107235 38.388848 34.620725 30.885320 27.255571 23.792948 20.546309 17.551529 14.831837 12.398728 10.253337 8.388089 6.788512 5.435057 4.304831 3.373146 2.614846 2.005367 1.521541 1.142145 0.848226 0.623247 0.453079 0.325881 0.231910 0.163292 0.113762 0.078420 0.053489 0.036100 0.024108 0.015931 0.010417 0.006740 0.004314 0.002730 0.001706 0.001048 0.000625 0.000348 0.000155 0.000000 
0.000000 0.000109 0.000245 0.000443 0.000749 0.001231 0.001989 0.003175 0.005011 0.007826 0.012093 0.018491 0.027978 0.041889 0.062058 0.090973 0.131956 0.189385 0.268938 0.377871 0.525308 0.722531 0.983253 1.323835 1.763425 2.323962 3.030014 3.908397 4.987536 6.296540 7.863968 9.716302 11.876146 14.360225 17.177277 20.325963 23.792948 27.551322 31.559545 35.761054 40.084697 44.446059 48.749722 52.892407 56.766894 60.266515 63.289974 65.746196 67.558877 68.670423 69.044994 68.670423 67.558877 65.746196 63.289974 60.266515 56.766894 52.892407 48.749722 44.446059 40.084697 35.761054 31.559545 27.551322 23.792948 20.325963 17.177277 14.360225 11.876146 9.716302 7.863968 6.296540 4.987536 3.908397 3.030014 2.323962 1.763425 1.323835 0.983253 0.722531 0.525308 0.377871 0.268938 0.189385 0.131956 0.090973 0.062058 0.041888 0.027978 0.018490 0.012092 0.007824 0.005009 0.003171 0.001982 0.001218 0.000727 0.000405 0.000180 0.000000 
0.000000 0.000125 0.000282 0.000509 0.000860 0.001414 0.002285 0.003646 0.005755 0.008986 0.013883 0.021226 0.032113 0.048074 0.071214 0.104383 0.151390 0.217254 0.308483 0.433391 0.602432 0.828533 1.127402 1.517783 2.021605 2.663994 3.473081 4.479571 5.716006 7.215706 9.011358 11.133263 13.607281 16.452534 19.678999 23.285110 27.255571 31.559545 36.149446 40.960500 45.911232 50.904995 55.832550 60.575669 65.011619 69.018302 72.479777 75.291802 77.367044 78.639586 79.068408 78.639586 77.367044 75.291802 72.479777 69.018302 65.011619 60.575669 55.832550 50.904995 45.911232 40.960500 36.149446 31.559545 27.255571 23.285110 19.678999 16.452534 13.607281 11.133263 9.011358 7.215706 5.716006 4.479571 3.473081 2.663994 2.021605 1.517783 1.127402 0.828533 0.602432 0.433391 0.308483 0.217254 0.151390 0.104383 0.071214 0.048074 0.032113 0.021226 0.013883 0.008984 0.005752 0.003641 0.002276 0.001399 0.000835 0.000465 0.000207 0.000000 
0.000000 0.000142 0.000320 0.000578 0.000978 0.001606 0.002595 0.004142 0.006536 0.010204 0.015765 0.024100 0.036456 0.054570 0.080827 0.118462 0.171793 0.246509 0.349989 0.491658 0.683365 0.939760 1.278646 1.721258 2.292445 3.020671 3.937803 5.078619 6.479973 8.179598 10.214503 12.618991 15.422327 18.646143 22.301709 26.387221 30.885320 35.761054 40.960500 46.410275 52.018091 57.674483 63.255733 68.627954 73.652160 78.190094 82.110473 85.295263 87.645581 89.086791 89.572450 89.086791 87.645581 85.295263 82.110473 78.190094 73.652160 68.627954 63.255733 57.674483 52.018091 46.410275 40.960500 35.761054 30.885320 26.387221 22.301709 18.646143 15.422327 12.618991 10.214503 8.179598 6.479973 5.078619 3.937803 3.020671 2.292445 1.721258 1.278646 0.939760 0.683365 0.491658 0.349989 0.246509 0.171793 0.118462 0.080827 0.054570 0.036456 0.024099 0.015764 0.010203 0.006533 0.004136 0.002586 0.001589 0.000949 0.000529 0.000235 0.000000 
0.000000 0.000159 0.000360 0.000650 0.001099 0.001805 0.002916 0.004653 0.007342 0.011461 0.017704 0.027062 0.040933 0.061266 0.090736 0.132972 0.192818 0.276653 0.392753 0.551686 0.766736 1.054329 1.434419 1.930813 2.571357 3.387951 4.416307 5.695392 7.266495 9.171888 11.453024 14.148320 17.290541 20.903899 25.000989 29.579758 34.620725 40.084697 45.911232 52.018091 58.301861 64.639891 70.893573 76.912912 82.542210 87.626590 92.018990 95.587198 98.220449 99.835145 100.379264 99.835145 98.220449 95.587198 92.018990 87.626590 82.542210 76.912912 70.893573 64.639891 58.301861 52.018091 45.911232 40.084697 34.620725 29.579758 25.000989 20.903899 17.290541 14.148320 11.453024 9.171888 7.266495 5.695392 4.416307 3.387951 2.571357 1.930813 1.434419 1.054329 0.766736 0.551686 0.392753 0.276653 0.192818 0.132972 0.090736 0.061265 0.040933 0.027062 0.017703 0.011459 0.007338 0.004647 0.002905 0.001786 0.001066 0.000594 0.000265 0.000000 
0.000000 0.000177 0.000400 0.000723 0.001221 0.002006 0.003240 0.005170 0.008156 0.012731 0.019665 0.030056 0.045457 0.068030 0.100746 0.147628 0.214052 0.307096 0.435937 0.612298 0.850913 1.169996 1.591675 2.142346 2.852883 3.758651 4.899237 6.317831 8.060198 10.173183 12.702718 15.691368 19.175427 23.181701 27.724121 32.800378 38.388848 44.446059 50.904995 57.674483 64.639891 71.665273 78.597009 85.268864 91.508290 97.143655 102.011992 105.966793 108.885320 110.674937 111.277998 110.674937 108.885320 105.966793 102.011992 97.143655 91.508290 85.268864 78.597009 71.665273 64.639891 57.674483 50.904995 44.446059 38.388848 32.800378 27.724121 23.181701 19.175427 15.691368 12.702718 10.173183 8.060198 6.317831 4.899237 3.758651 2.852883 2.142346 1.591675 1.169996 0.850913 0.612298 0.435937 0.307096 0.214052 0.147628 0.100746 0.068030 0.045456 0.030055 0.019663 0.012729 0.008152 0.005163 0.003228 0.001985 0.001185 0.000660 0.000294 0.000000 
0.000000 0.000195 0.000439 0.000794 0.001342 0.002204 0.003561 0.005680 0.008961 0.013987 0.021602 0.033014 0.049927 0.074714 0.110636 0.162108 0.235030 0.337167 0.478591 0.672162 0.934046 1.284221 1.746961 2.351215 3.130847 4.124638 5.376000 6.932290 8.843685 11.161539 13.936207 17.214339 21.035708 25.429679 30.411495 35.978594 42.107235 48.749722 55.832550 63.255733 70.893573 78.597009 86.197612 93.513130 100.354396 106.533253 111.871051 116.207180 119.407096 121.369249 122.030450 121.369249 119.407096 116.207180 111.871051 106.533253 100.354396 93.513130 86.197612 78.597009 70.893573 63.255733 55.832550 48.749722 42.107235 35.978594 30.411495 25.429679 21.035708 17.214339 13.936207 11.161539 8.843685 6.932290 5.376000 4.124638 3.130847 2.351215 1.746961 1.284221 0.934046 0.672162 0.478591 0.337167 0.235030 0.162108 0.110636 0.074714 0.049927 0.033013 0.021601 0.013985 0.008957 0.005673 0.003548 0.002181 0.001302 0.000726 0.000323 0.000000 
