0.000000 0.000000 0.000000 0.000000 0.000000 0.000000 0.000000 0.000000 0.000000 0.000000 0.000000 0.000000 0.000000 0.000000 0.000000 0.000000 0.000000 0.000000 0.000000 0.000000 0.000000 0.000000 0.000000 0.000000 0.000000 0.000000 0.000000 0.000000 0.000000 0.000000 0.000000 0.000000 0.000000 0.000000 0.000000 0.000000 0.000000 0.000000 0.000000 0.000000 0.000000 0.000000 0.000000 0.000000 0.000000 0.000000 0.000000 0.000000 0.000000 0.000000 0.000000 0.000000 0.000000 0.000000 0.000000 0.000000 0.000000 0.000000 0.000000 0.000000 0.000000 0.000000 0.000000 0.000000 0.000000 0.000000 0.000000 0.000000 0.000000 0.000000 0.000000 0.000000 0.000000 0.000000 0.000000 0.000000 0.000000 0.000000 0.000000 0.000000 0.000000 0.000000 0.000000 0.000000 0.000000 0.000000 0.000000 0.000000 0.000000 0.000000 0.000000 0.000000 0.000000 0.000000 0.000000 0.000000 0.000000 0.000000 0.000000 0.000000 
0.000000 0.000000 0.000000 0.000000 0.000000 0.000000 0.000000 0.000000 0.000000 0.000000 0.000000 0.000000 0.000000 0.000000 0.000000 0.000000 0.000000 0.000000 0.000000 0.000000 0.000000 0.000000 0.000000 0.000000 0.000000 0.000000 0.000000 0.000000 0.000000 0.000001 0.000001 0.000001 0.000001 0.000002 0.000002 0.000003 0.000003 0.000004 0.000004 0.000005 0.000006 0.000007 0.000008 0.000009 0.000010 0.000011 0.000011 0.000012 0.000012 0.000013 0.000013 0.000013 0.000012 0.000012 0.000011 0.000011 0.000010 0.000009 0.000008 0.000007 0.000006 0.000005 0.000004 0.000004 0.000003 0.000003 0.000002 0.000002 0.000001 0.000001 0.000001 0.000001 0.000000 0.000000 0.000000 0.000000 0.000000 0.000000 0.000000 0.000000 0.000000 0.000000 0.000000 0.000000 0.000000 0.000000 0.000000 0.000000 0.000000 0.000000 0.000000 0.000000 0.000000 0.000000 0.000000 0.000000 0.000000 0.000000 0.000000 0.000000 
0.000000 0.000000 0.000000 0.000000 0.000000 0.000000 0.000000 0.000000 0.000000 0.000000 0.000000 0.000000 0.000000 0.000000 0.000000 0.000000 0.000000 0.000000 0.000000 0.000000 0.000000 0.000000 0.000000 0.000000 0.000000 0.000000 0.000000 0.000001 0.000001 0.000001 0.000002 0.000002 0.000003 0.000004 0.000005 0.000006 0.000007 0.000009 0.000011 0.000013 0.000015 0.000017 0.000019 0.000022 0.000024 0.000026 0.000027 0.000029 0.000030 0.000031 0.000031 0.000031 0.000030 0.000029 0.000027 0.000026 0.000024 0.000022 0.000019 0.000017 0.000015 0.000013 0.000011 0.000009 0.000007 0.000006 0.000005 0.000004 0.000003 0.000002 0.000002 0.000001 0.000001 0.000001 0.000000 0.000000 0.000000 0.000000 0.000000 0.000000 0.000000 0.000000 0.000000 0.000000 0.000000 0.000000 0.000000 0.000000 0.000000 0.000000 0.000000 0.000000 0.000000 0.000000 0.000000 0.000000 0.000000 0.000000 0.000000 0.000000 
0.000000 0.000000 0.000000 0.000000 0.000000 0.000000 0.000000 0.000000 0.000000 0.000000 0.000000 0.000000 0.000000 0.000000 0.000000 0.000000 0.000000 0.000000 0.000000 0.000000 0.000000 0.000000 0.000000 0.000000 0.000000 0.000001 0.000001 0.000001 0.000002 0.000003 0.000003 0.000005 0.000006 0.000008 0.000010 0.000012 0.000015 0.000018 0.000022 0.000026 0.000030 0.000034 0.000039 0.000043 0.000047 0.000051 0.000055 0.000058 0.000060 0.000061 0.000061 0.000061 0.000060 0.000058 0.000055 0.000051 0.000047 0.000043 0.000039 0.000034 0.000030 0.000026 0.000022 0.000018 0.000015 0.000012 0.000010 0.000008 0.000006 0.000005 0.000003 0.000003 0.000002 0.000001 0.000001 0.000001 0.000000 0.000000 0.000000 0.000000 0.000000 0.000000 0.000000 0.000000 0.000000 0.000000 0.000000 0.000000 0.000000 0.000000 0.000000 0.000000 0.000000 0.000000 0.000000 0.000000 0.000000 0.000000 0.000000 0.000000 
0.000000 0.000000 0.000000 0.000000 0.000000 0.000000 0.000000 0.000000 0.000000 0.000000 0.000000 0.000000 0.000000 0.000000 0.000000 0.000000 0.000000 0.000000 0.000000 0.000000 0.000000 0.000000 0.000000 0.000001 0.000001 0.000001 0.000002 0.000003 0.000004 0.000005 0.000007 0.000009 0.000011 0.000015 0.000019 0.000023 0.000029 0.000035 0.000041 0.000049 0.000057 0.000065 0.000074 0.000082 0.000090 0.000097 0.000104 0.000109 0.000113 0.000116 0.000116 0.000116 0.000113 0.000109 0.000104 0.000097 0.000090 0.000082 0.000074 0.000065 0.000057 0.000049 0.000041 0.000035 0.000029 0.000023 0.000019 0.000015 0.000011 0.000009 0.000007 0.000005 0.000004 0.000003 0.000002 0.000001 0.000001 0.000001 0.000000 0.000000 0.000000 0.000000 0.000000 0.000000 0.000000 0.000000 0.000000 0.000000 0.000000 0.000000 0.000000 0.000000 0.000000 0.000000 0.000000 0.000000 0.000000 0.000000 0.000000 0.000000 
0.000000 0.000000 0.000000 0.000000 0.000000 0.000000 0.000000 0.000000 0.000000 0.000000 0.000000 0.000000 0.000000 0.000000 0.000000 0.000000 0.000000 0.000000 0.000000 0.000000 0.000000 0.000001 0.000001 0.000001 0.000002 0.000002 0.000004 0.000005 0.000007 0.000009 0.000012 0.000016 0.000021 0.000027 0.000034 0.000043 0.000053 0.000064 0.000077 0.000091 0.000105 0.000121 0.000136 0.000152 0.000167 0.000181 0.000193 0.000203 0.000210 0.000214 0.000216 0.000214 0.000210 0.000203 0.000193 0.000181 0.000167 0.000152 0.000136 0.000121 0.000105 0.000091 0.000077 0.000064 0.000053 0.000043 0.000034 0.000027 0.000021 0.000016 0.000012 0.000009 0.000007 0.000005 0.000004 0.000002 0.000002 0.000001 0.000001 0.000001 0.000000 0.000000 0.000000 0.000000 0.000000 0.000000 0.000000 0.000000 0.000000 0.000000 0.000000 0.000000 0.000000 0.000000 0.000000 0.000000 0.000000 0.000000 0.000000 0.000000 
0.000000 0.000000 0.000000 0.000000 0.000000 0.000000 0.000000 0.000000 0.000000 0.000000 0.000000 0.000000 0.000000 0.000000 0.000000 0.000000 0.000000 0.000000 0.000000 0.000000 0.000001 0.000001 0.000001 0.000002 0.000003 0.000005 0.000006 0.000009 0.000012 0.000017 0.000023 0.000030 0.000039 0.000050 0.000063 0.000079 0.000097 0.000118 0.000141 0.000166 0.000193 0.000221 0.000249 0.000278 0.000305 0.000330 0.000352 0.000370 0.000383 0.000392 0.000394 0.000392 0.000383 0.000370 0.000352 0.000330 0.000305 0.000278 0.000249 0.000221 0.000193 0.000166 0.000141 0.000118 0.000097 0.000079 0.000063 0.000050 0.000039 0.000030 0.000023 0.000017 0.000012 0.000009 0.000006 0.000005 0.000003 0.000002 0.000001 0.000001 0.000001 0.000000 0.000000 0.000000 0.000000 0.000000 0.000000 0.000000 0.000000 0.000000 0.000000 0.000000 0.000000 0.000000 0.000000 0.000000 0.000000 0.000000 0.000000 0.000000 
0.000000 0.000000 0.000000 0.000000 0.000000 0.000000 0.000000 0.000000 0.000000 0.000000 0.000000 0.000000 0.000000 0.000000 0.000000 0.000000 0.000000 0.000000 0.000000 0.000001 0.000001 0.000002 0.000003 0.000004 0.000006 0.000008 0.000012 0.000016 0.000022 0.000031 0.000041 0.000054 0.000070 0.000090 0.000114 0.000142 0.000175 0.000212 0.000254 0.000299 0.000347 0.000398 0.000449 0.000500 0.000549 0.000594 0.000634 0.000666 0.000690 0.000705 0.000710 0.000705 0.000690 0.000666 0.000634 0.000594 0.000549 0.000500 0.000449 0.000398 0.000347 0.000299 0.000254 0.000212 0.000175 0.000142 0.000114 0.000090 0.000070 0.000054 0.000041 0.000031 0.000022 0.000016 0.000012 0.000008 0.000006 0.000004 0.000003 0.000002 0.000001 0.000001 0.000000 0.000000 0.000000 0.000000 0.000000 0.000000 0.000000 0.000000 0.000000 0.000000 0.000000 0.000000 0.000000 0.000000 0.000000 0.000000 0.000000 0.000000 
0.000000 0.000000 0.000000 0.000000 0.000000 0.000000 0.000000 0.000000 0.000000 0.000000 0.000000 0.000000 0.000000 0.000000 0.000000 0.000000 0.000000 0.000001 0.000001 0.000001 0.000002 0.000003 0.000005 0.000007 0.000010 0.000015 0.000021 0.000029 0.000040 0.000055 0.000073 0.000096 0.000125 0.000161 0.000203 0.000254 0.000312 0.000378 0.000452 0.000532 0.000618 0.000708 0.000800 0.000890 0.000977 0.001056 0.001127 0.001184 0.001227 0.001254 0.001263 0.001254 0.001227 0.001184 0.001127 0.001056 0.000977 0.000890 0.000800 0.000708 0.000618 0.000532 0.000452 0.000378 0.000312 0.000254 0.000203 0.000161 0.000125 0.000096 0.000073 0.000055 0.000040 0.000029 0.000021 0.000015 0.000010 0.000007 0.000005 0.000003 0.000002 0.000001 0.000001 0.000001 0.000000 0.000000 0.000000 0.000000 0.000000 0.000000 0.000000 0.000000 0.000000 0.000000 0.000000 0.000000 0.000000 0.000000 0.000000 0.000000 
0.000000 0.000000 0.000000 0.000000 0.000000 0.000000 0.000000 0.000000 0.000000 0.000000 0.000000 0.000000 0.000000 0.000000 0.000000 0.000000 0.000001 0.000001 0.000002 0.000002 0.000004 0.000006 0.000008 0.000013 0.000018 0.000026 0.000037 0.000052 0.000071 0.000096 0.000129 0.000170 0.000221 0.000283 0.000358 0.000446 0.000548 0.000664 0.000794 0.000935 0.001086 0.001244 0.001404 0.001562 0.001714 0.001854 0.001977 0.002078 0.002154 0.002200 0.002216 0.002200 0.002154 0.002078 0.001977 0.001854 0.001714 0.001562 0.001404 0.001244 0.001086 0.000935 0.000794 0.000664 0.000548 0.000446 0.000358 0.000283 0.000221 0.000170 0.000129 0.000096 0.000071 0.000052 0.000037 0.000026 0.000018 0.000013 0.000008 0.000006 0.000004 0.000002 0.000002 0.000001 0.000001 0.000000 0.000000 0.000000 0.000000 0.000000 0.000000 0.000000 0.000000 0.000000 0.000000 0.000000 0.000000 0.000000 0.000000 0.000000 
0.000000 0.000000 0.000000 0.000000 0.000000 0.000000 0.000000 0.000000 0.000000 0.000000 0.000000 0.000000 0.000000 0.000000 0.000000 0.000001 0.000001 0.000002 0.000003 0.000004 0.000007 0.000010 0.000015 0.000022 0.000032 0.000045 0.000064 0.000090 0.000123 0.000167 0.000224 0.000295 0.000383 0.000491 0.000621 0.000774 0.000951 0.001153 0.001377 0.001622 0.001883 0.002156 0.002433 0.002707 0.002970 0.003212 0.003425 0.003600 0.003730 0.003811 0.003838 0.003811 0.003730 0.003600 0.003425 0.003212 0.002970 0.002707 0.002433 0.002156 0.001883 0.001622 0.001377 0.001153 0.000951 0.000774 0.000621 0.000491 0.000383 0.000295 0.000224 0.000167 0.000123 0.000090 0.000064 0.000045 0.000032 0.000022 0.000015 0.000010 0.000007 0.000004 0.000003 0.000002 0.000001 0.000001 0.000000 0.000000 0.000000 0.000000 0.000000 0.000000 0.000000 0.000000 0.000000 0.000000 0.000000 0.000000 0.000000 0.000000 
0.000000 0.000000 0.000000 0.000000 0.000000 0.000000 0.000000 0.000000 0.000000 0.000000 0.000000 0.000000 0.000000 0.000000 0.000001 0.000001 0.000002 0.000003 0.000005 0.000007 0.000011 0.000017 0.000026 0.000038 0.000055 0.000078 0.000111 0.000154 0.000212 0.000287 0.000384 0.000506 0.000658 0.000843 0.001065 0.001327 0.001630 0.001974 0.002357 0.002776 0.003222 0.003688 0.004162 0.004630 0.005079 0.005492 0.005855 0.006154 0.006377 0.006515 0.006561 0.006515 0.006377 0.006154 0.005855 0.005492 0.005079 0.004630 0.004162 0.003688 0.003222 0.002776 0.002357 0.001974 0.001630 0.001327 0.001065 0.000843 0.000658 0.000506 0.000384 0.000287 0.000212 0.000154 0.000111 0.000078 0.000055 0.000038 0.000026 0.000017 0.000011 0.000007 0.000005 0.000003 0.000002 0.000001 0.000001 0.000000 0.000000 0.000000 0.000000 0.000000 0.000000 0.000000 0.000000 0.000000 0.000000 0.000000 0.000000 0.000000 
0.000000 0.000000 0.000000 0.000000 0.000000 0.000000 0.000000 0.000000 0.000000 0.000000 0.000000 0.000000 0.000000 0.000001 0.000001 0.000002 0.000003 0.000005 0.000008 0.000013 0.000019 0.000029 0.000043 0.000064 0.000093 0.000133 0.000188 0.000261 0.000359 0.000487 0.000650 0.000857 0.001113 0.001426 0.001801 0.002243 0.002755 0.003336 0.003983 0.004689 0.005442 0.006227 0.007026 0.007816 0.008571 0.009268 0.009880 0.010384 0.010759 0.010991 0.011069 0.010991 0.010759 0.010384 0.009880 0.009268 0.008571 0.007816 0.007026 0.006227 0.005442 0.004689 0.003983 0.003336 0.002755 0.002243 0.001801 0.001426 0.001113 0.000857 0.000650 0.000487 0.000359 0.000261 0.000188 0.000133 0.000093 0.000064 0.000043 0.000029 0.000019 0.000013 0.000008 0.000005 0.000003 0.000002 0.000001 0.000001 0.000000 0.000000 0.000000 0.000000 0.000000 0.000000 0.000000 0.000000 0.000000 0.000000 0.000000 0.000000 
0.000000 0.000000 0.000000 0.000000 0.000000 0.000000 0.000000 0.000000 0.000000 0.000000 0.000000 0.000000 0.000001 0.000001 0.000002 0.000003 0.000005 0.000009 0.000014 0.000021 0.000032 0.000049 0.000073 0.000107 0.000155 0.000223 0.000314 0.000438 0.000601 0.000814 0.001087 0.001431 0.001859 0.002381 0.003006 0.003743 0.004596 0.005564 0.006641 0.007816 0.009070 0.010377 0.011706 0.013020 0.014277 0.015436 0.016453 0.017291 0.017915 0.018301 0.018431 0.018301 0.017915 0.017291 0.016453 0.015436 0.014277 0.013020 0.011706 0.010377 0.009070 0.007816 0.006641 0.005564 0.004596 0.003743 0.003006 0.002381 0.001859 0.001431 0.001087 0.000814 0.000601 0.000438 0.000314 0.000223 0.000155 0.000107 0.000073 0.000049 0.000032 0.000021 0.000014 0.000009 0.000005 0.000003 0.000002 0.000001 0.000001 0.000000 0.000000 0.000000 0.000000 0.000000 0.000000 0.000000 0.000000 0.000000 0.000000 0.000000 
0.000000 0.000000 0.000000 0.000000 0.000000 0.000000 0.000000 0.000000 0.000000 0.000000 0.000000 0.000001 0.000001 0.000002 0.000003 0.000006 0.000009 0.000014 0.000022 0.000035 0.000053 0.000081 0.000120 0.000177 0.000257 0.000368 0.000519 0.000723 0.000992 0.001343 0.001793 0.002360 0.003064 0.003923 0.004952 0.006164 0.007566 0.009157 0.010928 0.012858 0.014918 0.017066 0.019248 0.021405 0.023469 0.025371 0.027041 0.028416 0.029441 0.030073 0.030287 0.030073 0.029441 0.028416 0.027041 0.025371 0.023469 0.021405 0.019248 0.017066 0.014918 0.012858 0.010928 0.009157 0.007566 0.006164 0.004952 0.003923 0.003064 0.002360 0.001793 0.001343 0.000992 0.000723 0.000519 0.000368 0.000257 0.000177 0.000120 0.000081 0.000053 0.000035 0.000022 0.000014 0.000009 0.000006 0.000003 0.000002 0.000001 0.000001 0.000000 0.000000 0.000000 0.000000 0.000000 0.000000 0.000000 0.000000 0.000000 0.000000 
0.000000 0.000000 0.000000 0.000000 0.000000 0.000000 0.000000 0.000000 0.000000 0.000000 0.000001 0.000001 0.000002 0.000003 0.000006 0.000009 0.000015 0.000023 0.000037 0.000057 0.000087 0.000132 0.000197 0.000289 0.000419 0.000600 0.000846 0.001178 0.001616 0.002187 0.002918 0.003840 0.004984 0.006378 0.008049 0.010017 0.012292 0.014873 0.017745 0.020876 0.024216 0.027696 0.031233 0.034728 0.038073 0.041154 0.043860 0.046087 0.047746 0.048771 0.049117 0.048771 0.047746 0.046087 0.043860 0.041154 0.038073 0.034728 0.031233 0.027696 0.024216 0.020876 0.017745 0.014873 0.012292 0.010017 0.008049 0.006378 0.004984 0.003840 0.002918 0.002187 0.001616 0.001178 0.000846 0.000600 0.000419 0.000289 0.000197 0.000132 0.000087 0.000057 0.000037 0.000023 0.000015 0.000009 0.000006 0.000003 0.000002 0.000001 0.000001 0.000000 0.000000 0.000000 0.000000 0.000000 0.000000 0.000000 0.000000 0.000000 
0.000000 0.000000 0.000000 0.000000 0.000000 0.000000 0.000000 0.000000 0.000000 0.000001 0.000001 0.000002 0.000003 0.000005 0.000009 0.000015 0.000024 0.000038 0.000059 0.000092 0.000141 0.000213 0.000317 0.000466 0.000675 0.000966 0.001361 0.001893 0.002597 0.003513 0.004687 0.006166 0.007999 0.010234 0.012912 0.016063 0.019706 0.023839 0.028436 0.033446 0.038789 0.044357 0.050014 0.055603 0.060951 0.065877 0.070202 0.073762 0.076415 0.078053 0.078606 0.078053 0.076415 0.073762 0.070202 0.065877 0.060951 0.055603 0.050014 0.044357 0.038789 0.033446 0.028436 0.023839 0.019706 0.016063 0.012912 0.010234 0.007999 0.006166 0.004687 0.003513 0.002597 0.001893 0.001361 0.000966 0.000675 0.000466 0.000317 0.000213 0.000141 0.000092 0.000059 0.000038 0.000024 0.000015 0.000009 0.000005 0.000003 0.000002 0.000001 0.000001 0.000000 0.000000 0.000000 0.000000 0.000000 0.000000 0.000000 0.000000 
0.000000 0.000000 0.000000 0.000000 0.000000 0.000000 0.000000 0.000000 0.000001 0.000001 0.000002 0.000003 0.000005 0.000009 0.000014 0.000023 0.000038 0.000060 0.000094 0.000146 0.000224 0.000338 0.000504 0.000740 0.001073 0.001533 0.002161 0.003004 0.004119 0.005569 0.007427 0.009768 0.012669 0.016203 0.020437 0.025419 0.031175 0.037704 0.044965 0.052877 0.061313 0.070102 0.079031 0.087851 0.096290 0.104061 0.110885 0.116501 0.120686 0.123269 0.124142 0.123269 0.120686 0.116501 0.110885 0.104061 0.096290 0.087851 0.079031 0.070102 0.061313 0.052877 0.044965 0.037704 0.031175 0.025419 0.020437 0.016203 0.012669 0.009768 0.007427 0.005569 0.004119 0.003004 0.002161 0.001533 0.001073 0.000740 0.000504 0.000338 0.000224 0.000146 0.000094 0.000060 0.000038 0.000023 0.000014 0.000009 0.000005 0.000003 0.000002 0.000001 0.000001 0.000000 0.000000 0.000000 0.000000 0.000000 0.000000 0.000000 
0.000000 0.000000 0.000000 0.000000 0.000000 0.000000 0.000000 0.000000 0.000001 0.000002 0.000003 0.000005 0.000008 0.000014 0.000022 0.000037 0.000059 0.000094 0.000148 0.000230 0.000352 0.000531 0.000791 0.001161 0.001681 0.002402 0.003384 0.004703 0.006445 0.008712 0.011614 0.015269 0.019797 0.025313 0.031918 0.039688 0.048665 0.058843 0.070160 0.082489 0.095632 0.109324 0.123231 0.136967 0.150106 0.162206 0.172830 0.181572 0.188087 0.192108 0.193467 0.192108 0.188087 0.181572 0.172830 0.162206 0.150106 0.136967 0.123231 0.109324 0.095632 0.082489 0.070160 0.058843 0.048665 0.039688 0.031918 0.025313 0.019797 0.015269 0.011614 0.008712 0.006445 0.004703 0.003384 0.002402 0.001681 0.001161 0.000791 0.000531 0.000352 0.000230 0.000148 0.000094 0.000059 0.000037 0.000022 0.000014 0.000008 0.000005 0.000003 0.000002 0.000001 0.000000 0.000000 0.000000 0.000000 0.000000 0.000000 0.000000 
0.000000 0.000000 0.000000 0.000000 0.000000 0.000000 0.000000 0.000001 0.000001 0.000002 0.000004 0.000007 0.000013 0.000021 0.000035 0.000057 0.000092 0.000146 0.000230 0.000357 0.000545 0.000823 0.001224 0.001796 0.002600 0.003713 0.005229 0.007263 0.009951 0.013446 0.017919 0.023550 0.030525 0.039019 0.049187 0.061146 0.074958 0.090615 0.108020 0.126977 0.147184 0.168229 0.189603 0.210712 0.230902 0.249492 0.265812 0.279242 0.289249 0.295425 0.297513 0.295425 0.289249 0.279242 0.265812 0.249492 0.230902 0.210712 0.189603 0.168229 0.147184 0.126977 0.108020 0.090615 0.074958 0.061146 0.049187 0.039019 0.030525 0.023550 0.017919 0.013446 0.009951 0.007263 0.005229 0.003713 0.002600 0.001796 0.001224 0.000823 0.000545 0.000357 0.000230 0.000146 0.000092 0.000057 0.000035 0.000021 0.000013 0.000007 0.000004 0.000002 0.000001 0.000001 0.000000 0.000000 0.000000 0.000000 0.000000 0.000000 
0.000000 0.000000 0.000000 0.000000 0.000000 0.000000 0.000001 0.000001 0.000002 0.000004 0.000007 0.000011 0.000019 0.000032 0.000053 0.000087 0.000141 0.000224 0.000352 0.000545 0.000833 0.001256 0.001869 0.002741 0.003966 0.005661 0.007970 0.011067 0.015157 0.020474 0.027276 0.035838 0.046438 0.059344 0.074788 0.092948 0.113918 0.137683 0.164097 0.192860 0.223514 0.255435 0.287850 0.319858 0.350470 0.378654 0.403394 0.423751 0.438919 0.448280 0.451445 0.448280 0.438919 0.423751 0.403394 0.378654 0.350470 0.319858 0.287850 0.255435 0.223514 0.192860 0.164097 0.137683 0.113918 0.092948 0.074788 0.059344 0.046438 0.035838 0.027276 0.020474 0.015157 0.011067 0.007970 0.005661 0.003966 0.002741 0.001869 0.001256 0.000833 0.000545 0.000352 0.000224 0.000141 0.000087 0.000053 0.000032 0.000019 0.000011 0.000007 0.000004 0.000002 0.000001 0.000001 0.000000 0.000000 0.000000 0.000000 0.000000 
0.000000 0.000000 0.000000 0.000000 0.000000 0.000001 0.000001 0.000002 0.000003 0.000006 0.000010 0.000017 0.000029 0.000049 0.000081 0.000132 0.000213 0.000338 0.000531 0.000823 0.001256 0.001893 0.002814 0.004127 0.005969 0.008517 0.011986 0.016637 0.022778 0.030758 0.040964 0.053806 0.069702 0.089049 0.112195 0.139406 0.170819 0.206411 0.245962 0.289025 0.334909 0.382683 0.431189 0.479081 0.524878 0.567039 0.604046 0.634495 0.657181 0.671181 0.675914 0.671181 0.657181 0.634495 0.604046 0.567039 0.524878 0.479081 0.431189 0.382683 0.334909 0.289025 0.245962 0.206411 0.170819 0.139406 0.112195 0.089049 0.069702 0.053806 0.040964 0.030758 0.022778 0.016637 0.011986 0.008517 0.005969 0.004127 0.002814 0.001893 0.001256 0.000823 0.000531 0.000338 0.000213 0.000132 0.000081 0.000049 0.000029 0.000017 0.000010 0.000006 0.000003 0.000002 0.000001 0.000001 0.000000 0.000000 0.000000 0.000000 
0.000000 0.000000 0.000000 0.000000 0.000000 0.000001 0.000001 0.000003 0.000005 0.000008 0.000015 0.000026 0.000043 0.000073 0.000120 0.000197 0.000317 0.000504 0.000791 0.001224 0.001869 0.002814 0.004182 0.006130 0.008863 0.012640 0.017782 0.024675 0.033771 0.045588 0.060696 0.079701 0.103217 0.131833 0.166060 0.206287 0.252716 0.305312 0.363746 0.427356 0.495124 0.565672 0.637292 0.707995 0.775600 0.837831 0.892452 0.937390 0.970870 0.991530 0.998515 0.991530 0.970870 0.937390 0.892452 0.837831 0.775600 0.707995 0.637292 0.565672 0.495124 0.427356 0.363746 0.305312 0.252716 0.206287 0.166060 0.131833 0.103217 0.079701 0.060696 0.045588 0.033771 0.024675 0.017782 0.012640 0.008863 0.006130 0.004182 0.002814 0.001869 0.001224 0.000791 0.000504 0.000317 0.000197 0.000120 0.000073 0.000043 0.000026 0.000015 0.000008 0.000005 0.000003 0.000001 0.000001 0.000000 0.000000 0.000000 0.000000 
0.000000 0.000000 0.000000 0.000000 0.000001 0.000001 0.000002 0.000004 0.000007 0.000013 0.000022 0.000038 0.000064 0.000107 0.000177 0.000289 0.000466 0.000740 0.001161 0.001796 0.002741 0.004127 0.006130 0.008981 0.012981 0.018507 0.026026 0.036102 0.049395 0.066658 0.088722 0.116470 0.150797 0.192554 0.242489 0.301163 0.368869 0.445553 0.530732 0.623441 0.722194 0.824984 0.929322 1.032313 1.130779 1.221413 1.300956 1.366394 1.415146 1.445229 1.455399 1.445229 1.415146 1.366394 1.300956 1.221413 1.130779 1.032313 0.929322 0.824984 0.722194 0.623441 0.530732 0.445553 0.368869 0.301163 0.242489 0.192554 0.150797 0.116470 0.088722 0.066658 0.049395 0.036102 0.026026 0.018507 0.012981 0.008981 0.006130 0.004127 0.002741 0.001796 0.001161 0.000740 0.000466 0.000289 0.000177 0.000107 0.000064 0.000038 0.000022 0.000013 0.000007 0.000004 0.000002 0.000001 0.000001 0.000000 0.000000 0.000000 
0.000000 0.000000 0.000000 0.000000 0.000001 0.000002 0.000003 0.000006 0.000010 0.000018 0.000032 0.000055 0.000093 0.000155 0.000257 0.000419 0.000675 0.001073 0.001681 0.002600 0.003966 0.005969 0.008863 0.012981 0.018755 0.026729 0.037577 0.052107 0.071271 0.096152 0.127942 0.167912 0.217344 0.277462 0.349337 0.433770 0.531182 0.641489 0.763995 0.897307 1.039289 1.187055 1.337026 1.485046 1.626550 1.756786 1.871077 1.965097 2.035139 2.078359 2.092969 2.078359 2.035139 1.965097 1.871077 1.756786 1.626550 1.485046 1.337026 1.187055 1.039289 0.897307 0.763995 0.641489 0.531182 0.433770 0.349337 0.277462 0.217344 0.167912 0.127942 0.096152 0.071271 0.052107 0.037577 0.026729 0.018755 0.012981 0.008863 0.005969 0.003966 0.002600 0.001681 0.001073 0.000675 0.000419 0.000257 0.000155 0.000093 0.000055 0.000032 0.000018 0.000010 0.000006 0.000003 0.000002 0.000001 0.000000 0.000000 0.000000 
0.000000 0.000000 0.000000 0.000001 0.000001 0.000002 0.000005 0.000008 0.000015 0.000026 0.000045 0.000078 0.000133 0.000223 0.000368 0.000600 0.000966 0.001533 0.002402 0.003713 0.005661 0.008517 0.012640 0.018507 0.026729 0.038082 0.053519 0.074191 0.101447 0.136822 0.182010 0.238809 0.309036 0.394426 0.496489 0.616362 0.754633 0.911178 1.085005 1.274136 1.475537 1.685114 1.897795 2.107685 2.308316 2.492957 2.654982 2.788262 2.887547 2.948810 2.969519 2.948810 2.887547 2.788262 2.654982 2.492957 2.308316 2.107685 1.897795 1.685114 1.475537 1.274136 1.085005 0.911178 0.754633 0.616362 0.496489 0.394426 0.309036 0.238809 0.182010 0.136822 0.101447 0.074191 0.053519 0.038082 0.026729 0.018507 0.012640 0.008517 0.005661 0.003713 0.002402 0.001533 0.000966 0.000600 0.000368 0.000223 0.000133 0.000078 0.000045 0.000026 0.000015 0.000008 0.000005 0.000002 0.000001 0.000001 0.000000 0.000000 
0.000000 0.000000 0.000000 0.000001 0.000002 0.000004 0.000006 0.000012 0.000021 0.000037 0.000064 0.000111 0.000188 0.000314 0.000519 0.000846 0.001361 0.002161 0.003384 0.005229 0.007970 0.011986 0.017782 0.026026 0.037577 0.053519 0.075191 0.104203 0.142443 0.192061 0.255426 0.335051 0.433478 0.553129 0.696112 0.864009 1.057639 1.276821 1.520159 1.784880 2.066734 2.359993 2.657560 2.951194 3.231848 3.490115 3.716733 3.903137 4.041990 4.127667 4.156628 4.127667 4.041990 3.903137 3.716733 3.490115 3.231848 2.951194 2.657560 2.359993 2.066734 1.784880 1.520159 1.276821 1.057639 0.864009 0.696112 0.553129 0.433478 0.335051 0.255426 0.192061 0.142443 0.104203 0.075191 0.053519 0.037577 0.026026 0.017782 0.011986 0.007970 0.005229 0.003384 0.002161 0.001361 0.000846 0.000519 0.000314 0.000188 0.000111 0.000064 0.000037 0.000021 0.000012 0.000006 0.000003 0.000002 0.000001 0.000000 0.000000 
0.000000 0.000000 0.000001 0.000001 0.000003 0.000005 0.000009 0.000016 0.000029 0.000052 0.000090 0.000154 0.000261 0.000438 0.000723 0.001178 0.001893 0.003004 0.004703 0.007263 0.011067 0.016637 0.024675 0.036102 0.052107 0.074191 0.104203 0.144367 0.197292 0.265946 0.353599 0.463717 0.599806 0.765202 0.962810 1.194806 1.462309 1.765059 2.101123 2.466663 2.855809 3.260653 3.671397 4.076672 4.464000 4.820403 5.133114 5.390320 5.581907 5.700119 5.740078 5.700119 5.581907 5.390320 5.133114 4.820403 4.464000 4.076672 3.671397 3.260653 2.855809 2.466663 2.101123 1.765059 1.462309 1.194806 0.962810 0.765202 0.599806 0.463717 0.353599 0.265946 0.197292 0.144367 0.104203 0.074191 0.052107 0.036102 0.024675 0.016637 0.011067 0.007263 0.004703 0.003004 0.001893 0.001178 0.000723 0.000438 0.000261 0.000154 0.000090 0.000052 0.000029 0.000016 0.000009 0.000005 0.000003 0.000001 0.000001 0.000000 
0.000000 0.000000 0.000001 0.000002 0.000004 0.000007 0.000012 0.000022 0.000040 0.000071 0.000123 0.000212 0.000359 0.000601 0.000992 0.001616 0.002597 0.004119 0.006445 0.009951 0.015157 0.022778 0.033771 0.049395 0.071271 0.101447 0.142443 0.197292 0.269548 0.363254 0.482863 0.633091 0.818709 1.044252 1.313668 1.629908 1.994484 2.407029 2.864900 3.362860 3.892909 4.444274 5.003617 5.555458 6.082818 6.568040 6.993751 7.343884 7.604681 7.765592 7.819984 7.765592 7.604681 7.343884 6.993751 6.568040 6.082818 5.555458 5.003617 4.444274 3.892909 3.362860 2.864900 2.407029 1.994484 1.629908 1.313668 1.044252 0.818709 0.633091 0.482863 0.363254 0.269548 0.197292 0.142443 0.101447 0.071271 0.049395 0.033771 0.022778 0.015157 0.009951 0.006445 0.004119 0.002597 0.001616 0.000992 0.000601 0.000359 0.000212 0.000123 0.000071 0.000040 0.000022 0.000012 0.000007 0.000004 0.000002 0.000001 0.000000 
0.000000 0.000001 0.000001 0.000003 0.000005 0.000009 0.000017 0.000031 0.000055 0.000096 0.000167 0.000287 0.000487 0.000814 0.001343 0.002187 0.003513 0.005569 0.008712 0.013446 0.020474 0.030758 0.045588 0.066658 0.096152 0.136822 0.192061 0.265946 0.363254 0.489419 0.650420 0.852592 1.102336 1.405737 1.768087 2.193336 2.683500 3.238071 3.853480 4.522682 5.234919 5.975716 6.727154 7.468448 8.176800 8.828508 9.400253 9.870473 10.220705 10.436793 10.509835 10.436793 10.220705 9.870473 9.400253 8.828508 8.176800 7.468448 6.727154 5.975716 5.234919 4.522682 3.853480 3.238071 2.683500 2.193336 1.768087 1.405737 1.102336 0.852592 0.650420 0.489419 0.363254 0.265946 0.192061 0.136822 0.096152 0.066658 0.045588 0.030758 0.020474 0.013446 0.008712 0.005569 0.003513 0.002187 0.001343 0.000814 0.000487 0.000287 0.000167 0.000096 0.000055 0.000031 0.000017 0.000009 0.000005 0.000002 0.000001 0.000000 
0.000000 0.000001 0.000002 0.000003 0.000007 0.000012 0.000023 0.000041 0.000073 0.000129 0.000224 0.000384 0.000650 0.001087 0.001793 0.002918 0.004687 0.007427 0.011614 0.017919 0.027276 0.040964 0.060696 0.088722 0.127942 0.182010 0.255426 0.353599 0.482863 0.650420 0.864194 1.132577 1.464045 1.866651 2.347392 2.911486 3.561586 4.296996 5.112970 6.000154 6.944279 7.926155 8.922040 9.904396 10.843026 11.706542 12.464067 13.087050 13.551049 13.837324 13.934089 13.837324 13.551049 13.087050 12.464067 11.706542 10.843026 9.904396 8.922040 7.926155 6.944279 6.000154 5.112970 4.296996 3.561586 2.911486 2.347392 1.866651 1.464045 1.132577 0.864194 0.650420 0.482863 0.353599 0.255426 0.182010 0.127942 0.088722 0.060696 0.040964 0.027276 0.017919 0.011614 0.007427 0.004687 0.002918 0.001793 0.001087 0.000650 0.000384 0.000224 0.000129 0.000073 0.000041 0.000023 0.000012 0.000007 0.000003 0.000001 0.000000 
0.000000 0.000001 0.000002 0.000005 0.000009 0.000016 0.000030 0.000054 0.000096 0.000170 0.000295 0.000506 0.000857 0.001431 0.002360 0.003840 0.006166 0.009768 0.015269 0.023550 0.035838 0.053806 0.079701 0.116470 0.167912 0.238809 0.335051 0.463717 0.633091 0.852592 1.132577 1.484014 1.917973 2.444968 3.074132 3.812261 4.662800 5.624816 6.692076 7.852335 9.086921 10.370740 11.672757 12.956981 14.183954 15.312669 16.302789 17.117024 17.723450 18.097591 18.224054 18.097591 17.723450 17.117024 16.302789 15.312669 14.183954 12.956981 11.672757 10.370740 9.086921 7.852335 6.692076 5.624816 4.662800 3.812261 3.074132 2.444968 1.917973 1.484014 1.132577 0.852592 0.633091 0.463717 0.335051 0.238809 0.167912 0.116470 0.079701 0.053806 0.035838 0.023550 0.015269 0.009768 0.006166 0.003840 0.002360 0.001431 0.000857 0.000506 0.000295 0.000170 0.000096 0.000054 0.000030 0.000016 0.000009 0.000004 0.000002 0.000000 
0.000000 0.000001 0.000003 0.000006 0.000011 0.000021 0.000039 0.000070 0.000125 0.000221 0.000383 0.000658 0.001113 0.001859 0.003064 0.004984 0.007999 0.012669 0.019797 0.030525 0.046438 0.069702 0.103217 0.150797 0.217344 0.309036 0.433478 0.599806 0.818709 1.102336 1.464045 1.917973 2.478386 3.158828 3.971052 4.923800 6.021481 7.262861 8.639875 10.136703 11.729249 13.385144 15.064361 16.720502 18.302704 19.758115 21.034755 22.084570 22.866430 23.348796 23.511839 23.348796 22.866430 22.084570 21.034755 19.758115 18.302704 16.720502 15.064361 13.385144 11.729249 10.136703 8.639875 7.262861 6.021481 4.923800 3.971052 3.158828 2.478386 1.917973 1.464045 1.102336 0.818709 0.599806 0.433478 0.309036 0.217344 0.150797 0.103217 0.069702 0.046438 0.030525 0.019797 0.012669 0.007999 0.004984 0.003064 0.001859 0.001113 0.000658 0.000383 0.000221 0.000125 0.000070 0.000039 0.000021 0.000011 0.000006 0.000002 0.000000 
0.000000 0.000002 0.000004 0.000008 0.000015 0.000027 0.000050 0.000090 0.000161 0.000283 0.000491 0.000843 0.001426 0.002381 0.003923 0.006378 0.010234 0.016203 0.025313 0.039019 0.059344 0.089049 0.131833 0.192554 0.277462 0.394426 0.553129 0.765202 1.044252 1.405737 1.866651 2.444968 3.158828 4.025438 5.059725 6.272775 7.670165 9.250285 11.002840 12.907675 14.934113 17.040964 19.177314 21.284148 23.296793 25.148051 26.771839 28.107076 29.101477 29.714959 29.922319 29.714959 29.101477 28.107076 26.771839 25.148051 23.296793 21.284148 19.177314 17.040964 14.934113 12.907675 11.002840 9.250285 7.670165 6.272775 5.059725 4.025438 3.158828 2.444968 1.866651 1.405737 1.044252 0.765202 0.553129 0.394426 0.277462 0.192554 0.131833 0.089049 0.059344 0.039019 0.025313 0.016203 0.010234 0.006378 0.003923 0.002381 0.001426 0.000843 0.000491 0.000283 0.000161 0.000090 0.000050 0.000027 0.000014 0.000007 0.000003 0.000000 
0.000000 0.000002 0.000005 0.000010 0.000019 0.000034 0.000063 0.000114 0.000203 0.000358 0.000621 0.001065 0.001801 0.003006 0.004952 0.008049 0.012912 0.020437 0.031918 0.049187 0.074788 0.112195 0.166060 0.242489 0.349337 0.496489 0.696112 0.962810 1.313668 1.768087 2.347392 3.074132 3.971052 5.059725 6.358848 7.882298 9.637028 11.620975 13.821178 16.212307 18.755842 21.400078 24.081128 26.724953 29.250427 31.573270 33.610611 35.285852 36.533435 37.303100 37.563249 37.303100 36.533435 35.285852 33.610611 31.573270 29.250427 26.724953 24.081128 21.400078 18.755842 16.212307 13.821178 11.620975 9.637028 7.882298 6.358848 5.059725 3.971052 3.074132 2.347392 1.768087 1.313668 0.962810 0.696112 0.496489 0.349337 0.242489 0.166060 0.112195 0.074788 0.049187 0.031918 0.020437 0.012912 0.008049 0.004952 0.003006 0.001801 0.001065 0.000621 0.000358 0.000203 0.000114 0.000063 0.000034 0.000018 0.000009 0.000004 0.000000 
0.000000 0.000003 0.000006 0.000012 0.000023 0.000043 0.000079 0.000142 0.000254 0.000446 0.000774 0.001327 0.002243 0.003743 0.006164 0.010017 0.016063 0.025419 0.039688 0.061146 0.092948 0.139406 0.206287 0.301163 0.433770 0.616362 0.864009 1.194806 1.629908 2.193336 2.911486 3.812261 4.923800 6.272775 7.882298 9.769500 11.942938 14.400008 17.124616 20.085367 23.234547 26.508140 29.827062 33.099690 36.225641 39.100639 41.622166 43.695470 45.239461 46.191971 46.513919 46.191971 45.239461 43.695470 41.622166 39.100639 36.225641 33.099690 29.827062 26.508140 23.234547 20.085367 17.124616 14.400008 11.942938 9.769500 7.882298 6.272775 4.923800 3.812261 2.911486 2.193336 1.629908 1.194806 0.864009 0.616362 0.433770 0.301163 0.206287 0.139406 0.092948 0.061146 0.039688 0.025419 0.016063 0.010017 0.006164 0.003743 0.002243 0.001327 0.000774 0.000446 0.000254 0.000142 0.000079 0.000043 0.000023 0.000012 0.000005 0.000000 
0.000000 0.000003 0.000007 0.000015 0.000029 0.000053 0.000097 0.000175 0.000312 0.000548 0.000951 0.001630 0.002755 0.004596 0.007566 0.012292 0.019706 0.031175 0.048665 0.074958 0.113918 0.170819 0.252716 0.368869 0.531182 0.754633 1.057639 1.462309 1.994484 2.683500 3.561586 4.662800 6.021481 7.670165 9.637028 11.942938 14.598286 17.599835 20.927877 24.544031 28.390000 32.387604 36.440285 40.436192 44.252799 47.762847 50.841229 53.372324 55.257189 56.419971 56.812988 56.419971 55.257189 53.372324 50.841229 47.762847 44.252799 40.436192 36.440285 32.387604 28.390000 24.544031 20.927877 17.599835 14.598286 11.942938 9.637028 7.670165 6.021481 4.662800 3.561586 2.683500 1.994484 1.462309 1.057639 0.754633 0.531182 0.368869 0.252716 0.170819 0.113918 0.074958 0.048665 0.031175 0.019706 0.012292 0.007566 0.004596 0.002755 0.001630 0.000951 0.000548 0.000312 0.000175 0.000097 0.000053 0.000028 0.000014 0.000006 0.000000 
0.000000 0.000004 0.000009 0.000018 0.000035 0.000064 0.000118 0.000212 0.000378 0.000664 0.001153 0.001974 0.003336 0.005564 0.009157 0.014873 0.023839 0.037704 0.058843 0.090615 0.137683 0.206411 0.305312 0.445553 0.641489 0.911178 1.276821 1.765059 2.407029 3.238071 4.296996 5.624816 7.262861 9.250285 11.620975 14.400008 17.599835 21.216491 25.226178 29.582614 34.215550 39.030806 43.912091 48.724718 53.321170 57.548242 61.255336 64.303282 66.572988 67.973161 68.446411 67.973161 66.572988 64.303282 61.255336 57.548242 53.321170 48.724718 43.912091 39.030806 34.215550 29.582614 25.226178 21.216491 17.599835 14.400008 11.620975 9.250285 7.262861 5.624816 4.296996 3.238071 2.407029 1.765059 1.276821 0.911178 0.641489 0.445553 0.305312 0.206411 0.137683 0.090615 0.058843 0.037704 0.023839 0.014873 0.009157 0.005564 0.003336 0.001974 0.001153 0.000664 0.000378 0.000212 0.000117 0.000064 0.000034 0.000017 0.000007 0.000000 
0.000000 0.000004 0.000011 0.000022 0.000041 0.000077 0.000141 0.000254 0.000452 0.000794 0.001377 0.002357 0.003983 0.006641 0.010928 0.017745 0.028436 0.044965 0.070160 0.108020 0.164097 0.245962 0.363746 0.530732 0.763995 1.085005 1.520159 2.101123 2.864900 3.853480 5.112970 6.692076 8.639875 11.002840 13.821178 17.124616 20.927877 25.226178 29.991177 35.167834 40.672649 46.393718 52.192892 57.910196 63.370435 68.391680 72.795109 76.415480 79.111399 80.774480 81.336588 80.774480 79.111399 76.415480 72.795109 68.391680 63.370435 57.910196 52.192892 46.393718 40.672649 35.167834 29.991177 25.226178 20.927877 17.124616 13.821178 11.002840 8.639875 6.692076 5.112970 3.853480 2.864900 2.101123 1.520159 1.085005 0.763995 0.530732 0.363746 0.245962 0.164097 0.108020 0.070160 0.044965 0.028436 0.017745 0.010928 0.006641 0.003983 0.002357 0.001377 0.000794 0.000452 0.000254 0.000140 0.000077 0.000041 0.000021 0.000009 0.000000 
0.000000 0.000005 0.000013 0.000026 0.000049 0.000091 0.000166 0.000299 0.000532 0.000935 0.001622 0.002776 0.004689 0.007816 0.012858 0.020876 0.033446 0.052877 0.082489 0.126977 0.192860 0.289025 0.427356 0.623441 0.897307 1.274136 1.784880 2.466663 3.362860 4.522682 6.000154 7.852335 10.136703 12.907675 16.212307 20.085367 24.544031 29.582614 35.167834 41.235129 47.686612 54.391130 61.186807 67.886220 74.284138 80.167460 85.326737 89.568443 92.726982 94.675423 95.333977 94.675423 92.726982 89.568443 85.326737 80.167460 74.284138 67.886220 61.186807 54.391130 47.686612 41.235129 35.167834 29.582614 24.544031 20.085367 16.212307 12.907675 10.136703 7.852335 6.000154 4.522682 3.362860 2.466663 1.784880 1.274136 0.897307 0.623441 0.427356 0.289025 0.192860 0.126977 0.082489 0.052877 0.033446 0.020876 0.012858 0.007816 0.004689 0.002776 0.001622 0.000935 0.000532 0.000299 0.000166 0.000090 0.000048 0.000024 0.000010 0.000000 
0.000000 0.000006 0.000015 0.000030 0.000057 0.000105 0.000193 0.000347 0.000618 0.001086 0.001883 0.003222 0.005442 0.009070 0.014918 0.024216 0.038789 0.061313 0.095632 0.147184 0.223514 0.334909 0.495124 0.722194 1.039289 1.475537 2.066734 2.855809 3.892909 5.234919 6.944279 9.086921 11.729249 14.934113 18.755842 23.234547 28.390000 34.215550 40.672649 47.686612 55.144250 62.893957 70.748641 78.491716 85.886041 92.685399 98.647813 103.549710 107.199791 109.451431 110.212459 109.451431 107.199791 103.549710 98.647813 92.685399 85.886041 78.491716 70.748641 62.893957 55.144250 47.686612 40.672649 34.215550 28.390000 23.234547 18.755842 14.934113 11.729249 9.086921 6.944279 5.234919 3.892909 2.855809 2.066734 1.475537 1.039289 0.722194 0.495124 0.334909 0.223514 0.147184 0.095632 0.061313 0.038789 0.024216 0.014918 0.009070 0.005442 0.003222 0.001883 0.001086 0.000618 0.000347 0.000192 0.000105 0.000056 0.000028 0.000012 0.000000 
0.000000 0.000007 0.000017 0.000034 0.000065 0.000121 0.000221 0.000398 0.000708 0.001244 0.002156 0.003688 0.006227 0.010377 0.017066 0.027696 0.044357 0.070102 0.109324 0.168229 0.255435 0.382683 0.565672 0.824984 1.187055 1.685114 2.359993 3.260653 4.444274 5.975716 7.926155 10.370740 13.385144 17.040964 21.400078 26.508140 32.387604 39.030806 46.393718 54.391130 62.893957 71.729342 80.684006 89.511076 97.940275 105.691005 112.487515 118.075036 122.235589 124.802100 125.669546 124.802100 122.235589 118.075036 112.487515 105.691005 97.940275 89.511076 80.684006 71.729342 62.893957 54.391130 46.393718 39.030806 32.387604 26.508140 21.400078 17.040964 13.385144 10.370740 7.926155 5.975716 4.444274 3.260653 2.359993 1.685114 1.187055 0.824984 0.565672 0.382683 0.255435 0.168229 0.109324 0.070102 0.044357 0.027696 0.017066 0.010377 0.006227 0.003688 0.002156 0.001244 0.000708 0.000398 0.000221 0.000120 0.000064 0.000032 0.000013 0.000000 
0.000000 0.000008 0.000019 0.000039 0.000074 0.000136 0.000249 0.000449 0.000800 0.001404 0.002433 0.004162 0.007026 0.011706 0.019248 0.031233 0.050014 0.079031 0.123231 0.189603 0.287850 0.431189 0.637292 0.929322 1.337026 1.897795 2.657560 3.671397 5.003617 6.727154 8.922040 11.672757 15.064361 19.177314 24.081128 29.827062 36.440285 43.912091 52.192892 61.186807 70.748641 80.684006 90.753092 100.678348 110.155934 118.870431 126.511884 132.793932 137.471578 140.357040 141.332283 140.357040 137.471578 132.793932 126.511884 118.870431 110.155934 100.678348 90.753092 80.684006 70.748641 61.186807 52.192892 43.912091 36.440285 29.827062 24.081128 19.177314 15.064361 11.672757 8.922040 6.727154 5.003617 3.671397 2.657560 1.897795 1.337026 0.929322 0.637292 0.431189 0.287850 0.189603 0.123231 0.079031 0.050014 0.031233 0.019248 0.011706 0.007026 0.004162 0.002433 0.001404 0.000800 0.000449 0.000249 0.000136 0.000072 0.000037 0.000015 0.000000 
