0.000000 0.000000 0.000000 0.000000 0.000000 0.000000 0.000000 0.000000 0.000000 0.000000 0.000000 0.000000 0.000000 0.000000 0.000000 0.000000 0.000000 0.000000 0.000000 0.000000 0.000000 0.000000 0.000000 0.000000 0.000000 0.000000 0.000000 0.000000 0.000000 0.000000 0.000000 0.000000 0.000000 0.000000 0.000000 0.000000 0.000000 0.000000 0.000000 0.000000 0.000000 0.000000 0.000000 0.000000 0.000000 0.000000 0.000000 0.000000 0.000000 0.000000 0.000000 0.000000 0.000000 0.000000 0.000000 0.000000 0.000000 0.000000 0.000000 0.000000 0.000000 0.000000 0.000000 0.000000 0.000000 0.000000 0.000000 0.000000 0.000000 0.000000 0.000000 0.000000 0.000000 0.000000 0.000000 0.000000 0.000000 0.000000 0.000000 0.000000 0.000000 0.000000 0.000000 0.000000 0.000000 0.000000 0.000000 0.000000 0.000000 0.000000 0.000000 0.000000 0.000000 0.000000 0.000000 0.000000 0.000000 0.000000 0.000000 0.000000 
0.000000 0.000000 0.000000 0.000000 0.000000 0.000000 0.000000 0.000000 0.000000 0.000000 0.000000 0.000000 0.000000 0.000000 0.000000 0.000000 0.000000 0.000000 0.000000 0.000000 0.000000 0.000000 0.000001 0.000001 0.000001 0.000002 0.000002 0.000003 0.000004 0.000005 0.000007 0.000009 0.000011 0.000014 0.000017 0.000020 0.000024 0.000029 0.000034 0.000039 0.000044 0.000050 0.000056 0.000061 0.000066 0.000071 0.000075 0.000078 0.000081 0.000082 0.000083 0.000082 0.000081 0.000078 0.000075 0.000071 0.000066 0.000061 0.000056 0.000050 0.000044 0.000039 0.000034 0.000029 0.000024 0.000020 0.000017 0.000014 0.000011 0.000009 0.000007 0.000005 0.000004 0.000003 0.000002 0.000002 0.000001 0.000001 0.000001 0.000000 0.000000 0.000000 0.000000 0.000000 0.000000 0.000000 0.000000 0.000000 0.000000 0.000000 0.000000 0.000000 0.000000 0.000000 0.000000 0.000000 0.000000 0.000000 0.000000 0.000000 
0.000000 0.000000 0.000000 0.000000 0.000000 0.000000 0.000000 0.000000 0.000000 0.000000 0.000000 0.000000 0.000000 0.000000 0.000000 0.000000 0.000000 0.000000 0.000000 0.000001 0.000001 0.000001 0.000001 0.000002 0.000003 0.000004 0.000005 0.000007 0.000010 0.000012 0.000016 0.000020 0.000026 0.000032 0.000039 0.000047 0.000057 0.000067 0.000078 0.000090 0.000103 0.000116 0.000129 0.000141 0.000153 0.000164 0.000173 0.000181 0.000187 0.000190 0.000191 0.000190 0.000187 0.000181 0.000173 0.000164 0.000153 0.000141 0.000129 0.000116 0.000103 0.000090 0.000078 0.000067 0.000057 0.000047 0.000039 0.000032 0.000026 0.000020 0.000016 0.000012 0.000010 0.000007 0.000005 0.000004 0.000003 0.000002 0.000001 0.000001 0.000001 0.000001 0.000000 0.000000 0.000000 0.000000 0.000000 0.000000 0.000000 0.000000 0.000000 0.000000 0.000000 0.000000 0.000000 0.000000 0.000000 0.000000 0.000000 0.000000 
0.000000 0.000000 0.000000 0.000000 0.000000 0.000000 0.000000 0.000000 0.000000 0.000000 0.000000 0.000000 0.000000 0.000000 0.000000 0.000000 0.000000 0.000000 0.000001 0.000001 0.000001 0.000002 0.000003 0.000004 0.000005 0.000008 0.000010 0.000014 0.000018 0.000023 0.000030 0.000038 0.000048 0.000060 0.000074 0.000089 0.000107 0.000126 0.000147 0.000170 0.000193 0.000218 0.000242 0.000265 0.000288 0.000308 0.000326 0.000340 0.000351 0.000357 0.000360 0.000357 0.000351 0.000340 0.000326 0.000308 0.000288 0.000265 0.000242 0.000218 0.000193 0.000170 0.000147 0.000126 0.000107 0.000089 0.000074 0.000060 0.000048 0.000038 0.000030 0.000023 0.000018 0.000014 0.000010 0.000008 0.000005 0.000004 0.000003 0.000002 0.000001 0.000001 0.000001 0.000000 0.000000 0.000000 0.000000 0.000000 0.000000 0.000000 0.000000 0.000000 0.000000 0.000000 0.000000 0.000000 0.000000 0.000000 0.000000 0.000000 
0.000000 0.000000 0.000000 0.000000 0.000000 0.000000 0.000000 0.000000 0.000000 0.000000 0.000000 0.000000 0.000000 0.000000 0.000000 0.000000 0.000001 0.000001 0.000001 0.000002 0.000002 0.000004 0.000005 0.000007 0.000010 0.000013 0.000018 0.000024 0.000032 0.000042 0.000053 0.000068 0.000086 0.000106 0.000130 0.000158 0.000189 0.000223 0.000260 0.000300 0.000342 0.000385 0.000427 0.000469 0.000508 0.000544 0.000575 0.000601 0.000620 0.000631 0.000635 0.000631 0.000620 0.000601 0.000575 0.000544 0.000508 0.000469 0.000427 0.000385 0.000342 0.000300 0.000260 0.000223 0.000189 0.000158 0.000130 0.000106 0.000086 0.000068 0.000053 0.000042 0.000032 0.000024 0.000018 0.000013 0.000010 0.000007 0.000005 0.000004 0.000002 0.000002 0.000001 0.000001 0.000001 0.000000 0.000000 0.000000 0.000000 0.000000 0.000000 0.000000 0.000000 0.000000 0.000000 0.000000 0.000000 0.000000 0.000000 0.000000 
0.000000 0.000000 0.000000 0.000000 0.000000 0.000000 0.000000 0.000000 0.000000 0.000000 0.000000 0.000000 0.000000 0.000000 0.000000 0.000001 0.000001 0.000001 0.000002 0.000003 0.000004 0.000006 0.000009 0.000012 0.000017 0.000023 0.000031 0.000042 0.000055 0.000072 0.000092 0.000118 0.000148 0.000183 0.000225 0.000272 0.000326 0.000385 0.000449 0.000517 0.000589 0.000663 0.000736 0.000808 0.000876 0.000937 0.000991 0.001035 0.001067 0.001087 0.001094 0.001087 0.001067 0.001035 0.000991 0.000937 0.000876 0.000808 0.000736 0.000663 0.000589 0.000517 0.000449 0.000385 0.000326 0.000272 0.000225 0.000183 0.000148 0.000118 0.000092 0.000072 0.000055 0.000042 0.000031 0.000023 0.000017 0.000012 0.000009 0.000006 0.000004 0.000003 0.000002 0.000001 0.000001 0.000001 0.000000 0.000000 0.000000 0.000000 0.000000 0.000000 0.000000 0.000000 0.000000 0.000000 0.000000 0.000000 0.000000 0.000000 
0.000000 0.000000 0.000000 0.000000 0.000000 0.000000 0.000000 0.000000 0.000000 0.000000 0.000000 0.000000 0.000000 0.000000 0.000001 0.000001 0.000002 0.000002 0.000003 0.000005 0.000007 0.000010 0.000015 0.000021 0.000029 0.000039 0.000053 0.000071 0.000094 0.000122 0.000157 0.000200 0.000251 0.000311 0.000382 0.000462 0.000553 0.000653 0.000762 0.000878 0.001000 0.001124 0.001249 0.001370 0.001485 0.001589 0.001680 0.001754 0.001809 0.001843 0.001855 0.001843 0.001809 0.001754 0.001680 0.001589 0.001485 0.001370 0.001249 0.001124 0.001000 0.000878 0.000762 0.000653 0.000553 0.000462 0.000382 0.000311 0.000251 0.000200 0.000157 0.000122 0.000094 0.000071 0.000053 0.000039 0.000029 0.000021 0.000015 0.000010 0.000007 0.000005 0.000003 0.000002 0.000002 0.000001 0.000001 0.000000 0.000000 0.000000 0.000000 0.000000 0.000000 0.000000 0.000000 0.000000 0.000000 0.000000 0.000000 0.000000 
0.000000 0.000000 0.000000 0.000000 0.000000 0.000000 0.000000 0.000000 0.000000 0.000000 0.000000 0.000000 0.000000 0.000001 0.000001 0.000002 0.000003 0.000004 0.000006 0.000008 0.000012 0.000018 0.000025 0.000035 0.000048 0.000066 0.000089 0.000119 0.000157 0.000205 0.000264 0.000335 0.000421 0.000522 0.000640 0.000775 0.000926 0.001094 0.001276 0.001471 0.001674 0.001883 0.002091 0.002294 0.002486 0.002660 0.002812 0.002937 0.003029 0.003085 0.003104 0.003085 0.003029 0.002937 0.002812 0.002660 0.002486 0.002294 0.002091 0.001883 0.001674 0.001471 0.001276 0.001094 0.000926 0.000775 0.000640 0.000522 0.000421 0.000335 0.000264 0.000205 0.000157 0.000119 0.000089 0.000066 0.000048 0.000035 0.000025 0.000018 0.000012 0.000008 0.000006 0.000004 0.000003 0.000002 0.000001 0.000001 0.000000 0.000000 0.000000 0.000000 0.000000 0.000000 0.000000 0.000000 0.000000 0.000000 0.000000 0.000000 
0.000000 0.000000 0.000000 0.000000 0.000000 0.000000 0.000000 0.000000 0.000000 0.000000 0.000000 0.000000 0.000001 0.000001 0.000002 0.000003 0.000004 0.000006 0.000010 0.000014 0.000020 0.000029 0.000041 0.000058 0.000080 0.000110 0.000148 0.000198 0.000261 0.000340 0.000437 0.000556 0.000698 0.000866 0.001060 0.001283 0.001534 0.001812 0.002113 0.002435 0.002771 0.003116 0.003460 0.003795 0.004112 0.004401 0.004652 0.004857 0.005009 0.005103 0.005135 0.005103 0.005009 0.004857 0.004652 0.004401 0.004112 0.003795 0.003460 0.003116 0.002771 0.002435 0.002113 0.001812 0.001534 0.001283 0.001060 0.000866 0.000698 0.000556 0.000437 0.000340 0.000261 0.000198 0.000148 0.000110 0.000080 0.000058 0.000041 0.000029 0.000020 0.000014 0.000010 0.000006 0.000004 0.000003 0.000002 0.000001 0.000001 0.000000 0.000000 0.000000 0.000000 0.000000 0.000000 0.000000 0.000000 0.000000 0.000000 0.000000 
0.000000 0.000000 0.000000 0.000000 0.000000 0.000000 0.000000 0.000000 0.000000 0.000000 0.000000 0.000001 0.000001 0.000002 0.000003 0.000005 0.000007 0.000011 0.000016 0.000023 0.000034 0.000048 0.000068 0.000095 0.000132 0.000180 0.000244 0.000325 0.000428 0.000558 0.000717 0.000911 0.001144 0.001418 0.001737 0.002101 0.002512 0.002965 0.003458 0.003984 0.004534 0.005097 0.005659 0.006207 0.006725 0.007196 0.007606 0.007942 0.008190 0.008343 0.008394 0.008343 0.008190 0.007942 0.007606 0.007196 0.006725 0.006207 0.005659 0.005097 0.004534 0.003984 0.003458 0.002965 0.002512 0.002101 0.001737 0.001418 0.001144 0.000911 0.000717 0.000558 0.000428 0.000325 0.000244 0.000180 0.000132 0.000095 0.000068 0.000048 0.000034 0.000023 0.000016 0.000011 0.000007 0.000005 0.000003 0.000002 0.000001 0.000001 0.000000 0.000000 0.000000 0.000000 0.000000 0.000000 0.000000 0.000000 0.000000 0.000000 
0.000000 0.000000 0.000000 0.000000 0.000000 0.000000 0.000000 0.000000 0.000000 0.000000 0.000001 0.000001 0.000002 0.000003 0.000005 0.000008 0.000011 0.000017 0.000026 0.000038 0.000055 0.000078 0.000111 0.000155 0.000214 0.000293 0.000395 0.000527 0.000695 0.000904 0.001162 0.001476 0.001852 0.002296 0.002812 0.003401 0.004065 0.004798 0.005595 0.006445 0.007333 0.008242 0.009150 0.010035 0.010870 0.011632 0.012294 0.012835 0.013237 0.013483 0.013566 0.013483 0.013237 0.012835 0.012294 0.011632 0.010870 0.010035 0.009150 0.008242 0.007333 0.006445 0.005595 0.004798 0.004065 0.003401 0.002812 0.002296 0.001852 0.001476 0.001162 0.000904 0.000695 0.000527 0.000395 0.000293 0.000214 0.000155 0.000111 0.000078 0.000055 0.000038 0.000026 0.000017 0.000011 0.000008 0.000005 0.000003 0.000002 0.000001 0.000001 0.000000 0.000000 0.000000 0.000000 0.000000 0.000000 0.000000 0.000000 0.000000 
0.000000 0.000000 0.000000 0.000000 0.000000 0.000000 0.000000 0.000000 0.000000 0.000001 0.000001 0.000002 0.000003 0.000005 0.000008 0.000012 0.000018 0.000028 0.000041 0.000060 0.000088 0.000126 0.000178 0.000249 0.000344 0.000470 0.000634 0.000845 0.001113 0.001448 0.001862 0.002364 0.002966 0.003676 0.004500 0.005442 0.006502 0.007674 0.008947 0.010304 0.011723 0.013174 0.014625 0.016037 0.017371 0.018586 0.019643 0.020507 0.021147 0.021541 0.021674 0.021541 0.021147 0.020507 0.019643 0.018586 0.017371 0.016037 0.014625 0.013174 0.011723 0.010304 0.008947 0.007674 0.006502 0.005442 0.004500 0.003676 0.002966 0.002364 0.001862 0.001448 0.001113 0.000845 0.000634 0.000470 0.000344 0.000249 0.000178 0.000126 0.000088 0.000060 0.000041 0.000028 0.000018 0.000012 0.000008 0.000005 0.000003 0.000002 0.000001 0.000001 0.000000 0.000000 0.000000 0.000000 0.000000 0.000000 0.000000 0.000000 
0.000000 0.000000 0.000000 0.000000 0.000000 0.000000 0.000000 0.000000 0.000001 0.000001 0.000002 0.000003 0.000005 0.000008 0.000013 0.000019 0.000029 0.000044 0.000066 0.000096 0.000139 0.000200 0.000283 0.000395 0.000546 0.000745 0.001005 0.001340 0.001764 0.002294 0.002948 0.003742 0.004694 0.005816 0.007118 0.008608 0.010282 0.012133 0.014143 0.016286 0.018526 0.020816 0.023106 0.025334 0.027439 0.029356 0.031025 0.032387 0.033397 0.034018 0.034228 0.034018 0.033397 0.032387 0.031025 0.029356 0.027439 0.025334 0.023106 0.020816 0.018526 0.016286 0.014143 0.012133 0.010282 0.008608 0.007118 0.005816 0.004694 0.003742 0.002948 0.002294 0.001764 0.001340 0.001005 0.000745 0.000546 0.000395 0.000283 0.000200 0.000139 0.000096 0.000066 0.000044 0.000029 0.000019 0.000013 0.000008 0.000005 0.000003 0.000002 0.000001 0.000001 0.000000 0.000000 0.000000 0.000000 0.000000 0.000000 0.000000 
0.000000 0.000000 0.000000 0.000000 0.000000 0.000000 0.000000 0.000001 0.000001 0.000002 0.000003 0.000005 0.000008 0.000013 0.000020 0.000030 0.000046 0.000069 0.000103 0.000151 0.000219 0.000313 0.000443 0.000620 0.000856 0.001168 0.001575 0.002098 0.002762 0.003591 0.004614 0.005856 0.007342 0.009095 0.011131 0.013456 0.016071 0.018961 0.022099 0.025444 0.028938 0.032513 0.036085 0.039561 0.042845 0.045835 0.048437 0.050562 0.052137 0.053106 0.053433 0.053106 0.052137 0.050562 0.048437 0.045835 0.042845 0.039561 0.036085 0.032513 0.028938 0.025444 0.022099 0.018961 0.016071 0.013456 0.011131 0.009095 0.007342 0.005856 0.004614 0.003591 0.002762 0.002098 0.001575 0.001168 0.000856 0.000620 0.000443 0.000313 0.000219 0.000151 0.000103 0.000069 0.000046 0.000030 0.000020 0.000013 0.000008 0.000005 0.000003 0.000002 0.000001 0.000001 0.000000 0.000000 0.000000 0.000000 0.000000 0.000000 
0.000000 0.000000 0.000000 0.000000 0.000000 0.000000 0.000001 0.000001 0.000002 0.000003 0.000005 0.000008 0.000013 0.000020 0.000031 0.000047 0.000072 0.000108 0.000160 0.000234 0.000340 0.000486 0.000687 0.000961 0.001326 0.001810 0.002439 0.003249 0.004275 0.005557 0.007137 0.009056 0.011353 0.014060 0.017203 0.020794 0.024829 0.029289 0.034131 0.039291 0.044682 0.050196 0.055704 0.061065 0.066128 0.070739 0.074750 0.078026 0.080454 0.081947 0.082451 0.081947 0.080454 0.078026 0.074750 0.070739 0.066128 0.061065 0.055704 0.050196 0.044682 0.039291 0.034131 0.029289 0.024829 0.020794 0.017203 0.014060 0.011353 0.009056 0.007137 0.005557 0.004275 0.003249 0.002439 0.001810 0.001326 0.000961 0.000687 0.000486 0.000340 0.000234 0.000160 0.000108 0.000072 0.000047 0.000031 0.000020 0.000013 0.000008 0.000005 0.000003 0.000002 0.000001 0.000001 0.000000 0.000000 0.000000 0.000000 0.000000 
0.000000 0.000000 0.000000 0.000000 0.000000 0.000001 0.000001 0.000002 0.000003 0.000005 0.000008 0.000012 0.000019 0.000030 0.000047 0.000073 0.000110 0.000166 0.000245 0.000360 0.000521 0.000745 0.001053 0.001472 0.002031 0.002771 0.003734 0.004971 0.006539 0.008499 0.010913 0.013844 0.017351 0.021484 0.026280 0.031760 0.037917 0.044720 0.052105 0.059974 0.068194 0.076600 0.084997 0.093169 0.100885 0.107912 0.114024 0.119017 0.122717 0.124992 0.125760 0.124992 0.122717 0.119017 0.114024 0.107912 0.100885 0.093169 0.084997 0.076600 0.068194 0.059974 0.052105 0.044720 0.037917 0.031760 0.026280 0.021484 0.017351 0.013844 0.010913 0.008499 0.006539 0.004971 0.003734 0.002771 0.002031 0.001472 0.001053 0.000745 0.000521 0.000360 0.000245 0.000166 0.000110 0.000073 0.000047 0.000030 0.000019 0.000012 0.000008 0.000005 0.000003 0.000002 0.000001 0.000001 0.000000 0.000000 0.000000 0.000000 
0.000000 0.000000 0.000000 0.000000 0.000001 0.000001 0.000002 0.000003 0.000004 0.000007 0.000011 0.000018 0.000029 0.000046 0.000072 0.000110 0.000167 0.000251 0.000372 0.000545 0.000789 0.001129 0.001596 0.002228 0.003075 0.004193 0.005648 0.007518 0.009887 0.012846 0.016491 0.020916 0.026209 0.032445 0.039681 0.047945 0.057231 0.067489 0.078622 0.090484 0.102873 0.115540 0.128193 0.140505 0.152129 0.162715 0.171923 0.179444 0.185016 0.188443 0.189599 0.188443 0.185016 0.179444 0.171923 0.162715 0.152129 0.140505 0.128193 0.115540 0.102873 0.090484 0.078622 0.067489 0.057231 0.047945 0.039681 0.032445 0.026209 0.020916 0.016491 0.012846 0.009887 0.007518 0.005648 0.004193 0.003075 0.002228 0.001596 0.001129 0.000789 0.000545 0.000372 0.000251 0.000167 0.000110 0.000072 0.000046 0.000029 0.000018 0.000011 0.000007 0.000004 0.000003 0.000002 0.000001 0.000000 0.000000 0.000000 0.000000 
0.000000 0.000000 0.000000 0.000000 0.000001 0.000001 0.000002 0.000004 0.000006 0.000011 0.000017 0.000028 0.000044 0.000069 0.000108 0.000166 0.000251 0.000377 0.000558 0.000817 0.001182 0.001691 0.002388 0.003335 0.004600 0.006270 0.008444 0.011237 0.014774 0.019192 0.024631 0.031233 0.039128 0.048429 0.059219 0.071539 0.085380 0.100667 0.117257 0.134929 0.153385 0.172253 0.191098 0.209433 0.226744 0.242506 0.256216 0.267413 0.275710 0.280812 0.282533 0.280812 0.275710 0.267413 0.256216 0.242506 0.226744 0.209433 0.191098 0.172253 0.153385 0.134929 0.117257 0.100667 0.085380 0.071539 0.059219 0.048429 0.039128 0.031233 0.024631 0.019192 0.014774 0.011237 0.008444 0.006270 0.004600 0.003335 0.002388 0.001691 0.001182 0.000817 0.000558 0.000377 0.000251 0.000166 0.000108 0.000069 0.000044 0.000028 0.000017 0.000011 0.000006 0.000004 0.000002 0.000001 0.000001 0.000000 0.000000 0.000000 
0.000000 0.000000 0.000000 0.000001 0.000001 0.000002 0.000003 0.000006 0.000010 0.000016 0.000026 0.000041 0.000066 0.000103 0.000160 0.000245 0.000372 0.000558 0.000827 0.001210 0.001750 0.002502 0.003533 0.004931 0.006801 0.009267 0.012477 0.016599 0.021819 0.028336 0.036359 0.046095 0.057735 0.071444 0.087346 0.105500 0.125890 0.148409 0.172843 0.198867 0.226041 0.253820 0.281562 0.308551 0.334030 0.357228 0.377404 0.393883 0.406092 0.413599 0.416132 0.413599 0.406092 0.393883 0.377404 0.357228 0.334030 0.308551 0.281562 0.253820 0.226041 0.198867 0.172843 0.148409 0.125890 0.105500 0.087346 0.071444 0.057735 0.046095 0.036359 0.028336 0.021819 0.016599 0.012477 0.009267 0.006801 0.004931 0.003533 0.002502 0.001750 0.001210 0.000827 0.000558 0.000372 0.000245 0.000160 0.000103 0.000066 0.000041 0.000026 0.000016 0.000010 0.000006 0.000003 0.000002 0.000001 0.000001 0.000000 0.000000 
0.000000 0.000000 0.000001 0.000001 0.000002 0.000003 0.000005 0.000008 0.000014 0.000023 0.000038 0.000060 0.000096 0.000151 0.000234 0.000360 0.000545 0.000817 0.001210 0.001770 0.002560 0.003658 0.005165 0.007207 0.009936 0.013536 0.018221 0.024234 0.031846 0.041349 0.053045 0.067233 0.084194 0.104167 0.127329 0.153767 0.183458 0.216243 0.251811 0.289688 0.329236 0.369658 0.410022 0.449289 0.486355 0.520102 0.549450 0.573418 0.591177 0.602095 0.605780 0.602095 0.591177 0.573418 0.549450 0.520102 0.486355 0.449289 0.410022 0.369658 0.329236 0.289688 0.251811 0.216243 0.183458 0.153767 0.127329 0.104167 0.084194 0.067233 0.053045 0.041349 0.031846 0.024234 0.018221 0.013536 0.009936 0.007207 0.005165 0.003658 0.002560 0.001770 0.001210 0.000817 0.000545 0.000360 0.000234 0.000151 0.000096 0.000060 0.000038 0.000023 0.000014 0.000008 0.000005 0.000003 0.000002 0.000001 0.000000 0.000000 
0.000000 0.000000 0.000001 0.000001 0.000002 0.000004 0.000007 0.000012 0.000020 0.000034 0.000055 0.000088 0.000139 0.000219 0.000340 0.000521 0.000789 0.001182 0.001750 0.002560 0.003701 0.005287 0.007462 0.010409 0.014347 0.019540 0.026295 0.034964 0.045936 0.059630 0.076480 0.096918 0.121344 0.150102 0.183446 0.221500 0.264229 0.311404 0.362576 0.417064 0.473949 0.532085 0.590133 0.646597 0.699893 0.748412 0.790606 0.825064 0.850594 0.866290 0.871586 0.866290 0.850594 0.825064 0.790606 0.748412 0.699893 0.646597 0.590133 0.532085 0.473949 0.417064 0.362576 0.311404 0.264229 0.221500 0.183446 0.150102 0.121344 0.096918 0.076480 0.059630 0.045936 0.034964 0.026295 0.019540 0.014347 0.010409 0.007462 0.005287 0.003701 0.002560 0.001750 0.001182 0.000789 0.000521 0.000340 0.000219 0.000139 0.000088 0.000055 0.000034 0.000020 0.000012 0.000007 0.000004 0.000002 0.000001 0.000001 0.000000 
0.000000 0.000000 0.000001 0.000002 0.000004 0.000006 0.000010 0.000018 0.000029 0.000048 0.000078 0.000126 0.000200 0.000313 0.000486 0.000745 0.001129 0.001691 0.002502 0.003658 0.005287 0.007550 0.010654 0.014857 0.020472 0.027874 0.037501 0.049852 0.065481 0.084984 0.108976 0.138070 0.172835 0.213760 0.261200 0.315334 0.376109 0.443198 0.515962 0.593431 0.674299 0.756938 0.839443 0.919692 0.995431 1.064379 1.124334 1.173295 1.209570 1.231871 1.239396 1.231871 1.209570 1.173295 1.124334 1.064379 0.995431 0.919692 0.839443 0.756938 0.674299 0.593431 0.515962 0.443198 0.376109 0.315334 0.261200 0.213760 0.172835 0.138070 0.108976 0.084984 0.065481 0.049852 0.037501 0.027874 0.020472 0.014857 0.010654 0.007550 0.005287 0.003658 0.002502 0.001691 0.001129 0.000745 0.000486 0.000313 0.000200 0.000126 0.000078 0.000048 0.000029 0.000018 0.000010 0.000006 0.000003 0.000002 0.000001 0.000000 
0.000000 0.000001 0.000001 0.000003 0.000005 0.000009 0.000015 0.000025 0.000041 0.000068 0.000111 0.000178 0.000283 0.000443 0.000687 0.001053 0.001596 0.002388 0.003533 0.005165 0.007462 0.010654 0.015030 0.020954 0.028866 0.039293 0.052852 0.070244 0.092246 0.119694 0.153455 0.194387 0.243288 0.300842 0.367550 0.443658 0.529089 0.623383 0.725641 0.834498 0.948118 1.064216 1.180114 1.292835 1.399215 1.496049 1.580250 1.649008 1.699948 1.731265 1.741832 1.731265 1.699948 1.649008 1.580250 1.496049 1.399215 1.292835 1.180114 1.064216 0.948118 0.834498 0.725641 0.623383 0.529089 0.443658 0.367550 0.300842 0.243288 0.194387 0.153455 0.119694 0.092246 0.070244 0.052852 0.039293 0.028866 0.020954 0.015030 0.010654 0.007462 0.005165 0.003533 0.002388 0.001596 0.001053 0.000687 0.000443 0.000283 0.000178 0.000111 0.000068 0.000041 0.000025 0.000015 0.000009 0.000005 0.000003 0.000001 0.000000 
0.000000 0.000001 0.000002 0.000004 0.000007 0.000012 0.000021 0.000035 0.000058 0.000095 0.000155 0.000249 0.000395 0.000620 0.000961 0.001472 0.002228 0.003335 0.004931 0.007207 0.010409 0.014857 0.020954 0.029205 0.040222 0.054738 0.073609 0.097809 0.128418 0.166597 0.213546 0.270455 0.338433 0.418427 0.511127 0.616874 0.735560 0.866539 1.008564 1.159737 1.317508 1.478705 1.639611 1.796093 1.943763 2.078174 2.195044 2.290476 2.361176 2.404641 2.419306 2.404641 2.361176 2.290476 2.195044 2.078174 1.943763 1.796093 1.639611 1.478705 1.317508 1.159737 1.008564 0.866539 0.735560 0.616874 0.511127 0.418427 0.338433 0.270455 0.213546 0.166597 0.128418 0.097809 0.073609 0.054738 0.040222 0.029205 0.020954 0.014857 0.010409 0.007207 0.004931 0.003335 0.002228 0.001472 0.000961 0.000620 0.000395 0.000249 0.000155 0.000095 0.000058 0.000035 0.000021 0.000012 0.000007 0.000004 0.000002 0.000000 
0.000000 0.000001 0.000003 0.000005 0.000010 0.000017 0.000029 0.000048 0.000080 0.000132 0.000214 0.000344 0.000546 0.000856 0.001326 0.002031 0.003075 0.004600 0.006801 0.009936 0.014347 0.020472 0.028866 0.040222 0.055382 0.075352 0.101307 0.134585 0.176666 0.229143 0.293664 0.371858 0.465245 0.575121 0.702430 0.847636 1.010586 1.190391 1.385336 1.592817 1.809330 2.030523 2.251301 2.465992 2.668580 2.852969 3.013286 3.144191 3.241168 3.300786 3.320902 3.300786 3.241168 3.144191 3.013286 2.852969 2.668580 2.465992 2.251301 2.030523 1.809330 1.592817 1.385336 1.190391 1.010586 0.847636 0.702430 0.575121 0.465245 0.371858 0.293664 0.229143 0.176666 0.134585 0.101307 0.075352 0.055382 0.040222 0.028866 0.020472 0.014347 0.009936 0.006801 0.004600 0.003075 0.002031 0.001326 0.000856 0.000546 0.000344 0.000214 0.000132 0.000080 0.000048 0.000029 0.000017 0.000010 0.000005 0.000002 0.000000 
0.000000 0.000002 0.000004 0.000008 0.000013 0.000023 0.000039 0.000066 0.000110 0.000180 0.000293 0.000470 0.000745 0.001168 0.001810 0.002771 0.004193 0.006270 0.009267 0.013536 0.019540 0.027874 0.039293 0.054738 0.075352 0.102501 0.137778 0.182998 0.240169 0.311451 0.399075 0.505251 0.632035 0.781180 0.953964 1.151010 1.372105 1.616041 1.880485 2.161904 2.455546 2.755510 3.054885 3.345987 3.620661 3.870647 4.087988 4.265449 4.396912 4.477729 4.504998 4.477729 4.396912 4.265449 4.087988 3.870647 3.620661 3.345987 3.054885 2.755510 2.455546 2.161904 1.880485 1.616041 1.372105 1.151010 0.953964 0.781180 0.632035 0.505251 0.399075 0.311451 0.240169 0.182998 0.137778 0.102501 0.075352 0.054738 0.039293 0.027874 0.019540 0.013536 0.009267 0.006270 0.004193 0.002771 0.001810 0.001168 0.000745 0.000470 0.000293 0.000180 0.000110 0.000066 0.000039 0.000023 0.000013 0.000007 0.000003 0.000000 
0.000000 0.000002 0.000005 0.000010 0.000018 0.000031 0.000053 0.000089 0.000148 0.000244 0.000395 0.000634 0.001005 0.001575 0.002439 0.003734 0.005648 0.008444 0.012477 0.018221 0.026295 0.037501 0.052852 0.073609 0.101307 0.137778 0.185158 0.245880 0.322636 0.418317 0.535914 0.678384 0.848481 1.048547 1.280290 1.544537 1.840997 2.168046 2.522551 2.899774 3.293345 3.695353 4.096544 4.486621 4.854662 5.189606 5.480799 5.718552 5.894674 6.002945 6.039477 6.002945 5.894674 5.718552 5.480799 5.189606 4.854662 4.486621 4.096544 3.695353 3.293345 2.899774 2.522551 2.168046 1.840997 1.544537 1.280290 1.048547 0.848481 0.678384 0.535914 0.418317 0.322636 0.245880 0.185158 0.137778 0.101307 0.073609 0.052852 0.037501 0.026295 0.018221 0.012477 0.008444 0.005648 0.003734 0.002439 0.001575 0.001005 0.000634 0.000395 0.000244 0.000148 0.000089 0.000053 0.000031 0.000018 0.000009 0.000004 0.000000 
0.000000 0.000003 0.000007 0.000014 0.000024 0.000042 0.000071 0.000119 0.000198 0.000325 0.000527 0.000845 0.001340 0.002098 0.003249 0.004971 0.007518 0.011237 0.016599 0.024234 0.034964 0.049852 0.070244 0.097809 0.134585 0.182998 0.245880 0.326452 0.428282 0.555197 0.711156 0.900072 1.125585 1.390793 1.697949 2.048142 2.440977 2.874294 3.343941 3.843635 4.364938 4.897374 5.428687 5.945249 6.432601 6.876106 7.261663 7.576452 7.809636 7.952983 8.001349 7.952983 7.809636 7.576452 7.261663 6.876106 6.432601 5.945249 5.428687 4.897374 4.364938 3.843635 3.343941 2.874294 2.440977 2.048142 1.697949 1.390793 1.125585 0.900072 0.711156 0.555197 0.428282 0.326452 0.245880 0.182998 0.134585 0.097809 0.070244 0.049852 0.034964 0.024234 0.016599 0.011237 0.007518 0.004971 0.003249 0.002098 0.001340 0.000845 0.000527 0.000325 0.000198 0.000119 0.000071 0.000041 0.000024 0.000013 0.000005 0.000000 
0.000000 0.000004 0.000010 0.000018 0.000032 0.000055 0.000094 0.000157 0.000261 0.000428 0.000695 0.001113 0.001764 0.002762 0.004275 0.006539 0.009887 0.014774 0.021819 0.031846 0.045936 0.065481 0.092246 0.128418 0.176666 0.240169 0.322636 0.428282 0.561778 0.728131 0.932520 1.180061 1.475513 1.822922 2.225229 2.683846 3.198248 3.765598 4.380454 5.034584 5.716945 6.413824 7.109184 7.785196 8.422947 9.003292 9.507792 9.919678 10.224781 10.412336 10.475617 10.412336 10.224781 9.919678 9.507792 9.003292 8.422947 7.785196 7.109184 6.413824 5.716945 5.034584 4.380454 3.765598 3.198248 2.683846 2.225229 1.822922 1.475513 1.180061 0.932520 0.728131 0.561778 0.428282 0.322636 0.240169 0.176666 0.128418 0.092246 0.065481 0.045936 0.031846 0.021819 0.014774 0.009887 0.006539 0.004275 0.002762 0.001764 0.001113 0.000695 0.000428 0.000261 0.000157 0.000093 0.000055 0.000031 0.000017 0.000007 0.000000 
0.000000 0.000005 0.000012 0.000023 0.000042 0.000072 0.000122 0.000205 0.000340 0.000558 0.000904 0.001448 0.002294 0.003591 0.005557 0.008499 0.012846 0.019192 0.028336 0.041349 0.059630 0.084984 0.119694 0.166597 0.229143 0.311451 0.418317 0.555197 0.728131 0.943593 1.208280 1.528801 1.911304 2.361013 2.881719 3.475236 4.140874 4.874951 5.670416 6.516617 7.399264 8.300624 9.199960 10.074220 10.898956 11.649421 12.301782 12.834371 13.228875 13.471384 13.553206 13.471384 13.228875 12.834371 12.301782 11.649421 10.898956 10.074220 9.199960 8.300624 7.399264 6.516617 5.670416 4.874951 4.140874 3.475236 2.881719 2.361013 1.911304 1.528801 1.208280 0.943593 0.728131 0.555197 0.418317 0.311451 0.229143 0.166597 0.119694 0.084984 0.059630 0.041349 0.028336 0.019192 0.012846 0.008499 0.005557 0.003591 0.002294 0.001448 0.000904 0.000558 0.000340 0.000205 0.000122 0.000071 0.000041 0.000022 0.000009 0.000000 
0.000000 0.000007 0.000016 0.000030 0.000053 0.000092 0.000157 0.000264 0.000437 0.000717 0.001162 0.001862 0.002948 0.004614 0.007137 0.010913 0.016491 0.024631 0.036359 0.053045 0.076480 0.108976 0.153455 0.213546 0.293664 0.399075 0.535914 0.711156 0.932520 1.208280 1.546988 1.957088 2.446427 3.021670 3.687646 4.446663 5.297820 6.236396 7.253369 8.335113 9.463361 10.615447 11.764872 12.882183 13.936151 14.895163 15.728780 16.409327 16.913417 17.223286 17.327834 17.223286 16.913417 16.409327 15.728780 14.895163 13.936151 12.882183 11.764872 10.615447 9.463361 8.335113 7.253369 6.236396 5.297820 4.446663 3.687646 3.021670 2.446427 1.957088 1.546988 1.208280 0.932520 0.711156 0.535914 0.399075 0.293664 0.213546 0.153455 0.108976 0.076480 0.053045 0.036359 0.024631 0.016491 0.010913 0.007137 0.004614 0.002948 0.001862 0.001162 0.000717 0.000437 0.000264 0.000157 0.000092 0.000052 0.000028 0.000012 0.000000 
0.000000 0.000009 0.000020 0.000038 0.000068 0.000118 0.000200 0.000335 0.000556 0.000911 0.001476 0.002364 0.003742 0.005856 0.009056 0.013844 0.020916 0.031233 0.046095 0.067233 0.096918 0.138070 0.194387 0.270455 0.371858 0.505251 0.678384 0.900072 1.180061 1.528801 1.957088 2.475579 3.094172 3.821271 4.662960 5.622134 6.697636 7.883488 9.168277 10.534785 11.959932 13.415091 14.866800 16.277875 17.608889 18.819937 19.872600 20.731948 21.368465 21.759733 21.891744 21.759733 21.368465 20.731948 19.872600 18.819937 17.608889 16.277875 14.866800 13.415091 11.959932 10.534785 9.168277 7.883488 6.697636 5.622134 4.662960 3.821271 3.094172 2.475579 1.957088 1.528801 1.180061 0.900072 0.678384 0.505251 0.371858 0.270455 0.194387 0.138070 0.096918 0.067233 0.046095 0.031233 0.020916 0.013844 0.009056 0.005856 0.003742 0.002364 0.001476 0.000911 0.000556 0.000335 0.000199 0.000117 0.000067 0.000036 0.000015 0.000000 
0.000000 0.000011 0.000026 0.000048 0.000086 0.000148 0.000251 0.000421 0.000698 0.001144 0.001852 0.002966 0.004694 0.007342 0.011353 0.017351 0.026209 0.039128 0.057735 0.084194 0.121344 0.172835 0.243288 0.338433 0.465245 0.632035 0.848481 1.125585 1.475513 1.911304 2.446427 3.094172 3.866880 4.775021 5.826171 7.023919 8.366801 9.847334 11.451255 13.157062 14.935943 16.752169 18.563984 20.324995 21.986014 23.497267 24.810830 25.883138 26.677378 27.165593 27.330313 27.165593 26.677378 25.883138 24.810830 23.497267 21.986014 20.324995 18.563984 16.752169 14.935943 13.157062 11.451255 9.847334 8.366801 7.023919 5.826171 4.775021 3.866880 3.094172 2.446427 1.911304 1.475513 1.125585 0.848481 0.632035 0.465245 0.338433 0.243288 0.172835 0.121344 0.084194 0.057735 0.039128 0.026209 0.017351 0.011353 0.007342 0.004694 0.002966 0.001852 0.001144 0.000698 0.000421 0.000250 0.000147 0.000084 0.000045 0.000019 0.000000 
0.000000 0.000014 0.000032 0.000060 0.000106 0.000183 0.000311 0.000522 0.000866 0.001418 0.002296 0.003676 0.005816 0.009095 0.014060 0.021484 0.032445 0.048429 0.071444 0.104167 0.150102 0.213760 0.300842 0.418427 0.575121 0.781180 1.048547 1.390793 1.822922 2.361013 3.021670 3.821271 4.775021 5.895815 7.192970 8.670889 10.327741 12.154272 14.132870 16.237002 18.431124 20.671172 22.905658 25.077381 27.125706 28.989275 30.609018 31.931238 32.910567 33.512548 33.715649 33.512548 32.910567 31.931238 30.609018 28.989275 27.125706 25.077381 22.905658 20.671172 18.431124 16.237002 14.132870 12.154272 10.327741 8.670889 7.192970 5.895815 4.775021 3.821271 3.021670 2.361013 1.822922 1.390793 1.048547 0.781180 0.575121 0.418427 0.300842 0.213760 0.150102 0.104167 0.071444 0.048429 0.032445 0.021484 0.014060 0.009095 0.005816 0.003675 0.002296 0.001418 0.000865 0.000522 0.000311 0.000182 0.000104 0.000056 0.000024 0.000000 
0.000000 0.000017 0.000039 0.000074 0.000130 0.000225 0.000382 0.000640 0.001060 0.001737 0.002812 0.004500 0.007118 0.011131 0.017203 0.026280 0.039681 0.059219 0.087346 0.127329 0.183446 0.261200 0.367550 0.511127 0.702430 0.953964 1.280290 1.697949 2.225229 2.881719 3.687646 4.662960 5.826171 7.192970 8.774688 10.576659 12.596622 14.823272 17.235123 19.799818 22.474033 25.204066 27.927179 30.573684 33.069713 35.340526 37.314172 38.925252 40.118511 40.851983 41.099446 40.851983 40.118511 38.925252 37.314172 35.340526 33.069713 30.573684 27.927179 25.204066 22.474033 19.799818 17.235123 14.823272 12.596622 10.576659 8.774688 7.192970 5.826171 4.662960 3.687646 2.881719 2.225229 1.697949 1.280290 0.953964 0.702430 0.511127 0.367550 0.261200 0.183446 0.127329 0.087346 0.059219 0.039681 0.026280 0.017203 0.011131 0.007118 0.004500 0.002812 0.001737 0.001060 0.000639 0.000381 0.000223 0.000127 0.000068 0.000030 0.000000 
0.000000 0.000020 0.000047 0.000089 0.000158 0.000272 0.000462 0.000775 0.001283 0.002101 0.003401 0.005442 0.008608 0.013456 0.020794 0.031760 0.047945 0.071539 0.105500 0.153767 0.221500 0.315334 0.443658 0.616874 0.847636 1.151010 1.544537 2.048142 2.683846 3.475236 4.446663 5.622134 7.023919 8.670889 10.576659 12.747619 15.181014 17.863196 20.768265 23.857234 27.077920 30.365654 33.644895 36.831746 39.837283 42.571543 44.947924 46.887714 48.324410 49.207508 49.505452 49.207508 48.324410 46.887714 44.947924 42.571543 39.837283 36.831746 33.644895 30.365654 27.077920 23.857234 20.768265 17.863196 15.181014 12.747619 10.576659 8.670889 7.023919 5.622134 4.446663 3.475236 2.683846 2.048142 1.544537 1.151010 0.847636 0.616874 0.443658 0.315334 0.221500 0.153767 0.105500 0.071539 0.047945 0.031760 0.020794 0.013456 0.008607 0.005442 0.003401 0.002101 0.001283 0.000774 0.000461 0.000270 0.000154 0.000083 0.000036 0.000000 
0.000000 0.000024 0.000057 0.000107 0.000189 0.000326 0.000553 0.000926 0.001534 0.002512 0.004065 0.006502 0.010282 0.016071 0.024829 0.037917 0.057231 0.085380 0.125890 0.183458 0.264229 0.376109 0.529089 0.735560 1.010586 1.372105 1.840997 2.440977 3.198248 4.140874 5.297820 6.697636 8.366801 10.327741 12.596622 15.181014 18.077597 21.270101 24.727670 28.403894 32.236662 36.149023 40.051101 43.843088 47.419206 50.672448 53.499812 55.807682 57.516970 58.567613 58.922081 58.567613 57.516970 55.807682 53.499812 50.672448 47.419206 43.843088 40.051101 36.149023 32.236662 28.403894 24.727670 21.270101 18.077597 15.181014 12.596622 10.327741 8.366801 6.697636 5.297820 4.140874 3.198248 2.440977 1.840997 1.372105 1.010586 0.735560 0.529089 0.376109 0.264229 0.183458 0.125890 0.085380 0.057231 0.037917 0.024829 0.016071 0.010282 0.006502 0.004065 0.002511 0.001534 0.000926 0.000551 0.000323 0.000185 0.000099 0.000043 0.000000 
0.000000 0.000029 0.000067 0.000126 0.000223 0.000385 0.000653 0.001094 0.001812 0.002965 0.004798 0.007674 0.012133 0.018961 0.029289 0.044720 0.067489 0.100667 0.148409 0.216243 0.311404 0.443198 0.623383 0.866539 1.190391 1.616041 2.168046 2.874294 3.765598 4.874951 6.236396 7.883488 9.847334 12.154272 14.823272 17.863196 21.270101 25.024813 29.091023 33.414133 37.921102 42.521448 47.109508 51.567956 55.772456 59.597238 62.921244 65.634454 67.643922 68.879063 69.295776 68.879063 67.643922 65.634454 62.921244 59.597238 55.772456 51.567956 47.109508 42.521448 37.921102 33.414133 29.091023 25.024813 21.270101 17.863196 14.823272 12.154272 9.847334 7.883488 6.236396 4.874951 3.765598 2.874294 2.168046 1.616041 1.190391 0.866539 0.623383 0.443198 0.311404 0.216243 0.148409 0.100667 0.067489 0.044720 0.029289 0.018961 0.012133 0.007674 0.004798 0.002965 0.001811 0.001093 0.000651 0.000382 0.000218 0.000117 0.000051 0.000000 
0.000000 0.000034 0.000078 0.000147 0.000260 0.000449 0.000762 0.001276 0.002113 0.003458 0.005595 0.008947 0.014143 0.022099 0.034131 0.052105 0.078622 0.117257 0.172843 0.251811 0.362576 0.515962 0.725641 1.008564 1.385336 1.880485 2.522551 3.343941 4.380454 5.670416 7.253369 9.168277 11.451255 14.132870 17.235123 20.768265 24.727670 29.091023 33.816100 38.839441 44.076172 49.421166 54.751677 59.931421 64.815985 69.259295 73.120763 76.272619 78.606928 80.041724 80.525795 80.041724 78.606928 76.272619 73.120763 69.259295 64.815985 59.931421 54.751677 49.421166 44.076172 38.839441 33.816100 29.091023 24.727670 20.768265 17.235123 14.132870 11.451255 9.168277 7.253369 5.670416 4.380454 3.343941 2.522551 1.880485 1.385336 1.008564 0.725641 0.515962 0.362576 0.251811 0.172843 0.117257 0.078622 0.052105 0.034131 0.022099 0.014143 0.008947 0.005595 0.003458 0.002113 0.001275 0.000760 0.000446 0.000255 0.000137 0.000059 0.000000 
0.000000 0.000039 0.000090 0.000170 0.000300 0.000517 0.000878 0.001471 0.002435 0.003984 0.006445 0.010304 0.016286 0.025444 0.039291 0.059974 0.090484 0.134929 0.198867 0.289688 0.417064 0.593431 0.834498 1.159737 1.592817 2.161904 2.899774 3.843635 5.034584 6.516617 8.335113 10.534785 13.157062 16.237002 19.799818 23.857234 28.403894 33.414133 38.839441 44.606939 50.619171 56.755455 62.874891 68.821055 74.428206 79.528705 83.961214 87.579115 90.258551 91.905468 92.461103 91.905468 90.258551 87.579115 83.961214 79.528705 74.428206 68.821055 62.874891 56.755455 50.619171 44.606939 38.839441 33.414133 28.403894 23.857234 19.799818 16.237002 13.157062 10.534785 8.335113 6.516617 5.034584 3.843635 2.899774 2.161904 1.592817 1.159737 0.834498 0.593431 0.417064 0.289688 0.198867 0.134929 0.090484 0.059974 0.039291 0.025444 0.016286 0.010304 0.006444 0.003984 0.002434 0.001470 0.000876 0.000514 0.000293 0.000158 0.000068 0.000000 
0.000000 0.000044 0.000103 0.000193 0.000342 0.000589 0.001000 0.001674 0.002771 0.004534 0.007333 0.011723 0.018526 0.028938 0.044682 0.068194 0.102873 0.153385 0.226041 0.329236 0.473949 0.674299 0.948118 1.317508 1.809330 2.455546 3.293345 4.364938 5.716945 7.399264 9.463361 11.959932 14.935943 18.431124 22.474033 27.077920 32.236662 37.921102 44.076172 50.619171 57.439540 64.400378 71.341877 78.086630 84.446676 90.231913 95.259390 99.362857 102.401872 104.269790 104.899984 104.269790 102.401872 99.362857 95.259390 90.231913 84.446676 78.086630 71.341877 64.400378 57.439540 50.619171 44.076172 37.921102 32.236662 27.077920 22.474033 18.431124 14.935943 11.959932 9.463361 7.399264 5.716945 4.364938 3.293345 2.455546 1.809330 1.317508 0.948118 0.674299 0.473949 0.329236 0.226041 0.153385 0.102873 0.068194 0.044682 0.028938 0.018525 0.011723 0.007333 0.004534 0.002771 0.001673 0.000997 0.000585 0.000334 0.000179 0.000078 0.000000 
0.000000 0.000050 0.000116 0.000218 0.000385 0.000663 0.001124 0.001883 0.003116 0.005097 0.008242 0.013174 0.020816 0.032513 0.050196 0.076600 0.115540 0.172253 0.253820 0.369658 0.532085 0.756938 1.064216 1.478705 2.030523 2.755510 3.695353 4.897374 6.413824 8.300624 10.615447 13.415091 16.752169 20.671172 25.204066 30.365654 36.149023 42.521448 49.421166 56.755455 64.400378 72.202497 79.982705 87.542196 94.670344 101.154134 106.788573 111.387386 114.793219 116.886587 117.592840 116.886587 114.793219 111.387386 106.788573 101.154134 94.670344 87.542196 79.982705 72.202497 64.400378 56.755455 49.421166 42.521448 36.149023 30.365654 25.204066 20.671172 16.752169 13.415091 10.615447 8.300624 6.413824 4.897374 3.695353 2.755510 2.030523 1.478705 1.064216 0.756938 0.532085 0.369658 0.253820 0.172253 0.115540 0.076600 0.050196 0.032513 0.020816 0.013174 0.008242 0.005096 0.003115 0.001881 0.001122 0.000658 0.000376 0.000202 0.000088 0.000000 
0.000000 0.000056 0.000129 0.000242 0.000427 0.000736 0.001249 0.002091 0.003460 0.005659 0.009150 0.014625 0.023106 0.036085 0.055704 0.084997 0.128193 0.191098 0.281562 0.410022 0.590133 0.839443 1.180114 1.639611 2.251301 3.054885 4.096544 5.428687 7.109184 9.199960 11.764872 14.866800 18.563984 22.905658 27.927179 33.644895 40.051101 47.109508 54.751677 62.874891 71.341877 79.982705 88.599039 96.970736 104.864582 112.044726 118.284208 123.376794 127.148277 129.466375 130.248443 129.466375 127.148277 123.376794 118.284208 112.044726 104.864582 96.970736 88.599039 79.982705 71.341877 62.874891 54.751677 47.109508 40.051101 33.644895 27.927179 22.905658 18.563984 14.866800 11.764872 9.199960 7.109184 5.428687 4.096544 3.054885 2.251301 1.639611 1.180114 0.839443 0.590133 0.410022 0.281562 0.191098 0.128193 0.084997 0.055704 0.036085 0.023106 0.014625 0.009150 0.005659 0.003459 0.002089 0.001246 0.000731 0.000418 0.000224 0.000097 0.000000 
