0.000000 0.000000 0.000000 0.000000 0.000000 0.000000 0.000000 0.000000 0.000000 0.000000 0.000000 0.000000 0.000000 0.000000 0.000000 0.000000 0.000000 0.000000 0.000000 0.000000 0.000000 0.000000 0.000000 0.000000 0.000000 0.000000 0.000000 0.000000 0.000000 0.000000 0.000000 0.000000 0.000000 0.000000 0.000000 0.000000 0.000000 0.000000 0.000000 0.000000 0.000000 0.000000 0.000000 0.000000 0.000000 0.000000 0.000000 0.000000 0.000000 0.000000 0.000000 0.000000 0.000000 0.000000 0.000000 0.000000 0.000000 0.000000 0.000000 0.000000 0.000000 0.000000 0.000000 0.000000 0.000000 0.000000 0.000000 0.000000 0.000000 0.000000 0.000000 0.000000 0.000000 0.000000 0.000000 0.000000 0.000000 0.000000 0.000000 0.000000 0.000000 0.000000 0.000000 0.000000 0.000000 0.000000 0.000000 0.000000 0.000000 0.000000 0.000000 0.000000 0.000000 0.000000 0.000000 0.000000 0.000000 0.000000 0.000000 0.000000 
0.000000 0.000000 0.000000 0.000000 0.000000 0.000000 0.000000 0.000000 0.000000 0.000000 0.000000 0.000000 0.000000 0.000000 0.000000 0.000000 0.000000 0.000000 0.000000 0.000000 0.000000 0.000000 0.000000 0.000000 0.000000 0.000000 0.000000 0.000000 0.000000 0.000000 0.000000 0.000000 0.000000 0.000000 0.000000 0.000000 0.000000 0.000000 0.000000 0.000000 0.000000 0.000000 0.000000 0.000000 0.000000 0.000000 0.000000 0.000000 0.000000 0.000000 0.000000 0.000000 0.000000 0.000000 0.000000 0.000000 0.000000 0.000000 0.000000 0.000000 0.000000 0.000000 0.000000 0.000000 0.000000 0.000000 0.000000 0.000000 0.000000 0.000000 0.000000 0.000000 0.000000 0.000000 0.000000 0.000000 0.000000 0.000000 0.000000 0.000000 0.000000 0.000000 0.000000 0.000000 0.000000 0.000000 0.000000 0.000000 0.000000 0.000000 0.000000 0.000000 0.000000 0.000000 0.000000 0.000000 0.000000 0.000000 0.000000 0.000000 
0.000000 0.000000 0.000000 0.000000 0.000000 0.000000 0.000000 0.000000 0.000000 0.000000 0.000000 0.000000 0.000000 0.000000 0.000000 0.000000 0.000000 0.000000 0.000000 0.000000 0.000000 0.000000 0.000000 0.000000 0.000000 0.000000 0.000000 0.000000 0.000000 0.000000 0.000000 0.000000 0.000000 0.000000 0.000000 0.000000 0.000000 0.000000 0.000000 0.000000 0.000000 0.000000 0.000000 0.000000 0.000000 0.000001 0.000001 0.000001 0.000001 0.000001 0.000001 0.000001 0.000001 0.000001 0.000001 0.000001 0.000000 0.000000 0.000000 0.000000 0.000000 0.000000 0.000000 0.000000 0.000000 0.000000 0.000000 0.000000 0.000000 0.000000 0.000000 0.000000 0.000000 0.000000 0.000000 0.000000 0.000000 0.000000 0.000000 0.000000 0.000000 0.000000 0.000000 0.000000 0.000000 0.000000 0.000000 0.000000 0.000000 0.000000 0.000000 0.000000 0.000000 0.000000 0.000000 0.000000 0.000000 0.000000 0.000000 0.000000 
0.000000 0.000000 0.000000 0.000000 0.000000 0.000000 0.000000 0.000000 0.000000 0.000000 0.000000 0.000000 0.000000 0.000000 0.000000 0.000000 0.000000 0.000000 0.000000 0.000000 0.000000 0.000000 0.000000 0.000000 0.000000 0.000000 0.000000 0.000000 0.000000 0.000000 0.000000 0.000000 0.000000 0.000000 0.000000 0.000000 0.000000 0.000000 0.000000 0.000000 0.000001 0.000001 0.000001 0.000001 0.000001 0.000001 0.000001 0.000001 0.000001 0.000002 0.000002 0.000002 0.000001 0.000001 0.000001 0.000001 0.000001 0.000001 0.000001 0.000001 0.000001 0.000000 0.000000 0.000000 0.000000 0.000000 0.000000 0.000000 0.000000 0.000000 0.000000 0.000000 0.000000 0.000000 0.000000 0.000000 0.000000 0.000000 0.000000 0.000000 0.000000 0.000000 0.000000 0.000000 0.000000 0.000000 0.000000 0.000000 0.000000 0.000000 0.000000 0.000000 0.000000 0.000000 0.000000 0.000000 0.000000 0.000000 0.000000 0.000000 
0.000000 0.000000 0.000000 0.000000 0.000000 0.000000 0.000000 0.000000 0.000000 0.000000 0.000000 0.000000 0.000000 0.000000 0.000000 0.000000 0.000000 0.000000 0.000000 0.000000 0.000000 0.000000 0.000000 0.000000 0.000000 0.000000 0.000000 0.000000 0.000000 0.000000 0.000000 0.000000 0.000000 0.000000 0.000000 0.000000 0.000001 0.000001 0.000001 0.000001 0.000001 0.000002 0.000002 0.000002 0.000002 0.000003 0.000003 0.000003 0.000003 0.000003 0.000003 0.000003 0.000003 0.000003 0.000003 0.000003 0.000002 0.000002 0.000002 0.000002 0.000001 0.000001 0.000001 0.000001 0.000001 0.000000 0.000000 0.000000 0.000000 0.000000 0.000000 0.000000 0.000000 0.000000 0.000000 0.000000 0.000000 0.000000 0.000000 0.000000 0.000000 0.000000 0.000000 0.000000 0.000000 0.000000 0.000000 0.000000 0.000000 0.000000 0.000000 0.000000 0.000000 0.000000 0.000000 0.000000 0.000000 0.000000 0.000000 0.000000 
0.000000 0.000000 0.000000 0.000000 0.000000 0.000000 0.000000 0.000000 0.000000 0.000000 0.000000 0.000000 0.000000 0.000000 0.000000 0.000000 0.000000 0.000000 0.000000 0.000000 0.000000 0.000000 0.000000 0.000000 0.000000 0.000000 0.000000 0.000000 0.000000 0.000000 0.000000 0.000000 0.000000 0.000000 0.000001 0.000001 0.000001 0.000002 0.000002 0.000002 0.000003 0.000003 0.000004 0.000005 0.000005 0.000006 0.000006 0.000007 0.000007 0.000007 0.000007 0.000007 0.000007 0.000007 0.000006 0.000006 0.000005 0.000005 0.000004 0.000003 0.000003 0.000002 0.000002 0.000002 0.000001 0.000001 0.000001 0.000000 0.000000 0.000000 0.000000 0.000000 0.000000 0.000000 0.000000 0.000000 0.000000 0.000000 0.000000 0.000000 0.000000 0.000000 0.000000 0.000000 0.000000 0.000000 0.000000 0.000000 0.000000 0.000000 0.000000 0.000000 0.000000 0.000000 0.000000 0.000000 0.000000 0.000000 0.000000 0.000000 
0.000000 0.000000 0.000000 0.000000 0.000000 0.000000 0.000000 0.000000 0.000000 0.000000 0.000000 0.000000 0.000000 0.000000 0.000000 0.000000 0.000000 0.000000 0.000000 0.000000 0.000000 0.000000 0.000000 0.000000 0.000000 0.000000 0.000000 0.000000 0.000000 0.000000 0.000000 0.000001 0.000001 0.000001 0.000001 0.000002 0.000003 0.000003 0.000004 0.000005 0.000006 0.000007 0.000009 0.000010 0.000011 0.000012 0.000013 0.000014 0.000015 0.000015 0.000016 0.000015 0.000015 0.000014 0.000013 0.000012 0.000011 0.000010 0.000009 0.000007 0.000006 0.000005 0.000004 0.000003 0.000003 0.000002 0.000001 0.000001 0.000001 0.000001 0.000000 0.000000 0.000000 0.000000 0.000000 0.000000 0.000000 0.000000 0.000000 0.000000 0.000000 0.000000 0.000000 0.000000 0.000000 0.000000 0.000000 0.000000 0.000000 0.000000 0.000000 0.000000 0.000000 0.000000 0.000000 0.000000 0.000000 0.000000 0.000000 0.000000 
0.000000 0.000000 0.000000 0.000000 0.000000 0.000000 0.000000 0.000000 0.000000 0.000000 0.000000 0.000000 0.000000 0.000000 0.000000 0.000000 0.000000 0.000000 0.000000 0.000000 0.000000 0.000000 0.000000 0.000000 0.000000 0.000000 0.000000 0.000000 0.000000 0.000001 0.000001 0.000001 0.000002 0.000002 0.000003 0.000004 0.000005 0.000007 0.000009 0.000011 0.000013 0.000015 0.000018 0.000021 0.000023 0.000026 0.000028 0.000030 0.000031 0.000032 0.000033 0.000032 0.000031 0.000030 0.000028 0.000026 0.000023 0.000021 0.000018 0.000015 0.000013 0.000011 0.000009 0.000007 0.000005 0.000004 0.000003 0.000002 0.000002 0.000001 0.000001 0.000001 0.000000 0.000000 0.000000 0.000000 0.000000 0.000000 0.000000 0.000000 0.000000 0.000000 0.000000 0.000000 0.000000 0.000000 0.000000 0.000000 0.000000 0.000000 0.000000 0.000000 0.000000 0.000000 0.000000 0.000000 0.000000 0.000000 0.000000 0.000000 
0.000000 0.000000 0.000000 0.000000 0.000000 0.000000 0.000000 0.000000 0.000000 0.000000 0.000000 0.000000 0.000000 0.000000 0.000000 0.000000 0.000000 0.000000 0.000000 0.000000 0.000000 0.000000 0.000000 0.000000 0.000000 0.000000 0.000000 0.000001 0.000001 0.000001 0.000002 0.000002 0.000003 0.000005 0.000006 0.000008 0.000011 0.000014 0.000018 0.000022 0.000027 0.000032 0.000037 0.000043 0.000048 0.000053 0.000058 0.000062 0.000065 0.000067 0.000067 0.000067 0.000065 0.000062 0.000058 0.000053 0.000048 0.000043 0.000037 0.000032 0.000027 0.000022 0.000018 0.000014 0.000011 0.000008 0.000006 0.000005 0.000003 0.000002 0.000002 0.000001 0.000001 0.000001 0.000000 0.000000 0.000000 0.000000 0.000000 0.000000 0.000000 0.000000 0.000000 0.000000 0.000000 0.000000 0.000000 0.000000 0.000000 0.000000 0.000000 0.000000 0.000000 0.000000 0.000000 0.000000 0.000000 0.000000 0.000000 0.000000 
0.000000 0.000000 0.000000 0.000000 0.000000 0.000000 0.000000 0.000000 0.000000 0.000000 0.000000 0.000000 0.000000 0.000000 0.000000 0.000000 0.000000 0.000000 0.000000 0.000000 0.000000 0.000000 0.000000 0.000000 0.000000 0.000000 0.000001 0.000001 0.000002 0.000002 0.000003 0.000005 0.000007 0.000010 0.000013 0.000017 0.000022 0.000029 0.000036 0.000045 0.000054 0.000065 0.000076 0.000087 0.000098 0.000108 0.000118 0.000125 0.000131 0.000135 0.000136 0.000135 0.000131 0.000125 0.000118 0.000108 0.000098 0.000087 0.000076 0.000065 0.000054 0.000045 0.000036 0.000029 0.000022 0.000017 0.000013 0.000010 0.000007 0.000005 0.000003 0.000002 0.000002 0.000001 0.000001 0.000000 0.000000 0.000000 0.000000 0.000000 0.000000 0.000000 0.000000 0.000000 0.000000 0.000000 0.000000 0.000000 0.000000 0.000000 0.000000 0.000000 0.000000 0.000000 0.000000 0.000000 0.000000 0.000000 0.000000 0.000000 
0.000000 0.000000 0.000000 0.000000 0.000000 0.000000 0.000000 0.000000 0.000000 0.000000 0.000000 0.000000 0.000000 0.000000 0.000000 0.000000 0.000000 0.000000 0.000000 0.000000 0.000000 0.000000 0.000000 0.000000 0.000001 0.000001 0.000001 0.000002 0.000003 0.000005 0.000007 0.000010 0.000014 0.000019 0.000026 0.000034 0.000045 0.000057 0.000072 0.000089 0.000108 0.000129 0.000151 0.000173 0.000195 0.000216 0.000235 0.000250 0.000262 0.000269 0.000272 0.000269 0.000262 0.000250 0.000235 0.000216 0.000195 0.000173 0.000151 0.000129 0.000108 0.000089 0.000072 0.000057 0.000045 0.000034 0.000026 0.000019 0.000014 0.000010 0.000007 0.000005 0.000003 0.000002 0.000001 0.000001 0.000001 0.000000 0.000000 0.000000 0.000000 0.000000 0.000000 0.000000 0.000000 0.000000 0.000000 0.000000 0.000000 0.000000 0.000000 0.000000 0.000000 0.000000 0.000000 0.000000 0.000000 0.000000 0.000000 0.000000 
0.000000 0.000000 0.000000 0.000000 0.000000 0.000000 0.000000 0.000000 0.000000 0.000000 0.000000 0.000000 0.000000 0.000000 0.000000 0.000000 0.000000 0.000000 0.000000 0.000000 0.000000 0.000000 0.000000 0.000001 0.000001 0.000002 0.000003 0.000004 0.000006 0.000009 0.000014 0.000020 0.000027 0.000038 0.000051 0.000068 0.000088 0.000113 0.000142 0.000176 0.000213 0.000254 0.000296 0.000340 0.000383 0.000424 0.000461 0.000491 0.000514 0.000529 0.000534 0.000529 0.000514 0.000491 0.000461 0.000424 0.000383 0.000340 0.000296 0.000254 0.000213 0.000176 0.000142 0.000113 0.000088 0.000068 0.000051 0.000038 0.000027 0.000020 0.000014 0.000009 0.000006 0.000004 0.000003 0.000002 0.000001 0.000001 0.000000 0.000000 0.000000 0.000000 0.000000 0.000000 0.000000 0.000000 0.000000 0.000000 0.000000 0.000000 0.000000 0.000000 0.000000 0.000000 0.000000 0.000000 0.000000 0.000000 0.000000 0.000000 
0.000000 0.000000 0.000000 0.000000 0.000000 0.000000 0.000000 0.000000 0.000000 0.000000 0.000000 0.000000 0.000000 0.000000 0.000000 0.000000 0.000000 0.000000 0.000000 0.000000 0.000000 0.000000 0.000001 0.000001 0.000002 0.000003 0.000005 0.000008 0.000012 0.000018 0.000027 0.000038 0.000053 0.000073 0.000099 0.000131 0.000171 0.000219 0.000276 0.000340 0.000412 0.000490 0.000573 0.000657 0.000741 0.000819 0.000890 0.000949 0.000993 0.001021 0.001030 0.001021 0.000993 0.000949 0.000890 0.000819 0.000741 0.000657 0.000573 0.000490 0.000412 0.000340 0.000276 0.000219 0.000171 0.000131 0.000099 0.000073 0.000053 0.000038 0.000027 0.000018 0.000012 0.000008 0.000005 0.000003 0.000002 0.000001 0.000001 0.000000 0.000000 0.000000 0.000000 0.000000 0.000000 0.000000 0.000000 0.000000 0.000000 0.000000 0.000000 0.000000 0.000000 0.000000 0.000000 0.000000 0.000000 0.000000 0.000000 0.000000 
0.000000 0.000000 0.000000 0.000000 0.000000 0.000000 0.000000 0.000000 0.000000 0.000000 0.000000 0.000000 0.000000 0.000000 0.000000 0.000000 0.000000 0.000000 0.000000 0.000000 0.000001 0.000001 0.000002 0.000003 0.000004 0.000007 0.000010 0.000016 0.000024 0.000035 0.000051 0.000073 0.000102 0.000140 0.000189 0.000251 0.000327 0.000418 0.000525 0.000647 0.000784 0.000933 0.001090 0.001250 0.001408 0.001557 0.001691 0.001803 0.001887 0.001939 0.001957 0.001939 0.001887 0.001803 0.001691 0.001557 0.001408 0.001250 0.001090 0.000933 0.000784 0.000647 0.000525 0.000418 0.000327 0.000251 0.000189 0.000140 0.000102 0.000073 0.000051 0.000035 0.000024 0.000016 0.000010 0.000007 0.000004 0.000003 0.000002 0.000001 0.000001 0.000000 0.000000 0.000000 0.000000 0.000000 0.000000 0.000000 0.000000 0.000000 0.000000 0.000000 0.000000 0.000000 0.000000 0.000000 0.000000 0.000000 0.000000 0.000000 
0.000000 0.000000 0.000000 0.000000 0.000000 0.000000 0.000000 0.000000 0.000000 0.000000 0.000000 0.000000 0.000000 0.000000 0.000000 0.000000 0.000000 0.000000 0.000000 0.000001 0.000001 0.000002 0.000003 0.000005 0.000008 0.000013 0.000020 0.000030 0.000045 0.000066 0.000096 0.000137 0.000192 0.000263 0.000355 0.000471 0.000613 0.000783 0.000984 0.001213 0.001469 0.001746 0.002039 0.002339 0.002633 0.002911 0.003161 0.003369 0.003527 0.003625 0.003658 0.003625 0.003527 0.003369 0.003161 0.002911 0.002633 0.002339 0.002039 0.001746 0.001469 0.001213 0.000984 0.000783 0.000613 0.000471 0.000355 0.000263 0.000192 0.000137 0.000096 0.000066 0.000045 0.000030 0.000020 0.000013 0.000008 0.000005 0.000003 0.000002 0.000001 0.000001 0.000000 0.000000 0.000000 0.000000 0.000000 0.000000 0.000000 0.000000 0.000000 0.000000 0.000000 0.000000 0.000000 0.000000 0.000000 0.000000 0.000000 0.000000 
0.000000 0.000000 0.000000 0.000000 0.000000 0.000000 0.000000 0.000000 0.000000 0.000000 0.000000 0.000000 0.000000 0.000000 0.000000 0.000000 0.000000 0.000000 0.000001 0.000001 0.000002 0.000003 0.000006 0.000009 0.000015 0.000023 0.000036 0.000056 0.000083 0.000123 0.000178 0.000253 0.000354 0.000486 0.000656 0.000869 0.001131 0.001445 0.001813 0.002235 0.002705 0.003216 0.003754 0.004303 0.004844 0.005355 0.005813 0.006196 0.006485 0.006664 0.006725 0.006664 0.006485 0.006196 0.005813 0.005355 0.004844 0.004303 0.003754 0.003216 0.002705 0.002235 0.001813 0.001445 0.001131 0.000869 0.000656 0.000486 0.000354 0.000253 0.000178 0.000123 0.000083 0.000056 0.000036 0.000023 0.000015 0.000009 0.000006 0.000003 0.000002 0.000001 0.000001 0.000000 0.000000 0.000000 0.000000 0.000000 0.000000 0.000000 0.000000 0.000000 0.000000 0.000000 0.000000 0.000000 0.000000 0.000000 0.000000 0.000000 
0.000000 0.000000 0.000000 0.000000 0.000000 0.000000 0.000000 0.000000 0.000000 0.000000 0.000000 0.000000 0.000000 0.000000 0.000000 0.000000 0.000000 0.000001 0.000001 0.000002 0.000004 0.000006 0.000010 0.000017 0.000027 0.000043 0.000067 0.000101 0.000152 0.000224 0.000325 0.000461 0.000645 0.000884 0.001192 0.001578 0.002052 0.002621 0.003288 0.004051 0.004902 0.005825 0.006798 0.007790 0.008767 0.009690 0.010516 0.011207 0.011729 0.012053 0.012164 0.012053 0.011729 0.011207 0.010516 0.009690 0.008767 0.007790 0.006798 0.005825 0.004902 0.004051 0.003288 0.002621 0.002052 0.001578 0.001192 0.000884 0.000645 0.000461 0.000325 0.000224 0.000152 0.000101 0.000067 0.000043 0.000027 0.000017 0.000010 0.000006 0.000004 0.000002 0.000001 0.000001 0.000000 0.000000 0.000000 0.000000 0.000000 0.000000 0.000000 0.000000 0.000000 0.000000 0.000000 0.000000 0.000000 0.000000 0.000000 0.000000 
0.000000 0.000000 0.000000 0.000000 0.000000 0.000000 0.000000 0.000000 0.000000 0.000000 0.000000 0.000000 0.000000 0.000000 0.000000 0.000000 0.000001 0.000001 0.000002 0.000004 0.000007 0.000011 0.000019 0.000030 0.000049 0.000077 0.000120 0.000182 0.000273 0.000402 0.000581 0.000826 0.001153 0.001581 0.002130 0.002819 0.003664 0.004677 0.005865 0.007223 0.008736 0.010378 0.012107 0.013871 0.015607 0.017246 0.018714 0.019942 0.020868 0.021444 0.021639 0.021444 0.020868 0.019942 0.018714 0.017246 0.015607 0.013871 0.012107 0.010378 0.008736 0.007223 0.005865 0.004677 0.003664 0.002819 0.002130 0.001581 0.001153 0.000826 0.000581 0.000402 0.000273 0.000182 0.000120 0.000077 0.000049 0.000030 0.000019 0.000011 0.000007 0.000004 0.000002 0.000001 0.000001 0.000000 0.000000 0.000000 0.000000 0.000000 0.000000 0.000000 0.000000 0.000000 0.000000 0.000000 0.000000 0.000000 0.000000 0.000000 
0.000000 0.000000 0.000000 0.000000 0.000000 0.000000 0.000000 0.000000 0.000000 0.000000 0.000000 0.000000 0.000000 0.000000 0.000000 0.000001 0.000001 0.000002 0.000004 0.000007 0.000012 0.000020 0.000033 0.000054 0.000086 0.000136 0.000211 0.000322 0.000482 0.000709 0.001024 0.001455 0.002029 0.002781 0.003744 0.004952 0.006433 0.008208 0.010288 0.012665 0.015313 0.018185 0.021209 0.024293 0.027328 0.030191 0.032755 0.034900 0.036518 0.037524 0.037866 0.037524 0.036518 0.034900 0.032755 0.030191 0.027328 0.024293 0.021209 0.018185 0.015313 0.012665 0.010288 0.008208 0.006433 0.004952 0.003744 0.002781 0.002029 0.001455 0.001024 0.000709 0.000482 0.000322 0.000211 0.000136 0.000086 0.000054 0.000033 0.000020 0.000012 0.000007 0.000004 0.000002 0.000001 0.000001 0.000000 0.000000 0.000000 0.000000 0.000000 0.000000 0.000000 0.000000 0.000000 0.000000 0.000000 0.000000 0.000000 0.000000 
0.000000 0.000000 0.000000 0.000000 0.000000 0.000000 0.000000 0.000000 0.000000 0.000000 0.000000 0.000000 0.000000 0.000000 0.000001 0.000001 0.000002 0.000004 0.000007 0.000012 0.000020 0.000035 0.000057 0.000094 0.000150 0.000237 0.000367 0.000559 0.000836 0.001229 0.001775 0.002519 0.003511 0.004810 0.006472 0.008554 0.011107 0.014167 0.017749 0.021841 0.026399 0.031339 0.036541 0.041844 0.047061 0.051982 0.056389 0.060075 0.062854 0.064583 0.065170 0.064583 0.062854 0.060075 0.056389 0.051982 0.047061 0.041844 0.036541 0.031339 0.026399 0.021841 0.017749 0.014167 0.011107 0.008554 0.006472 0.004810 0.003511 0.002519 0.001775 0.001229 0.000836 0.000559 0.000367 0.000237 0.000150 0.000094 0.000057 0.000035 0.000020 0.000012 0.000007 0.000004 0.000002 0.000001 0.000001 0.000000 0.000000 0.000000 0.000000 0.000000 0.000000 0.000000 0.000000 0.000000 0.000000 0.000000 0.000000 0.000000 
0.000000 0.000000 0.000000 0.000000 0.000000 0.000000 0.000000 0.000000 0.000000 0.000000 0.000000 0.000000 0.000000 0.000001 0.000001 0.000002 0.000004 0.000007 0.000012 0.000020 0.000035 0.000059 0.000098 0.000160 0.000257 0.000405 0.000627 0.000954 0.001426 0.002095 0.003024 0.004288 0.005975 0.008179 0.011000 0.014532 0.018861 0.024046 0.030113 0.037043 0.044757 0.053117 0.061915 0.070885 0.079706 0.088024 0.095473 0.101701 0.106398 0.109319 0.110311 0.109319 0.106398 0.101701 0.095473 0.088024 0.079706 0.070885 0.061915 0.053117 0.044757 0.037043 0.030113 0.024046 0.018861 0.014532 0.011000 0.008179 0.005975 0.004288 0.003024 0.002095 0.001426 0.000954 0.000627 0.000405 0.000257 0.000160 0.000098 0.000059 0.000035 0.000020 0.000012 0.000007 0.000004 0.000002 0.000001 0.000001 0.000000 0.000000 0.000000 0.000000 0.000000 0.000000 0.000000 0.000000 0.000000 0.000000 0.000000 0.000000 
0.000000 0.000000 0.000000 0.000000 0.000000 0.000000 0.000000 0.000000 0.000000 0.000000 0.000000 0.000000 0.000000 0.000001 0.000002 0.000003 0.000006 0.000011 0.000020 0.000035 0.000059 0.000100 0.000166 0.000270 0.000432 0.000681 0.001053 0.001601 0.002392 0.003511 0.005065 0.007178 0.009997 0.013677 0.018384 0.024277 0.031493 0.040134 0.050241 0.061780 0.074622 0.088533 0.103171 0.118089 0.132757 0.146586 0.158969 0.169320 0.177125 0.181981 0.183628 0.181981 0.177125 0.169320 0.158969 0.146586 0.132757 0.118089 0.103171 0.088533 0.074622 0.061780 0.050241 0.040134 0.031493 0.024277 0.018384 0.013677 0.009997 0.007178 0.005065 0.003511 0.002392 0.001601 0.001053 0.000681 0.000432 0.000270 0.000166 0.000100 0.000059 0.000035 0.000020 0.000011 0.000006 0.000003 0.000002 0.000001 0.000000 0.000000 0.000000 0.000000 0.000000 0.000000 0.000000 0.000000 0.000000 0.000000 0.000000 0.000000 
0.000000 0.000000 0.000000 0.000000 0.000000 0.000000 0.000000 0.000000 0.000000 0.000000 0.000000 0.000000 0.000001 0.000002 0.000003 0.000006 0.000010 0.000019 0.000033 0.000057 0.000098 0.000166 0.000274 0.000447 0.000715 0.001125 0.001739 0.002642 0.003944 0.005786 0.008341 0.011815 0.016445 0.022487 0.030212 0.039877 0.051708 0.065868 0.082425 0.101320 0.122342 0.145107 0.169055 0.193456 0.217442 0.240053 0.260295 0.277215 0.289972 0.297907 0.300600 0.297907 0.289972 0.277215 0.260295 0.240053 0.217442 0.193456 0.169055 0.145107 0.122342 0.101320 0.082425 0.065868 0.051708 0.039877 0.030212 0.022487 0.016445 0.011815 0.008341 0.005786 0.003944 0.002642 0.001739 0.001125 0.000715 0.000447 0.000274 0.000166 0.000098 0.000057 0.000033 0.000019 0.000010 0.000006 0.000003 0.000002 0.000001 0.000000 0.000000 0.000000 0.000000 0.000000 0.000000 0.000000 0.000000 0.000000 0.000000 0.000000 
0.000000 0.000000 0.000000 0.000000 0.000000 0.000000 0.000000 0.000000 0.000000 0.000000 0.000000 0.000001 0.000001 0.000003 0.000005 0.000009 0.000017 0.000030 0.000054 0.000094 0.000160 0.000270 0.000447 0.000727 0.001163 0.001827 0.002823 0.004285 0.006394 0.009374 0.013506 0.019120 0.026597 0.036352 0.048815 0.064403 0.083475 0.106293 0.132962 0.163388 0.197228 0.233863 0.272390 0.311637 0.350210 0.386564 0.419106 0.446303 0.466807 0.479559 0.483887 0.479559 0.466807 0.446303 0.419106 0.386564 0.350210 0.311637 0.272390 0.233863 0.197228 0.163388 0.132962 0.106293 0.083475 0.064403 0.048815 0.036352 0.026597 0.019120 0.013506 0.009374 0.006394 0.004285 0.002823 0.001827 0.001163 0.000727 0.000447 0.000270 0.000160 0.000094 0.000054 0.000030 0.000017 0.000009 0.000005 0.000003 0.000001 0.000001 0.000000 0.000000 0.000000 0.000000 0.000000 0.000000 0.000000 0.000000 0.000000 0.000000 
0.000000 0.000000 0.000000 0.000000 0.000000 0.000000 0.000000 0.000000 0.000000 0.000000 0.000001 0.000001 0.000002 0.000004 0.000008 0.000015 0.000027 0.000049 0.000086 0.000150 0.000257 0.000432 0.000715 0.001163 0.001858 0.002918 0.004504 0.006834 0.010189 0.014930 0.021499 0.030419 0.042292 0.057775 0.077547 0.102265 0.132496 0.168648 0.210889 0.259062 0.312624 0.370595 0.431544 0.493618 0.554613 0.612091 0.663533 0.706522 0.738927 0.759082 0.765921 0.759082 0.738927 0.706522 0.663533 0.612091 0.554613 0.493618 0.431544 0.370595 0.312624 0.259062 0.210889 0.168648 0.132496 0.102265 0.077547 0.057775 0.042292 0.030419 0.021499 0.014930 0.010189 0.006834 0.004504 0.002918 0.001858 0.001163 0.000715 0.000432 0.000257 0.000150 0.000086 0.000049 0.000027 0.000015 0.000008 0.000004 0.000002 0.000001 0.000001 0.000000 0.000000 0.000000 0.000000 0.000000 0.000000 0.000000 0.000000 0.000000 
0.000000 0.000000 0.000000 0.000000 0.000000 0.000000 0.000000 0.000000 0.000000 0.000000 0.000001 0.000002 0.000003 0.000007 0.000013 0.000023 0.000043 0.000077 0.000136 0.000237 0.000405 0.000681 0.001125 0.001827 0.002918 0.004580 0.007065 0.010712 0.015962 0.023376 0.033641 0.047575 0.066112 0.090272 0.121111 0.159646 0.206759 0.263079 0.328859 0.403854 0.487213 0.577409 0.672216 0.768751 0.863591 0.952946 1.032908 1.099723 1.150085 1.181405 1.192034 1.181405 1.150085 1.099723 1.032908 0.952946 0.863591 0.768751 0.672216 0.577409 0.487213 0.403854 0.328859 0.263079 0.206759 0.159646 0.121111 0.090272 0.066112 0.047575 0.033641 0.023376 0.015962 0.010712 0.007065 0.004580 0.002918 0.001827 0.001125 0.000681 0.000405 0.000237 0.000136 0.000077 0.000043 0.000023 0.000013 0.000007 0.000003 0.000002 0.000001 0.000000 0.000000 0.000000 0.000000 0.000000 0.000000 0.000000 0.000000 0.000000 
0.000000 0.000000 0.000000 0.000000 0.000000 0.000000 0.000000 0.000000 0.000000 0.000001 0.000001 0.000003 0.000005 0.000010 0.000020 0.000036 0.000067 0.000120 0.000211 0.000367 0.000627 0.001053 0.001739 0.002823 0.004504 0.007065 0.010892 0.016505 0.024580 0.035976 0.051747 0.073143 0.101593 0.138657 0.185946 0.245012 0.317196 0.403455 0.504170 0.618958 0.746512 0.884491 1.029489 1.177100 1.322091 1.458677 1.580888 1.682994 1.759951 1.807809 1.824049 1.807809 1.759951 1.682994 1.580888 1.458677 1.322091 1.177100 1.029489 0.884491 0.746512 0.618958 0.504170 0.403455 0.317196 0.245012 0.185946 0.138657 0.101593 0.073143 0.051747 0.035976 0.024580 0.016505 0.010892 0.007065 0.004504 0.002823 0.001739 0.001053 0.000627 0.000367 0.000211 0.000120 0.000067 0.000036 0.000020 0.000010 0.000005 0.000003 0.000001 0.000001 0.000000 0.000000 0.000000 0.000000 0.000000 0.000000 0.000000 0.000000 
0.000000 0.000000 0.000000 0.000000 0.000000 0.000000 0.000000 0.000000 0.000001 0.000001 0.000002 0.000004 0.000008 0.000016 0.000030 0.000056 0.000101 0.000182 0.000322 0.000559 0.000954 0.001601 0.002642 0.004285 0.006834 0.010712 0.016505 0.024995 0.037204 0.054424 0.078241 0.110538 0.153463 0.209357 0.280644 0.369647 0.478377 0.608262 0.759865 0.932600 1.124491 1.332014 1.550044 1.771959 1.989897 2.195169 2.378814 2.532235 2.647857 2.719756 2.744154 2.719756 2.647857 2.532235 2.378814 2.195169 1.989897 1.771959 1.550044 1.332014 1.124491 0.932600 0.759865 0.608262 0.478377 0.369647 0.280644 0.209357 0.153463 0.110538 0.078241 0.054424 0.037204 0.024995 0.016505 0.010712 0.006834 0.004285 0.002642 0.001601 0.000954 0.000559 0.000322 0.000182 0.000101 0.000056 0.000030 0.000016 0.000008 0.000004 0.000002 0.000001 0.000001 0.000000 0.000000 0.000000 0.000000 0.000000 0.000000 0.000000 
0.000000 0.000000 0.000000 0.000000 0.000000 0.000000 0.000000 0.000000 0.000001 0.000002 0.000003 0.000006 0.000012 0.000024 0.000045 0.000083 0.000152 0.000273 0.000482 0.000836 0.001426 0.002392 0.003944 0.006394 0.010189 0.015962 0.024580 0.037204 0.055347 0.080922 0.116279 0.164201 0.227862 0.310725 0.416362 0.548203 0.709207 0.901473 1.125817 1.381358 1.665164 1.972015 2.294333 2.622331 2.944395 3.247699 3.519015 3.745654 3.916445 4.022644 4.058682 4.022644 3.916445 3.745654 3.519015 3.247699 2.944395 2.622331 2.294333 1.972015 1.665164 1.381358 1.125817 0.901473 0.709207 0.548203 0.416362 0.310725 0.227862 0.164201 0.116279 0.080922 0.055347 0.037204 0.024580 0.015962 0.010189 0.006394 0.003944 0.002392 0.001426 0.000836 0.000482 0.000273 0.000152 0.000083 0.000045 0.000024 0.000012 0.000006 0.000003 0.000002 0.000001 0.000000 0.000000 0.000000 0.000000 0.000000 0.000000 0.000000 
0.000000 0.000000 0.000000 0.000000 0.000000 0.000000 0.000000 0.000001 0.000001 0.000002 0.000005 0.000009 0.000018 0.000035 0.000066 0.000123 0.000224 0.000402 0.000709 0.001229 0.002095 0.003511 0.005786 0.009374 0.014930 0.023376 0.035976 0.054424 0.080922 0.118258 0.169848 0.239740 0.332548 0.453298 0.607176 0.799153 1.033516 1.313295 1.639654 2.011294 2.423936 2.869981 3.338413 3.815012 4.282913 4.723497 5.117570 5.446722 5.694747 5.848964 5.901295 5.848964 5.694747 5.446722 5.117570 4.723497 4.282913 3.815012 3.338413 2.869981 2.423936 2.011294 1.639654 1.313295 1.033516 0.799153 0.607176 0.453298 0.332548 0.239740 0.169848 0.118258 0.080922 0.054424 0.035976 0.023376 0.014930 0.009374 0.005786 0.003511 0.002095 0.001229 0.000709 0.000402 0.000224 0.000123 0.000066 0.000035 0.000018 0.000009 0.000005 0.000002 0.000001 0.000001 0.000000 0.000000 0.000000 0.000000 0.000000 0.000000 
0.000000 0.000000 0.000000 0.000000 0.000000 0.000000 0.000000 0.000001 0.000002 0.000003 0.000007 0.000014 0.000027 0.000051 0.000096 0.000178 0.000325 0.000581 0.001024 0.001775 0.003024 0.005065 0.008341 0.013506 0.021499 0.033641 0.051747 0.078241 0.116279 0.169848 0.243835 0.344027 0.477013 0.649971 0.870297 1.145080 1.480419 1.880619 2.347315 2.878624 3.468408 4.105794 4.775038 5.455830 6.124094 6.753261 7.315947 7.785893 8.139986 8.360144 8.434849 8.360144 8.139986 7.785893 7.315947 6.753261 6.124094 5.455830 4.775038 4.105794 3.468408 2.878624 2.347315 1.880619 1.480419 1.145080 0.870297 0.649971 0.477013 0.344027 0.243835 0.169848 0.116279 0.078241 0.051747 0.033641 0.021499 0.013506 0.008341 0.005065 0.003024 0.001775 0.001024 0.000581 0.000325 0.000178 0.000096 0.000051 0.000027 0.000014 0.000007 0.000003 0.000002 0.000001 0.000000 0.000000 0.000000 0.000000 0.000000 0.000000 
0.000000 0.000000 0.000000 0.000000 0.000000 0.000000 0.000001 0.000001 0.000002 0.000005 0.000010 0.000020 0.000038 0.000073 0.000137 0.000253 0.000461 0.000826 0.001455 0.002519 0.004288 0.007178 0.011815 0.019120 0.030419 0.047575 0.073143 0.110538 0.164201 0.239740 0.344027 0.485190 0.672486 0.915985 1.226061 1.612650 2.084286 2.646982 3.302995 4.049644 4.878277 5.773603 6.713501 7.669458 8.607685 9.490911 10.280727 10.940311 11.437262 11.746230 11.851067 11.746230 11.437262 10.940311 10.280727 9.490911 8.607685 7.669458 6.713501 5.773603 4.878277 4.049644 3.302995 2.646982 2.084286 1.612650 1.226061 0.915985 0.672486 0.485190 0.344027 0.239740 0.164201 0.110538 0.073143 0.047575 0.030419 0.019120 0.011815 0.007178 0.004288 0.002519 0.001455 0.000826 0.000461 0.000253 0.000137 0.000073 0.000038 0.000020 0.000010 0.000005 0.000002 0.000001 0.000001 0.000000 0.000000 0.000000 0.000000 0.000000 
0.000000 0.000000 0.000000 0.000000 0.000000 0.000000 0.000001 0.000002 0.000003 0.000007 0.000014 0.000027 0.000053 0.000102 0.000192 0.000354 0.000645 0.001153 0.002029 0.003511 0.005975 0.009997 0.016445 0.026597 0.042292 0.066112 0.101593 0.153463 0.227862 0.332548 0.477013 0.672486 0.931740 1.268673 1.697586 2.232165 2.884155 3.661809 4.568197 5.599565 6.743931 7.980157 9.277692 10.597186 11.892029 13.110818 14.200599 15.110616 15.796209 16.222443 16.367069 16.222443 15.796209 15.110616 14.200599 13.110818 11.892029 10.597186 9.277692 7.980157 6.743931 5.599565 4.568197 3.661809 2.884155 2.232165 1.697586 1.268673 0.931740 0.672486 0.477013 0.332548 0.227862 0.153463 0.101593 0.066112 0.042292 0.026597 0.016445 0.009997 0.005975 0.003511 0.002029 0.001153 0.000645 0.000354 0.000192 0.000102 0.000053 0.000027 0.000014 0.000007 0.000003 0.000002 0.000001 0.000000 0.000000 0.000000 0.000000 0.000000 
0.000000 0.000000 0.000000 0.000000 0.000000 0.000000 0.000001 0.000002 0.000005 0.000010 0.000019 0.000038 0.000073 0.000140 0.000263 0.000486 0.000884 0.001581 0.002781 0.004810 0.008179 0.013677 0.022487 0.036352 0.057775 0.090272 0.138657 0.209357 0.310725 0.453298 0.649971 0.915985 1.268673 1.726880 2.309989 3.036532 3.922401 4.978732 6.209629 7.609936 9.163343 10.841125 12.601818 14.392038 16.148581 17.801763 19.279819 20.513969 21.443706 22.021704 22.217820 22.021704 21.443706 20.513969 19.279819 17.801763 16.148581 14.392038 12.601818 10.841125 9.163343 7.609936 6.209629 4.978732 3.922401 3.036532 2.309989 1.726880 1.268673 0.915985 0.649971 0.453298 0.310725 0.209357 0.138657 0.090272 0.057775 0.036352 0.022487 0.013677 0.008179 0.004810 0.002781 0.001581 0.000884 0.000486 0.000263 0.000140 0.000073 0.000038 0.000019 0.000010 0.000005 0.000002 0.000001 0.000000 0.000000 0.000000 0.000000 0.000000 
0.000000 0.000000 0.000000 0.000000 0.000000 0.000001 0.000001 0.000003 0.000006 0.000013 0.000026 0.000051 0.000099 0.000189 0.000355 0.000656 0.001192 0.002130 0.003744 0.006472 0.011000 0.018384 0.030212 0.048815 0.077547 0.121111 0.185946 0.280644 0.416362 0.607176 0.870297 1.226061 1.697586 2.309989 3.089091 4.059564 5.242540 6.652800 8.295737 10.164394 12.236952 14.475056 16.823383 19.210752 21.552917 23.757028 25.727474 27.372645 28.611955 29.382380 29.643782 29.382380 28.611955 27.372645 25.727474 23.757028 21.552917 19.210752 16.823383 14.475056 12.236952 10.164394 8.295737 6.652800 5.242540 4.059564 3.089091 2.309989 1.697586 1.226061 0.870297 0.607176 0.416362 0.280644 0.185946 0.121111 0.077547 0.048815 0.030212 0.018384 0.011000 0.006472 0.003744 0.002130 0.001192 0.000656 0.000355 0.000189 0.000099 0.000051 0.000026 0.000013 0.000006 0.000003 0.000001 0.000001 0.000000 0.000000 0.000000 0.000000 
0.000000 0.000000 0.000000 0.000000 0.000000 0.000001 0.000002 0.000004 0.000008 0.000017 0.000034 0.000068 0.000131 0.000251 0.000471 0.000869 0.001578 0.002819 0.004952 0.008554 0.014532 0.024277 0.039877 0.064403 0.102265 0.159646 0.245012 0.369647 0.548203 0.799153 1.145080 1.612650 2.232165 3.036532 4.059564 5.333544 6.886099 8.736512 10.891755 13.342614 16.060400 18.994780 22.073211 25.202402 28.271985 31.160346 33.742287 35.897865 37.521583 38.530944 38.873411 38.530944 37.521583 35.897865 33.742287 31.160346 28.271985 25.202402 22.073211 18.994780 16.060400 13.342614 10.891755 8.736512 6.886099 5.333544 4.059564 3.036532 2.232165 1.612650 1.145080 0.799153 0.548203 0.369647 0.245012 0.159646 0.102265 0.064403 0.039877 0.024277 0.014532 0.008554 0.004952 0.002819 0.001578 0.000869 0.000471 0.000251 0.000131 0.000068 0.000034 0.000017 0.000008 0.000004 0.000002 0.000001 0.000000 0.000000 0.000000 0.000000 
0.000000 0.000000 0.000000 0.000000 0.000001 0.000001 0.000003 0.000005 0.000011 0.000022 0.000045 0.000088 0.000171 0.000327 0.000613 0.001131 0.002052 0.003664 0.006433 0.011107 0.018861 0.031493 0.051708 0.083475 0.132496 0.206759 0.317196 0.478377 0.709207 1.033516 1.480419 2.084286 2.884155 3.922401 5.242540 6.886099 8.888577 11.274711 14.053364 17.212547 20.715201 24.496406 28.462675 32.493839 36.447778 40.167936 43.493169 46.269122 48.360048 49.659801 50.100789 49.659801 48.360048 46.269122 43.493169 40.167936 36.447778 32.493839 28.462675 24.496406 20.715201 17.212547 14.053364 11.274711 8.888577 6.886099 5.242540 3.922401 2.884155 2.084286 1.480419 1.033516 0.709207 0.478377 0.317196 0.206759 0.132496 0.083475 0.051708 0.031493 0.018861 0.011107 0.006433 0.003664 0.002052 0.001131 0.000613 0.000327 0.000171 0.000088 0.000045 0.000022 0.000011 0.000005 0.000003 0.000001 0.000001 0.000000 0.000000 0.000000 
0.000000 0.000000 0.000000 0.000000 0.000001 0.000002 0.000003 0.000007 0.000014 0.000029 0.000057 0.000113 0.000219 0.000418 0.000783 0.001445 0.002621 0.004677 0.008208 0.014167 0.024046 0.040134 0.065868 0.106293 0.168648 0.263079 0.403455 0.608262 0.901473 1.313295 1.880619 2.646982 3.661809 4.978732 6.652800 8.736512 11.274711 14.298590 17.819230 21.821316 26.257803 31.046405 36.068718 41.172608 46.178212 50.887440 55.096438 58.609966 61.256337 62.901317 63.459426 62.901317 61.256337 58.609966 55.096438 50.887440 46.178212 41.172608 36.068718 31.046405 26.257803 21.821316 17.819230 14.298590 11.274711 8.736512 6.652800 4.978732 3.661809 2.646982 1.880619 1.313295 0.901473 0.608262 0.403455 0.263079 0.168648 0.106293 0.065868 0.040134 0.024046 0.014167 0.008208 0.004677 0.002621 0.001445 0.000783 0.000418 0.000219 0.000113 0.000057 0.000029 0.000014 0.000007 0.000003 0.000002 0.000001 0.000000 0.000000 0.000000 
0.000000 0.000000 0.000000 0.000000 0.000001 0.000002 0.000004 0.000009 0.000018 0.000036 0.000072 0.000142 0.000276 0.000525 0.000984 0.001813 0.003288 0.005865 0.010288 0.017749 0.030113 0.050241 0.082425 0.132962 0.210889 0.328859 0.504170 0.759865 1.125817 1.639654 2.347315 3.302995 4.568197 6.209629 8.295737 10.891755 14.053364 17.819230 22.202983 27.185405 32.707817 38.667728 44.917755 51.268613 57.496582 63.355325 68.591377 72.962018 76.253829 78.299957 78.994158 78.299957 76.253829 72.962018 68.591377 63.355325 57.496582 51.268613 44.917755 38.667728 32.707817 27.185405 22.202983 17.819230 14.053364 10.891755 8.295737 6.209629 4.568197 3.302995 2.347315 1.639654 1.125817 0.759865 0.504170 0.328859 0.210889 0.132962 0.082425 0.050241 0.030113 0.017749 0.010288 0.005865 0.003288 0.001813 0.000984 0.000525 0.000276 0.000142 0.000072 0.000036 0.000018 0.000009 0.000004 0.000002 0.000001 0.000000 0.000000 0.000000 
0.000000 0.000000 0.000000 0.000000 0.000001 0.000002 0.000005 0.000011 0.000022 0.000045 0.000089 0.000176 0.000340 0.000647 0.001213 0.002235 0.004051 0.007223 0.012665 0.021841 0.037043 0.061780 0.101320 0.163388 0.259062 0.403854 0.618958 0.932600 1.381358 2.011294 2.878624 4.049644 5.599565 7.609936 10.164394 13.342614 17.212547 21.821316 27.185405 33.281135 40.036590 47.326321 54.970045 62.736312 70.351636 77.514950 83.916518 89.259773 93.283970 95.785275 96.633895 95.785275 93.283970 89.259773 83.916518 77.514950 70.351636 62.736312 54.970045 47.326321 40.036590 33.281135 27.185405 21.821316 17.212547 13.342614 10.164394 7.609936 5.599565 4.049644 2.878624 2.011294 1.381358 0.932600 0.618958 0.403854 0.259062 0.163388 0.101320 0.061780 0.037043 0.021841 0.012665 0.007223 0.004051 0.002235 0.001213 0.000647 0.000340 0.000176 0.000089 0.000045 0.000022 0.000011 0.000005 0.000002 0.000001 0.000000 0.000000 0.000000 
0.000000 0.000000 0.000000 0.000001 0.000001 0.000003 0.000006 0.000013 0.000027 0.000054 0.000108 0.000213 0.000412 0.000784 0.001469 0.002705 0.004902 0.008736 0.015313 0.026399 0.044757 0.074622 0.122342 0.197228 0.312624 0.487213 0.746512 1.124491 1.665164 2.423936 3.468408 4.878277 6.743931 9.163343 12.236952 16.060400 20.715201 26.257803 32.707817 40.036590 48.157523 56.919729 66.106491 75.439684 84.590751 93.198065 100.889640 107.309345 112.144090 115.149134 116.168648 115.149134 112.144090 107.309345 100.889640 93.198065 84.590751 75.439684 66.106491 56.919729 48.157523 40.036590 32.707817 26.257803 20.715201 16.060400 12.236952 9.163343 6.743931 4.878277 3.468408 2.423936 1.665164 1.124491 0.746512 0.487213 0.312624 0.197228 0.122342 0.074622 0.044757 0.026399 0.015313 0.008736 0.004902 0.002705 0.001469 0.000784 0.000412 0.000213 0.000108 0.000054 0.000027 0.000013 0.000006 0.000003 0.000001 0.000001 0.000000 0.000000 
0.000000 0.000000 0.000000 0.000001 0.000002 0.000003 0.000007 0.000015 0.000032 0.000065 0.000129 0.000254 0.000490 0.000933 0.001746 0.003216 0.005825 0.010378 0.018185 0.031339 0.053117 0.088533 0.145107 0.233863 0.370595 0.577409 0.884491 1.332014 1.972015 2.869981 4.105794 5.773603 7.980157 10.841125 14.475056 18.994780 24.496406 31.046405 38.667728 47.326321 56.919729 67.269620 78.119989 89.142397 99.948938 110.112728 119.194716 126.774604 132.482918 136.030858 137.234546 136.030858 132.482918 126.774604 119.194716 110.112728 99.948938 89.142397 78.119989 67.269620 56.919729 47.326321 38.667728 31.046405 24.496406 18.994780 14.475056 10.841125 7.980157 5.773603 4.105794 2.869981 1.972015 1.332014 0.884491 0.577409 0.370595 0.233863 0.145107 0.088533 0.053117 0.031339 0.018185 0.010378 0.005825 0.003216 0.001746 0.000933 0.000490 0.000254 0.000129 0.000065 0.000032 0.000015 0.000007 0.000003 0.000002 0.000001 0.000000 0.000000 
0.000000 0.000000 0.000000 0.000001 0.000002 0.000004 0.000009 0.000018 0.000037 0.000076 0.000151 0.000296 0.000573 0.001090 0.002039 0.003754 0.006798 0.012107 0.021209 0.036541 0.061915 0.103171 0.169055 0.272390 0.431544 0.672216 1.029489 1.550044 2.294333 3.338413 4.775038 6.713501 9.277692 12.601818 16.823383 22.073211 28.462675 36.068718 44.917755 54.970045 66.106491 78.119989 90.713366 103.505475 116.046247 127.840467 138.378861 147.173949 153.797232 157.913783 159.310368 157.913783 153.797232 147.173949 138.378861 127.840467 116.046247 103.505475 90.713366 78.119989 66.106491 54.970045 44.917755 36.068718 28.462675 22.073211 16.823383 12.601818 9.277692 6.713501 4.775038 3.338413 2.294333 1.550044 1.029489 0.672216 0.431544 0.272390 0.169055 0.103171 0.061915 0.036541 0.021209 0.012107 0.006798 0.003754 0.002039 0.001090 0.000573 0.000296 0.000151 0.000076 0.000037 0.000018 0.000009 0.000004 0.000002 0.000001 0.000000 0.000000 
