0.000000 0.000000 0.000000 0.000000 0.000000 0.000000 0.000000 0.000000 0.000000 0.000000 0.000000 0.000000 0.000000 0.000000 0.000000 0.000000 0.000000 0.000000 0.000000 0.000000 0.000000 0.000000 0.000000 0.000000 0.000000 0.000000 0.000000 0.000000 0.000000 0.000000 0.000000 0.000000 0.000000 0.000000 0.000000 0.000000 0.000000 0.000000 0.000000 0.000000 0.000000 0.000000 0.000000 0.000000 0.000000 0.000000 0.000000 0.000000 0.000000 0.000000 0.000000 0.000000 0.000000 0.000000 0.000000 0.000000 0.000000 0.000000 0.000000 0.000000 0.000000 0.000000 0.000000 0.000000 0.000000 0.000000 0.000000 0.000000 0.000000 0.000000 0.000000 0.000000 0.000000 0.000000 0.000000 0.000000 0.000000 0.000000 0.000000 0.000000 0.000000 0.000000 0.000000 0.000000 0.000000 0.000000 0.000000 0.000000 0.000000 0.000000 0.000000 0.000000 0.000000 0.000000 0.000000 0.000000 0.000000 0.000000 0.000000 0.000000 
0.000000 0.000000 0.000000 0.000000 0.000000 0.000000 0.000000 0.000000 0.000000 0.000000 0.000000 0.000000 0.000000 0.000000 0.000000 0.000000 0.000000 0.000000 0.000000 0.000000 0.000000 0.000000 0.000000 0.000000 0.000000 0.000000 0.000000 0.000001 0.000001 0.000001 0.000001 0.000002 0.000003 0.000003 0.000004 0.000005 0.000006 0.000007 0.000009 0.000010 0.000012 0.000013 0.000015 0.000017 0.000018 0.000020 0.000021 0.000022 0.000023 0.000023 0.000023 0.000023 0.000023 0.000022 0.000021 0.000020 0.000018 0.000017 0.000015 0.000013 0.000012 0.000010 0.000009 0.000007 0.000006 0.000005 0.000004 0.000003 0.000003 0.000002 0.000001 0.000001 0.000001 0.000001 0.000000 0.000000 0.000000 0.000000 0.000000 0.000000 0.000000 0.000000 0.000000 0.000000 0.000000 0.000000 0.000000 0.000000 0.000000 0.000000 0.000000 0.000000 0.000000 0.000000 0.000000 0.000000 0.000000 0.000000 0.000000 0.000000 
0.000000 0.000000 0.000000 0.000000 0.000000 0.000000 0.000000 0.000000 0.000000 0.000000 0.000000 0.000000 0.000000 0.000000 0.000000 0.000000 0.000000 0.000000 0.000000 0.000000 0.000000 0.000000 0.000000 0.000000 0.000001 0.000001 0.000001 0.000001 0.000002 0.000003 0.000004 0.000005 0.000006 0.000008 0.000010 0.000012 0.000015 0.000017 0.000021 0.000024 0.000028 0.000032 0.000036 0.000040 0.000044 0.000047 0.000050 0.000053 0.000054 0.000055 0.000056 0.000055 0.000054 0.000053 0.000050 0.000047 0.000044 0.000040 0.000036 0.000032 0.000028 0.000024 0.000021 0.000017 0.000015 0.000012 0.000010 0.000008 0.000006 0.000005 0.000004 0.000003 0.000002 0.000001 0.000001 0.000001 0.000001 0.000000 0.000000 0.000000 0.000000 0.000000 0.000000 0.000000 0.000000 0.000000 0.000000 0.000000 0.000000 0.000000 0.000000 0.000000 0.000000 0.000000 0.000000 0.000000 0.000000 0.000000 0.000000 0.000000 
0.000000 0.000000 0.000000 0.000000 0.000000 0.000000 0.000000 0.000000 0.000000 0.000000 0.000000 0.000000 0.000000 0.000000 0.000000 0.000000 0.000000 0.000000 0.000000 0.000000 0.000000 0.000000 0.000001 0.000001 0.000001 0.000002 0.000002 0.000003 0.000004 0.000005 0.000007 0.000009 0.000012 0.000015 0.000019 0.000023 0.000028 0.000034 0.000041 0.000048 0.000055 0.000063 0.000070 0.000078 0.000085 0.000092 0.000098 0.000103 0.000106 0.000109 0.000109 0.000109 0.000106 0.000103 0.000098 0.000092 0.000085 0.000078 0.000070 0.000063 0.000055 0.000048 0.000041 0.000034 0.000028 0.000023 0.000019 0.000015 0.000012 0.000009 0.000007 0.000005 0.000004 0.000003 0.000002 0.000002 0.000001 0.000001 0.000001 0.000000 0.000000 0.000000 0.000000 0.000000 0.000000 0.000000 0.000000 0.000000 0.000000 0.000000 0.000000 0.000000 0.000000 0.000000 0.000000 0.000000 0.000000 0.000000 0.000000 0.000000 
0.000000 0.000000 0.000000 0.000000 0.000000 0.000000 0.000000 0.000000 0.000000 0.000000 0.000000 0.000000 0.000000 0.000000 0.000000 0.000000 0.000000 0.000000 0.000000 0.000000 0.000000 0.000001 0.000001 0.000001 0.000002 0.000003 0.000004 0.000005 0.000007 0.000010 0.000013 0.000017 0.000022 0.000028 0.000035 0.000043 0.000053 0.000064 0.000075 0.000088 0.000102 0.000116 0.000131 0.000145 0.000158 0.000171 0.000182 0.000191 0.000197 0.000201 0.000203 0.000201 0.000197 0.000191 0.000182 0.000171 0.000158 0.000145 0.000131 0.000116 0.000102 0.000088 0.000075 0.000064 0.000053 0.000043 0.000035 0.000028 0.000022 0.000017 0.000013 0.000010 0.000007 0.000005 0.000004 0.000003 0.000002 0.000001 0.000001 0.000001 0.000000 0.000000 0.000000 0.000000 0.000000 0.000000 0.000000 0.000000 0.000000 0.000000 0.000000 0.000000 0.000000 0.000000 0.000000 0.000000 0.000000 0.000000 0.000000 0.000000 
0.000000 0.000000 0.000000 0.000000 0.000000 0.000000 0.000000 0.000000 0.000000 0.000000 0.000000 0.000000 0.000000 0.000000 0.000000 0.000000 0.000000 0.000000 0.000000 0.000001 0.000001 0.000001 0.000002 0.000003 0.000004 0.000005 0.000007 0.000010 0.000013 0.000018 0.000024 0.000031 0.000040 0.000051 0.000064 0.000079 0.000096 0.000115 0.000137 0.000160 0.000185 0.000211 0.000237 0.000262 0.000287 0.000309 0.000329 0.000345 0.000357 0.000364 0.000367 0.000364 0.000357 0.000345 0.000329 0.000309 0.000287 0.000262 0.000237 0.000211 0.000185 0.000160 0.000137 0.000115 0.000096 0.000079 0.000064 0.000051 0.000040 0.000031 0.000024 0.000018 0.000013 0.000010 0.000007 0.000005 0.000004 0.000003 0.000002 0.000001 0.000001 0.000001 0.000000 0.000000 0.000000 0.000000 0.000000 0.000000 0.000000 0.000000 0.000000 0.000000 0.000000 0.000000 0.000000 0.000000 0.000000 0.000000 0.000000 0.000000 
0.000000 0.000000 0.000000 0.000000 0.000000 0.000000 0.000000 0.000000 0.000000 0.000000 0.000000 0.000000 0.000000 0.000000 0.000000 0.000000 0.000000 0.000000 0.000001 0.000001 0.000001 0.000002 0.000003 0.000005 0.000007 0.000009 0.000013 0.000018 0.000024 0.000032 0.000043 0.000056 0.000071 0.000091 0.000114 0.000140 0.000171 0.000206 0.000244 0.000286 0.000330 0.000376 0.000422 0.000468 0.000511 0.000551 0.000586 0.000615 0.000636 0.000649 0.000654 0.000649 0.000636 0.000615 0.000586 0.000551 0.000511 0.000468 0.000422 0.000376 0.000330 0.000286 0.000244 0.000206 0.000171 0.000140 0.000114 0.000091 0.000071 0.000056 0.000043 0.000032 0.000024 0.000018 0.000013 0.000009 0.000007 0.000005 0.000003 0.000002 0.000001 0.000001 0.000001 0.000000 0.000000 0.000000 0.000000 0.000000 0.000000 0.000000 0.000000 0.000000 0.000000 0.000000 0.000000 0.000000 0.000000 0.000000 0.000000 0.000000 
0.000000 0.000000 0.000000 0.000000 0.000000 0.000000 0.000000 0.000000 0.000000 0.000000 0.000000 0.000000 0.000000 0.000000 0.000000 0.000000 0.000000 0.000001 0.000001 0.000002 0.000003 0.000004 0.000006 0.000008 0.000012 0.000016 0.000023 0.000031 0.000042 0.000057 0.000075 0.000098 0.000126 0.000160 0.000200 0.000248 0.000302 0.000363 0.000430 0.000503 0.000581 0.000661 0.000743 0.000823 0.000899 0.000969 0.001031 0.001082 0.001119 0.001142 0.001150 0.001142 0.001119 0.001082 0.001031 0.000969 0.000899 0.000823 0.000743 0.000661 0.000581 0.000503 0.000430 0.000363 0.000302 0.000248 0.000200 0.000160 0.000126 0.000098 0.000075 0.000057 0.000042 0.000031 0.000023 0.000016 0.000012 0.000008 0.000006 0.000004 0.000003 0.000002 0.000001 0.000001 0.000000 0.000000 0.000000 0.000000 0.000000 0.000000 0.000000 0.000000 0.000000 0.000000 0.000000 0.000000 0.000000 0.000000 0.000000 0.000000 
0.000000 0.000000 0.000000 0.000000 0.000000 0.000000 0.000000 0.000000 0.000000 0.000000 0.000000 0.000000 0.000000 0.000000 0.000000 0.000000 0.000001 0.000001 0.000002 0.000003 0.000004 0.000007 0.000010 0.000014 0.000020 0.000028 0.000040 0.000055 0.000074 0.000099 0.000131 0.000171 0.000220 0.000279 0.000349 0.000431 0.000525 0.000631 0.000748 0.000875 0.001010 0.001149 0.001291 0.001430 0.001562 0.001684 0.001791 0.001878 0.001943 0.001984 0.001997 0.001984 0.001943 0.001878 0.001791 0.001684 0.001562 0.001430 0.001291 0.001149 0.001010 0.000875 0.000748 0.000631 0.000525 0.000431 0.000349 0.000279 0.000220 0.000171 0.000131 0.000099 0.000074 0.000055 0.000040 0.000028 0.000020 0.000014 0.000010 0.000007 0.000004 0.000003 0.000002 0.000001 0.000001 0.000000 0.000000 0.000000 0.000000 0.000000 0.000000 0.000000 0.000000 0.000000 0.000000 0.000000 0.000000 0.000000 0.000000 0.000000 
0.000000 0.000000 0.000000 0.000000 0.000000 0.000000 0.000000 0.000000 0.000000 0.000000 0.000000 0.000000 0.000000 0.000000 0.000001 0.000001 0.000001 0.000002 0.000003 0.000005 0.000008 0.000011 0.000017 0.000024 0.000035 0.000049 0.000068 0.000094 0.000128 0.000171 0.000226 0.000294 0.000378 0.000479 0.000600 0.000740 0.000902 0.001084 0.001285 0.001502 0.001733 0.001972 0.002215 0.002453 0.002680 0.002888 0.003071 0.003221 0.003333 0.003402 0.003425 0.003402 0.003333 0.003221 0.003071 0.002888 0.002680 0.002453 0.002215 0.001972 0.001733 0.001502 0.001285 0.001084 0.000902 0.000740 0.000600 0.000479 0.000378 0.000294 0.000226 0.000171 0.000128 0.000094 0.000068 0.000049 0.000035 0.000024 0.000017 0.000011 0.000008 0.000005 0.000003 0.000002 0.000001 0.000001 0.000001 0.000000 0.000000 0.000000 0.000000 0.000000 0.000000 0.000000 0.000000 0.000000 0.000000 0.000000 0.000000 0.000000 
0.000000 0.000000 0.000000 0.000000 0.000000 0.000000 0.000000 0.000000 0.000000 0.000000 0.000000 0.000000 0.000000 0.000001 0.000001 0.000001 0.000002 0.000004 0.000006 0.000009 0.000013 0.000019 0.000029 0.000041 0.000059 0.000084 0.000117 0.000160 0.000217 0.000291 0.000384 0.000500 0.000642 0.000814 0.001018 0.001257 0.001530 0.001838 0.002178 0.002547 0.002937 0.003343 0.003752 0.004155 0.004540 0.004892 0.005201 0.005455 0.005644 0.005761 0.005800 0.005761 0.005644 0.005455 0.005201 0.004892 0.004540 0.004155 0.003752 0.003343 0.002937 0.002547 0.002178 0.001838 0.001530 0.001257 0.001018 0.000814 0.000642 0.000500 0.000384 0.000291 0.000217 0.000160 0.000117 0.000084 0.000059 0.000041 0.000029 0.000019 0.000013 0.000009 0.000006 0.000004 0.000002 0.000001 0.000001 0.000001 0.000000 0.000000 0.000000 0.000000 0.000000 0.000000 0.000000 0.000000 0.000000 0.000000 0.000000 0.000000 
0.000000 0.000000 0.000000 0.000000 0.000000 0.000000 0.000000 0.000000 0.000000 0.000000 0.000000 0.000000 0.000001 0.000001 0.000002 0.000002 0.000004 0.000006 0.000010 0.000015 0.000022 0.000033 0.000048 0.000070 0.000100 0.000141 0.000196 0.000269 0.000365 0.000488 0.000644 0.000838 0.001077 0.001365 0.001706 0.002105 0.002563 0.003078 0.003647 0.004263 0.004917 0.005594 0.006278 0.006952 0.007594 0.008183 0.008699 0.009123 0.009439 0.009633 0.009699 0.009633 0.009439 0.009123 0.008699 0.008183 0.007594 0.006952 0.006278 0.005594 0.004917 0.004263 0.003647 0.003078 0.002563 0.002105 0.001706 0.001365 0.001077 0.000838 0.000644 0.000488 0.000365 0.000269 0.000196 0.000141 0.000100 0.000070 0.000048 0.000033 0.000022 0.000015 0.000010 0.000006 0.000004 0.000002 0.000002 0.000001 0.000001 0.000000 0.000000 0.000000 0.000000 0.000000 0.000000 0.000000 0.000000 0.000000 0.000000 0.000000 
0.000000 0.000000 0.000000 0.000000 0.000000 0.000000 0.000000 0.000000 0.000000 0.000000 0.000000 0.000001 0.000001 0.000002 0.000003 0.000004 0.000007 0.000010 0.000016 0.000024 0.000037 0.000055 0.000080 0.000116 0.000166 0.000234 0.000325 0.000446 0.000605 0.000809 0.001067 0.001388 0.001783 0.002259 0.002824 0.003484 0.004240 0.005090 0.006030 0.007047 0.008126 0.009243 0.010373 0.011484 0.012543 0.013516 0.014367 0.015066 0.015586 0.015907 0.016015 0.015907 0.015586 0.015066 0.014367 0.013516 0.012543 0.011484 0.010373 0.009243 0.008126 0.007047 0.006030 0.005090 0.004240 0.003484 0.002824 0.002259 0.001783 0.001388 0.001067 0.000809 0.000605 0.000446 0.000325 0.000234 0.000166 0.000116 0.000080 0.000055 0.000037 0.000024 0.000016 0.000010 0.000007 0.000004 0.000003 0.000002 0.000001 0.000001 0.000000 0.000000 0.000000 0.000000 0.000000 0.000000 0.000000 0.000000 0.000000 0.000000 
0.000000 0.000000 0.000000 0.000000 0.000000 0.000000 0.000000 0.000000 0.000000 0.000000 0.000001 0.000001 0.000002 0.000003 0.000004 0.000007 0.000011 0.000017 0.000026 0.000040 0.000060 0.000090 0.000131 0.000190 0.000272 0.000383 0.000533 0.000731 0.000990 0.001323 0.001745 0.002270 0.002915 0.003692 0.004615 0.005691 0.006924 0.008312 0.009845 0.011503 0.013261 0.015082 0.016923 0.018734 0.020459 0.022043 0.023429 0.024568 0.025415 0.025938 0.026114 0.025938 0.025415 0.024568 0.023429 0.022043 0.020459 0.018734 0.016923 0.015082 0.013261 0.011503 0.009845 0.008312 0.006924 0.005691 0.004615 0.003692 0.002915 0.002270 0.001745 0.001323 0.000990 0.000731 0.000533 0.000383 0.000272 0.000190 0.000131 0.000090 0.000060 0.000040 0.000026 0.000017 0.000011 0.000007 0.000004 0.000003 0.000002 0.000001 0.000001 0.000000 0.000000 0.000000 0.000000 0.000000 0.000000 0.000000 0.000000 0.000000 
0.000000 0.000000 0.000000 0.000000 0.000000 0.000000 0.000000 0.000000 0.000000 0.000001 0.000001 0.000002 0.000003 0.000004 0.000007 0.000011 0.000018 0.000028 0.000043 0.000065 0.000098 0.000145 0.000213 0.000308 0.000440 0.000620 0.000862 0.001182 0.001601 0.002138 0.002819 0.003666 0.004706 0.005959 0.007446 0.009180 0.011167 0.013402 0.015869 0.018539 0.021368 0.024299 0.027261 0.030174 0.032949 0.035497 0.037727 0.039558 0.040921 0.041760 0.042044 0.041760 0.040921 0.039558 0.037727 0.035497 0.032949 0.030174 0.027261 0.024299 0.021368 0.018539 0.015869 0.013402 0.011167 0.009180 0.007446 0.005959 0.004706 0.003666 0.002819 0.002138 0.001601 0.001182 0.000862 0.000620 0.000440 0.000308 0.000213 0.000145 0.000098 0.000065 0.000043 0.000028 0.000018 0.000011 0.000007 0.000004 0.000003 0.000002 0.000001 0.000001 0.000000 0.000000 0.000000 0.000000 0.000000 0.000000 0.000000 0.000000 
0.000000 0.000000 0.000000 0.000000 0.000000 0.000000 0.000000 0.000000 0.000000 0.000001 0.000001 0.000002 0.000004 0.000007 0.000011 0.000018 0.000028 0.000044 0.000068 0.000104 0.000157 0.000233 0.000341 0.000493 0.000703 0.000990 0.001376 0.001888 0.002555 0.003411 0.004496 0.005846 0.007500 0.009496 0.011862 0.014620 0.017780 0.021334 0.025257 0.029501 0.033997 0.038654 0.043360 0.047987 0.052396 0.056441 0.059983 0.062891 0.065054 0.066388 0.066839 0.066388 0.065054 0.062891 0.059983 0.056441 0.052396 0.047987 0.043360 0.038654 0.033997 0.029501 0.025257 0.021334 0.017780 0.014620 0.011862 0.009496 0.007500 0.005846 0.004496 0.003411 0.002555 0.001888 0.001376 0.000990 0.000703 0.000493 0.000341 0.000233 0.000157 0.000104 0.000068 0.000044 0.000028 0.000018 0.000011 0.000007 0.000004 0.000002 0.000001 0.000001 0.000000 0.000000 0.000000 0.000000 0.000000 0.000000 0.000000 0.000000 
0.000000 0.000000 0.000000 0.000000 0.000000 0.000000 0.000000 0.000000 0.000001 0.000001 0.000002 0.000004 0.000007 0.000011 0.000018 0.000028 0.000045 0.000070 0.000108 0.000165 0.000248 0.000368 0.000538 0.000778 0.001110 0.001562 0.002170 0.002975 0.004025 0.005373 0.007079 0.009202 0.011803 0.014939 0.018656 0.022989 0.027951 0.033531 0.039689 0.046349 0.053405 0.060711 0.068094 0.075351 0.082265 0.088609 0.094163 0.098723 0.102114 0.104205 0.104911 0.104205 0.102114 0.098723 0.094163 0.088609 0.082265 0.075351 0.068094 0.060711 0.053405 0.046349 0.039689 0.033531 0.027951 0.022989 0.018656 0.014939 0.011803 0.009202 0.007079 0.005373 0.004025 0.002975 0.002170 0.001562 0.001110 0.000778 0.000538 0.000368 0.000248 0.000165 0.000108 0.000070 0.000045 0.000028 0.000018 0.000011 0.000007 0.000004 0.000002 0.000001 0.000001 0.000000 0.000000 0.000000 0.000000 0.000000 0.000000 0.000000 
0.000000 0.000000 0.000000 0.000000 0.000000 0.000000 0.000000 0.000001 0.000001 0.000002 0.000004 0.000006 0.000010 0.000017 0.000028 0.000044 0.000070 0.000110 0.000169 0.000257 0.000387 0.000573 0.000839 0.001212 0.001729 0.002433 0.003378 0.004629 0.006261 0.008355 0.011004 0.014300 0.018337 0.023202 0.028969 0.035689 0.043382 0.052032 0.061575 0.071896 0.082827 0.094145 0.105580 0.116819 0.127525 0.137348 0.145947 0.153005 0.158256 0.161493 0.162586 0.161493 0.158256 0.153005 0.145947 0.137348 0.127525 0.116819 0.105580 0.094145 0.082827 0.071896 0.061575 0.052032 0.043382 0.035689 0.028969 0.023202 0.018337 0.014300 0.011004 0.008355 0.006261 0.004629 0.003378 0.002433 0.001729 0.001212 0.000839 0.000573 0.000387 0.000257 0.000169 0.000110 0.000070 0.000044 0.000028 0.000017 0.000010 0.000006 0.000004 0.000002 0.000001 0.000001 0.000000 0.000000 0.000000 0.000000 0.000000 0.000000 
0.000000 0.000000 0.000000 0.000000 0.000000 0.000000 0.000001 0.000001 0.000002 0.000003 0.000006 0.000010 0.000016 0.000026 0.000043 0.000068 0.000108 0.000169 0.000261 0.000396 0.000595 0.000883 0.001292 0.001865 0.002658 0.003739 0.005191 0.007111 0.009614 0.012826 0.016887 0.021938 0.028124 0.035578 0.044409 0.054698 0.066475 0.079713 0.094316 0.110106 0.126827 0.144137 0.161622 0.178807 0.195175 0.210192 0.223336 0.234126 0.242151 0.247098 0.248769 0.247098 0.242151 0.234126 0.223336 0.210192 0.195175 0.178807 0.161622 0.144137 0.126827 0.110106 0.094316 0.079713 0.066475 0.054698 0.044409 0.035578 0.028124 0.021938 0.016887 0.012826 0.009614 0.007111 0.005191 0.003739 0.002658 0.001865 0.001292 0.000883 0.000595 0.000396 0.000261 0.000169 0.000108 0.000068 0.000043 0.000026 0.000016 0.000010 0.000006 0.000003 0.000002 0.000001 0.000001 0.000000 0.000000 0.000000 0.000000 0.000000 
0.000000 0.000000 0.000000 0.000000 0.000000 0.000001 0.000001 0.000002 0.000003 0.000005 0.000009 0.000015 0.000024 0.000040 0.000065 0.000104 0.000165 0.000257 0.000396 0.000603 0.000905 0.001342 0.001962 0.002832 0.004035 0.005674 0.007874 0.010783 0.014574 0.019437 0.025583 0.033227 0.042585 0.053856 0.067210 0.082762 0.100560 0.120563 0.142623 0.166474 0.191725 0.217863 0.244262 0.270205 0.294912 0.317577 0.337414 0.353697 0.365808 0.373273 0.375795 0.373273 0.365808 0.353697 0.337414 0.317577 0.294912 0.270205 0.244262 0.217863 0.191725 0.166474 0.142623 0.120563 0.100560 0.082762 0.067210 0.053856 0.042585 0.033227 0.025583 0.019437 0.014574 0.010783 0.007874 0.005674 0.004035 0.002832 0.001962 0.001342 0.000905 0.000603 0.000396 0.000257 0.000165 0.000104 0.000065 0.000040 0.000024 0.000015 0.000009 0.000005 0.000003 0.000002 0.000001 0.000001 0.000000 0.000000 0.000000 0.000000 
0.000000 0.000000 0.000000 0.000000 0.000000 0.000001 0.000001 0.000003 0.000004 0.000008 0.000013 0.000022 0.000037 0.000060 0.000098 0.000157 0.000248 0.000387 0.000595 0.000905 0.001359 0.002012 0.002942 0.004246 0.006047 0.008499 0.011790 0.016141 0.021808 0.029078 0.038260 0.049678 0.063653 0.080482 0.100414 0.123623 0.150178 0.180017 0.212918 0.248484 0.286133 0.325098 0.364448 0.403113 0.439933 0.473708 0.503265 0.527526 0.545570 0.556691 0.560448 0.556691 0.545570 0.527526 0.503265 0.473708 0.439933 0.403113 0.364448 0.325098 0.286133 0.248484 0.212918 0.180017 0.150178 0.123623 0.100414 0.080482 0.063653 0.049678 0.038260 0.029078 0.021808 0.016141 0.011790 0.008499 0.006047 0.004246 0.002942 0.002012 0.001359 0.000905 0.000595 0.000387 0.000248 0.000157 0.000098 0.000060 0.000037 0.000022 0.000013 0.000008 0.000004 0.000003 0.000001 0.000001 0.000000 0.000000 0.000000 0.000000 
0.000000 0.000000 0.000000 0.000000 0.000001 0.000001 0.000002 0.000004 0.000007 0.000011 0.000019 0.000033 0.000055 0.000090 0.000145 0.000233 0.000368 0.000573 0.000883 0.001342 0.002012 0.002980 0.004355 0.006282 0.008943 0.012566 0.017427 0.023850 0.032214 0.042940 0.056484 0.073321 0.093924 0.118728 0.148098 0.182290 0.221405 0.265347 0.313791 0.366150 0.421567 0.478914 0.536820 0.593712 0.647884 0.697572 0.741052 0.776739 0.803279 0.819637 0.825164 0.819637 0.803279 0.776739 0.741052 0.697572 0.647884 0.593712 0.536820 0.478914 0.421567 0.366150 0.313791 0.265347 0.221405 0.182290 0.148098 0.118728 0.093924 0.073321 0.056484 0.042940 0.032214 0.023850 0.017427 0.012566 0.008943 0.006282 0.004355 0.002980 0.002012 0.001342 0.000883 0.000573 0.000368 0.000233 0.000145 0.000090 0.000055 0.000033 0.000019 0.000011 0.000007 0.000004 0.000002 0.000001 0.000001 0.000000 0.000000 0.000000 
0.000000 0.000000 0.000000 0.000001 0.000001 0.000002 0.000003 0.000006 0.000010 0.000017 0.000029 0.000048 0.000080 0.000131 0.000213 0.000341 0.000538 0.000839 0.001292 0.001962 0.002942 0.004355 0.006362 0.009174 0.013056 0.018340 0.025425 0.034786 0.046971 0.062593 0.082314 0.106824 0.136808 0.172897 0.215621 0.265349 0.322225 0.386109 0.456524 0.532620 0.613147 0.696469 0.780593 0.863236 0.941919 1.014084 1.077230 1.129054 1.167594 1.191348 1.199373 1.191348 1.167594 1.129054 1.077230 1.014084 0.941919 0.863236 0.780593 0.696469 0.613147 0.532620 0.456524 0.386109 0.322225 0.265349 0.215621 0.172897 0.136808 0.106824 0.082314 0.062593 0.046971 0.034786 0.025425 0.018340 0.013056 0.009174 0.006362 0.004355 0.002942 0.001962 0.001292 0.000839 0.000538 0.000341 0.000213 0.000131 0.000080 0.000048 0.000029 0.000017 0.000010 0.000006 0.000003 0.000002 0.000001 0.000000 0.000000 0.000000 
0.000000 0.000000 0.000000 0.000001 0.000001 0.000003 0.000005 0.000008 0.000014 0.000024 0.000041 0.000070 0.000116 0.000190 0.000308 0.000493 0.000778 0.001212 0.001865 0.002832 0.004246 0.006282 0.009174 0.013224 0.018814 0.026419 0.036614 0.050081 0.067604 0.090063 0.118408 0.153629 0.196704 0.248538 0.309890 0.381284 0.462924 0.554609 0.655651 0.764826 0.880344 0.999856 1.120504 1.239017 1.351841 1.455310 1.545842 1.620139 1.675389 1.709441 1.720945 1.709441 1.675389 1.620139 1.545842 1.455310 1.351841 1.239017 1.120504 0.999856 0.880344 0.764826 0.655651 0.554609 0.462924 0.381284 0.309890 0.248538 0.196704 0.153629 0.118408 0.090063 0.067604 0.050081 0.036614 0.026419 0.018814 0.013224 0.009174 0.006282 0.004246 0.002832 0.001865 0.001212 0.000778 0.000493 0.000308 0.000190 0.000116 0.000070 0.000041 0.000024 0.000014 0.000008 0.000005 0.000003 0.000001 0.000001 0.000000 0.000000 
0.000000 0.000000 0.000001 0.000001 0.000002 0.000004 0.000007 0.000012 0.000020 0.000035 0.000059 0.000100 0.000166 0.000272 0.000440 0.000703 0.001110 0.001729 0.002658 0.004035 0.006047 0.008943 0.013056 0.018814 0.026759 0.037564 0.052044 0.071165 0.096040 0.127912 0.168128 0.218087 0.279172 0.352663 0.439629 0.540811 0.656494 0.786387 0.929514 1.084140 1.247727 1.416949 1.587761 1.755534 1.915239 2.061693 2.189826 2.294977 2.373167 2.421357 2.437637 2.421357 2.373167 2.294977 2.189826 2.061693 1.915239 1.755534 1.587761 1.416949 1.247727 1.084140 0.929514 0.786387 0.656494 0.540811 0.439629 0.352663 0.279172 0.218087 0.168128 0.127912 0.096040 0.071165 0.052044 0.037564 0.026759 0.018814 0.013056 0.008943 0.006047 0.004035 0.002658 0.001729 0.001110 0.000703 0.000440 0.000272 0.000166 0.000100 0.000059 0.000035 0.000020 0.000012 0.000007 0.000004 0.000002 0.000001 0.000000 0.000000 
0.000000 0.000000 0.000001 0.000002 0.000003 0.000005 0.000009 0.000016 0.000028 0.000049 0.000084 0.000141 0.000234 0.000383 0.000620 0.000990 0.001562 0.002433 0.003739 0.005674 0.008499 0.012566 0.018340 0.026419 0.037564 0.052716 0.073016 0.099815 0.134668 0.179314 0.235635 0.305583 0.391091 0.493944 0.615631 0.757183 0.918993 1.100649 1.300783 1.516966 1.745647 1.982177 2.220905 2.455363 2.678529 2.883163 3.062188 3.209095 3.318333 3.385655 3.408399 3.385655 3.318333 3.209095 3.062188 2.883163 2.678529 2.455363 2.220905 1.982177 1.745647 1.516966 1.300783 1.100649 0.918993 0.757183 0.615631 0.493944 0.391091 0.305583 0.235635 0.179314 0.134668 0.099815 0.073016 0.052716 0.037564 0.026419 0.018340 0.012566 0.008499 0.005674 0.003739 0.002433 0.001562 0.000990 0.000620 0.000383 0.000234 0.000141 0.000084 0.000049 0.000028 0.000016 0.000009 0.000005 0.000003 0.000001 0.000001 0.000000 
0.000000 0.000000 0.000001 0.000002 0.000004 0.000007 0.000013 0.000023 0.000040 0.000068 0.000117 0.000196 0.000325 0.000533 0.000862 0.001376 0.002170 0.003378 0.005191 0.007874 0.011790 0.017427 0.025425 0.036614 0.052044 0.073016 0.101106 0.138178 0.186380 0.248111 0.325964 0.422635 0.540783 0.682868 0.850941 1.046415 1.269826 1.520599 1.796841 2.095193 2.410755 2.737112 3.066469 3.389904 3.697738 3.979989 4.226905 4.429514 4.580164 4.673008 4.704373 4.673008 4.580164 4.429514 4.226905 3.979989 3.697738 3.389904 3.066469 2.737112 2.410755 2.095193 1.796841 1.520599 1.269826 1.046415 0.850941 0.682868 0.540783 0.422635 0.325964 0.248111 0.186380 0.138178 0.101106 0.073016 0.052044 0.036614 0.025425 0.017427 0.011790 0.007874 0.005191 0.003378 0.002170 0.001376 0.000862 0.000533 0.000325 0.000196 0.000117 0.000068 0.000040 0.000023 0.000013 0.000007 0.000004 0.000002 0.000001 0.000000 
0.000000 0.000001 0.000001 0.000003 0.000005 0.000010 0.000018 0.000031 0.000055 0.000094 0.000160 0.000269 0.000446 0.000731 0.001182 0.001888 0.002975 0.004629 0.007111 0.010783 0.016141 0.023850 0.034786 0.050081 0.071165 0.099815 0.138178 0.188797 0.254594 0.338839 0.445064 0.576934 0.738069 0.931813 1.160951 1.427400 1.731880 2.073599 2.449971 2.856415 3.286252 3.730746 4.179281 4.619714 5.038870 5.423167 5.759336 6.035169 6.240260 6.366651 6.409348 6.366651 6.240260 6.035169 5.759336 5.423167 5.038870 4.619714 4.179281 3.730746 3.286252 2.856415 2.449971 2.073599 1.731880 1.427400 1.160951 0.931813 0.738069 0.576934 0.445064 0.338839 0.254594 0.188797 0.138178 0.099815 0.071165 0.050081 0.034786 0.023850 0.016141 0.010783 0.007111 0.004629 0.002975 0.001888 0.001182 0.000731 0.000446 0.000269 0.000160 0.000094 0.000055 0.000031 0.000018 0.000010 0.000005 0.000003 0.000001 0.000000 
0.000000 0.000001 0.000002 0.000004 0.000007 0.000013 0.000024 0.000042 0.000074 0.000128 0.000217 0.000365 0.000605 0.000990 0.001601 0.002555 0.004025 0.006261 0.009614 0.014574 0.021808 0.032214 0.046971 0.067604 0.096040 0.134668 0.186380 0.254594 0.343243 0.456720 0.599773 0.777326 0.994240 1.255002 1.563346 1.921840 2.331440 2.791068 3.297237 3.843781 4.421717 5.019296 5.622252 6.214268 6.777643 7.294133 7.745916 8.116597 8.392202 8.562045 8.619421 8.562045 8.392202 8.116597 7.745916 7.294133 6.777643 6.214268 5.622252 5.019296 4.421717 3.843781 3.297237 2.791068 2.331440 1.921840 1.563346 1.255002 0.994240 0.777326 0.599773 0.456720 0.343243 0.254594 0.186380 0.134668 0.096040 0.067604 0.046971 0.032214 0.021808 0.014574 0.009614 0.006261 0.004025 0.002555 0.001601 0.000990 0.000605 0.000365 0.000217 0.000128 0.000074 0.000042 0.000024 0.000013 0.000007 0.000004 0.000002 0.000000 
0.000000 0.000001 0.000003 0.000005 0.000010 0.000018 0.000032 0.000057 0.000099 0.000171 0.000291 0.000488 0.000809 0.001323 0.002138 0.003411 0.005373 0.008355 0.012826 0.019437 0.029078 0.042940 0.062593 0.090063 0.127912 0.179314 0.248111 0.338839 0.456720 0.607585 0.797730 1.033685 1.321896 1.668303 2.077853 2.553937 3.097810 3.708026 4.379945 5.105374 5.872385 6.665388 7.465454 8.250942 8.998377 9.683569 10.282887 10.774600 11.140182 11.365469 11.441575 11.365469 11.140182 10.774600 10.282887 9.683569 8.998377 8.250942 7.465454 6.665388 5.872385 5.105374 4.379945 3.708026 3.097810 2.553937 2.077853 1.668303 1.321896 1.033685 0.797730 0.607585 0.456720 0.338839 0.248111 0.179314 0.127912 0.090063 0.062593 0.042940 0.029078 0.019437 0.012826 0.008355 0.005373 0.003411 0.002138 0.001323 0.000809 0.000488 0.000291 0.000171 0.000099 0.000057 0.000032 0.000018 0.000010 0.000005 0.000002 0.000000 
0.000000 0.000001 0.000004 0.000007 0.000013 0.000024 0.000043 0.000075 0.000131 0.000226 0.000384 0.000644 0.001067 0.001745 0.002819 0.004496 0.007079 0.011004 0.016887 0.025583 0.038260 0.056484 0.082314 0.118408 0.168128 0.235635 0.325964 0.445064 0.599773 0.797730 1.047178 1.356667 1.734628 2.188832 2.725740 3.349779 4.062573 4.862210 5.742596 6.692984 7.697746 8.736457 9.784332 10.813034 11.791836 12.689077 13.473831 14.117662 14.596327 14.891296 14.990940 14.891296 14.596327 14.117662 13.473831 12.689077 11.791836 10.813034 9.784332 8.736457 7.697746 6.692984 5.742596 4.862210 4.062573 3.349779 2.725740 2.188832 1.734628 1.356667 1.047178 0.797730 0.599773 0.445064 0.325964 0.235635 0.168128 0.118408 0.082314 0.056484 0.038260 0.025583 0.016887 0.011004 0.007079 0.004496 0.002819 0.001745 0.001067 0.000644 0.000384 0.000226 0.000131 0.000075 0.000043 0.000024 0.000013 0.000007 0.000003 0.000000 
0.000000 0.000002 0.000005 0.000009 0.000017 0.000031 0.000056 0.000098 0.000171 0.000294 0.000500 0.000838 0.001388 0.002270 0.003666 0.005846 0.009202 0.014300 0.021938 0.033227 0.049678 0.073321 0.106824 0.153629 0.218087 0.305583 0.422635 0.576934 0.777326 1.033685 1.356667 1.757317 2.246523 2.834318 3.529037 4.336380 5.258425 6.292676 7.431236 8.660192 9.959332 11.302245 12.656897 13.986667 15.251852 16.411550 17.425812 18.257906 18.876521 19.257725 19.386499 19.257725 18.876521 18.257906 17.425812 16.411550 15.251852 13.986667 12.656897 11.302245 9.959332 8.660192 7.431236 6.292676 5.258425 4.336380 3.529037 2.834318 2.246523 1.757317 1.356667 1.033685 0.777326 0.576934 0.422635 0.305583 0.218087 0.153629 0.106824 0.073321 0.049678 0.033227 0.021938 0.014300 0.009202 0.005846 0.003666 0.002270 0.001388 0.000838 0.000500 0.000294 0.000171 0.000098 0.000055 0.000031 0.000017 0.000009 0.000004 0.000000 
0.000000 0.000003 0.000006 0.000012 0.000022 0.000040 0.000071 0.000126 0.000220 0.000378 0.000642 0.001077 0.001783 0.002915 0.004706 0.007500 0.011803 0.018337 0.028124 0.042585 0.063653 0.093924 0.136808 0.196704 0.279172 0.391091 0.540783 0.738069 0.994240 1.321896 1.734628 2.246523 2.871463 3.622230 4.509440 5.540337 6.717546 8.037856 9.491163 11.059695 12.717648 14.431318 16.159833 17.856483 19.470633 20.950125 22.244020 23.305486 24.094607 24.580871 24.745135 24.580871 24.094607 23.305486 22.244020 20.950125 19.470633 17.856483 16.159833 14.431318 12.717648 11.059695 9.491163 8.037856 6.717546 5.540337 4.509440 3.622230 2.871463 2.246523 1.734628 1.321896 0.994240 0.738069 0.540783 0.391091 0.279172 0.196704 0.136808 0.093924 0.063653 0.042585 0.028124 0.018337 0.011803 0.007500 0.004706 0.002915 0.001783 0.001077 0.000642 0.000378 0.000220 0.000126 0.000071 0.000040 0.000022 0.000011 0.000005 0.000000 
0.000000 0.000003 0.000008 0.000015 0.000028 0.000051 0.000091 0.000160 0.000279 0.000479 0.000814 0.001365 0.002259 0.003692 0.005959 0.009496 0.014939 0.023202 0.035578 0.053856 0.080482 0.118728 0.172897 0.248538 0.352663 0.493944 0.682868 0.931813 1.255002 1.668303 2.188832 2.834318 3.622230 4.568646 5.686907 6.986108 8.469521 10.133068 11.963995 13.939895 16.028252 18.186616 20.363519 22.500153 24.532777 26.395741 28.024937 29.361430 30.354988 30.967219 31.174033 30.967219 30.354988 29.361430 28.024937 26.395741 24.532777 22.500153 20.363519 18.186616 16.028252 13.939895 11.963995 10.133068 8.469521 6.986108 5.686907 4.568646 3.622230 2.834318 2.188832 1.668303 1.255002 0.931813 0.682868 0.493944 0.352663 0.248538 0.172897 0.118728 0.080482 0.053856 0.035578 0.023202 0.014939 0.009496 0.005959 0.003692 0.002259 0.001365 0.000814 0.000479 0.000279 0.000160 0.000091 0.000051 0.000028 0.000014 0.000006 0.000000 
0.000000 0.000004 0.000010 0.000019 0.000035 0.000064 0.000114 0.000200 0.000349 0.000600 0.001018 0.001706 0.002824 0.004615 0.007446 0.011862 0.018656 0.028969 0.044409 0.067210 0.100414 0.148098 0.215621 0.309890 0.439629 0.615631 0.850941 1.160951 1.563346 2.077853 2.725740 3.529037 4.509440 5.686907 7.077993 8.693966 10.538855 12.607552 14.884166 17.340820 19.937074 22.620157 25.326099 27.981823 30.508133 32.823470 34.848197 36.509108 37.743813 38.504626 38.761630 38.504626 37.743813 36.509108 34.848197 32.823470 30.508133 27.981823 25.326099 22.620157 19.937074 17.340820 14.884166 12.607552 10.538855 8.693966 7.077993 5.686907 4.509440 3.529037 2.725740 2.077853 1.563346 1.160951 0.850941 0.615631 0.439629 0.309890 0.215621 0.148098 0.100414 0.067210 0.044409 0.028969 0.018656 0.011862 0.007446 0.004615 0.002824 0.001706 0.001018 0.000600 0.000349 0.000200 0.000114 0.000063 0.000034 0.000018 0.000007 0.000000 
0.000000 0.000005 0.000012 0.000023 0.000043 0.000079 0.000140 0.000248 0.000431 0.000740 0.001257 0.002105 0.003484 0.005691 0.009180 0.014620 0.022989 0.035689 0.054698 0.082762 0.123623 0.182290 0.265349 0.381284 0.540811 0.757183 1.046415 1.427400 1.921840 2.553937 3.349779 4.336380 5.540337 6.986108 8.693966 10.677695 12.942191 15.481144 18.275019 21.289578 24.475190 27.767105 31.086852 34.344802 37.443836 40.283946 42.767489 44.804715 46.319135 47.252294 47.567514 47.252294 46.319135 44.804715 42.767489 40.283946 37.443836 34.344802 31.086852 27.767105 24.475190 21.289578 18.275019 15.481144 12.942191 10.677695 8.693966 6.986108 5.540337 4.336380 3.349779 2.553937 1.921840 1.427400 1.046415 0.757183 0.540811 0.381284 0.265349 0.182290 0.123623 0.082762 0.054698 0.035689 0.022989 0.014620 0.009180 0.005691 0.003484 0.002105 0.001257 0.000740 0.000431 0.000248 0.000140 0.000078 0.000043 0.000022 0.000009 0.000000 
0.000000 0.000006 0.000015 0.000028 0.000053 0.000096 0.000171 0.000302 0.000525 0.000902 0.001530 0.002563 0.004240 0.006924 0.011167 0.017780 0.027951 0.043382 0.066475 0.100560 0.150178 0.221405 0.322225 0.462924 0.656494 0.918993 1.269826 1.731880 2.331440 3.097810 4.062573 5.258425 6.717546 8.469521 10.538855 12.942191 15.685408 18.760815 22.144709 25.795600 29.653364 33.639593 37.659281 41.603931 45.355991 48.794429 51.801081 54.267341 56.100658 57.230299 57.611888 57.230299 56.100658 54.267341 51.801081 48.794429 45.355991 41.603931 37.659281 33.639593 29.653364 25.795600 22.144709 18.760815 15.685408 12.942191 10.538855 8.469521 6.717546 5.258425 4.062573 3.097810 2.331440 1.731880 1.269826 0.918993 0.656494 0.462924 0.322225 0.221405 0.150178 0.100560 0.066475 0.043382 0.027951 0.017780 0.011167 0.006924 0.004240 0.002563 0.001530 0.000902 0.000525 0.000302 0.000171 0.000095 0.000052 0.000027 0.000011 0.000000 
0.000000 0.000007 0.000017 0.000034 0.000064 0.000115 0.000206 0.000363 0.000631 0.001084 0.001838 0.003078 0.005090 0.008312 0.013402 0.021334 0.033531 0.052032 0.079713 0.120563 0.180017 0.265347 0.386109 0.554609 0.786387 1.100649 1.520599 2.073599 2.791068 3.708026 4.862210 6.292676 8.037856 10.133068 12.607552 15.481144 18.760815 22.437314 26.482268 30.846048 35.456781 40.220754 45.024444 49.738223 54.221665 58.330196 61.922681 64.869408 67.059842 68.409513 68.865424 68.409513 67.059842 64.869408 61.922681 58.330196 54.221665 49.738223 45.024444 40.220754 35.456781 30.846048 26.482268 22.437314 18.760815 15.481144 12.607552 10.133068 8.037856 6.292676 4.862210 3.708026 2.791068 2.073599 1.520599 1.100649 0.786387 0.554609 0.386109 0.265347 0.180017 0.120563 0.079713 0.052032 0.033531 0.021334 0.013402 0.008312 0.005090 0.003078 0.001838 0.001084 0.000631 0.000363 0.000206 0.000115 0.000063 0.000032 0.000014 0.000000 
0.000000 0.000009 0.000021 0.000041 0.000075 0.000137 0.000244 0.000430 0.000748 0.001285 0.002178 0.003647 0.006030 0.009845 0.015869 0.025257 0.039689 0.061575 0.094316 0.142623 0.212918 0.313791 0.456524 0.655651 0.929514 1.300783 1.796841 2.449971 3.297237 4.379945 5.742596 7.431236 9.491163 11.963995 14.884166 18.275019 22.144709 26.482268 31.254171 36.401843 41.840481 47.459550 53.125168 58.684486 63.971934 68.817071 73.053519 76.528373 79.111343 80.702863 81.240466 80.702863 79.111343 76.528373 73.053519 68.817071 63.971934 58.684486 53.125168 47.459550 41.840481 36.401843 31.254171 26.482268 22.144709 18.275019 14.884166 11.963995 9.491163 7.431236 5.742596 4.379945 3.297237 2.449971 1.796841 1.300783 0.929514 0.655651 0.456524 0.313791 0.212918 0.142623 0.094316 0.061575 0.039689 0.025257 0.015869 0.009845 0.006030 0.003647 0.002178 0.001285 0.000748 0.000430 0.000244 0.000136 0.000074 0.000038 0.000016 0.000000 
0.000000 0.000010 0.000024 0.000048 0.000088 0.000160 0.000286 0.000503 0.000875 0.001502 0.002547 0.004263 0.007047 0.011503 0.018539 0.029501 0.046349 0.071896 0.110106 0.166474 0.248484 0.366150 0.532620 0.764826 1.084140 1.516966 2.095193 2.856415 3.843781 5.105374 6.692984 8.660192 11.059695 13.939895 17.340820 21.289578 25.795600 30.846048 36.401843 42.394751 48.726029 55.267003 61.861847 68.332679 74.486837 80.125998 85.056586 89.100708 92.106785 93.958985 94.584641 93.958985 92.106785 89.100708 85.056586 80.125998 74.486837 68.332679 61.861847 55.267003 48.726029 42.394751 36.401843 30.846048 25.795600 21.289578 17.340820 13.939895 11.059695 8.660192 6.692984 5.105374 3.843781 2.856415 2.095193 1.516966 1.084140 0.764826 0.532620 0.366150 0.248484 0.166474 0.110106 0.071896 0.046349 0.029501 0.018539 0.011503 0.007047 0.004263 0.002547 0.001502 0.000875 0.000503 0.000285 0.000159 0.000087 0.000045 0.000019 0.000000 
0.000000 0.000012 0.000028 0.000055 0.000102 0.000185 0.000330 0.000581 0.001010 0.001733 0.002937 0.004917 0.008126 0.013261 0.021368 0.033997 0.053405 0.082827 0.126827 0.191725 0.286133 0.421567 0.613147 0.880344 1.247727 1.745647 2.410755 3.286252 4.421717 5.872385 7.697746 9.959332 12.717648 16.028252 19.937074 24.475190 29.653364 35.456781 41.840481 48.726029 55.999959 63.514438 71.090473 78.523755 85.593019 92.070520 97.733969 102.379101 105.831871 107.959281 108.677896 107.959281 105.831871 102.379101 97.733969 92.070520 85.593019 78.523755 71.090473 63.514438 55.999959 48.726029 41.840481 35.456781 29.653364 24.475190 19.937074 16.028252 12.717648 9.959332 7.697746 5.872385 4.421717 3.286252 2.410755 1.745647 1.247727 0.880344 0.613147 0.421567 0.286133 0.191725 0.126827 0.082827 0.053405 0.033997 0.021368 0.013261 0.008126 0.004917 0.002937 0.001733 0.001010 0.000581 0.000330 0.000184 0.000100 0.000052 0.000022 0.000000 
0.000000 0.000013 0.000032 0.000063 0.000116 0.000211 0.000376 0.000661 0.001149 0.001972 0.003343 0.005594 0.009243 0.015082 0.024299 0.038654 0.060711 0.094145 0.144137 0.217863 0.325098 0.478914 0.696469 0.999856 1.416949 1.982177 2.737112 3.730746 5.019296 6.665388 8.736457 11.302245 14.431318 18.186616 22.620157 27.767105 33.639593 40.220754 47.459550 55.267003 63.514438 72.034241 80.623493 89.050603 97.064779 104.407898 110.828039 116.093712 120.007684 122.419241 123.233834 122.419241 120.007684 116.093712 110.828039 104.407898 97.064779 89.050603 80.623493 72.034241 63.514438 55.267003 47.459550 40.220754 33.639593 27.767105 22.620157 18.186616 14.431318 11.302245 8.736457 6.665388 5.019296 3.730746 2.737112 1.982177 1.416949 0.999856 0.696469 0.478914 0.325098 0.217863 0.144137 0.094145 0.060711 0.038654 0.024299 0.015082 0.009243 0.005594 0.003343 0.001972 0.001149 0.000661 0.000375 0.000210 0.000114 0.000059 0.000025 0.000000 
0.000000 0.000015 0.000036 0.000070 0.000131 0.000237 0.000422 0.000743 0.001291 0.002215 0.003752 0.006278 0.010373 0.016923 0.027261 0.043360 0.068094 0.105580 0.161622 0.244262 0.364448 0.536820 0.780593 1.120504 1.587761 2.220905 3.066469 4.179281 5.622252 7.465454 9.784332 12.656897 16.159833 20.363519 25.326099 31.086852 37.659281 45.024444 53.125168 61.861847 71.090473 80.623493 90.233880 99.662551 108.628962 116.844388 124.027050 129.918036 134.296749 136.994631 137.905938 136.994631 134.296749 129.918036 124.027050 116.844388 108.628962 99.662551 90.233880 80.623493 71.090473 61.861847 53.125168 45.024444 37.659281 31.086852 25.326099 20.363519 16.159833 12.656897 9.784332 7.465454 5.622252 4.179281 3.066469 2.220905 1.587761 1.120504 0.780593 0.536820 0.364448 0.244262 0.161622 0.105580 0.068094 0.043360 0.027261 0.016923 0.010373 0.006278 0.003752 0.002214 0.001290 0.000742 0.000421 0.000236 0.000128 0.000066 0.000028 0.000000 
