0.000000 0.000000 0.000000 0.000000 0.000000 0.000000 0.000000 0.000000 0.000000 0.000000 0.000000 0.000000 0.000000 0.000000 0.000000 0.000000 0.000000 0.000000 0.000000 0.000000 0.000000 0.000000 0.000000 0.000000 0.000000 0.000000 0.000000 0.000000 0.000000 0.000000 0.000000 0.000000 0.000000 0.000000 0.000000 0.000000 0.000000 0.000000 0.000000 0.000000 0.000000 0.000000 0.000000 0.000000 0.000000 0.000000 0.000000 0.000000 0.000000 0.000000 0.000000 0.000000 0.000000 0.000000 0.000000 0.000000 0.000000 0.000000 0.000000 0.000000 0.000000 0.000000 0.000000 0.000000 0.000000 0.000000 0.000000 0.000000 0.000000 0.000000 0.000000 0.000000 0.000000 0.000000 0.000000 0.000000 0.000000 0.000000 0.000000 0.000000 0.000000 0.000000 0.000000 0.000000 0.000000 0.000000 0.000000 0.000000 0.000000 0.000000 0.000000 0.000000 0.000000 0.000000 0.000000 0.000000 0.000000 0.000000 0.000000 0.000000 
0.000000 0.000000 0.000000 0.000000 0.000000 0.000000 0.000000 0.000000 0.000000 0.000000 0.000000 0.000000 0.000000 0.000000 0.000000 0.000000 0.000000 0.000000 0.000000 0.000000 0.000000 0.000000 0.000000 0.000000 0.000000 0.000000 0.000000 0.000000 0.000000 0.000000 0.000001 0.000001 0.000001 0.000001 0.000002 0.000002 0.000003 0.000003 0.000004 0.000005 0.000006 0.000007 0.000007 0.000008 0.000009 0.000010 0.000010 0.000011 0.000011 0.000012 0.000012 0.000012 0.000011 0.000011 0.000010 0.000010 0.000009 0.000008 0.000007 0.000007 0.000006 0.000005 0.000004 0.000003 0.000003 0.000002 0.000002 0.000001 0.000001 0.000001 0.000001 0.000000 0.000000 0.000000 0.000000 0.000000 0.000000 0.000000 0.000000 0.000000 0.000000 0.000000 0.000000 0.000000 0.000000 0.000000 0.000000 0.000000 0.000000 0.000000 0.000000 0.000000 0.000000 0.000000 0.000000 0.000000 0.000000 0.000000 0.000000 0.000000 
0.000000 0.000000 0.000000 0.000000 0.000000 0.000000 0.000000 0.000000 0.000000 0.000000 0.000000 0.000000 0.000000 0.000000 0.000000 0.000000 0.000000 0.000000 0.000000 0.000000 0.000000 0.000000 0.000000 0.000000 0.000000 0.000000 0.000000 0.000001 0.000001 0.000001 0.000002 0.000002 0.000003 0.000004 0.000004 0.000006 0.000007 0.000008 0.000010 0.000012 0.000014 0.000016 0.000018 0.000020 0.000022 0.000024 0.000025 0.000027 0.000028 0.000028 0.000028 0.000028 0.000028 0.000027 0.000025 0.000024 0.000022 0.000020 0.000018 0.000016 0.000014 0.000012 0.000010 0.000008 0.000007 0.000006 0.000004 0.000004 0.000003 0.000002 0.000002 0.000001 0.000001 0.000001 0.000000 0.000000 0.000000 0.000000 0.000000 0.000000 0.000000 0.000000 0.000000 0.000000 0.000000 0.000000 0.000000 0.000000 0.000000 0.000000 0.000000 0.000000 0.000000 0.000000 0.000000 0.000000 0.000000 0.000000 0.000000 0.000000 
0.000000 0.000000 0.000000 0.000000 0.000000 0.000000 0.000000 0.000000 0.000000 0.000000 0.000000 0.000000 0.000000 0.000000 0.000000 0.000000 0.000000 0.000000 0.000000 0.000000 0.000000 0.000000 0.000000 0.000000 0.000000 0.000001 0.000001 0.000001 0.000002 0.000002 0.000003 0.000004 0.000005 0.000007 0.000009 0.000011 0.000014 0.000017 0.000020 0.000024 0.000028 0.000032 0.000036 0.000040 0.000044 0.000047 0.000051 0.000053 0.000055 0.000057 0.000057 0.000057 0.000055 0.000053 0.000051 0.000047 0.000044 0.000040 0.000036 0.000032 0.000028 0.000024 0.000020 0.000017 0.000014 0.000011 0.000009 0.000007 0.000005 0.000004 0.000003 0.000002 0.000002 0.000001 0.000001 0.000001 0.000000 0.000000 0.000000 0.000000 0.000000 0.000000 0.000000 0.000000 0.000000 0.000000 0.000000 0.000000 0.000000 0.000000 0.000000 0.000000 0.000000 0.000000 0.000000 0.000000 0.000000 0.000000 0.000000 0.000000 
0.000000 0.000000 0.000000 0.000000 0.000000 0.000000 0.000000 0.000000 0.000000 0.000000 0.000000 0.000000 0.000000 0.000000 0.000000 0.000000 0.000000 0.000000 0.000000 0.000000 0.000000 0.000000 0.000000 0.000001 0.000001 0.000001 0.000002 0.000002 0.000003 0.000004 0.000006 0.000008 0.000010 0.000013 0.000017 0.000021 0.000026 0.000032 0.000038 0.000045 0.000053 0.000060 0.000068 0.000076 0.000083 0.000090 0.000096 0.000101 0.000105 0.000108 0.000108 0.000108 0.000105 0.000101 0.000096 0.000090 0.000083 0.000076 0.000068 0.000060 0.000053 0.000045 0.000038 0.000032 0.000026 0.000021 0.000017 0.000013 0.000010 0.000008 0.000006 0.000004 0.000003 0.000002 0.000002 0.000001 0.000001 0.000001 0.000000 0.000000 0.000000 0.000000 0.000000 0.000000 0.000000 0.000000 0.000000 0.000000 0.000000 0.000000 0.000000 0.000000 0.000000 0.000000 0.000000 0.000000 0.000000 0.000000 0.000000 0.000000 
0.000000 0.000000 0.000000 0.000000 0.000000 0.000000 0.000000 0.000000 0.000000 0.000000 0.000000 0.000000 0.000000 0.000000 0.000000 0.000000 0.000000 0.000000 0.000000 0.000000 0.000000 0.000000 0.000001 0.000001 0.000002 0.000002 0.000003 0.000004 0.000006 0.000008 0.000011 0.000015 0.000020 0.000025 0.000032 0.000040 0.000049 0.000060 0.000071 0.000084 0.000098 0.000112 0.000127 0.000141 0.000155 0.000168 0.000180 0.000189 0.000196 0.000200 0.000202 0.000200 0.000196 0.000189 0.000180 0.000168 0.000155 0.000141 0.000127 0.000112 0.000098 0.000084 0.000071 0.000060 0.000049 0.000040 0.000032 0.000025 0.000020 0.000015 0.000011 0.000008 0.000006 0.000004 0.000003 0.000002 0.000002 0.000001 0.000001 0.000000 0.000000 0.000000 0.000000 0.000000 0.000000 0.000000 0.000000 0.000000 0.000000 0.000000 0.000000 0.000000 0.000000 0.000000 0.000000 0.000000 0.000000 0.000000 0.000000 0.000000 
0.000000 0.000000 0.000000 0.000000 0.000000 0.000000 0.000000 0.000000 0.000000 0.000000 0.000000 0.000000 0.000000 0.000000 0.000000 0.000000 0.000000 0.000000 0.000000 0.000000 0.000001 0.000001 0.000001 0.000002 0.000003 0.000004 0.000006 0.000008 0.000011 0.000015 0.000021 0.000027 0.000036 0.000046 0.000058 0.000073 0.000090 0.000109 0.000131 0.000154 0.000180 0.000206 0.000233 0.000259 0.000285 0.000308 0.000329 0.000346 0.000359 0.000366 0.000369 0.000366 0.000359 0.000346 0.000329 0.000308 0.000285 0.000259 0.000233 0.000206 0.000180 0.000154 0.000131 0.000109 0.000090 0.000073 0.000058 0.000046 0.000036 0.000027 0.000021 0.000015 0.000011 0.000008 0.000006 0.000004 0.000003 0.000002 0.000001 0.000001 0.000001 0.000000 0.000000 0.000000 0.000000 0.000000 0.000000 0.000000 0.000000 0.000000 0.000000 0.000000 0.000000 0.000000 0.000000 0.000000 0.000000 0.000000 0.000000 0.000000 
0.000000 0.000000 0.000000 0.000000 0.000000 0.000000 0.000000 0.000000 0.000000 0.000000 0.000000 0.000000 0.000000 0.000000 0.000000 0.000000 0.000000 0.000000 0.000000 0.000001 0.000001 0.000002 0.000002 0.000004 0.000005 0.000008 0.000011 0.000015 0.000021 0.000028 0.000038 0.000050 0.000065 0.000084 0.000106 0.000132 0.000163 0.000198 0.000237 0.000279 0.000325 0.000372 0.000421 0.000469 0.000515 0.000557 0.000594 0.000625 0.000648 0.000662 0.000667 0.000662 0.000648 0.000625 0.000594 0.000557 0.000515 0.000469 0.000421 0.000372 0.000325 0.000279 0.000237 0.000198 0.000163 0.000132 0.000106 0.000084 0.000065 0.000050 0.000038 0.000028 0.000021 0.000015 0.000011 0.000008 0.000005 0.000004 0.000002 0.000002 0.000001 0.000001 0.000000 0.000000 0.000000 0.000000 0.000000 0.000000 0.000000 0.000000 0.000000 0.000000 0.000000 0.000000 0.000000 0.000000 0.000000 0.000000 0.000000 0.000000 
0.000000 0.000000 0.000000 0.000000 0.000000 0.000000 0.000000 0.000000 0.000000 0.000000 0.000000 0.000000 0.000000 0.000000 0.000000 0.000000 0.000000 0.000001 0.000001 0.000001 0.000002 0.000003 0.000004 0.000006 0.000009 0.000014 0.000019 0.000027 0.000037 0.000050 0.000068 0.000089 0.000116 0.000150 0.000189 0.000237 0.000291 0.000353 0.000423 0.000499 0.000580 0.000665 0.000751 0.000836 0.000918 0.000994 0.001060 0.001115 0.001156 0.001181 0.001189 0.001181 0.001156 0.001115 0.001060 0.000994 0.000918 0.000836 0.000751 0.000665 0.000580 0.000499 0.000423 0.000353 0.000291 0.000237 0.000189 0.000150 0.000116 0.000089 0.000068 0.000050 0.000037 0.000027 0.000019 0.000014 0.000009 0.000006 0.000004 0.000003 0.000002 0.000001 0.000001 0.000001 0.000000 0.000000 0.000000 0.000000 0.000000 0.000000 0.000000 0.000000 0.000000 0.000000 0.000000 0.000000 0.000000 0.000000 0.000000 0.000000 
0.000000 0.000000 0.000000 0.000000 0.000000 0.000000 0.000000 0.000000 0.000000 0.000000 0.000000 0.000000 0.000000 0.000000 0.000000 0.000000 0.000001 0.000001 0.000001 0.000002 0.000003 0.000005 0.000008 0.000011 0.000017 0.000024 0.000034 0.000048 0.000066 0.000089 0.000119 0.000158 0.000206 0.000264 0.000334 0.000417 0.000514 0.000623 0.000745 0.000879 0.001022 0.001171 0.001322 0.001473 0.001617 0.001749 0.001866 0.001962 0.002034 0.002078 0.002093 0.002078 0.002034 0.001962 0.001866 0.001749 0.001617 0.001473 0.001322 0.001171 0.001022 0.000879 0.000745 0.000623 0.000514 0.000417 0.000334 0.000264 0.000206 0.000158 0.000119 0.000089 0.000066 0.000048 0.000034 0.000024 0.000017 0.000011 0.000008 0.000005 0.000003 0.000002 0.000001 0.000001 0.000001 0.000000 0.000000 0.000000 0.000000 0.000000 0.000000 0.000000 0.000000 0.000000 0.000000 0.000000 0.000000 0.000000 0.000000 0.000000 
0.000000 0.000000 0.000000 0.000000 0.000000 0.000000 0.000000 0.000000 0.000000 0.000000 0.000000 0.000000 0.000000 0.000000 0.000000 0.000001 0.000001 0.000002 0.000002 0.000004 0.000006 0.000009 0.000014 0.000020 0.000029 0.000042 0.000059 0.000083 0.000115 0.000156 0.000208 0.000275 0.000358 0.000460 0.000582 0.000727 0.000894 0.001084 0.001297 0.001528 0.001776 0.002035 0.002299 0.002559 0.002809 0.003039 0.003242 0.003409 0.003533 0.003610 0.003636 0.003610 0.003533 0.003409 0.003242 0.003039 0.002809 0.002559 0.002299 0.002035 0.001776 0.001528 0.001297 0.001084 0.000894 0.000727 0.000582 0.000460 0.000358 0.000275 0.000208 0.000156 0.000115 0.000083 0.000059 0.000042 0.000029 0.000020 0.000014 0.000009 0.000006 0.000004 0.000002 0.000002 0.000001 0.000001 0.000000 0.000000 0.000000 0.000000 0.000000 0.000000 0.000000 0.000000 0.000000 0.000000 0.000000 0.000000 0.000000 0.000000 
0.000000 0.000000 0.000000 0.000000 0.000000 0.000000 0.000000 0.000000 0.000000 0.000000 0.000000 0.000000 0.000000 0.000000 0.000001 0.000001 0.000002 0.000003 0.000004 0.000007 0.000010 0.000016 0.000023 0.000035 0.000050 0.000072 0.000103 0.000143 0.000197 0.000268 0.000359 0.000473 0.000616 0.000791 0.001001 0.001248 0.001535 0.001862 0.002226 0.002623 0.003048 0.003492 0.003943 0.004389 0.004817 0.005212 0.005558 0.005844 0.006057 0.006188 0.006233 0.006188 0.006057 0.005844 0.005558 0.005212 0.004817 0.004389 0.003943 0.003492 0.003048 0.002623 0.002226 0.001862 0.001535 0.001248 0.001001 0.000791 0.000616 0.000473 0.000359 0.000268 0.000197 0.000143 0.000103 0.000072 0.000050 0.000035 0.000023 0.000016 0.000010 0.000007 0.000004 0.000003 0.000002 0.000001 0.000001 0.000000 0.000000 0.000000 0.000000 0.000000 0.000000 0.000000 0.000000 0.000000 0.000000 0.000000 0.000000 0.000000 
0.000000 0.000000 0.000000 0.000000 0.000000 0.000000 0.000000 0.000000 0.000000 0.000000 0.000000 0.000000 0.000000 0.000001 0.000001 0.000002 0.000003 0.000005 0.000007 0.000011 0.000018 0.000027 0.000040 0.000059 0.000086 0.000123 0.000175 0.000244 0.000335 0.000455 0.000609 0.000804 0.001046 0.001342 0.001697 0.002117 0.002603 0.003156 0.003771 0.004444 0.005162 0.005912 0.006675 0.007430 0.008153 0.008820 0.009405 0.009888 0.010247 0.010469 0.010545 0.010469 0.010247 0.009888 0.009405 0.008820 0.008153 0.007430 0.006675 0.005912 0.005162 0.004444 0.003771 0.003156 0.002603 0.002117 0.001697 0.001342 0.001046 0.000804 0.000609 0.000455 0.000335 0.000244 0.000175 0.000123 0.000086 0.000059 0.000040 0.000027 0.000018 0.000011 0.000007 0.000005 0.000003 0.000002 0.000001 0.000001 0.000000 0.000000 0.000000 0.000000 0.000000 0.000000 0.000000 0.000000 0.000000 0.000000 0.000000 0.000000 
0.000000 0.000000 0.000000 0.000000 0.000000 0.000000 0.000000 0.000000 0.000000 0.000000 0.000000 0.000000 0.000001 0.000001 0.000002 0.000003 0.000005 0.000008 0.000012 0.000019 0.000030 0.000045 0.000067 0.000099 0.000144 0.000207 0.000293 0.000409 0.000563 0.000763 0.001021 0.001347 0.001752 0.002247 0.002841 0.003542 0.004354 0.005277 0.006306 0.007429 0.008628 0.009879 0.011152 0.012412 0.013617 0.014729 0.015706 0.016510 0.017110 0.017480 0.017606 0.017480 0.017110 0.016510 0.015706 0.014729 0.013617 0.012412 0.011152 0.009879 0.008628 0.007429 0.006306 0.005277 0.004354 0.003542 0.002841 0.002247 0.001752 0.001347 0.001021 0.000763 0.000563 0.000409 0.000293 0.000207 0.000144 0.000099 0.000067 0.000045 0.000030 0.000019 0.000012 0.000008 0.000005 0.000003 0.000002 0.000001 0.000001 0.000000 0.000000 0.000000 0.000000 0.000000 0.000000 0.000000 0.000000 0.000000 0.000000 0.000000 
0.000000 0.000000 0.000000 0.000000 0.000000 0.000000 0.000000 0.000000 0.000000 0.000000 0.000000 0.000001 0.000001 0.000002 0.000003 0.000005 0.000008 0.000013 0.000021 0.000032 0.000049 0.000075 0.000112 0.000165 0.000239 0.000343 0.000486 0.000677 0.000931 0.001263 0.001689 0.002227 0.002896 0.003713 0.004693 0.005849 0.007188 0.008710 0.010405 0.012254 0.014230 0.016291 0.018387 0.020460 0.022445 0.024275 0.025882 0.027206 0.028193 0.028803 0.029009 0.028803 0.028193 0.027206 0.025882 0.024275 0.022445 0.020460 0.018387 0.016291 0.014230 0.012254 0.010405 0.008710 0.007188 0.005849 0.004693 0.003713 0.002896 0.002227 0.001689 0.001263 0.000931 0.000677 0.000486 0.000343 0.000239 0.000165 0.000112 0.000075 0.000049 0.000032 0.000021 0.000013 0.000008 0.000005 0.000003 0.000002 0.000001 0.000001 0.000000 0.000000 0.000000 0.000000 0.000000 0.000000 0.000000 0.000000 0.000000 0.000000 
0.000000 0.000000 0.000000 0.000000 0.000000 0.000000 0.000000 0.000000 0.000000 0.000000 0.000001 0.000001 0.000002 0.000003 0.000005 0.000008 0.000013 0.000021 0.000034 0.000053 0.000081 0.000122 0.000183 0.000270 0.000392 0.000562 0.000794 0.001107 0.001521 0.002062 0.002757 0.003634 0.004723 0.006053 0.007649 0.009531 0.011709 0.014184 0.016940 0.019948 0.023159 0.026508 0.029914 0.033282 0.036507 0.039479 0.042090 0.044240 0.045842 0.046832 0.047166 0.046832 0.045842 0.044240 0.042090 0.039479 0.036507 0.033282 0.029914 0.026508 0.023159 0.019948 0.016940 0.014184 0.011709 0.009531 0.007649 0.006053 0.004723 0.003634 0.002757 0.002062 0.001521 0.001107 0.000794 0.000562 0.000392 0.000270 0.000183 0.000122 0.000081 0.000053 0.000034 0.000021 0.000013 0.000008 0.000005 0.000003 0.000002 0.000001 0.000001 0.000000 0.000000 0.000000 0.000000 0.000000 0.000000 0.000000 0.000000 0.000000 
0.000000 0.000000 0.000000 0.000000 0.000000 0.000000 0.000000 0.000000 0.000000 0.000001 0.000001 0.000002 0.000003 0.000005 0.000008 0.000013 0.000022 0.000035 0.000055 0.000085 0.000131 0.000198 0.000296 0.000435 0.000633 0.000906 0.001280 0.001784 0.002452 0.003322 0.004439 0.005849 0.007600 0.009737 0.012301 0.015323 0.018821 0.022792 0.027215 0.032040 0.037191 0.042562 0.048024 0.053423 0.058593 0.063357 0.067541 0.070987 0.073555 0.075141 0.075677 0.075141 0.073555 0.070987 0.067541 0.063357 0.058593 0.053423 0.048024 0.042562 0.037191 0.032040 0.027215 0.022792 0.018821 0.015323 0.012301 0.009737 0.007600 0.005849 0.004439 0.003322 0.002452 0.001784 0.001280 0.000906 0.000633 0.000435 0.000296 0.000198 0.000131 0.000085 0.000055 0.000035 0.000022 0.000013 0.000008 0.000005 0.000003 0.000002 0.000001 0.000001 0.000000 0.000000 0.000000 0.000000 0.000000 0.000000 0.000000 0.000000 
0.000000 0.000000 0.000000 0.000000 0.000000 0.000000 0.000000 0.000000 0.000001 0.000001 0.000002 0.000003 0.000005 0.000008 0.000013 0.000021 0.000035 0.000055 0.000087 0.000136 0.000209 0.000316 0.000471 0.000694 0.001008 0.001443 0.002038 0.002838 0.003898 0.005280 0.007053 0.009290 0.012067 0.015455 0.019520 0.024308 0.029849 0.036139 0.043142 0.050781 0.058933 0.067433 0.076075 0.084617 0.092794 0.100328 0.106947 0.112395 0.116457 0.118964 0.119811 0.118964 0.116457 0.112395 0.106947 0.100328 0.092794 0.084617 0.076075 0.067433 0.058933 0.050781 0.043142 0.036139 0.029849 0.024308 0.019520 0.015455 0.012067 0.009290 0.007053 0.005280 0.003898 0.002838 0.002038 0.001443 0.001008 0.000694 0.000471 0.000316 0.000209 0.000136 0.000087 0.000055 0.000035 0.000021 0.000013 0.000008 0.000005 0.000003 0.000002 0.000001 0.000001 0.000000 0.000000 0.000000 0.000000 0.000000 0.000000 0.000000 
0.000000 0.000000 0.000000 0.000000 0.000000 0.000000 0.000000 0.000000 0.000001 0.000001 0.000002 0.000004 0.000007 0.000012 0.000021 0.000034 0.000055 0.000087 0.000138 0.000214 0.000329 0.000497 0.000741 0.001091 0.001583 0.002266 0.003199 0.004453 0.006115 0.008280 0.011056 0.014558 0.018903 0.024204 0.030560 0.038047 0.046708 0.056538 0.067480 0.079411 0.092143 0.105416 0.118908 0.132243 0.145006 0.156765 0.167093 0.175596 0.181933 0.185845 0.187167 0.185845 0.181933 0.175596 0.167093 0.156765 0.145006 0.132243 0.118908 0.105416 0.092143 0.079411 0.067480 0.056538 0.046708 0.038047 0.030560 0.024204 0.018903 0.014558 0.011056 0.008280 0.006115 0.004453 0.003199 0.002266 0.001583 0.001091 0.000741 0.000497 0.000329 0.000214 0.000138 0.000087 0.000055 0.000034 0.000021 0.000012 0.000007 0.000004 0.000002 0.000001 0.000001 0.000000 0.000000 0.000000 0.000000 0.000000 0.000000 0.000000 
0.000000 0.000000 0.000000 0.000000 0.000000 0.000000 0.000000 0.000001 0.000001 0.000002 0.000004 0.000007 0.000011 0.000019 0.000032 0.000053 0.000085 0.000136 0.000214 0.000333 0.000510 0.000771 0.001150 0.001692 0.002454 0.003511 0.004954 0.006895 0.009463 0.012809 0.017098 0.022507 0.029216 0.037398 0.047206 0.058756 0.072113 0.087270 0.104138 0.122528 0.142147 0.162598 0.183382 0.203922 0.223579 0.241687 0.257591 0.270683 0.280440 0.286462 0.288499 0.286462 0.280440 0.270683 0.257591 0.241687 0.223579 0.203922 0.183382 0.162598 0.142147 0.122528 0.104138 0.087270 0.072113 0.058756 0.047206 0.037398 0.029216 0.022507 0.017098 0.012809 0.009463 0.006895 0.004954 0.003511 0.002454 0.001692 0.001150 0.000771 0.000510 0.000333 0.000214 0.000136 0.000085 0.000053 0.000032 0.000019 0.000011 0.000007 0.000004 0.000002 0.000001 0.000001 0.000000 0.000000 0.000000 0.000000 0.000000 0.000000 
0.000000 0.000000 0.000000 0.000000 0.000000 0.000000 0.000001 0.000001 0.000002 0.000003 0.000006 0.000010 0.000018 0.000030 0.000049 0.000081 0.000131 0.000209 0.000329 0.000510 0.000782 0.001181 0.001760 0.002588 0.003752 0.005366 0.007570 0.010531 0.014448 0.019550 0.026087 0.034329 0.044549 0.057010 0.071942 0.089522 0.109846 0.132906 0.158562 0.186528 0.216359 0.247447 0.279040 0.310256 0.340127 0.367643 0.391806 0.411695 0.426518 0.435667 0.438760 0.435667 0.426518 0.411695 0.391806 0.367643 0.340127 0.310256 0.279040 0.247447 0.216359 0.186528 0.158562 0.132906 0.109846 0.089522 0.071942 0.057010 0.044549 0.034329 0.026087 0.019550 0.014448 0.010531 0.007570 0.005366 0.003752 0.002588 0.001760 0.001181 0.000782 0.000510 0.000329 0.000209 0.000131 0.000081 0.000049 0.000030 0.000018 0.000010 0.000006 0.000003 0.000002 0.000001 0.000001 0.000000 0.000000 0.000000 0.000000 0.000000 
0.000000 0.000000 0.000000 0.000000 0.000000 0.000000 0.000001 0.000002 0.000003 0.000005 0.000009 0.000016 0.000027 0.000045 0.000075 0.000122 0.000198 0.000316 0.000497 0.000771 0.001181 0.001784 0.002657 0.003905 0.005660 0.008092 0.011410 0.015867 0.021762 0.029436 0.039267 0.051657 0.067016 0.085738 0.108166 0.134566 0.165079 0.199692 0.238194 0.280155 0.324905 0.371535 0.418915 0.465724 0.510511 0.551763 0.587986 0.617800 0.640018 0.653732 0.658368 0.653732 0.640018 0.617800 0.587986 0.551763 0.510511 0.465724 0.418915 0.371535 0.324905 0.280155 0.238194 0.199692 0.165079 0.134566 0.108166 0.085738 0.067016 0.051657 0.039267 0.029436 0.021762 0.015867 0.011410 0.008092 0.005660 0.003905 0.002657 0.001784 0.001181 0.000771 0.000497 0.000316 0.000198 0.000122 0.000075 0.000045 0.000027 0.000016 0.000009 0.000005 0.000003 0.000002 0.000001 0.000000 0.000000 0.000000 0.000000 0.000000 
0.000000 0.000000 0.000000 0.000000 0.000000 0.000001 0.000001 0.000002 0.000004 0.000008 0.000014 0.000023 0.000040 0.000067 0.000112 0.000183 0.000296 0.000471 0.000741 0.001150 0.001760 0.002657 0.003957 0.005813 0.008422 0.012036 0.016965 0.023584 0.032335 0.043723 0.058308 0.076684 0.099456 0.127206 0.160442 0.199554 0.244751 0.296008 0.353014 0.415129 0.481362 0.550369 0.620474 0.689727 0.755981 0.816999 0.870577 0.914670 0.947529 0.967809 0.974666 0.967809 0.947529 0.914670 0.870577 0.816999 0.755981 0.689727 0.620474 0.550369 0.481362 0.415129 0.353014 0.296008 0.244751 0.199554 0.160442 0.127206 0.099456 0.076684 0.058308 0.043723 0.032335 0.023584 0.016965 0.012036 0.008422 0.005813 0.003957 0.002657 0.001760 0.001150 0.000741 0.000471 0.000296 0.000183 0.000112 0.000067 0.000040 0.000023 0.000014 0.000008 0.000004 0.000002 0.000001 0.000001 0.000000 0.000000 0.000000 0.000000 
0.000000 0.000000 0.000000 0.000000 0.000001 0.000001 0.000002 0.000004 0.000006 0.000011 0.000020 0.000035 0.000059 0.000099 0.000165 0.000270 0.000435 0.000694 0.001091 0.001692 0.002588 0.003905 0.005813 0.008535 0.012362 0.017659 0.024882 0.034579 0.047394 0.064067 0.085411 0.112297 0.145607 0.186185 0.234775 0.291941 0.357987 0.432874 0.516143 0.606860 0.703576 0.804326 0.906667 1.007752 1.104450 1.193499 1.271683 1.336023 1.383968 1.413559 1.423563 1.413559 1.383968 1.336023 1.271683 1.193499 1.104450 1.007752 0.906667 0.804326 0.703576 0.606860 0.516143 0.432874 0.357987 0.291941 0.234775 0.186185 0.145607 0.112297 0.085411 0.064067 0.047394 0.034579 0.024882 0.017659 0.012362 0.008535 0.005813 0.003905 0.002588 0.001692 0.001091 0.000694 0.000435 0.000270 0.000165 0.000099 0.000059 0.000035 0.000020 0.000011 0.000006 0.000004 0.000002 0.000001 0.000001 0.000000 0.000000 0.000000 
0.000000 0.000000 0.000000 0.000000 0.000001 0.000002 0.000003 0.000005 0.000009 0.000017 0.000029 0.000050 0.000086 0.000144 0.000239 0.000392 0.000633 0.001008 0.001583 0.002454 0.003752 0.005660 0.008422 0.012362 0.017897 0.025558 0.035999 0.050011 0.068525 0.092603 0.123419 0.162224 0.210288 0.268827 0.338906 0.421336 0.516549 0.624486 0.744483 0.875191 1.014521 1.159642 1.307036 1.452604 1.591842 1.720054 1.832615 1.925240 1.994260 2.036856 2.051256 2.036856 1.994260 1.925240 1.832615 1.720054 1.591842 1.452604 1.307036 1.159642 1.014521 0.875191 0.744483 0.624486 0.516549 0.421336 0.338906 0.268827 0.210288 0.162224 0.123419 0.092603 0.068525 0.050011 0.035999 0.025558 0.017897 0.012362 0.008422 0.005660 0.003752 0.002454 0.001583 0.001008 0.000633 0.000392 0.000239 0.000144 0.000086 0.000050 0.000029 0.000017 0.000009 0.000005 0.000003 0.000002 0.000001 0.000000 0.000000 0.000000 
0.000000 0.000000 0.000000 0.000001 0.000001 0.000002 0.000004 0.000008 0.000014 0.000024 0.000042 0.000072 0.000123 0.000207 0.000343 0.000562 0.000906 0.001443 0.002266 0.003511 0.005366 0.008092 0.012036 0.017659 0.025558 0.036485 0.051373 0.071347 0.097730 0.132031 0.175920 0.231171 0.299588 0.382895 0.482602 0.599855 0.735266 0.888742 1.059338 1.245131 1.443149 1.649370 1.858794 2.065603 2.263399 2.445518 2.605393 2.736947 2.834969 2.895463 2.915914 2.895463 2.834969 2.736947 2.605393 2.445518 2.263399 2.065603 1.858794 1.649370 1.443149 1.245131 1.059338 0.888742 0.735266 0.599855 0.482602 0.382895 0.299588 0.231171 0.175920 0.132031 0.097730 0.071347 0.051373 0.036485 0.025558 0.017659 0.012036 0.008092 0.005366 0.003511 0.002266 0.001443 0.000906 0.000562 0.000343 0.000207 0.000123 0.000072 0.000042 0.000024 0.000014 0.000008 0.000004 0.000002 0.000001 0.000001 0.000000 0.000000 
0.000000 0.000000 0.000000 0.000001 0.000002 0.000003 0.000006 0.000011 0.000019 0.000034 0.000059 0.000103 0.000175 0.000293 0.000486 0.000794 0.001280 0.002038 0.003199 0.004954 0.007570 0.011410 0.016965 0.024882 0.035999 0.051373 0.072313 0.100399 0.137484 0.185686 0.247344 0.324946 0.421016 0.537965 0.677907 0.842442 1.032419 1.247702 1.486959 1.747487 2.025119 2.314214 2.607766 2.897621 3.174818 3.430025 3.654047 3.838375 3.975714 4.060470 4.089123 4.060470 3.975714 3.838375 3.654047 3.430025 3.174818 2.897621 2.607766 2.314214 2.025119 1.747487 1.486959 1.247702 1.032419 0.842442 0.677907 0.537965 0.421016 0.324946 0.247344 0.185686 0.137484 0.100399 0.072313 0.051373 0.035999 0.024882 0.016965 0.011410 0.007570 0.004954 0.003199 0.002038 0.001280 0.000794 0.000486 0.000293 0.000175 0.000103 0.000059 0.000034 0.000019 0.000011 0.000006 0.000003 0.000002 0.000001 0.000000 0.000000 
0.000000 0.000000 0.000001 0.000001 0.000002 0.000004 0.000008 0.000015 0.000027 0.000048 0.000083 0.000143 0.000244 0.000409 0.000677 0.001107 0.001784 0.002838 0.004453 0.006895 0.010531 0.015867 0.023584 0.034579 0.050011 0.071347 0.100399 0.139351 0.190770 0.257586 0.343032 0.450545 0.583613 0.745565 0.939318 1.167074 1.429997 1.727893 2.058908 2.419298 2.803294 3.203096 3.609015 4.009783 4.393015 4.745818 5.055492 5.310281 5.500114 5.617262 5.656864 5.617262 5.500114 5.310281 5.055492 4.745818 4.393015 4.009783 3.609015 3.203096 2.803294 2.419298 2.058908 1.727893 1.429997 1.167074 0.939318 0.745565 0.583613 0.450545 0.343032 0.257586 0.190770 0.139351 0.100399 0.071347 0.050011 0.034579 0.023584 0.015867 0.010531 0.006895 0.004453 0.002838 0.001784 0.001107 0.000677 0.000409 0.000244 0.000143 0.000083 0.000048 0.000027 0.000015 0.000008 0.000004 0.000002 0.000001 0.000000 0.000000 
0.000000 0.000000 0.000001 0.000002 0.000003 0.000006 0.000011 0.000021 0.000037 0.000066 0.000115 0.000197 0.000335 0.000563 0.000931 0.001521 0.002452 0.003898 0.006115 0.009463 0.014448 0.021762 0.032335 0.047394 0.068525 0.097730 0.137484 0.190770 0.261093 0.352449 0.469248 0.616176 0.797986 1.019213 1.283825 1.594817 1.953765 2.360390 2.812150 3.303931 3.827855 4.373280 4.926990 5.473619 5.996287 6.477421 6.899711 7.247141 7.505987 7.665719 7.719717 7.665719 7.505987 7.247141 6.899711 6.477421 5.996287 5.473619 4.926990 4.373280 3.827855 3.303931 2.812150 2.360390 1.953765 1.594817 1.283825 1.019213 0.797986 0.616176 0.469248 0.352449 0.261093 0.190770 0.137484 0.097730 0.068525 0.047394 0.032335 0.021762 0.014448 0.009463 0.006115 0.003898 0.002452 0.001521 0.000931 0.000563 0.000335 0.000197 0.000115 0.000066 0.000037 0.000021 0.000011 0.000006 0.000003 0.000002 0.000001 0.000000 
0.000000 0.000000 0.000001 0.000002 0.000004 0.000008 0.000015 0.000028 0.000050 0.000089 0.000156 0.000268 0.000455 0.000763 0.001263 0.002062 0.003322 0.005280 0.008280 0.012809 0.019550 0.029436 0.043723 0.064067 0.092603 0.132031 0.185686 0.257586 0.352449 0.475652 0.633132 0.831189 1.076214 1.374299 1.730774 2.149652 2.633040 3.180545 3.788733 4.450708 5.155862 5.889868 6.634948 7.370432 8.073621 8.720884 9.288955 9.756300 10.104474 10.319326 10.391956 10.319326 10.104474 9.756300 9.288955 8.720884 8.073621 7.370432 6.634948 5.889868 5.155862 4.450708 3.788733 3.180545 2.633040 2.149652 1.730774 1.374299 1.076214 0.831189 0.633132 0.475652 0.352449 0.257586 0.185686 0.132031 0.092603 0.064067 0.043723 0.029436 0.019550 0.012809 0.008280 0.005280 0.003322 0.002062 0.001263 0.000763 0.000455 0.000268 0.000156 0.000089 0.000050 0.000028 0.000015 0.000008 0.000004 0.000002 0.000001 0.000000 
0.000000 0.000001 0.000002 0.000003 0.000006 0.000011 0.000021 0.000038 0.000068 0.000119 0.000208 0.000359 0.000609 0.001021 0.001689 0.002757 0.004439 0.007053 0.011056 0.017098 0.026087 0.039267 0.058308 0.085411 0.123419 0.175920 0.247344 0.343032 0.469248 0.633132 0.842561 1.105898 1.431614 1.827787 2.301476 2.857989 3.500104 4.227279 5.034936 5.913904 6.850093 7.824480 8.813470 9.789638 10.722869 11.581824 12.335644 12.955776 13.417761 13.702838 13.799206 13.702838 13.417761 12.955776 12.335644 11.581824 10.722869 9.789638 8.813470 7.824480 6.850093 5.913904 5.034936 4.227279 3.500104 2.857989 2.301476 1.827787 1.431614 1.105898 0.842561 0.633132 0.469248 0.343032 0.247344 0.175920 0.123419 0.085411 0.058308 0.039267 0.026087 0.017098 0.011056 0.007053 0.004439 0.002757 0.001689 0.001021 0.000609 0.000359 0.000208 0.000119 0.000068 0.000038 0.000021 0.000011 0.000006 0.000003 0.000001 0.000000 
0.000000 0.000001 0.000002 0.000004 0.000008 0.000015 0.000027 0.000050 0.000089 0.000158 0.000275 0.000473 0.000804 0.001347 0.002227 0.003634 0.005849 0.009290 0.014558 0.022507 0.034329 0.051657 0.076684 0.112297 0.162224 0.231171 0.324946 0.450545 0.616176 0.831189 1.105898 1.451245 1.878313 2.397667 3.018527 3.747823 4.589168 5.541824 6.599775 7.750993 8.977015 10.252929 11.547841 12.825859 14.047575 15.171983 16.158713 16.970415 17.575097 17.948220 18.074350 17.948220 17.575097 16.970415 16.158713 15.171983 14.047575 12.825859 11.547841 10.252929 8.977015 7.750993 6.599775 5.541824 4.589168 3.747823 3.018527 2.397667 1.878313 1.451245 1.105898 0.831189 0.616176 0.450545 0.324946 0.231171 0.162224 0.112297 0.076684 0.051657 0.034329 0.022507 0.014558 0.009290 0.005849 0.003634 0.002227 0.001347 0.000804 0.000473 0.000275 0.000158 0.000089 0.000050 0.000027 0.000015 0.000008 0.000004 0.000002 0.000000 
0.000000 0.000001 0.000003 0.000005 0.000010 0.000020 0.000036 0.000065 0.000116 0.000206 0.000358 0.000616 0.001046 0.001752 0.002896 0.004723 0.007600 0.012067 0.018903 0.029216 0.044549 0.067016 0.099456 0.145607 0.210288 0.299588 0.421016 0.583613 0.797986 1.076214 1.431614 1.878313 2.430615 3.102144 3.904787 4.847468 5.934819 7.165859 8.532788 10.020046 11.603770 13.251780 14.924180 16.574629 18.152260 19.604148 20.878197 21.926212 22.706913 23.188640 23.351481 23.188640 22.706913 21.926212 20.878197 19.604148 18.152260 16.574629 14.924180 13.251780 11.603770 10.020046 8.532788 7.165859 5.934819 4.847468 3.904787 3.102144 2.430615 1.878313 1.431614 1.076214 0.797986 0.583613 0.421016 0.299588 0.210288 0.145607 0.099456 0.067016 0.044549 0.029216 0.018903 0.012067 0.007600 0.004723 0.002896 0.001752 0.001046 0.000616 0.000358 0.000206 0.000116 0.000065 0.000036 0.000019 0.000010 0.000005 0.000002 0.000000 
0.000000 0.000001 0.000004 0.000007 0.000013 0.000025 0.000046 0.000084 0.000150 0.000264 0.000460 0.000791 0.001342 0.002247 0.003713 0.006053 0.009737 0.015455 0.024204 0.037398 0.057010 0.085738 0.127206 0.186185 0.268827 0.382895 0.537965 0.745565 1.019213 1.374299 1.827787 2.397667 3.102144 3.958555 4.982016 6.183861 7.569956 9.139011 10.881056 12.776237 14.794136 16.893747 19.024252 21.126637 23.136131 24.985357 26.608000 27.942712 28.936956 29.550437 29.757813 29.550437 28.936956 27.942712 26.608000 24.985357 23.136131 21.126637 19.024252 16.893747 14.794136 12.776237 10.881056 9.139011 7.569956 6.183861 4.982016 3.958555 3.102144 2.397667 1.827787 1.374299 1.019213 0.745565 0.537965 0.382895 0.268827 0.186185 0.127206 0.085738 0.057010 0.037398 0.024204 0.015455 0.009737 0.006053 0.003713 0.002247 0.001342 0.000791 0.000460 0.000264 0.000150 0.000084 0.000046 0.000025 0.000013 0.000007 0.000003 0.000000 
0.000000 0.000002 0.000004 0.000009 0.000017 0.000032 0.000058 0.000106 0.000189 0.000334 0.000582 0.001001 0.001697 0.002841 0.004693 0.007649 0.012301 0.019520 0.030560 0.047206 0.071942 0.108166 0.160442 0.234775 0.338906 0.482602 0.677907 0.939318 1.283825 1.730774 2.301476 3.018527 3.904787 4.982016 6.269175 7.780466 9.523215 11.495758 13.685525 16.067534 18.603537 21.241999 23.919070 26.560620 29.085301 31.408502 33.446953 35.123630 36.372576 37.143203 37.403696 37.143203 36.372576 35.123630 33.446953 31.408502 29.085301 26.560620 23.919070 21.241999 18.603537 16.067534 13.685525 11.495758 9.523215 7.780466 6.269175 4.982016 3.904787 3.018527 2.301476 1.730774 1.283825 0.939318 0.677907 0.482602 0.338906 0.234775 0.160442 0.108166 0.071942 0.047206 0.030560 0.019520 0.012301 0.007649 0.004693 0.002841 0.001697 0.001001 0.000582 0.000334 0.000189 0.000106 0.000058 0.000032 0.000017 0.000008 0.000004 0.000000 
0.000000 0.000002 0.000006 0.000011 0.000021 0.000040 0.000073 0.000132 0.000237 0.000417 0.000727 0.001248 0.002117 0.003542 0.005849 0.009531 0.015323 0.024308 0.038047 0.058756 0.089522 0.134566 0.199554 0.291941 0.421336 0.599855 0.842442 1.167074 1.594817 2.149652 2.857989 3.747823 4.847468 6.183861 7.780466 9.654837 11.816004 14.261854 16.976757 19.929710 23.073280 26.343584 29.661495 32.935164 36.063815 38.942643 41.468514 43.546039 45.093534 46.048355 46.371109 46.048355 45.093534 43.546039 41.468514 38.942643 36.063815 32.935164 29.661495 26.343584 23.073280 19.929710 16.976757 14.261854 11.816004 9.654837 7.780466 6.183861 4.847468 3.747823 2.857989 2.149652 1.594817 1.167074 0.842442 0.599855 0.421336 0.291941 0.199554 0.134566 0.089522 0.058756 0.038047 0.024308 0.015323 0.009531 0.005849 0.003542 0.002117 0.001248 0.000727 0.000417 0.000237 0.000132 0.000073 0.000040 0.000021 0.000011 0.000004 0.000000 
0.000000 0.000003 0.000007 0.000014 0.000026 0.000049 0.000090 0.000163 0.000291 0.000514 0.000894 0.001535 0.002603 0.004354 0.007188 0.011709 0.018821 0.029849 0.046708 0.072113 0.109846 0.165079 0.244751 0.357987 0.516549 0.735266 1.032419 1.429997 1.953765 2.633040 3.500104 4.589168 5.934819 7.569956 9.523215 11.816004 14.459305 17.450473 20.770344 24.380975 28.224348 32.222358 36.278284 40.279878 44.103999 47.622600 50.709684 53.248726 55.139950 56.306838 56.701273 56.306838 55.139950 53.248726 50.709684 47.622600 44.103999 40.279878 36.278284 32.222358 28.224348 24.380975 20.770344 17.450473 14.459305 11.816004 9.523215 7.569956 5.934819 4.589168 3.500104 2.633040 1.953765 1.429997 1.032419 0.735266 0.516549 0.357987 0.244751 0.165079 0.109846 0.072113 0.046708 0.029849 0.018821 0.011709 0.007188 0.004354 0.002603 0.001535 0.000894 0.000514 0.000291 0.000163 0.000090 0.000049 0.000026 0.000013 0.000005 0.000000 
0.000000 0.000003 0.000008 0.000017 0.000032 0.000060 0.000109 0.000198 0.000353 0.000623 0.001084 0.001862 0.003156 0.005277 0.008710 0.014184 0.022792 0.036139 0.056538 0.087270 0.132906 0.199692 0.296008 0.432874 0.624486 0.888742 1.247702 1.727893 2.360390 3.180545 4.227279 5.541824 7.165859 9.139011 11.495758 14.261854 17.450473 21.058358 25.062343 29.416624 34.051216 38.871927 43.762155 48.586594 53.196834 57.438563 61.159957 64.220612 66.500313 67.906872 68.382318 67.906872 66.500313 64.220612 61.159957 57.438563 53.196834 48.586594 43.762155 38.871927 34.051216 29.416624 25.062343 21.058358 17.450473 14.261854 11.495758 9.139011 7.165859 5.541824 4.227279 3.180545 2.360390 1.727893 1.247702 0.888742 0.624486 0.432874 0.296008 0.199692 0.132906 0.087270 0.056538 0.036139 0.022792 0.014184 0.008710 0.005277 0.003156 0.001862 0.001084 0.000623 0.000353 0.000198 0.000109 0.000059 0.000031 0.000016 0.000007 0.000000 
0.000000 0.000004 0.000010 0.000020 0.000038 0.000071 0.000131 0.000237 0.000423 0.000745 0.001297 0.002226 0.003771 0.006306 0.010405 0.016940 0.027215 0.043142 0.067480 0.104138 0.158562 0.238194 0.353014 0.516143 0.744483 1.059338 1.486959 2.058908 2.812150 3.788733 5.034936 6.599775 8.532788 10.881056 13.685525 16.976757 20.770344 25.062343 29.825133 35.004188 40.516242 46.249270 52.064618 57.801424 63.283263 68.326720 72.751344 76.390272 79.100641 80.772895 81.338148 80.772895 79.100641 76.390272 72.751344 68.326720 63.283263 57.801424 52.064618 46.249270 40.516242 35.004188 29.825133 25.062343 20.770344 16.976757 13.685525 10.881056 8.532788 6.599775 5.034936 3.788733 2.812150 2.058908 1.486959 1.059338 0.744483 0.516143 0.353014 0.238194 0.158562 0.104138 0.067480 0.043142 0.027215 0.016940 0.010405 0.006306 0.003771 0.002226 0.001296 0.000745 0.000423 0.000237 0.000131 0.000071 0.000038 0.000019 0.000008 0.000000 
0.000000 0.000005 0.000012 0.000024 0.000045 0.000084 0.000154 0.000279 0.000499 0.000879 0.001528 0.002623 0.004444 0.007429 0.012254 0.019948 0.032040 0.050781 0.079411 0.122528 0.186528 0.280155 0.415129 0.606860 0.875191 1.245131 1.747487 2.419298 3.303931 4.450708 5.913904 7.750993 10.020046 12.776237 16.067534 19.929710 24.380975 29.416624 35.004188 41.079653 47.545313 54.269761 61.090386 67.818558 74.247426 80.161957 85.350615 89.617798 92.796049 94.756955 95.419773 94.756955 92.796049 89.617798 85.350615 80.161957 74.247426 67.818558 61.090386 54.269761 47.545313 41.079653 35.004188 29.416624 24.380975 19.929710 16.067534 12.776237 10.020046 7.750993 5.913904 4.450708 3.303931 2.419298 1.747487 1.245131 0.875191 0.606860 0.415129 0.280155 0.186528 0.122528 0.079411 0.050781 0.032040 0.019948 0.012254 0.007429 0.004444 0.002623 0.001528 0.000879 0.000499 0.000279 0.000154 0.000084 0.000045 0.000022 0.000009 0.000000 
0.000000 0.000006 0.000014 0.000028 0.000053 0.000098 0.000180 0.000325 0.000580 0.001022 0.001776 0.003048 0.005162 0.008628 0.014230 0.023159 0.037191 0.058933 0.092143 0.142147 0.216359 0.324905 0.481362 0.703576 1.014521 1.443149 2.025119 2.803294 3.827855 5.155862 6.850093 8.977015 11.603770 14.794136 18.603537 23.073280 28.224348 34.051216 40.516242 47.545313 55.025361 62.804358 70.694214 78.476772 85.912828 92.753735 98.754908 103.690198 107.366000 109.633857 110.400426 109.633857 107.366000 103.690198 98.754908 92.753735 85.912828 78.476772 70.694214 62.804358 55.025361 47.545313 40.516242 34.051216 28.224348 23.073280 18.603537 14.794136 11.603770 8.977015 6.850093 5.155862 3.827855 2.803294 2.025119 1.443149 1.014521 0.703576 0.481362 0.324905 0.216359 0.142147 0.092143 0.058933 0.037191 0.023159 0.014230 0.008628 0.005162 0.003048 0.001776 0.001022 0.000580 0.000325 0.000179 0.000098 0.000052 0.000026 0.000011 0.000000 
0.000000 0.000007 0.000016 0.000032 0.000060 0.000112 0.000206 0.000372 0.000665 0.001171 0.002035 0.003492 0.005912 0.009879 0.016291 0.026508 0.042562 0.067433 0.105416 0.162598 0.247447 0.371535 0.550369 0.804326 1.159642 1.649370 2.314214 3.203096 4.373280 5.889868 7.824480 10.252929 13.251780 16.893747 21.241999 26.343584 32.222358 38.871927 46.249270 54.269761 62.804358 71.679597 80.680904 89.559435 98.042364 105.846118 112.691772 118.321437 122.514344 125.101213 125.975608 125.101213 122.514344 118.321437 112.691772 105.846118 98.042364 89.559435 80.680904 71.679597 62.804358 54.269761 46.249270 38.871927 32.222358 26.343584 21.241999 16.893747 13.251780 10.252929 7.824480 5.889868 4.373280 3.203096 2.314214 1.649370 1.159642 0.804326 0.550369 0.371535 0.247447 0.162598 0.105416 0.067433 0.042562 0.026508 0.016291 0.009879 0.005912 0.003492 0.002035 0.001171 0.000665 0.000372 0.000206 0.000112 0.000059 0.000030 0.000012 0.000000 
0.000000 0.000007 0.000018 0.000036 0.000068 0.000127 0.000233 0.000421 0.000751 0.001322 0.002299 0.003943 0.006675 0.011152 0.018387 0.029914 0.048024 0.076075 0.118908 0.183382 0.279040 0.418915 0.620474 0.906667 1.307036 1.858794 2.607766 3.609015 4.926990 6.634948 8.813470 11.547841 14.924180 19.024252 23.919070 29.661495 36.278284 43.762155 52.064618 61.090386 70.694214 80.680904 90.809032 100.798650 110.342852 119.122670 126.824374 133.157915 137.874995 140.785234 141.768927 140.785234 137.874995 133.157915 126.824374 119.122670 110.342852 100.798650 90.809032 80.680904 70.694214 61.090386 52.064618 43.762155 36.278284 29.661495 23.919070 19.024252 14.924180 11.547841 8.813470 6.634948 4.926990 3.609015 2.607766 1.858794 1.307036 0.906667 0.620474 0.418915 0.279040 0.183382 0.118908 0.076075 0.048024 0.029914 0.018387 0.011152 0.006675 0.003943 0.002299 0.001322 0.000751 0.000421 0.000232 0.000126 0.000067 0.000034 0.000014 0.000000 
