0.000000 0.000000 0.000000 0.000000 0.000000 0.000000 0.000000 0.000000 0.000000 0.000000 0.000000 0.000000 0.000000 0.000000 0.000000 0.000000 0.000000 0.000000 0.000000 0.000000 0.000000 0.000000 0.000000 0.000000 0.000000 0.000000 0.000000 0.000000 0.000000 0.000000 0.000000 0.000000 0.000000 0.000000 0.000000 0.000000 0.000000 0.000000 0.000000 0.000000 0.000000 0.000000 0.000000 0.000000 0.000000 0.000000 0.000000 0.000000 0.000000 0.000000 0.000000 0.000000 0.000000 0.000000 0.000000 0.000000 0.000000 0.000000 0.000000 0.000000 0.000000 0.000000 0.000000 0.000000 0.000000 0.000000 0.000000 0.000000 0.000000 0.000000 0.000000 0.000000 0.000000 0.000000 0.000000 0.000000 0.000000 0.000000 0.000000 0.000000 0.000000 0.000000 0.000000 0.000000 0.000000 0.000000 0.000000 0.000000 0.000000 0.000000 0.000000 0.000000 0.000000 0.000000 0.000000 0.000000 0.000000 0.000000 0.000000 0.000000 
0.000000 0.000000 0.000000 0.000000 0.000000 0.000000 0.000000 0.000001 0.000001 0.000001 0.000002 0.000003 0.000004 0.000006 0.000008 0.000011 0.000015 0.000020 0.000027 0.000035 0.000046 0.000060 0.000077 0.000098 0.000124 0.000156 0.000193 0.000238 0.000290 0.000351 0.000420 0.000499 0.000588 0.000686 0.000794 0.000911 0.001035 0.001167 0.001303 0.001442 0.001583 0.001722 0.001856 0.001984 0.002101 0.002206 0.002295 0.002368 0.002421 0.002453 0.002464 0.002453 0.002421 0.002368 0.002295 0.002206 0.002101 0.001984 0.001856 0.001722 0.001583 0.001442 0.001303 0.001167 0.001035 0.000911 0.000794 0.000686 0.000588 0.000499 0.000420 0.000351 0.000290 0.000238 0.000193 0.000156 0.000124 0.000098 0.000077 0.000060 0.000046 0.000035 0.000027 0.000020 0.000015 0.000011 0.000008 0.000006 0.000004 0.000003 0.000002 0.000001 0.000001 0.000001 0.000000 0.000000 0.000000 0.000000 0.000000 0.000000 
0.000000 0.000000 0.000000 0.000000 0.000000 0.000001 0.000001 0.000002 0.000002 0.000003 0.000005 0.000007 0.000009 0.000013 0.000018 0.000024 0.000032 0.000044 0.000058 0.000077 0.000100 0.000130 0.000167 0.000213 0.000269 0.000337 0.000418 0.000514 0.000627 0.000758 0.000908 0.001079 0.001271 0.001483 0.001716 0.001968 0.002237 0.002521 0.002815 0.003117 0.003420 0.003720 0.004010 0.004285 0.004539 0.004765 0.004959 0.005115 0.005229 0.005299 0.005322 0.005299 0.005229 0.005115 0.004959 0.004765 0.004539 0.004285 0.004010 0.003720 0.003420 0.003117 0.002815 0.002521 0.002237 0.001968 0.001716 0.001483 0.001271 0.001079 0.000908 0.000758 0.000627 0.000514 0.000418 0.000337 0.000269 0.000213 0.000167 0.000130 0.000100 0.000077 0.000058 0.000044 0.000032 0.000024 0.000018 0.000013 0.000009 0.000007 0.000005 0.000003 0.000002 0.000002 0.000001 0.000001 0.000000 0.000000 0.000000 0.000000 
0.000000 0.000000 0.000000 0.000001 0.000001 0.000001 0.000002 0.000003 0.000004 0.000005 0.000008 0.000011 0.000016 0.000022 0.000030 0.000041 0.000055 0.000074 0.000099 0.000130 0.000170 0.000220 0.000283 0.000361 0.000456 0.000571 0.000709 0.000872 0.001063 0.001286 0.001541 0.001830 0.002155 0.002515 0.002909 0.003336 0.003792 0.004273 0.004772 0.005282 0.005796 0.006304 0.006796 0.007262 0.007692 0.008075 0.008403 0.008667 0.008861 0.008979 0.009019 0.008979 0.008861 0.008667 0.008403 0.008075 0.007692 0.007262 0.006796 0.006304 0.005796 0.005282 0.004772 0.004273 0.003792 0.003336 0.002909 0.002515 0.002155 0.001830 0.001541 0.001286 0.001063 0.000872 0.000709 0.000571 0.000456 0.000361 0.000283 0.000220 0.000170 0.000130 0.000099 0.000074 0.000055 0.000041 0.000030 0.000022 0.000016 0.000011 0.000008 0.000005 0.000004 0.000003 0.000002 0.000001 0.000001 0.000000 0.000000 0.000000 
0.000000 0.000000 0.000000 0.000001 0.000001 0.000002 0.000003 0.000004 0.000006 0.000009 0.000012 0.000017 0.000024 0.000034 0.000047 0.000064 0.000086 0.000116 0.000154 0.000204 0.000266 0.000345 0.000444 0.000565 0.000714 0.000894 0.001109 0.001365 0.001664 0.002012 0.002410 0.002863 0.003370 0.003933 0.004550 0.005218 0.005930 0.006681 0.007461 0.008259 0.009062 0.009855 0.010624 0.011352 0.012024 0.012623 0.013135 0.013548 0.013850 0.014035 0.014097 0.014035 0.013850 0.013548 0.013135 0.012623 0.012024 0.011352 0.010624 0.009855 0.009062 0.008259 0.007461 0.006681 0.005930 0.005218 0.004550 0.003933 0.003370 0.002863 0.002410 0.002012 0.001664 0.001365 0.001109 0.000894 0.000714 0.000565 0.000444 0.000345 0.000266 0.000204 0.000154 0.000116 0.000086 0.000064 0.000047 0.000034 0.000024 0.000017 0.000012 0.000009 0.000006 0.000004 0.000003 0.000002 0.000001 0.000001 0.000000 0.000000 
0.000000 0.000000 0.000001 0.000001 0.000002 0.000003 0.000004 0.000006 0.000009 0.000013 0.000019 0.000026 0.000037 0.000051 0.000071 0.000097 0.000131 0.000175 0.000233 0.000308 0.000403 0.000522 0.000671 0.000854 0.001079 0.001350 0.001676 0.002061 0.002513 0.003037 0.003639 0.004322 0.005088 0.005937 0.006867 0.007874 0.008949 0.010081 0.011257 0.012460 0.013671 0.014867 0.016026 0.017124 0.018136 0.019039 0.019811 0.020433 0.020890 0.021168 0.021262 0.021168 0.020890 0.020433 0.019811 0.019039 0.018136 0.017124 0.016026 0.014867 0.013671 0.012460 0.011257 0.010081 0.008949 0.007874 0.006867 0.005937 0.005088 0.004322 0.003639 0.003037 0.002513 0.002061 0.001676 0.001350 0.001079 0.000854 0.000671 0.000522 0.000403 0.000308 0.000233 0.000175 0.000131 0.000097 0.000071 0.000051 0.000037 0.000026 0.000019 0.000013 0.000009 0.000006 0.000004 0.000003 0.000002 0.000001 0.000000 0.000000 
0.000000 0.000000 0.000001 0.000002 0.000003 0.000004 0.000006 0.000009 0.000013 0.000019 0.000028 0.000039 0.000055 0.000076 0.000105 0.000143 0.000194 0.000260 0.000346 0.000457 0.000597 0.000774 0.000994 0.001266 0.001598 0.002001 0.002482 0.003053 0.003722 0.004498 0.005388 0.006398 0.007532 0.008788 0.010164 0.011653 0.013243 0.014918 0.016657 0.018436 0.020226 0.021995 0.023709 0.025332 0.026828 0.028163 0.029304 0.030224 0.030898 0.031310 0.031449 0.031310 0.030898 0.030224 0.029304 0.028163 0.026828 0.025332 0.023709 0.021995 0.020226 0.018436 0.016657 0.014918 0.013243 0.011653 0.010164 0.008788 0.007532 0.006398 0.005388 0.004498 0.003722 0.003053 0.002482 0.002001 0.001598 0.001266 0.000994 0.000774 0.000597 0.000457 0.000346 0.000260 0.000194 0.000143 0.000105 0.000076 0.000055 0.000039 0.000028 0.000019 0.000013 0.000009 0.000006 0.000004 0.000003 0.000002 0.000001 0.000000 
0.000000 0.000001 0.000002 0.000003 0.000004 0.000006 0.000009 0.000014 0.000020 0.000028 0.000041 0.000057 0.000080 0.000112 0.000154 0.000210 0.000284 0.000381 0.000507 0.000668 0.000874 0.001132 0.001454 0.001852 0.002338 0.002926 0.003629 0.004463 0.005441 0.006574 0.007875 0.009350 0.011005 0.012840 0.014850 0.017023 0.019344 0.021789 0.024328 0.026925 0.029537 0.032119 0.034620 0.036988 0.039171 0.041119 0.042784 0.044126 0.045111 0.045712 0.045914 0.045712 0.045111 0.044126 0.042784 0.041119 0.039171 0.036988 0.034620 0.032119 0.029537 0.026925 0.024328 0.021789 0.019344 0.017023 0.014850 0.012840 0.011005 0.009350 0.007875 0.006574 0.005441 0.004463 0.003629 0.002926 0.002338 0.001852 0.001454 0.001132 0.000874 0.000668 0.000507 0.000381 0.000284 0.000210 0.000154 0.000112 0.000080 0.000057 0.000041 0.000028 0.000020 0.000014 0.000009 0.000006 0.000004 0.000002 0.000001 0.000000 
0.000000 0.000001 0.000002 0.000004 0.000006 0.000009 0.000013 0.000020 0.000029 0.000041 0.000059 0.000083 0.000117 0.000162 0.000223 0.000304 0.000412 0.000552 0.000734 0.000968 0.001265 0.001639 0.002106 0.002681 0.003384 0.004234 0.005252 0.006458 0.007871 0.009510 0.011390 0.013523 0.015915 0.018567 0.021471 0.024611 0.027965 0.031497 0.035165 0.038915 0.042689 0.046418 0.050029 0.053449 0.056602 0.059415 0.061820 0.063758 0.065179 0.066047 0.066339 0.066047 0.065179 0.063758 0.061820 0.059415 0.056602 0.053449 0.050029 0.046418 0.042689 0.038915 0.035165 0.031497 0.027965 0.024611 0.021471 0.018567 0.015915 0.013523 0.011390 0.009510 0.007871 0.006458 0.005252 0.004234 0.003384 0.002681 0.002106 0.001639 0.001265 0.000968 0.000734 0.000552 0.000412 0.000304 0.000223 0.000162 0.000117 0.000083 0.000059 0.000041 0.000029 0.000020 0.000013 0.000009 0.000006 0.000003 0.000002 0.000000 
0.000000 0.000001 0.000003 0.000005 0.000009 0.000013 0.000019 0.000028 0.000041 0.000059 0.000085 0.000120 0.000167 0.000233 0.000320 0.000437 0.000591 0.000793 0.001054 0.001389 0.001816 0.002352 0.003021 0.003845 0.004853 0.006072 0.007530 0.009257 0.011282 0.013630 0.016323 0.019377 0.022802 0.026599 0.030756 0.035252 0.040052 0.045108 0.050357 0.055725 0.061125 0.066461 0.071629 0.076522 0.081033 0.085057 0.088498 0.091270 0.093304 0.094545 0.094963 0.094545 0.093304 0.091270 0.088498 0.085057 0.081033 0.076522 0.071629 0.066461 0.061125 0.055725 0.050357 0.045108 0.040052 0.035252 0.030756 0.026599 0.022802 0.019377 0.016323 0.013630 0.011282 0.009257 0.007530 0.006072 0.004853 0.003845 0.003021 0.002352 0.001816 0.001389 0.001054 0.000793 0.000591 0.000437 0.000320 0.000233 0.000167 0.000120 0.000085 0.000059 0.000041 0.000028 0.000019 0.000013 0.000008 0.000005 0.000002 0.000000 
0.000000 0.000002 0.000005 0.000008 0.000012 0.000019 0.000028 0.000041 0.000059 0.000085 0.000121 0.000170 0.000239 0.000331 0.000456 0.000622 0.000841 0.001128 0.001500 0.001976 0.002582 0.003345 0.004295 0.005467 0.006898 0.008629 0.010700 0.013154 0.016029 0.019362 0.023185 0.027520 0.032382 0.037769 0.043669 0.050048 0.056859 0.064032 0.071478 0.079093 0.086752 0.094321 0.101651 0.108591 0.114988 0.120695 0.125575 0.129506 0.132390 0.134150 0.134742 0.134150 0.132390 0.129506 0.125575 0.120695 0.114988 0.108591 0.101651 0.094321 0.086752 0.079093 0.071478 0.064032 0.056859 0.050048 0.043669 0.037769 0.032382 0.027520 0.023185 0.019362 0.016029 0.013154 0.010700 0.008629 0.006898 0.005467 0.004295 0.003345 0.002582 0.001976 0.001500 0.001128 0.000841 0.000622 0.000456 0.000331 0.000239 0.000170 0.000121 0.000085 0.000059 0.000040 0.000027 0.000018 0.000012 0.000007 0.000003 0.000000 
0.000000 0.000003 0.000007 0.000011 0.000017 0.000026 0.000039 0.000057 0.000083 0.000120 0.000170 0.000241 0.000337 0.000467 0.000643 0.000877 0.001187 0.001591 0.002115 0.002787 0.003641 0.004715 0.006053 0.007704 0.009720 0.012158 0.015074 0.018528 0.022575 0.027267 0.032647 0.038748 0.045588 0.053169 0.061468 0.070443 0.080023 0.090111 0.100584 0.111293 0.122064 0.132706 0.143013 0.152771 0.161766 0.169790 0.176650 0.182178 0.186231 0.188707 0.189539 0.188707 0.186231 0.182178 0.176650 0.169790 0.161766 0.152771 0.143013 0.132706 0.122064 0.111293 0.100584 0.090111 0.080023 0.070443 0.061468 0.053169 0.045588 0.038748 0.032647 0.027267 0.022575 0.018528 0.015074 0.012158 0.009720 0.007704 0.006053 0.004715 0.003641 0.002787 0.002115 0.001591 0.001187 0.000877 0.000643 0.000467 0.000337 0.000241 0.000170 0.000120 0.000083 0.000057 0.000039 0.000026 0.000017 0.000010 0.000005 0.000000 
0.000000 0.000004 0.000009 0.000016 0.000024 0.000037 0.000055 0.000080 0.000117 0.000167 0.000239 0.000337 0.000471 0.000654 0.000900 0.001228 0.001660 0.002225 0.002957 0.003896 0.005089 0.006590 0.008459 0.010765 0.013580 0.016983 0.021054 0.025875 0.031523 0.038070 0.045577 0.054090 0.063633 0.074207 0.085783 0.098300 0.111660 0.125729 0.140333 0.155264 0.170282 0.185119 0.199489 0.213092 0.225631 0.236816 0.246379 0.254084 0.259734 0.263185 0.264345 0.263185 0.259734 0.254084 0.246379 0.236816 0.225631 0.213092 0.199489 0.185119 0.170282 0.155264 0.140333 0.125729 0.111660 0.098300 0.085783 0.074207 0.063633 0.054090 0.045577 0.038070 0.031523 0.025875 0.021054 0.016983 0.013580 0.010765 0.008459 0.006590 0.005089 0.003896 0.002957 0.002225 0.001660 0.001228 0.000900 0.000654 0.000471 0.000337 0.000238 0.000167 0.000116 0.000080 0.000054 0.000036 0.000023 0.000014 0.000006 0.000000 
0.000000 0.000006 0.000013 0.000022 0.000034 0.000051 0.000076 0.000112 0.000162 0.000233 0.000331 0.000467 0.000654 0.000908 0.001249 0.001703 0.002302 0.003085 0.004100 0.005400 0.007053 0.009131 0.011720 0.014912 0.018809 0.023520 0.029155 0.035826 0.043642 0.052701 0.063086 0.074861 0.088061 0.102686 0.118695 0.136005 0.154478 0.173930 0.194121 0.214763 0.235524 0.256034 0.275897 0.294700 0.312031 0.327490 0.340707 0.351355 0.359165 0.363933 0.365537 0.363933 0.359165 0.351355 0.340707 0.327490 0.312031 0.294700 0.275897 0.256034 0.235524 0.214763 0.194121 0.173930 0.154478 0.136005 0.118695 0.102686 0.088061 0.074861 0.063086 0.052701 0.043642 0.035826 0.029155 0.023520 0.018809 0.014912 0.011720 0.009131 0.007053 0.005400 0.004100 0.003085 0.002302 0.001703 0.001248 0.000908 0.000654 0.000467 0.000331 0.000232 0.000162 0.000111 0.000076 0.000050 0.000032 0.000019 0.000009 0.000000 
0.000000 0.000008 0.000018 0.000030 0.000047 0.000071 0.000105 0.000154 0.000223 0.000320 0.000456 0.000643 0.000900 0.001249 0.001717 0.002341 0.003165 0.004241 0.005634 0.007421 0.009690 0.012544 0.016098 0.020480 0.025830 0.032294 0.040027 0.049181 0.059904 0.072331 0.086576 0.102727 0.120829 0.140884 0.162836 0.186568 0.211896 0.238562 0.266240 0.294535 0.322991 0.351102 0.378324 0.404094 0.427844 0.449030 0.467142 0.481734 0.492435 0.498969 0.501167 0.498969 0.492435 0.481734 0.467142 0.449030 0.427844 0.404094 0.378324 0.351102 0.322991 0.294535 0.266240 0.238562 0.211896 0.186568 0.162836 0.140884 0.120829 0.102727 0.086576 0.072331 0.059904 0.049181 0.040027 0.032294 0.025830 0.020480 0.016098 0.012544 0.009690 0.007421 0.005634 0.004241 0.003165 0.002341 0.001717 0.001248 0.000900 0.000643 0.000456 0.000320 0.000222 0.000153 0.000104 0.000069 0.000044 0.000026 0.000012 0.000000 
0.000000 0.000011 0.000024 0.000041 0.000064 0.000097 0.000143 0.000210 0.000304 0.000437 0.000622 0.000877 0.001228 0.001703 0.002341 0.003192 0.004313 0.005780 0.007677 0.010111 0.013200 0.017086 0.021923 0.027888 0.035168 0.043964 0.054485 0.066938 0.081524 0.098426 0.117800 0.139762 0.164376 0.191643 0.221488 0.253750 0.288178 0.324424 0.362042 0.400497 0.439170 0.477371 0.514363 0.549380 0.581652 0.610438 0.635048 0.654873 0.669413 0.678291 0.681277 0.678291 0.669413 0.654873 0.635048 0.610438 0.581652 0.549380 0.514363 0.477371 0.439170 0.400497 0.362042 0.324424 0.288178 0.253750 0.221488 0.191643 0.164376 0.139762 0.117800 0.098426 0.081524 0.066938 0.054485 0.043964 0.035168 0.027888 0.021923 0.017086 0.013200 0.010111 0.007677 0.005780 0.004313 0.003191 0.002341 0.001703 0.001228 0.000877 0.000622 0.000437 0.000304 0.000209 0.000142 0.000095 0.000061 0.000036 0.000017 0.000000 
0.000000 0.000015 0.000032 0.000055 0.000086 0.000131 0.000194 0.000284 0.000412 0.000591 0.000841 0.001187 0.001660 0.002302 0.003165 0.004313 0.005829 0.007809 0.010372 0.013657 0.017828 0.023072 0.029601 0.037649 0.047472 0.059339 0.073531 0.090327 0.109998 0.132791 0.158915 0.188526 0.221710 0.258467 0.298696 0.342181 0.388581 0.437428 0.488123 0.539942 0.592051 0.643523 0.693364 0.740541 0.784021 0.822801 0.855955 0.882663 0.902249 0.914210 0.918232 0.914210 0.902249 0.882663 0.855955 0.822801 0.784021 0.740541 0.693364 0.643523 0.592051 0.539942 0.488123 0.437428 0.388581 0.342181 0.298696 0.258467 0.221710 0.188526 0.158915 0.132791 0.109998 0.090327 0.073531 0.059339 0.047472 0.037649 0.029601 0.023072 0.017828 0.013657 0.010372 0.007809 0.005829 0.004313 0.003165 0.002302 0.001660 0.001187 0.000841 0.000591 0.000411 0.000283 0.000192 0.000128 0.000082 0.000049 0.000023 0.000000 
0.000000 0.000020 0.000044 0.000074 0.000116 0.000175 0.000260 0.000381 0.000552 0.000793 0.001128 0.001591 0.002225 0.003085 0.004241 0.005780 0.007809 0.010460 0.013891 0.018288 0.023871 0.030888 0.039624 0.050392 0.063532 0.079405 0.098385 0.120847 0.147150 0.177624 0.212549 0.252132 0.296487 0.345615 0.399380 0.457491 0.519495 0.584764 0.652498 0.721731 0.791348 0.860111 0.926692 0.989712 1.047791 1.099592 1.143876 1.179550 1.205711 1.221686 1.227058 1.221686 1.205711 1.179550 1.143876 1.099592 1.047791 0.989712 0.926692 0.860111 0.791348 0.721731 0.652498 0.584764 0.519495 0.457491 0.399380 0.345615 0.296487 0.252132 0.212549 0.177624 0.147150 0.120847 0.098385 0.079405 0.063532 0.050392 0.039624 0.030888 0.023871 0.018288 0.013891 0.010460 0.007809 0.005780 0.004241 0.003085 0.002225 0.001591 0.001128 0.000792 0.000551 0.000380 0.000258 0.000172 0.000110 0.000065 0.000030 0.000000 
0.000000 0.000027 0.000058 0.000099 0.000154 0.000233 0.000346 0.000507 0.000734 0.001054 0.001500 0.002115 0.002957 0.004100 0.005634 0.007677 0.010372 0.013891 0.018445 0.024281 0.031688 0.040998 0.052587 0.066869 0.084296 0.105346 0.130514 0.160294 0.195165 0.235561 0.281853 0.334314 0.393097 0.458199 0.529439 0.606435 0.688583 0.775052 0.864781 0.956491 1.048705 1.139785 1.227971 1.311439 1.388358 1.456962 1.515609 1.562853 1.597499 1.618655 1.625769 1.618655 1.597499 1.562853 1.515609 1.456962 1.388358 1.311439 1.227971 1.139785 1.048705 0.956491 0.864781 0.775052 0.688583 0.606435 0.529439 0.458199 0.393097 0.334314 0.281853 0.235561 0.195165 0.160294 0.130514 0.105346 0.084296 0.066869 0.052587 0.040998 0.031688 0.024281 0.018445 0.013891 0.010372 0.007677 0.005634 0.004099 0.002957 0.002115 0.001499 0.001053 0.000733 0.000505 0.000343 0.000229 0.000147 0.000087 0.000040 0.000000 
0.000000 0.000035 0.000077 0.000130 0.000204 0.000308 0.000457 0.000668 0.000968 0.001389 0.001976 0.002787 0.003896 0.005400 0.007421 0.010111 0.013657 0.018288 0.024281 0.031959 0.041703 0.053950 0.069191 0.087973 0.110888 0.138563 0.171650 0.210796 0.256629 0.309720 0.370554 0.439491 0.516727 0.602260 0.695852 0.796998 0.904906 1.018483 1.136335 1.256784 1.377889 1.497500 1.613306 1.722912 1.823917 1.913999 1.991007 2.053040 2.098531 2.126308 2.135649 2.126308 2.098531 2.053040 1.991007 1.913999 1.823917 1.722912 1.613306 1.497500 1.377889 1.256784 1.136335 1.018483 0.904906 0.796998 0.695852 0.602260 0.516727 0.439491 0.370554 0.309720 0.256629 0.210796 0.171650 0.138563 0.110888 0.087973 0.069191 0.053950 0.041703 0.031959 0.024281 0.018288 0.013657 0.010111 0.007421 0.005400 0.003896 0.002787 0.001976 0.001388 0.000967 0.000666 0.000453 0.000302 0.000194 0.000115 0.000053 0.000000 
0.000000 0.000046 0.000100 0.000170 0.000266 0.000403 0.000597 0.000874 0.001265 0.001816 0.002582 0.003641 0.005089 0.007053 0.009690 0.013200 0.017828 0.023871 0.031688 0.041703 0.054412 0.070382 0.090256 0.114743 0.144615 0.180691 0.223814 0.274832 0.334558 0.403736 0.482997 0.572807 0.673423 0.784839 0.906744 1.038479 1.179014 1.326923 1.480392 1.637235 1.794926 1.950664 2.101443 2.244145 2.375645 2.492922 2.593176 2.673933 2.733154 2.769315 2.781474 2.769315 2.733154 2.673933 2.593176 2.492922 2.375645 2.244145 2.101443 1.950664 1.794926 1.637235 1.480392 1.326923 1.179014 1.038479 0.906744 0.784839 0.673423 0.572807 0.482997 0.403736 0.334558 0.274832 0.223814 0.180691 0.144615 0.114743 0.090256 0.070382 0.054412 0.041703 0.031688 0.023871 0.017828 0.013200 0.009690 0.007053 0.005089 0.003640 0.002581 0.001814 0.001263 0.000870 0.000592 0.000394 0.000253 0.000150 0.000070 0.000000 
0.000000 0.000060 0.000130 0.000220 0.000345 0.000522 0.000774 0.001132 0.001639 0.002352 0.003345 0.004715 0.006590 0.009131 0.012544 0.017086 0.023072 0.030888 0.040998 0.053950 0.070382 0.091030 0.116721 0.148373 0.186981 0.233602 0.289326 0.355244 0.432408 0.521776 0.624160 0.740163 0.870114 1.014003 1.171428 1.341538 1.522999 1.713972 1.912115 2.114602 2.318177 2.519223 2.713859 2.898065 3.067805 3.219184 3.348585 3.452821 3.529258 3.575931 3.591626 3.575931 3.529258 3.452821 3.348585 3.219184 3.067805 2.898065 2.713859 2.519223 2.318177 2.114602 1.912115 1.713972 1.522999 1.341538 1.171428 1.014003 0.870114 0.740163 0.624160 0.521776 0.432408 0.355244 0.289326 0.233602 0.186981 0.148373 0.116721 0.091030 0.070382 0.053950 0.040998 0.030888 0.023072 0.017086 0.012544 0.009131 0.006589 0.004714 0.003344 0.002350 0.001637 0.001128 0.000767 0.000511 0.000328 0.000195 0.000090 0.000000 
0.000000 0.000077 0.000167 0.000283 0.000444 0.000671 0.000994 0.001454 0.002106 0.003021 0.004295 0.006053 0.008459 0.011720 0.016098 0.021923 0.029601 0.039624 0.052587 0.069191 0.090256 0.116721 0.149647 0.190208 0.239679 0.299411 0.370799 0.455239 0.554077 0.668537 0.799658 0.948209 1.114609 1.298846 1.500401 1.718183 1.950484 2.194950 2.448581 2.707763 2.968325 3.225641 3.474745 3.710492 3.927721 4.121447 4.287044 4.420435 4.518250 4.577976 4.598060 4.577976 4.518250 4.420435 4.287044 4.121447 3.927721 3.710492 3.474745 3.225641 2.968325 2.707763 2.448581 2.194950 1.950484 1.718183 1.500401 1.298846 1.114609 0.948209 0.799658 0.668537 0.554077 0.455239 0.370799 0.299411 0.239679 0.190208 0.149647 0.116721 0.090256 0.069191 0.052587 0.039624 0.029601 0.021923 0.016098 0.011719 0.008459 0.006053 0.004293 0.003018 0.002102 0.001449 0.000985 0.000657 0.000422 0.000250 0.000116 0.000000 
0.000000 0.000098 0.000213 0.000361 0.000565 0.000854 0.001266 0.001852 0.002681 0.003845 0.005467 0.007704 0.010765 0.014912 0.020480 0.027888 0.037649 0.050392 0.066869 0.087973 0.114743 0.148373 0.190208 0.241739 0.304584 0.380456 0.471126 0.578365 0.703878 0.849218 1.015701 1.204302 1.415548 1.649424 1.905268 2.181694 2.476534 2.786797 3.108677 3.437586 3.768235 4.094752 4.410840 4.709969 4.985595 5.231393 5.441500 5.610739 5.734842 5.810619 5.836100 5.810619 5.734842 5.610739 5.441500 5.231393 4.985595 4.709969 4.410840 4.094752 3.768235 3.437586 3.108677 2.786797 2.476534 2.181694 1.905268 1.649424 1.415548 1.204302 1.015701 0.849218 0.703878 0.578365 0.471126 0.380456 0.304584 0.241739 0.190208 0.148373 0.114743 0.087973 0.066869 0.050392 0.037649 0.027887 0.020480 0.014911 0.010764 0.007703 0.005465 0.003843 0.002677 0.001845 0.001255 0.000837 0.000538 0.000319 0.000148 0.000000 
0.000000 0.000124 0.000269 0.000456 0.000714 0.001079 0.001598 0.002338 0.003384 0.004853 0.006898 0.009720 0.013580 0.018809 0.025830 0.035168 0.047472 0.063532 0.084296 0.110888 0.144615 0.186981 0.239679 0.304584 0.383731 0.479276 0.593447 0.728469 0.886487 1.069453 1.279021 1.516413 1.782293 2.076636 2.398607 2.746462 3.117468 3.507863 3.912857 4.326678 4.742673 5.153454 5.551102 5.927405 6.274133 6.583333 6.847629 7.060516 7.216622 7.311941 7.343992 7.311941 7.216622 7.060516 6.847629 6.583333 6.274133 5.927405 5.551102 5.153454 4.742673 4.326678 3.912857 3.507863 3.117468 2.746462 2.398607 2.076636 1.782293 1.516413 1.279021 1.069453 0.886487 0.728469 0.593447 0.479276 0.383731 0.304584 0.239679 0.186981 0.144615 0.110888 0.084296 0.063531 0.047471 0.035167 0.025830 0.018809 0.013579 0.009719 0.006896 0.004850 0.003378 0.002329 0.001584 0.001056 0.000679 0.000402 0.000187 0.000000 
0.000000 0.000156 0.000337 0.000571 0.000894 0.001350 0.002001 0.002926 0.004234 0.006072 0.008629 0.012158 0.016983 0.023520 0.032294 0.043964 0.059339 0.079405 0.105346 0.138563 0.180691 0.233602 0.299411 0.380456 0.479276 0.598561 0.741086 0.909628 1.106859 1.335213 1.596749 1.892989 2.224758 2.592021 2.993735 3.427720 3.890565 4.377576 4.882777 5.398968 5.917851 6.430214 6.926181 7.395513 7.827949 8.213572 8.543187 8.808684 9.003367 9.122239 9.162211 9.122239 9.003367 8.808684 8.543187 8.213572 7.827949 7.395513 6.926181 6.430214 5.917851 5.398968 4.882777 4.377576 3.890565 3.427720 2.993735 2.592021 2.224758 1.892989 1.596749 1.335213 1.106859 0.909628 0.741086 0.598561 0.479276 0.380456 0.299411 0.233602 0.180691 0.138563 0.105346 0.079405 0.059339 0.043964 0.032294 0.023519 0.016982 0.012156 0.008626 0.006067 0.004227 0.002914 0.001983 0.001322 0.000850 0.000504 0.000234 0.000000 
0.000000 0.000193 0.000418 0.000709 0.001109 0.001676 0.002482 0.003629 0.005252 0.007530 0.010700 0.015074 0.021054 0.029155 0.040027 0.054485 0.073531 0.098385 0.130514 0.171650 0.223814 0.289326 0.370799 0.471126 0.593447 0.741086 0.917475 1.126049 1.370106 1.652656 1.976242 2.342741 2.753171 3.207484 3.704386 4.241178 4.813639 5.415963 6.040757 6.679119 7.320787 7.954371 8.567663 9.148005 9.682710 10.159523 10.567077 10.895347 11.136058 11.283034 11.332456 11.283034 11.136058 10.895347 10.567077 10.159523 9.682710 9.148005 8.567663 7.954371 7.320787 6.679119 6.040757 5.415963 4.813639 4.241178 3.704386 3.207484 2.753171 2.342741 1.976242 1.652656 1.370106 1.126049 0.917475 0.741086 0.593447 0.471126 0.370799 0.289326 0.223814 0.171650 0.130514 0.098385 0.073531 0.054485 0.040027 0.029154 0.021053 0.015072 0.010697 0.007524 0.005243 0.003615 0.002460 0.001641 0.001055 0.000625 0.000290 0.000000 
0.000000 0.000238 0.000514 0.000872 0.001365 0.002061 0.003053 0.004463 0.006458 0.009257 0.013154 0.018528 0.025875 0.035826 0.049181 0.066938 0.090327 0.120847 0.160294 0.210796 0.274832 0.355244 0.455239 0.578365 0.728469 0.909628 1.126049 1.381938 1.681339 2.027940 2.424851 2.874374 3.377748 3.934913 4.544276 5.202526 5.904482 6.643025 7.409089 8.191759 8.978456 9.755218 10.507082 11.218532 11.874022 12.458531 12.958131 13.360535 13.655604 13.835769 13.896351 13.835769 13.655604 13.360535 12.958131 12.458531 11.874022 11.218532 10.507082 9.755218 8.978456 8.191759 7.409089 6.643025 5.904482 5.202526 4.544276 3.934913 3.377748 2.874374 2.424851 2.027940 1.681339 1.381938 1.126049 0.909628 0.728469 0.578365 0.455239 0.355244 0.274832 0.210796 0.160294 0.120847 0.090327 0.066938 0.049181 0.035825 0.025873 0.018525 0.013149 0.009251 0.006447 0.004446 0.003025 0.002018 0.001298 0.000769 0.000357 0.000000 
0.000000 0.000290 0.000627 0.001063 0.001664 0.002513 0.003722 0.005441 0.007871 0.011282 0.016029 0.022575 0.031523 0.043642 0.059904 0.081524 0.109998 0.147150 0.195165 0.256629 0.334558 0.432408 0.554077 0.703878 0.886487 1.106859 1.370106 1.681339 2.045471 2.466979 2.949641 3.496248 4.108304 4.785727 5.526579 6.326827 7.180174 8.077959 9.009165 9.960522 10.916742 11.860860 12.774691 13.639381 14.436042 15.146422 15.753598 16.242645 16.601243 16.820195 16.893820 16.820195 16.601243 16.242645 15.753598 15.146422 14.436042 13.639381 12.774691 11.860860 10.916742 9.960522 9.009165 8.077959 7.180174 6.326827 5.526579 4.785727 4.108304 3.496248 2.949641 2.466979 2.045471 1.681339 1.370106 1.106859 0.886487 0.703878 0.554077 0.432408 0.334558 0.256629 0.195165 0.147150 0.109998 0.081523 0.059903 0.043641 0.031521 0.022572 0.016023 0.011274 0.007858 0.005420 0.003688 0.002461 0.001583 0.000938 0.000435 0.000000 
0.000000 0.000351 0.000758 0.001286 0.002012 0.003037 0.004498 0.006574 0.009510 0.013630 0.019362 0.027267 0.038070 0.052701 0.072331 0.098426 0.132791 0.177624 0.235561 0.309720 0.403736 0.521776 0.668537 0.849218 1.069453 1.335213 1.652656 2.027940 2.466979 2.975165 3.557048 4.215984 4.953778 5.770327 6.663289 7.627798 8.656261 9.738240 10.860454 12.006915 13.159200 14.296869 15.398013 16.439922 17.399839 18.255779 18.987359 19.576599 20.008661 20.272467 20.361174 20.272467 20.008661 19.576599 18.987359 18.255779 17.399839 16.439922 15.398013 14.296869 13.159200 12.006915 10.860454 9.738240 8.656261 7.627798 6.663289 5.770327 4.953778 4.215984 3.557048 2.975165 2.466979 2.027940 1.652656 1.335213 1.069453 0.849218 0.668537 0.521776 0.403736 0.309720 0.235561 0.177624 0.132791 0.098425 0.072330 0.052699 0.038068 0.027263 0.019356 0.013620 0.009494 0.006549 0.004457 0.002974 0.001913 0.001134 0.000526 0.000000 
0.000000 0.000420 0.000908 0.001541 0.002410 0.003639 0.005388 0.007875 0.011390 0.016323 0.023185 0.032647 0.045577 0.063086 0.086576 0.117800 0.158915 0.212549 0.281853 0.370554 0.482997 0.624160 0.799658 1.015701 1.279021 1.596749 1.976242 2.424851 2.949641 3.557048 4.252500 5.040003 5.921705 6.897476 7.964509 9.116989 10.345837 11.638578 12.979345 14.349037 15.725647 17.084758 18.400203 19.644857 20.791543 21.814005 22.687901 23.391760 23.907863 24.222980 24.328941 24.222980 23.907863 23.391760 22.687901 21.814005 20.791543 19.644857 18.400203 17.084758 15.725647 14.349037 12.979345 11.638578 10.345837 9.116989 7.964509 6.897476 5.921705 5.040003 4.252500 3.557048 2.949641 2.424851 1.976242 1.596749 1.279021 1.015701 0.799658 0.624160 0.482997 0.370554 0.281853 0.212549 0.158915 0.117799 0.086576 0.063085 0.045575 0.032642 0.023177 0.016311 0.011371 0.007844 0.005340 0.003563 0.002292 0.001359 0.000631 0.000000 
0.000000 0.000499 0.001079 0.001830 0.002863 0.004322 0.006398 0.009350 0.013523 0.019377 0.027520 0.038748 0.054090 0.074861 0.102727 0.139762 0.188526 0.252132 0.334314 0.439491 0.572807 0.740163 0.948209 1.204302 1.516413 1.892989 2.342741 2.874374 3.496248 4.215984 5.040003 5.973041 7.017637 8.173627 9.437681 10.802901 12.258532 13.789792 15.377886 17.000190 18.630642 20.240327 21.798260 23.272322 24.630335 25.841212 26.876132 27.709675 28.320863 28.694036 28.819518 28.694036 28.320863 27.709675 26.876132 25.841212 24.630335 23.272322 21.798260 20.240327 18.630642 17.000190 15.377886 13.789792 12.258532 10.802901 9.437681 8.173627 7.017637 5.973041 5.040003 4.215984 3.496248 2.874374 2.342741 1.892989 1.516413 1.204302 0.948209 0.740163 0.572807 0.439491 0.334314 0.252132 0.188525 0.139761 0.102726 0.074859 0.054086 0.038743 0.027511 0.019363 0.013500 0.009314 0.006341 0.004231 0.002723 0.001614 0.000749 0.000000 
0.000000 0.000588 0.001271 0.002155 0.003370 0.005088 0.007532 0.011005 0.015915 0.022802 0.032382 0.045588 0.063633 0.088061 0.120829 0.164376 0.221710 0.296487 0.393097 0.516727 0.673423 0.870114 1.114609 1.415548 1.782293 2.224758 2.753171 3.377748 4.108304 4.953778 5.921705 7.017637 8.244545 9.602231 11.086773 12.690067 14.399473 16.197634 18.062476 19.967434 21.881908 23.771952 25.601190 27.331917 28.926361 30.348033 31.563101 32.541729 33.259295 33.697416 33.844737 33.697416 33.259295 32.541729 31.563101 30.348033 28.926361 27.331917 25.601190 23.771952 21.881908 19.967434 18.062476 16.197634 14.399473 12.690067 11.086773 9.602231 8.244545 7.017637 5.921705 4.953778 4.108304 3.377748 2.753171 2.224758 1.782293 1.415548 1.114609 0.870114 0.673423 0.516727 0.393097 0.296487 0.221709 0.164375 0.120828 0.088059 0.063629 0.045582 0.032371 0.022786 0.015888 0.010963 0.007464 0.004981 0.003205 0.001900 0.000882 0.000000 
0.000000 0.000686 0.001483 0.002515 0.003933 0.005937 0.008788 0.012840 0.018567 0.026599 0.037769 0.053169 0.074207 0.102686 0.140884 0.191643 0.258467 0.345615 0.458199 0.602260 0.784839 1.014003 1.298846 1.649424 2.076636 2.592021 3.207484 3.934913 4.785727 5.770327 6.897476 8.173627 9.602231 11.183045 12.911497 14.778142 16.768261 18.861641 21.032585 23.250169 25.478774 27.678891 29.808180 31.822764 33.678683 35.333473 36.747765 37.886840 38.722045 39.231991 39.403463 39.231991 38.722045 37.886840 36.747765 35.333473 33.678683 31.822764 29.808180 27.678891 25.478774 23.250169 21.032585 18.861641 16.768261 14.778142 12.911497 11.183045 9.602231 8.173627 6.897476 5.770327 4.785727 3.934913 3.207484 2.592021 2.076636 1.649424 1.298846 1.014003 0.784839 0.602260 0.458199 0.345615 0.258466 0.191642 0.140882 0.102683 0.074202 0.053161 0.037757 0.026579 0.018535 0.012790 0.008709 0.005813 0.003741 0.002218 0.001030 0.000000 
0.000000 0.000794 0.001716 0.002909 0.004550 0.006867 0.010164 0.014850 0.021471 0.030756 0.043669 0.061468 0.085783 0.118695 0.162836 0.221488 0.298696 0.399380 0.529439 0.695852 0.906744 1.171428 1.500401 1.905268 2.398607 2.993735 3.704386 4.544276 5.526579 6.663289 7.964509 9.437681 11.086773 12.911497 14.906564 17.061066 19.358008 21.774059 24.279558 26.838817 29.410734 31.949719 34.406919 36.731709 38.873370 40.782911 42.414912 43.729320 44.693078 45.281511 45.479373 45.281511 44.693078 43.729320 42.414912 40.782911 38.873370 36.731709 34.406919 31.949719 29.410734 26.838817 24.279558 21.774059 19.358008 17.061066 14.906564 12.911497 11.086773 9.437681 7.964509 6.663289 5.526579 4.544276 3.704386 2.993735 2.398607 1.905268 1.500401 1.171428 0.906744 0.695852 0.529439 0.399379 0.298695 0.221487 0.162834 0.118692 0.085778 0.061460 0.043655 0.030733 0.021434 0.014792 0.010073 0.006724 0.004327 0.002566 0.001191 0.000000 
0.000000 0.000911 0.001968 0.003336 0.005218 0.007874 0.011653 0.017023 0.024611 0.035252 0.050048 0.070443 0.098300 0.136005 0.186568 0.253750 0.342181 0.457491 0.606435 0.796998 1.038479 1.341538 1.718183 2.181694 2.746462 3.427720 4.241178 5.202526 6.326827 7.627798 9.116989 10.802901 12.690067 14.778142 17.061066 19.526349 22.154538 24.918933 27.785597 30.713699 33.656217 36.560998 39.372160 42.031794 44.481889 46.666407 48.533400 50.037057 51.139571 51.812720 52.039068 51.812720 51.139571 50.037057 48.533400 46.666407 44.481889 42.031794 39.372160 36.560998 33.656217 30.713699 27.785597 24.918933 22.154538 19.526349 17.061066 14.778142 12.690067 10.802901 9.116989 7.627798 6.326827 5.202526 4.241178 3.427720 2.746462 2.181694 1.718183 1.341538 1.038479 0.796998 0.606435 0.457491 0.342180 0.253749 0.186566 0.136001 0.098294 0.070433 0.050032 0.035226 0.024570 0.016957 0.011548 0.007709 0.004962 0.002942 0.001366 0.000000 
0.000000 0.001035 0.002237 0.003792 0.005930 0.008949 0.013243 0.019344 0.027965 0.040052 0.056859 0.080023 0.111660 0.154478 0.211896 0.288178 0.388581 0.519495 0.688583 0.904906 1.179014 1.522999 1.950484 2.476534 3.117468 3.890565 4.813639 5.904482 7.180174 8.656261 10.345837 12.258532 14.399473 16.768261 19.358008 22.154538 25.135776 28.271434 31.523016 34.844209 38.181683 41.476291 44.664663 47.681127 50.459902 52.937445 55.054850 56.760174 58.010547 58.773970 59.030673 58.773970 58.010547 56.760174 55.054850 52.937445 50.459902 47.681127 44.664663 41.476291 38.181683 34.844209 31.523016 28.271434 25.135776 22.154538 19.358008 16.768261 14.399473 12.258532 10.345837 8.656261 7.180174 5.904482 4.813639 3.890565 3.117468 2.476534 1.950484 1.522999 1.179014 0.904906 0.688583 0.519495 0.388580 0.288177 0.211893 0.154474 0.111654 0.080012 0.056841 0.040023 0.027917 0.019269 0.013123 0.008761 0.005639 0.003344 0.001553 0.000000 
0.000000 0.001167 0.002521 0.004273 0.006681 0.010081 0.014918 0.021789 0.031497 0.045108 0.064032 0.090111 0.125729 0.173930 0.238562 0.324424 0.437428 0.584764 0.775052 1.018483 1.326923 1.713972 2.194950 2.786797 3.507863 4.377576 5.415963 6.643025 8.077959 9.738240 11.638578 13.789792 16.197634 18.861641 21.774059 24.918933 28.271434 31.797498 35.453833 39.188366 42.941132 46.645634 50.230623 53.622273 56.746630 59.532263 61.912954 63.830309 65.236140 66.094475 66.383092 66.094475 65.236140 63.830309 61.912954 59.532263 56.746630 53.622273 50.230623 46.645634 42.941132 39.188366 35.453833 31.797498 28.271434 24.918933 21.774059 18.861641 16.197634 13.789792 11.638578 9.738240 8.077959 6.643025 5.415963 4.377576 3.507863 2.786797 2.194950 1.713972 1.326923 1.018482 0.775052 0.584764 0.437427 0.324422 0.238559 0.173925 0.125721 0.090099 0.064011 0.045075 0.031443 0.021704 0.014783 0.009870 0.006353 0.003768 0.001750 0.000000 
0.000000 0.001303 0.002815 0.004772 0.007461 0.011257 0.016657 0.024328 0.035165 0.050357 0.071478 0.100584 0.140333 0.194121 0.266240 0.362042 0.488123 0.652498 0.864781 1.136335 1.480392 1.912115 2.448581 3.108677 3.912857 4.882777 6.040757 7.409089 9.009165 10.860454 12.979345 15.377886 18.062476 21.032585 24.279558 27.785597 31.523016 35.453833 39.529789 43.692835 47.876130 52.005555 56.001701 59.782283 63.264881 66.369886 69.023500 71.160648 72.727626 73.684347 74.006046 73.684347 72.727626 71.160648 69.023500 66.369886 63.264881 59.782283 56.001701 52.005555 47.876130 43.692835 39.529789 35.453833 31.523016 27.785597 24.279558 21.032585 18.062476 15.377886 12.979345 10.860454 9.009165 7.409089 6.040757 4.882777 3.912857 3.108677 2.448581 1.912115 1.480392 1.136335 0.864781 0.652498 0.488122 0.362041 0.266237 0.194116 0.140324 0.100570 0.071455 0.050320 0.035105 0.024233 0.016507 0.011021 0.007095 0.004208 0.001954 0.000000 
0.000000 0.001442 0.003117 0.005282 0.008259 0.012460 0.018436 0.026925 0.038915 0.055725 0.079093 0.111293 0.155264 0.214763 0.294535 0.400497 0.539942 0.721731 0.956491 1.256784 1.637235 2.114602 2.707763 3.437586 4.326678 5.398968 6.679119 8.191759 9.960522 12.006915 14.349037 17.000190 19.967434 23.250169 26.838817 30.713699 34.844209 39.188366 43.692835 48.293465 52.916397 57.479728 61.895714 66.073439 69.921837 73.352949 76.285240 78.646812 80.378332 81.435512 81.790989 81.435512 80.378332 78.646812 76.285240 73.352949 69.921837 66.073439 61.895714 57.479728 52.916397 48.293465 43.692835 39.188366 34.844209 30.713699 26.838817 23.250169 19.967434 17.000190 14.349037 12.006915 9.960522 8.191759 6.679119 5.398968 4.326678 3.437586 2.707763 2.114602 1.637234 1.256783 0.956491 0.721730 0.539941 0.400495 0.294531 0.214757 0.155255 0.111277 0.079067 0.055684 0.038849 0.026819 0.018269 0.012199 0.007853 0.004658 0.002163 0.000000 
0.000000 0.001583 0.003420 0.005796 0.009062 0.013671 0.020226 0.029537 0.042689 0.061125 0.086752 0.122064 0.170282 0.235524 0.322991 0.439170 0.592051 0.791348 1.048705 1.377889 1.794926 2.318177 2.968325 3.768235 4.742673 5.917851 7.320787 8.978456 10.916742 13.159200 15.725647 18.630642 21.881908 25.478774 29.410734 33.656217 38.181683 42.941132 47.876130 52.916397 57.981019 62.980277 67.818054 72.394761 76.610649 80.369373 83.581625 86.168654 88.065473 89.223572 89.612983 89.223572 88.065473 86.168654 83.581625 80.369373 76.610649 72.394761 67.818054 62.980277 57.981019 52.916397 47.876130 42.941132 38.181683 33.656217 29.410734 25.478774 21.881908 18.630642 15.725647 13.159200 10.916742 8.978456 7.320787 5.917851 4.742673 3.768235 2.968325 2.318177 1.794926 1.377889 1.048705 0.791347 0.592050 0.439168 0.322987 0.235518 0.170272 0.122047 0.086724 0.061080 0.042616 0.029422 0.020043 0.013384 0.008616 0.005110 0.002373 0.000000 
0.000000 0.001722 0.003720 0.006304 0.009855 0.014867 0.021995 0.032119 0.046418 0.066461 0.094321 0.132706 0.185119 0.256034 0.351102 0.477371 0.643523 0.860111 1.139785 1.497500 1.950664 2.519223 3.225641 4.094752 5.153454 6.430214 7.954371 9.755218 11.860860 14.296869 17.084758 20.240327 23.771952 27.678891 31.949719 36.560998 41.476291 46.645634 52.005555 57.479728 62.980277 68.409766 73.663820 78.634290 83.212856 87.294899 90.783442 93.592972 95.652921 96.910616 97.333516 96.910616 95.652921 93.592972 90.783442 87.294899 83.212856 78.634290 73.663820 68.409766 62.980277 57.479728 52.005555 46.645634 41.476291 36.560998 31.949719 27.678891 23.771952 20.240327 17.084758 14.296869 11.860860 9.755218 7.954371 6.430214 5.153454 4.094752 3.225640 2.519222 1.950664 1.497500 1.139785 0.860110 0.643522 0.477369 0.351098 0.256027 0.185108 0.132688 0.094290 0.066411 0.046338 0.031993 0.021796 0.014555 0.009371 0.005558 0.002581 0.000000 
0.000000 0.001856 0.004010 0.006796 0.010624 0.016026 0.023709 0.034620 0.050029 0.071629 0.101651 0.143013 0.199489 0.275897 0.378324 0.514363 0.693364 0.926692 1.227971 1.613306 2.101443 2.713859 3.474745 4.410840 5.551102 6.926181 8.567663 10.507082 12.774691 15.398013 18.400203 21.798260 25.601190 29.808180 34.406919 39.372160 44.664663 50.230623 56.001701 61.895714 67.818054 73.663820 79.320643 84.672094 89.601564 93.996428 97.752288 100.777090 102.994870 104.348925 104.804226 104.348925 102.994870 100.777090 97.752288 93.996428 89.601564 84.672094 79.320643 73.663820 67.818054 61.895714 56.001701 50.230623 44.664663 39.372160 34.406919 29.808180 25.601190 21.798260 18.400203 15.398013 12.774691 10.507082 8.567663 6.926181 5.551102 4.410839 3.474745 2.713859 2.101442 1.613305 1.227971 0.926691 0.693363 0.514361 0.378320 0.275889 0.199476 0.142993 0.101618 0.071576 0.049944 0.034484 0.023494 0.015690 0.010102 0.005992 0.002783 0.000000 
