0.000000 0.000000 0.000000 0.000000 0.000000 0.000000 0.000000 0.000000 0.000000 0.000000 0.000000 0.000000 0.000000 0.000000 0.000000 0.000000 0.000000 0.000000 0.000000 0.000000 0.000000 0.000000 0.000000 0.000000 0.000000 0.000000 0.000000 0.000000 0.000000 0.000000 0.000000 0.000000 0.000000 0.000000 0.000000 0.000000 0.000000 0.000000 0.000000 0.000000 0.000000 0.000000 0.000000 0.000000 0.000000 0.000000 0.000000 0.000000 0.000000 0.000000 0.000000 0.000000 0.000000 0.000000 0.000000 0.000000 0.000000 0.000000 0.000000 0.000000 0.000000 0.000000 0.000000 0.000000 0.000000 0.000000 0.000000 0.000000 0.000000 0.000000 0.000000 0.000000 0.000000 0.000000 0.000000 0.000000 0.000000 0.000000 0.000000 0.000000 0.000000 0.000000 0.000000 0.000000 0.000000 0.000000 0.000000 0.000000 0.000000 0.000000 0.000000 0.000000 0.000000 0.000000 0.000000 0.000000 0.000000 0.000000 0.000000 0.000000 
0.000000 0.000000 0.000000 0.000000 0.000000 0.000000 0.000000 0.000000 0.000000 0.000000 0.000000 0.000000 0.000000 0.000000 0.000000 0.000000 0.000000 0.000000 0.000000 0.000000 0.000000 0.000000 0.000000 0.000000 0.000000 0.000000 0.000000 0.000000 0.000000 0.000000 0.000000 0.000000 0.000000 0.000000 0.000000 0.000000 0.000000 0.000000 0.000001 0.000001 0.000001 0.000001 0.000001 0.000001 0.000001 0.000001 0.000001 0.000002 0.000002 0.000002 0.000002 0.000002 0.000002 0.000002 0.000001 0.000001 0.000001 0.000001 0.000001 0.000001 0.000001 0.000001 0.000001 0.000000 0.000000 0.000000 0.000000 0.000000 0.000000 0.000000 0.000000 0.000000 0.000000 0.000000 0.000000 0.000000 0.000000 0.000000 0.000000 0.000000 0.000000 0.000000 0.000000 0.000000 0.000000 0.000000 0.000000 0.000000 0.000000 0.000000 0.000000 0.000000 0.000000 0.000000 0.000000 0.000000 0.000000 0.000000 0.000000 0.000000 
0.000000 0.000000 0.000000 0.000000 0.000000 0.000000 0.000000 0.000000 0.000000 0.000000 0.000000 0.000000 0.000000 0.000000 0.000000 0.000000 0.000000 0.000000 0.000000 0.000000 0.000000 0.000000 0.000000 0.000000 0.000000 0.000000 0.000000 0.000000 0.000000 0.000000 0.000000 0.000000 0.000000 0.000000 0.000001 0.000001 0.000001 0.000001 0.000001 0.000002 0.000002 0.000002 0.000003 0.000003 0.000003 0.000004 0.000004 0.000004 0.000004 0.000004 0.000004 0.000004 0.000004 0.000004 0.000004 0.000004 0.000003 0.000003 0.000003 0.000002 0.000002 0.000002 0.000001 0.000001 0.000001 0.000001 0.000001 0.000000 0.000000 0.000000 0.000000 0.000000 0.000000 0.000000 0.000000 0.000000 0.000000 0.000000 0.000000 0.000000 0.000000 0.000000 0.000000 0.000000 0.000000 0.000000 0.000000 0.000000 0.000000 0.000000 0.000000 0.000000 0.000000 0.000000 0.000000 0.000000 0.000000 0.000000 0.000000 0.000000 
0.000000 0.000000 0.000000 0.000000 0.000000 0.000000 0.000000 0.000000 0.000000 0.000000 0.000000 0.000000 0.000000 0.000000 0.000000 0.000000 0.000000 0.000000 0.000000 0.000000 0.000000 0.000000 0.000000 0.000000 0.000000 0.000000 0.000000 0.000000 0.000000 0.000000 0.000000 0.000000 0.000001 0.000001 0.000001 0.000001 0.000002 0.000002 0.000003 0.000003 0.000004 0.000005 0.000005 0.000006 0.000007 0.000008 0.000008 0.000009 0.000009 0.000009 0.000009 0.000009 0.000009 0.000009 0.000008 0.000008 0.000007 0.000006 0.000005 0.000005 0.000004 0.000003 0.000003 0.000002 0.000002 0.000001 0.000001 0.000001 0.000001 0.000000 0.000000 0.000000 0.000000 0.000000 0.000000 0.000000 0.000000 0.000000 0.000000 0.000000 0.000000 0.000000 0.000000 0.000000 0.000000 0.000000 0.000000 0.000000 0.000000 0.000000 0.000000 0.000000 0.000000 0.000000 0.000000 0.000000 0.000000 0.000000 0.000000 0.000000 
0.000000 0.000000 0.000000 0.000000 0.000000 0.000000 0.000000 0.000000 0.000000 0.000000 0.000000 0.000000 0.000000 0.000000 0.000000 0.000000 0.000000 0.000000 0.000000 0.000000 0.000000 0.000000 0.000000 0.000000 0.000000 0.000000 0.000000 0.000000 0.000000 0.000001 0.000001 0.000001 0.000001 0.000002 0.000002 0.000003 0.000004 0.000005 0.000006 0.000007 0.000008 0.000010 0.000011 0.000013 0.000014 0.000015 0.000017 0.000018 0.000018 0.000019 0.000019 0.000019 0.000018 0.000018 0.000017 0.000015 0.000014 0.000013 0.000011 0.000010 0.000008 0.000007 0.000006 0.000005 0.000004 0.000003 0.000002 0.000002 0.000001 0.000001 0.000001 0.000001 0.000000 0.000000 0.000000 0.000000 0.000000 0.000000 0.000000 0.000000 0.000000 0.000000 0.000000 0.000000 0.000000 0.000000 0.000000 0.000000 0.000000 0.000000 0.000000 0.000000 0.000000 0.000000 0.000000 0.000000 0.000000 0.000000 0.000000 0.000000 
0.000000 0.000000 0.000000 0.000000 0.000000 0.000000 0.000000 0.000000 0.000000 0.000000 0.000000 0.000000 0.000000 0.000000 0.000000 0.000000 0.000000 0.000000 0.000000 0.000000 0.000000 0.000000 0.000000 0.000000 0.000000 0.000000 0.000000 0.000000 0.000001 0.000001 0.000001 0.000002 0.000003 0.000004 0.000005 0.000006 0.000008 0.000009 0.000012 0.000014 0.000017 0.000020 0.000023 0.000025 0.000028 0.000031 0.000033 0.000035 0.000037 0.000038 0.000038 0.000038 0.000037 0.000035 0.000033 0.000031 0.000028 0.000025 0.000023 0.000020 0.000017 0.000014 0.000012 0.000009 0.000008 0.000006 0.000005 0.000004 0.000003 0.000002 0.000001 0.000001 0.000001 0.000000 0.000000 0.000000 0.000000 0.000000 0.000000 0.000000 0.000000 0.000000 0.000000 0.000000 0.000000 0.000000 0.000000 0.000000 0.000000 0.000000 0.000000 0.000000 0.000000 0.000000 0.000000 0.000000 0.000000 0.000000 0.000000 0.000000 
0.000000 0.000000 0.000000 0.000000 0.000000 0.000000 0.000000 0.000000 0.000000 0.000000 0.000000 0.000000 0.000000 0.000000 0.000000 0.000000 0.000000 0.000000 0.000000 0.000000 0.000000 0.000000 0.000000 0.000000 0.000000 0.000000 0.000001 0.000001 0.000001 0.000002 0.000003 0.000004 0.000005 0.000007 0.000009 0.000012 0.000015 0.000019 0.000023 0.000028 0.000033 0.000039 0.000045 0.000050 0.000056 0.000061 0.000066 0.000070 0.000073 0.000075 0.000075 0.000075 0.000073 0.000070 0.000066 0.000061 0.000056 0.000050 0.000045 0.000039 0.000033 0.000028 0.000023 0.000019 0.000015 0.000012 0.000009 0.000007 0.000005 0.000004 0.000003 0.000002 0.000001 0.000001 0.000001 0.000000 0.000000 0.000000 0.000000 0.000000 0.000000 0.000000 0.000000 0.000000 0.000000 0.000000 0.000000 0.000000 0.000000 0.000000 0.000000 0.000000 0.000000 0.000000 0.000000 0.000000 0.000000 0.000000 0.000000 0.000000 
0.000000 0.000000 0.000000 0.000000 0.000000 0.000000 0.000000 0.000000 0.000000 0.000000 0.000000 0.000000 0.000000 0.000000 0.000000 0.000000 0.000000 0.000000 0.000000 0.000000 0.000000 0.000000 0.000000 0.000000 0.000001 0.000001 0.000001 0.000002 0.000003 0.000004 0.000006 0.000008 0.000010 0.000014 0.000018 0.000023 0.000029 0.000037 0.000045 0.000054 0.000064 0.000075 0.000087 0.000098 0.000109 0.000119 0.000129 0.000136 0.000142 0.000146 0.000147 0.000146 0.000142 0.000136 0.000129 0.000119 0.000109 0.000098 0.000087 0.000075 0.000064 0.000054 0.000045 0.000037 0.000029 0.000023 0.000018 0.000014 0.000010 0.000008 0.000006 0.000004 0.000003 0.000002 0.000001 0.000001 0.000001 0.000000 0.000000 0.000000 0.000000 0.000000 0.000000 0.000000 0.000000 0.000000 0.000000 0.000000 0.000000 0.000000 0.000000 0.000000 0.000000 0.000000 0.000000 0.000000 0.000000 0.000000 0.000000 0.000000 
0.000000 0.000000 0.000000 0.000000 0.000000 0.000000 0.000000 0.000000 0.000000 0.000000 0.000000 0.000000 0.000000 0.000000 0.000000 0.000000 0.000000 0.000000 0.000000 0.000000 0.000000 0.000000 0.000000 0.000001 0.000001 0.000002 0.000003 0.000004 0.000005 0.000008 0.000011 0.000015 0.000020 0.000026 0.000035 0.000045 0.000056 0.000070 0.000086 0.000104 0.000124 0.000145 0.000166 0.000188 0.000209 0.000229 0.000247 0.000261 0.000272 0.000279 0.000281 0.000279 0.000272 0.000261 0.000247 0.000229 0.000209 0.000188 0.000166 0.000145 0.000124 0.000104 0.000086 0.000070 0.000056 0.000045 0.000035 0.000026 0.000020 0.000015 0.000011 0.000008 0.000005 0.000004 0.000003 0.000002 0.000001 0.000001 0.000000 0.000000 0.000000 0.000000 0.000000 0.000000 0.000000 0.000000 0.000000 0.000000 0.000000 0.000000 0.000000 0.000000 0.000000 0.000000 0.000000 0.000000 0.000000 0.000000 0.000000 0.000000 
0.000000 0.000000 0.000000 0.000000 0.000000 0.000000 0.000000 0.000000 0.000000 0.000000 0.000000 0.000000 0.000000 0.000000 0.000000 0.000000 0.000000 0.000000 0.000000 0.000000 0.000000 0.000001 0.000001 0.000001 0.000002 0.000003 0.000005 0.000007 0.000010 0.000015 0.000020 0.000028 0.000038 0.000050 0.000066 0.000084 0.000107 0.000133 0.000164 0.000198 0.000235 0.000274 0.000315 0.000356 0.000396 0.000433 0.000467 0.000494 0.000515 0.000528 0.000532 0.000528 0.000515 0.000494 0.000467 0.000433 0.000396 0.000356 0.000315 0.000274 0.000235 0.000198 0.000164 0.000133 0.000107 0.000084 0.000066 0.000050 0.000038 0.000028 0.000020 0.000015 0.000010 0.000007 0.000005 0.000003 0.000002 0.000001 0.000001 0.000001 0.000000 0.000000 0.000000 0.000000 0.000000 0.000000 0.000000 0.000000 0.000000 0.000000 0.000000 0.000000 0.000000 0.000000 0.000000 0.000000 0.000000 0.000000 0.000000 0.000000 
0.000000 0.000000 0.000000 0.000000 0.000000 0.000000 0.000000 0.000000 0.000000 0.000000 0.000000 0.000000 0.000000 0.000000 0.000000 0.000000 0.000000 0.000000 0.000000 0.000000 0.000001 0.000001 0.000002 0.000003 0.000004 0.000006 0.000009 0.000013 0.000019 0.000027 0.000038 0.000052 0.000070 0.000094 0.000123 0.000158 0.000200 0.000249 0.000305 0.000369 0.000438 0.000511 0.000587 0.000664 0.000738 0.000808 0.000869 0.000921 0.000959 0.000983 0.000991 0.000983 0.000959 0.000921 0.000869 0.000808 0.000738 0.000664 0.000587 0.000511 0.000438 0.000369 0.000305 0.000249 0.000200 0.000158 0.000123 0.000094 0.000070 0.000052 0.000038 0.000027 0.000019 0.000013 0.000009 0.000006 0.000004 0.000003 0.000002 0.000001 0.000001 0.000000 0.000000 0.000000 0.000000 0.000000 0.000000 0.000000 0.000000 0.000000 0.000000 0.000000 0.000000 0.000000 0.000000 0.000000 0.000000 0.000000 0.000000 0.000000 
0.000000 0.000000 0.000000 0.000000 0.000000 0.000000 0.000000 0.000000 0.000000 0.000000 0.000000 0.000000 0.000000 0.000000 0.000000 0.000000 0.000000 0.000000 0.000000 0.000001 0.000001 0.000002 0.000003 0.000005 0.000008 0.000011 0.000017 0.000025 0.000035 0.000050 0.000070 0.000096 0.000130 0.000173 0.000226 0.000291 0.000368 0.000458 0.000562 0.000678 0.000804 0.000939 0.001079 0.001219 0.001356 0.001483 0.001596 0.001690 0.001760 0.001804 0.001819 0.001804 0.001760 0.001690 0.001596 0.001483 0.001356 0.001219 0.001079 0.000939 0.000804 0.000678 0.000562 0.000458 0.000368 0.000291 0.000226 0.000173 0.000130 0.000096 0.000070 0.000050 0.000035 0.000025 0.000017 0.000011 0.000008 0.000005 0.000003 0.000002 0.000001 0.000001 0.000000 0.000000 0.000000 0.000000 0.000000 0.000000 0.000000 0.000000 0.000000 0.000000 0.000000 0.000000 0.000000 0.000000 0.000000 0.000000 0.000000 0.000000 
0.000000 0.000000 0.000000 0.000000 0.000000 0.000000 0.000000 0.000000 0.000000 0.000000 0.000000 0.000000 0.000000 0.000000 0.000000 0.000000 0.000000 0.000000 0.000001 0.000001 0.000002 0.000004 0.000006 0.000009 0.000014 0.000021 0.000031 0.000045 0.000065 0.000092 0.000128 0.000175 0.000236 0.000314 0.000410 0.000527 0.000667 0.000831 0.001018 0.001228 0.001457 0.001700 0.001953 0.002207 0.002453 0.002683 0.002887 0.003057 0.003184 0.003263 0.003290 0.003263 0.003184 0.003057 0.002887 0.002683 0.002453 0.002207 0.001953 0.001700 0.001457 0.001228 0.001018 0.000831 0.000667 0.000527 0.000410 0.000314 0.000236 0.000175 0.000128 0.000092 0.000065 0.000045 0.000031 0.000021 0.000014 0.000009 0.000006 0.000004 0.000002 0.000001 0.000001 0.000000 0.000000 0.000000 0.000000 0.000000 0.000000 0.000000 0.000000 0.000000 0.000000 0.000000 0.000000 0.000000 0.000000 0.000000 0.000000 0.000000 
0.000000 0.000000 0.000000 0.000000 0.000000 0.000000 0.000000 0.000000 0.000000 0.000000 0.000000 0.000000 0.000000 0.000000 0.000000 0.000000 0.000001 0.000001 0.000002 0.000003 0.000004 0.000007 0.000010 0.000016 0.000025 0.000037 0.000055 0.000081 0.000116 0.000164 0.000229 0.000313 0.000423 0.000561 0.000733 0.000943 0.001192 0.001485 0.001819 0.002192 0.002600 0.003034 0.003483 0.003935 0.004374 0.004783 0.005147 0.005448 0.005675 0.005815 0.005862 0.005815 0.005675 0.005448 0.005147 0.004783 0.004374 0.003935 0.003483 0.003034 0.002600 0.002192 0.001819 0.001485 0.001192 0.000943 0.000733 0.000561 0.000423 0.000313 0.000229 0.000164 0.000116 0.000081 0.000055 0.000037 0.000025 0.000016 0.000010 0.000007 0.000004 0.000003 0.000002 0.000001 0.000001 0.000000 0.000000 0.000000 0.000000 0.000000 0.000000 0.000000 0.000000 0.000000 0.000000 0.000000 0.000000 0.000000 0.000000 0.000000 
0.000000 0.000000 0.000000 0.000000 0.000000 0.000000 0.000000 0.000000 0.000000 0.000000 0.000000 0.000000 0.000000 0.000000 0.000000 0.000001 0.000001 0.000002 0.000003 0.000004 0.000007 0.000012 0.000018 0.000029 0.000044 0.000066 0.000098 0.000143 0.000205 0.000290 0.000404 0.000553 0.000746 0.000989 0.001292 0.001660 0.002100 0.002613 0.003200 0.003855 0.004571 0.005333 0.006122 0.006914 0.007684 0.008402 0.009039 0.009568 0.009965 0.010211 0.010294 0.010211 0.009965 0.009568 0.009039 0.008402 0.007684 0.006914 0.006122 0.005333 0.004571 0.003855 0.003200 0.002613 0.002100 0.001660 0.001292 0.000989 0.000746 0.000553 0.000404 0.000290 0.000205 0.000143 0.000098 0.000066 0.000044 0.000029 0.000018 0.000012 0.000007 0.000004 0.000003 0.000002 0.000001 0.000001 0.000000 0.000000 0.000000 0.000000 0.000000 0.000000 0.000000 0.000000 0.000000 0.000000 0.000000 0.000000 0.000000 0.000000 
0.000000 0.000000 0.000000 0.000000 0.000000 0.000000 0.000000 0.000000 0.000000 0.000000 0.000000 0.000000 0.000000 0.000000 0.000001 0.000001 0.000002 0.000003 0.000005 0.000008 0.000013 0.000020 0.000032 0.000050 0.000076 0.000115 0.000170 0.000249 0.000357 0.000505 0.000702 0.000961 0.001295 0.001718 0.002243 0.002881 0.003642 0.004531 0.005546 0.006681 0.007919 0.009236 0.010600 0.011970 0.013300 0.014540 0.015641 0.016555 0.017240 0.017665 0.017809 0.017665 0.017240 0.016555 0.015641 0.014540 0.013300 0.011970 0.010600 0.009236 0.007919 0.006681 0.005546 0.004531 0.003642 0.002881 0.002243 0.001718 0.001295 0.000961 0.000702 0.000505 0.000357 0.000249 0.000170 0.000115 0.000076 0.000050 0.000032 0.000020 0.000013 0.000008 0.000005 0.000003 0.000002 0.000001 0.000001 0.000000 0.000000 0.000000 0.000000 0.000000 0.000000 0.000000 0.000000 0.000000 0.000000 0.000000 0.000000 0.000000 
0.000000 0.000000 0.000000 0.000000 0.000000 0.000000 0.000000 0.000000 0.000000 0.000000 0.000000 0.000000 0.000000 0.000001 0.000001 0.000002 0.000003 0.000005 0.000008 0.000013 0.000022 0.000035 0.000055 0.000086 0.000131 0.000198 0.000293 0.000427 0.000612 0.000865 0.001203 0.001646 0.002217 0.002940 0.003836 0.004925 0.006224 0.007739 0.009471 0.011405 0.013515 0.015759 0.018082 0.020415 0.022680 0.024791 0.026665 0.028220 0.029386 0.030109 0.030353 0.030109 0.029386 0.028220 0.026665 0.024791 0.022680 0.020415 0.018082 0.015759 0.013515 0.011405 0.009471 0.007739 0.006224 0.004925 0.003836 0.002940 0.002217 0.001646 0.001203 0.000865 0.000612 0.000427 0.000293 0.000198 0.000131 0.000086 0.000055 0.000035 0.000022 0.000013 0.000008 0.000005 0.000003 0.000002 0.000001 0.000001 0.000000 0.000000 0.000000 0.000000 0.000000 0.000000 0.000000 0.000000 0.000000 0.000000 0.000000 0.000000 
0.000000 0.000000 0.000000 0.000000 0.000000 0.000000 0.000000 0.000000 0.000000 0.000000 0.000000 0.000000 0.000000 0.000001 0.000002 0.000003 0.000005 0.000008 0.000014 0.000023 0.000037 0.000060 0.000094 0.000146 0.000222 0.000334 0.000495 0.000721 0.001034 0.001461 0.002030 0.002777 0.003739 0.004954 0.006462 0.008294 0.010476 0.013024 0.015932 0.019180 0.022723 0.026489 0.030387 0.034301 0.038100 0.041642 0.044784 0.047391 0.049346 0.050558 0.050968 0.050558 0.049346 0.047391 0.044784 0.041642 0.038100 0.034301 0.030387 0.026489 0.022723 0.019180 0.015932 0.013024 0.010476 0.008294 0.006462 0.004954 0.003739 0.002777 0.002030 0.001461 0.001034 0.000721 0.000495 0.000334 0.000222 0.000146 0.000094 0.000060 0.000037 0.000023 0.000014 0.000008 0.000005 0.000003 0.000002 0.000001 0.000000 0.000000 0.000000 0.000000 0.000000 0.000000 0.000000 0.000000 0.000000 0.000000 0.000000 0.000000 
0.000000 0.000000 0.000000 0.000000 0.000000 0.000000 0.000000 0.000000 0.000000 0.000000 0.000000 0.000000 0.000001 0.000002 0.000003 0.000005 0.000008 0.000014 0.000023 0.000038 0.000062 0.000100 0.000157 0.000243 0.000371 0.000557 0.000824 0.001201 0.001721 0.002429 0.003375 0.004614 0.006210 0.008225 0.010723 0.013758 0.017372 0.021589 0.026402 0.031776 0.037634 0.043863 0.050306 0.056775 0.063053 0.068905 0.074096 0.078403 0.081632 0.083633 0.084311 0.083633 0.081632 0.078403 0.074096 0.068905 0.063053 0.056775 0.050306 0.043863 0.037634 0.031776 0.026402 0.021589 0.017372 0.013758 0.010723 0.008225 0.006210 0.004614 0.003375 0.002429 0.001721 0.001201 0.000824 0.000557 0.000371 0.000243 0.000157 0.000100 0.000062 0.000038 0.000023 0.000014 0.000008 0.000005 0.000003 0.000002 0.000001 0.000000 0.000000 0.000000 0.000000 0.000000 0.000000 0.000000 0.000000 0.000000 0.000000 0.000000 
0.000000 0.000000 0.000000 0.000000 0.000000 0.000000 0.000000 0.000000 0.000000 0.000000 0.000000 0.000001 0.000001 0.000003 0.000004 0.000008 0.000013 0.000023 0.000038 0.000063 0.000102 0.000164 0.000258 0.000399 0.000609 0.000915 0.001353 0.001969 0.002822 0.003980 0.005526 0.007552 0.010158 0.013450 0.017527 0.022480 0.028376 0.035251 0.043098 0.051855 0.061400 0.071545 0.082039 0.092572 0.102791 0.112317 0.120765 0.127773 0.133027 0.136283 0.137386 0.136283 0.133027 0.127773 0.120765 0.112317 0.102791 0.092572 0.082039 0.071545 0.061400 0.051855 0.043098 0.035251 0.028376 0.022480 0.017527 0.013450 0.010158 0.007552 0.005526 0.003980 0.002822 0.001969 0.001353 0.000915 0.000609 0.000399 0.000258 0.000164 0.000102 0.000063 0.000038 0.000023 0.000013 0.000008 0.000004 0.000003 0.000001 0.000001 0.000000 0.000000 0.000000 0.000000 0.000000 0.000000 0.000000 0.000000 0.000000 0.000000 
0.000000 0.000000 0.000000 0.000000 0.000000 0.000000 0.000000 0.000000 0.000000 0.000000 0.000001 0.000001 0.000002 0.000004 0.000007 0.000013 0.000022 0.000037 0.000062 0.000102 0.000166 0.000265 0.000418 0.000646 0.000986 0.001479 0.002186 0.003180 0.004555 0.006421 0.008911 0.012173 0.016368 0.021662 0.028218 0.036178 0.045652 0.056696 0.069296 0.083354 0.098673 0.114951 0.131785 0.148679 0.165067 0.180340 0.193884 0.205119 0.213541 0.218760 0.220528 0.218760 0.213541 0.205119 0.193884 0.180340 0.165067 0.148679 0.131785 0.114951 0.098673 0.083354 0.069296 0.056696 0.045652 0.036178 0.028218 0.021662 0.016368 0.012173 0.008911 0.006421 0.004555 0.003180 0.002186 0.001479 0.000986 0.000646 0.000418 0.000265 0.000166 0.000102 0.000062 0.000037 0.000022 0.000013 0.000007 0.000004 0.000002 0.000001 0.000001 0.000000 0.000000 0.000000 0.000000 0.000000 0.000000 0.000000 0.000000 0.000000 
0.000000 0.000000 0.000000 0.000000 0.000000 0.000000 0.000000 0.000000 0.000000 0.000001 0.000001 0.000002 0.000004 0.000007 0.000012 0.000020 0.000035 0.000060 0.000100 0.000164 0.000265 0.000424 0.000666 0.001031 0.001570 0.002356 0.003479 0.005059 0.007241 0.010203 0.014153 0.019325 0.025974 0.034362 0.044745 0.057348 0.072342 0.089814 0.109744 0.131974 0.156190 0.181918 0.208518 0.235209 0.261096 0.285219 0.306608 0.324349 0.337648 0.345889 0.348680 0.345889 0.337648 0.324349 0.306608 0.285219 0.261096 0.235209 0.208518 0.181918 0.156190 0.131974 0.109744 0.089814 0.072342 0.057348 0.044745 0.034362 0.025974 0.019325 0.014153 0.010203 0.007241 0.005059 0.003479 0.002356 0.001570 0.001031 0.000666 0.000424 0.000265 0.000164 0.000100 0.000060 0.000035 0.000020 0.000012 0.000007 0.000004 0.000002 0.000001 0.000001 0.000000 0.000000 0.000000 0.000000 0.000000 0.000000 0.000000 0.000000 
0.000000 0.000000 0.000000 0.000000 0.000000 0.000000 0.000000 0.000000 0.000000 0.000001 0.000002 0.000003 0.000006 0.000010 0.000018 0.000032 0.000055 0.000094 0.000157 0.000258 0.000418 0.000666 0.001046 0.001618 0.002463 0.003694 0.005452 0.007923 0.011336 0.015967 0.022138 0.030215 0.040594 0.053684 0.069880 0.089532 0.112904 0.140132 0.171181 0.205803 0.243511 0.283563 0.324965 0.366501 0.406780 0.444309 0.477582 0.505178 0.525863 0.538679 0.543020 0.538679 0.525863 0.505178 0.477582 0.444309 0.406780 0.366501 0.324965 0.283563 0.243511 0.205803 0.171181 0.140132 0.112904 0.089532 0.069880 0.053684 0.040594 0.030215 0.022138 0.015967 0.011336 0.007923 0.005452 0.003694 0.002463 0.001618 0.001046 0.000666 0.000418 0.000258 0.000157 0.000094 0.000055 0.000032 0.000018 0.000010 0.000006 0.000003 0.000002 0.000001 0.000000 0.000000 0.000000 0.000000 0.000000 0.000000 0.000000 0.000000 
0.000000 0.000000 0.000000 0.000000 0.000000 0.000000 0.000000 0.000000 0.000001 0.000001 0.000003 0.000005 0.000009 0.000016 0.000029 0.000050 0.000086 0.000146 0.000243 0.000399 0.000646 0.001031 0.001618 0.002501 0.003806 0.005703 0.008414 0.012222 0.017478 0.024605 0.034101 0.046524 0.062481 0.082597 0.107479 0.137660 0.173543 0.215334 0.262975 0.316086 0.373918 0.435331 0.498803 0.562469 0.624200 0.681708 0.732689 0.774968 0.806656 0.826289 0.832939 0.826289 0.806656 0.774968 0.732689 0.681708 0.624200 0.562469 0.498803 0.435331 0.373918 0.316086 0.262975 0.215334 0.173543 0.137660 0.107479 0.082597 0.062481 0.046524 0.034101 0.024605 0.017478 0.012222 0.008414 0.005703 0.003806 0.002501 0.001618 0.001031 0.000646 0.000399 0.000243 0.000146 0.000086 0.000050 0.000029 0.000016 0.000009 0.000005 0.000003 0.000001 0.000001 0.000000 0.000000 0.000000 0.000000 0.000000 0.000000 0.000000 
0.000000 0.000000 0.000000 0.000000 0.000000 0.000000 0.000000 0.000001 0.000001 0.000002 0.000004 0.000008 0.000014 0.000025 0.000044 0.000076 0.000131 0.000222 0.000371 0.000609 0.000986 0.001570 0.002463 0.003806 0.005789 0.008670 0.012786 0.018563 0.026534 0.037339 0.051728 0.070544 0.094705 0.125152 0.162798 0.208447 0.262704 0.325877 0.397873 0.478116 0.565472 0.658219 0.754057 0.850173 0.943353 1.030150 1.107086 1.170886 1.218701 1.248324 1.258358 1.248324 1.218701 1.170886 1.107086 1.030150 0.943353 0.850173 0.754057 0.658219 0.565472 0.478116 0.397873 0.325877 0.262704 0.208447 0.162798 0.125152 0.094705 0.070544 0.051728 0.037339 0.026534 0.018563 0.012786 0.008670 0.005789 0.003806 0.002463 0.001570 0.000986 0.000609 0.000371 0.000222 0.000131 0.000076 0.000044 0.000025 0.000014 0.000008 0.000004 0.000002 0.000001 0.000001 0.000000 0.000000 0.000000 0.000000 0.000000 0.000000 
0.000000 0.000000 0.000000 0.000000 0.000000 0.000000 0.000000 0.000001 0.000002 0.000003 0.000006 0.000011 0.000021 0.000037 0.000066 0.000115 0.000198 0.000334 0.000557 0.000915 0.001479 0.002356 0.003694 0.005703 0.008670 0.012980 0.019131 0.027763 0.039667 0.055797 0.077267 0.105334 0.141358 0.186740 0.242834 0.310831 0.391627 0.485673 0.592828 0.712228 0.842184 0.980133 1.122656 1.265569 1.404097 1.533119 1.647474 1.742295 1.813356 1.857378 1.872290 1.857378 1.813356 1.742295 1.647474 1.533119 1.404097 1.265569 1.122656 0.980133 0.842184 0.712228 0.592828 0.485673 0.391627 0.310831 0.242834 0.186740 0.141358 0.105334 0.077267 0.055797 0.039667 0.027763 0.019131 0.012980 0.008670 0.005703 0.003694 0.002356 0.001479 0.000915 0.000557 0.000334 0.000198 0.000115 0.000066 0.000037 0.000021 0.000011 0.000006 0.000003 0.000002 0.000001 0.000000 0.000000 0.000000 0.000000 0.000000 0.000000 
0.000000 0.000000 0.000000 0.000000 0.000000 0.000000 0.000001 0.000001 0.000003 0.000005 0.000009 0.000017 0.000031 0.000055 0.000098 0.000170 0.000293 0.000495 0.000824 0.001353 0.002186 0.003479 0.005452 0.008414 0.012786 0.019131 0.028186 0.040885 0.058391 0.082101 0.113649 0.154874 0.207768 0.274381 0.356690 0.456435 0.574921 0.712802 0.869864 1.044835 1.235235 1.437307 1.646043 1.855319 2.058147 2.247036 2.414436 2.553231 2.657239 2.721672 2.743495 2.721672 2.657239 2.553231 2.414436 2.247036 2.058147 1.855319 1.646043 1.437307 1.235235 1.044835 0.869864 0.712802 0.574921 0.456435 0.356690 0.274381 0.207768 0.154874 0.113649 0.082101 0.058391 0.040885 0.028186 0.019131 0.012786 0.008414 0.005452 0.003479 0.002186 0.001353 0.000824 0.000495 0.000293 0.000170 0.000098 0.000055 0.000031 0.000017 0.000009 0.000005 0.000003 0.000001 0.000001 0.000000 0.000000 0.000000 0.000000 0.000000 
0.000000 0.000000 0.000000 0.000000 0.000000 0.000000 0.000001 0.000002 0.000004 0.000007 0.000013 0.000025 0.000045 0.000081 0.000143 0.000249 0.000427 0.000721 0.001201 0.001969 0.003180 0.005059 0.007923 0.012222 0.018563 0.027763 0.040885 0.059282 0.084630 0.118949 0.164595 0.224222 0.300700 0.396982 0.515915 0.660001 0.831113 1.030183 1.256894 1.509400 1.784117 2.075623 2.376692 2.678497 2.970966 3.243306 3.484640 3.684721 3.834648 3.927523 3.958979 3.927523 3.834648 3.684721 3.484640 3.243306 2.970966 2.678497 2.376692 2.075623 1.784117 1.509400 1.256894 1.030183 0.831113 0.660001 0.515915 0.396982 0.300700 0.224222 0.164595 0.118949 0.084630 0.059282 0.040885 0.027763 0.018563 0.012222 0.007923 0.005059 0.003180 0.001969 0.001201 0.000721 0.000427 0.000249 0.000143 0.000081 0.000045 0.000025 0.000013 0.000007 0.000004 0.000002 0.000001 0.000000 0.000000 0.000000 0.000000 0.000000 
0.000000 0.000000 0.000000 0.000000 0.000000 0.000001 0.000001 0.000003 0.000005 0.000010 0.000019 0.000035 0.000065 0.000116 0.000205 0.000357 0.000612 0.001034 0.001721 0.002822 0.004555 0.007241 0.011336 0.017478 0.026534 0.039667 0.058391 0.084630 0.120770 0.169682 0.234713 0.319633 0.428517 0.565554 0.734780 0.939739 1.183077 1.466107 1.788363 2.147210 2.537547 2.951667 3.379308 3.807932 4.223247 4.609938 4.952575 5.236622 5.449455 5.581295 5.625948 5.581295 5.449455 5.236622 4.952575 4.609938 4.223247 3.807932 3.379308 2.951667 2.537547 2.147210 1.788363 1.466107 1.183077 0.939739 0.734780 0.565554 0.428517 0.319633 0.234713 0.169682 0.120770 0.084630 0.058391 0.039667 0.026534 0.017478 0.011336 0.007241 0.004555 0.002822 0.001721 0.001034 0.000612 0.000357 0.000205 0.000116 0.000065 0.000035 0.000019 0.000010 0.000005 0.000003 0.000001 0.000001 0.000000 0.000000 0.000000 0.000000 
0.000000 0.000000 0.000000 0.000000 0.000001 0.000001 0.000002 0.000004 0.000008 0.000015 0.000027 0.000050 0.000092 0.000164 0.000290 0.000505 0.000865 0.001461 0.002429 0.003980 0.006421 0.010203 0.015967 0.024605 0.037339 0.055797 0.082101 0.118949 0.169682 0.238317 0.329542 0.448628 0.601270 0.793322 1.030419 1.317504 1.658264 2.054513 2.505582 3.007768 3.553924 4.133260 4.731421 5.330878 5.911654 6.452347 6.931402 7.328514 7.626051 7.810354 7.872774 7.810354 7.626051 7.328514 6.931402 6.452347 5.911654 5.330878 4.731421 4.133260 3.553924 3.007768 2.505582 2.054513 1.658264 1.317504 1.030419 0.793322 0.601270 0.448628 0.329542 0.238317 0.169682 0.118949 0.082101 0.055797 0.037339 0.024605 0.015967 0.010203 0.006421 0.003980 0.002429 0.001461 0.000865 0.000505 0.000290 0.000164 0.000092 0.000050 0.000027 0.000015 0.000008 0.000004 0.000002 0.000001 0.000000 0.000000 0.000000 0.000000 
0.000000 0.000000 0.000000 0.000000 0.000001 0.000001 0.000003 0.000006 0.000011 0.000020 0.000038 0.000070 0.000128 0.000229 0.000404 0.000702 0.001203 0.002030 0.003375 0.005526 0.008911 0.014153 0.022138 0.034101 0.051728 0.077267 0.113649 0.164595 0.234713 0.329542 0.455538 0.619964 0.830661 1.095679 1.422769 1.818721 2.288590 2.834852 3.456559 4.148589 4.901080 5.699160 6.523055 7.348631 8.148390 8.892882 9.552450 10.099163 10.508770 10.762484 10.848412 10.762484 10.508770 10.099163 9.552450 8.892882 8.148390 7.348631 6.523055 5.699160 4.901080 4.148589 3.456559 2.834852 2.288590 1.818721 1.422769 1.095679 0.830661 0.619964 0.455538 0.329542 0.234713 0.164595 0.113649 0.077267 0.051728 0.034101 0.022138 0.014153 0.008911 0.005526 0.003375 0.002030 0.001203 0.000702 0.000404 0.000229 0.000128 0.000070 0.000038 0.000020 0.000011 0.000006 0.000003 0.000001 0.000001 0.000000 0.000000 0.000000 
0.000000 0.000000 0.000000 0.000000 0.000001 0.000002 0.000004 0.000008 0.000015 0.000028 0.000052 0.000096 0.000175 0.000313 0.000553 0.000961 0.001646 0.002777 0.004614 0.007552 0.012173 0.019325 0.030215 0.046524 0.070544 0.105334 0.154874 0.224222 0.319633 0.448628 0.619964 0.843493 1.129842 1.489920 1.934222 2.471932 3.109879 3.851388 4.695144 5.634170 6.655066 7.737649 8.855097 9.974690 11.059156 12.068590 12.962810 13.703981 14.259253 14.603182 14.719663 14.603182 14.259253 13.703981 12.962810 12.068590 11.059156 9.974690 8.855097 7.737649 6.655066 5.634170 4.695144 3.851388 3.109879 2.471932 1.934222 1.489920 1.129842 0.843493 0.619964 0.448628 0.319633 0.224222 0.154874 0.105334 0.070544 0.046524 0.030215 0.019325 0.012173 0.007552 0.004614 0.002777 0.001646 0.000961 0.000553 0.000313 0.000175 0.000096 0.000052 0.000028 0.000015 0.000008 0.000004 0.000002 0.000001 0.000000 0.000000 0.000000 
0.000000 0.000000 0.000000 0.000001 0.000001 0.000003 0.000005 0.000010 0.000020 0.000038 0.000070 0.000130 0.000236 0.000423 0.000746 0.001295 0.002217 0.003739 0.006210 0.010158 0.016368 0.025974 0.040594 0.062481 0.094705 0.141358 0.207768 0.300700 0.428517 0.601270 0.830661 1.129842 1.513000 1.994692 2.588908 3.307887 4.160709 5.151779 6.279297 7.533908 8.897691 10.343671 11.836028 13.331076 14.779073 16.126769 17.320558 18.309967 19.051184 19.510272 19.665752 19.510272 19.051184 18.309967 17.320558 16.126769 14.779073 13.331076 11.836028 10.343671 8.897691 7.533908 6.279297 5.151779 4.160709 3.307887 2.588908 1.994692 1.513000 1.129842 0.830661 0.601270 0.428517 0.300700 0.207768 0.141358 0.094705 0.062481 0.040594 0.025974 0.016368 0.010158 0.006210 0.003739 0.002217 0.001295 0.000746 0.000423 0.000236 0.000130 0.000070 0.000038 0.000020 0.000010 0.000005 0.000003 0.000001 0.000001 0.000000 0.000000 
0.000000 0.000000 0.000000 0.000001 0.000002 0.000004 0.000007 0.000014 0.000026 0.000050 0.000094 0.000173 0.000314 0.000561 0.000989 0.001718 0.002940 0.004954 0.008225 0.013450 0.021662 0.034362 0.053684 0.082597 0.125152 0.186740 0.274381 0.396982 0.565554 0.793322 1.095679 1.489920 1.994692 2.629117 3.411566 4.358093 5.480597 6.784817 8.268339 9.918814 11.712639 13.614323 15.576758 17.542520 19.446234 21.217937 22.787205 24.087739 25.061995 25.665404 25.869759 25.665404 25.061995 24.087739 22.787205 21.217937 19.446234 17.542520 15.576758 13.614323 11.712639 9.918814 8.268339 6.784817 5.480597 4.358093 3.411566 2.629117 1.994692 1.489920 1.095679 0.793322 0.565554 0.396982 0.274381 0.186740 0.125152 0.082597 0.053684 0.034362 0.021662 0.013450 0.008225 0.004954 0.002940 0.001718 0.000989 0.000561 0.000314 0.000173 0.000094 0.000050 0.000026 0.000014 0.000007 0.000004 0.000002 0.000001 0.000000 0.000000 
0.000000 0.000000 0.000001 0.000001 0.000002 0.000005 0.000009 0.000018 0.000035 0.000066 0.000123 0.000226 0.000410 0.000733 0.001292 0.002243 0.003836 0.006462 0.010723 0.017527 0.028218 0.044745 0.069880 0.107479 0.162798 0.242834 0.356690 0.515915 0.734780 1.030419 1.422769 1.934222 2.588908 3.411566 4.425945 5.652789 7.107446 8.797288 10.719126 12.856917 15.180055 17.642563 20.183447 22.728376 25.192755 27.486067 29.517215 31.200446 32.461341 33.242260 33.506728 33.242260 32.461341 31.200446 29.517215 27.486067 25.192755 22.728376 20.183447 17.642563 15.180055 12.856917 10.719126 8.797288 7.107446 5.652789 4.425945 3.411566 2.588908 1.934222 1.422769 1.030419 0.734780 0.515915 0.356690 0.242834 0.162798 0.107479 0.069880 0.044745 0.028218 0.017527 0.010723 0.006462 0.003836 0.002243 0.001292 0.000733 0.000410 0.000226 0.000123 0.000066 0.000035 0.000018 0.000009 0.000005 0.000002 0.000001 0.000000 0.000000 
0.000000 0.000000 0.000001 0.000001 0.000003 0.000006 0.000012 0.000023 0.000045 0.000084 0.000158 0.000291 0.000527 0.000943 0.001660 0.002881 0.004925 0.008294 0.013758 0.022480 0.036178 0.057348 0.089532 0.137660 0.208447 0.310831 0.456435 0.660001 0.939739 1.317504 1.818721 2.471932 3.307887 4.358093 5.652789 7.218360 9.074310 11.229962 13.681178 16.407438 19.369673 22.509242 25.748382 28.992368 32.133413 35.056208 37.644721 39.789743 41.396503 42.391606 42.728606 42.391606 41.396503 39.789743 37.644721 35.056208 32.133413 28.992368 25.748382 22.509242 19.369673 16.407438 13.681178 11.229962 9.074310 7.218360 5.652789 4.358093 3.307887 2.471932 1.818721 1.317504 0.939739 0.660001 0.456435 0.310831 0.208447 0.137660 0.089532 0.057348 0.036178 0.022480 0.013758 0.008294 0.004925 0.002881 0.001660 0.000943 0.000527 0.000291 0.000158 0.000084 0.000045 0.000023 0.000012 0.000006 0.000003 0.000001 0.000001 0.000000 
0.000000 0.000000 0.000001 0.000002 0.000004 0.000008 0.000015 0.000029 0.000056 0.000107 0.000200 0.000368 0.000667 0.001192 0.002100 0.003642 0.006224 0.010476 0.017372 0.028376 0.045652 0.072342 0.112904 0.173543 0.262704 0.391627 0.574921 0.831113 1.183077 1.658264 2.288590 3.109879 4.160709 5.480597 7.107446 9.074310 11.405591 14.112905 17.190971 20.613955 24.332760 28.273746 32.339308 36.410584 40.352355 44.019991 47.267973 49.959357 51.975307 53.223802 53.646611 53.223802 51.975307 49.959357 47.267973 44.019991 40.352355 36.410584 32.339308 28.273746 24.332760 20.613955 17.190971 14.112905 11.405591 9.074310 7.107446 5.480597 4.160709 3.109879 2.288590 1.658264 1.183077 0.831113 0.574921 0.391627 0.262704 0.173543 0.112904 0.072342 0.045652 0.028376 0.017372 0.010476 0.006224 0.003642 0.002100 0.001192 0.000667 0.000368 0.000200 0.000107 0.000056 0.000029 0.000015 0.000008 0.000004 0.000002 0.000001 0.000000 
0.000000 0.000000 0.000001 0.000002 0.000005 0.000009 0.000019 0.000037 0.000070 0.000133 0.000249 0.000458 0.000831 0.001485 0.002613 0.004531 0.007739 0.013024 0.021589 0.035251 0.056696 0.089814 0.140132 0.215334 0.325877 0.485673 0.712802 1.030183 1.466107 2.054513 2.834852 3.851388 5.151779 6.784817 8.797288 11.229962 14.112905 17.460371 21.265737 25.496988 30.093380 34.963872 39.987849 45.018462 49.888696 54.419938 58.432500 61.757300 64.247624 65.789872 66.312156 65.789872 64.247624 61.757300 58.432500 54.419938 49.888696 45.018462 39.987849 34.963872 30.093380 25.496988 21.265737 17.460371 14.112905 11.229962 8.797288 6.784817 5.151779 3.851388 2.834852 2.054513 1.466107 1.030183 0.712802 0.485673 0.325877 0.215334 0.140132 0.089814 0.056696 0.035251 0.021589 0.013024 0.007739 0.004531 0.002613 0.001485 0.000831 0.000458 0.000249 0.000133 0.000070 0.000037 0.000019 0.000009 0.000005 0.000002 0.000001 0.000000 
0.000000 0.000001 0.000001 0.000003 0.000006 0.000012 0.000023 0.000045 0.000086 0.000164 0.000305 0.000562 0.001018 0.001819 0.003200 0.005546 0.009471 0.015932 0.026402 0.043098 0.069296 0.109744 0.171181 0.262975 0.397873 0.592828 0.869864 1.256894 1.788363 2.505582 3.456559 4.695144 6.279297 8.268339 10.719126 13.681178 17.190971 21.265737 25.897306 31.046623 36.639710 42.565757 48.678016 54.797872 60.722221 66.233881 71.114399 75.158227 78.187025 80.062711 80.697908 80.062711 78.187025 75.158227 71.114399 66.233881 60.722221 54.797872 48.678016 42.565757 36.639710 31.046623 25.897306 21.265737 17.190971 13.681178 10.719126 8.268339 6.279297 4.695144 3.456559 2.505582 1.788363 1.256894 0.869864 0.592828 0.397873 0.262975 0.171181 0.109744 0.069296 0.043098 0.026402 0.015932 0.009471 0.005546 0.003200 0.001819 0.001018 0.000562 0.000305 0.000164 0.000086 0.000045 0.000023 0.000012 0.000006 0.000003 0.000001 0.000000 
0.000000 0.000001 0.000002 0.000003 0.000007 0.000014 0.000028 0.000054 0.000104 0.000198 0.000369 0.000678 0.001228 0.002192 0.003855 0.006681 0.011405 0.019180 0.031776 0.051855 0.083354 0.131974 0.205803 0.316086 0.478116 0.712228 1.044835 1.509400 2.147210 3.007768 4.148589 5.634170 7.533908 9.918814 12.856917 16.407438 20.613955 25.496988 31.046623 37.215974 43.916340 51.014948 58.336022 65.665669 72.760715 79.361167 85.205536 90.047803 93.674530 95.920462 96.681036 95.920462 93.674530 90.047803 85.205536 79.361167 72.760715 65.665669 58.336022 51.014948 43.916340 37.215974 31.046623 25.496988 20.613955 16.407438 12.856917 9.918814 7.533908 5.634170 4.148589 3.007768 2.147210 1.509400 1.044835 0.712228 0.478116 0.316086 0.205803 0.131974 0.083354 0.051855 0.031776 0.019180 0.011405 0.006681 0.003855 0.002192 0.001228 0.000678 0.000369 0.000198 0.000104 0.000054 0.000028 0.000014 0.000007 0.000003 0.000001 0.000000 
0.000000 0.000001 0.000002 0.000004 0.000008 0.000017 0.000033 0.000064 0.000124 0.000235 0.000438 0.000804 0.001457 0.002600 0.004571 0.007919 0.013515 0.022723 0.037634 0.061400 0.098673 0.156190 0.243511 0.373918 0.565472 0.842184 1.235235 1.784117 2.537547 3.553924 4.901080 6.655066 8.897691 11.712639 15.180055 19.369673 24.332760 30.093380 36.639710 43.916340 51.818580 60.189813 68.822758 77.465247 85.830634 93.612489 100.502649 106.211203 110.486650 113.134274 114.030871 113.134274 110.486650 106.211203 100.502649 93.612489 85.830634 77.465247 68.822758 60.189813 51.818580 43.916340 36.639710 30.093380 24.332760 19.369673 15.180055 11.712639 8.897691 6.655066 4.901080 3.553924 2.537547 1.784117 1.235235 0.842184 0.565472 0.373918 0.243511 0.156190 0.098673 0.061400 0.037634 0.022723 0.013515 0.007919 0.004571 0.002600 0.001457 0.000804 0.000438 0.000235 0.000124 0.000064 0.000033 0.000017 0.000008 0.000004 0.000002 0.000000 
0.000000 0.000001 0.000002 0.000005 0.000010 0.000020 0.000039 0.000075 0.000145 0.000274 0.000511 0.000939 0.001700 0.003034 0.005333 0.009236 0.015759 0.026489 0.043863 0.071545 0.114951 0.181918 0.283563 0.435331 0.658219 0.980133 1.437307 2.075623 2.951667 4.133260 5.699160 7.737649 10.343671 13.614323 17.642563 22.509242 28.273746 34.963872 42.565757 51.014948 60.189813 69.908479 79.930315 89.962634 99.672785 108.705198 116.702322 123.327807 128.289884 131.362666 132.403231 131.362666 128.289884 123.327807 116.702322 108.705198 99.672785 89.962634 79.930315 69.908479 60.189813 51.014948 42.565757 34.963872 28.273746 22.509242 17.642563 13.614323 10.343671 7.737649 5.699160 4.133260 2.951667 2.075623 1.437307 0.980133 0.658219 0.435331 0.283563 0.181918 0.114951 0.071545 0.043863 0.026489 0.015759 0.009236 0.005333 0.003034 0.001700 0.000939 0.000511 0.000274 0.000145 0.000075 0.000039 0.000020 0.000010 0.000005 0.000002 0.000000 
0.000000 0.000001 0.000003 0.000005 0.000011 0.000023 0.000045 0.000087 0.000166 0.000315 0.000587 0.001079 0.001953 0.003483 0.006122 0.010600 0.018082 0.030387 0.050306 0.082039 0.131785 0.208518 0.324965 0.498803 0.754057 1.122656 1.646043 2.376692 3.379308 4.731421 6.523055 8.855097 11.836028 15.576758 20.183447 25.748382 32.339308 39.987849 48.678016 58.336022 68.822758 79.930315 91.383683 102.848423 113.944480 124.265655 133.403520 140.973891 146.643514 150.154400 151.343316 150.154400 146.643514 140.973891 133.403520 124.265655 113.944480 102.848423 91.383683 79.930315 68.822758 58.336022 48.678016 39.987849 32.339308 25.748382 20.183447 15.576758 11.836028 8.855097 6.523055 4.731421 3.379308 2.376692 1.646043 1.122656 0.754057 0.498803 0.324965 0.208518 0.131785 0.082039 0.050306 0.030387 0.018082 0.010600 0.006122 0.003483 0.001953 0.001079 0.000587 0.000315 0.000166 0.000087 0.000044 0.000022 0.000011 0.000005 0.000002 0.000000 
