0.000000 0.000000 0.000000 0.000000 0.000000 0.000000 0.000000 0.000000 0.000000 0.000000 0.000000 0.000000 0.000000 0.000000 0.000000 0.000000 0.000000 0.000000 0.000000 0.000000 0.000000 0.000000 0.000000 0.000000 0.000000 0.000000 0.000000 0.000000 0.000000 0.000000 0.000000 0.000000 0.000000 0.000000 0.000000 0.000000 0.000000 0.000000 0.000000 0.000000 0.000000 0.000000 0.000000 0.000000 0.000000 0.000000 0.000000 0.000000 0.000000 0.000000 0.000000 0.000000 0.000000 0.000000 0.000000 0.000000 0.000000 0.000000 0.000000 0.000000 0.000000 0.000000 0.000000 0.000000 0.000000 0.000000 0.000000 0.000000 0.000000 0.000000 0.000000 0.000000 0.000000 0.000000 0.000000 0.000000 0.000000 0.000000 0.000000 0.000000 0.000000 0.000000 0.000000 0.000000 0.000000 0.000000 0.000000 0.000000 0.000000 0.000000 0.000000 0.000000 0.000000 0.000000 0.000000 0.000000 0.000000 0.000000 0.000000 0.000000 
0.000000 0.000000 0.000000 0.000000 0.000000 0.000000 0.000000 0.000000 0.000000 0.000001 0.000001 0.000001 0.000002 0.000002 0.000003 0.000004 0.000006 0.000008 0.000011 0.000015 0.000020 0.000026 0.000034 0.000044 0.000057 0.000072 0.000091 0.000113 0.000140 0.000171 0.000208 0.000250 0.000298 0.000351 0.000410 0.000475 0.000545 0.000619 0.000697 0.000777 0.000858 0.000939 0.001017 0.001092 0.001162 0.001224 0.001277 0.001320 0.001351 0.001371 0.001377 0.001371 0.001351 0.001320 0.001277 0.001224 0.001162 0.001092 0.001017 0.000939 0.000858 0.000777 0.000697 0.000619 0.000545 0.000475 0.000410 0.000351 0.000298 0.000250 0.000208 0.000171 0.000140 0.000113 0.000091 0.000072 0.000057 0.000044 0.000034 0.000026 0.000020 0.000015 0.000011 0.000008 0.000006 0.000004 0.000003 0.000002 0.000002 0.000001 0.000001 0.000001 0.000000 0.000000 0.000000 0.000000 0.000000 0.000000 0.000000 0.000000 
0.000000 0.000000 0.000000 0.000000 0.000000 0.000000 0.000000 0.000000 0.000001 0.000001 0.000002 0.000002 0.000003 0.000005 0.000007 0.000009 0.000013 0.000018 0.000024 0.000032 0.000043 0.000057 0.000074 0.000096 0.000124 0.000157 0.000198 0.000247 0.000306 0.000374 0.000454 0.000546 0.000650 0.000767 0.000897 0.001038 0.001191 0.001353 0.001522 0.001697 0.001874 0.002050 0.002222 0.002385 0.002537 0.002672 0.002788 0.002882 0.002951 0.002994 0.003008 0.002994 0.002951 0.002882 0.002788 0.002672 0.002537 0.002385 0.002222 0.002050 0.001874 0.001697 0.001522 0.001353 0.001191 0.001038 0.000897 0.000767 0.000650 0.000546 0.000454 0.000374 0.000306 0.000247 0.000198 0.000157 0.000124 0.000096 0.000074 0.000057 0.000043 0.000032 0.000024 0.000018 0.000013 0.000009 0.000007 0.000005 0.000003 0.000002 0.000002 0.000001 0.000001 0.000000 0.000000 0.000000 0.000000 0.000000 0.000000 0.000000 
0.000000 0.000000 0.000000 0.000000 0.000000 0.000000 0.000001 0.000001 0.000001 0.000002 0.000003 0.000004 0.000006 0.000008 0.000012 0.000016 0.000022 0.000031 0.000041 0.000056 0.000074 0.000098 0.000128 0.000166 0.000213 0.000271 0.000342 0.000426 0.000527 0.000646 0.000783 0.000942 0.001121 0.001323 0.001546 0.001789 0.002052 0.002331 0.002623 0.002924 0.003229 0.003533 0.003828 0.004110 0.004370 0.004604 0.004804 0.004965 0.005084 0.005157 0.005181 0.005157 0.005084 0.004965 0.004804 0.004604 0.004370 0.004110 0.003828 0.003533 0.003229 0.002924 0.002623 0.002331 0.002052 0.001789 0.001546 0.001323 0.001121 0.000942 0.000783 0.000646 0.000527 0.000426 0.000342 0.000271 0.000213 0.000166 0.000128 0.000098 0.000074 0.000056 0.000041 0.000031 0.000022 0.000016 0.000012 0.000008 0.000006 0.000004 0.000003 0.000002 0.000001 0.000001 0.000001 0.000000 0.000000 0.000000 0.000000 0.000000 
0.000000 0.000000 0.000000 0.000000 0.000000 0.000001 0.000001 0.000001 0.000002 0.000003 0.000004 0.000006 0.000009 0.000013 0.000018 0.000026 0.000036 0.000049 0.000066 0.000089 0.000119 0.000157 0.000205 0.000266 0.000341 0.000433 0.000546 0.000681 0.000842 0.001031 0.001251 0.001503 0.001790 0.002111 0.002467 0.002856 0.003274 0.003720 0.004186 0.004666 0.005152 0.005636 0.006107 0.006556 0.006971 0.007343 0.007662 0.007920 0.008109 0.008225 0.008264 0.008225 0.008109 0.007920 0.007662 0.007343 0.006971 0.006556 0.006107 0.005636 0.005152 0.004666 0.004186 0.003720 0.003274 0.002856 0.002467 0.002111 0.001790 0.001503 0.001251 0.001031 0.000842 0.000681 0.000546 0.000433 0.000341 0.000266 0.000205 0.000157 0.000119 0.000089 0.000066 0.000049 0.000036 0.000026 0.000018 0.000013 0.000009 0.000006 0.000004 0.000003 0.000002 0.000001 0.000001 0.000001 0.000000 0.000000 0.000000 0.000000 
0.000000 0.000000 0.000000 0.000000 0.000001 0.000001 0.000001 0.000002 0.000003 0.000005 0.000007 0.000010 0.000014 0.000020 0.000029 0.000040 0.000055 0.000076 0.000103 0.000138 0.000184 0.000242 0.000317 0.000410 0.000527 0.000670 0.000843 0.001052 0.001300 0.001592 0.001931 0.002321 0.002763 0.003259 0.003808 0.004407 0.005053 0.005740 0.006458 0.007199 0.007949 0.008695 0.009421 0.010113 0.010753 0.011326 0.011818 0.012215 0.012507 0.012686 0.012746 0.012686 0.012507 0.012215 0.011818 0.011326 0.010753 0.010113 0.009421 0.008695 0.007949 0.007199 0.006458 0.005740 0.005053 0.004407 0.003808 0.003259 0.002763 0.002321 0.001931 0.001592 0.001300 0.001052 0.000843 0.000670 0.000527 0.000410 0.000317 0.000242 0.000184 0.000138 0.000103 0.000076 0.000055 0.000040 0.000029 0.000020 0.000014 0.000010 0.000007 0.000005 0.000003 0.000002 0.000001 0.000001 0.000001 0.000000 0.000000 0.000000 
0.000000 0.000000 0.000000 0.000001 0.000001 0.000001 0.000002 0.000003 0.000005 0.000007 0.000010 0.000015 0.000022 0.000031 0.000044 0.000061 0.000084 0.000115 0.000156 0.000210 0.000279 0.000368 0.000481 0.000623 0.000799 0.001016 0.001279 0.001596 0.001972 0.002414 0.002928 0.003519 0.004189 0.004939 0.005770 0.006678 0.007656 0.008696 0.009784 0.010905 0.012040 0.013169 0.014268 0.015315 0.016283 0.017151 0.017895 0.018496 0.018938 0.019208 0.019299 0.019208 0.018938 0.018496 0.017895 0.017151 0.016283 0.015315 0.014268 0.013169 0.012040 0.010905 0.009784 0.008696 0.007656 0.006678 0.005770 0.004939 0.004189 0.003519 0.002928 0.002414 0.001972 0.001596 0.001279 0.001016 0.000799 0.000623 0.000481 0.000368 0.000279 0.000210 0.000156 0.000115 0.000084 0.000061 0.000044 0.000031 0.000022 0.000015 0.000010 0.000007 0.000005 0.000003 0.000002 0.000001 0.000001 0.000001 0.000000 0.000000 
0.000000 0.000000 0.000000 0.000001 0.000001 0.000002 0.000003 0.000005 0.000007 0.000011 0.000016 0.000023 0.000033 0.000046 0.000065 0.000091 0.000126 0.000172 0.000234 0.000314 0.000418 0.000552 0.000721 0.000934 0.001198 0.001522 0.001916 0.002390 0.002953 0.003615 0.004384 0.005267 0.006269 0.007392 0.008634 0.009991 0.011454 0.013007 0.014634 0.016309 0.018005 0.019692 0.021336 0.022899 0.024347 0.025643 0.026754 0.027652 0.028312 0.028715 0.028851 0.028715 0.028312 0.027652 0.026754 0.025643 0.024347 0.022899 0.021336 0.019692 0.018005 0.016309 0.014634 0.013007 0.011454 0.009991 0.008634 0.007392 0.006269 0.005267 0.004384 0.003615 0.002953 0.002390 0.001916 0.001522 0.001198 0.000934 0.000721 0.000552 0.000418 0.000314 0.000234 0.000172 0.000126 0.000091 0.000065 0.000046 0.000033 0.000023 0.000016 0.000011 0.000007 0.000005 0.000003 0.000002 0.000001 0.000001 0.000000 0.000000 
0.000000 0.000000 0.000001 0.000001 0.000002 0.000003 0.000005 0.000007 0.000011 0.000016 0.000023 0.000034 0.000049 0.000069 0.000097 0.000135 0.000187 0.000256 0.000347 0.000466 0.000621 0.000819 0.001070 0.001385 0.001776 0.002256 0.002840 0.003541 0.004375 0.005355 0.006494 0.007801 0.009284 0.010945 0.012784 0.014792 0.016956 0.019254 0.021659 0.024137 0.026646 0.029141 0.031570 0.033882 0.036022 0.037939 0.039582 0.040910 0.041885 0.042481 0.042682 0.042481 0.041885 0.040910 0.039582 0.037939 0.036022 0.033882 0.031570 0.029141 0.026646 0.024137 0.021659 0.019254 0.016956 0.014792 0.012784 0.010945 0.009284 0.007801 0.006494 0.005355 0.004375 0.003541 0.002840 0.002256 0.001776 0.001385 0.001070 0.000819 0.000621 0.000466 0.000347 0.000256 0.000187 0.000135 0.000097 0.000069 0.000049 0.000034 0.000023 0.000016 0.000011 0.000007 0.000005 0.000003 0.000002 0.000001 0.000001 0.000000 
0.000000 0.000001 0.000001 0.000002 0.000003 0.000005 0.000007 0.000011 0.000016 0.000024 0.000035 0.000050 0.000072 0.000102 0.000143 0.000199 0.000275 0.000377 0.000510 0.000686 0.000912 0.001203 0.001571 0.002034 0.002608 0.003312 0.004169 0.005198 0.006421 0.007858 0.009527 0.011444 0.013617 0.016053 0.018747 0.021690 0.024860 0.028227 0.031750 0.035380 0.039055 0.042709 0.046268 0.049653 0.052787 0.055594 0.058000 0.059944 0.061372 0.062246 0.062540 0.062246 0.061372 0.059944 0.058000 0.055594 0.052787 0.049653 0.046268 0.042709 0.039055 0.035380 0.031750 0.028227 0.024860 0.021690 0.018747 0.016053 0.013617 0.011444 0.009527 0.007858 0.006421 0.005198 0.004169 0.003312 0.002608 0.002034 0.001571 0.001203 0.000912 0.000686 0.000510 0.000377 0.000275 0.000199 0.000143 0.000102 0.000072 0.000050 0.000035 0.000024 0.000016 0.000011 0.000007 0.000005 0.000003 0.000002 0.000001 0.000000 
0.000000 0.000001 0.000002 0.000003 0.000004 0.000007 0.000010 0.000016 0.000023 0.000035 0.000050 0.000073 0.000104 0.000148 0.000208 0.000290 0.000401 0.000549 0.000743 0.000998 0.001328 0.001751 0.002287 0.002959 0.003794 0.004818 0.006063 0.007559 0.009336 0.011424 0.013849 0.016632 0.019789 0.023326 0.027238 0.031510 0.036112 0.041000 0.046114 0.051382 0.056716 0.062018 0.067181 0.072094 0.076641 0.080713 0.084205 0.087025 0.089097 0.090364 0.090790 0.090364 0.089097 0.087025 0.084205 0.080713 0.076641 0.072094 0.067181 0.062018 0.056716 0.051382 0.046114 0.041000 0.036112 0.031510 0.027238 0.023326 0.019789 0.016632 0.013849 0.011424 0.009336 0.007559 0.006063 0.004818 0.003794 0.002959 0.002287 0.001751 0.001328 0.000998 0.000743 0.000549 0.000401 0.000290 0.000208 0.000148 0.000104 0.000073 0.000050 0.000035 0.000023 0.000016 0.000010 0.000007 0.000004 0.000002 0.000001 0.000000 
0.000000 0.000001 0.000002 0.000004 0.000006 0.000010 0.000015 0.000023 0.000034 0.000050 0.000073 0.000105 0.000151 0.000214 0.000301 0.000419 0.000579 0.000792 0.001073 0.001440 0.001916 0.002525 0.003298 0.004266 0.005469 0.006945 0.008738 0.010892 0.013450 0.016456 0.019947 0.023953 0.028496 0.033585 0.039214 0.045360 0.051980 0.059010 0.066366 0.073941 0.081612 0.089237 0.096661 0.103724 0.110262 0.116116 0.121136 0.125190 0.128169 0.129990 0.130603 0.129990 0.128169 0.125190 0.121136 0.116116 0.110262 0.103724 0.096661 0.089237 0.081612 0.073941 0.066366 0.059010 0.051980 0.045360 0.039214 0.033585 0.028496 0.023953 0.019947 0.016456 0.013450 0.010892 0.008738 0.006945 0.005469 0.004266 0.003298 0.002525 0.001916 0.001440 0.001073 0.000792 0.000579 0.000419 0.000301 0.000214 0.000151 0.000105 0.000073 0.000050 0.000034 0.000023 0.000015 0.000010 0.000006 0.000004 0.000002 0.000000 
0.000000 0.000002 0.000003 0.000006 0.000009 0.000014 0.000022 0.000033 0.000049 0.000072 0.000104 0.000151 0.000216 0.000306 0.000431 0.000600 0.000828 0.001132 0.001534 0.002059 0.002739 0.003609 0.004712 0.006095 0.007812 0.009919 0.012477 0.015551 0.019202 0.023490 0.028469 0.034182 0.040661 0.047917 0.055943 0.064705 0.074142 0.084162 0.094646 0.105442 0.116373 0.127238 0.137817 0.147881 0.157196 0.165536 0.172688 0.178463 0.182707 0.185301 0.186174 0.185301 0.182707 0.178463 0.172688 0.165536 0.157196 0.147881 0.137817 0.127238 0.116373 0.105442 0.094646 0.084162 0.074142 0.064705 0.055943 0.047917 0.040661 0.034182 0.028469 0.023490 0.019202 0.015551 0.012477 0.009919 0.007812 0.006095 0.004712 0.003609 0.002739 0.002059 0.001534 0.001132 0.000828 0.000600 0.000431 0.000306 0.000216 0.000151 0.000104 0.000072 0.000049 0.000033 0.000022 0.000014 0.000009 0.000005 0.000002 0.000000 
0.000000 0.000002 0.000005 0.000008 0.000013 0.000020 0.000031 0.000046 0.000069 0.000102 0.000148 0.000214 0.000306 0.000435 0.000611 0.000851 0.001174 0.001605 0.002174 0.002917 0.003879 0.005111 0.006672 0.008629 0.011057 0.014037 0.017656 0.022002 0.027164 0.033226 0.040263 0.048338 0.057494 0.067747 0.079086 0.091464 0.104795 0.118949 0.133756 0.149003 0.164440 0.179782 0.194720 0.208930 0.222082 0.233856 0.243953 0.252107 0.258098 0.261761 0.262993 0.261761 0.258098 0.252107 0.243953 0.233856 0.222082 0.208930 0.194720 0.179782 0.164440 0.149003 0.133756 0.118949 0.104795 0.091464 0.079086 0.067747 0.057494 0.048338 0.040263 0.033226 0.027164 0.022002 0.017656 0.014037 0.011057 0.008629 0.006672 0.005111 0.003879 0.002917 0.002174 0.001605 0.001174 0.000851 0.000611 0.000435 0.000306 0.000214 0.000148 0.000102 0.000069 0.000046 0.000031 0.000020 0.000013 0.000007 0.000003 0.000000 
0.000000 0.000003 0.000007 0.000012 0.000018 0.000029 0.000044 0.000065 0.000097 0.000143 0.000208 0.000301 0.000431 0.000611 0.000858 0.001195 0.001649 0.002253 0.003052 0.004095 0.005445 0.007172 0.009361 0.012104 0.015508 0.019685 0.024757 0.030846 0.038078 0.046570 0.056427 0.067737 0.080558 0.094915 0.110791 0.128120 0.146780 0.166591 0.187315 0.208654 0.230257 0.251726 0.272628 0.292511 0.310913 0.327386 0.341512 0.352920 0.361301 0.366425 0.368150 0.366425 0.361301 0.352920 0.341512 0.327386 0.310913 0.292511 0.272628 0.251726 0.230257 0.208654 0.187315 0.166591 0.146780 0.128120 0.110791 0.094915 0.080558 0.067737 0.056427 0.046570 0.038078 0.030846 0.024757 0.019685 0.015508 0.012104 0.009361 0.007172 0.005445 0.004095 0.003052 0.002253 0.001649 0.001195 0.000858 0.000611 0.000431 0.000301 0.000208 0.000143 0.000097 0.000065 0.000043 0.000028 0.000018 0.000010 0.000005 0.000000 
0.000000 0.000004 0.000009 0.000016 0.000026 0.000040 0.000061 0.000091 0.000135 0.000199 0.000290 0.000419 0.000600 0.000851 0.001195 0.001664 0.002294 0.003135 0.004246 0.005696 0.007572 0.009972 0.013014 0.016826 0.021554 0.027355 0.034398 0.042853 0.052894 0.064681 0.078363 0.094059 0.111850 0.131771 0.153798 0.177838 0.203722 0.231202 0.259946 0.289540 0.319498 0.349269 0.378253 0.405821 0.431336 0.454176 0.473761 0.489577 0.501196 0.508300 0.510690 0.508300 0.501196 0.489577 0.473761 0.454176 0.431336 0.405821 0.378253 0.349269 0.319498 0.289540 0.259946 0.231202 0.203722 0.177838 0.153798 0.131771 0.111850 0.094059 0.078363 0.064681 0.052894 0.042853 0.034398 0.027355 0.021554 0.016826 0.013014 0.009972 0.007572 0.005696 0.004246 0.003135 0.002294 0.001664 0.001195 0.000851 0.000600 0.000419 0.000290 0.000199 0.000135 0.000091 0.000060 0.000039 0.000025 0.000014 0.000007 0.000000 
0.000000 0.000006 0.000013 0.000022 0.000036 0.000055 0.000084 0.000126 0.000187 0.000275 0.000401 0.000579 0.000828 0.001174 0.001649 0.002294 0.003164 0.004323 0.005852 0.007850 0.010434 0.013740 0.017927 0.023175 0.029683 0.037667 0.047358 0.058992 0.072805 0.089020 0.107838 0.129423 0.153888 0.181279 0.211562 0.244610 0.280191 0.317963 0.357468 0.398140 0.439309 0.480219 0.520046 0.557925 0.592982 0.624362 0.651270 0.672998 0.688962 0.698721 0.702005 0.698721 0.688962 0.672998 0.651270 0.624362 0.592982 0.557925 0.520046 0.480219 0.439309 0.398140 0.357468 0.317963 0.280191 0.244610 0.211562 0.181279 0.153888 0.129423 0.107838 0.089020 0.072805 0.058992 0.047358 0.037667 0.029683 0.023175 0.017927 0.013740 0.010434 0.007850 0.005852 0.004323 0.003164 0.002294 0.001649 0.001174 0.000828 0.000579 0.000401 0.000275 0.000187 0.000126 0.000083 0.000054 0.000034 0.000020 0.000009 0.000000 
0.000000 0.000008 0.000018 0.000031 0.000049 0.000076 0.000115 0.000172 0.000256 0.000377 0.000549 0.000792 0.001132 0.001605 0.002253 0.003135 0.004323 0.005905 0.007994 0.010721 0.014246 0.018758 0.024470 0.031629 0.040505 0.051394 0.064608 0.080470 0.099300 0.121401 0.147048 0.176464 0.209800 0.247120 0.288378 0.333397 0.381864 0.433310 0.487114 0.542504 0.598568 0.654275 0.708506 0.760082 0.807813 0.850537 0.887171 0.916753 0.938486 0.951772 0.956243 0.951772 0.938486 0.916753 0.887171 0.850537 0.807813 0.760082 0.708506 0.654275 0.598568 0.542504 0.487114 0.433310 0.381864 0.333397 0.288378 0.247120 0.209800 0.176464 0.147048 0.121401 0.099300 0.080470 0.064608 0.051394 0.040505 0.031629 0.024470 0.018758 0.014246 0.010721 0.007994 0.005905 0.004323 0.003135 0.002253 0.001605 0.001132 0.000792 0.000548 0.000376 0.000256 0.000172 0.000114 0.000074 0.000047 0.000027 0.000013 0.000000 
0.000000 0.000011 0.000024 0.000041 0.000066 0.000103 0.000156 0.000234 0.000347 0.000510 0.000743 0.001073 0.001534 0.002174 0.003052 0.004246 0.005852 0.007994 0.010818 0.014507 0.019274 0.025374 0.033097 0.042773 0.054769 0.069484 0.087338 0.108767 0.134202 0.164054 0.198691 0.238412 0.283425 0.333811 0.389509 0.450281 0.515700 0.585137 0.657751 0.732500 0.808154 0.883324 0.956498 1.026087 1.090485 1.148127 1.197551 1.237460 1.266779 1.284703 1.290734 1.284703 1.266779 1.237460 1.197551 1.148127 1.090485 1.026087 0.956498 0.883324 0.808154 0.732500 0.657751 0.585137 0.515700 0.450281 0.389509 0.333811 0.283425 0.238412 0.198691 0.164054 0.134202 0.108767 0.087338 0.069484 0.054769 0.042773 0.033097 0.025374 0.019274 0.014507 0.010818 0.007994 0.005852 0.004246 0.003052 0.002174 0.001534 0.001073 0.000743 0.000510 0.000347 0.000233 0.000155 0.000101 0.000064 0.000037 0.000017 0.000000 
0.000000 0.000015 0.000032 0.000056 0.000089 0.000138 0.000210 0.000314 0.000466 0.000686 0.000998 0.001440 0.002059 0.002917 0.004095 0.005696 0.007850 0.010721 0.014507 0.019450 0.025838 0.034010 0.044355 0.057315 0.073380 0.093082 0.116986 0.145672 0.179717 0.219670 0.266022 0.319174 0.379398 0.446808 0.521316 0.602606 0.690107 0.782973 0.880083 0.980042 1.081206 1.181718 1.279555 1.372596 1.458695 1.535757 1.601831 1.655184 1.694379 1.718341 1.726403 1.718341 1.694379 1.655184 1.601831 1.535757 1.458695 1.372596 1.279555 1.181718 1.081206 0.980042 0.880083 0.782973 0.690107 0.602606 0.521316 0.446808 0.379398 0.319174 0.266022 0.219670 0.179717 0.145672 0.116986 0.093082 0.073380 0.057315 0.044355 0.034010 0.025838 0.019450 0.014507 0.010721 0.007850 0.005696 0.004095 0.002917 0.002059 0.001440 0.000998 0.000685 0.000466 0.000313 0.000208 0.000136 0.000085 0.000050 0.000023 0.000000 
0.000000 0.000020 0.000043 0.000074 0.000119 0.000184 0.000279 0.000418 0.000621 0.000912 0.001328 0.001916 0.002739 0.003879 0.005445 0.007572 0.010434 0.014246 0.019274 0.025838 0.034320 0.045168 0.058899 0.076098 0.097415 0.123555 0.155267 0.193317 0.238472 0.291456 0.352921 0.423395 0.503240 0.592603 0.691368 0.799114 0.915084 1.038157 1.166846 1.299303 1.433350 1.566525 1.696152 1.819419 1.933484 2.035575 2.123107 2.193784 2.245706 2.277448 2.288128 2.277448 2.245706 2.193784 2.123107 2.035575 1.933484 1.819419 1.696152 1.566525 1.433350 1.299303 1.166846 1.038157 0.915084 0.799114 0.691368 0.592603 0.503240 0.423395 0.352921 0.291456 0.238472 0.193317 0.155267 0.123555 0.097415 0.076098 0.058899 0.045168 0.034320 0.025838 0.019274 0.014246 0.010434 0.007572 0.005444 0.003879 0.002739 0.001916 0.001328 0.000912 0.000620 0.000417 0.000277 0.000181 0.000114 0.000066 0.000030 0.000000 
0.000000 0.000026 0.000057 0.000098 0.000157 0.000242 0.000368 0.000552 0.000819 0.001203 0.001751 0.002525 0.003609 0.005111 0.007172 0.009972 0.013740 0.018758 0.025374 0.034010 0.045168 0.059436 0.077494 0.100111 0.128139 0.162504 0.204189 0.254201 0.313543 0.383169 0.463929 0.556519 0.661412 0.778799 0.908525 1.050039 1.202341 1.363962 1.532948 1.706871 1.882874 2.057723 2.227906 2.389734 2.539476 2.673496 2.788400 2.881177 2.949334 2.991000 3.005019 2.991000 2.949334 2.881177 2.788400 2.673496 2.539476 2.389734 2.227906 2.057723 1.882874 1.706871 1.532948 1.363962 1.202341 1.050039 0.908525 0.778799 0.661412 0.556519 0.463929 0.383169 0.313543 0.254201 0.204189 0.162504 0.128139 0.100111 0.077494 0.059436 0.045168 0.034010 0.025374 0.018758 0.013740 0.009972 0.007172 0.005111 0.003609 0.002525 0.001751 0.001202 0.000818 0.000550 0.000366 0.000238 0.000150 0.000087 0.000040 0.000000 
0.000000 0.000034 0.000074 0.000128 0.000205 0.000317 0.000481 0.000721 0.001070 0.001571 0.002287 0.003298 0.004712 0.006672 0.009361 0.013014 0.017927 0.024470 0.033097 0.044355 0.058899 0.077494 0.101026 0.130493 0.167008 0.211773 0.266067 0.331199 0.408475 0.499133 0.604279 0.724815 0.861357 1.014149 1.182990 1.367158 1.565354 1.775664 1.995543 2.221835 2.450821 2.678296 2.899691 3.110210 3.304999 3.479333 3.628796 3.749476 3.838129 3.892325 3.910560 3.892325 3.838129 3.749476 3.628796 3.479333 3.304999 3.110210 2.899691 2.678296 2.450821 2.221835 1.995543 1.775664 1.565354 1.367158 1.182990 1.014149 0.861357 0.724815 0.604279 0.499133 0.408475 0.331199 0.266067 0.211773 0.167008 0.130493 0.101026 0.077494 0.058899 0.044355 0.033097 0.024470 0.017927 0.013014 0.009361 0.006672 0.004712 0.003297 0.002286 0.001571 0.001068 0.000719 0.000478 0.000312 0.000196 0.000114 0.000053 0.000000 
0.000000 0.000044 0.000096 0.000166 0.000266 0.000410 0.000623 0.000934 0.001385 0.002034 0.002959 0.004266 0.006095 0.008629 0.012104 0.016826 0.023175 0.031629 0.042773 0.057315 0.076098 0.100111 0.130493 0.168536 0.215671 0.273450 0.343519 0.427568 0.527277 0.644241 0.779885 0.935370 1.111486 1.308548 1.526292 1.763785 2.019352 2.290522 2.574014 2.865761 3.160964 3.454209 3.739603 4.010968 4.262050 4.486758 4.679405 4.834951 4.949214 5.019066 5.042568 5.019066 4.949214 4.834951 4.679405 4.486758 4.262050 4.010968 3.739603 3.454209 3.160964 2.865761 2.574014 2.290522 2.019352 1.763785 1.526292 1.308548 1.111486 0.935370 0.779885 0.644241 0.527277 0.427568 0.343519 0.273450 0.215671 0.168536 0.130493 0.100111 0.076098 0.057315 0.042773 0.031629 0.023175 0.016825 0.012104 0.008629 0.006095 0.004266 0.002959 0.002033 0.001383 0.000931 0.000619 0.000403 0.000254 0.000148 0.000068 0.000000 
0.000000 0.000057 0.000124 0.000213 0.000341 0.000527 0.000799 0.001198 0.001776 0.002608 0.003794 0.005469 0.007812 0.011057 0.015508 0.021554 0.029683 0.040505 0.054769 0.073380 0.097415 0.128139 0.167008 0.215671 0.275957 0.349849 0.439449 0.546915 0.674392 0.823915 0.997304 1.196038 1.421122 1.672957 1.951204 2.254667 2.581203 2.927655 3.289830 3.662531 4.039631 4.414213 4.778753 5.125361 5.446053 5.733052 5.979098 6.177754 6.323685 6.412895 6.442911 6.412895 6.323685 6.177754 5.979098 5.733052 5.446053 5.125361 4.778753 4.414213 4.039631 3.662531 3.289830 2.927655 2.581203 2.254667 1.951204 1.672957 1.421122 1.196038 0.997304 0.823915 0.674392 0.546915 0.439449 0.349849 0.275957 0.215671 0.167008 0.128139 0.097415 0.073380 0.054769 0.040505 0.029683 0.021553 0.015508 0.011057 0.007811 0.005468 0.003793 0.002606 0.001774 0.001194 0.000794 0.000518 0.000326 0.000190 0.000087 0.000000 
0.000000 0.000072 0.000157 0.000271 0.000433 0.000670 0.001016 0.001522 0.002256 0.003312 0.004818 0.006945 0.009919 0.014037 0.019685 0.027355 0.037667 0.051394 0.069484 0.093082 0.123555 0.162504 0.211773 0.273450 0.349849 0.443482 0.557007 0.693155 0.854641 1.044037 1.263645 1.515332 1.800370 2.119260 2.471570 2.855784 3.269186 3.707775 4.166246 4.638018 5.115338 5.589450 6.050836 6.489512 6.895376 7.258589 7.569968 7.821370 8.006044 8.118938 8.156923 8.118938 8.006044 7.821370 7.569968 7.258589 6.895376 6.489512 6.050836 5.589450 5.115338 4.638018 4.166246 3.707775 3.269186 2.855784 2.471570 2.119260 1.800370 1.515332 1.263645 1.044037 0.854641 0.693155 0.557007 0.443482 0.349849 0.273450 0.211773 0.162504 0.123555 0.093082 0.069484 0.051394 0.037667 0.027355 0.019685 0.014037 0.009918 0.006944 0.004817 0.003311 0.002253 0.001518 0.001009 0.000658 0.000415 0.000242 0.000111 0.000000 
0.000000 0.000091 0.000198 0.000342 0.000546 0.000843 0.001279 0.001916 0.002840 0.004169 0.006063 0.008738 0.012477 0.017656 0.024757 0.034398 0.047358 0.064608 0.087338 0.116986 0.155267 0.204189 0.266067 0.343519 0.439449 0.557007 0.699525 0.870430 1.073121 1.310825 1.586423 1.902255 2.259912 2.660016 3.102023 3.584026 4.102615 4.652771 5.227836 5.819558 6.418212 7.012820 7.591447 8.141575 8.650542 9.106012 9.496475 9.811722 10.043294 10.184855 10.232485 10.184855 10.043294 9.811722 9.496475 9.106012 8.650542 8.141575 7.591447 7.012820 6.418212 5.819558 5.227836 4.652771 4.102615 3.584026 3.102023 2.660016 2.259912 1.902255 1.586423 1.310825 1.073121 0.870430 0.699525 0.557007 0.439449 0.343519 0.266067 0.204189 0.155267 0.116986 0.087338 0.064608 0.047358 0.034398 0.024757 0.017656 0.012477 0.008737 0.006062 0.004167 0.002837 0.001910 0.001270 0.000829 0.000522 0.000305 0.000140 0.000000 
0.000000 0.000113 0.000247 0.000426 0.000681 0.001052 0.001596 0.002390 0.003541 0.005198 0.007559 0.010892 0.015551 0.022002 0.030846 0.042853 0.058992 0.080470 0.108767 0.145672 0.193317 0.254201 0.331199 0.427568 0.546915 0.693155 0.870430 1.082994 1.335071 1.630668 1.973361 2.366054 2.810718 3.308123 3.857585 4.456732 5.101319 5.785106 6.499820 7.235201 7.979167 8.718077 9.437104 10.120696 10.753125 11.319067 11.804225 12.195920 12.483646 12.659533 12.718712 12.659533 12.483646 12.195920 11.804225 11.319067 10.753125 10.120696 9.437104 8.718077 7.979167 7.235201 6.499820 5.785106 5.101319 4.456732 3.857585 3.308123 2.810718 2.366054 1.973361 1.630668 1.335071 1.082994 0.870430 0.693155 0.546915 0.427568 0.331199 0.254201 0.193317 0.145672 0.108767 0.080470 0.058992 0.042853 0.030846 0.022002 0.015550 0.010891 0.007557 0.005196 0.003537 0.002383 0.001584 0.001034 0.000652 0.000380 0.000175 0.000000 
0.000000 0.000140 0.000306 0.000527 0.000842 0.001300 0.001972 0.002953 0.004375 0.006421 0.009336 0.013450 0.019202 0.027164 0.038078 0.052894 0.072805 0.099300 0.134202 0.179717 0.238472 0.313543 0.408475 0.527277 0.674392 0.854641 1.073121 1.335071 1.645689 2.009904 2.432117 2.915898 3.463666 4.076366 4.753148 5.491084 6.284945 7.127042 8.007184 8.912737 9.828827 10.738658 11.623978 12.465645 13.244296 13.941074 14.538381 15.020614 15.374841 15.591380 15.664236 15.591380 15.374841 15.020614 14.538381 13.941074 13.244296 12.465645 11.623978 10.738658 9.828827 8.912737 8.007184 7.127042 6.284945 5.491084 4.753148 4.076366 3.463666 2.915898 2.432117 2.009904 1.645689 1.335071 1.073121 0.854641 0.674392 0.527277 0.408475 0.313543 0.238472 0.179717 0.134202 0.099300 0.072805 0.052893 0.038078 0.027163 0.019201 0.013449 0.009334 0.006418 0.004370 0.002944 0.001958 0.001278 0.000806 0.000470 0.000216 0.000000 
0.000000 0.000171 0.000374 0.000646 0.001031 0.001592 0.002414 0.003615 0.005355 0.007858 0.011424 0.016456 0.023490 0.033226 0.046570 0.064681 0.089020 0.121401 0.164054 0.219670 0.291456 0.383169 0.499133 0.644241 0.823915 1.044037 1.310825 1.630668 2.009904 2.454546 2.969954 3.560479 4.229068 4.976864 5.802823 6.703368 7.672109 8.699664 9.773595 10.878487 11.996192 13.106224 14.186316 15.213125 16.163033 17.013043 17.741695 18.329960 18.762069 19.026215 19.115089 19.026215 18.762069 18.329960 17.741695 17.013043 16.163033 15.213125 14.186316 13.106224 11.996192 10.878487 9.773595 8.699664 7.672109 6.703368 5.802823 4.976864 4.229068 3.560479 2.969954 2.454546 2.009904 1.630668 1.310825 1.044037 0.823915 0.644241 0.499133 0.383169 0.291456 0.219670 0.164054 0.121401 0.089020 0.064681 0.046570 0.033225 0.023489 0.016455 0.011422 0.007854 0.005349 0.003604 0.002397 0.001565 0.000987 0.000576 0.000264 0.000000 
0.000000 0.000208 0.000454 0.000783 0.001251 0.001931 0.002928 0.004384 0.006494 0.009527 0.013849 0.019947 0.028469 0.040263 0.056427 0.078363 0.107838 0.147048 0.198691 0.266022 0.352921 0.463929 0.604279 0.779885 0.997304 1.263645 1.586423 1.973361 2.432117 2.969954 3.593348 4.307550 5.116115 6.020416 7.019184 8.108085 9.279390 10.521750 11.820124 13.155878 14.507073 15.848948 17.154593 18.395793 19.544011 20.571455 21.452194 22.163234 22.685523 23.004793 23.112213 23.004793 22.685523 22.163234 21.452194 20.571455 19.544011 18.395793 17.154593 15.848948 14.507073 13.155878 11.820124 10.521750 9.279390 8.108085 7.019184 6.020416 5.116115 4.307550 3.593348 2.969954 2.432117 1.973361 1.586423 1.263645 0.997304 0.779885 0.604279 0.463929 0.352921 0.266022 0.198691 0.147048 0.107838 0.078363 0.056427 0.040263 0.028468 0.019945 0.013846 0.009523 0.006486 0.004371 0.002908 0.001898 0.001197 0.000698 0.000321 0.000000 
0.000000 0.000250 0.000546 0.000942 0.001503 0.002321 0.003519 0.005267 0.007801 0.011444 0.016632 0.023953 0.034182 0.048338 0.067737 0.094059 0.129423 0.176464 0.238412 0.319174 0.423395 0.556519 0.724815 0.935370 1.196038 1.515332 1.902255 2.366054 2.915898 3.560479 4.307550 5.163392 6.132252 7.215769 8.412409 9.716976 11.120201 12.608485 14.163809 15.763850 17.382333 18.989601 20.553429 22.040033 23.415239 24.645775 25.700589 26.552154 27.177658 27.560020 27.688667 27.560020 27.177658 26.552154 25.700589 24.645775 23.415239 22.040033 20.553429 18.989601 17.382333 15.763850 14.163809 12.608485 11.120201 9.716976 8.412409 7.215769 6.132252 5.163392 4.307550 3.560479 2.915898 2.366054 1.902255 1.515332 1.196038 0.935370 0.724815 0.556519 0.423395 0.319174 0.238412 0.176464 0.129423 0.094058 0.067736 0.048338 0.034181 0.023951 0.016629 0.011438 0.007792 0.005252 0.003494 0.002281 0.001439 0.000839 0.000386 0.000000 
0.000000 0.000298 0.000650 0.001121 0.001790 0.002763 0.004189 0.006269 0.009284 0.013617 0.019789 0.028496 0.040661 0.057494 0.080558 0.111850 0.153888 0.209800 0.283425 0.379398 0.503240 0.661412 0.861357 1.111486 1.421122 1.800370 2.259912 2.810718 3.463666 4.229068 5.116115 6.132252 7.282512 8.568827 9.989368 11.537955 13.203581 14.970099 16.816118 18.715147 20.635999 22.543485 24.399369 26.163564 27.795527 29.255782 30.507493 31.518004 32.260252 32.713976 32.866633 32.713976 32.260252 31.518004 30.507493 29.255782 27.795527 26.163564 24.399369 22.543485 20.635999 18.715147 16.816118 14.970099 13.203581 11.537955 9.989368 8.568827 7.282512 6.132252 5.116115 4.229068 3.463666 2.810718 2.259912 1.800370 1.421122 1.111486 0.861357 0.661412 0.503240 0.379398 0.283425 0.209800 0.153887 0.111850 0.080557 0.057493 0.040660 0.028493 0.019785 0.013611 0.009273 0.006251 0.004159 0.002716 0.001713 0.001000 0.000459 0.000000 
0.000000 0.000351 0.000767 0.001323 0.002111 0.003259 0.004939 0.007392 0.010945 0.016053 0.023326 0.033585 0.047917 0.067747 0.094915 0.131771 0.181279 0.247120 0.333811 0.446808 0.592603 0.778799 1.014149 1.308548 1.672957 2.119260 2.660016 3.308123 4.076366 4.976864 6.020416 7.215769 8.568827 10.081851 11.752678 13.574032 15.532958 17.610460 19.781380 22.014564 24.273343 26.516341 28.698606 30.773010 32.691894 34.408853 35.880586 37.068708 37.941410 38.474874 38.654360 38.474874 37.941410 37.068708 35.880586 34.408853 32.691894 30.773010 28.698606 26.516341 24.273343 22.014564 19.781380 17.610460 15.532958 13.574032 11.752678 10.081851 8.568827 7.215769 6.020416 4.976864 4.076366 3.308123 2.660016 2.119260 1.672957 1.308548 1.014149 0.778799 0.592603 0.446808 0.333811 0.247120 0.181278 0.131771 0.094914 0.067746 0.047916 0.033582 0.023321 0.016045 0.010932 0.007370 0.004905 0.003203 0.002021 0.001179 0.000542 0.000000 
0.000000 0.000410 0.000897 0.001546 0.002467 0.003808 0.005770 0.008634 0.012784 0.018747 0.027238 0.039214 0.055943 0.079086 0.110791 0.153798 0.211562 0.288378 0.389509 0.521316 0.691368 0.908525 1.182990 1.526292 1.951204 2.471570 3.102023 3.857585 4.753148 5.802823 7.019184 8.412409 9.989368 11.752678 13.699811 15.822271 18.104957 20.525728 23.055266 25.657270 28.289020 30.902316 33.444790 35.861550 38.097081 40.097334 41.811878 43.196004 44.212668 44.834130 45.043222 44.834130 44.212668 43.196004 41.811878 40.097334 38.097081 35.861550 33.444790 30.902316 28.289020 25.657270 23.055266 20.525728 18.104957 15.822271 13.699811 11.752678 9.989368 8.412409 7.019184 5.802823 4.753148 3.857585 3.102023 2.471570 1.951204 1.526292 1.182990 0.908525 0.691368 0.521316 0.389509 0.288377 0.211562 0.153798 0.110790 0.079085 0.055941 0.039211 0.027233 0.018738 0.012769 0.008609 0.005730 0.003742 0.002361 0.001378 0.000633 0.000000 
0.000000 0.000475 0.001038 0.001789 0.002856 0.004407 0.006678 0.009991 0.014792 0.021690 0.031510 0.045360 0.064705 0.091464 0.128120 0.177838 0.244610 0.333397 0.450281 0.602606 0.799114 1.050039 1.367158 1.763785 2.254667 2.855784 3.584026 4.456732 5.491084 6.703368 8.108085 9.716976 11.537955 13.574032 15.822271 18.272855 20.908337 23.703147 26.623437 29.627298 32.665416 35.682155 38.617074 41.406818 43.987319 46.296201 48.275266 49.872921 51.046416 51.763742 52.005087 51.763742 51.046416 49.872921 48.275266 46.296201 43.987319 41.406818 38.617074 35.682155 32.665416 29.627298 26.623437 23.703147 20.908337 18.272855 15.822271 13.574032 11.537955 9.716976 8.108085 6.703368 5.491084 4.456732 3.584026 2.855784 2.254667 1.763785 1.367158 1.050039 0.799114 0.602606 0.450281 0.333397 0.244610 0.177837 0.128119 0.091463 0.064703 0.045356 0.031504 0.021679 0.014774 0.009962 0.006631 0.004331 0.002733 0.001595 0.000733 0.000000 
0.000000 0.000545 0.001191 0.002052 0.003274 0.005053 0.007656 0.011454 0.016956 0.024860 0.036112 0.051980 0.074142 0.104795 0.146780 0.203722 0.280191 0.381864 0.515700 0.690107 0.915084 1.202341 1.565354 2.019352 2.581203 3.269186 4.102615 5.101319 6.284945 7.672109 9.279390 11.120201 13.203581 15.532958 18.104957 20.908337 23.923127 27.120074 30.460454 33.896333 37.371306 40.821746 44.178533 47.369219 50.320541 52.961176 55.224577 57.051753 58.393825 59.214193 59.490206 59.214193 58.393825 57.051753 55.224577 52.961176 50.320541 47.369219 44.178533 40.821746 37.371306 33.896333 30.460454 27.120074 23.923127 20.908337 18.104957 15.532958 13.203581 11.120201 9.279390 7.672109 6.284945 5.101319 4.102615 3.269186 2.581203 2.019352 1.565354 1.202341 0.915084 0.690106 0.515700 0.381864 0.280191 0.203722 0.146779 0.104793 0.074139 0.051976 0.036105 0.024848 0.016935 0.011420 0.007602 0.004966 0.003134 0.001829 0.000840 0.000000 
0.000000 0.000619 0.001353 0.002331 0.003720 0.005740 0.008696 0.013007 0.019254 0.028227 0.041000 0.059010 0.084162 0.118949 0.166591 0.231202 0.317963 0.433310 0.585137 0.782973 1.038157 1.363962 1.775664 2.290522 2.927655 3.707775 4.652771 5.785106 7.127042 8.699664 10.521750 12.608485 14.970099 17.610460 20.525728 23.703147 27.120074 30.743346 34.529072 38.422927 42.360994 46.271175 50.075150 53.690833 57.035220 60.027502 62.592287 64.662744 66.183496 67.113083 67.425842 67.113083 66.183496 64.662744 62.592287 60.027502 57.035220 53.690833 50.075150 46.271175 42.360994 38.422927 34.529072 30.743346 27.120074 23.703147 20.525728 17.610460 14.970099 12.608485 10.521750 8.699664 7.127042 5.785106 4.652771 3.707775 2.927655 2.290522 1.775664 1.363962 1.038157 0.782973 0.585137 0.433310 0.317962 0.231202 0.166590 0.118947 0.084159 0.059005 0.040992 0.028213 0.019231 0.012970 0.008634 0.005640 0.003560 0.002078 0.000955 0.000000 
0.000000 0.000697 0.001522 0.002623 0.004186 0.006458 0.009784 0.014634 0.021659 0.031750 0.046114 0.066366 0.094646 0.133756 0.187315 0.259946 0.357468 0.487114 0.657751 0.880083 1.166846 1.532948 1.995543 2.574014 3.289830 4.166246 5.227836 6.499820 8.007184 9.773595 11.820124 14.163809 16.816118 19.781380 23.055266 26.623437 30.460454 34.529072 38.780001 43.152241 47.574028 51.964416 56.235478 60.295062 64.049990 67.409550 70.289113 72.613660 74.321031 75.364689 75.715825 75.364689 74.321031 72.613660 70.289113 67.409550 64.049990 60.295062 56.235478 51.964416 47.574028 43.152241 38.780001 34.529072 30.460454 26.623437 23.055266 19.781380 16.816118 14.163809 11.820124 9.773595 8.007184 6.499820 5.227836 4.166246 3.289830 2.574014 1.995543 1.532948 1.166846 0.880083 0.657751 0.487114 0.357467 0.259945 0.187314 0.133754 0.094643 0.066360 0.046105 0.031735 0.021633 0.014591 0.009714 0.006346 0.004006 0.002338 0.001074 0.000000 
0.000000 0.000777 0.001697 0.002924 0.004666 0.007199 0.010905 0.016309 0.024137 0.035380 0.051382 0.073941 0.105442 0.149003 0.208654 0.289540 0.398140 0.542504 0.732500 0.980042 1.299303 1.706871 2.221835 2.865761 3.662531 4.638018 5.819558 7.235201 8.912737 10.878487 13.155878 15.763850 18.715147 22.014564 25.657270 29.627298 33.896333 38.422927 43.152241 48.016412 52.935604 57.819774 62.571119 67.087140 71.264197 75.001398 78.204616 80.790416 82.689667 83.850610 84.241206 83.850610 82.689667 80.790416 78.204616 75.001398 71.264197 67.087140 62.571119 57.819774 52.935604 48.016412 43.152241 38.422927 33.896333 29.627298 25.657270 22.014564 18.715147 15.763850 13.155878 10.878487 8.912737 7.235201 5.819558 4.638018 3.662531 2.865761 2.221835 1.706871 1.299303 0.980042 0.732500 0.542504 0.398139 0.289539 0.208653 0.149001 0.105439 0.073935 0.051371 0.035362 0.024108 0.016261 0.010827 0.007074 0.004465 0.002606 0.001198 0.000000 
0.000000 0.000858 0.001874 0.003229 0.005152 0.007949 0.012040 0.018005 0.026646 0.039055 0.056716 0.081612 0.116373 0.164440 0.230257 0.319498 0.439309 0.598568 0.808154 1.081206 1.433350 1.882874 2.450821 3.160964 4.039631 5.115338 6.418212 7.979167 9.828827 11.996192 14.507073 17.382333 20.635999 24.273343 28.289020 32.665416 37.371306 42.360994 47.574028 52.935604 58.357727 63.741157 68.978106 73.955612 78.559462 82.678472 86.208915 89.058849 91.152094 92.431613 92.862103 92.431613 91.152094 89.058849 86.208915 82.678472 78.559462 73.955612 68.978106 63.741157 58.357727 52.935604 47.574028 42.360994 37.371306 32.665416 28.289020 24.273343 20.635999 17.382333 14.507073 11.996192 9.828827 7.979167 6.418212 5.115338 4.039631 3.160964 2.450821 1.882874 1.433350 1.081206 0.808154 0.598568 0.439308 0.319497 0.230256 0.164437 0.116369 0.081605 0.056704 0.039036 0.026614 0.017953 0.011954 0.007811 0.004931 0.002878 0.001323 0.000000 
0.000000 0.000939 0.002050 0.003533 0.005636 0.008695 0.013169 0.019692 0.029141 0.042709 0.062018 0.089237 0.127238 0.179782 0.251726 0.349269 0.480219 0.654275 0.883324 1.181718 1.566525 2.057723 2.678296 3.454209 4.414213 5.589450 7.012820 8.718077 10.738658 13.106224 15.848948 18.989601 22.543485 26.516341 30.902316 35.682155 40.821746 46.271175 51.964416 57.819774 63.741157 69.620195 75.339188 80.774792 85.802296 90.300303 94.155560 97.267679 99.553485 100.950706 101.420796 100.950706 99.553485 97.267679 94.155560 90.300303 85.802296 80.774792 75.339188 69.620195 63.741157 57.819774 51.964416 46.271175 40.821746 35.682155 30.902316 26.516341 22.543485 18.989601 15.848948 13.106224 10.738658 8.718077 7.012820 5.589450 4.414213 3.454209 2.678296 2.057723 1.566525 1.181718 0.883324 0.654275 0.480218 0.349268 0.251724 0.179779 0.127234 0.089229 0.062005 0.042688 0.029106 0.019635 0.013075 0.008543 0.005394 0.003149 0.001447 0.000000 
0.000000 0.001017 0.002222 0.003828 0.006107 0.009421 0.014268 0.021336 0.031570 0.046268 0.067181 0.096661 0.137817 0.194720 0.272628 0.378253 0.520046 0.708506 0.956498 1.279555 1.696152 2.227906 2.899691 3.739603 4.778753 6.050836 7.591447 9.437104 11.623978 14.186316 17.154593 20.553429 24.399369 28.698606 33.444790 38.617074 44.178533 50.075150 56.235478 62.571119 68.978106 75.339188 81.527027 87.408179 92.847730 97.714347 101.885511 105.252626 107.725712 109.237405 109.746008 109.237405 107.725712 105.252626 101.885511 97.714347 92.847730 87.408179 81.527027 75.339188 68.978106 62.571119 56.235478 50.075150 44.178533 38.617074 33.444790 28.698606 24.399369 20.553429 17.154593 14.186316 11.623978 9.437104 7.591447 6.050836 4.778753 3.739603 2.899691 2.227906 1.696151 1.279555 0.956497 0.708505 0.520045 0.378252 0.272627 0.194717 0.137813 0.096653 0.067168 0.046245 0.031532 0.021273 0.014167 0.009257 0.005845 0.003412 0.001568 0.000000 
