0.000000 0.000000 0.000000 0.000000 0.000000 0.000000 0.000000 0.000000 0.000000 0.000000 0.000000 0.000000 0.000000 0.000000 0.000000 0.000000 0.000000 0.000000 0.000000 0.000000 0.000000 0.000000 0.000000 0.000000 0.000000 0.000000 0.000000 0.000000 0.000000 0.000000 0.000000 0.000000 0.000000 0.000000 0.000000 0.000000 0.000000 0.000000 0.000000 0.000000 0.000000 0.000000 0.000000 0.000000 0.000000 0.000000 0.000000 0.000000 0.000000 0.000000 0.000000 0.000000 0.000000 0.000000 0.000000 0.000000 0.000000 0.000000 0.000000 0.000000 0.000000 0.000000 0.000000 0.000000 0.000000 0.000000 0.000000 0.000000 0.000000 0.000000 0.000000 0.000000 0.000000 0.000000 0.000000 0.000000 0.000000 0.000000 0.000000 0.000000 0.000000 0.000000 0.000000 0.000000 0.000000 0.000000 0.000000 0.000000 0.000000 0.000000 0.000000 0.000000 0.000000 0.000000 0.000000 0.000000 0.000000 0.000000 0.000000 0.000000 
0.000000 0.000000 0.000000 0.000000 0.000000 0.000000 0.000000 0.000000 0.000000 0.000000 0.000000 0.000000 0.000000 0.000000 0.000000 0.000000 0.000000 0.000000 0.000000 0.000000 0.000000 0.000000 0.000000 0.000000 0.000000 0.000000 0.000000 0.000000 0.000000 0.000000 0.000000 0.000000 0.000000 0.000000 0.000000 0.000000 0.000000 0.000000 0.000000 0.000000 0.000000 0.000000 0.000000 0.000000 0.000000 0.000000 0.000000 0.000000 0.000000 0.000000 0.000000 0.000000 0.000000 0.000000 0.000000 0.000000 0.000000 0.000000 0.000000 0.000000 0.000000 0.000000 0.000000 0.000000 0.000000 0.000000 0.000000 0.000000 0.000000 0.000000 0.000000 0.000000 0.000000 0.000000 0.000000 0.000000 0.000000 0.000000 0.000000 0.000000 0.000000 0.000000 0.000000 0.000000 0.000000 0.000000 0.000000 0.000000 0.000000 0.000000 0.000000 0.000000 0.000000 0.000000 0.000000 0.000000 0.000000 0.000000 0.000000 0.000000 
0.000000 0.000000 0.000000 0.000000 0.000000 0.000000 0.000000 0.000000 0.000000 0.000000 0.000000 0.000000 0.000000 0.000000 0.000000 0.000000 0.000000 0.000000 0.000000 0.000000 0.000000 0.000000 0.000000 0.000000 0.000000 0.000000 0.000000 0.000000 0.000000 0.000000 0.000000 0.000000 0.000000 0.000000 0.000000 0.000000 0.000000 0.000000 0.000000 0.000000 0.000000 0.000000 0.000001 0.000001 0.000001 0.000001 0.000001 0.000001 0.000001 0.000001 0.000001 0.000001 0.000001 0.000001 0.000001 0.000001 0.000001 0.000001 0.000001 0.000000 0.000000 0.000000 0.000000 0.000000 0.000000 0.000000 0.000000 0.000000 0.000000 0.000000 0.000000 0.000000 0.000000 0.000000 0.000000 0.000000 0.000000 0.000000 0.000000 0.000000 0.000000 0.000000 0.000000 0.000000 0.000000 0.000000 0.000000 0.000000 0.000000 0.000000 0.000000 0.000000 0.000000 0.000000 0.000000 0.000000 0.000000 0.000000 0.000000 0.000000 
0.000000 0.000000 0.000000 0.000000 0.000000 0.000000 0.000000 0.000000 0.000000 0.000000 0.000000 0.000000 0.000000 0.000000 0.000000 0.000000 0.000000 0.000000 0.000000 0.000000 0.000000 0.000000 0.000000 0.000000 0.000000 0.000000 0.000000 0.000000 0.000000 0.000000 0.000000 0.000000 0.000000 0.000000 0.000000 0.000000 0.000000 0.000000 0.000001 0.000001 0.000001 0.000001 0.000001 0.000001 0.000001 0.000002 0.000002 0.000002 0.000002 0.000002 0.000002 0.000002 0.000002 0.000002 0.000002 0.000002 0.000001 0.000001 0.000001 0.000001 0.000001 0.000001 0.000001 0.000000 0.000000 0.000000 0.000000 0.000000 0.000000 0.000000 0.000000 0.000000 0.000000 0.000000 0.000000 0.000000 0.000000 0.000000 0.000000 0.000000 0.000000 0.000000 0.000000 0.000000 0.000000 0.000000 0.000000 0.000000 0.000000 0.000000 0.000000 0.000000 0.000000 0.000000 0.000000 0.000000 0.000000 0.000000 0.000000 0.000000 
0.000000 0.000000 0.000000 0.000000 0.000000 0.000000 0.000000 0.000000 0.000000 0.000000 0.000000 0.000000 0.000000 0.000000 0.000000 0.000000 0.000000 0.000000 0.000000 0.000000 0.000000 0.000000 0.000000 0.000000 0.000000 0.000000 0.000000 0.000000 0.000000 0.000000 0.000000 0.000000 0.000000 0.000000 0.000000 0.000001 0.000001 0.000001 0.000001 0.000001 0.000002 0.000002 0.000003 0.000003 0.000003 0.000004 0.000004 0.000004 0.000004 0.000004 0.000005 0.000004 0.000004 0.000004 0.000004 0.000004 0.000003 0.000003 0.000003 0.000002 0.000002 0.000001 0.000001 0.000001 0.000001 0.000001 0.000000 0.000000 0.000000 0.000000 0.000000 0.000000 0.000000 0.000000 0.000000 0.000000 0.000000 0.000000 0.000000 0.000000 0.000000 0.000000 0.000000 0.000000 0.000000 0.000000 0.000000 0.000000 0.000000 0.000000 0.000000 0.000000 0.000000 0.000000 0.000000 0.000000 0.000000 0.000000 0.000000 0.000000 
0.000000 0.000000 0.000000 0.000000 0.000000 0.000000 0.000000 0.000000 0.000000 0.000000 0.000000 0.000000 0.000000 0.000000 0.000000 0.000000 0.000000 0.000000 0.000000 0.000000 0.000000 0.000000 0.000000 0.000000 0.000000 0.000000 0.000000 0.000000 0.000000 0.000000 0.000000 0.000000 0.000001 0.000001 0.000001 0.000001 0.000002 0.000002 0.000003 0.000003 0.000004 0.000005 0.000005 0.000006 0.000007 0.000008 0.000008 0.000009 0.000009 0.000010 0.000010 0.000010 0.000009 0.000009 0.000008 0.000008 0.000007 0.000006 0.000005 0.000005 0.000004 0.000003 0.000003 0.000002 0.000002 0.000001 0.000001 0.000001 0.000001 0.000000 0.000000 0.000000 0.000000 0.000000 0.000000 0.000000 0.000000 0.000000 0.000000 0.000000 0.000000 0.000000 0.000000 0.000000 0.000000 0.000000 0.000000 0.000000 0.000000 0.000000 0.000000 0.000000 0.000000 0.000000 0.000000 0.000000 0.000000 0.000000 0.000000 0.000000 
0.000000 0.000000 0.000000 0.000000 0.000000 0.000000 0.000000 0.000000 0.000000 0.000000 0.000000 0.000000 0.000000 0.000000 0.000000 0.000000 0.000000 0.000000 0.000000 0.000000 0.000000 0.000000 0.000000 0.000000 0.000000 0.000000 0.000000 0.000000 0.000000 0.000000 0.000001 0.000001 0.000001 0.000001 0.000002 0.000003 0.000003 0.000004 0.000005 0.000007 0.000008 0.000010 0.000011 0.000013 0.000015 0.000016 0.000018 0.000019 0.000020 0.000020 0.000020 0.000020 0.000020 0.000019 0.000018 0.000016 0.000015 0.000013 0.000011 0.000010 0.000008 0.000007 0.000005 0.000004 0.000003 0.000003 0.000002 0.000001 0.000001 0.000001 0.000001 0.000000 0.000000 0.000000 0.000000 0.000000 0.000000 0.000000 0.000000 0.000000 0.000000 0.000000 0.000000 0.000000 0.000000 0.000000 0.000000 0.000000 0.000000 0.000000 0.000000 0.000000 0.000000 0.000000 0.000000 0.000000 0.000000 0.000000 0.000000 0.000000 
0.000000 0.000000 0.000000 0.000000 0.000000 0.000000 0.000000 0.000000 0.000000 0.000000 0.000000 0.000000 0.000000 0.000000 0.000000 0.000000 0.000000 0.000000 0.000000 0.000000 0.000000 0.000000 0.000000 0.000000 0.000000 0.000000 0.000000 0.000000 0.000001 0.000001 0.000001 0.000002 0.000002 0.000003 0.000004 0.000005 0.000007 0.000009 0.000011 0.000014 0.000017 0.000020 0.000023 0.000027 0.000030 0.000033 0.000036 0.000039 0.000040 0.000042 0.000042 0.000042 0.000040 0.000039 0.000036 0.000033 0.000030 0.000027 0.000023 0.000020 0.000017 0.000014 0.000011 0.000009 0.000007 0.000005 0.000004 0.000003 0.000002 0.000002 0.000001 0.000001 0.000001 0.000000 0.000000 0.000000 0.000000 0.000000 0.000000 0.000000 0.000000 0.000000 0.000000 0.000000 0.000000 0.000000 0.000000 0.000000 0.000000 0.000000 0.000000 0.000000 0.000000 0.000000 0.000000 0.000000 0.000000 0.000000 0.000000 0.000000 
0.000000 0.000000 0.000000 0.000000 0.000000 0.000000 0.000000 0.000000 0.000000 0.000000 0.000000 0.000000 0.000000 0.000000 0.000000 0.000000 0.000000 0.000000 0.000000 0.000000 0.000000 0.000000 0.000000 0.000000 0.000000 0.000000 0.000000 0.000001 0.000001 0.000002 0.000002 0.000003 0.000005 0.000006 0.000008 0.000011 0.000014 0.000018 0.000023 0.000028 0.000034 0.000041 0.000048 0.000055 0.000062 0.000068 0.000074 0.000079 0.000082 0.000085 0.000085 0.000085 0.000082 0.000079 0.000074 0.000068 0.000062 0.000055 0.000048 0.000041 0.000034 0.000028 0.000023 0.000018 0.000014 0.000011 0.000008 0.000006 0.000005 0.000003 0.000002 0.000002 0.000001 0.000001 0.000000 0.000000 0.000000 0.000000 0.000000 0.000000 0.000000 0.000000 0.000000 0.000000 0.000000 0.000000 0.000000 0.000000 0.000000 0.000000 0.000000 0.000000 0.000000 0.000000 0.000000 0.000000 0.000000 0.000000 0.000000 0.000000 
0.000000 0.000000 0.000000 0.000000 0.000000 0.000000 0.000000 0.000000 0.000000 0.000000 0.000000 0.000000 0.000000 0.000000 0.000000 0.000000 0.000000 0.000000 0.000000 0.000000 0.000000 0.000000 0.000000 0.000000 0.000000 0.000001 0.000001 0.000001 0.000002 0.000003 0.000005 0.000007 0.000009 0.000013 0.000017 0.000022 0.000029 0.000037 0.000046 0.000057 0.000069 0.000082 0.000096 0.000110 0.000123 0.000136 0.000148 0.000158 0.000165 0.000169 0.000171 0.000169 0.000165 0.000158 0.000148 0.000136 0.000123 0.000110 0.000096 0.000082 0.000069 0.000057 0.000046 0.000037 0.000029 0.000022 0.000017 0.000013 0.000009 0.000007 0.000005 0.000003 0.000002 0.000001 0.000001 0.000001 0.000000 0.000000 0.000000 0.000000 0.000000 0.000000 0.000000 0.000000 0.000000 0.000000 0.000000 0.000000 0.000000 0.000000 0.000000 0.000000 0.000000 0.000000 0.000000 0.000000 0.000000 0.000000 0.000000 0.000000 
0.000000 0.000000 0.000000 0.000000 0.000000 0.000000 0.000000 0.000000 0.000000 0.000000 0.000000 0.000000 0.000000 0.000000 0.000000 0.000000 0.000000 0.000000 0.000000 0.000000 0.000000 0.000000 0.000000 0.000000 0.000001 0.000001 0.000002 0.000003 0.000004 0.000006 0.000009 0.000013 0.000018 0.000025 0.000034 0.000044 0.000058 0.000073 0.000092 0.000113 0.000137 0.000162 0.000189 0.000217 0.000243 0.000269 0.000292 0.000311 0.000325 0.000334 0.000337 0.000334 0.000325 0.000311 0.000292 0.000269 0.000243 0.000217 0.000189 0.000162 0.000137 0.000113 0.000092 0.000073 0.000058 0.000044 0.000034 0.000025 0.000018 0.000013 0.000009 0.000006 0.000004 0.000003 0.000002 0.000001 0.000001 0.000000 0.000000 0.000000 0.000000 0.000000 0.000000 0.000000 0.000000 0.000000 0.000000 0.000000 0.000000 0.000000 0.000000 0.000000 0.000000 0.000000 0.000000 0.000000 0.000000 0.000000 0.000000 0.000000 
0.000000 0.000000 0.000000 0.000000 0.000000 0.000000 0.000000 0.000000 0.000000 0.000000 0.000000 0.000000 0.000000 0.000000 0.000000 0.000000 0.000000 0.000000 0.000000 0.000000 0.000000 0.000000 0.000001 0.000001 0.000002 0.000002 0.000004 0.000006 0.000008 0.000012 0.000018 0.000026 0.000036 0.000049 0.000065 0.000086 0.000112 0.000143 0.000179 0.000220 0.000266 0.000315 0.000367 0.000421 0.000473 0.000522 0.000566 0.000603 0.000631 0.000648 0.000654 0.000648 0.000631 0.000603 0.000566 0.000522 0.000473 0.000421 0.000367 0.000315 0.000266 0.000220 0.000179 0.000143 0.000112 0.000086 0.000065 0.000049 0.000036 0.000026 0.000018 0.000012 0.000008 0.000006 0.000004 0.000002 0.000002 0.000001 0.000001 0.000000 0.000000 0.000000 0.000000 0.000000 0.000000 0.000000 0.000000 0.000000 0.000000 0.000000 0.000000 0.000000 0.000000 0.000000 0.000000 0.000000 0.000000 0.000000 0.000000 0.000000 
0.000000 0.000000 0.000000 0.000000 0.000000 0.000000 0.000000 0.000000 0.000000 0.000000 0.000000 0.000000 0.000000 0.000000 0.000000 0.000000 0.000000 0.000000 0.000000 0.000000 0.000000 0.000001 0.000001 0.000002 0.000003 0.000005 0.000007 0.000011 0.000016 0.000024 0.000035 0.000049 0.000068 0.000093 0.000125 0.000166 0.000215 0.000274 0.000342 0.000421 0.000508 0.000603 0.000703 0.000804 0.000904 0.000998 0.001082 0.001152 0.001206 0.001239 0.001250 0.001239 0.001206 0.001152 0.001082 0.000998 0.000904 0.000804 0.000703 0.000603 0.000508 0.000421 0.000342 0.000274 0.000215 0.000166 0.000125 0.000093 0.000068 0.000049 0.000035 0.000024 0.000016 0.000011 0.000007 0.000005 0.000003 0.000002 0.000001 0.000001 0.000000 0.000000 0.000000 0.000000 0.000000 0.000000 0.000000 0.000000 0.000000 0.000000 0.000000 0.000000 0.000000 0.000000 0.000000 0.000000 0.000000 0.000000 0.000000 0.000000 
0.000000 0.000000 0.000000 0.000000 0.000000 0.000000 0.000000 0.000000 0.000000 0.000000 0.000000 0.000000 0.000000 0.000000 0.000000 0.000000 0.000000 0.000000 0.000000 0.000000 0.000001 0.000001 0.000002 0.000004 0.000006 0.000009 0.000014 0.000021 0.000031 0.000045 0.000066 0.000093 0.000129 0.000176 0.000237 0.000313 0.000405 0.000516 0.000646 0.000793 0.000958 0.001135 0.001322 0.001513 0.001700 0.001877 0.002035 0.002167 0.002266 0.002328 0.002349 0.002328 0.002266 0.002167 0.002035 0.001877 0.001700 0.001513 0.001322 0.001135 0.000958 0.000793 0.000646 0.000516 0.000405 0.000313 0.000237 0.000176 0.000129 0.000093 0.000066 0.000045 0.000031 0.000021 0.000014 0.000009 0.000006 0.000004 0.000002 0.000001 0.000001 0.000000 0.000000 0.000000 0.000000 0.000000 0.000000 0.000000 0.000000 0.000000 0.000000 0.000000 0.000000 0.000000 0.000000 0.000000 0.000000 0.000000 0.000000 0.000000 
0.000000 0.000000 0.000000 0.000000 0.000000 0.000000 0.000000 0.000000 0.000000 0.000000 0.000000 0.000000 0.000000 0.000000 0.000000 0.000000 0.000000 0.000000 0.000000 0.000001 0.000001 0.000002 0.000004 0.000007 0.000011 0.000017 0.000026 0.000039 0.000058 0.000085 0.000122 0.000173 0.000240 0.000328 0.000440 0.000581 0.000752 0.000957 0.001197 0.001471 0.001774 0.002103 0.002449 0.002801 0.003147 0.003473 0.003765 0.004009 0.004192 0.004307 0.004345 0.004307 0.004192 0.004009 0.003765 0.003473 0.003147 0.002801 0.002449 0.002103 0.001774 0.001471 0.001197 0.000957 0.000752 0.000581 0.000440 0.000328 0.000240 0.000173 0.000122 0.000085 0.000058 0.000039 0.000026 0.000017 0.000011 0.000007 0.000004 0.000002 0.000001 0.000001 0.000000 0.000000 0.000000 0.000000 0.000000 0.000000 0.000000 0.000000 0.000000 0.000000 0.000000 0.000000 0.000000 0.000000 0.000000 0.000000 0.000000 0.000000 
0.000000 0.000000 0.000000 0.000000 0.000000 0.000000 0.000000 0.000000 0.000000 0.000000 0.000000 0.000000 0.000000 0.000000 0.000000 0.000000 0.000000 0.000001 0.000001 0.000002 0.000003 0.000005 0.000008 0.000012 0.000019 0.000031 0.000047 0.000071 0.000106 0.000156 0.000224 0.000317 0.000440 0.000600 0.000805 0.001061 0.001374 0.001748 0.002185 0.002682 0.003235 0.003834 0.004463 0.005103 0.005732 0.006324 0.006854 0.007297 0.007631 0.007839 0.007909 0.007839 0.007631 0.007297 0.006854 0.006324 0.005732 0.005103 0.004463 0.003834 0.003235 0.002682 0.002185 0.001748 0.001374 0.001061 0.000805 0.000600 0.000440 0.000317 0.000224 0.000156 0.000106 0.000071 0.000047 0.000031 0.000019 0.000012 0.000008 0.000005 0.000003 0.000002 0.000001 0.000001 0.000000 0.000000 0.000000 0.000000 0.000000 0.000000 0.000000 0.000000 0.000000 0.000000 0.000000 0.000000 0.000000 0.000000 0.000000 0.000000 
0.000000 0.000000 0.000000 0.000000 0.000000 0.000000 0.000000 0.000000 0.000000 0.000000 0.000000 0.000000 0.000000 0.000000 0.000000 0.000000 0.000001 0.000001 0.000002 0.000003 0.000005 0.000008 0.000014 0.000022 0.000035 0.000055 0.000085 0.000129 0.000192 0.000281 0.000404 0.000570 0.000792 0.001081 0.001449 0.001908 0.002469 0.003140 0.003922 0.004814 0.005804 0.006876 0.008001 0.009147 0.010272 0.011331 0.012279 0.013071 0.013668 0.014039 0.014165 0.014039 0.013668 0.013071 0.012279 0.011331 0.010272 0.009147 0.008001 0.006876 0.005804 0.004814 0.003922 0.003140 0.002469 0.001908 0.001449 0.001081 0.000792 0.000570 0.000404 0.000281 0.000192 0.000129 0.000085 0.000055 0.000035 0.000022 0.000014 0.000008 0.000005 0.000003 0.000002 0.000001 0.000001 0.000000 0.000000 0.000000 0.000000 0.000000 0.000000 0.000000 0.000000 0.000000 0.000000 0.000000 0.000000 0.000000 0.000000 0.000000 
0.000000 0.000000 0.000000 0.000000 0.000000 0.000000 0.000000 0.000000 0.000000 0.000000 0.000000 0.000000 0.000000 0.000000 0.000000 0.000001 0.000001 0.000002 0.000003 0.000005 0.000009 0.000015 0.000024 0.000039 0.000063 0.000098 0.000151 0.000229 0.000341 0.000499 0.000716 0.001011 0.001403 0.001913 0.002563 0.003375 0.004365 0.005548 0.006928 0.008500 0.010245 0.012132 0.014114 0.016131 0.018111 0.019975 0.021643 0.023036 0.024086 0.024739 0.024960 0.024739 0.024086 0.023036 0.021643 0.019975 0.018111 0.016131 0.014114 0.012132 0.010245 0.008500 0.006928 0.005548 0.004365 0.003375 0.002563 0.001913 0.001403 0.001011 0.000716 0.000499 0.000341 0.000229 0.000151 0.000098 0.000063 0.000039 0.000024 0.000015 0.000009 0.000005 0.000003 0.000002 0.000001 0.000001 0.000000 0.000000 0.000000 0.000000 0.000000 0.000000 0.000000 0.000000 0.000000 0.000000 0.000000 0.000000 0.000000 0.000000 
0.000000 0.000000 0.000000 0.000000 0.000000 0.000000 0.000000 0.000000 0.000000 0.000000 0.000000 0.000000 0.000000 0.000000 0.000000 0.000001 0.000002 0.000003 0.000005 0.000009 0.000015 0.000026 0.000043 0.000069 0.000110 0.000172 0.000265 0.000401 0.000596 0.000871 0.001250 0.001764 0.002446 0.003333 0.004463 0.005872 0.007592 0.009645 0.012040 0.014765 0.017791 0.021061 0.024495 0.027988 0.031416 0.034645 0.037532 0.039943 0.041760 0.042889 0.043273 0.042889 0.041760 0.039943 0.037532 0.034645 0.031416 0.027988 0.024495 0.021061 0.017791 0.014765 0.012040 0.009645 0.007592 0.005872 0.004463 0.003333 0.002446 0.001764 0.001250 0.000871 0.000596 0.000401 0.000265 0.000172 0.000110 0.000069 0.000043 0.000026 0.000015 0.000009 0.000005 0.000003 0.000002 0.000001 0.000000 0.000000 0.000000 0.000000 0.000000 0.000000 0.000000 0.000000 0.000000 0.000000 0.000000 0.000000 0.000000 0.000000 
0.000000 0.000000 0.000000 0.000000 0.000000 0.000000 0.000000 0.000000 0.000000 0.000000 0.000000 0.000000 0.000000 0.000000 0.000001 0.000002 0.000003 0.000005 0.000009 0.000016 0.000027 0.000045 0.000074 0.000119 0.000190 0.000297 0.000456 0.000689 0.001024 0.001495 0.002145 0.003025 0.004193 0.005710 0.007643 0.010051 0.012990 0.016495 0.020581 0.025232 0.030392 0.035968 0.041820 0.047772 0.053614 0.059113 0.064029 0.068135 0.071229 0.073152 0.073805 0.073152 0.071229 0.068135 0.064029 0.059113 0.053614 0.047772 0.041820 0.035968 0.030392 0.025232 0.020581 0.016495 0.012990 0.010051 0.007643 0.005710 0.004193 0.003025 0.002145 0.001495 0.001024 0.000689 0.000456 0.000297 0.000190 0.000119 0.000074 0.000045 0.000027 0.000016 0.000009 0.000005 0.000003 0.000002 0.000001 0.000000 0.000000 0.000000 0.000000 0.000000 0.000000 0.000000 0.000000 0.000000 0.000000 0.000000 0.000000 0.000000 
0.000000 0.000000 0.000000 0.000000 0.000000 0.000000 0.000000 0.000000 0.000000 0.000000 0.000000 0.000000 0.000000 0.000001 0.000001 0.000003 0.000005 0.000009 0.000015 0.000027 0.000046 0.000076 0.000125 0.000202 0.000322 0.000503 0.000772 0.001166 0.001731 0.002526 0.003622 0.005104 0.007070 0.009624 0.012874 0.016923 0.021861 0.027749 0.034609 0.042414 0.051073 0.060424 0.070238 0.080216 0.090007 0.099221 0.107459 0.114338 0.119520 0.122741 0.123834 0.122741 0.119520 0.114338 0.107459 0.099221 0.090007 0.080216 0.070238 0.060424 0.051073 0.042414 0.034609 0.027749 0.021861 0.016923 0.012874 0.009624 0.007070 0.005104 0.003622 0.002526 0.001731 0.001166 0.000772 0.000503 0.000322 0.000202 0.000125 0.000076 0.000046 0.000027 0.000015 0.000009 0.000005 0.000003 0.000001 0.000001 0.000000 0.000000 0.000000 0.000000 0.000000 0.000000 0.000000 0.000000 0.000000 0.000000 0.000000 0.000000 
0.000000 0.000000 0.000000 0.000000 0.000000 0.000000 0.000000 0.000000 0.000000 0.000000 0.000000 0.000000 0.000001 0.000001 0.000002 0.000005 0.000008 0.000015 0.000026 0.000045 0.000076 0.000127 0.000209 0.000338 0.000536 0.000838 0.001286 0.001940 0.002878 0.004196 0.006013 0.008470 0.011725 0.015952 0.021329 0.028026 0.036187 0.045915 0.057246 0.070132 0.084422 0.099852 0.116040 0.132495 0.148637 0.163827 0.177405 0.188742 0.197281 0.202590 0.204391 0.202590 0.197281 0.188742 0.177405 0.163827 0.148637 0.132495 0.116040 0.099852 0.084422 0.070132 0.057246 0.045915 0.036187 0.028026 0.021329 0.015952 0.011725 0.008470 0.006013 0.004196 0.002878 0.001940 0.001286 0.000838 0.000536 0.000338 0.000209 0.000127 0.000076 0.000045 0.000026 0.000015 0.000008 0.000005 0.000002 0.000001 0.000001 0.000000 0.000000 0.000000 0.000000 0.000000 0.000000 0.000000 0.000000 0.000000 0.000000 0.000000 
0.000000 0.000000 0.000000 0.000000 0.000000 0.000000 0.000000 0.000000 0.000000 0.000000 0.000000 0.000001 0.000001 0.000002 0.000004 0.000008 0.000014 0.000024 0.000043 0.000074 0.000125 0.000209 0.000343 0.000554 0.000879 0.001372 0.002105 0.003174 0.004705 0.006855 0.009819 0.013822 0.019125 0.026007 0.034757 0.045648 0.058917 0.074726 0.093134 0.114061 0.137261 0.162303 0.188569 0.215263 0.241444 0.266076 0.288091 0.306470 0.320312 0.328917 0.331836 0.328917 0.320312 0.306470 0.288091 0.266076 0.241444 0.215263 0.188569 0.162303 0.137261 0.114061 0.093134 0.074726 0.058917 0.045648 0.034757 0.026007 0.019125 0.013822 0.009819 0.006855 0.004705 0.003174 0.002105 0.001372 0.000879 0.000554 0.000343 0.000209 0.000125 0.000074 0.000043 0.000024 0.000014 0.000008 0.000004 0.000002 0.000001 0.000001 0.000000 0.000000 0.000000 0.000000 0.000000 0.000000 0.000000 0.000000 0.000000 0.000000 
0.000000 0.000000 0.000000 0.000000 0.000000 0.000000 0.000000 0.000000 0.000000 0.000000 0.000000 0.000001 0.000002 0.000004 0.000007 0.000012 0.000022 0.000039 0.000069 0.000119 0.000202 0.000338 0.000554 0.000894 0.001417 0.002210 0.003388 0.005105 0.007564 0.011015 0.015767 0.022184 0.030679 0.041698 0.055701 0.073125 0.094343 0.119613 0.149027 0.182454 0.219501 0.259479 0.301400 0.343995 0.385762 0.425052 0.460163 0.489471 0.511544 0.525264 0.529918 0.525264 0.511544 0.489471 0.460163 0.425052 0.385762 0.343995 0.301400 0.259479 0.219501 0.182454 0.149027 0.119613 0.094343 0.073125 0.055701 0.041698 0.030679 0.022184 0.015767 0.011015 0.007564 0.005105 0.003388 0.002210 0.001417 0.000894 0.000554 0.000338 0.000202 0.000119 0.000069 0.000039 0.000022 0.000012 0.000007 0.000004 0.000002 0.000001 0.000000 0.000000 0.000000 0.000000 0.000000 0.000000 0.000000 0.000000 0.000000 0.000000 
0.000000 0.000000 0.000000 0.000000 0.000000 0.000000 0.000000 0.000000 0.000000 0.000000 0.000001 0.000002 0.000003 0.000006 0.000011 0.000019 0.000035 0.000063 0.000110 0.000190 0.000322 0.000536 0.000879 0.001417 0.002246 0.003500 0.005362 0.008076 0.011957 0.017403 0.024898 0.035013 0.048396 0.065749 0.087790 0.115203 0.148572 0.188300 0.234526 0.287042 0.345228 0.408001 0.473809 0.540660 0.606201 0.667843 0.722923 0.768893 0.803512 0.825030 0.832330 0.825030 0.803512 0.768893 0.722923 0.667843 0.606201 0.540660 0.473809 0.408001 0.345228 0.287042 0.234526 0.188300 0.148572 0.115203 0.087790 0.065749 0.048396 0.035013 0.024898 0.017403 0.011957 0.008076 0.005362 0.003500 0.002246 0.001417 0.000879 0.000536 0.000322 0.000190 0.000110 0.000063 0.000035 0.000019 0.000011 0.000006 0.000003 0.000002 0.000001 0.000000 0.000000 0.000000 0.000000 0.000000 0.000000 0.000000 0.000000 0.000000 
0.000000 0.000000 0.000000 0.000000 0.000000 0.000000 0.000000 0.000000 0.000000 0.000001 0.000001 0.000002 0.000005 0.000009 0.000017 0.000031 0.000055 0.000098 0.000172 0.000297 0.000503 0.000838 0.001372 0.002210 0.003500 0.005450 0.008345 0.012561 0.018586 0.027037 0.038660 0.054340 0.075075 0.101947 0.136065 0.178482 0.230095 0.291520 0.362968 0.444114 0.533994 0.630936 0.732541 0.835734 0.936887 1.032007 1.116992 1.187913 1.241318 1.274510 1.285770 1.274510 1.241318 1.187913 1.116992 1.032007 0.936887 0.835734 0.732541 0.630936 0.533994 0.444114 0.362968 0.291520 0.230095 0.178482 0.136065 0.101947 0.075075 0.054340 0.038660 0.027037 0.018586 0.012561 0.008345 0.005450 0.003500 0.002210 0.001372 0.000838 0.000503 0.000297 0.000172 0.000098 0.000055 0.000031 0.000017 0.000009 0.000005 0.000002 0.000001 0.000001 0.000000 0.000000 0.000000 0.000000 0.000000 0.000000 0.000000 0.000000 
0.000000 0.000000 0.000000 0.000000 0.000000 0.000000 0.000000 0.000000 0.000000 0.000001 0.000002 0.000004 0.000007 0.000014 0.000026 0.000047 0.000085 0.000151 0.000265 0.000456 0.000772 0.001286 0.002105 0.003388 0.005362 0.008345 0.012768 0.019208 0.028407 0.041300 0.059027 0.082927 0.114517 0.155440 0.207376 0.271919 0.350426 0.443825 0.552429 0.675739 0.812284 0.959519 1.113803 1.270467 1.424007 1.568370 1.697333 1.804943 1.885971 1.936327 1.953410 1.936327 1.885971 1.804943 1.697333 1.568370 1.424007 1.270467 1.113803 0.959519 0.812284 0.675739 0.552429 0.443825 0.350426 0.271919 0.207376 0.155440 0.114517 0.082927 0.059027 0.041300 0.028407 0.019208 0.012768 0.008345 0.005362 0.003388 0.002105 0.001286 0.000772 0.000456 0.000265 0.000151 0.000085 0.000047 0.000026 0.000014 0.000007 0.000004 0.000002 0.000001 0.000000 0.000000 0.000000 0.000000 0.000000 0.000000 0.000000 0.000000 
0.000000 0.000000 0.000000 0.000000 0.000000 0.000000 0.000000 0.000000 0.000001 0.000001 0.000003 0.000006 0.000011 0.000021 0.000039 0.000071 0.000129 0.000229 0.000401 0.000689 0.001166 0.001940 0.003174 0.005105 0.008076 0.012561 0.019208 0.028879 0.042687 0.062031 0.088612 0.124433 0.171760 0.233042 0.310784 0.407362 0.524790 0.664450 0.826795 1.011069 1.215068 1.434988 1.665384 1.899292 2.128496 2.343969 2.536434 2.697018 2.817923 2.893059 2.918548 2.893059 2.817923 2.697018 2.536434 2.343969 2.128496 1.899292 1.665384 1.434988 1.215068 1.011069 0.826795 0.664450 0.524790 0.407362 0.310784 0.233042 0.171760 0.124433 0.088612 0.062031 0.042687 0.028879 0.019208 0.012561 0.008076 0.005105 0.003174 0.001940 0.001166 0.000689 0.000401 0.000229 0.000129 0.000071 0.000039 0.000021 0.000011 0.000006 0.000003 0.000001 0.000001 0.000000 0.000000 0.000000 0.000000 0.000000 0.000000 0.000000 
0.000000 0.000000 0.000000 0.000000 0.000000 0.000000 0.000000 0.000001 0.000001 0.000002 0.000004 0.000008 0.000016 0.000031 0.000058 0.000106 0.000192 0.000341 0.000596 0.001024 0.001731 0.002878 0.004705 0.007564 0.011957 0.018586 0.028407 0.042687 0.063066 0.091599 0.130789 0.183579 0.253295 0.343532 0.457961 0.600063 0.772785 0.978141 1.216781 1.487583 1.787297 2.110328 2.448678 2.792120 3.128604 3.444885 3.727362 3.963026 4.140448 4.250701 4.288102 4.250701 4.140448 3.963026 3.727362 3.444885 3.128604 2.792120 2.448678 2.110328 1.787297 1.487583 1.216781 0.978141 0.772785 0.600063 0.457961 0.343532 0.253295 0.183579 0.130789 0.091599 0.063066 0.042687 0.028407 0.018586 0.011957 0.007564 0.004705 0.002878 0.001731 0.001024 0.000596 0.000341 0.000192 0.000106 0.000058 0.000031 0.000016 0.000008 0.000004 0.000002 0.000001 0.000001 0.000000 0.000000 0.000000 0.000000 0.000000 0.000000 
0.000000 0.000000 0.000000 0.000000 0.000000 0.000000 0.000000 0.000001 0.000002 0.000003 0.000006 0.000012 0.000024 0.000045 0.000085 0.000156 0.000281 0.000499 0.000871 0.001495 0.002526 0.004196 0.006855 0.011015 0.017403 0.027037 0.041300 0.062031 0.091599 0.132979 0.189790 0.266282 0.367257 0.497903 0.663514 0.869104 1.118913 1.415829 1.760772 2.152101 2.585106 3.051695 3.540314 4.036202 4.521967 4.978507 5.386207 5.726311 5.982346 6.141443 6.195412 6.141443 5.982346 5.726311 5.386207 4.978507 4.521967 4.036202 3.540314 3.051695 2.585106 2.152101 1.760772 1.415829 1.118913 0.869104 0.663514 0.497903 0.367257 0.266282 0.189790 0.132979 0.091599 0.062031 0.041300 0.027037 0.017403 0.011015 0.006855 0.004196 0.002526 0.001495 0.000871 0.000499 0.000281 0.000156 0.000085 0.000045 0.000024 0.000012 0.000006 0.000003 0.000002 0.000001 0.000000 0.000000 0.000000 0.000000 0.000000 0.000000 
0.000000 0.000000 0.000000 0.000000 0.000000 0.000000 0.000001 0.000001 0.000002 0.000005 0.000009 0.000018 0.000035 0.000066 0.000122 0.000224 0.000404 0.000716 0.001250 0.002145 0.003622 0.006013 0.009819 0.015767 0.024898 0.038660 0.059027 0.088612 0.130789 0.189790 0.270757 0.379727 0.523520 0.709496 0.945162 1.237621 1.592872 2.014991 2.505258 3.061311 3.676444 4.339147 5.033011 5.737078 6.426671 7.074695 7.653335 8.135996 8.499326 8.725086 8.801667 8.725086 8.499326 8.135996 7.653335 7.074695 6.426671 5.737078 5.033011 4.339147 3.676444 3.061311 2.505258 2.014991 1.592872 1.237621 0.945162 0.709496 0.523520 0.379727 0.270757 0.189790 0.130789 0.088612 0.059027 0.038660 0.024898 0.015767 0.009819 0.006013 0.003622 0.002145 0.001250 0.000716 0.000404 0.000224 0.000122 0.000066 0.000035 0.000018 0.000009 0.000005 0.000002 0.000001 0.000001 0.000000 0.000000 0.000000 0.000000 0.000000 
0.000000 0.000000 0.000000 0.000000 0.000000 0.000000 0.000001 0.000002 0.000003 0.000007 0.000013 0.000026 0.000049 0.000093 0.000173 0.000317 0.000570 0.001011 0.001764 0.003025 0.005104 0.008470 0.013822 0.022184 0.035013 0.054340 0.082927 0.124433 0.183579 0.266282 0.379727 0.532348 0.733667 0.993952 1.323670 1.732718 2.229442 2.819499 3.504639 4.281531 5.140777 6.066287 7.035142 8.018088 8.980692 9.885163 10.692710 11.366257 11.873249 12.188262 12.295117 12.188262 11.873249 11.366257 10.692710 9.885163 8.980692 8.018088 7.035142 6.066287 5.140777 4.281531 3.504639 2.819499 2.229442 1.732718 1.323670 0.993952 0.733667 0.532348 0.379727 0.266282 0.183579 0.124433 0.082927 0.054340 0.035013 0.022184 0.013822 0.008470 0.005104 0.003025 0.001764 0.001011 0.000570 0.000317 0.000173 0.000093 0.000049 0.000026 0.000013 0.000007 0.000003 0.000002 0.000001 0.000000 0.000000 0.000000 0.000000 0.000000 
0.000000 0.000000 0.000000 0.000000 0.000000 0.000001 0.000001 0.000002 0.000005 0.000009 0.000018 0.000036 0.000068 0.000129 0.000240 0.000440 0.000792 0.001403 0.002446 0.004193 0.007070 0.011725 0.019125 0.030679 0.048396 0.075075 0.114517 0.171760 0.253295 0.367257 0.523520 0.733667 1.010768 1.368911 1.822446 2.384932 3.067790 3.878742 4.820141 5.887367 7.067481 8.338362 9.668539 11.017857 12.339076 13.580363 14.688528 15.612740 16.308373 16.740579 16.887184 16.740579 16.308373 15.612740 14.688528 13.580363 12.339076 11.017857 9.668539 8.338362 7.067481 5.887367 4.820141 3.878742 3.067790 2.384932 1.822446 1.368911 1.010768 0.733667 0.523520 0.367257 0.253295 0.171760 0.114517 0.075075 0.048396 0.030679 0.019125 0.011725 0.007070 0.004193 0.002446 0.001403 0.000792 0.000440 0.000240 0.000129 0.000068 0.000036 0.000018 0.000009 0.000005 0.000002 0.000001 0.000001 0.000000 0.000000 0.000000 0.000000 
0.000000 0.000000 0.000000 0.000000 0.000000 0.000001 0.000001 0.000003 0.000006 0.000013 0.000025 0.000049 0.000093 0.000176 0.000328 0.000600 0.001081 0.001913 0.003333 0.005710 0.009624 0.015952 0.026007 0.041698 0.065749 0.101947 0.155440 0.233042 0.343532 0.497903 0.709496 0.993952 1.368911 1.853375 2.466694 3.227130 4.150054 5.245832 6.517578 7.958996 9.552568 11.268403 13.064004 14.885182 16.668213 18.343193 19.838404 21.085324 22.023802 22.606870 22.804644 22.606870 22.023802 21.085324 19.838404 18.343193 16.668213 14.885182 13.064004 11.268403 9.552568 7.958996 6.517578 5.245832 4.150054 3.227130 2.466694 1.853375 1.368911 0.993952 0.709496 0.497903 0.343532 0.233042 0.155440 0.101947 0.065749 0.041698 0.026007 0.015952 0.009624 0.005710 0.003333 0.001913 0.001081 0.000600 0.000328 0.000176 0.000093 0.000049 0.000025 0.000013 0.000006 0.000003 0.000001 0.000001 0.000000 0.000000 0.000000 0.000000 
0.000000 0.000000 0.000000 0.000000 0.000000 0.000001 0.000002 0.000004 0.000008 0.000017 0.000034 0.000065 0.000125 0.000237 0.000440 0.000805 0.001449 0.002563 0.004463 0.007643 0.012874 0.021329 0.034757 0.055701 0.087790 0.136065 0.207376 0.310784 0.457961 0.663514 0.945162 1.323670 1.822446 2.466694 3.282061 4.292741 5.519070 6.974734 8.663790 10.577807 12.693474 14.971075 17.354195 19.770935 22.136772 24.359015 26.342587 27.996658 29.241511 30.014900 30.277227 30.014900 29.241511 27.996658 26.342587 24.359015 22.136772 19.770935 17.354195 14.971075 12.693474 10.577807 8.663790 6.974734 5.519070 4.292741 3.282061 2.466694 1.822446 1.323670 0.945162 0.663514 0.457961 0.310784 0.207376 0.136065 0.087790 0.055701 0.034757 0.021329 0.012874 0.007643 0.004463 0.002563 0.001449 0.000805 0.000440 0.000237 0.000125 0.000065 0.000034 0.000017 0.000008 0.000004 0.000002 0.000001 0.000000 0.000000 0.000000 0.000000 
0.000000 0.000000 0.000000 0.000000 0.000001 0.000001 0.000003 0.000005 0.000011 0.000022 0.000044 0.000086 0.000166 0.000313 0.000581 0.001061 0.001908 0.003375 0.005872 0.010051 0.016923 0.028026 0.045648 0.073125 0.115203 0.178482 0.271919 0.407362 0.600063 0.869104 1.237621 1.732718 2.384932 3.227130 4.292741 5.613273 7.215189 9.116256 11.321676 13.820354 16.581796 19.554130 22.663724 25.816786 28.903093 31.801801 34.388979 36.546252 38.169735 39.178324 39.520423 39.178324 38.169735 36.546252 34.388979 31.801801 28.903093 25.816786 22.663724 19.554130 16.581796 13.820354 11.321676 9.116256 7.215189 5.613273 4.292741 3.227130 2.384932 1.732718 1.237621 0.869104 0.600063 0.407362 0.271919 0.178482 0.115203 0.073125 0.045648 0.028026 0.016923 0.010051 0.005872 0.003375 0.001908 0.001061 0.000581 0.000313 0.000166 0.000086 0.000044 0.000022 0.000011 0.000005 0.000003 0.000001 0.000001 0.000000 0.000000 0.000000 
0.000000 0.000000 0.000000 0.000000 0.000001 0.000002 0.000003 0.000007 0.000014 0.000029 0.000058 0.000112 0.000215 0.000405 0.000752 0.001374 0.002469 0.004365 0.007592 0.012990 0.021861 0.036187 0.058917 0.094343 0.148572 0.230095 0.350426 0.524790 0.772785 1.118913 1.592872 2.229442 3.067790 4.150054 5.519070 7.215189 9.272266 11.712987 14.543912 17.750699 21.294137 25.107621 29.096676 33.141011 37.099309 40.816673 44.134277 46.900438 48.982055 50.275221 50.713837 50.275221 48.982055 46.900438 44.134277 40.816673 37.099309 33.141011 29.096676 25.107621 21.294137 17.750699 14.543912 11.712987 9.272266 7.215189 5.519070 4.150054 3.067790 2.229442 1.592872 1.118913 0.772785 0.524790 0.350426 0.230095 0.148572 0.094343 0.058917 0.036187 0.021861 0.012990 0.007592 0.004365 0.002469 0.001374 0.000752 0.000405 0.000215 0.000112 0.000058 0.000029 0.000014 0.000007 0.000003 0.000002 0.000001 0.000000 0.000000 0.000000 
0.000000 0.000000 0.000000 0.000000 0.000001 0.000002 0.000004 0.000009 0.000018 0.000037 0.000073 0.000143 0.000274 0.000516 0.000957 0.001748 0.003140 0.005548 0.009645 0.016495 0.027749 0.045915 0.074726 0.119613 0.188300 0.291520 0.443825 0.664450 0.978141 1.415829 2.014991 2.819499 3.878742 5.245832 6.974734 9.116256 11.712987 14.793414 18.365673 22.411550 26.881487 31.691412 36.722157 41.822052 46.812971 51.499711 55.682157 59.169214 61.793216 63.423285 63.976164 63.423285 61.793216 59.169214 55.682157 51.499711 46.812971 41.822052 36.722157 31.691412 26.881487 22.411550 18.365673 14.793414 11.712987 9.116256 6.974734 5.245832 3.878742 2.819499 2.014991 1.415829 0.978141 0.664450 0.443825 0.291520 0.188300 0.119613 0.074726 0.045915 0.027749 0.016495 0.009645 0.005548 0.003140 0.001748 0.000957 0.000516 0.000274 0.000143 0.000073 0.000037 0.000018 0.000009 0.000004 0.000002 0.000001 0.000000 0.000000 0.000000 
0.000000 0.000000 0.000000 0.000001 0.000001 0.000003 0.000005 0.000011 0.000023 0.000046 0.000092 0.000179 0.000342 0.000646 0.001197 0.002185 0.003922 0.006928 0.012040 0.020581 0.034609 0.057246 0.093134 0.149027 0.234526 0.362968 0.552429 0.826795 1.216781 1.760772 2.505258 3.504639 4.820141 6.517578 8.663790 11.321676 14.543912 18.365673 22.796893 27.814843 33.357958 39.321922 45.558967 51.881094 58.067570 63.876556 69.060160 73.381697 76.633518 78.653545 79.338679 78.653545 76.633518 73.381697 69.060160 63.876556 58.067570 51.881094 45.558967 39.321922 33.357958 27.814843 22.796893 18.365673 14.543912 11.321676 8.663790 6.517578 4.820141 3.504639 2.505258 1.760772 1.216781 0.826795 0.552429 0.362968 0.234526 0.149027 0.093134 0.057246 0.034609 0.020581 0.012040 0.006928 0.003922 0.002185 0.001197 0.000646 0.000342 0.000179 0.000092 0.000046 0.000023 0.000011 0.000005 0.000003 0.000001 0.000001 0.000000 0.000000 
0.000000 0.000000 0.000000 0.000001 0.000001 0.000003 0.000007 0.000014 0.000028 0.000057 0.000113 0.000220 0.000421 0.000793 0.001471 0.002682 0.004814 0.008500 0.014765 0.025232 0.042414 0.070132 0.114061 0.182454 0.287042 0.444114 0.675739 1.011069 1.487583 2.152101 3.061311 4.281531 5.887367 7.958996 10.577807 13.820354 17.750699 22.411550 27.814843 33.932712 40.689981 47.959424 55.560915 63.265373 70.803896 77.881926 84.197577 89.462645 93.424304 95.885222 96.719885 95.885222 93.424304 89.462645 84.197577 77.881926 70.803896 63.265373 55.560915 47.959424 40.689981 33.932712 27.814843 22.411550 17.750699 13.820354 10.577807 7.958996 5.887367 4.281531 3.061311 2.152101 1.487583 1.011069 0.675739 0.444114 0.287042 0.182454 0.114061 0.070132 0.042414 0.025232 0.014765 0.008500 0.004814 0.002682 0.001471 0.000793 0.000421 0.000220 0.000113 0.000057 0.000028 0.000014 0.000007 0.000003 0.000001 0.000001 0.000000 0.000000 
0.000000 0.000000 0.000000 0.000001 0.000002 0.000004 0.000008 0.000017 0.000034 0.000069 0.000137 0.000266 0.000508 0.000958 0.001774 0.003235 0.005804 0.010245 0.017791 0.030392 0.051073 0.084422 0.137261 0.219501 0.345228 0.533994 0.812284 1.215068 1.787297 2.585106 3.676444 5.140777 7.067481 9.552568 12.693474 16.581796 21.294137 26.881487 33.357958 40.689981 48.787341 57.497508 66.604647 75.834350 84.864585 93.342655 100.907138 107.213027 111.957689 114.904933 115.904530 114.904933 111.957689 107.213027 100.907138 93.342655 84.864585 75.834350 66.604647 57.497508 48.787341 40.689981 33.357958 26.881487 21.294137 16.581796 12.693474 9.552568 7.067481 5.140777 3.676444 2.585106 1.787297 1.215068 0.812284 0.533994 0.345228 0.219501 0.137261 0.084422 0.051073 0.030392 0.017791 0.010245 0.005804 0.003235 0.001774 0.000958 0.000508 0.000266 0.000137 0.000069 0.000034 0.000017 0.000008 0.000004 0.000002 0.000001 0.000000 0.000000 
0.000000 0.000000 0.000000 0.000001 0.000002 0.000005 0.000010 0.000020 0.000041 0.000082 0.000162 0.000315 0.000603 0.001135 0.002103 0.003834 0.006876 0.012132 0.021061 0.035968 0.060424 0.099852 0.162303 0.259479 0.408001 0.630936 0.959519 1.434988 2.110328 3.051695 4.339147 6.066287 8.338362 11.268403 14.971075 19.554130 25.107621 31.691412 39.321922 47.959424 57.497508 67.756430 78.481967 89.350998 99.984405 109.967033 118.873508 126.297816 131.883831 135.353630 136.530447 135.353630 131.883831 126.297816 118.873508 109.967033 99.984405 89.350998 78.481967 67.756430 57.497508 47.959424 39.321922 31.691412 25.107621 19.554130 14.971075 11.268403 8.338362 6.066287 4.339147 3.051695 2.110328 1.434988 0.959519 0.630936 0.408001 0.259479 0.162303 0.099852 0.060424 0.035968 0.021061 0.012132 0.006876 0.003834 0.002103 0.001135 0.000603 0.000315 0.000162 0.000082 0.000041 0.000020 0.000010 0.000005 0.000002 0.000001 0.000000 0.000000 
0.000000 0.000000 0.000001 0.000001 0.000003 0.000005 0.000011 0.000023 0.000048 0.000096 0.000189 0.000367 0.000703 0.001322 0.002449 0.004463 0.008001 0.014114 0.024495 0.041820 0.070238 0.116040 0.188569 0.301400 0.473809 0.732541 1.113803 1.665384 2.448678 3.540314 5.033011 7.035142 9.668539 13.064004 17.354195 22.663724 29.096676 36.722157 45.558967 55.560915 66.604647 78.481967 90.898536 103.480341 115.788637 127.343041 137.651399 146.243994 152.708853 156.724483 158.086413 156.724483 152.708853 146.243994 137.651399 127.343041 115.788637 103.480341 90.898536 78.481967 66.604647 55.560915 45.558967 36.722157 29.096676 22.663724 17.354195 13.064004 9.668539 7.035142 5.033011 3.540314 2.448678 1.665384 1.113803 0.732541 0.473809 0.301400 0.188569 0.116040 0.070238 0.041820 0.024495 0.014114 0.008001 0.004463 0.002449 0.001322 0.000703 0.000367 0.000189 0.000096 0.000048 0.000023 0.000011 0.000005 0.000002 0.000001 0.000000 0.000000 
