0.000000 0.000000 0.000000 0.000000 0.000000 0.000000 0.000000 0.000000 0.000000 0.000000 0.000000 0.000000 0.000000 0.000000 0.000000 0.000000 0.000000 0.000000 0.000000 0.000000 0.000000 0.000000 0.000000 0.000000 0.000000 0.000000 0.000000 0.000000 0.000000 0.000000 0.000000 0.000000 0.000000 0.000000 0.000000 0.000000 0.000000 0.000000 0.000000 0.000000 0.000000 0.000000 0.000000 0.000000 0.000000 0.000000 0.000000 0.000000 0.000000 0.000000 0.000000 0.000000 0.000000 0.000000 0.000000 0.000000 0.000000 0.000000 0.000000 0.000000 0.000000 0.000000 0.000000 0.000000 0.000000 0.000000 0.000000 0.000000 0.000000 0.000000 0.000000 0.000000 0.000000 0.000000 0.000000 0.000000 0.000000 0.000000 0.000000 0.000000 0.000000 0.000000 0.000000 0.000000 0.000000 0.000000 0.000000 0.000000 0.000000 0.000000 0.000000 0.000000 0.000000 0.000000 0.000000 0.000000 0.000000 0.000000 0.000000 0.000000 
0.000000 0.000000 0.000000 0.000000 0.000000 0.000001 0.000001 0.000001 0.000002 0.000003 0.000004 0.000005 0.000007 0.000010 0.000014 0.000018 0.000024 0.000033 0.000043 0.000056 0.000073 0.000093 0.000119 0.000150 0.000188 0.000233 0.000287 0.000351 0.000425 0.000510 0.000608 0.000717 0.000840 0.000974 0.001122 0.001280 0.001448 0.001625 0.001807 0.001993 0.002180 0.002364 0.002542 0.002710 0.002864 0.003001 0.003119 0.003213 0.003283 0.003325 0.003339 0.003325 0.003283 0.003213 0.003119 0.003001 0.002864 0.002710 0.002542 0.002364 0.002180 0.001993 0.001807 0.001625 0.001448 0.001280 0.001122 0.000974 0.000840 0.000717 0.000608 0.000510 0.000425 0.000351 0.000287 0.000233 0.000188 0.000150 0.000119 0.000093 0.000073 0.000056 0.000043 0.000033 0.000024 0.000018 0.000014 0.000010 0.000007 0.000005 0.000004 0.000003 0.000002 0.000001 0.000001 0.000001 0.000000 0.000000 0.000000 0.000000 
0.000000 0.000000 0.000000 0.000001 0.000001 0.000001 0.000002 0.000003 0.000004 0.000006 0.000008 0.000011 0.000016 0.000021 0.000029 0.000039 0.000053 0.000070 0.000092 0.000120 0.000156 0.000200 0.000255 0.000322 0.000404 0.000501 0.000618 0.000754 0.000913 0.001097 0.001306 0.001541 0.001804 0.002094 0.002410 0.002750 0.003112 0.003491 0.003883 0.004283 0.004684 0.005079 0.005461 0.005821 0.006153 0.006449 0.006701 0.006904 0.007052 0.007143 0.007174 0.007143 0.007052 0.006904 0.006701 0.006449 0.006153 0.005821 0.005461 0.005079 0.004684 0.004283 0.003883 0.003491 0.003112 0.002750 0.002410 0.002094 0.001804 0.001541 0.001306 0.001097 0.000913 0.000754 0.000618 0.000501 0.000404 0.000322 0.000255 0.000200 0.000156 0.000120 0.000092 0.000070 0.000053 0.000039 0.000029 0.000021 0.000016 0.000011 0.000008 0.000006 0.000004 0.000003 0.000002 0.000001 0.000001 0.000000 0.000000 0.000000 
0.000000 0.000000 0.000001 0.000001 0.000001 0.000002 0.000003 0.000005 0.000007 0.000010 0.000014 0.000019 0.000026 0.000036 0.000049 0.000066 0.000089 0.000118 0.000155 0.000203 0.000262 0.000337 0.000429 0.000542 0.000679 0.000844 0.001039 0.001269 0.001536 0.001844 0.002196 0.002592 0.003034 0.003521 0.004052 0.004623 0.005231 0.005868 0.006527 0.007199 0.007873 0.008537 0.009178 0.009783 0.010341 0.010837 0.011260 0.011601 0.011851 0.012004 0.012055 0.012004 0.011851 0.011601 0.011260 0.010837 0.010341 0.009783 0.009178 0.008537 0.007873 0.007199 0.006527 0.005868 0.005231 0.004623 0.004052 0.003521 0.003034 0.002592 0.002196 0.001844 0.001536 0.001269 0.001039 0.000844 0.000679 0.000542 0.000429 0.000337 0.000262 0.000203 0.000155 0.000118 0.000089 0.000066 0.000049 0.000036 0.000026 0.000019 0.000014 0.000010 0.000007 0.000005 0.000003 0.000002 0.000001 0.000001 0.000000 0.000000 
0.000000 0.000000 0.000001 0.000001 0.000002 0.000003 0.000005 0.000007 0.000010 0.000015 0.000021 0.000029 0.000041 0.000056 0.000076 0.000103 0.000137 0.000182 0.000240 0.000314 0.000407 0.000522 0.000665 0.000840 0.001052 0.001307 0.001609 0.001965 0.002379 0.002855 0.003399 0.004012 0.004696 0.005450 0.006271 0.007155 0.008095 0.009081 0.010101 0.011140 0.012181 0.013208 0.014199 0.015136 0.015998 0.016765 0.017420 0.017947 0.018334 0.018569 0.018649 0.018569 0.018334 0.017947 0.017420 0.016765 0.015998 0.015136 0.014199 0.013208 0.012181 0.011140 0.010101 0.009081 0.008095 0.007155 0.006271 0.005450 0.004696 0.004012 0.003399 0.002855 0.002379 0.001965 0.001609 0.001307 0.001052 0.000840 0.000665 0.000522 0.000407 0.000314 0.000240 0.000182 0.000137 0.000103 0.000076 0.000056 0.000041 0.000029 0.000021 0.000015 0.000010 0.000007 0.000005 0.000003 0.000002 0.000001 0.000001 0.000000 
0.000000 0.000001 0.000001 0.000002 0.000003 0.000005 0.000008 0.000011 0.000016 0.000022 0.000031 0.000044 0.000061 0.000083 0.000114 0.000153 0.000205 0.000273 0.000359 0.000469 0.000608 0.000780 0.000994 0.001255 0.001571 0.001951 0.002402 0.002932 0.003550 0.004261 0.005072 0.005987 0.007006 0.008130 0.009355 0.010673 0.012074 0.013544 0.015063 0.016612 0.018165 0.019694 0.021172 0.022568 0.023852 0.024995 0.025972 0.026757 0.027333 0.027684 0.027802 0.027684 0.027333 0.026757 0.025972 0.024995 0.023852 0.022568 0.021172 0.019694 0.018165 0.016612 0.015063 0.013544 0.012074 0.010673 0.009355 0.008130 0.007006 0.005987 0.005072 0.004261 0.003550 0.002932 0.002402 0.001951 0.001571 0.001255 0.000994 0.000780 0.000608 0.000469 0.000359 0.000273 0.000205 0.000153 0.000114 0.000083 0.000061 0.000044 0.000031 0.000022 0.000016 0.000011 0.000007 0.000005 0.000003 0.000002 0.000001 0.000000 
0.000000 0.000001 0.000002 0.000003 0.000005 0.000008 0.000011 0.000016 0.000023 0.000033 0.000046 0.000064 0.000089 0.000122 0.000166 0.000225 0.000301 0.000400 0.000526 0.000687 0.000890 0.001142 0.001454 0.001836 0.002299 0.002855 0.003514 0.004290 0.005193 0.006233 0.007419 0.008755 0.010245 0.011888 0.013677 0.015603 0.017651 0.019797 0.022018 0.024280 0.026548 0.028783 0.030941 0.032980 0.034855 0.036525 0.037950 0.039098 0.039938 0.040452 0.040624 0.040452 0.039938 0.039098 0.037950 0.036525 0.034855 0.032980 0.030941 0.028783 0.026548 0.024280 0.022018 0.019797 0.017651 0.015603 0.013677 0.011888 0.010245 0.008755 0.007419 0.006233 0.005193 0.004290 0.003514 0.002855 0.002299 0.001836 0.001454 0.001142 0.000890 0.000687 0.000526 0.000400 0.000301 0.000225 0.000166 0.000122 0.000089 0.000064 0.000046 0.000033 0.000023 0.000016 0.000011 0.000007 0.000005 0.000003 0.000001 0.000000 
0.000000 0.000001 0.000003 0.000005 0.000007 0.000011 0.000016 0.000023 0.000033 0.000047 0.000067 0.000093 0.000129 0.000177 0.000241 0.000325 0.000435 0.000578 0.000761 0.000993 0.001286 0.001650 0.002101 0.002653 0.003321 0.004122 0.005074 0.006194 0.007497 0.008997 0.010707 0.012635 0.014784 0.017153 0.019734 0.022511 0.025463 0.028558 0.031759 0.035020 0.038289 0.041510 0.044621 0.047559 0.050262 0.052669 0.054723 0.056377 0.057588 0.058327 0.058576 0.058327 0.057588 0.056377 0.054723 0.052669 0.050262 0.047559 0.044621 0.041510 0.038289 0.035020 0.031759 0.028558 0.025463 0.022511 0.019734 0.017153 0.014784 0.012635 0.010707 0.008997 0.007497 0.006194 0.005074 0.004122 0.003321 0.002653 0.002101 0.001650 0.001286 0.000993 0.000761 0.000578 0.000435 0.000325 0.000241 0.000177 0.000129 0.000093 0.000067 0.000047 0.000033 0.000023 0.000016 0.000011 0.000007 0.000004 0.000002 0.000000 
0.000000 0.000002 0.000004 0.000007 0.000010 0.000016 0.000023 0.000033 0.000048 0.000068 0.000095 0.000133 0.000184 0.000253 0.000345 0.000465 0.000623 0.000826 0.001088 0.001420 0.001838 0.002360 0.003004 0.003792 0.004747 0.005891 0.007251 0.008850 0.010710 0.012853 0.015294 0.018046 0.021114 0.024495 0.028178 0.032141 0.036353 0.040769 0.045336 0.049988 0.054652 0.059247 0.063684 0.067875 0.071730 0.075163 0.078093 0.080451 0.082179 0.083234 0.083588 0.083234 0.082179 0.080451 0.078093 0.075163 0.071730 0.067875 0.063684 0.059247 0.054652 0.049988 0.045336 0.040769 0.036353 0.032141 0.028178 0.024495 0.021114 0.018046 0.015294 0.012853 0.010710 0.008850 0.007251 0.005891 0.004747 0.003792 0.003004 0.002360 0.001838 0.001420 0.001088 0.000826 0.000623 0.000465 0.000345 0.000253 0.000184 0.000133 0.000095 0.000068 0.000048 0.000033 0.000023 0.000015 0.000010 0.000006 0.000003 0.000000 
0.000000 0.000003 0.000006 0.000010 0.000015 0.000022 0.000033 0.000047 0.000068 0.000096 0.000135 0.000189 0.000262 0.000359 0.000489 0.000660 0.000883 0.001172 0.001542 0.002013 0.002605 0.003344 0.004256 0.005371 0.006723 0.008343 0.010267 0.012530 0.015162 0.018193 0.021647 0.025539 0.029878 0.034660 0.039868 0.045472 0.051427 0.057671 0.064127 0.070704 0.077297 0.083791 0.090064 0.095987 0.101436 0.106287 0.110429 0.113761 0.116203 0.117693 0.118194 0.117693 0.116203 0.113761 0.110429 0.106287 0.101436 0.095987 0.090064 0.083791 0.077297 0.070704 0.064127 0.057671 0.051427 0.045472 0.039868 0.034660 0.029878 0.025539 0.021647 0.018193 0.015162 0.012530 0.010267 0.008343 0.006723 0.005371 0.004256 0.003344 0.002605 0.002013 0.001542 0.001172 0.000883 0.000660 0.000489 0.000359 0.000262 0.000189 0.000135 0.000096 0.000068 0.000047 0.000032 0.000022 0.000014 0.000008 0.000004 0.000000 
0.000000 0.000004 0.000008 0.000014 0.000021 0.000031 0.000046 0.000067 0.000095 0.000135 0.000191 0.000266 0.000368 0.000505 0.000687 0.000927 0.001241 0.001647 0.002167 0.002828 0.003660 0.004697 0.005977 0.007543 0.009439 0.011713 0.014413 0.017587 0.021279 0.025531 0.030374 0.035833 0.041917 0.048621 0.055923 0.063780 0.072127 0.080879 0.089928 0.099146 0.108386 0.117487 0.126276 0.134577 0.142211 0.149009 0.154812 0.159481 0.162903 0.164991 0.165693 0.164991 0.162903 0.159481 0.154812 0.149009 0.142211 0.134577 0.126276 0.117487 0.108386 0.099146 0.089928 0.080879 0.072127 0.063780 0.055923 0.048621 0.041917 0.035833 0.030374 0.025531 0.021279 0.017587 0.014413 0.011713 0.009439 0.007543 0.005977 0.004697 0.003660 0.002828 0.002167 0.001647 0.001241 0.000927 0.000687 0.000505 0.000368 0.000266 0.000191 0.000135 0.000095 0.000066 0.000046 0.000031 0.000020 0.000012 0.000006 0.000000 
0.000000 0.000005 0.000011 0.000019 0.000029 0.000044 0.000064 0.000093 0.000133 0.000189 0.000266 0.000371 0.000513 0.000704 0.000958 0.001293 0.001730 0.002295 0.003020 0.003940 0.005098 0.006542 0.008324 0.010503 0.013142 0.016306 0.020063 0.024478 0.029614 0.035528 0.042264 0.049855 0.058314 0.067636 0.077787 0.088709 0.100312 0.112477 0.125054 0.137865 0.150707 0.163354 0.175568 0.187102 0.197711 0.207156 0.215219 0.221707 0.226460 0.229361 0.230337 0.229361 0.226460 0.221707 0.215219 0.207156 0.197711 0.187102 0.175568 0.163354 0.150707 0.137865 0.125054 0.112477 0.100312 0.088709 0.077787 0.067636 0.058314 0.049855 0.042264 0.035528 0.029614 0.024478 0.020063 0.016306 0.013142 0.010503 0.008324 0.006542 0.005098 0.003940 0.003020 0.002295 0.001730 0.001293 0.000958 0.000704 0.000513 0.000371 0.000266 0.000189 0.000133 0.000093 0.000064 0.000043 0.000028 0.000017 0.000008 0.000000 
0.000000 0.000007 0.000016 0.000026 0.000041 0.000061 0.000089 0.000129 0.000184 0.000262 0.000368 0.000513 0.000710 0.000974 0.001325 0.001787 0.002391 0.003172 0.004173 0.005444 0.007043 0.009036 0.011496 0.014504 0.018146 0.022513 0.027696 0.033787 0.040872 0.049029 0.058320 0.068788 0.080454 0.093307 0.107303 0.122361 0.138357 0.155126 0.172462 0.190120 0.207819 0.225249 0.242082 0.257977 0.272596 0.285612 0.296722 0.305662 0.312213 0.316210 0.317554 0.316210 0.312213 0.305662 0.296722 0.285612 0.272596 0.257977 0.242082 0.225249 0.207819 0.190120 0.172462 0.155126 0.138357 0.122361 0.107303 0.093307 0.080454 0.068788 0.058320 0.049029 0.040872 0.033787 0.027696 0.022513 0.018146 0.014504 0.011496 0.009036 0.007043 0.005444 0.004173 0.003172 0.002391 0.001787 0.001325 0.000974 0.000710 0.000513 0.000368 0.000261 0.000184 0.000128 0.000088 0.000059 0.000038 0.000023 0.000011 0.000000 
0.000000 0.000010 0.000021 0.000036 0.000056 0.000083 0.000122 0.000177 0.000253 0.000359 0.000505 0.000704 0.000974 0.001336 0.001817 0.002450 0.003277 0.004347 0.005718 0.007459 0.009649 0.012378 0.015746 0.019863 0.024848 0.030824 0.037917 0.046251 0.055944 0.067102 0.079811 0.094129 0.110083 0.127660 0.146799 0.167387 0.189257 0.212183 0.235883 0.260021 0.284214 0.308039 0.331046 0.352771 0.372751 0.390539 0.405724 0.417941 0.426893 0.432356 0.434192 0.432356 0.426893 0.417941 0.405724 0.390539 0.372751 0.352771 0.331046 0.308039 0.284214 0.260021 0.235883 0.212183 0.189257 0.167387 0.146799 0.127660 0.110083 0.094129 0.079811 0.067102 0.055944 0.046251 0.037917 0.030824 0.024848 0.019863 0.015746 0.012378 0.009649 0.007459 0.005718 0.004347 0.003277 0.002450 0.001817 0.001336 0.000974 0.000704 0.000505 0.000359 0.000253 0.000176 0.000121 0.000081 0.000053 0.000032 0.000015 0.000000 
0.000000 0.000014 0.000029 0.000049 0.000076 0.000114 0.000166 0.000241 0.000345 0.000489 0.000687 0.000958 0.001325 0.001817 0.002470 0.003331 0.004455 0.005909 0.007771 0.010136 0.013110 0.016815 0.021388 0.026978 0.033744 0.041855 0.051481 0.062790 0.075943 0.091081 0.108321 0.127743 0.149383 0.173222 0.199178 0.227097 0.256753 0.287838 0.319971 0.352696 0.385494 0.417792 0.448981 0.478430 0.505513 0.529624 0.550206 0.566765 0.578898 0.586303 0.588792 0.586303 0.578898 0.566765 0.550206 0.529624 0.505513 0.478430 0.448981 0.417792 0.385494 0.352696 0.319971 0.287838 0.256753 0.227097 0.199178 0.173222 0.149383 0.127743 0.108321 0.091081 0.075943 0.062790 0.051481 0.041855 0.033744 0.026978 0.021388 0.016815 0.013110 0.010136 0.007771 0.005909 0.004455 0.003331 0.002470 0.001817 0.001325 0.000958 0.000687 0.000488 0.000344 0.000240 0.000165 0.000111 0.000072 0.000043 0.000020 0.000000 
0.000000 0.000018 0.000039 0.000066 0.000103 0.000153 0.000225 0.000325 0.000465 0.000660 0.000927 0.001293 0.001787 0.002450 0.003331 0.004492 0.006006 0.007965 0.010474 0.013659 0.017665 0.022655 0.028813 0.036338 0.045447 0.056365 0.069320 0.084541 0.102240 0.122609 0.145804 0.171933 0.201044 0.233110 0.268020 0.305570 0.345452 0.387254 0.430463 0.474467 0.518566 0.561991 0.603922 0.643514 0.679923 0.712337 0.740005 0.762266 0.778576 0.788529 0.791875 0.788529 0.778576 0.762266 0.740005 0.712337 0.679923 0.643514 0.603922 0.561991 0.518566 0.474467 0.430463 0.387254 0.345452 0.305570 0.268020 0.233110 0.201044 0.171933 0.145804 0.122609 0.102240 0.084541 0.069320 0.056365 0.045447 0.036338 0.028813 0.022655 0.017665 0.013659 0.010474 0.007965 0.006006 0.004492 0.003331 0.002450 0.001787 0.001293 0.000927 0.000659 0.000464 0.000324 0.000222 0.000150 0.000097 0.000058 0.000027 0.000000 
0.000000 0.000024 0.000053 0.000089 0.000137 0.000205 0.000301 0.000435 0.000623 0.000883 0.001241 0.001730 0.002391 0.003277 0.004455 0.006006 0.008030 0.010647 0.014000 0.018255 0.023605 0.030270 0.038493 0.048542 0.060703 0.075277 0.092571 0.112886 0.136507 0.163689 0.194639 0.229502 0.268339 0.311117 0.357686 0.407772 0.460966 0.516718 0.574343 0.633025 0.691832 0.749737 0.805649 0.858439 0.906984 0.950202 0.987091 1.016770 1.038516 1.051786 1.056247 1.051786 1.038516 1.016770 0.987091 0.950202 0.906984 0.858439 0.805649 0.749737 0.691832 0.633025 0.574343 0.516718 0.460966 0.407772 0.357686 0.311117 0.268339 0.229502 0.194639 0.163689 0.136507 0.112886 0.092571 0.075277 0.060703 0.048542 0.038493 0.030270 0.023605 0.018255 0.014000 0.010647 0.008030 0.006006 0.004455 0.003277 0.002391 0.001729 0.001240 0.000882 0.000621 0.000433 0.000298 0.000201 0.000130 0.000078 0.000036 0.000000 
0.000000 0.000033 0.000070 0.000118 0.000182 0.000273 0.000400 0.000578 0.000826 0.001172 0.001647 0.002295 0.003172 0.004347 0.005909 0.007965 0.010647 0.014115 0.018557 0.024194 0.031282 0.040110 0.051000 0.064307 0.080410 0.099705 0.122599 0.149490 0.180754 0.216728 0.257687 0.303819 0.355207 0.411804 0.473413 0.539671 0.610036 0.683782 0.760001 0.837614 0.915388 0.991968 1.065908 1.135719 1.199914 1.257062 1.305841 1.345086 1.373839 1.391386 1.397284 1.391386 1.373839 1.345086 1.305841 1.257062 1.199914 1.135719 1.065908 0.991968 0.915388 0.837614 0.760001 0.683782 0.610036 0.539671 0.473413 0.411804 0.355207 0.303819 0.257687 0.216728 0.180754 0.149490 0.122599 0.099705 0.080410 0.064307 0.051000 0.040110 0.031282 0.024194 0.018557 0.014115 0.010647 0.007965 0.005909 0.004347 0.003171 0.002295 0.001646 0.001171 0.000825 0.000575 0.000396 0.000267 0.000173 0.000103 0.000048 0.000000 
0.000000 0.000043 0.000092 0.000155 0.000240 0.000359 0.000526 0.000761 0.001088 0.001542 0.002167 0.003020 0.004173 0.005718 0.007771 0.010474 0.014000 0.018557 0.024394 0.031801 0.041112 0.052707 0.067011 0.084487 0.105632 0.130968 0.161025 0.196326 0.237365 0.284583 0.338338 0.398879 0.466313 0.540578 0.621413 0.708343 0.800656 0.897399 0.997382 1.099188 1.201202 1.301645 1.398622 1.490181 1.574372 1.649320 1.713290 1.764757 1.802464 1.825474 1.833210 1.825474 1.802464 1.764757 1.713290 1.649320 1.574372 1.490181 1.398622 1.301645 1.201202 1.099188 0.997382 0.897399 0.800656 0.708343 0.621413 0.540578 0.466313 0.398879 0.338338 0.284583 0.237365 0.196326 0.161025 0.130968 0.105632 0.084487 0.067011 0.052707 0.041112 0.031801 0.024394 0.018557 0.013999 0.010474 0.007771 0.005718 0.004172 0.003019 0.002166 0.001541 0.001086 0.000757 0.000521 0.000351 0.000228 0.000136 0.000063 0.000000 
0.000000 0.000056 0.000120 0.000203 0.000314 0.000469 0.000687 0.000993 0.001420 0.002013 0.002828 0.003940 0.005444 0.007459 0.010136 0.013659 0.018255 0.024194 0.031801 0.041452 0.053583 0.068688 0.087319 0.110080 0.137617 0.170608 0.209743 0.255703 0.309128 0.370592 0.440561 0.519355 0.607115 0.703758 0.808945 0.922056 1.042164 1.168030 1.298105 1.430546 1.563251 1.693909 1.820054 1.939147 2.048654 2.146136 2.229339 2.296278 2.345320 2.375247 2.385308 2.375247 2.345320 2.296278 2.229339 2.146136 2.048654 1.939147 1.820054 1.693909 1.563251 1.430546 1.298105 1.168030 1.042164 0.922056 0.808945 0.703758 0.607115 0.519355 0.440561 0.370592 0.309128 0.255703 0.209743 0.170608 0.137617 0.110080 0.087319 0.068688 0.053583 0.041452 0.031801 0.024194 0.018255 0.013659 0.010136 0.007459 0.005443 0.003939 0.002827 0.002011 0.001417 0.000988 0.000680 0.000458 0.000298 0.000178 0.000083 0.000000 
0.000000 0.000073 0.000156 0.000262 0.000407 0.000608 0.000890 0.001286 0.001838 0.002605 0.003660 0.005098 0.007043 0.009649 0.013110 0.017665 0.023605 0.031282 0.041112 0.053583 0.069256 0.088771 0.112838 0.142236 0.177800 0.220405 0.270939 0.330280 0.399255 0.478602 0.568921 0.670626 0.783895 0.908621 1.044367 1.190330 1.345313 1.507719 1.675546 1.846420 2.017628 2.186188 2.348922 2.502554 2.643815 2.769562 2.876887 2.963233 3.026492 3.065095 3.078072 3.065095 3.026492 2.963233 2.876887 2.769562 2.643815 2.502554 2.348922 2.186188 2.017628 1.846420 1.675546 1.507719 1.345313 1.190330 1.044367 0.908621 0.783895 0.670626 0.568921 0.478602 0.399255 0.330280 0.270939 0.220405 0.177800 0.142236 0.112838 0.088771 0.069256 0.053583 0.041112 0.031282 0.023605 0.017665 0.013110 0.009649 0.007042 0.005097 0.003658 0.002603 0.001835 0.001280 0.000881 0.000594 0.000385 0.000230 0.000107 0.000000 
0.000000 0.000093 0.000200 0.000337 0.000522 0.000780 0.001142 0.001650 0.002360 0.003344 0.004697 0.006542 0.009036 0.012378 0.016815 0.022655 0.030270 0.040110 0.052707 0.068688 0.088771 0.113772 0.144603 0.182260 0.227811 0.282374 0.347087 0.423072 0.511386 0.612972 0.728596 0.858788 1.003774 1.163414 1.337149 1.523949 1.722284 1.930106 2.144857 2.363497 2.582558 2.798221 3.006424 3.202976 3.383698 3.544568 3.681868 3.792327 3.873253 3.922635 3.939236 3.922635 3.873253 3.792327 3.681868 3.544568 3.383698 3.202976 3.006424 2.798221 2.582558 2.363497 2.144857 1.930106 1.722284 1.523949 1.337149 1.163414 1.003774 0.858788 0.728596 0.612972 0.511386 0.423072 0.347087 0.282374 0.227811 0.182260 0.144603 0.113772 0.088771 0.068688 0.052707 0.040109 0.030270 0.022655 0.016815 0.012377 0.009035 0.006541 0.004695 0.003341 0.002355 0.001643 0.001131 0.000762 0.000495 0.000296 0.000138 0.000000 
0.000000 0.000119 0.000255 0.000429 0.000665 0.000994 0.001454 0.002101 0.003004 0.004256 0.005977 0.008324 0.011496 0.015746 0.021388 0.028813 0.038493 0.051000 0.067011 0.087319 0.112838 0.144603 0.183772 0.231607 0.289466 0.358765 0.440949 0.537439 0.649578 0.778559 0.925354 1.090633 1.274681 1.477320 1.697837 1.934924 2.186639 2.450383 2.722908 3.000356 3.278328 3.551981 3.816158 4.065546 4.294843 4.498948 4.673145 4.813287 4.915958 4.978610 4.999671 4.978610 4.915958 4.813287 4.673145 4.498948 4.294843 4.065546 3.816158 3.551981 3.278328 3.000356 2.722908 2.450383 2.186639 1.934924 1.697837 1.477320 1.274681 1.090633 0.925354 0.778559 0.649578 0.537439 0.440949 0.358765 0.289466 0.231607 0.183772 0.144603 0.112838 0.087319 0.067011 0.051000 0.038493 0.028812 0.021388 0.015745 0.011495 0.008323 0.005975 0.004252 0.002998 0.002092 0.001440 0.000971 0.000631 0.000377 0.000176 0.000000 
0.000000 0.000150 0.000322 0.000542 0.000840 0.001255 0.001836 0.002653 0.003792 0.005371 0.007543 0.010503 0.014504 0.019863 0.026978 0.036338 0.048542 0.064307 0.084487 0.110080 0.142236 0.182260 0.231607 0.291869 0.364750 0.452035 0.555541 0.677055 0.818266 0.980674 1.165500 1.373585 1.605286 1.860376 2.137957 2.436381 2.753201 3.085146 3.428129 3.777294 4.127105 4.471470 4.803902 5.117715 5.406240 5.663061 5.882247 6.058580 6.187763 6.266593 6.293092 6.266593 6.187763 6.058580 5.882247 5.663061 5.406240 5.117715 4.803902 4.471470 4.127105 3.777294 3.428129 3.085146 2.753201 2.436381 2.137957 1.860376 1.605286 1.373585 1.165500 0.980674 0.818266 0.677055 0.555541 0.452035 0.364750 0.291869 0.231607 0.182260 0.142236 0.110080 0.084487 0.064307 0.048542 0.036338 0.026978 0.019863 0.014503 0.010501 0.007540 0.005367 0.003784 0.002641 0.001818 0.001226 0.000796 0.000476 0.000222 0.000000 
0.000000 0.000188 0.000404 0.000679 0.001052 0.001571 0.002299 0.003321 0.004747 0.006723 0.009439 0.013142 0.018146 0.024848 0.033744 0.045447 0.060703 0.080410 0.105632 0.137617 0.177800 0.227811 0.289466 0.364750 0.455792 0.564819 0.694097 0.845856 1.022201 1.225003 1.455785 1.715592 2.004867 2.323326 2.669845 3.042364 3.437830 3.852155 4.280241 4.716027 5.152604 5.582371 5.997233 6.388849 6.748901 7.069383 7.342896 7.562933 7.724132 7.822497 7.855564 7.822497 7.724132 7.562933 7.342896 7.069383 6.748901 6.388849 5.997233 5.582371 5.152604 4.716027 4.280241 3.852155 3.437830 3.042364 2.669845 2.323326 2.004867 1.715592 1.455785 1.225003 1.022201 0.845856 0.694097 0.564819 0.455792 0.364750 0.289466 0.227811 0.177800 0.137617 0.105632 0.080409 0.060703 0.045447 0.033744 0.024847 0.018145 0.013140 0.009435 0.006717 0.004737 0.003306 0.002276 0.001535 0.000997 0.000596 0.000278 0.000000 
0.000000 0.000233 0.000501 0.000844 0.001307 0.001951 0.002855 0.004122 0.005891 0.008343 0.011713 0.016306 0.022513 0.030824 0.041855 0.056365 0.075277 0.099705 0.130968 0.170608 0.220405 0.282374 0.358765 0.452035 0.564819 0.699872 0.859997 1.047956 1.266349 1.517492 1.803266 2.124961 2.483125 2.877401 3.306394 3.767555 4.257099 4.769969 5.299850 5.839244 6.379600 6.911509 7.424958 7.909626 8.355219 8.751835 9.090318 9.362619 9.562105 9.683833 9.724753 9.683833 9.562105 9.362619 9.090318 8.751835 8.355219 7.909626 7.424958 6.911509 6.379600 5.839244 5.299850 4.769969 4.257099 3.767555 3.306394 2.877401 2.483125 2.124961 1.803266 1.517492 1.266349 1.047956 0.859997 0.699872 0.564819 0.452035 0.358765 0.282374 0.220405 0.170608 0.130968 0.099705 0.075277 0.056364 0.041854 0.030823 0.022511 0.016303 0.011708 0.008336 0.005880 0.004104 0.002826 0.001906 0.001238 0.000740 0.000345 0.000000 
0.000000 0.000287 0.000618 0.001039 0.001609 0.002402 0.003514 0.005074 0.007251 0.010267 0.014413 0.020063 0.027696 0.037917 0.051481 0.069320 0.092571 0.122599 0.161025 0.209743 0.270939 0.347087 0.440949 0.555541 0.694097 0.859997 1.056684 1.287543 1.555765 1.864189 2.215121 2.610143 3.049922 3.534016 4.060710 4.626873 5.227855 5.857447 6.507898 7.170003 7.833267 8.486145 9.116348 9.711211 10.258105 10.744878 11.160298 11.494489 11.739313 11.888706 11.938926 11.888706 11.739313 11.494489 11.160298 10.744878 10.258105 9.711211 9.116348 8.486145 7.833267 7.170003 6.507898 5.857447 5.227855 4.626873 4.060710 3.534016 3.049922 2.610143 2.215121 1.864189 1.555765 1.287543 1.056684 0.859997 0.694097 0.555541 0.440949 0.347087 0.270939 0.209743 0.161025 0.122599 0.092571 0.069320 0.051480 0.037915 0.027694 0.020059 0.014407 0.010258 0.007237 0.005051 0.003479 0.002347 0.001525 0.000911 0.000425 0.000000 
0.000000 0.000351 0.000754 0.001269 0.001965 0.002932 0.004290 0.006194 0.008850 0.012530 0.017587 0.024478 0.033787 0.046251 0.062790 0.084541 0.112886 0.149490 0.196326 0.255703 0.330280 0.423072 0.537439 0.677055 0.845856 1.047956 1.287543 1.568736 1.895418 2.271042 2.698411 3.179446 3.714955 4.304396 4.945679 5.634985 6.366654 7.133125 7.924962 8.730958 9.538341 10.333059 11.100157 11.824221 12.489886 13.082362 13.587985 13.994735 14.292714 14.474541 14.535663 14.474541 14.292714 13.994735 13.587985 13.082362 12.489886 11.824221 11.100157 10.333059 9.538341 8.730958 7.924962 7.133125 6.366654 5.634985 4.945679 4.304396 3.714955 3.179446 2.698411 2.271042 1.895418 1.568736 1.287543 1.047956 0.845856 0.677055 0.537439 0.423072 0.330280 0.255703 0.196326 0.149489 0.112885 0.084540 0.062789 0.046249 0.033784 0.024474 0.017580 0.012518 0.008832 0.006166 0.004246 0.002865 0.001862 0.001112 0.000519 0.000000 
0.000000 0.000425 0.000913 0.001536 0.002379 0.003550 0.005193 0.007497 0.010710 0.015162 0.021279 0.029614 0.040872 0.055944 0.075943 0.102240 0.136507 0.180754 0.237365 0.309128 0.399255 0.511386 0.649578 0.818266 1.022201 1.266349 1.555765 1.895418 2.289994 2.743657 3.259786 3.840697 4.487358 5.199113 5.973432 6.805702 7.689085 8.614452 9.570410 10.543432 11.518099 12.477452 13.403440 14.277464 15.080977 15.796134 16.406446 16.897409 17.257076 17.476545 17.550321 17.476545 17.257076 16.897409 16.406446 15.796134 15.080977 14.277464 13.403440 12.477452 11.518099 10.543432 9.570410 8.614452 7.689085 6.805702 5.973432 5.199113 4.487358 3.840697 3.259786 2.743657 2.289994 1.895418 1.555765 1.266349 1.022201 0.818266 0.649578 0.511386 0.399255 0.309128 0.237365 0.180754 0.136507 0.102239 0.075942 0.055942 0.040869 0.029609 0.021271 0.015148 0.010689 0.007463 0.005140 0.003468 0.002254 0.001347 0.000629 0.000000 
0.000000 0.000510 0.001097 0.001844 0.002855 0.004261 0.006233 0.008997 0.012853 0.018193 0.025531 0.035528 0.049029 0.067102 0.091081 0.122609 0.163689 0.216728 0.284583 0.370592 0.478602 0.612972 0.778559 0.980674 1.225003 1.517492 1.864189 2.271042 2.743657 3.287014 3.905154 4.600846 5.375242 6.227551 7.154738 8.151276 9.208977 10.316907 11.461424 12.626336 13.793185 14.941671 16.050190 17.096479 18.058343 18.914426 19.644994 20.232690 20.663219 20.925926 21.014236 20.925926 20.663219 20.232690 19.644994 18.914426 18.058343 17.096479 16.050190 14.941671 13.793185 12.626336 11.461424 10.316907 9.208977 8.151276 7.154738 6.227551 5.375242 4.600846 3.905154 3.287014 2.743657 2.271042 1.864189 1.517492 1.225003 0.980674 0.778559 0.612972 0.478602 0.370592 0.284583 0.216728 0.163688 0.122608 0.091080 0.067100 0.049025 0.035521 0.025520 0.018177 0.012827 0.008956 0.006170 0.004163 0.002706 0.001617 0.000755 0.000000 
0.000000 0.000608 0.001306 0.002196 0.003399 0.005072 0.007419 0.010707 0.015294 0.021647 0.030374 0.042264 0.058320 0.079811 0.108321 0.145804 0.194639 0.257687 0.338338 0.440561 0.568921 0.728596 0.925354 1.165500 1.455785 1.803266 2.215121 2.698411 3.259786 3.905154 4.639309 5.465530 6.385181 7.397314 8.498322 9.681636 10.937530 12.253021 13.611911 14.994975 16.380303 17.743796 19.059811 20.301924 21.443792 22.460067 23.327330 24.024982 24.536058 24.847914 24.952745 24.847914 24.536058 24.024982 23.327330 22.460067 21.443792 20.301924 19.059811 17.743796 16.380303 14.994975 13.611911 12.253021 10.937530 9.681636 8.498322 7.397314 6.385181 5.465530 4.639309 3.905154 3.259786 2.698411 2.215121 1.803266 1.455785 1.165500 0.925354 0.728596 0.568921 0.440561 0.338338 0.257686 0.194639 0.145803 0.108319 0.079808 0.058315 0.042256 0.030362 0.021627 0.015263 0.010659 0.007343 0.004956 0.003221 0.001925 0.000898 0.000000 
0.000000 0.000717 0.001541 0.002592 0.004012 0.005987 0.008755 0.012635 0.018046 0.025539 0.035833 0.049855 0.068788 0.094129 0.127743 0.171933 0.229502 0.303819 0.398879 0.519355 0.670626 0.858788 1.090633 1.373585 1.715592 2.124961 2.610143 3.179446 3.840697 4.600846 5.465530 6.438605 7.521669 8.713599 10.010140 11.403554 12.882384 14.431339 16.031348 17.659776 19.290827 20.896133 22.445509 23.907852 25.252154 26.448581 27.469570 28.290876 28.892532 29.259657 29.383067 29.259657 28.892532 28.290876 27.469570 26.448581 25.252154 23.907852 22.445509 20.896133 19.290827 17.659776 16.031348 14.431339 12.882384 11.403554 10.010140 8.713599 7.521669 6.438605 5.465530 4.600846 3.840697 3.179446 2.610143 2.124961 1.715592 1.373585 1.090633 0.858788 0.670626 0.519355 0.398879 0.303818 0.229501 0.171932 0.127741 0.094125 0.068782 0.049846 0.035818 0.025516 0.018009 0.012578 0.008666 0.005849 0.003802 0.002272 0.001061 0.000000 
0.000000 0.000840 0.001804 0.003034 0.004696 0.007006 0.010245 0.014784 0.021114 0.029878 0.041917 0.058314 0.080454 0.110083 0.149383 0.201044 0.268339 0.355207 0.466313 0.607115 0.783895 1.003774 1.274681 1.605286 2.004867 2.483125 3.049922 3.714955 4.487358 5.375242 6.385181 7.521669 8.786563 10.178547 11.692644 13.319811 15.046667 16.855354 18.723602 20.624984 22.529383 24.403682 26.212643 27.919958 29.489435 30.886250 32.078229 33.037074 33.739482 34.168083 34.312158 34.168083 33.739482 33.037074 32.078229 30.886250 29.489435 27.919958 26.212643 24.403682 22.529383 20.624984 18.723602 16.855354 15.046667 13.319811 11.692644 10.178547 8.786563 7.521669 6.385181 5.375242 4.487358 3.714955 3.049922 2.483125 2.004867 1.605286 1.274681 1.003774 0.783895 0.607115 0.466313 0.355206 0.268339 0.201042 0.149381 0.110079 0.080447 0.058304 0.041900 0.029851 0.021071 0.014717 0.010141 0.006845 0.004449 0.002659 0.001241 0.000000 
0.000000 0.000974 0.002094 0.003521 0.005450 0.008130 0.011888 0.017153 0.024495 0.034660 0.048621 0.067636 0.093307 0.127660 0.173222 0.233110 0.311117 0.411804 0.540578 0.703758 0.908621 1.163414 1.477320 1.860376 2.323326 2.877401 3.534016 4.304396 5.199113 6.227551 7.397314 8.713599 10.178547 11.790626 13.544062 15.428382 17.428081 19.522481 21.685793 23.887416 26.092483 28.262653 30.357132 32.333889 34.151028 35.768239 37.148280 38.258396 39.071613 39.567827 39.734629 39.567827 39.071613 38.258396 37.148280 35.768239 34.151028 32.333889 30.357132 28.262653 26.092483 23.887416 21.685793 19.522481 17.428081 15.428382 13.544062 11.790626 10.178547 8.713599 7.397314 6.227551 5.199113 4.304396 3.534016 2.877401 2.323326 1.860376 1.477320 1.163414 0.908621 0.703757 0.540577 0.411803 0.311116 0.233108 0.173220 0.127655 0.093299 0.067624 0.048602 0.034628 0.024445 0.017075 0.011766 0.007943 0.005163 0.003086 0.001441 0.000000 
0.000000 0.001122 0.002410 0.004052 0.006271 0.009355 0.013677 0.019734 0.028178 0.039868 0.055923 0.077787 0.107303 0.146799 0.199178 0.268020 0.357686 0.473413 0.621413 0.808945 1.044367 1.337149 1.697837 2.137957 2.669845 3.306394 4.060710 4.945679 5.973432 7.154738 8.498322 10.010140 11.692644 13.544062 15.557760 17.721699 20.018073 22.423131 24.907260 27.435323 29.967285 32.459129 34.864019 37.133707 39.220093 41.076907 42.661396 43.935962 44.869642 45.439358 45.630868 45.439358 44.869642 43.935962 42.661396 41.076907 39.220093 37.133707 34.864019 32.459129 29.967285 27.435323 24.907260 22.423131 20.018073 17.721699 15.557760 13.544062 11.692644 10.010140 8.498322 7.154738 5.973432 4.945679 4.060710 3.306394 2.669845 2.137957 1.697837 1.337149 1.044367 0.808945 0.621413 0.473413 0.357685 0.268019 0.199175 0.146794 0.107295 0.077773 0.055900 0.039832 0.028120 0.019644 0.013537 0.009139 0.005941 0.003552 0.001658 0.000000 
0.000000 0.001280 0.002750 0.004623 0.007155 0.010673 0.015603 0.022511 0.032141 0.045472 0.063780 0.088709 0.122361 0.167387 0.227097 0.305570 0.407772 0.539671 0.708343 0.922056 1.190330 1.523949 1.934924 2.436381 3.042364 3.767555 4.626873 5.634985 6.805702 8.151276 9.681636 11.403554 13.319811 15.428382 17.721699 20.186049 22.801146 25.539943 28.368715 31.247452 34.130573 36.967958 39.706287 42.290629 44.666229 46.780409 48.584502 50.035707 51.098777 51.747443 51.965492 51.747443 51.098777 50.035707 48.584502 46.780409 44.666229 42.290629 39.706287 36.967958 34.130573 31.247452 28.368715 25.539943 22.801146 20.186049 17.721699 15.428382 13.319811 11.403554 9.681636 8.151276 6.805702 5.634985 4.626873 3.767555 3.042364 2.436381 1.934924 1.523949 1.190329 0.922056 0.708343 0.539671 0.407771 0.305568 0.227094 0.167381 0.122351 0.088693 0.063754 0.045431 0.032076 0.022408 0.015444 0.010427 0.006779 0.004052 0.001892 0.000000 
0.000000 0.001448 0.003112 0.005231 0.008095 0.012074 0.017651 0.025463 0.036353 0.051427 0.072127 0.100312 0.138357 0.189257 0.256753 0.345452 0.460966 0.610036 0.800656 1.042164 1.345313 1.722284 2.186639 2.753201 3.437830 4.257099 5.227855 6.366654 7.689085 9.208977 10.937530 12.882384 15.046667 17.428081 20.018073 22.801146 25.754388 28.847249 32.041647 35.292401 38.548044 41.751986 44.844028 47.762153 50.444542 52.831726 54.868765 56.507340 57.707660 58.440070 58.686269 58.440070 57.707660 56.507340 54.868765 52.831726 50.444542 47.762153 44.844028 41.751986 38.548044 35.292401 32.041647 28.847249 25.754388 22.801146 20.018073 17.428081 15.046667 12.882384 10.937530 9.208977 7.689085 6.366654 5.227855 4.257099 3.437830 2.753201 2.186639 1.722284 1.345313 1.042164 0.800655 0.610035 0.460964 0.345449 0.256748 0.189250 0.138346 0.100294 0.072098 0.051380 0.036278 0.025346 0.017470 0.011795 0.007669 0.004585 0.002140 0.000000 
0.000000 0.001625 0.003491 0.005868 0.009081 0.013544 0.019797 0.028558 0.040769 0.057671 0.080879 0.112477 0.155126 0.212183 0.287838 0.387254 0.516718 0.683782 0.897399 1.168030 1.507719 1.930106 2.450383 3.085146 3.852155 4.769969 5.857447 7.133125 8.614452 10.316907 12.253021 14.431339 16.855354 19.522481 22.423131 25.539943 28.847249 32.310838 35.888059 39.528320 43.173992 46.761712 50.224079 53.491656 56.495234 59.168235 61.449149 63.283883 64.627891 65.447973 65.723643 65.447973 64.627891 63.283883 61.449149 59.168235 56.495234 53.491656 50.224079 46.761712 43.173992 39.528320 35.888059 32.310838 28.847249 25.539943 22.423131 19.522481 16.855354 14.431339 12.253021 10.316907 8.614452 7.133125 5.857447 4.769969 3.852155 3.085146 2.450383 1.930106 1.507718 1.168030 0.897398 0.683781 0.516716 0.387251 0.287833 0.212175 0.155113 0.112457 0.080846 0.057618 0.040686 0.028427 0.019595 0.013231 0.008603 0.005143 0.002401 0.000000 
0.000000 0.001807 0.003883 0.006527 0.010101 0.015063 0.022018 0.031759 0.045336 0.064127 0.089928 0.125054 0.172462 0.235883 0.319971 0.430463 0.574343 0.760001 0.997382 1.298105 1.675546 2.144857 2.722908 3.428129 4.280241 5.299850 6.507898 7.924962 9.570410 11.461424 13.611911 16.031348 18.723602 21.685793 24.907260 28.368715 32.041647 35.888059 39.860586 43.903049 47.951453 51.935445 55.780187 59.408585 62.743797 65.711905 68.244620 70.281886 71.774250 72.684854 72.990952 72.684854 71.774250 70.281886 68.244620 65.711905 62.743797 59.408585 55.780187 51.935445 47.951453 43.903049 39.860586 35.888059 32.041647 28.368715 24.907260 21.685793 18.723602 16.031348 13.611911 11.461424 9.570410 7.924962 6.507898 5.299850 4.280241 3.428129 2.722908 2.144857 1.675546 1.298104 0.997381 0.760000 0.574341 0.430460 0.319966 0.235874 0.172448 0.125032 0.089891 0.064068 0.045243 0.031613 0.021792 0.014715 0.009568 0.005721 0.002671 0.000000 
0.000000 0.001993 0.004283 0.007199 0.011140 0.016612 0.024280 0.035020 0.049988 0.070704 0.099146 0.137865 0.190120 0.260021 0.352696 0.474467 0.633025 0.837614 1.099188 1.430546 1.846420 2.363497 3.000356 3.777294 4.716027 5.839244 7.170003 8.730958 10.543432 12.626336 14.994975 17.659776 20.624984 23.887416 27.435323 31.247452 35.292401 39.528320 43.903049 48.354720 52.812867 57.200025 61.433788 65.429272 69.101875 72.370211 75.159094 77.402405 79.045696 80.048389 80.385442 80.048389 79.045696 77.402405 75.159094 72.370211 69.101875 65.429272 61.433788 57.200025 52.812867 48.354720 43.903049 39.528320 35.292401 31.247452 27.435323 23.887416 20.624984 17.659776 14.994975 12.626336 10.543432 8.730958 7.170003 5.839244 4.716027 3.777294 3.000356 2.363497 1.846419 1.430545 1.099187 0.837613 0.633023 0.474463 0.352691 0.260012 0.190105 0.137840 0.099105 0.070639 0.049886 0.034859 0.024031 0.016228 0.010552 0.006309 0.002946 0.000000 
0.000000 0.002180 0.004684 0.007873 0.012181 0.018165 0.026548 0.038289 0.054652 0.077297 0.108386 0.150707 0.207819 0.284214 0.385494 0.518566 0.691832 0.915388 1.201202 1.563251 2.017628 2.582558 3.278328 4.127105 5.152604 6.379600 7.833267 9.538341 11.518099 13.793185 16.380303 19.290827 22.529383 26.092483 29.967285 34.130573 38.548044 43.173992 47.951453 52.812867 57.681288 62.472125 67.095403 71.458436 75.468851 79.037786 82.083153 84.532762 86.327165 87.422061 87.790106 87.422061 86.327165 84.532762 82.083153 79.037786 75.468851 71.458436 67.095403 62.472125 57.681288 52.812867 47.951453 43.173992 38.548044 34.130573 29.967285 26.092483 22.529383 19.290827 16.380303 13.793185 11.518099 9.538341 7.833267 6.379599 5.152604 4.127105 3.278328 2.582557 2.017628 1.563251 1.201201 0.915387 0.691829 0.518562 0.385488 0.284203 0.207802 0.150679 0.108341 0.077226 0.054540 0.038114 0.026276 0.017745 0.011539 0.006899 0.003221 0.000000 
0.000000 0.002364 0.005079 0.008537 0.013208 0.019694 0.028783 0.041510 0.059247 0.083791 0.117487 0.163354 0.225249 0.308039 0.417792 0.561991 0.749737 0.991968 1.301645 1.693909 2.186188 2.798221 3.551981 4.471470 5.582371 6.911509 8.486145 10.333059 12.477452 14.941671 17.743796 20.896133 24.403682 28.262653 32.459129 36.967958 41.751986 46.761712 51.935445 57.200025 62.472125 67.660152 72.666676 77.391341 81.734125 85.598816 88.896533 91.549112 93.492190 94.677800 95.076339 94.677800 93.492190 91.549112 88.896533 85.598816 81.734125 77.391341 72.666676 67.660152 62.472125 57.200025 51.935445 46.761712 41.751986 36.967958 32.459129 28.262653 24.403682 20.896133 17.743796 14.941671 12.477452 10.333059 8.486145 6.911509 5.582371 4.471470 3.551980 2.798221 2.186188 1.693908 1.301644 0.991967 0.749735 0.561986 0.417786 0.308028 0.225231 0.163324 0.117438 0.083715 0.059125 0.041320 0.028487 0.019239 0.012511 0.007481 0.003493 0.000000 
0.000000 0.002542 0.005461 0.009178 0.014199 0.021172 0.030941 0.044621 0.063684 0.090064 0.126276 0.175568 0.242082 0.331046 0.448981 0.603922 0.805649 1.065908 1.398622 1.820054 2.348922 3.006424 3.816158 4.803902 5.997233 7.424958 9.116348 11.100157 13.403440 16.050190 19.059811 22.445509 26.212643 30.357132 34.864019 39.706287 44.844028 50.224079 55.780187 61.433788 67.095403 72.666676 78.042990 83.116585 87.780064 91.930120 95.471318 98.319735 100.406263 101.679399 102.107359 101.679399 100.406263 98.319735 95.471318 91.930120 87.780064 83.116585 78.042990 72.666676 67.095403 61.433788 55.780187 50.224079 44.844028 39.706287 34.864019 30.357132 26.212643 22.445509 19.059811 16.050190 13.403440 11.100157 9.116348 7.424958 5.997233 4.803902 3.816158 3.006424 2.348922 1.820054 1.398621 1.065907 0.805646 0.603917 0.448973 0.331034 0.242062 0.175536 0.126224 0.089981 0.063554 0.044416 0.030623 0.020682 0.013450 0.008043 0.003755 0.000000 
