0.000000 0.000000 0.000000 0.000000 0.000000 0.000000 0.000000 0.000000 0.000000 0.000000 0.000000 0.000000 0.000000 0.000000 0.000000 0.000000 0.000000 0.000000 0.000000 0.000000 0.000000 0.000000 0.000000 0.000000 0.000000 0.000000 0.000000 0.000000 0.000000 0.000000 0.000000 0.000000 0.000000 0.000000 0.000000 0.000000 0.000000 0.000000 0.000000 0.000000 0.000000 0.000000 0.000000 0.000000 0.000000 0.000000 0.000000 0.000000 0.000000 0.000000 0.000000 0.000000 0.000000 0.000000 0.000000 0.000000 0.000000 0.000000 0.000000 0.000000 0.000000 0.000000 0.000000 0.000000 0.000000 0.000000 0.000000 0.000000 0.000000 0.000000 0.000000 0.000000 0.000000 0.000000 0.000000 0.000000 0.000000 0.000000 0.000000 0.000000 0.000000 0.000000 0.000000 0.000000 0.000000 0.000000 0.000000 0.000000 0.000000 0.000000 0.000000 0.000000 0.000000 0.000000 0.000000 0.000000 0.000000 0.000000 0.000000 0.000000 
0.000000 0.000000 0.000000 0.000000 0.000000 0.000000 0.000000 0.000000 0.000000 0.000000 0.000000 0.000000 0.000000 0.000000 0.000000 0.000000 0.000000 0.000000 0.000000 0.000000 0.000000 0.000000 0.000000 0.000000 0.000000 0.000000 0.000000 0.000000 0.000000 0.000001 0.000001 0.000001 0.000001 0.000002 0.000002 0.000003 0.000004 0.000004 0.000005 0.000006 0.000007 0.000008 0.000009 0.000010 0.000011 0.000012 0.000013 0.000014 0.000014 0.000015 0.000015 0.000015 0.000014 0.000014 0.000013 0.000012 0.000011 0.000010 0.000009 0.000008 0.000007 0.000006 0.000005 0.000004 0.000004 0.000003 0.000002 0.000002 0.000001 0.000001 0.000001 0.000001 0.000000 0.000000 0.000000 0.000000 0.000000 0.000000 0.000000 0.000000 0.000000 0.000000 0.000000 0.000000 0.000000 0.000000 0.000000 0.000000 0.000000 0.000000 0.000000 0.000000 0.000000 0.000000 0.000000 0.000000 0.000000 0.000000 0.000000 0.000000 
0.000000 0.000000 0.000000 0.000000 0.000000 0.000000 0.000000 0.000000 0.000000 0.000000 0.000000 0.000000 0.000000 0.000000 0.000000 0.000000 0.000000 0.000000 0.000000 0.000000 0.000000 0.000000 0.000000 0.000000 0.000000 0.000000 0.000001 0.000001 0.000001 0.000002 0.000002 0.000003 0.000004 0.000005 0.000006 0.000007 0.000009 0.000011 0.000013 0.000015 0.000018 0.000020 0.000023 0.000025 0.000028 0.000030 0.000032 0.000034 0.000035 0.000036 0.000036 0.000036 0.000035 0.000034 0.000032 0.000030 0.000028 0.000025 0.000023 0.000020 0.000018 0.000015 0.000013 0.000011 0.000009 0.000007 0.000006 0.000005 0.000004 0.000003 0.000002 0.000002 0.000001 0.000001 0.000001 0.000000 0.000000 0.000000 0.000000 0.000000 0.000000 0.000000 0.000000 0.000000 0.000000 0.000000 0.000000 0.000000 0.000000 0.000000 0.000000 0.000000 0.000000 0.000000 0.000000 0.000000 0.000000 0.000000 0.000000 0.000000 
0.000000 0.000000 0.000000 0.000000 0.000000 0.000000 0.000000 0.000000 0.000000 0.000000 0.000000 0.000000 0.000000 0.000000 0.000000 0.000000 0.000000 0.000000 0.000000 0.000000 0.000000 0.000000 0.000000 0.000000 0.000001 0.000001 0.000001 0.000002 0.000002 0.000003 0.000004 0.000005 0.000007 0.000009 0.000012 0.000014 0.000018 0.000021 0.000026 0.000030 0.000035 0.000040 0.000045 0.000050 0.000055 0.000060 0.000064 0.000067 0.000069 0.000071 0.000071 0.000071 0.000069 0.000067 0.000064 0.000060 0.000055 0.000050 0.000045 0.000040 0.000035 0.000030 0.000026 0.000021 0.000018 0.000014 0.000012 0.000009 0.000007 0.000005 0.000004 0.000003 0.000002 0.000002 0.000001 0.000001 0.000001 0.000000 0.000000 0.000000 0.000000 0.000000 0.000000 0.000000 0.000000 0.000000 0.000000 0.000000 0.000000 0.000000 0.000000 0.000000 0.000000 0.000000 0.000000 0.000000 0.000000 0.000000 0.000000 0.000000 
0.000000 0.000000 0.000000 0.000000 0.000000 0.000000 0.000000 0.000000 0.000000 0.000000 0.000000 0.000000 0.000000 0.000000 0.000000 0.000000 0.000000 0.000000 0.000000 0.000000 0.000000 0.000000 0.000001 0.000001 0.000001 0.000002 0.000002 0.000003 0.000004 0.000006 0.000008 0.000010 0.000014 0.000017 0.000022 0.000027 0.000033 0.000040 0.000048 0.000057 0.000066 0.000076 0.000085 0.000095 0.000104 0.000113 0.000120 0.000126 0.000131 0.000133 0.000134 0.000133 0.000131 0.000126 0.000120 0.000113 0.000104 0.000095 0.000085 0.000076 0.000066 0.000057 0.000048 0.000040 0.000033 0.000027 0.000022 0.000017 0.000014 0.000010 0.000008 0.000006 0.000004 0.000003 0.000002 0.000002 0.000001 0.000001 0.000001 0.000000 0.000000 0.000000 0.000000 0.000000 0.000000 0.000000 0.000000 0.000000 0.000000 0.000000 0.000000 0.000000 0.000000 0.000000 0.000000 0.000000 0.000000 0.000000 0.000000 0.000000 
0.000000 0.000000 0.000000 0.000000 0.000000 0.000000 0.000000 0.000000 0.000000 0.000000 0.000000 0.000000 0.000000 0.000000 0.000000 0.000000 0.000000 0.000000 0.000000 0.000000 0.000000 0.000001 0.000001 0.000001 0.000002 0.000003 0.000004 0.000006 0.000008 0.000011 0.000015 0.000019 0.000025 0.000032 0.000040 0.000050 0.000062 0.000075 0.000089 0.000105 0.000122 0.000139 0.000157 0.000175 0.000192 0.000207 0.000221 0.000232 0.000241 0.000246 0.000248 0.000246 0.000241 0.000232 0.000221 0.000207 0.000192 0.000175 0.000157 0.000139 0.000122 0.000105 0.000089 0.000075 0.000062 0.000050 0.000040 0.000032 0.000025 0.000019 0.000015 0.000011 0.000008 0.000006 0.000004 0.000003 0.000002 0.000001 0.000001 0.000001 0.000000 0.000000 0.000000 0.000000 0.000000 0.000000 0.000000 0.000000 0.000000 0.000000 0.000000 0.000000 0.000000 0.000000 0.000000 0.000000 0.000000 0.000000 0.000000 0.000000 
0.000000 0.000000 0.000000 0.000000 0.000000 0.000000 0.000000 0.000000 0.000000 0.000000 0.000000 0.000000 0.000000 0.000000 0.000000 0.000000 0.000000 0.000000 0.000000 0.000001 0.000001 0.000001 0.000002 0.000003 0.000004 0.000005 0.000008 0.000011 0.000015 0.000020 0.000027 0.000035 0.000045 0.000058 0.000074 0.000091 0.000112 0.000136 0.000162 0.000191 0.000221 0.000253 0.000286 0.000318 0.000348 0.000377 0.000401 0.000422 0.000437 0.000446 0.000449 0.000446 0.000437 0.000422 0.000401 0.000377 0.000348 0.000318 0.000286 0.000253 0.000221 0.000191 0.000162 0.000136 0.000112 0.000091 0.000074 0.000058 0.000045 0.000035 0.000027 0.000020 0.000015 0.000011 0.000008 0.000005 0.000004 0.000003 0.000002 0.000001 0.000001 0.000001 0.000000 0.000000 0.000000 0.000000 0.000000 0.000000 0.000000 0.000000 0.000000 0.000000 0.000000 0.000000 0.000000 0.000000 0.000000 0.000000 0.000000 0.000000 
0.000000 0.000000 0.000000 0.000000 0.000000 0.000000 0.000000 0.000000 0.000000 0.000000 0.000000 0.000000 0.000000 0.000000 0.000000 0.000000 0.000000 0.000000 0.000001 0.000001 0.000001 0.000002 0.000003 0.000005 0.000007 0.000010 0.000014 0.000019 0.000026 0.000036 0.000048 0.000063 0.000082 0.000105 0.000132 0.000164 0.000201 0.000244 0.000291 0.000342 0.000397 0.000454 0.000512 0.000569 0.000624 0.000674 0.000719 0.000755 0.000782 0.000799 0.000805 0.000799 0.000782 0.000755 0.000719 0.000674 0.000624 0.000569 0.000512 0.000454 0.000397 0.000342 0.000291 0.000244 0.000201 0.000164 0.000132 0.000105 0.000082 0.000063 0.000048 0.000036 0.000026 0.000019 0.000014 0.000010 0.000007 0.000005 0.000003 0.000002 0.000001 0.000001 0.000001 0.000000 0.000000 0.000000 0.000000 0.000000 0.000000 0.000000 0.000000 0.000000 0.000000 0.000000 0.000000 0.000000 0.000000 0.000000 0.000000 0.000000 
0.000000 0.000000 0.000000 0.000000 0.000000 0.000000 0.000000 0.000000 0.000000 0.000000 0.000000 0.000000 0.000000 0.000000 0.000000 0.000000 0.000000 0.000001 0.000001 0.000002 0.000003 0.000004 0.000006 0.000008 0.000012 0.000018 0.000025 0.000034 0.000047 0.000064 0.000085 0.000112 0.000145 0.000185 0.000234 0.000291 0.000357 0.000431 0.000515 0.000605 0.000702 0.000803 0.000905 0.001006 0.001103 0.001192 0.001270 0.001334 0.001382 0.001412 0.001422 0.001412 0.001382 0.001334 0.001270 0.001192 0.001103 0.001006 0.000905 0.000803 0.000702 0.000605 0.000515 0.000431 0.000357 0.000291 0.000234 0.000185 0.000145 0.000112 0.000085 0.000064 0.000047 0.000034 0.000025 0.000018 0.000012 0.000008 0.000006 0.000004 0.000003 0.000002 0.000001 0.000001 0.000000 0.000000 0.000000 0.000000 0.000000 0.000000 0.000000 0.000000 0.000000 0.000000 0.000000 0.000000 0.000000 0.000000 0.000000 0.000000 
0.000000 0.000000 0.000000 0.000000 0.000000 0.000000 0.000000 0.000000 0.000000 0.000000 0.000000 0.000000 0.000000 0.000000 0.000000 0.000000 0.000001 0.000001 0.000002 0.000003 0.000005 0.000007 0.000010 0.000015 0.000022 0.000031 0.000043 0.000060 0.000083 0.000112 0.000149 0.000196 0.000254 0.000324 0.000409 0.000508 0.000624 0.000754 0.000899 0.001057 0.001226 0.001401 0.001579 0.001756 0.001924 0.002079 0.002215 0.002328 0.002411 0.002463 0.002480 0.002463 0.002411 0.002328 0.002215 0.002079 0.001924 0.001756 0.001579 0.001401 0.001226 0.001057 0.000899 0.000754 0.000624 0.000508 0.000409 0.000324 0.000254 0.000196 0.000149 0.000112 0.000083 0.000060 0.000043 0.000031 0.000022 0.000015 0.000010 0.000007 0.000005 0.000003 0.000002 0.000001 0.000001 0.000000 0.000000 0.000000 0.000000 0.000000 0.000000 0.000000 0.000000 0.000000 0.000000 0.000000 0.000000 0.000000 0.000000 0.000000 
0.000000 0.000000 0.000000 0.000000 0.000000 0.000000 0.000000 0.000000 0.000000 0.000000 0.000000 0.000000 0.000000 0.000000 0.000000 0.000001 0.000001 0.000002 0.000003 0.000005 0.000008 0.000012 0.000018 0.000026 0.000037 0.000053 0.000075 0.000104 0.000143 0.000193 0.000257 0.000338 0.000438 0.000560 0.000706 0.000878 0.001076 0.001300 0.001550 0.001822 0.002112 0.002415 0.002721 0.003024 0.003314 0.003581 0.003815 0.004008 0.004152 0.004240 0.004270 0.004240 0.004152 0.004008 0.003815 0.003581 0.003314 0.003024 0.002721 0.002415 0.002112 0.001822 0.001550 0.001300 0.001076 0.000878 0.000706 0.000560 0.000438 0.000338 0.000257 0.000193 0.000143 0.000104 0.000075 0.000053 0.000037 0.000026 0.000018 0.000012 0.000008 0.000005 0.000003 0.000002 0.000001 0.000001 0.000000 0.000000 0.000000 0.000000 0.000000 0.000000 0.000000 0.000000 0.000000 0.000000 0.000000 0.000000 0.000000 0.000000 
0.000000 0.000000 0.000000 0.000000 0.000000 0.000000 0.000000 0.000000 0.000000 0.000000 0.000000 0.000000 0.000000 0.000001 0.000001 0.000001 0.000002 0.000004 0.000006 0.000009 0.000013 0.000020 0.000030 0.000044 0.000064 0.000091 0.000128 0.000178 0.000244 0.000329 0.000439 0.000576 0.000747 0.000954 0.001203 0.001495 0.001832 0.002214 0.002639 0.003101 0.003594 0.004107 0.004628 0.005143 0.005635 0.006088 0.006486 0.006813 0.007057 0.007208 0.007258 0.007208 0.007057 0.006813 0.006486 0.006088 0.005635 0.005143 0.004628 0.004107 0.003594 0.003101 0.002639 0.002214 0.001832 0.001495 0.001203 0.000954 0.000747 0.000576 0.000439 0.000329 0.000244 0.000178 0.000128 0.000091 0.000064 0.000044 0.000030 0.000020 0.000013 0.000009 0.000006 0.000004 0.000002 0.000001 0.000001 0.000001 0.000000 0.000000 0.000000 0.000000 0.000000 0.000000 0.000000 0.000000 0.000000 0.000000 0.000000 0.000000 
0.000000 0.000000 0.000000 0.000000 0.000000 0.000000 0.000000 0.000000 0.000000 0.000000 0.000000 0.000000 0.000001 0.000001 0.000001 0.000002 0.000004 0.000006 0.000010 0.000015 0.000023 0.000034 0.000051 0.000075 0.000108 0.000154 0.000216 0.000300 0.000411 0.000555 0.000739 0.000970 0.001257 0.001606 0.002023 0.002513 0.003080 0.003721 0.004434 0.005209 0.006036 0.006897 0.007770 0.008633 0.009458 0.010217 0.010884 0.011432 0.011841 0.012093 0.012178 0.012093 0.011841 0.011432 0.010884 0.010217 0.009458 0.008633 0.007770 0.006897 0.006036 0.005209 0.004434 0.003721 0.003080 0.002513 0.002023 0.001606 0.001257 0.000970 0.000739 0.000555 0.000411 0.000300 0.000216 0.000154 0.000108 0.000075 0.000051 0.000034 0.000023 0.000015 0.000010 0.000006 0.000004 0.000002 0.000001 0.000001 0.000001 0.000000 0.000000 0.000000 0.000000 0.000000 0.000000 0.000000 0.000000 0.000000 0.000000 0.000000 
0.000000 0.000000 0.000000 0.000000 0.000000 0.000000 0.000000 0.000000 0.000000 0.000000 0.000000 0.000001 0.000001 0.000001 0.000002 0.000004 0.000006 0.000010 0.000016 0.000025 0.000038 0.000057 0.000085 0.000124 0.000180 0.000256 0.000360 0.000500 0.000684 0.000923 0.001228 0.001613 0.002088 0.002667 0.003358 0.004171 0.005109 0.006172 0.007352 0.008637 0.010006 0.011430 0.012876 0.014304 0.015669 0.016925 0.018027 0.018935 0.019610 0.020027 0.020168 0.020027 0.019610 0.018935 0.018027 0.016925 0.015669 0.014304 0.012876 0.011430 0.010006 0.008637 0.007352 0.006172 0.005109 0.004171 0.003358 0.002667 0.002088 0.001613 0.001228 0.000923 0.000684 0.000500 0.000360 0.000256 0.000180 0.000124 0.000085 0.000057 0.000038 0.000025 0.000016 0.000010 0.000006 0.000004 0.000002 0.000001 0.000001 0.000001 0.000000 0.000000 0.000000 0.000000 0.000000 0.000000 0.000000 0.000000 0.000000 0.000000 
0.000000 0.000000 0.000000 0.000000 0.000000 0.000000 0.000000 0.000000 0.000000 0.000000 0.000000 0.000001 0.000001 0.000002 0.000004 0.000007 0.000011 0.000017 0.000026 0.000041 0.000062 0.000094 0.000140 0.000204 0.000295 0.000421 0.000592 0.000821 0.001123 0.001514 0.002015 0.002645 0.003424 0.004371 0.005503 0.006833 0.008367 0.010105 0.012034 0.014134 0.016371 0.018698 0.021061 0.023392 0.025621 0.027672 0.029473 0.030954 0.032057 0.032738 0.032968 0.032738 0.032057 0.030954 0.029473 0.027672 0.025621 0.023392 0.021061 0.018698 0.016371 0.014134 0.012034 0.010105 0.008367 0.006833 0.005503 0.004371 0.003424 0.002645 0.002015 0.001514 0.001123 0.000821 0.000592 0.000421 0.000295 0.000204 0.000140 0.000094 0.000062 0.000041 0.000026 0.000017 0.000011 0.000007 0.000004 0.000002 0.000001 0.000001 0.000000 0.000000 0.000000 0.000000 0.000000 0.000000 0.000000 0.000000 0.000000 0.000000 
0.000000 0.000000 0.000000 0.000000 0.000000 0.000000 0.000000 0.000000 0.000000 0.000000 0.000001 0.000001 0.000002 0.000004 0.000007 0.000011 0.000017 0.000028 0.000043 0.000067 0.000102 0.000153 0.000227 0.000332 0.000479 0.000683 0.000960 0.001330 0.001819 0.002453 0.003263 0.004281 0.005539 0.007070 0.008898 0.011046 0.013523 0.016328 0.019441 0.022829 0.026436 0.030190 0.033999 0.037757 0.041350 0.044657 0.047558 0.049945 0.051722 0.052819 0.053190 0.052819 0.051722 0.049945 0.047558 0.044657 0.041350 0.037757 0.033999 0.030190 0.026436 0.022829 0.019441 0.016328 0.013523 0.011046 0.008898 0.007070 0.005539 0.004281 0.003263 0.002453 0.001819 0.001330 0.000960 0.000683 0.000479 0.000332 0.000227 0.000153 0.000102 0.000067 0.000043 0.000028 0.000017 0.000011 0.000007 0.000004 0.000002 0.000001 0.000001 0.000000 0.000000 0.000000 0.000000 0.000000 0.000000 0.000000 0.000000 0.000000 
0.000000 0.000000 0.000000 0.000000 0.000000 0.000000 0.000000 0.000000 0.000000 0.000001 0.000001 0.000002 0.000004 0.000006 0.000011 0.000017 0.000028 0.000044 0.000069 0.000107 0.000163 0.000245 0.000364 0.000532 0.000768 0.001093 0.001536 0.002128 0.002909 0.003921 0.005214 0.006838 0.008846 0.011286 0.014201 0.017624 0.021571 0.026038 0.030997 0.036391 0.042133 0.048108 0.054169 0.060150 0.065867 0.071127 0.075742 0.079538 0.082365 0.084110 0.084700 0.084110 0.082365 0.079538 0.075742 0.071127 0.065867 0.060150 0.054169 0.048108 0.042133 0.036391 0.030997 0.026038 0.021571 0.017624 0.014201 0.011286 0.008846 0.006838 0.005214 0.003921 0.002909 0.002128 0.001536 0.001093 0.000768 0.000532 0.000364 0.000245 0.000163 0.000107 0.000069 0.000044 0.000028 0.000017 0.000011 0.000006 0.000004 0.000002 0.000001 0.000001 0.000000 0.000000 0.000000 0.000000 0.000000 0.000000 0.000000 0.000000 
0.000000 0.000000 0.000000 0.000000 0.000000 0.000000 0.000000 0.000000 0.000001 0.000001 0.000002 0.000004 0.000006 0.000010 0.000017 0.000028 0.000044 0.000070 0.000110 0.000169 0.000258 0.000388 0.000575 0.000841 0.001214 0.001728 0.002426 0.003360 0.004590 0.006186 0.008222 0.010780 0.013940 0.017780 0.022367 0.027751 0.033957 0.040980 0.048774 0.057251 0.066274 0.075659 0.085180 0.094572 0.103549 0.111807 0.119053 0.125012 0.129451 0.132190 0.133115 0.132190 0.129451 0.125012 0.119053 0.111807 0.103549 0.094572 0.085180 0.075659 0.066274 0.057251 0.048774 0.040980 0.033957 0.027751 0.022367 0.017780 0.013940 0.010780 0.008222 0.006186 0.004590 0.003360 0.002426 0.001728 0.001214 0.000841 0.000575 0.000388 0.000258 0.000169 0.000110 0.000070 0.000044 0.000028 0.000017 0.000010 0.000006 0.000004 0.000002 0.000001 0.000001 0.000000 0.000000 0.000000 0.000000 0.000000 0.000000 0.000000 
0.000000 0.000000 0.000000 0.000000 0.000000 0.000000 0.000000 0.000001 0.000001 0.000002 0.000003 0.000006 0.000010 0.000016 0.000026 0.000043 0.000069 0.000110 0.000172 0.000265 0.000403 0.000606 0.000898 0.001312 0.001893 0.002693 0.003780 0.005234 0.007148 0.009629 0.012795 0.016770 0.021680 0.027644 0.034765 0.043123 0.052755 0.063651 0.075742 0.088888 0.102879 0.117430 0.132188 0.146747 0.160658 0.173456 0.184683 0.193917 0.200794 0.205037 0.206471 0.205037 0.200794 0.193917 0.184683 0.173456 0.160658 0.146747 0.132188 0.117430 0.102879 0.088888 0.075742 0.063651 0.052755 0.043123 0.034765 0.027644 0.021680 0.016770 0.012795 0.009629 0.007148 0.005234 0.003780 0.002693 0.001893 0.001312 0.000898 0.000606 0.000403 0.000265 0.000172 0.000110 0.000069 0.000043 0.000026 0.000016 0.000010 0.000006 0.000003 0.000002 0.000001 0.000001 0.000000 0.000000 0.000000 0.000000 0.000000 0.000000 
0.000000 0.000000 0.000000 0.000000 0.000000 0.000000 0.000001 0.000001 0.000002 0.000003 0.000005 0.000009 0.000015 0.000025 0.000041 0.000067 0.000107 0.000169 0.000265 0.000409 0.000622 0.000933 0.001383 0.002021 0.002913 0.004143 0.005813 0.008045 0.010983 0.014791 0.019648 0.025744 0.033271 0.042412 0.053325 0.066128 0.080879 0.097564 0.116074 0.136196 0.157606 0.179870 0.202449 0.224719 0.245996 0.265569 0.282738 0.296857 0.307373 0.313860 0.316053 0.313860 0.307373 0.296857 0.282738 0.265569 0.245996 0.224719 0.202449 0.179870 0.157606 0.136196 0.116074 0.097564 0.080879 0.066128 0.053325 0.042412 0.033271 0.025744 0.019648 0.014791 0.010983 0.008045 0.005813 0.004143 0.002913 0.002021 0.001383 0.000933 0.000622 0.000409 0.000265 0.000169 0.000107 0.000067 0.000041 0.000025 0.000015 0.000009 0.000005 0.000003 0.000002 0.000001 0.000001 0.000000 0.000000 0.000000 0.000000 0.000000 
0.000000 0.000000 0.000000 0.000000 0.000000 0.000000 0.000001 0.000001 0.000003 0.000005 0.000008 0.000013 0.000023 0.000038 0.000062 0.000102 0.000163 0.000258 0.000403 0.000622 0.000946 0.001419 0.002101 0.003070 0.004424 0.006289 0.008820 0.012202 0.016653 0.022419 0.029772 0.038998 0.050386 0.064212 0.080714 0.100068 0.122364 0.147576 0.175540 0.205934 0.238270 0.271889 0.305978 0.339598 0.371714 0.401256 0.427168 0.448475 0.464344 0.474133 0.477442 0.474133 0.464344 0.448475 0.427168 0.401256 0.371714 0.339598 0.305978 0.271889 0.238270 0.205934 0.175540 0.147576 0.122364 0.100068 0.080714 0.064212 0.050386 0.038998 0.029772 0.022419 0.016653 0.012202 0.008820 0.006289 0.004424 0.003070 0.002101 0.001419 0.000946 0.000622 0.000403 0.000258 0.000163 0.000102 0.000062 0.000038 0.000023 0.000013 0.000008 0.000005 0.000003 0.000001 0.000001 0.000000 0.000000 0.000000 0.000000 0.000000 
0.000000 0.000000 0.000000 0.000000 0.000000 0.000001 0.000001 0.000002 0.000004 0.000007 0.000012 0.000020 0.000034 0.000057 0.000094 0.000153 0.000245 0.000388 0.000606 0.000933 0.001419 0.002129 0.003151 0.004601 0.006628 0.009419 0.013205 0.018262 0.024916 0.033532 0.044515 0.058293 0.075295 0.095931 0.120555 0.149428 0.182682 0.220278 0.261970 0.307276 0.355469 0.405566 0.456359 0.506445 0.554287 0.598289 0.636882 0.668615 0.692246 0.706825 0.711753 0.706825 0.692246 0.668615 0.636882 0.598289 0.554287 0.506445 0.456359 0.405566 0.355469 0.307276 0.261970 0.220278 0.182682 0.149428 0.120555 0.095931 0.075295 0.058293 0.044515 0.033532 0.024916 0.018262 0.013205 0.009419 0.006628 0.004601 0.003151 0.002129 0.001419 0.000933 0.000606 0.000388 0.000245 0.000153 0.000094 0.000057 0.000034 0.000020 0.000012 0.000007 0.000004 0.000002 0.000001 0.000001 0.000000 0.000000 0.000000 0.000000 
0.000000 0.000000 0.000000 0.000000 0.000001 0.000001 0.000002 0.000003 0.000006 0.000010 0.000018 0.000030 0.000051 0.000085 0.000140 0.000227 0.000364 0.000575 0.000898 0.001383 0.002101 0.003151 0.004661 0.006804 0.009797 0.013918 0.019506 0.026968 0.036781 0.049486 0.065675 0.085978 0.111026 0.141419 0.177676 0.220181 0.269125 0.324448 0.385786 0.452431 0.523310 0.596980 0.671664 0.745298 0.815628 0.880306 0.937030 0.983668 1.018399 1.039824 1.047065 1.039824 1.018399 0.983668 0.937030 0.880306 0.815628 0.745298 0.671664 0.596980 0.523310 0.452431 0.385786 0.324448 0.269125 0.220181 0.177676 0.141419 0.111026 0.085978 0.065675 0.049486 0.036781 0.026968 0.019506 0.013918 0.009797 0.006804 0.004661 0.003151 0.002101 0.001383 0.000898 0.000575 0.000364 0.000227 0.000140 0.000085 0.000051 0.000030 0.000018 0.000010 0.000006 0.000003 0.000002 0.000001 0.000001 0.000000 0.000000 0.000000 
0.000000 0.000000 0.000000 0.000000 0.000001 0.000001 0.000003 0.000005 0.000008 0.000015 0.000026 0.000044 0.000075 0.000124 0.000204 0.000332 0.000532 0.000841 0.001312 0.002021 0.003070 0.004601 0.006804 0.009927 0.014289 0.020292 0.028430 0.039293 0.053574 0.072057 0.095605 0.125126 0.161537 0.205708 0.258388 0.320132 0.391216 0.471548 0.560598 0.657337 0.760205 0.867111 0.975472 1.082301 1.184323 1.278142 1.360415 1.428056 1.478425 1.509497 1.519999 1.509497 1.478425 1.428056 1.360415 1.278142 1.184323 1.082301 0.975472 0.867111 0.760205 0.657337 0.560598 0.471548 0.391216 0.320132 0.258388 0.205708 0.161537 0.125126 0.095605 0.072057 0.053574 0.039293 0.028430 0.020292 0.014289 0.009927 0.006804 0.004601 0.003070 0.002021 0.001312 0.000841 0.000532 0.000332 0.000204 0.000124 0.000075 0.000044 0.000026 0.000015 0.000008 0.000005 0.000003 0.000001 0.000001 0.000000 0.000000 0.000000 
0.000000 0.000000 0.000000 0.000001 0.000001 0.000002 0.000004 0.000007 0.000012 0.000022 0.000037 0.000064 0.000108 0.000180 0.000295 0.000479 0.000768 0.001214 0.001893 0.002913 0.004424 0.006628 0.009797 0.014289 0.020562 0.029190 0.040882 0.056485 0.076992 0.103525 0.137318 0.179672 0.231900 0.295241 0.370768 0.459271 0.561140 0.676242 0.803813 0.942377 1.089699 1.242781 1.397930 1.550867 1.696911 1.831199 1.948954 2.045762 2.117847 2.162313 2.177342 2.162313 2.117847 2.045762 1.948954 1.831199 1.696911 1.550867 1.397930 1.242781 1.089699 0.942377 0.803813 0.676242 0.561140 0.459271 0.370768 0.295241 0.231900 0.179672 0.137318 0.103525 0.076992 0.056485 0.040882 0.029190 0.020562 0.014289 0.009797 0.006628 0.004424 0.002913 0.001893 0.001214 0.000768 0.000479 0.000295 0.000180 0.000108 0.000064 0.000037 0.000022 0.000012 0.000007 0.000004 0.000002 0.000001 0.000001 0.000000 0.000000 
0.000000 0.000000 0.000000 0.000001 0.000002 0.000003 0.000005 0.000010 0.000018 0.000031 0.000053 0.000091 0.000154 0.000256 0.000421 0.000683 0.001093 0.001728 0.002693 0.004143 0.006289 0.009419 0.013918 0.020292 0.029190 0.041425 0.058000 0.080113 0.109166 0.146746 0.194596 0.254554 0.328470 0.418094 0.524937 0.650111 0.794161 0.956893 1.137225 1.333067 1.541255 1.757556 1.976752 2.192802 2.399094 2.588766 2.755075 2.891794 2.993593 3.056387 3.077611 3.056387 2.993593 2.891794 2.755075 2.588766 2.399094 2.192802 1.976752 1.757556 1.541255 1.333067 1.137225 0.956893 0.794161 0.650111 0.524937 0.418094 0.328470 0.254554 0.194596 0.146746 0.109166 0.080113 0.058000 0.041425 0.029190 0.020292 0.013918 0.009419 0.006289 0.004143 0.002693 0.001728 0.001093 0.000683 0.000421 0.000256 0.000154 0.000091 0.000053 0.000031 0.000018 0.000010 0.000005 0.000003 0.000002 0.000001 0.000000 0.000000 
0.000000 0.000000 0.000001 0.000001 0.000002 0.000004 0.000008 0.000014 0.000025 0.000043 0.000075 0.000128 0.000216 0.000360 0.000592 0.000960 0.001536 0.002426 0.003780 0.005813 0.008820 0.013205 0.019506 0.028430 0.040882 0.058000 0.081182 0.112101 0.152711 0.205227 0.272077 0.355822 0.459039 0.584163 0.733294 0.907978 1.108965 1.335981 1.587507 1.860626 2.150923 2.452496 2.758071 3.059229 3.346761 3.611108 3.842881 4.033405 4.175261 4.262763 4.292337 4.262763 4.175261 4.033405 3.842881 3.611108 3.346761 3.059229 2.758071 2.452496 2.150923 1.860626 1.587507 1.335981 1.108965 0.907978 0.733294 0.584163 0.459039 0.355822 0.272077 0.205227 0.152711 0.112101 0.081182 0.058000 0.040882 0.028430 0.019506 0.013205 0.008820 0.005813 0.003780 0.002426 0.001536 0.000960 0.000592 0.000360 0.000216 0.000128 0.000075 0.000043 0.000025 0.000014 0.000008 0.000004 0.000002 0.000001 0.000000 0.000000 
0.000000 0.000000 0.000001 0.000002 0.000003 0.000006 0.000011 0.000019 0.000034 0.000060 0.000104 0.000178 0.000300 0.000500 0.000821 0.001330 0.002128 0.003360 0.005234 0.008045 0.012202 0.018262 0.026968 0.039293 0.056485 0.080113 0.112101 0.154753 0.210759 0.283164 0.375310 0.490716 0.632924 0.805278 1.010659 1.251185 1.527881 1.840355 2.186515 2.562337 2.961745 3.376618 3.796950 4.211167 4.606610 4.970141 5.288856 5.550837 5.745890 5.866203 5.906865 5.866203 5.745890 5.550837 5.288856 4.970141 4.606610 4.211167 3.796950 3.376618 2.961745 2.562337 2.186515 1.840355 1.527881 1.251185 1.010659 0.805278 0.632924 0.490716 0.375310 0.283164 0.210759 0.154753 0.112101 0.080113 0.056485 0.039293 0.026968 0.018262 0.012202 0.008045 0.005234 0.003360 0.002128 0.001330 0.000821 0.000500 0.000300 0.000178 0.000104 0.000060 0.000034 0.000019 0.000011 0.000006 0.000003 0.000002 0.000001 0.000000 
0.000000 0.000000 0.000001 0.000002 0.000004 0.000008 0.000015 0.000026 0.000047 0.000083 0.000143 0.000244 0.000411 0.000684 0.001123 0.001819 0.002909 0.004590 0.007148 0.010983 0.016653 0.024916 0.036781 0.053574 0.076992 0.109166 0.152711 0.210759 0.286960 0.385450 0.510762 0.667671 0.860979 1.095216 1.374286 1.701050 2.076888 2.501258 2.971305 3.481560 4.023769 4.586909 5.157400 5.719541 6.256160 6.749440 7.181884 7.537333 7.801967 7.965195 8.020361 7.965195 7.801967 7.537333 7.181884 6.749440 6.256160 5.719541 5.157400 4.586909 4.023769 3.481560 2.971305 2.501258 2.076888 1.701050 1.374286 1.095216 0.860979 0.667671 0.510762 0.385450 0.286960 0.210759 0.152711 0.109166 0.076992 0.053574 0.036781 0.024916 0.016653 0.010983 0.007148 0.004590 0.002909 0.001819 0.001123 0.000684 0.000411 0.000244 0.000143 0.000083 0.000047 0.000026 0.000015 0.000008 0.000004 0.000002 0.000001 0.000000 
0.000000 0.000001 0.000002 0.000003 0.000006 0.000011 0.000020 0.000036 0.000064 0.000112 0.000193 0.000329 0.000555 0.000923 0.001514 0.002453 0.003921 0.006186 0.009629 0.014791 0.022419 0.033532 0.049486 0.072057 0.103525 0.146746 0.205227 0.283164 0.385450 0.517624 0.685753 0.896231 1.155479 1.469558 1.843681 2.281668 2.785349 3.353984 3.983735 4.667265 5.393514 6.147716 6.911687 7.664411 8.382904 9.043327 9.622269 10.098111 10.452367 10.670869 10.744715 10.670869 10.452367 10.098111 9.622269 9.043327 8.382904 7.664411 6.911687 6.147716 5.393514 4.667265 3.983735 3.353984 2.785349 2.281668 1.843681 1.469558 1.155479 0.896231 0.685753 0.517624 0.385450 0.283164 0.205227 0.146746 0.103525 0.072057 0.049486 0.033532 0.022419 0.014791 0.009629 0.006186 0.003921 0.002453 0.001514 0.000923 0.000555 0.000329 0.000193 0.000112 0.000064 0.000036 0.000020 0.000011 0.000006 0.000003 0.000001 0.000000 
0.000000 0.000001 0.000002 0.000004 0.000008 0.000015 0.000027 0.000048 0.000085 0.000149 0.000257 0.000439 0.000739 0.001228 0.002015 0.003263 0.005214 0.008222 0.012795 0.019648 0.029772 0.044515 0.065675 0.095605 0.137318 0.194596 0.272077 0.375310 0.510762 0.685753 0.908299 1.186842 1.529860 1.945348 2.440181 3.019385 3.685362 4.437112 5.269547 6.172956 7.132716 8.129313 9.138724 10.133192 11.082365 11.954770 12.719500 13.348019 13.815924 14.104519 14.202054 14.104519 13.815924 13.348019 12.719500 11.954770 11.082365 10.133192 9.138724 8.129313 7.132716 6.172956 5.269547 4.437112 3.685362 3.019385 2.440181 1.945348 1.529860 1.186842 0.908299 0.685753 0.510762 0.375310 0.272077 0.194596 0.137318 0.095605 0.065675 0.044515 0.029772 0.019648 0.012795 0.008222 0.005214 0.003263 0.002015 0.001228 0.000739 0.000439 0.000257 0.000149 0.000085 0.000048 0.000027 0.000015 0.000008 0.000004 0.000002 0.000000 
0.000000 0.000001 0.000003 0.000005 0.000010 0.000019 0.000035 0.000063 0.000112 0.000196 0.000338 0.000576 0.000970 0.001613 0.002645 0.004281 0.006838 0.010780 0.016770 0.025744 0.038998 0.058293 0.085978 0.125126 0.179672 0.254554 0.355822 0.490716 0.667671 0.896231 1.186842 1.550506 1.998264 2.540523 3.186228 3.941910 4.810673 5.791192 6.876809 8.054846 9.306229 10.605512 11.921384 13.217671 14.454833 15.591865 16.588512 17.407607 18.017371 18.393453 18.520554 18.393453 18.017371 17.407607 16.588512 15.591865 14.454833 13.217671 11.921384 10.605512 9.306229 8.054846 6.876809 5.791192 4.810673 3.941910 3.186228 2.540523 1.998264 1.550506 1.186842 0.896231 0.667671 0.490716 0.355822 0.254554 0.179672 0.125126 0.085978 0.058293 0.038998 0.025744 0.016770 0.010780 0.006838 0.004281 0.002645 0.001613 0.000970 0.000576 0.000338 0.000196 0.000112 0.000063 0.000035 0.000019 0.000010 0.000005 0.000002 0.000000 
0.000000 0.000001 0.000004 0.000007 0.000014 0.000025 0.000045 0.000082 0.000145 0.000254 0.000438 0.000747 0.001257 0.002088 0.003424 0.005539 0.008846 0.013940 0.021680 0.033271 0.050386 0.075295 0.111026 0.161537 0.231900 0.328470 0.459039 0.632924 0.860979 1.155479 1.529860 1.998264 2.574879 3.273073 4.104328 5.077016 6.195102 7.456848 8.853667 10.369228 11.978981 13.650195 15.342603 17.009697 18.600647 20.062752 21.344274 22.397455 23.181458 23.664996 23.828411 23.664996 23.181458 22.397455 21.344274 20.062752 18.600647 17.009697 15.342603 13.650195 11.978981 10.369228 8.853667 7.456848 6.195102 5.077016 4.104328 3.273073 2.574879 1.998264 1.529860 1.155479 0.860979 0.632924 0.459039 0.328470 0.231900 0.161537 0.111026 0.075295 0.050386 0.033271 0.021680 0.013940 0.008846 0.005539 0.003424 0.002088 0.001257 0.000747 0.000438 0.000254 0.000145 0.000082 0.000045 0.000025 0.000013 0.000007 0.000003 0.000000 
0.000000 0.000002 0.000005 0.000009 0.000017 0.000032 0.000058 0.000105 0.000185 0.000324 0.000560 0.000954 0.001606 0.002667 0.004371 0.007070 0.011286 0.017780 0.027644 0.042412 0.064212 0.095931 0.141419 0.205708 0.295241 0.418094 0.584163 0.805278 1.095216 1.469558 1.945348 2.540523 3.273073 4.159940 5.215664 6.450839 7.870458 9.472282 11.245377 13.168997 15.211971 17.332755 19.480263 21.595499 23.613996 25.468923 27.094678 28.430708 29.425241 30.038615 30.245906 30.038615 29.425241 28.430708 27.094678 25.468923 23.613996 21.595499 19.480263 17.332755 15.211971 13.168997 11.245377 9.472282 7.870458 6.450839 5.215664 4.159940 3.273073 2.540523 1.945348 1.469558 1.095216 0.805278 0.584163 0.418094 0.295241 0.205708 0.141419 0.095931 0.064212 0.042412 0.027644 0.017780 0.011286 0.007070 0.004371 0.002667 0.001606 0.000954 0.000560 0.000324 0.000185 0.000105 0.000058 0.000032 0.000017 0.000009 0.000004 0.000000 
0.000000 0.000002 0.000006 0.000012 0.000022 0.000040 0.000074 0.000132 0.000234 0.000409 0.000706 0.001203 0.002023 0.003358 0.005503 0.008898 0.014201 0.022367 0.034765 0.053325 0.080714 0.120555 0.177676 0.258388 0.370768 0.524937 0.733294 1.010659 1.374286 1.843681 2.440181 3.186228 4.104328 5.215664 6.538408 8.085782 9.863997 11.870205 14.090681 16.499417 19.057370 21.712526 24.400933 27.048763 29.575346 31.897069 33.931863 35.603982 36.848665 37.616305 37.875729 37.616305 36.848665 35.603982 33.931863 31.897069 29.575346 27.048763 24.400933 21.712526 19.057370 16.499417 14.090681 11.870205 9.863997 8.085782 6.538408 5.215664 4.104328 3.186228 2.440181 1.843681 1.374286 1.010659 0.733294 0.524937 0.370768 0.258388 0.177676 0.120555 0.080714 0.053325 0.034765 0.022367 0.014201 0.008898 0.005503 0.003358 0.002023 0.001203 0.000706 0.000409 0.000234 0.000132 0.000073 0.000040 0.000022 0.000011 0.000005 0.000000 
0.000000 0.000003 0.000007 0.000014 0.000027 0.000050 0.000091 0.000164 0.000291 0.000508 0.000878 0.001495 0.002513 0.004171 0.006833 0.011046 0.017624 0.027751 0.043123 0.066128 0.100068 0.149428 0.220181 0.320132 0.459271 0.650111 0.907978 1.251185 1.701050 2.281668 3.019385 3.941910 5.077016 6.450839 8.085782 9.998133 12.195512 14.674354 17.417660 20.393273 23.552944 26.832424 30.152738 33.422729 36.542812 39.409776 41.922328 43.986986 45.523829 46.471639 46.791949 46.471639 45.523829 43.986986 41.922328 39.409776 36.542812 33.422729 30.152738 26.832424 23.552944 20.393273 17.417660 14.674354 12.195512 9.998133 8.085782 6.450839 5.077016 3.941910 3.019385 2.281668 1.701050 1.251185 0.907978 0.650111 0.459271 0.320132 0.220181 0.149428 0.100068 0.066128 0.043123 0.027751 0.017624 0.011046 0.006833 0.004171 0.002513 0.001495 0.000877 0.000508 0.000291 0.000164 0.000091 0.000050 0.000027 0.000014 0.000006 0.000000 
0.000000 0.000004 0.000009 0.000018 0.000033 0.000062 0.000112 0.000201 0.000357 0.000624 0.001076 0.001832 0.003080 0.005109 0.008367 0.013523 0.021571 0.033957 0.052755 0.080879 0.122364 0.182682 0.269125 0.391216 0.561140 0.794161 1.108965 1.527881 2.076888 2.785349 3.685362 4.810673 6.195102 7.870458 9.863997 12.195512 14.874233 17.895761 21.239329 24.865713 28.716096 32.712182 36.757756 40.741779 44.542963 48.035617 51.096400 53.611483 55.483563 56.638104 57.028276 56.638104 55.483563 53.611483 51.096400 48.035617 44.542963 40.741779 36.757756 32.712182 28.716096 24.865713 21.239329 17.895761 14.874233 12.195512 9.863997 7.870458 6.195102 4.810673 3.685362 2.785349 2.076888 1.527881 1.108965 0.794161 0.561140 0.391216 0.269125 0.182682 0.122364 0.080879 0.052755 0.033957 0.021571 0.013523 0.008367 0.005109 0.003080 0.001832 0.001076 0.000623 0.000357 0.000201 0.000112 0.000062 0.000033 0.000017 0.000007 0.000000 
0.000000 0.000004 0.000011 0.000021 0.000040 0.000075 0.000136 0.000244 0.000431 0.000754 0.001300 0.002214 0.003721 0.006172 0.010105 0.016328 0.026038 0.040980 0.063651 0.097564 0.147576 0.220278 0.324448 0.471548 0.676242 0.956893 1.335981 1.840355 2.501258 3.353984 4.437112 5.791192 7.456848 9.472282 11.870205 14.674354 17.895761 21.529073 25.549272 29.909158 34.538001 39.341673 44.204533 48.993143 53.561767 57.759398 61.437859 64.460412 66.710176 68.097623 68.566500 68.097623 66.710176 64.460412 61.437859 57.759398 53.561767 48.993143 44.204533 39.341673 34.538001 29.909158 25.549272 21.529073 17.895761 14.674354 11.870205 9.472282 7.456848 5.791192 4.437112 3.353984 2.501258 1.840355 1.335981 0.956893 0.676242 0.471548 0.324448 0.220278 0.147576 0.097564 0.063651 0.040980 0.026038 0.016328 0.010105 0.006172 0.003721 0.002214 0.001300 0.000754 0.000431 0.000244 0.000136 0.000074 0.000040 0.000020 0.000008 0.000000 
0.000000 0.000005 0.000013 0.000026 0.000048 0.000089 0.000162 0.000291 0.000515 0.000899 0.001550 0.002639 0.004434 0.007352 0.012034 0.019441 0.030997 0.048774 0.075742 0.116074 0.175540 0.261970 0.385786 0.560598 0.803813 1.137225 1.587507 2.186515 2.971305 3.983735 5.269547 6.876809 8.853667 11.245377 14.090681 17.417660 21.239329 25.549272 30.317755 35.488757 40.978365 46.674951 52.441394 58.119501 63.536517 68.513454 72.874696 76.458193 79.125429 80.770313 81.326186 80.770313 79.125429 76.458193 72.874696 68.513454 63.536517 58.119501 52.441394 46.674951 40.978365 35.488757 30.317755 25.549272 21.239329 17.417660 14.090681 11.245377 8.853667 6.876809 5.269547 3.983735 2.971305 2.186515 1.587507 1.137225 0.803813 0.560598 0.385786 0.261970 0.175540 0.116074 0.075742 0.048774 0.030997 0.019441 0.012034 0.007352 0.004434 0.002639 0.001550 0.000899 0.000515 0.000291 0.000162 0.000089 0.000048 0.000024 0.000010 0.000000 
0.000000 0.000006 0.000015 0.000030 0.000057 0.000105 0.000191 0.000342 0.000605 0.001057 0.001822 0.003101 0.005209 0.008637 0.014134 0.022829 0.036391 0.057251 0.088888 0.136196 0.205934 0.307276 0.452431 0.657337 0.942377 1.333067 1.860626 2.562337 3.481560 4.667265 6.172956 8.054846 10.369228 13.168997 16.499417 20.393273 24.865713 29.909158 35.488757 41.538915 47.961434 54.625712 61.371357 68.013352 74.349675 80.171029 85.272074 89.463345 92.582901 94.506707 95.156835 94.506707 92.582901 89.463345 85.272074 80.171029 74.349675 68.013352 61.371357 54.625712 47.961434 41.538915 35.488757 29.909158 24.865713 20.393273 16.499417 13.168997 10.369228 8.054846 6.172956 4.667265 3.481560 2.562337 1.860626 1.333067 0.942377 0.657337 0.452431 0.307276 0.205934 0.136196 0.088888 0.057251 0.036391 0.022829 0.014134 0.008637 0.005209 0.003101 0.001822 0.001057 0.000605 0.000342 0.000191 0.000105 0.000056 0.000028 0.000012 0.000000 
0.000000 0.000007 0.000018 0.000035 0.000066 0.000122 0.000221 0.000397 0.000702 0.001226 0.002112 0.003594 0.006036 0.010006 0.016371 0.026436 0.042133 0.066274 0.102879 0.157606 0.238270 0.355469 0.523310 0.760205 1.089699 1.541255 2.150923 2.961745 4.023769 5.393514 7.132716 9.306229 11.978981 15.211971 19.057370 23.552944 28.716096 34.538001 40.978365 47.961434 55.373842 63.064857 70.849400 78.513999 85.825590 92.542733 98.428568 103.264557 106.863917 109.083590 109.833700 109.083590 106.863917 103.264557 98.428568 92.542733 85.825590 78.513999 70.849400 63.064857 55.373842 47.961434 40.978365 34.538001 28.716096 23.552944 19.057370 15.211971 11.978981 9.306229 7.132716 5.393514 4.023769 2.961745 2.150923 1.541255 1.089699 0.760205 0.523310 0.355469 0.238270 0.157606 0.102879 0.066274 0.042133 0.026436 0.016371 0.010006 0.006036 0.003594 0.002112 0.001226 0.000702 0.000397 0.000221 0.000121 0.000065 0.000033 0.000014 0.000000 
0.000000 0.000008 0.000020 0.000040 0.000076 0.000139 0.000253 0.000454 0.000803 0.001401 0.002415 0.004107 0.006897 0.011430 0.018698 0.030190 0.048108 0.075659 0.117430 0.179870 0.271889 0.405566 0.596980 0.867111 1.242781 1.757556 2.452496 3.376618 4.586909 6.147716 8.129313 10.605512 13.650195 17.332755 21.712526 26.832424 32.712182 39.341673 46.674951 54.625712 63.064857 71.820776 80.682785 89.407909 97.730897 105.376984 112.076635 117.581175 121.678067 124.204538 125.058321 124.204538 121.678067 117.581175 112.076635 105.376984 97.730897 89.407909 80.682785 71.820776 63.064857 54.625712 46.674951 39.341673 32.712182 26.832424 21.712526 17.332755 13.650195 10.605512 8.129313 6.147716 4.586909 3.376618 2.452496 1.757556 1.242781 0.867111 0.596980 0.405566 0.271889 0.179870 0.117430 0.075659 0.048108 0.030190 0.018698 0.011430 0.006897 0.004107 0.002415 0.001401 0.000803 0.000454 0.000253 0.000139 0.000074 0.000038 0.000016 0.000000 
0.000000 0.000009 0.000023 0.000045 0.000085 0.000157 0.000286 0.000512 0.000905 0.001579 0.002721 0.004628 0.007770 0.012876 0.021061 0.033999 0.054169 0.085180 0.132188 0.202449 0.305978 0.456359 0.671664 0.975472 1.397930 1.976752 2.758071 3.796950 5.157400 6.911687 9.138724 11.921384 15.342603 19.480263 24.400933 30.152738 36.757756 44.204533 52.441394 61.371357 70.849400 80.682785 90.634924 100.433000 109.779202 118.365062 125.887998 132.068853 136.669049 139.505873 140.464531 139.505873 136.669049 132.068853 125.887998 118.365062 109.779202 100.433000 90.634924 80.682785 70.849400 61.371357 52.441394 44.204533 36.757756 30.152738 24.400933 19.480263 15.342603 11.921384 9.138724 6.911687 5.157400 3.796950 2.758071 1.976752 1.397930 0.975472 0.671664 0.456359 0.305978 0.202449 0.132188 0.085180 0.054169 0.033999 0.021061 0.012876 0.007770 0.004628 0.002721 0.001579 0.000905 0.000512 0.000285 0.000157 0.000084 0.000043 0.000018 0.000000 
