0.000000 0.000000 0.000000 0.000000 0.000000 0.000000 0.000000 0.000000 0.000000 0.000000 0.000000 0.000000 0.000000 0.000000 0.000000 0.000000 0.000000 0.000000 0.000000 0.000000 0.000000 0.000000 0.000000 0.000000 0.000000 0.000000 0.000000 0.000000 0.000000 0.000000 0.000000 0.000000 0.000000 0.000000 0.000000 0.000000 0.000000 0.000000 0.000000 0.000000 0.000000 0.000000 0.000000 0.000000 0.000000 0.000000 0.000000 0.000000 0.000000 0.000000 0.000000 0.000000 0.000000 0.000000 0.000000 0.000000 0.000000 0.000000 0.000000 0.000000 0.000000 0.000000 0.000000 0.000000 0.000000 0.000000 0.000000 0.000000 0.000000 0.000000 0.000000 0.000000 0.000000 0.000000 0.000000 0.000000 0.000000 0.000000 0.000000 0.000000 0.000000 0.000000 0.000000 0.000000 0.000000 0.000000 0.000000 0.000000 0.000000 0.000000 0.000000 0.000000 0.000000 0.000000 0.000000 0.000000 0.000000 0.000000 0.000000 0.000000 
0.000000 0.000000 0.000000 0.000000 0.000000 0.000000 0.000000 0.000000 0.000000 0.000000 0.000000 0.000000 0.000000 0.000000 0.000000 0.000000 0.000000 0.000000 0.000000 0.000000 0.000000 0.000000 0.000000 0.000000 0.000000 0.000001 0.000001 0.000001 0.000001 0.000002 0.000002 0.000003 0.000004 0.000005 0.000006 0.000007 0.000009 0.000011 0.000013 0.000015 0.000017 0.000019 0.000022 0.000024 0.000026 0.000028 0.000030 0.000031 0.000033 0.000033 0.000033 0.000033 0.000033 0.000031 0.000030 0.000028 0.000026 0.000024 0.000022 0.000019 0.000017 0.000015 0.000013 0.000011 0.000009 0.000007 0.000006 0.000005 0.000004 0.000003 0.000002 0.000002 0.000001 0.000001 0.000001 0.000001 0.000000 0.000000 0.000000 0.000000 0.000000 0.000000 0.000000 0.000000 0.000000 0.000000 0.000000 0.000000 0.000000 0.000000 0.000000 0.000000 0.000000 0.000000 0.000000 0.000000 0.000000 0.000000 0.000000 0.000000 
0.000000 0.000000 0.000000 0.000000 0.000000 0.000000 0.000000 0.000000 0.000000 0.000000 0.000000 0.000000 0.000000 0.000000 0.000000 0.000000 0.000000 0.000000 0.000000 0.000000 0.000000 0.000000 0.000000 0.000001 0.000001 0.000001 0.000002 0.000002 0.000003 0.000004 0.000005 0.000007 0.000009 0.000011 0.000014 0.000018 0.000021 0.000026 0.000030 0.000035 0.000041 0.000046 0.000052 0.000057 0.000062 0.000067 0.000071 0.000075 0.000077 0.000079 0.000079 0.000079 0.000077 0.000075 0.000071 0.000067 0.000062 0.000057 0.000052 0.000046 0.000041 0.000035 0.000030 0.000026 0.000021 0.000018 0.000014 0.000011 0.000009 0.000007 0.000005 0.000004 0.000003 0.000002 0.000002 0.000001 0.000001 0.000001 0.000000 0.000000 0.000000 0.000000 0.000000 0.000000 0.000000 0.000000 0.000000 0.000000 0.000000 0.000000 0.000000 0.000000 0.000000 0.000000 0.000000 0.000000 0.000000 0.000000 0.000000 0.000000 
0.000000 0.000000 0.000000 0.000000 0.000000 0.000000 0.000000 0.000000 0.000000 0.000000 0.000000 0.000000 0.000000 0.000000 0.000000 0.000000 0.000000 0.000000 0.000000 0.000000 0.000000 0.000001 0.000001 0.000001 0.000002 0.000002 0.000003 0.000005 0.000006 0.000008 0.000011 0.000014 0.000018 0.000022 0.000028 0.000034 0.000041 0.000050 0.000059 0.000068 0.000078 0.000089 0.000100 0.000110 0.000120 0.000130 0.000138 0.000144 0.000149 0.000152 0.000153 0.000152 0.000149 0.000144 0.000138 0.000130 0.000120 0.000110 0.000100 0.000089 0.000078 0.000068 0.000059 0.000050 0.000041 0.000034 0.000028 0.000022 0.000018 0.000014 0.000011 0.000008 0.000006 0.000005 0.000003 0.000002 0.000002 0.000001 0.000001 0.000001 0.000000 0.000000 0.000000 0.000000 0.000000 0.000000 0.000000 0.000000 0.000000 0.000000 0.000000 0.000000 0.000000 0.000000 0.000000 0.000000 0.000000 0.000000 0.000000 0.000000 
0.000000 0.000000 0.000000 0.000000 0.000000 0.000000 0.000000 0.000000 0.000000 0.000000 0.000000 0.000000 0.000000 0.000000 0.000000 0.000000 0.000000 0.000000 0.000000 0.000000 0.000001 0.000001 0.000002 0.000002 0.000003 0.000004 0.000006 0.000008 0.000011 0.000015 0.000019 0.000025 0.000032 0.000041 0.000051 0.000062 0.000076 0.000091 0.000107 0.000125 0.000144 0.000163 0.000183 0.000202 0.000220 0.000237 0.000252 0.000264 0.000273 0.000278 0.000280 0.000278 0.000273 0.000264 0.000252 0.000237 0.000220 0.000202 0.000183 0.000163 0.000144 0.000125 0.000107 0.000091 0.000076 0.000062 0.000051 0.000041 0.000032 0.000025 0.000019 0.000015 0.000011 0.000008 0.000006 0.000004 0.000003 0.000002 0.000002 0.000001 0.000001 0.000000 0.000000 0.000000 0.000000 0.000000 0.000000 0.000000 0.000000 0.000000 0.000000 0.000000 0.000000 0.000000 0.000000 0.000000 0.000000 0.000000 0.000000 0.000000 
0.000000 0.000000 0.000000 0.000000 0.000000 0.000000 0.000000 0.000000 0.000000 0.000000 0.000000 0.000000 0.000000 0.000000 0.000000 0.000000 0.000000 0.000000 0.000001 0.000001 0.000001 0.000002 0.000003 0.000004 0.000006 0.000008 0.000011 0.000015 0.000020 0.000027 0.000035 0.000045 0.000058 0.000073 0.000091 0.000112 0.000135 0.000162 0.000191 0.000223 0.000257 0.000291 0.000326 0.000360 0.000393 0.000423 0.000449 0.000470 0.000486 0.000496 0.000500 0.000496 0.000486 0.000470 0.000449 0.000423 0.000393 0.000360 0.000326 0.000291 0.000257 0.000223 0.000191 0.000162 0.000135 0.000112 0.000091 0.000073 0.000058 0.000045 0.000035 0.000027 0.000020 0.000015 0.000011 0.000008 0.000006 0.000004 0.000003 0.000002 0.000001 0.000001 0.000001 0.000000 0.000000 0.000000 0.000000 0.000000 0.000000 0.000000 0.000000 0.000000 0.000000 0.000000 0.000000 0.000000 0.000000 0.000000 0.000000 0.000000 
0.000000 0.000000 0.000000 0.000000 0.000000 0.000000 0.000000 0.000000 0.000000 0.000000 0.000000 0.000000 0.000000 0.000000 0.000000 0.000000 0.000000 0.000001 0.000001 0.000002 0.000002 0.000003 0.000005 0.000007 0.000010 0.000014 0.000019 0.000026 0.000035 0.000047 0.000062 0.000080 0.000102 0.000129 0.000160 0.000197 0.000238 0.000285 0.000337 0.000392 0.000451 0.000512 0.000573 0.000634 0.000691 0.000743 0.000789 0.000827 0.000855 0.000872 0.000878 0.000872 0.000855 0.000827 0.000789 0.000743 0.000691 0.000634 0.000573 0.000512 0.000451 0.000392 0.000337 0.000285 0.000238 0.000197 0.000160 0.000129 0.000102 0.000080 0.000062 0.000047 0.000035 0.000026 0.000019 0.000014 0.000010 0.000007 0.000005 0.000003 0.000002 0.000002 0.000001 0.000001 0.000000 0.000000 0.000000 0.000000 0.000000 0.000000 0.000000 0.000000 0.000000 0.000000 0.000000 0.000000 0.000000 0.000000 0.000000 0.000000 
0.000000 0.000000 0.000000 0.000000 0.000000 0.000000 0.000000 0.000000 0.000000 0.000000 0.000000 0.000000 0.000000 0.000000 0.000000 0.000000 0.000001 0.000001 0.000002 0.000003 0.000004 0.000006 0.000008 0.000012 0.000017 0.000024 0.000033 0.000046 0.000062 0.000082 0.000107 0.000139 0.000177 0.000224 0.000278 0.000342 0.000414 0.000496 0.000585 0.000681 0.000783 0.000889 0.000995 0.001099 0.001199 0.001289 0.001369 0.001434 0.001483 0.001513 0.001523 0.001513 0.001483 0.001434 0.001369 0.001289 0.001199 0.001099 0.000995 0.000889 0.000783 0.000681 0.000585 0.000496 0.000414 0.000342 0.000278 0.000224 0.000177 0.000139 0.000107 0.000082 0.000062 0.000046 0.000033 0.000024 0.000017 0.000012 0.000008 0.000006 0.000004 0.000003 0.000002 0.000001 0.000001 0.000000 0.000000 0.000000 0.000000 0.000000 0.000000 0.000000 0.000000 0.000000 0.000000 0.000000 0.000000 0.000000 0.000000 0.000000 
0.000000 0.000000 0.000000 0.000000 0.000000 0.000000 0.000000 0.000000 0.000000 0.000000 0.000000 0.000000 0.000000 0.000000 0.000001 0.000001 0.000001 0.000002 0.000003 0.000005 0.000007 0.000010 0.000015 0.000021 0.000030 0.000042 0.000058 0.000079 0.000106 0.000141 0.000184 0.000239 0.000305 0.000384 0.000478 0.000587 0.000711 0.000850 0.001003 0.001169 0.001343 0.001524 0.001705 0.001884 0.002054 0.002209 0.002345 0.002457 0.002540 0.002591 0.002608 0.002591 0.002540 0.002457 0.002345 0.002209 0.002054 0.001884 0.001705 0.001524 0.001343 0.001169 0.001003 0.000850 0.000711 0.000587 0.000478 0.000384 0.000305 0.000239 0.000184 0.000141 0.000106 0.000079 0.000058 0.000042 0.000030 0.000021 0.000015 0.000010 0.000007 0.000005 0.000003 0.000002 0.000001 0.000001 0.000001 0.000000 0.000000 0.000000 0.000000 0.000000 0.000000 0.000000 0.000000 0.000000 0.000000 0.000000 0.000000 0.000000 
0.000000 0.000000 0.000000 0.000000 0.000000 0.000000 0.000000 0.000000 0.000000 0.000000 0.000000 0.000000 0.000000 0.000001 0.000001 0.000001 0.000002 0.000003 0.000005 0.000008 0.000012 0.000017 0.000025 0.000036 0.000051 0.000071 0.000098 0.000134 0.000180 0.000239 0.000313 0.000405 0.000517 0.000651 0.000810 0.000995 0.001205 0.001441 0.001700 0.001979 0.002275 0.002580 0.002887 0.003189 0.003476 0.003739 0.003969 0.004157 0.004297 0.004384 0.004413 0.004384 0.004297 0.004157 0.003969 0.003739 0.003476 0.003189 0.002887 0.002580 0.002275 0.001979 0.001700 0.001441 0.001205 0.000995 0.000810 0.000651 0.000517 0.000405 0.000313 0.000239 0.000180 0.000134 0.000098 0.000071 0.000051 0.000036 0.000025 0.000017 0.000012 0.000008 0.000005 0.000003 0.000002 0.000001 0.000001 0.000001 0.000000 0.000000 0.000000 0.000000 0.000000 0.000000 0.000000 0.000000 0.000000 0.000000 0.000000 0.000000 
0.000000 0.000000 0.000000 0.000000 0.000000 0.000000 0.000000 0.000000 0.000000 0.000000 0.000000 0.000000 0.000001 0.000001 0.000001 0.000002 0.000004 0.000006 0.000009 0.000013 0.000020 0.000029 0.000042 0.000060 0.000085 0.000119 0.000165 0.000224 0.000302 0.000401 0.000525 0.000679 0.000866 0.001091 0.001357 0.001665 0.002017 0.002411 0.002844 0.003311 0.003805 0.004314 0.004828 0.005332 0.005811 0.006250 0.006634 0.006948 0.007182 0.007326 0.007375 0.007326 0.007182 0.006948 0.006634 0.006250 0.005811 0.005332 0.004828 0.004314 0.003805 0.003311 0.002844 0.002411 0.002017 0.001665 0.001357 0.001091 0.000866 0.000679 0.000525 0.000401 0.000302 0.000224 0.000165 0.000119 0.000085 0.000060 0.000042 0.000029 0.000020 0.000013 0.000009 0.000006 0.000004 0.000002 0.000001 0.000001 0.000001 0.000000 0.000000 0.000000 0.000000 0.000000 0.000000 0.000000 0.000000 0.000000 0.000000 0.000000 
0.000000 0.000000 0.000000 0.000000 0.000000 0.000000 0.000000 0.000000 0.000000 0.000000 0.000000 0.000001 0.000001 0.000002 0.000002 0.000004 0.000006 0.000009 0.000014 0.000022 0.000033 0.000048 0.000070 0.000100 0.000142 0.000198 0.000273 0.000372 0.000500 0.000664 0.000869 0.001124 0.001434 0.001806 0.002245 0.002754 0.003335 0.003986 0.004701 0.005472 0.006287 0.007127 0.007975 0.008806 0.009596 0.010320 0.010953 0.011472 0.011858 0.012095 0.012176 0.012095 0.011858 0.011472 0.010953 0.010320 0.009596 0.008806 0.007975 0.007127 0.006287 0.005472 0.004701 0.003986 0.003335 0.002754 0.002245 0.001806 0.001434 0.001124 0.000869 0.000664 0.000500 0.000372 0.000273 0.000198 0.000142 0.000100 0.000070 0.000048 0.000033 0.000022 0.000014 0.000009 0.000006 0.000004 0.000002 0.000002 0.000001 0.000001 0.000000 0.000000 0.000000 0.000000 0.000000 0.000000 0.000000 0.000000 0.000000 0.000000 
0.000000 0.000000 0.000000 0.000000 0.000000 0.000000 0.000000 0.000000 0.000000 0.000000 0.000001 0.000001 0.000002 0.000003 0.000004 0.000006 0.000010 0.000016 0.000024 0.000036 0.000054 0.000079 0.000114 0.000164 0.000232 0.000324 0.000447 0.000609 0.000819 0.001086 0.001422 0.001838 0.002345 0.002952 0.003669 0.004500 0.005447 0.006509 0.007675 0.008932 0.010260 0.011630 0.013011 0.014366 0.015653 0.016832 0.017863 0.018709 0.019337 0.019724 0.019854 0.019724 0.019337 0.018709 0.017863 0.016832 0.015653 0.014366 0.013011 0.011630 0.010260 0.008932 0.007675 0.006509 0.005447 0.004500 0.003669 0.002952 0.002345 0.001838 0.001422 0.001086 0.000819 0.000609 0.000447 0.000324 0.000232 0.000164 0.000114 0.000079 0.000054 0.000036 0.000024 0.000016 0.000010 0.000006 0.000004 0.000003 0.000002 0.000001 0.000001 0.000000 0.000000 0.000000 0.000000 0.000000 0.000000 0.000000 0.000000 0.000000 
0.000000 0.000000 0.000000 0.000000 0.000000 0.000000 0.000000 0.000000 0.000000 0.000001 0.000001 0.000002 0.000003 0.000004 0.000007 0.000010 0.000016 0.000025 0.000039 0.000058 0.000087 0.000128 0.000185 0.000266 0.000376 0.000525 0.000724 0.000985 0.001324 0.001755 0.002298 0.002969 0.003786 0.004766 0.005921 0.007261 0.008788 0.010497 0.012376 0.014401 0.016538 0.018745 0.020968 0.023148 0.025220 0.027117 0.028776 0.030136 0.031146 0.031769 0.031979 0.031769 0.031146 0.030136 0.028776 0.027117 0.025220 0.023148 0.020968 0.018745 0.016538 0.014401 0.012376 0.010497 0.008788 0.007261 0.005921 0.004766 0.003786 0.002969 0.002298 0.001755 0.001324 0.000985 0.000724 0.000525 0.000376 0.000266 0.000185 0.000128 0.000087 0.000058 0.000039 0.000025 0.000016 0.000010 0.000007 0.000004 0.000003 0.000002 0.000001 0.000001 0.000000 0.000000 0.000000 0.000000 0.000000 0.000000 0.000000 0.000000 
0.000000 0.000000 0.000000 0.000000 0.000000 0.000000 0.000000 0.000000 0.000001 0.000001 0.000001 0.000002 0.000004 0.000007 0.000011 0.000017 0.000026 0.000041 0.000062 0.000093 0.000139 0.000205 0.000297 0.000425 0.000601 0.000840 0.001157 0.001574 0.002114 0.002802 0.003667 0.004736 0.006038 0.007599 0.009438 0.011571 0.014002 0.016722 0.019711 0.022932 0.026331 0.029840 0.033374 0.036839 0.040133 0.043149 0.045785 0.047946 0.049552 0.050542 0.050876 0.050542 0.049552 0.047946 0.045785 0.043149 0.040133 0.036839 0.033374 0.029840 0.026331 0.022932 0.019711 0.016722 0.014002 0.011571 0.009438 0.007599 0.006038 0.004736 0.003667 0.002802 0.002114 0.001574 0.001157 0.000840 0.000601 0.000425 0.000297 0.000205 0.000139 0.000093 0.000062 0.000041 0.000026 0.000017 0.000011 0.000007 0.000004 0.000002 0.000001 0.000001 0.000001 0.000000 0.000000 0.000000 0.000000 0.000000 0.000000 0.000000 
0.000000 0.000000 0.000000 0.000000 0.000000 0.000000 0.000000 0.000000 0.000001 0.000001 0.000002 0.000004 0.000006 0.000010 0.000017 0.000027 0.000042 0.000064 0.000098 0.000148 0.000220 0.000323 0.000469 0.000672 0.000950 0.001325 0.001826 0.002483 0.003334 0.004418 0.005779 0.007462 0.009511 0.011966 0.014859 0.018213 0.022033 0.026309 0.031006 0.036066 0.041406 0.046916 0.052466 0.057907 0.063078 0.067813 0.071951 0.075344 0.077864 0.079417 0.079942 0.079417 0.077864 0.075344 0.071951 0.067813 0.063078 0.057907 0.052466 0.046916 0.041406 0.036066 0.031006 0.026309 0.022033 0.018213 0.014859 0.011966 0.009511 0.007462 0.005779 0.004418 0.003334 0.002483 0.001826 0.001325 0.000950 0.000672 0.000469 0.000323 0.000220 0.000148 0.000098 0.000064 0.000042 0.000027 0.000017 0.000010 0.000006 0.000004 0.000002 0.000001 0.000001 0.000000 0.000000 0.000000 0.000000 0.000000 0.000000 0.000000 
0.000000 0.000000 0.000000 0.000000 0.000000 0.000000 0.000000 0.000001 0.000001 0.000002 0.000004 0.000006 0.000010 0.000016 0.000026 0.000042 0.000065 0.000101 0.000153 0.000231 0.000344 0.000505 0.000732 0.001048 0.001481 0.002066 0.002845 0.003868 0.005192 0.006878 0.008995 0.011611 0.014795 0.018609 0.023103 0.028311 0.034243 0.040880 0.048170 0.056021 0.064305 0.072853 0.081461 0.089900 0.097918 0.105260 0.111675 0.116935 0.120843 0.123250 0.124063 0.123250 0.120843 0.116935 0.111675 0.105260 0.097918 0.089900 0.081461 0.072853 0.064305 0.056021 0.048170 0.040880 0.034243 0.028311 0.023103 0.018609 0.014795 0.011611 0.008995 0.006878 0.005192 0.003868 0.002845 0.002066 0.001481 0.001048 0.000732 0.000505 0.000344 0.000231 0.000153 0.000101 0.000065 0.000042 0.000026 0.000016 0.000010 0.000006 0.000004 0.000002 0.000001 0.000001 0.000000 0.000000 0.000000 0.000000 0.000000 0.000000 
0.000000 0.000000 0.000000 0.000000 0.000000 0.000000 0.000001 0.000001 0.000002 0.000003 0.000006 0.000009 0.000016 0.000025 0.000041 0.000064 0.000101 0.000155 0.000237 0.000357 0.000531 0.000779 0.001129 0.001615 0.002281 0.003181 0.004379 0.005951 0.007985 0.010575 0.013826 0.017842 0.022730 0.028581 0.035475 0.043462 0.052558 0.062733 0.073907 0.085939 0.098632 0.111728 0.124915 0.137840 0.150120 0.161364 0.171188 0.179241 0.185225 0.188911 0.190156 0.188911 0.185225 0.179241 0.171188 0.161364 0.150120 0.137840 0.124915 0.111728 0.098632 0.085939 0.073907 0.062733 0.052558 0.043462 0.035475 0.028581 0.022730 0.017842 0.013826 0.010575 0.007985 0.005951 0.004379 0.003181 0.002281 0.001615 0.001129 0.000779 0.000531 0.000357 0.000237 0.000155 0.000101 0.000064 0.000041 0.000025 0.000016 0.000009 0.000006 0.000003 0.000002 0.000001 0.000001 0.000000 0.000000 0.000000 0.000000 0.000000 
0.000000 0.000000 0.000000 0.000000 0.000000 0.000001 0.000001 0.000002 0.000003 0.000005 0.000009 0.000014 0.000024 0.000039 0.000062 0.000098 0.000153 0.000237 0.000361 0.000544 0.000808 0.001186 0.001718 0.002457 0.003469 0.004836 0.006655 0.009042 0.012127 0.016056 0.020986 0.027076 0.034483 0.043351 0.053795 0.065893 0.079667 0.095073 0.111987 0.130199 0.149407 0.169222 0.189173 0.208725 0.227300 0.244306 0.259163 0.271342 0.280391 0.285965 0.287847 0.285965 0.280391 0.271342 0.259163 0.244306 0.227300 0.208725 0.189173 0.169222 0.149407 0.130199 0.111987 0.095073 0.079667 0.065893 0.053795 0.043351 0.034483 0.027076 0.020986 0.016056 0.012127 0.009042 0.006655 0.004836 0.003469 0.002457 0.001718 0.001186 0.000808 0.000544 0.000361 0.000237 0.000153 0.000098 0.000062 0.000039 0.000024 0.000014 0.000009 0.000005 0.000003 0.000002 0.000001 0.000001 0.000000 0.000000 0.000000 0.000000 
0.000000 0.000000 0.000000 0.000000 0.000000 0.000001 0.000002 0.000003 0.000005 0.000008 0.000013 0.000022 0.000036 0.000058 0.000093 0.000148 0.000231 0.000357 0.000544 0.000818 0.001215 0.001782 0.002581 0.003690 0.005209 0.007259 0.009987 0.013565 0.018188 0.024074 0.031457 0.040575 0.051663 0.064933 0.080559 0.098655 0.119254 0.142290 0.167577 0.194799 0.223507 0.253117 0.282926 0.312137 0.339886 0.365288 0.387480 0.405670 0.419184 0.427508 0.430319 0.427508 0.419184 0.405670 0.387480 0.365288 0.339886 0.312137 0.282926 0.253117 0.223507 0.194799 0.167577 0.142290 0.119254 0.098655 0.080559 0.064933 0.051663 0.040575 0.031457 0.024074 0.018188 0.013565 0.009987 0.007259 0.005209 0.003690 0.002581 0.001782 0.001215 0.000818 0.000544 0.000357 0.000231 0.000148 0.000093 0.000058 0.000036 0.000022 0.000013 0.000008 0.000005 0.000003 0.000002 0.000001 0.000000 0.000000 0.000000 0.000000 
0.000000 0.000000 0.000000 0.000000 0.000001 0.000001 0.000002 0.000004 0.000007 0.000012 0.000020 0.000033 0.000054 0.000087 0.000139 0.000220 0.000344 0.000531 0.000808 0.001215 0.001804 0.002646 0.003830 0.005474 0.007724 0.010761 0.014800 0.020095 0.026936 0.035644 0.046562 0.060044 0.076433 0.096044 0.119132 0.145863 0.176287 0.210302 0.247635 0.287820 0.330192 0.373889 0.417876 0.460975 0.501914 0.539387 0.572122 0.598952 0.618885 0.631163 0.635309 0.631163 0.618885 0.598952 0.572122 0.539387 0.501914 0.460975 0.417876 0.373889 0.330192 0.287820 0.247635 0.210302 0.176287 0.145863 0.119132 0.096044 0.076433 0.060044 0.046562 0.035644 0.026936 0.020095 0.014800 0.010761 0.007724 0.005474 0.003830 0.002646 0.001804 0.001215 0.000808 0.000531 0.000344 0.000220 0.000139 0.000087 0.000054 0.000033 0.000020 0.000012 0.000007 0.000004 0.000002 0.000001 0.000001 0.000000 0.000000 0.000000 
0.000000 0.000000 0.000000 0.000001 0.000001 0.000002 0.000003 0.000006 0.000010 0.000017 0.000029 0.000048 0.000079 0.000128 0.000205 0.000323 0.000505 0.000779 0.001186 0.001782 0.002646 0.003878 0.005611 0.008017 0.011309 0.015750 0.021655 0.029395 0.039391 0.052111 0.068056 0.087740 0.111664 0.140284 0.173970 0.212965 0.257338 0.306940 0.361372 0.419953 0.481714 0.545398 0.609498 0.672297 0.731943 0.786536 0.834223 0.873307 0.902342 0.920226 0.926265 0.920226 0.902342 0.873307 0.834223 0.786536 0.731943 0.672297 0.609498 0.545398 0.481714 0.419953 0.361372 0.306940 0.257338 0.212965 0.173970 0.140284 0.111664 0.087740 0.068056 0.052111 0.039391 0.029395 0.021655 0.015750 0.011309 0.008017 0.005611 0.003878 0.002646 0.001782 0.001186 0.000779 0.000505 0.000323 0.000205 0.000128 0.000079 0.000048 0.000029 0.000017 0.000010 0.000006 0.000003 0.000002 0.000001 0.000001 0.000000 0.000000 
0.000000 0.000000 0.000000 0.000001 0.000002 0.000003 0.000005 0.000008 0.000015 0.000025 0.000042 0.000070 0.000114 0.000185 0.000297 0.000469 0.000732 0.001129 0.001718 0.002581 0.003830 0.005611 0.008117 0.011594 0.016349 0.022762 0.031287 0.042458 0.056881 0.075229 0.098223 0.126602 0.161087 0.202331 0.250867 0.307041 0.370950 0.442379 0.520751 0.605084 0.693982 0.785639 0.877884 0.968247 1.054067 1.132610 1.201214 1.257438 1.299206 1.324930 1.333618 1.324930 1.299206 1.257438 1.201214 1.132610 1.054067 0.968247 0.877884 0.785639 0.693982 0.605084 0.520751 0.442379 0.370950 0.307041 0.250867 0.202331 0.161087 0.126602 0.098223 0.075229 0.056881 0.042458 0.031287 0.022762 0.016349 0.011594 0.008117 0.005611 0.003830 0.002581 0.001718 0.001129 0.000732 0.000469 0.000297 0.000185 0.000114 0.000070 0.000042 0.000025 0.000015 0.000008 0.000005 0.000003 0.000002 0.000001 0.000000 0.000000 
0.000000 0.000000 0.000001 0.000001 0.000002 0.000004 0.000007 0.000012 0.000021 0.000036 0.000060 0.000100 0.000164 0.000266 0.000425 0.000672 0.001048 0.001615 0.002457 0.003690 0.005474 0.008017 0.011594 0.016554 0.023337 0.032481 0.044633 0.060552 0.081100 0.107235 0.139979 0.180381 0.229464 0.288157 0.357212 0.437119 0.528014 0.629588 0.741017 0.860906 0.987268 1.117537 1.248626 1.377030 1.498968 1.610559 1.708023 1.787896 1.847229 1.883771 1.896112 1.883771 1.847229 1.787896 1.708023 1.610559 1.498968 1.377030 1.248626 1.117537 0.987268 0.860906 0.741017 0.629588 0.528014 0.437119 0.357212 0.288157 0.229464 0.180381 0.139979 0.107235 0.081100 0.060552 0.044633 0.032481 0.023337 0.016554 0.011594 0.008017 0.005474 0.003690 0.002457 0.001615 0.001048 0.000672 0.000425 0.000266 0.000164 0.000100 0.000060 0.000036 0.000021 0.000012 0.000007 0.000004 0.000002 0.000001 0.000000 0.000000 
0.000000 0.000000 0.000001 0.000002 0.000003 0.000006 0.000010 0.000017 0.000030 0.000051 0.000085 0.000142 0.000232 0.000376 0.000601 0.000950 0.001481 0.002281 0.003469 0.005209 0.007724 0.011309 0.016349 0.023337 0.032889 0.045763 0.062867 0.085267 0.114174 0.150930 0.196970 0.253766 0.322751 0.405225 0.502242 0.614485 0.742139 0.884770 1.041217 1.209518 1.386884 1.569713 1.753675 1.933853 2.104944 2.261505 2.398241 2.510291 2.593524 2.644785 2.662097 2.644785 2.593524 2.510291 2.398241 2.261505 2.104944 1.933853 1.753675 1.569713 1.386884 1.209518 1.041217 0.884770 0.742139 0.614485 0.502242 0.405225 0.322751 0.253766 0.196970 0.150930 0.114174 0.085267 0.062867 0.045763 0.032889 0.023337 0.016349 0.011309 0.007724 0.005209 0.003469 0.002281 0.001481 0.000950 0.000601 0.000376 0.000232 0.000142 0.000085 0.000051 0.000030 0.000017 0.000010 0.000006 0.000003 0.000002 0.000001 0.000000 
0.000000 0.000001 0.000001 0.000002 0.000004 0.000008 0.000014 0.000024 0.000042 0.000071 0.000119 0.000198 0.000324 0.000525 0.000840 0.001325 0.002066 0.003181 0.004836 0.007259 0.010761 0.015750 0.022762 0.032481 0.045763 0.063659 0.087430 0.118550 0.158702 0.209745 0.273665 0.352502 0.448238 0.562672 0.697259 0.852942 1.029973 1.227743 1.444638 1.677938 1.923775 2.177156 2.432082 2.681743 2.918795 3.135701 3.325129 3.480353 3.595652 3.666660 3.690641 3.666660 3.595652 3.480353 3.325129 3.135701 2.918795 2.681743 2.432082 2.177156 1.923775 1.677938 1.444638 1.227743 1.029973 0.852942 0.697259 0.562672 0.448238 0.352502 0.273665 0.209745 0.158702 0.118550 0.087430 0.063659 0.045763 0.032481 0.022762 0.015750 0.010761 0.007259 0.004836 0.003181 0.002066 0.001325 0.000840 0.000525 0.000324 0.000198 0.000119 0.000071 0.000042 0.000024 0.000014 0.000008 0.000004 0.000002 0.000001 0.000000 
0.000000 0.000001 0.000002 0.000003 0.000006 0.000011 0.000019 0.000033 0.000058 0.000098 0.000165 0.000273 0.000447 0.000724 0.001157 0.001826 0.002845 0.004379 0.006655 0.009987 0.014800 0.021655 0.031287 0.044633 0.062867 0.087430 0.120046 0.162737 0.217804 0.287791 0.375416 0.483467 0.614654 0.771432 0.955789 1.169008 1.411425 1.682202 1.979125 2.298466 2.634927 2.981678 3.330512 3.672112 3.996434 4.293177 4.552314 4.764651 4.922368 5.019498 5.052300 5.019498 4.922368 4.764651 4.552314 4.293177 3.996434 3.672112 3.330512 2.981678 2.634927 2.298466 1.979125 1.682202 1.411425 1.169008 0.955789 0.771432 0.614654 0.483467 0.375416 0.287791 0.217804 0.162737 0.120046 0.087430 0.062867 0.044633 0.031287 0.021655 0.014800 0.009987 0.006655 0.004379 0.002845 0.001826 0.001157 0.000724 0.000447 0.000273 0.000165 0.000098 0.000058 0.000033 0.000019 0.000011 0.000006 0.000003 0.000001 0.000000 
0.000000 0.000001 0.000002 0.000005 0.000008 0.000015 0.000026 0.000046 0.000079 0.000134 0.000224 0.000372 0.000609 0.000985 0.001574 0.002483 0.003868 0.005951 0.009042 0.013565 0.020095 0.029395 0.042458 0.060552 0.085267 0.118550 0.162737 0.220558 0.295124 0.389873 0.508477 0.654696 0.832192 1.044275 1.293623 1.581960 1.909735 2.275803 2.677165 3.108780 3.563485 4.032048 4.503382 4.964906 5.403056 5.803923 6.153971 6.440789 6.653822 6.785015 6.829320 6.785015 6.653822 6.440789 6.153971 5.803923 5.403056 4.964906 4.503382 4.032048 3.563485 3.108780 2.677165 2.275803 1.909735 1.581960 1.293623 1.044275 0.832192 0.654696 0.508477 0.389873 0.295124 0.220558 0.162737 0.118550 0.085267 0.060552 0.042458 0.029395 0.020095 0.013565 0.009042 0.005951 0.003868 0.002483 0.001574 0.000985 0.000609 0.000372 0.000224 0.000134 0.000079 0.000046 0.000026 0.000015 0.000008 0.000004 0.000002 0.000000 
0.000000 0.000001 0.000003 0.000006 0.000011 0.000020 0.000035 0.000062 0.000106 0.000180 0.000302 0.000500 0.000819 0.001324 0.002114 0.003334 0.005192 0.007985 0.012127 0.018188 0.026936 0.039391 0.056881 0.081100 0.114174 0.158702 0.217804 0.295124 0.394815 0.521462 0.679963 0.875333 1.112448 1.395721 1.728712 2.113713 2.551309 3.039964 3.575665 4.151679 4.758442 5.383639 6.012480 6.628184 7.212666 7.747383 8.214289 8.596842 8.880974 9.055950 9.115039 9.055950 8.880974 8.596842 8.214289 7.747383 7.212666 6.628184 6.012480 5.383639 4.758442 4.151679 3.575665 3.039964 2.551309 2.113713 1.728712 1.395721 1.112448 0.875333 0.679963 0.521462 0.394815 0.295124 0.217804 0.158702 0.114174 0.081100 0.056881 0.039391 0.026936 0.018188 0.012127 0.007985 0.005192 0.003334 0.002114 0.001324 0.000819 0.000500 0.000302 0.000180 0.000106 0.000061 0.000035 0.000020 0.000011 0.000006 0.000002 0.000000 
0.000000 0.000002 0.000004 0.000008 0.000015 0.000027 0.000047 0.000082 0.000141 0.000239 0.000401 0.000664 0.001086 0.001755 0.002802 0.004418 0.006878 0.010575 0.016056 0.024074 0.035644 0.052111 0.075229 0.107235 0.150930 0.209745 0.287791 0.389873 0.521462 0.688600 0.897734 1.155469 1.468222 1.841792 2.280862 2.788437 3.365272 4.009328 4.715310 5.474335 6.273797 7.097472 7.925879 8.736921 9.506786 10.211063 10.825997 11.329817 11.704008 11.934438 12.012254 11.934438 11.704008 11.329817 10.825997 10.211063 9.506786 8.736921 7.925879 7.097472 6.273797 5.474335 4.715310 4.009328 3.365272 2.788437 2.280862 1.841792 1.468222 1.155469 0.897734 0.688600 0.521462 0.389873 0.287791 0.209745 0.150930 0.107235 0.075229 0.052111 0.035644 0.024074 0.016056 0.010575 0.006878 0.004418 0.002802 0.001755 0.001086 0.000664 0.000401 0.000239 0.000141 0.000082 0.000047 0.000026 0.000015 0.000008 0.000003 0.000000 
0.000000 0.000002 0.000005 0.000011 0.000019 0.000035 0.000062 0.000107 0.000184 0.000313 0.000525 0.000869 0.001422 0.002298 0.003667 0.005779 0.008995 0.013826 0.020986 0.031457 0.046562 0.068056 0.098223 0.139979 0.196970 0.273665 0.375416 0.508477 0.679963 0.897734 1.170176 1.505871 1.913158 2.399571 2.971183 3.631886 4.382647 5.220795 6.139426 7.126972 8.167032 9.238497 10.316032 11.370906 12.372163 13.288069 14.087751 14.742914 15.229494 15.529131 15.630317 15.529131 15.229494 14.742914 14.087751 13.288069 12.372163 11.370906 10.316032 9.238497 8.167032 7.126972 6.139426 5.220795 4.382647 3.631886 2.971183 2.399571 1.913158 1.505871 1.170176 0.897734 0.679963 0.508477 0.375416 0.273665 0.196970 0.139979 0.098223 0.068056 0.046562 0.031457 0.020986 0.013826 0.008995 0.005779 0.003667 0.002298 0.001422 0.000869 0.000525 0.000313 0.000184 0.000107 0.000062 0.000035 0.000019 0.000010 0.000004 0.000000 
0.000000 0.000003 0.000007 0.000014 0.000025 0.000045 0.000080 0.000139 0.000239 0.000405 0.000679 0.001124 0.001838 0.002969 0.004736 0.007462 0.011611 0.017842 0.027076 0.040575 0.060044 0.087740 0.126602 0.180381 0.253766 0.352502 0.483467 0.654696 0.875333 1.155469 1.505871 1.937556 2.461221 3.086526 3.821256 4.670389 5.635142 6.712066 7.892272 9.160891 10.496846 11.873027 13.256901 14.611580 15.897330 17.073418 18.100224 18.941436 19.566177 19.950887 20.080800 19.950887 19.566177 18.941436 18.100224 17.073418 15.897330 14.611580 13.256901 11.873027 10.496846 9.160891 7.892272 6.712066 5.635142 4.670389 3.821256 3.086526 2.461221 1.937556 1.505871 1.155469 0.875333 0.654696 0.483467 0.352502 0.253766 0.180381 0.126602 0.087740 0.060044 0.040575 0.027076 0.017842 0.011611 0.007462 0.004736 0.002969 0.001838 0.001124 0.000679 0.000405 0.000238 0.000139 0.000080 0.000045 0.000025 0.000013 0.000005 0.000000 
0.000000 0.000004 0.000009 0.000018 0.000032 0.000058 0.000102 0.000177 0.000305 0.000517 0.000866 0.001434 0.002345 0.003786 0.006038 0.009511 0.014795 0.022730 0.034483 0.051663 0.076433 0.111664 0.161087 0.229464 0.322751 0.448238 0.614654 0.832192 1.112448 1.468222 1.913158 2.461221 3.125960 3.919611 4.852019 5.929474 7.153494 8.519678 10.016732 11.625783 13.320092 15.065279 16.820095 18.537784 20.167981 21.659068 22.960839 24.027282 24.819275 25.306970 25.471660 25.306970 24.819275 24.027282 22.960839 21.659068 20.167981 18.537784 16.820095 15.065279 13.320092 11.625783 10.016732 8.519678 7.153494 5.929474 4.852019 3.919611 3.125960 2.461221 1.913158 1.468222 1.112448 0.832192 0.614654 0.448238 0.322751 0.229464 0.161087 0.111664 0.076433 0.051663 0.034483 0.022730 0.014795 0.009511 0.006038 0.003786 0.002345 0.001434 0.000866 0.000517 0.000305 0.000177 0.000102 0.000058 0.000032 0.000017 0.000007 0.000000 
0.000000 0.000005 0.000011 0.000022 0.000041 0.000073 0.000129 0.000224 0.000384 0.000651 0.001091 0.001806 0.002952 0.004766 0.007599 0.011966 0.018609 0.028581 0.043351 0.064933 0.096044 0.140284 0.202331 0.288157 0.405225 0.562672 0.771432 1.044275 1.395721 1.841792 2.399571 3.086526 3.919611 4.914118 6.082353 7.432158 8.965404 10.676550 12.551429 14.566388 16.687939 18.873034 21.070038 23.220429 25.261182 27.127707 28.757186 30.092057 31.083375 31.693802 31.899935 31.693802 31.083375 30.092057 28.757186 27.127707 25.261182 23.220429 21.070038 18.873034 16.687939 14.566388 12.551429 10.676550 8.965404 7.432158 6.082353 4.914118 3.919611 3.086526 2.399571 1.841792 1.395721 1.044275 0.771432 0.562672 0.405225 0.288157 0.202331 0.140284 0.096044 0.064933 0.043351 0.028581 0.018609 0.011966 0.007599 0.004766 0.002952 0.001806 0.001091 0.000651 0.000384 0.000224 0.000128 0.000073 0.000040 0.000021 0.000009 0.000000 
0.000000 0.000006 0.000014 0.000028 0.000051 0.000091 0.000160 0.000278 0.000478 0.000810 0.001357 0.002245 0.003669 0.005921 0.009438 0.014859 0.023103 0.035475 0.053795 0.080559 0.119132 0.173970 0.250867 0.357212 0.502242 0.697259 0.955789 1.293623 1.728712 2.280862 2.971183 3.821256 4.852019 6.082353 7.527437 9.196932 11.093112 13.209095 15.527336 18.018571 20.641390 23.342576 26.058310 28.716276 31.238599 33.545484 35.559327 37.209021 38.434112 39.188479 39.443216 39.188479 38.434112 37.209021 35.559327 33.545484 31.238599 28.716276 26.058310 23.342576 20.641390 18.018571 15.527336 13.209095 11.093112 9.196932 7.527437 6.082353 4.852019 3.821256 2.971183 2.280862 1.728712 1.293623 0.955789 0.697259 0.502242 0.357212 0.250867 0.173970 0.119132 0.080559 0.053795 0.035475 0.023103 0.014859 0.009438 0.005921 0.003669 0.002245 0.001357 0.000810 0.000478 0.000278 0.000160 0.000090 0.000050 0.000026 0.000011 0.000000 
0.000000 0.000007 0.000018 0.000034 0.000062 0.000112 0.000197 0.000342 0.000587 0.000995 0.001665 0.002754 0.004500 0.007261 0.011571 0.018213 0.028311 0.043462 0.065893 0.098655 0.145863 0.212965 0.307041 0.437119 0.614485 0.852942 1.169008 1.581960 2.113713 2.788437 3.631886 4.670389 5.929474 7.432158 9.196932 11.235545 13.550734 16.134056 18.964063 22.005012 25.206346 28.503113 31.817439 35.061091 38.139068 40.954033 43.411335 45.424246 46.919040 47.839467 48.150278 47.839467 46.919040 45.424246 43.411335 40.954033 38.139068 35.061091 31.817439 28.503113 25.206346 22.005012 18.964063 16.134056 13.550734 11.235545 9.196932 7.432158 5.929474 4.670389 3.631886 2.788437 2.113713 1.581960 1.169008 0.852942 0.614485 0.437119 0.307041 0.212965 0.145863 0.098655 0.065893 0.043462 0.028311 0.018213 0.011571 0.007261 0.004500 0.002754 0.001665 0.000994 0.000587 0.000342 0.000196 0.000111 0.000061 0.000032 0.000014 0.000000 
0.000000 0.000009 0.000021 0.000041 0.000076 0.000135 0.000238 0.000414 0.000711 0.001205 0.002017 0.003335 0.005447 0.008788 0.014002 0.022033 0.034243 0.052558 0.079667 0.119254 0.176287 0.257338 0.370950 0.528014 0.742139 1.029973 1.411425 1.909735 2.551309 3.365272 4.382647 5.635142 7.153494 8.965404 11.093112 13.550734 16.341517 19.455245 22.866031 26.530776 30.388542 34.361063 38.354518 42.262624 45.970955 49.362285 52.322626 54.747546 56.548264 57.657051 58.031466 57.657051 56.548264 54.747546 52.322626 49.362285 45.970955 42.262624 38.354518 34.361063 30.388542 26.530776 22.866031 19.455245 16.341517 13.550734 11.093112 8.965404 7.153494 5.635142 4.382647 3.365272 2.551309 1.909735 1.411425 1.029973 0.742139 0.528014 0.370950 0.257338 0.176287 0.119254 0.079667 0.052558 0.034243 0.022033 0.014002 0.008788 0.005447 0.003335 0.002017 0.001205 0.000711 0.000414 0.000238 0.000135 0.000074 0.000039 0.000016 0.000000 
0.000000 0.000011 0.000026 0.000050 0.000091 0.000162 0.000285 0.000496 0.000850 0.001441 0.002411 0.003986 0.006509 0.010497 0.016722 0.026309 0.040880 0.062733 0.095073 0.142290 0.210302 0.306940 0.442379 0.629588 0.884770 1.227743 1.682202 2.275803 3.039964 4.009328 5.220795 6.712066 8.519678 10.676550 13.209095 16.134056 19.455245 23.160456 27.218849 31.579117 36.168749 40.894631 45.645171 50.293965 54.704942 58.738713 62.259750 65.143887 67.285577 68.604303 69.049607 68.604303 67.285577 65.143887 62.259750 58.738713 54.704942 50.293965 45.645171 40.894631 36.168749 31.579117 27.218849 23.160456 19.455245 16.134056 13.209095 10.676550 8.519678 6.712066 5.220795 4.009328 3.039964 2.275803 1.682202 1.227743 0.884770 0.629588 0.442379 0.306940 0.210302 0.142290 0.095073 0.062733 0.040880 0.026309 0.016722 0.010497 0.006509 0.003986 0.002411 0.001440 0.000850 0.000495 0.000285 0.000161 0.000089 0.000046 0.000020 0.000000 
0.000000 0.000013 0.000030 0.000059 0.000107 0.000191 0.000337 0.000585 0.001003 0.001700 0.002844 0.004701 0.007675 0.012376 0.019711 0.031006 0.048170 0.073907 0.111987 0.167577 0.247635 0.361372 0.520751 0.741017 1.041217 1.444638 1.979125 2.677165 3.575665 4.715310 6.139426 7.892272 10.016732 12.551429 15.527336 18.964063 22.866031 27.218849 31.986248 37.107930 42.498710 48.049228 53.628434 59.087914 64.267910 69.004785 73.139442 76.526133 79.040967 80.589435 81.112315 80.589435 79.040967 76.526133 73.139442 69.004785 64.267910 59.087914 53.628434 48.049228 42.498710 37.107930 31.986248 27.218849 22.866031 18.964063 15.527336 12.551429 10.016732 7.892272 6.139426 4.715310 3.575665 2.677165 1.979125 1.444638 1.041217 0.741017 0.520751 0.361372 0.247635 0.167577 0.111987 0.073907 0.048170 0.031006 0.019711 0.012376 0.007675 0.004701 0.002844 0.001700 0.001003 0.000585 0.000336 0.000190 0.000105 0.000055 0.000023 0.000000 
0.000000 0.000015 0.000035 0.000068 0.000125 0.000223 0.000392 0.000681 0.001169 0.001979 0.003311 0.005472 0.008932 0.014401 0.022932 0.036066 0.056021 0.085939 0.130199 0.194799 0.287820 0.419953 0.605084 0.860906 1.209518 1.677938 2.298466 3.108780 4.151679 5.474335 7.126972 9.160891 11.625783 14.566388 18.018571 22.005012 26.530776 31.579117 37.107930 43.047259 49.298306 55.734264 62.203200 68.533066 74.538683 80.030389 84.823794 88.749987 91.665392 93.460489 94.066646 93.460489 91.665392 88.749987 84.823794 80.030389 74.538683 68.533066 62.203200 55.734264 49.298306 43.047259 37.107930 31.579117 26.530776 22.005012 18.018571 14.566388 11.625783 9.160891 7.126972 5.474335 4.151679 3.108780 2.298466 1.677938 1.209518 0.860906 0.605084 0.419953 0.287820 0.194799 0.130199 0.085939 0.056021 0.036066 0.022932 0.014401 0.008932 0.005472 0.003311 0.001979 0.001168 0.000681 0.000392 0.000222 0.000123 0.000064 0.000027 0.000000 
0.000000 0.000017 0.000041 0.000078 0.000144 0.000257 0.000451 0.000783 0.001343 0.002275 0.003805 0.006287 0.010260 0.016538 0.026331 0.041406 0.064305 0.098632 0.149407 0.223507 0.330192 0.481714 0.693982 0.987268 1.386884 1.923775 2.634927 3.563485 4.758442 6.273797 8.167032 10.496846 13.320092 16.687939 20.641390 25.206346 30.388542 36.168749 42.498710 49.298306 56.454416 63.821876 71.226787 78.472245 85.346336 91.632028 97.118337 101.611993 104.948724 107.003224 107.696972 107.003224 104.948724 101.611993 97.118337 91.632028 85.346336 78.472245 71.226787 63.821876 56.454416 49.298306 42.498710 36.168749 30.388542 25.206346 20.641390 16.687939 13.320092 10.496846 8.167032 6.273797 4.758442 3.563485 2.634927 1.923775 1.386884 0.987268 0.693982 0.481714 0.330192 0.223507 0.149407 0.098632 0.064305 0.041406 0.026331 0.016538 0.010260 0.006287 0.003805 0.002275 0.001343 0.000783 0.000451 0.000255 0.000141 0.000074 0.000031 0.000000 
0.000000 0.000019 0.000046 0.000089 0.000163 0.000291 0.000512 0.000889 0.001524 0.002580 0.004314 0.007127 0.011630 0.018745 0.029840 0.046916 0.072853 0.111728 0.169222 0.253117 0.373889 0.545398 0.785639 1.117537 1.569713 2.177156 2.981678 4.032048 5.383639 7.097472 9.238497 11.873027 15.065279 18.873034 23.342576 28.503113 34.361063 40.894631 48.049228 55.734264 63.821876 72.148010 80.516162 88.703850 96.471656 103.574390 109.773705 114.851280 118.621549 120.942969 121.726846 120.942969 118.621549 114.851280 109.773705 103.574390 96.471656 88.703850 80.516162 72.148010 63.821876 55.734264 48.049228 40.894631 34.361063 28.503113 23.342576 18.873034 15.065279 11.873027 9.238497 7.097472 5.383639 4.032048 2.981678 2.177156 1.569713 1.117537 0.785639 0.545398 0.373889 0.253117 0.169222 0.111728 0.072853 0.046916 0.029840 0.018745 0.011630 0.007127 0.004314 0.002580 0.001523 0.000888 0.000511 0.000290 0.000160 0.000083 0.000036 0.000000 
0.000000 0.000022 0.000052 0.000100 0.000183 0.000326 0.000573 0.000995 0.001705 0.002887 0.004828 0.007975 0.013011 0.020968 0.033374 0.052466 0.081461 0.124915 0.189173 0.282926 0.417876 0.609498 0.877884 1.248626 1.753675 2.432082 3.330512 4.503382 6.012480 7.925879 10.316032 13.256901 16.820095 21.070038 26.058310 31.817439 38.354518 45.645171 53.628434 62.203200 71.226787 80.516162 89.852107 98.986452 107.652146 115.575717 122.491340 128.155525 132.361327 134.950892 135.825311 134.950892 132.361327 128.155525 122.491340 115.575717 107.652146 98.986452 89.852107 80.516162 71.226787 62.203200 53.628434 45.645171 38.354518 31.817439 26.058310 21.070038 16.820095 13.256901 10.316032 7.925879 6.012480 4.503382 3.330512 2.432082 1.753675 1.248626 0.877884 0.609498 0.417876 0.282926 0.189173 0.124915 0.081461 0.052466 0.033374 0.020968 0.013011 0.007975 0.004828 0.002887 0.001705 0.000995 0.000573 0.000324 0.000179 0.000094 0.000040 0.000000 
