0.000000 0.000000 0.000000 0.000000 0.000000 0.000000 0.000000 0.000000 0.000000 0.000000 0.000000 0.000000 0.000000 0.000000 0.000000 0.000000 0.000000 0.000000 0.000000 0.000000 0.000000 0.000000 0.000000 0.000000 0.000000 0.000000 0.000000 0.000000 0.000000 0.000000 0.000000 0.000000 0.000000 0.000000 0.000000 0.000000 0.000000 0.000000 0.000000 0.000000 0.000000 0.000000 0.000000 0.000000 0.000000 0.000000 0.000000 0.000000 0.000000 0.000000 0.000000 0.000000 0.000000 0.000000 0.000000 0.000000 0.000000 0.000000 0.000000 0.000000 0.000000 0.000000 0.000000 0.000000 0.000000 0.000000 0.000000 0.000000 0.000000 0.000000 0.000000 0.000000 0.000000 0.000000 0.000000 0.000000 0.000000 0.000000 0.000000 0.000000 0.000000 0.000000 0.000000 0.000000 0.000000 0.000000 0.000000 0.000000 0.000000 0.000000 0.000000 0.000000 0.000000 0.000000 0.000000 0.000000 0.000000 0.000000 0.000000 0.000000 
0.000000 0.000000 0.000000 0.000000 0.000000 0.000000 0.000000 0.000000 0.000001 0.000001 0.000002 0.000002 0.000003 0.000004 0.000006 0.000008 0.000011 0.000015 0.000020 0.000027 0.000035 0.000046 0.000059 0.000076 0.000097 0.000122 0.000152 0.000188 0.000230 0.000279 0.000336 0.000401 0.000474 0.000555 0.000644 0.000741 0.000844 0.000954 0.001068 0.001185 0.001303 0.001420 0.001533 0.001641 0.001740 0.001829 0.001905 0.001966 0.002011 0.002039 0.002048 0.002039 0.002011 0.001966 0.001905 0.001829 0.001740 0.001641 0.001533 0.001420 0.001303 0.001185 0.001068 0.000954 0.000844 0.000741 0.000644 0.000555 0.000474 0.000401 0.000336 0.000279 0.000230 0.000188 0.000152 0.000122 0.000097 0.000076 0.000059 0.000046 0.000035 0.000027 0.000020 0.000015 0.000011 0.000008 0.000006 0.000004 0.000003 0.000002 0.000002 0.000001 0.000001 0.000000 0.000000 0.000000 0.000000 0.000000 0.000000 0.000000 
0.000000 0.000000 0.000000 0.000000 0.000000 0.000000 0.000001 0.000001 0.000002 0.000002 0.000003 0.000005 0.000007 0.000009 0.000013 0.000018 0.000024 0.000033 0.000044 0.000058 0.000077 0.000100 0.000129 0.000165 0.000210 0.000264 0.000329 0.000407 0.000499 0.000606 0.000729 0.000869 0.001027 0.001203 0.001396 0.001606 0.001830 0.002068 0.002315 0.002569 0.002825 0.003078 0.003324 0.003557 0.003772 0.003965 0.004129 0.004262 0.004359 0.004419 0.004439 0.004419 0.004359 0.004262 0.004129 0.003965 0.003772 0.003557 0.003324 0.003078 0.002825 0.002569 0.002315 0.002068 0.001830 0.001606 0.001396 0.001203 0.001027 0.000869 0.000729 0.000606 0.000499 0.000407 0.000329 0.000264 0.000210 0.000165 0.000129 0.000100 0.000077 0.000058 0.000044 0.000033 0.000024 0.000018 0.000013 0.000009 0.000007 0.000005 0.000003 0.000002 0.000002 0.000001 0.000001 0.000000 0.000000 0.000000 0.000000 0.000000 
0.000000 0.000000 0.000000 0.000000 0.000001 0.000001 0.000001 0.000002 0.000003 0.000004 0.000006 0.000008 0.000011 0.000016 0.000022 0.000030 0.000041 0.000056 0.000075 0.000099 0.000131 0.000170 0.000220 0.000282 0.000358 0.000451 0.000562 0.000694 0.000851 0.001033 0.001242 0.001481 0.001750 0.002050 0.002379 0.002736 0.003119 0.003524 0.003945 0.004377 0.004812 0.005243 0.005662 0.006059 0.006426 0.006753 0.007034 0.007260 0.007426 0.007527 0.007561 0.007527 0.007426 0.007260 0.007034 0.006753 0.006426 0.006059 0.005662 0.005243 0.004812 0.004377 0.003945 0.003524 0.003119 0.002736 0.002379 0.002050 0.001750 0.001481 0.001242 0.001033 0.000851 0.000694 0.000562 0.000451 0.000358 0.000282 0.000220 0.000170 0.000131 0.000099 0.000075 0.000056 0.000041 0.000030 0.000022 0.000016 0.000011 0.000008 0.000006 0.000004 0.000003 0.000002 0.000001 0.000001 0.000001 0.000000 0.000000 0.000000 
0.000000 0.000000 0.000000 0.000001 0.000001 0.000001 0.000002 0.000003 0.000004 0.000006 0.000009 0.000013 0.000018 0.000025 0.000035 0.000048 0.000065 0.000088 0.000118 0.000157 0.000206 0.000269 0.000347 0.000444 0.000564 0.000710 0.000885 0.001094 0.001340 0.001626 0.001956 0.002332 0.002756 0.003227 0.003745 0.004307 0.004909 0.005545 0.006208 0.006887 0.007572 0.008250 0.008908 0.009533 0.010109 0.010624 0.011065 0.011420 0.011681 0.011841 0.011894 0.011841 0.011681 0.011420 0.011065 0.010624 0.010109 0.009533 0.008908 0.008250 0.007572 0.006887 0.006208 0.005545 0.004909 0.004307 0.003745 0.003227 0.002756 0.002332 0.001956 0.001626 0.001340 0.001094 0.000885 0.000710 0.000564 0.000444 0.000347 0.000269 0.000206 0.000157 0.000118 0.000088 0.000065 0.000048 0.000035 0.000025 0.000018 0.000013 0.000009 0.000006 0.000004 0.000003 0.000002 0.000001 0.000001 0.000000 0.000000 0.000000 
0.000000 0.000000 0.000000 0.000001 0.000001 0.000002 0.000003 0.000004 0.000007 0.000009 0.000014 0.000019 0.000027 0.000038 0.000053 0.000073 0.000099 0.000134 0.000180 0.000238 0.000314 0.000409 0.000528 0.000676 0.000859 0.001080 0.001347 0.001664 0.002037 0.002473 0.002974 0.003546 0.004189 0.004905 0.005692 0.006546 0.007460 0.008427 0.009433 0.010464 0.011504 0.012534 0.013533 0.014481 0.015357 0.016138 0.016808 0.017347 0.017743 0.017985 0.018067 0.017985 0.017743 0.017347 0.016808 0.016138 0.015357 0.014481 0.013533 0.012534 0.011504 0.010464 0.009433 0.008427 0.007460 0.006546 0.005692 0.004905 0.004189 0.003546 0.002974 0.002473 0.002037 0.001664 0.001347 0.001080 0.000859 0.000676 0.000528 0.000409 0.000314 0.000238 0.000180 0.000134 0.000099 0.000073 0.000053 0.000038 0.000027 0.000019 0.000014 0.000009 0.000007 0.000004 0.000003 0.000002 0.000001 0.000001 0.000000 0.000000 
0.000000 0.000000 0.000001 0.000001 0.000002 0.000003 0.000005 0.000007 0.000010 0.000014 0.000020 0.000029 0.000041 0.000057 0.000079 0.000109 0.000149 0.000201 0.000269 0.000356 0.000469 0.000611 0.000789 0.001010 0.001282 0.001612 0.002010 0.002483 0.003040 0.003690 0.004438 0.005289 0.006248 0.007316 0.008488 0.009761 0.011124 0.012563 0.014062 0.015598 0.017148 0.018682 0.020171 0.021583 0.022886 0.024050 0.025047 0.025851 0.026440 0.026801 0.026922 0.026801 0.026440 0.025851 0.025047 0.024050 0.022886 0.021583 0.020171 0.018682 0.017148 0.015598 0.014062 0.012563 0.011124 0.009761 0.008488 0.007316 0.006248 0.005289 0.004438 0.003690 0.003040 0.002483 0.002010 0.001612 0.001282 0.001010 0.000789 0.000611 0.000469 0.000356 0.000269 0.000201 0.000149 0.000109 0.000079 0.000057 0.000041 0.000029 0.000020 0.000014 0.000010 0.000007 0.000004 0.000003 0.000002 0.000001 0.000001 0.000000 
0.000000 0.000000 0.000001 0.000002 0.000003 0.000004 0.000007 0.000010 0.000014 0.000021 0.000030 0.000043 0.000060 0.000084 0.000117 0.000161 0.000219 0.000296 0.000396 0.000526 0.000691 0.000901 0.001163 0.001489 0.001889 0.002376 0.002961 0.003658 0.004479 0.005434 0.006535 0.007789 0.009200 0.010770 0.012496 0.014368 0.016372 0.018490 0.020694 0.022954 0.025232 0.027488 0.029677 0.031753 0.033669 0.035381 0.036846 0.038028 0.038895 0.039424 0.039603 0.039424 0.038895 0.038028 0.036846 0.035381 0.033669 0.031753 0.029677 0.027488 0.025232 0.022954 0.020694 0.018490 0.016372 0.014368 0.012496 0.010770 0.009200 0.007789 0.006535 0.005434 0.004479 0.003658 0.002961 0.002376 0.001889 0.001489 0.001163 0.000901 0.000691 0.000526 0.000396 0.000296 0.000219 0.000161 0.000117 0.000084 0.000060 0.000043 0.000030 0.000021 0.000014 0.000010 0.000007 0.000004 0.000003 0.000002 0.000001 0.000000 
0.000000 0.000001 0.000002 0.000003 0.000004 0.000007 0.000010 0.000014 0.000021 0.000031 0.000044 0.000063 0.000088 0.000123 0.000171 0.000235 0.000320 0.000432 0.000578 0.000767 0.001009 0.001314 0.001697 0.002172 0.002756 0.003465 0.004318 0.005334 0.006529 0.007921 0.009525 0.011351 0.013406 0.015692 0.018204 0.020930 0.023848 0.026930 0.030138 0.033427 0.036743 0.040025 0.043211 0.046231 0.049020 0.051510 0.053642 0.055361 0.056622 0.057393 0.057652 0.057393 0.056622 0.055361 0.053642 0.051510 0.049020 0.046231 0.043211 0.040025 0.036743 0.033427 0.030138 0.026930 0.023848 0.020930 0.018204 0.015692 0.013406 0.011351 0.009525 0.007921 0.006529 0.005334 0.004318 0.003465 0.002756 0.002172 0.001697 0.001314 0.001009 0.000767 0.000578 0.000432 0.000320 0.000235 0.000171 0.000123 0.000088 0.000063 0.000044 0.000031 0.000021 0.000014 0.000010 0.000006 0.000004 0.000002 0.000001 0.000000 
0.000000 0.000001 0.000002 0.000004 0.000006 0.000009 0.000014 0.000021 0.000031 0.000044 0.000064 0.000091 0.000128 0.000179 0.000248 0.000340 0.000463 0.000625 0.000837 0.001110 0.001458 0.001900 0.002453 0.003139 0.003982 0.005006 0.006238 0.007704 0.009429 0.011438 0.013752 0.016387 0.019352 0.022650 0.026273 0.030203 0.034412 0.038856 0.043482 0.048224 0.053004 0.057737 0.062328 0.066683 0.070702 0.074292 0.077365 0.079842 0.081660 0.082771 0.083144 0.082771 0.081660 0.079842 0.077365 0.074292 0.070702 0.066683 0.062328 0.057737 0.053004 0.048224 0.043482 0.038856 0.034412 0.030203 0.026273 0.022650 0.019352 0.016387 0.013752 0.011438 0.009429 0.007704 0.006238 0.005006 0.003982 0.003139 0.002453 0.001900 0.001458 0.001110 0.000837 0.000625 0.000463 0.000340 0.000248 0.000179 0.000128 0.000091 0.000064 0.000044 0.000031 0.000021 0.000014 0.000009 0.000006 0.000003 0.000002 0.000000 
0.000000 0.000002 0.000003 0.000006 0.000009 0.000014 0.000020 0.000030 0.000044 0.000064 0.000091 0.000130 0.000183 0.000256 0.000355 0.000488 0.000664 0.000897 0.001199 0.001590 0.002090 0.002722 0.003514 0.004496 0.005703 0.007168 0.008930 0.011027 0.013495 0.016369 0.019678 0.023445 0.027684 0.032399 0.037578 0.043197 0.049212 0.055563 0.062174 0.068950 0.075780 0.082541 0.089102 0.095322 0.101064 0.106193 0.110582 0.114121 0.116718 0.118304 0.118838 0.118304 0.116718 0.114121 0.110582 0.106193 0.101064 0.095322 0.089102 0.082541 0.075780 0.068950 0.062174 0.055563 0.049212 0.043197 0.037578 0.032399 0.027684 0.023445 0.019678 0.016369 0.013495 0.011027 0.008930 0.007168 0.005703 0.004496 0.003514 0.002722 0.002090 0.001590 0.001199 0.000897 0.000664 0.000488 0.000355 0.000256 0.000183 0.000130 0.000091 0.000064 0.000044 0.000030 0.000020 0.000013 0.000008 0.000005 0.000002 0.000000 
0.000000 0.000002 0.000005 0.000008 0.000013 0.000019 0.000029 0.000043 0.000063 0.000091 0.000130 0.000185 0.000261 0.000365 0.000505 0.000694 0.000944 0.001274 0.001704 0.002259 0.002968 0.003865 0.004989 0.006383 0.008094 0.010173 0.012672 0.015646 0.019145 0.023219 0.027910 0.033249 0.039257 0.045938 0.053277 0.061237 0.069759 0.078757 0.088121 0.097718 0.107392 0.116968 0.126259 0.135068 0.143199 0.150461 0.156675 0.161686 0.165364 0.167610 0.168365 0.167610 0.165364 0.161686 0.156675 0.150461 0.143199 0.135068 0.126259 0.116968 0.107392 0.097718 0.088121 0.078757 0.069759 0.061237 0.053277 0.045938 0.039257 0.033249 0.027910 0.023219 0.019145 0.015646 0.012672 0.010173 0.008094 0.006383 0.004989 0.003865 0.002968 0.002259 0.001704 0.001274 0.000944 0.000694 0.000505 0.000365 0.000261 0.000185 0.000130 0.000091 0.000062 0.000043 0.000029 0.000019 0.000012 0.000007 0.000003 0.000000 
0.000000 0.000003 0.000007 0.000011 0.000018 0.000027 0.000041 0.000060 0.000088 0.000128 0.000183 0.000261 0.000368 0.000514 0.000712 0.000977 0.001330 0.001795 0.002400 0.003180 0.004178 0.005441 0.007022 0.008982 0.011388 0.014311 0.017825 0.022005 0.026923 0.032648 0.039239 0.046741 0.055182 0.064568 0.074876 0.086056 0.098024 0.110660 0.123809 0.137284 0.150866 0.164310 0.177353 0.189720 0.201134 0.211328 0.220051 0.227085 0.232246 0.235399 0.236460 0.235399 0.232246 0.227085 0.220051 0.211328 0.201134 0.189720 0.177353 0.164310 0.150866 0.137284 0.123809 0.110660 0.098024 0.086056 0.074876 0.064568 0.055182 0.046741 0.039239 0.032648 0.026923 0.022005 0.017825 0.014311 0.011388 0.008982 0.007022 0.005441 0.004178 0.003180 0.002400 0.001795 0.001330 0.000977 0.000712 0.000514 0.000368 0.000261 0.000183 0.000128 0.000088 0.000060 0.000041 0.000027 0.000017 0.000010 0.000005 0.000000 
0.000000 0.000004 0.000009 0.000016 0.000025 0.000038 0.000057 0.000084 0.000123 0.000179 0.000256 0.000365 0.000514 0.000718 0.000994 0.001365 0.001858 0.002506 0.003350 0.004439 0.005831 0.007591 0.009796 0.012529 0.015883 0.019957 0.024854 0.030678 0.037531 0.045507 0.054688 0.065137 0.076893 0.089962 0.104316 0.119883 0.136544 0.154134 0.172439 0.191195 0.210099 0.228811 0.246962 0.264172 0.280056 0.294241 0.306380 0.316167 0.323349 0.327737 0.329212 0.327737 0.323349 0.316167 0.306380 0.294241 0.280056 0.264172 0.246962 0.228811 0.210099 0.191195 0.172439 0.154134 0.136544 0.119883 0.104316 0.089962 0.076893 0.065137 0.054688 0.045507 0.037531 0.030678 0.024854 0.019957 0.015883 0.012529 0.009796 0.007591 0.005831 0.004439 0.003350 0.002506 0.001858 0.001365 0.000994 0.000718 0.000514 0.000365 0.000256 0.000179 0.000123 0.000084 0.000057 0.000037 0.000024 0.000014 0.000007 0.000000 
0.000000 0.000006 0.000013 0.000022 0.000035 0.000053 0.000079 0.000117 0.000171 0.000248 0.000355 0.000505 0.000712 0.000994 0.001377 0.001890 0.002571 0.003468 0.004635 0.006142 0.008066 0.010500 0.013547 0.017325 0.021960 0.027589 0.034354 0.042398 0.051863 0.062878 0.075556 0.089984 0.106213 0.124255 0.144069 0.165554 0.188549 0.212824 0.238083 0.263964 0.290048 0.315864 0.340907 0.364650 0.386563 0.406131 0.422876 0.436377 0.446284 0.452336 0.454371 0.452336 0.446284 0.436377 0.422876 0.406131 0.386563 0.364650 0.340907 0.315864 0.290048 0.263964 0.238083 0.212824 0.188549 0.165554 0.144069 0.124255 0.106213 0.089984 0.075556 0.062878 0.051863 0.042398 0.034354 0.027589 0.021960 0.017325 0.013547 0.010500 0.008066 0.006142 0.004635 0.003468 0.002571 0.001890 0.001377 0.000994 0.000712 0.000505 0.000355 0.000248 0.000171 0.000117 0.000079 0.000052 0.000033 0.000020 0.000009 0.000000 
0.000000 0.000008 0.000018 0.000030 0.000048 0.000073 0.000109 0.000161 0.000235 0.000340 0.000488 0.000694 0.000977 0.001365 0.001890 0.002594 0.003528 0.004757 0.006358 0.008423 0.011060 0.014395 0.018571 0.023746 0.030095 0.037805 0.047069 0.058085 0.071044 0.086124 0.103478 0.123225 0.145437 0.170128 0.197239 0.226637 0.258097 0.291307 0.325861 0.361264 0.396941 0.432252 0.466503 0.498975 0.528942 0.555702 0.578602 0.597064 0.610611 0.618887 0.621670 0.618887 0.610611 0.597064 0.578602 0.555702 0.528942 0.498975 0.466503 0.432252 0.396941 0.361264 0.325861 0.291307 0.258097 0.226637 0.197239 0.170128 0.145437 0.123225 0.103478 0.086124 0.071044 0.058085 0.047069 0.037805 0.030095 0.023746 0.018571 0.014395 0.011060 0.008423 0.006358 0.004757 0.003528 0.002594 0.001890 0.001365 0.000977 0.000694 0.000488 0.000340 0.000235 0.000160 0.000108 0.000071 0.000046 0.000027 0.000012 0.000000 
0.000000 0.000011 0.000024 0.000041 0.000065 0.000099 0.000149 0.000219 0.000320 0.000463 0.000664 0.000944 0.001330 0.001858 0.002571 0.003528 0.004799 0.006469 0.008645 0.011451 0.015034 0.019564 0.025235 0.032264 0.040885 0.051352 0.063929 0.078882 0.096471 0.116935 0.140484 0.167277 0.197413 0.230907 0.267683 0.307557 0.350227 0.395265 0.442123 0.490130 0.538507 0.586384 0.632822 0.676846 0.717474 0.753752 0.784796 0.809824 0.828189 0.839408 0.843181 0.839408 0.828189 0.809824 0.784796 0.753752 0.717474 0.676846 0.632822 0.586384 0.538507 0.490130 0.442123 0.395265 0.350227 0.307557 0.267683 0.230907 0.197413 0.167277 0.140484 0.116935 0.096471 0.078882 0.063929 0.051352 0.040885 0.032264 0.025235 0.019564 0.015034 0.011451 0.008645 0.006469 0.004799 0.003528 0.002571 0.001858 0.001330 0.000944 0.000664 0.000463 0.000320 0.000218 0.000147 0.000097 0.000062 0.000037 0.000017 0.000000 
0.000000 0.000015 0.000033 0.000056 0.000088 0.000134 0.000201 0.000296 0.000432 0.000625 0.000897 0.001274 0.001795 0.002506 0.003468 0.004757 0.006469 0.008720 0.011651 0.015430 0.020256 0.026356 0.033992 0.043453 0.055058 0.069145 0.086070 0.106190 0.129853 0.157384 0.189060 0.225098 0.265627 0.310669 0.360122 0.413735 0.471103 0.531653 0.594645 0.659177 0.724204 0.788555 0.850971 0.910140 0.964741 1.013496 1.055216 1.088850 1.113530 1.128605 1.133676 1.128605 1.113530 1.088850 1.055216 1.013496 0.964741 0.910140 0.850971 0.788555 0.724204 0.659177 0.594645 0.531653 0.471103 0.413735 0.360122 0.310669 0.265627 0.225098 0.189060 0.157384 0.129853 0.106190 0.086070 0.069145 0.055058 0.043453 0.033992 0.026356 0.020256 0.015430 0.011651 0.008720 0.006469 0.004757 0.003468 0.002506 0.001794 0.001274 0.000896 0.000625 0.000432 0.000295 0.000199 0.000132 0.000084 0.000049 0.000023 0.000000 
0.000000 0.000020 0.000044 0.000075 0.000118 0.000180 0.000269 0.000396 0.000578 0.000837 0.001199 0.001704 0.002400 0.003350 0.004635 0.006358 0.008645 0.011651 0.015565 0.020611 0.027052 0.035195 0.045385 0.058011 0.073494 0.092289 0.114866 0.141702 0.173262 0.209974 0.252212 0.300261 0.354293 0.414338 0.480257 0.551717 0.628176 0.708871 0.792815 0.878808 0.965455 1.051198 1.134359 1.213190 1.285934 1.350887 1.406467 1.451274 1.484151 1.504234 1.510989 1.504234 1.484151 1.451274 1.406467 1.350887 1.285934 1.213190 1.134359 1.051198 0.965455 0.878808 0.792815 0.708871 0.628176 0.551717 0.480257 0.414338 0.354293 0.300261 0.252212 0.209974 0.173262 0.141702 0.114866 0.092289 0.073494 0.058011 0.045385 0.035195 0.027052 0.020611 0.015565 0.011651 0.008645 0.006358 0.004635 0.003350 0.002400 0.001704 0.001199 0.000836 0.000578 0.000395 0.000266 0.000176 0.000112 0.000066 0.000031 0.000000 
0.000000 0.000027 0.000058 0.000099 0.000157 0.000238 0.000356 0.000526 0.000767 0.001110 0.001590 0.002259 0.003180 0.004439 0.006142 0.008423 0.011451 0.015430 0.020611 0.027288 0.035812 0.046586 0.060067 0.076767 0.097246 0.122101 0.151954 0.187436 0.229159 0.277690 0.333519 0.397024 0.468431 0.547777 0.634879 0.729297 0.830313 0.936918 1.047810 1.161402 1.275852 1.389104 1.498941 1.603055 1.699127 1.784908 1.858308 1.917480 1.960897 1.987418 1.996338 1.987418 1.960897 1.917480 1.858308 1.784908 1.699127 1.603055 1.498941 1.389104 1.275852 1.161402 1.047810 0.936918 0.830313 0.729297 0.634879 0.547777 0.468431 0.397024 0.333519 0.277690 0.229159 0.187436 0.151954 0.122101 0.097246 0.076767 0.060067 0.046586 0.035812 0.027288 0.020611 0.015430 0.011451 0.008423 0.006142 0.004439 0.003180 0.002259 0.001590 0.001109 0.000766 0.000524 0.000353 0.000234 0.000149 0.000088 0.000041 0.000000 
0.000000 0.000035 0.000077 0.000131 0.000206 0.000314 0.000469 0.000691 0.001009 0.001458 0.002090 0.002968 0.004178 0.005831 0.008066 0.011060 0.015034 0.020256 0.027052 0.035812 0.046993 0.061122 0.078801 0.100698 0.127546 0.160127 0.199258 0.245760 0.300437 0.364030 0.437180 0.520380 0.613924 0.717862 0.831951 0.955613 1.087910 1.227518 1.372731 1.521473 1.671332 1.819615 1.963421 2.099731 2.225507 2.337808 2.433897 2.511359 2.568196 2.602915 2.614592 2.602915 2.568196 2.511359 2.433897 2.337808 2.225507 2.099731 1.963421 1.819615 1.671332 1.521473 1.372731 1.227518 1.087910 0.955613 0.831951 0.717862 0.613924 0.520380 0.437180 0.364030 0.300437 0.245760 0.199258 0.160127 0.127546 0.100698 0.078801 0.061122 0.046993 0.035812 0.027052 0.020256 0.015034 0.011060 0.008066 0.005831 0.004178 0.002968 0.002089 0.001457 0.001007 0.000689 0.000465 0.000308 0.000196 0.000116 0.000054 0.000000 
0.000000 0.000046 0.000100 0.000170 0.000269 0.000409 0.000611 0.000901 0.001314 0.001900 0.002722 0.003865 0.005441 0.007591 0.010500 0.014395 0.019564 0.026356 0.035195 0.046586 0.061122 0.079490 0.102469 0.130928 0.165818 0.208155 0.258996 0.319410 0.390436 0.473037 0.568044 0.676093 0.797568 0.932530 1.080662 1.241214 1.412965 1.594198 1.782697 1.975767 2.170278 2.362736 2.549376 2.726281 2.889511 3.035249 3.159947 3.260469 3.334225 3.379279 3.394431 3.379279 3.334225 3.260469 3.159947 3.035249 2.889511 2.726281 2.549376 2.362736 2.170278 1.975767 1.782697 1.594198 1.412965 1.241214 1.080662 0.932530 0.797568 0.676093 0.568044 0.473037 0.390436 0.319410 0.258996 0.208155 0.165818 0.130928 0.102469 0.079490 0.061122 0.046586 0.035195 0.026356 0.019564 0.014395 0.010500 0.007591 0.005440 0.003865 0.002721 0.001899 0.001312 0.000897 0.000606 0.000401 0.000256 0.000151 0.000070 0.000000 
0.000000 0.000059 0.000129 0.000220 0.000347 0.000528 0.000789 0.001163 0.001697 0.002453 0.003514 0.004989 0.007022 0.009796 0.013547 0.018571 0.025235 0.033992 0.045385 0.060067 0.078801 0.102469 0.132076 0.168739 0.213683 0.268213 0.333690 0.411489 0.502946 0.609298 0.731612 0.870707 1.027073 1.200788 1.391441 1.598066 1.819090 2.052304 2.294856 2.543277 2.793541 3.041154 3.281274 3.508862 3.718851 3.906332 4.066743 4.196054 4.290932 4.348886 4.368378 4.348886 4.290932 4.196054 4.066743 3.906332 3.718851 3.508862 3.281274 3.041154 2.793541 2.543277 2.294856 2.052304 1.819090 1.598066 1.391441 1.200788 1.027073 0.870707 0.731612 0.609298 0.502946 0.411489 0.333690 0.268213 0.213683 0.168739 0.132076 0.102469 0.078801 0.060067 0.045385 0.033992 0.025235 0.018571 0.013547 0.009796 0.007021 0.004989 0.003513 0.002452 0.001695 0.001159 0.000782 0.000518 0.000331 0.000195 0.000090 0.000000 
0.000000 0.000076 0.000165 0.000282 0.000444 0.000676 0.001010 0.001489 0.002172 0.003139 0.004496 0.006383 0.008982 0.012529 0.017325 0.023746 0.032264 0.043453 0.058011 0.076767 0.100698 0.130928 0.168739 0.215558 0.272944 0.342563 0.426152 0.525460 0.642192 0.777925 0.934016 1.111510 1.311027 1.532665 1.775899 2.039494 2.321442 2.618923 2.928300 3.245149 3.564335 3.880128 4.186353 4.476588 4.744372 4.983448 5.188000 5.352891 5.473874 5.547773 5.572628 5.547773 5.473874 5.352891 5.188000 4.983448 4.744372 4.476588 4.186353 3.880128 3.564335 3.245149 2.928300 2.618923 2.321442 2.039494 1.775899 1.532665 1.311027 1.111510 0.934016 0.777925 0.642192 0.525460 0.426152 0.342563 0.272944 0.215558 0.168739 0.130928 0.100698 0.076767 0.058011 0.043453 0.032264 0.023746 0.017324 0.012529 0.008982 0.006382 0.004495 0.003138 0.002169 0.001484 0.001002 0.000663 0.000424 0.000250 0.000116 0.000000 
0.000000 0.000097 0.000210 0.000358 0.000564 0.000859 0.001282 0.001889 0.002756 0.003982 0.005703 0.008094 0.011388 0.015883 0.021960 0.030095 0.040885 0.055058 0.073494 0.097246 0.127546 0.165818 0.213683 0.272944 0.345573 0.433677 0.539449 0.665102 0.812789 0.984500 1.181951 1.406459 1.658807 1.939114 2.246714 2.580043 2.936561 3.312701 3.703863 4.104454 4.507984 4.907209 5.294327 5.661218 5.999721 6.301927 6.560489 6.768914 6.921836 7.015245 7.046661 7.015245 6.921836 6.768914 6.560489 6.301927 5.999721 5.661218 5.294327 4.907209 4.507984 4.104454 3.703863 3.312701 2.936561 2.580043 2.246714 1.939114 1.658807 1.406459 1.181951 0.984500 0.812789 0.665102 0.539449 0.433677 0.345573 0.272944 0.213683 0.165818 0.127546 0.097246 0.073494 0.055058 0.040885 0.030095 0.021959 0.015883 0.011388 0.008093 0.005701 0.003980 0.002752 0.001883 0.001271 0.000842 0.000538 0.000317 0.000147 0.000000 
0.000000 0.000122 0.000264 0.000451 0.000710 0.001080 0.001612 0.002376 0.003465 0.005006 0.007168 0.010173 0.014311 0.019957 0.027589 0.037805 0.051352 0.069145 0.092289 0.122101 0.160127 0.208155 0.268213 0.342563 0.433677 0.544195 0.676862 0.834453 1.019662 1.234983 1.482563 1.764048 2.080418 2.431818 2.817409 3.235229 3.682092 4.153526 4.643765 5.145800 5.651499 6.151784 6.636882 7.096621 7.520776 7.899443 8.223417 8.484567 8.676171 8.793207 8.832569 8.793207 8.676171 8.484567 8.223417 7.899443 7.520776 7.096621 6.636882 6.151784 5.651499 5.145800 4.643765 4.153526 3.682092 3.235229 2.817409 2.431818 2.080418 1.764048 1.482563 1.234983 1.019662 0.834453 0.676862 0.544195 0.433677 0.342563 0.268213 0.208155 0.160127 0.122101 0.092289 0.069145 0.051352 0.037805 0.027588 0.019957 0.014311 0.010172 0.007166 0.005003 0.003460 0.002368 0.001599 0.001059 0.000677 0.000399 0.000185 0.000000 
0.000000 0.000152 0.000329 0.000562 0.000885 0.001347 0.002010 0.002961 0.004318 0.006238 0.008930 0.012672 0.017825 0.024854 0.034354 0.047069 0.063929 0.086070 0.114866 0.151954 0.199258 0.258996 0.333690 0.426152 0.539449 0.676862 0.841802 1.037711 1.267937 1.535572 1.843283 2.193110 2.586264 3.022925 3.502044 4.021182 4.576377 5.162071 5.771100 6.394759 7.022945 7.644385 8.246941 8.817982 9.344812 9.815132 10.217515 10.541865 10.779836 10.925192 10.974079 10.925192 10.779836 10.541865 10.217515 9.815132 9.344812 8.817982 8.246941 7.644385 7.022945 6.394759 5.771100 5.162071 4.576377 4.021182 3.502044 3.022925 2.586264 2.193110 1.843283 1.535572 1.267937 1.037711 0.841802 0.676862 0.539449 0.426152 0.333690 0.258996 0.199258 0.151954 0.114866 0.086070 0.063929 0.047069 0.034353 0.024854 0.017824 0.012671 0.008928 0.006234 0.004312 0.002951 0.001993 0.001320 0.000844 0.000497 0.000230 0.000000 
0.000000 0.000188 0.000407 0.000694 0.001094 0.001664 0.002483 0.003658 0.005334 0.007704 0.011027 0.015646 0.022005 0.030678 0.042398 0.058085 0.078882 0.106190 0.141702 0.187436 0.245760 0.319410 0.411489 0.525460 0.665102 0.834453 1.037711 1.279116 1.562783 1.892522 2.271608 2.702551 3.186838 3.724684 4.314795 4.954161 5.637901 6.359169 7.109141 7.877098 8.650602 9.415774 10.157672 10.860749 11.509378 12.088421 12.583814 12.983130 13.276101 13.455051 13.515236 13.455051 13.276101 12.983130 12.583814 12.088421 11.509378 10.860749 10.157672 9.415774 8.650602 7.877098 7.109141 6.359169 5.637901 4.954161 4.314795 3.724684 3.186838 2.702551 2.271608 1.892522 1.562783 1.279116 1.037711 0.834453 0.665102 0.525460 0.411489 0.319410 0.245760 0.187436 0.141702 0.106190 0.078882 0.058085 0.042398 0.030678 0.022004 0.015644 0.011024 0.007699 0.005326 0.003645 0.002462 0.001631 0.001043 0.000615 0.000284 0.000000 
0.000000 0.000230 0.000499 0.000851 0.001340 0.002037 0.003040 0.004479 0.006529 0.009429 0.013495 0.019145 0.026923 0.037531 0.051863 0.071044 0.096471 0.129853 0.173262 0.229159 0.300437 0.390436 0.502946 0.642192 0.812789 1.019662 1.267937 1.562783 1.909225 2.311904 2.774816 3.301020 3.892324 4.548985 5.269418 6.049945 6.884603 7.765033 8.680465 9.617813 10.561900 11.495788 12.401244 13.259299 14.050886 14.757538 15.362095 15.849399 16.206920 16.425297 16.498742 16.425297 16.206920 15.849399 15.362095 14.757538 14.050886 13.259299 12.401244 11.495788 10.561900 9.617813 8.680465 7.765033 6.884603 6.049945 5.269418 4.548985 3.892324 3.301020 2.774816 2.311904 1.909225 1.562783 1.267937 1.019662 0.812789 0.642192 0.502946 0.390436 0.300437 0.229159 0.173261 0.129853 0.096470 0.071044 0.051863 0.037530 0.026922 0.019143 0.013492 0.009423 0.006519 0.004463 0.003015 0.001998 0.001277 0.000753 0.000348 0.000000 
0.000000 0.000279 0.000606 0.001033 0.001626 0.002473 0.003690 0.005434 0.007921 0.011438 0.016369 0.023219 0.032648 0.045507 0.062878 0.086124 0.116935 0.157384 0.209974 0.277690 0.364030 0.473037 0.609298 0.777925 0.984500 1.234983 1.535572 1.892522 2.311904 2.799332 3.359635 3.996506 4.712129 5.506807 6.378616 7.323099 8.333039 9.398319 10.505905 11.639968 12.782145 13.911950 15.007329 16.045338 17.002920 17.857740 18.589048 19.178512 19.610981 19.875135 19.963976 19.875135 19.610981 19.178512 18.589048 17.857740 17.002920 16.045338 15.007329 13.911950 12.782145 11.639968 10.505905 9.398319 8.333039 7.323099 6.378616 5.506807 4.712129 3.996506 3.359635 2.799332 2.311904 1.892522 1.535572 1.234983 0.984500 0.777925 0.609298 0.473037 0.364030 0.277690 0.209974 0.157384 0.116935 0.086124 0.062878 0.045506 0.032647 0.023216 0.016365 0.011431 0.007910 0.005415 0.003659 0.002424 0.001550 0.000914 0.000423 0.000000 
0.000000 0.000336 0.000729 0.001242 0.001956 0.002974 0.004438 0.006535 0.009525 0.013752 0.019678 0.027910 0.039239 0.054688 0.075556 0.103478 0.140484 0.189060 0.252212 0.333519 0.437180 0.568044 0.731612 0.934016 1.181951 1.482563 1.843283 2.271608 2.774816 3.359635 4.031849 4.795881 5.654341 6.607586 7.653302 8.786139 9.997432 11.275047 12.603351 13.963363 15.333060 16.687883 18.001389 19.246073 20.394293 21.419275 22.296145 23.002931 23.521470 23.838195 23.944716 23.838195 23.521470 23.002931 22.296145 21.419275 20.394293 19.246073 18.001389 16.687883 15.333060 13.963363 12.603351 11.275047 9.997432 8.786139 7.653302 6.607586 5.654341 4.795881 4.031849 3.359635 2.774816 2.271608 1.843283 1.482563 1.181951 0.934016 0.731612 0.568044 0.437180 0.333519 0.252212 0.189060 0.140484 0.103478 0.075555 0.054687 0.039237 0.027906 0.019673 0.013743 0.009511 0.006512 0.004401 0.002916 0.001864 0.001100 0.000509 0.000000 
0.000000 0.000401 0.000869 0.001481 0.002332 0.003546 0.005289 0.007789 0.011351 0.016387 0.023445 0.033249 0.046741 0.065137 0.089984 0.123225 0.167277 0.225098 0.300261 0.397024 0.520380 0.676093 0.870707 1.111510 1.406459 1.764048 2.193110 2.702551 3.301020 3.996506 4.795881 5.704392 6.725135 7.858526 9.101806 10.448605 11.888622 13.407425 14.986432 16.603076 18.231185 19.841569 21.402805 22.882206 24.246925 25.465151 26.507326 27.347343 27.963625 28.340048 28.466647 28.340048 27.963625 27.347343 26.507326 25.465151 24.246925 22.882206 21.402805 19.841569 18.231185 16.603076 14.986432 13.407425 11.888622 10.448605 9.101806 7.858526 6.725135 5.704392 4.795881 3.996506 3.301020 2.702551 2.193110 1.764048 1.406459 1.111510 0.870707 0.676093 0.520380 0.397024 0.300261 0.225098 0.167277 0.123225 0.089983 0.065136 0.046739 0.033245 0.023439 0.016376 0.011334 0.007761 0.005245 0.003476 0.002223 0.001311 0.000607 0.000000 
0.000000 0.000474 0.001027 0.001750 0.002756 0.004189 0.006248 0.009200 0.013406 0.019352 0.027684 0.039257 0.055182 0.076893 0.106213 0.145437 0.197413 0.265627 0.354293 0.468431 0.613924 0.797568 1.027073 1.311027 1.658807 2.080418 2.586264 3.186838 3.892324 4.712129 5.654341 6.725135 7.928150 9.263866 10.729021 12.316106 14.012973 15.802614 17.663131 19.567937 21.486197 23.383524 25.222902 26.965829 28.573618 30.008798 31.236560 32.226154 32.952167 33.395611 33.544750 33.395611 32.952167 32.226154 31.236560 30.008798 28.573618 26.965829 25.222902 23.383524 21.486197 19.567937 17.663131 15.802614 14.012973 12.316106 10.729021 9.263866 7.928150 6.725135 5.654341 4.712129 3.892324 3.186838 2.586264 2.080418 1.658807 1.311027 1.027073 0.797568 0.613924 0.468431 0.354293 0.265627 0.197412 0.145437 0.106212 0.076891 0.055180 0.039253 0.027677 0.019339 0.013386 0.009168 0.006196 0.004107 0.002626 0.001549 0.000717 0.000000 
0.000000 0.000555 0.001203 0.002050 0.003227 0.004905 0.007316 0.010770 0.015692 0.022650 0.032399 0.045938 0.064568 0.089962 0.124255 0.170128 0.230907 0.310669 0.414338 0.547777 0.717862 0.932530 1.200788 1.532665 1.939114 2.431818 3.022925 3.724684 4.548985 5.506807 6.607586 7.858526 9.263866 10.824155 12.535576 14.389348 16.371275 18.461490 20.634416 22.859002 25.099241 27.314977 29.462993 31.498335 33.375833 35.051742 36.485424 37.640981 38.488746 39.006554 39.180702 39.006554 38.488746 37.640981 36.485424 35.051742 33.375833 31.498335 29.462993 27.314977 25.099241 22.859002 20.634416 18.461490 16.371275 14.389348 12.535576 10.824155 9.263866 7.858526 6.607586 5.506807 4.548985 3.724684 3.022925 2.431818 1.939114 1.532665 1.200788 0.932530 0.717862 0.547777 0.414338 0.310669 0.230907 0.170127 0.124254 0.089961 0.064564 0.045933 0.032390 0.022635 0.015668 0.010732 0.007254 0.004809 0.003075 0.001814 0.000840 0.000000 
0.000000 0.000644 0.001396 0.002379 0.003745 0.005692 0.008488 0.012496 0.018204 0.026273 0.037578 0.053277 0.074876 0.104316 0.144069 0.197239 0.267683 0.360122 0.480257 0.634879 0.831951 1.080662 1.391441 1.775899 2.246714 2.817409 3.502044 4.314795 5.269418 6.378616 7.653302 9.101806 10.729021 12.535576 14.517038 16.663232 18.957718 21.377491 23.892940 26.468120 29.061355 31.626166 34.112536 36.468441 38.641606 40.581409 42.240825 43.578311 44.559541 45.158865 45.360428 45.158865 44.559541 43.578311 42.240825 40.581409 38.641606 36.468441 34.112536 31.626166 29.061355 26.468120 23.892940 21.377491 18.957718 16.663232 14.517038 12.535576 10.729021 9.101806 7.653302 6.378616 5.269418 4.314795 3.502044 2.817409 2.246714 1.775899 1.391441 1.080662 0.831951 0.634879 0.480257 0.360121 0.267683 0.197239 0.144067 0.104314 0.074872 0.053271 0.037568 0.026256 0.018177 0.012451 0.008417 0.005580 0.003569 0.002105 0.000974 0.000000 
0.000000 0.000741 0.001606 0.002736 0.004307 0.006546 0.009761 0.014368 0.020930 0.030203 0.043197 0.061237 0.086056 0.119883 0.165554 0.226637 0.307557 0.413735 0.551717 0.729297 0.955613 1.241214 1.598066 2.039494 2.580043 3.235229 4.021182 4.954161 6.049945 7.323099 8.786139 10.448605 12.316106 14.389348 16.663232 19.126073 21.759000 24.535610 27.421922 30.376696 33.352114 36.294856 39.147542 41.850494 44.343749 46.569242 48.473030 50.007468 51.133181 51.820752 52.051993 51.820752 51.133181 50.007468 48.473030 46.569242 44.343749 41.850494 39.147542 36.294856 33.352114 30.376696 27.421922 24.535610 21.759000 19.126073 16.663232 14.389348 12.316106 10.448605 8.786139 7.323099 6.049945 4.954161 4.021182 3.235229 2.580043 2.039494 1.598066 1.241214 0.955613 0.729297 0.551717 0.413735 0.307557 0.226636 0.165552 0.119880 0.086052 0.061230 0.043185 0.030184 0.020898 0.014316 0.009679 0.006417 0.004104 0.002422 0.001121 0.000000 
0.000000 0.000844 0.001830 0.003119 0.004909 0.007460 0.011124 0.016372 0.023848 0.034412 0.049212 0.069759 0.098024 0.136544 0.188549 0.258097 0.350227 0.471103 0.628176 0.830313 1.087910 1.412965 1.819090 2.321442 2.936561 3.682092 4.576377 5.637901 6.884603 8.333039 9.997432 11.888622 14.012973 16.371275 18.957718 21.759000 24.753650 27.911632 31.194298 34.554745 37.938593 41.285213 44.529358 47.603171 50.438476 52.969252 55.134173 56.879066 58.159169 58.941035 59.203989 58.941035 58.159169 56.879066 55.134173 52.969252 50.438476 47.603171 44.529358 41.285213 37.938593 34.554745 31.194298 27.911632 24.753650 21.759000 18.957718 16.371275 14.012973 11.888622 9.997432 8.333039 6.884603 5.637901 4.576377 3.682092 2.936561 2.321442 1.819090 1.412965 1.087910 0.830313 0.628176 0.471103 0.350226 0.258096 0.188547 0.136541 0.098019 0.069751 0.049198 0.034390 0.023812 0.016314 0.011030 0.007313 0.004678 0.002760 0.001278 0.000000 
0.000000 0.000954 0.002068 0.003524 0.005545 0.008427 0.012563 0.018490 0.026930 0.038856 0.055563 0.078757 0.110660 0.154134 0.212824 0.291307 0.395265 0.531653 0.708871 0.936918 1.227518 1.594198 2.052304 2.618923 3.312701 4.153526 5.162071 6.359169 7.765033 9.398319 11.275047 13.407425 15.802614 18.461490 21.377491 24.535610 27.911632 31.471692 35.172221 38.960345 42.774769 46.547156 50.203968 53.668730 56.864606 59.717193 62.157379 64.124118 65.566965 66.448228 66.744611 66.448228 65.566965 64.124118 62.157379 59.717193 56.864606 53.668730 50.203968 46.547156 42.774769 38.960345 35.172221 31.471692 27.911632 24.535610 21.377491 18.461490 15.802614 13.407425 11.275047 9.398319 7.765033 6.359169 5.162071 4.153526 3.312701 2.618923 2.052304 1.594198 1.227518 0.936918 0.708871 0.531653 0.395265 0.291306 0.212822 0.154131 0.110654 0.078748 0.055548 0.038831 0.026889 0.018424 0.012458 0.008260 0.005284 0.003118 0.001443 0.000000 
0.000000 0.001068 0.002315 0.003945 0.006208 0.009433 0.014062 0.020694 0.030138 0.043482 0.062174 0.088121 0.123809 0.172439 0.238083 0.325861 0.442123 0.594645 0.792815 1.047810 1.372731 1.782697 2.294856 2.928300 3.703863 4.643765 5.771100 7.109141 8.680465 10.505905 12.603351 14.986432 17.663131 20.634416 23.892940 27.421922 31.194298 35.172221 39.307005 43.539575 47.801448 52.016279 56.101916 59.972926 63.543479 66.730464 69.456679 71.653936 73.265888 74.250435 74.581552 74.250435 73.265888 71.653936 69.456679 66.730464 63.543479 59.972926 56.101916 52.016279 47.801448 43.539575 39.307005 35.172221 31.194298 27.421922 23.892940 20.634416 17.663131 14.986432 12.603351 10.505905 8.680465 7.109141 5.771100 4.643765 3.703863 2.928300 2.294856 1.782697 1.372731 1.047810 0.792815 0.594644 0.442122 0.325860 0.238081 0.172435 0.123803 0.088111 0.062157 0.043454 0.030092 0.020620 0.013944 0.009246 0.005915 0.003491 0.001616 0.000000 
0.000000 0.001185 0.002569 0.004377 0.006887 0.010464 0.015598 0.022954 0.033427 0.048224 0.068950 0.097718 0.137284 0.191195 0.263964 0.361264 0.490130 0.659177 0.878808 1.161402 1.521473 1.975767 2.543277 3.245149 4.104454 5.145800 6.394759 7.877098 9.617813 11.639968 13.963363 16.603076 19.567937 22.859002 26.468120 30.376696 34.554745 38.960345 43.539575 48.227010 52.946814 57.614446 62.138939 66.425695 70.379681 73.908874 76.927797 79.360953 81.145956 82.236196 82.602859 82.236196 81.145956 79.360953 76.927797 73.908874 70.379681 66.425695 62.138939 57.614446 52.946814 48.227010 43.539575 38.960345 34.554745 30.376696 26.468120 22.859002 19.567937 16.603076 13.963363 11.639968 9.617813 7.877098 6.394759 5.145800 4.104454 3.245149 2.543277 1.975767 1.521473 1.161401 0.878808 0.659177 0.490129 0.361262 0.263962 0.191191 0.137277 0.097707 0.068931 0.048193 0.033376 0.022872 0.015468 0.010257 0.006562 0.003873 0.001793 0.000000 
0.000000 0.001303 0.002825 0.004812 0.007572 0.011504 0.017148 0.025232 0.036743 0.053004 0.075780 0.107392 0.150866 0.210099 0.290048 0.396941 0.538507 0.724204 0.965455 1.275852 1.671332 2.170278 2.793541 3.564335 4.507984 5.651499 7.022945 8.650602 10.561900 12.782145 15.333060 18.231185 21.486197 25.099241 29.061355 33.352114 37.938593 42.774769 47.801448 52.946814 58.127628 63.251098 68.217383 72.922664 77.262639 81.136319 84.449898 87.120520 89.079724 90.276358 90.678802 90.276358 89.079724 87.120520 84.449898 81.136319 77.262639 72.922664 68.217383 63.251098 58.127628 52.946814 47.801448 42.774769 37.938593 33.352114 29.061355 25.099241 21.486197 18.231185 15.333060 12.782145 10.561900 8.650602 7.022945 5.651499 4.507984 3.564335 2.793541 2.170278 1.671331 1.275852 0.965454 0.724204 0.538506 0.396940 0.290045 0.210095 0.150859 0.107379 0.075759 0.052970 0.036687 0.025142 0.017004 0.011277 0.007215 0.004258 0.001971 0.000000 
0.000000 0.001420 0.003078 0.005243 0.008250 0.012534 0.018682 0.027488 0.040025 0.057737 0.082541 0.116968 0.164310 0.228811 0.315864 0.432252 0.586384 0.788555 1.051198 1.389104 1.819615 2.362736 3.041154 3.880128 4.907209 6.151784 7.644385 9.415774 11.495788 13.911950 16.687883 19.841569 23.383524 27.314977 31.626166 36.294856 41.285213 46.547156 52.016279 57.614446 63.251098 68.825285 74.228396 79.347489 84.069107 88.283390 91.888299 94.793708 96.925147 98.226973 98.664794 98.226973 96.925147 94.793708 91.888299 88.283390 84.069107 79.347489 74.228396 68.825285 63.251098 57.614446 52.016279 46.547156 41.285213 36.294856 31.626166 27.314977 23.383524 19.841569 16.687883 13.911950 11.495788 9.415774 7.644385 6.151784 4.907209 3.880128 3.041154 2.362736 1.819615 1.389104 1.051197 0.788555 0.586383 0.432250 0.315861 0.228806 0.164302 0.116954 0.082518 0.057699 0.039964 0.027389 0.018525 0.012286 0.007861 0.004639 0.002148 0.000000 
0.000000 0.001533 0.003324 0.005662 0.008908 0.013533 0.020171 0.029677 0.043211 0.062328 0.089102 0.126259 0.177353 0.246962 0.340907 0.466503 0.632822 0.850971 1.134359 1.498941 1.963421 2.549376 3.281274 4.186353 5.294327 6.636882 8.246941 10.157672 12.401244 15.007329 18.001389 21.402805 25.222902 29.462993 34.112536 39.147542 44.529358 50.203968 56.101916 62.138939 68.217383 74.228396 80.054863 85.575006 90.666490 95.210866 99.098114 102.231062 104.529416 105.933188 106.405293 105.933188 104.529416 102.231062 99.098114 95.210866 90.666490 85.575006 80.054863 74.228396 68.217383 62.138939 56.101916 50.203968 44.529358 39.147542 34.112536 29.462993 25.222902 21.402805 18.001389 15.007329 12.401244 10.157672 8.246941 6.636882 5.294327 4.186353 3.281274 2.549376 1.963421 1.498941 1.134358 0.850971 0.632821 0.466501 0.340904 0.246957 0.177344 0.126243 0.089077 0.062288 0.043145 0.029571 0.020001 0.013266 0.008488 0.005010 0.002319 0.000000 
