0.000000 0.000000 0.000000 0.000000 0.000000 0.000000 0.000000 0.000000 0.000000 0.000000 0.000000 0.000000 0.000000 0.000000 0.000000 0.000000 0.000000 0.000000 0.000000 0.000000 0.000000 0.000000 0.000000 0.000000 0.000000 0.000000 0.000000 0.000000 0.000000 0.000000 0.000000 0.000000 0.000000 0.000000 0.000000 0.000000 0.000000 0.000000 0.000000 0.000000 0.000000 0.000000 0.000000 0.000000 0.000000 0.000000 0.000000 0.000000 0.000000 0.000000 0.000000 0.000000 0.000000 0.000000 0.000000 0.000000 0.000000 0.000000 0.000000 0.000000 0.000000 0.000000 0.000000 0.000000 0.000000 0.000000 0.000000 0.000000 0.000000 0.000000 0.000000 0.000000 0.000000 0.000000 0.000000 0.000000 0.000000 0.000000 0.000000 0.000000 0.000000 0.000000 0.000000 0.000000 0.000000 0.000000 0.000000 0.000000 0.000000 0.000000 0.000000 0.000000 0.000000 0.000000 0.000000 0.000000 0.000000 0.000000 0.000000 0.000000 
0.000000 0.000000 0.000000 0.000000 0.000000 0.000000 0.000000 0.000000 0.000000 0.000000 0.000001 0.000001 0.000001 0.000002 0.000003 0.000004 0.000006 0.000008 0.000010 0.000014 0.000019 0.000025 0.000032 0.000042 0.000054 0.000069 0.000087 0.000108 0.000134 0.000164 0.000199 0.000240 0.000286 0.000337 0.000395 0.000457 0.000524 0.000596 0.000671 0.000749 0.000827 0.000905 0.000981 0.001054 0.001121 0.001181 0.001233 0.001274 0.001305 0.001324 0.001330 0.001324 0.001305 0.001274 0.001233 0.001181 0.001121 0.001054 0.000981 0.000905 0.000827 0.000749 0.000671 0.000596 0.000524 0.000457 0.000395 0.000337 0.000286 0.000240 0.000199 0.000164 0.000134 0.000108 0.000087 0.000069 0.000054 0.000042 0.000032 0.000025 0.000019 0.000014 0.000010 0.000008 0.000006 0.000004 0.000003 0.000002 0.000001 0.000001 0.000001 0.000000 0.000000 0.000000 0.000000 0.000000 0.000000 0.000000 0.000000 0.000000 
0.000000 0.000000 0.000000 0.000000 0.000000 0.000000 0.000000 0.000000 0.000001 0.000001 0.000002 0.000002 0.000003 0.000004 0.000006 0.000009 0.000012 0.000017 0.000023 0.000031 0.000041 0.000054 0.000071 0.000092 0.000118 0.000150 0.000189 0.000237 0.000293 0.000359 0.000436 0.000524 0.000625 0.000738 0.000863 0.000999 0.001146 0.001303 0.001467 0.001637 0.001808 0.001979 0.002145 0.002303 0.002450 0.002581 0.002694 0.002785 0.002852 0.002893 0.002907 0.002893 0.002852 0.002785 0.002694 0.002581 0.002450 0.002303 0.002145 0.001979 0.001808 0.001637 0.001467 0.001303 0.001146 0.000999 0.000863 0.000738 0.000625 0.000524 0.000436 0.000359 0.000293 0.000237 0.000189 0.000150 0.000118 0.000092 0.000071 0.000054 0.000041 0.000031 0.000023 0.000017 0.000012 0.000009 0.000006 0.000004 0.000003 0.000002 0.000002 0.000001 0.000001 0.000000 0.000000 0.000000 0.000000 0.000000 0.000000 0.000000 
0.000000 0.000000 0.000000 0.000000 0.000000 0.000000 0.000001 0.000001 0.000001 0.000002 0.000003 0.000004 0.000005 0.000008 0.000011 0.000015 0.000021 0.000029 0.000039 0.000053 0.000071 0.000093 0.000122 0.000159 0.000204 0.000259 0.000327 0.000408 0.000505 0.000619 0.000752 0.000905 0.001078 0.001273 0.001488 0.001724 0.001978 0.002248 0.002531 0.002823 0.003118 0.003413 0.003699 0.003972 0.004225 0.004451 0.004646 0.004803 0.004918 0.004989 0.005012 0.004989 0.004918 0.004803 0.004646 0.004451 0.004225 0.003972 0.003699 0.003413 0.003118 0.002823 0.002531 0.002248 0.001978 0.001724 0.001488 0.001273 0.001078 0.000905 0.000752 0.000619 0.000505 0.000408 0.000327 0.000259 0.000204 0.000159 0.000122 0.000093 0.000071 0.000053 0.000039 0.000029 0.000021 0.000015 0.000011 0.000008 0.000005 0.000004 0.000003 0.000002 0.000001 0.000001 0.000001 0.000000 0.000000 0.000000 0.000000 0.000000 
0.000000 0.000000 0.000000 0.000000 0.000000 0.000001 0.000001 0.000001 0.000002 0.000003 0.000004 0.000006 0.000009 0.000012 0.000018 0.000024 0.000034 0.000046 0.000063 0.000085 0.000113 0.000150 0.000196 0.000254 0.000326 0.000415 0.000523 0.000653 0.000808 0.000991 0.001203 0.001447 0.001723 0.002034 0.002378 0.002755 0.003160 0.003592 0.004043 0.004509 0.004981 0.005451 0.005909 0.006344 0.006748 0.007109 0.007419 0.007670 0.007854 0.007966 0.008004 0.007966 0.007854 0.007670 0.007419 0.007109 0.006748 0.006344 0.005909 0.005451 0.004981 0.004509 0.004043 0.003592 0.003160 0.002755 0.002378 0.002034 0.001723 0.001447 0.001203 0.000991 0.000808 0.000653 0.000523 0.000415 0.000326 0.000254 0.000196 0.000150 0.000113 0.000085 0.000063 0.000046 0.000034 0.000024 0.000018 0.000012 0.000009 0.000006 0.000004 0.000003 0.000002 0.000001 0.000001 0.000001 0.000000 0.000000 0.000000 0.000000 
0.000000 0.000000 0.000000 0.000000 0.000001 0.000001 0.000001 0.000002 0.000003 0.000004 0.000006 0.000009 0.000014 0.000019 0.000027 0.000038 0.000052 0.000072 0.000098 0.000132 0.000175 0.000232 0.000303 0.000393 0.000505 0.000642 0.000809 0.001011 0.001250 0.001532 0.001860 0.002237 0.002664 0.003144 0.003676 0.004257 0.004884 0.005550 0.006248 0.006967 0.007696 0.008421 0.009127 0.009800 0.010422 0.010980 0.011459 0.011846 0.012130 0.012303 0.012362 0.012303 0.012130 0.011846 0.011459 0.010980 0.010422 0.009800 0.009127 0.008421 0.007696 0.006967 0.006248 0.005550 0.004884 0.004257 0.003676 0.003144 0.002664 0.002237 0.001860 0.001532 0.001250 0.001011 0.000809 0.000642 0.000505 0.000393 0.000303 0.000232 0.000175 0.000132 0.000098 0.000072 0.000052 0.000038 0.000027 0.000019 0.000014 0.000009 0.000006 0.000004 0.000003 0.000002 0.000001 0.000001 0.000001 0.000000 0.000000 0.000000 
0.000000 0.000000 0.000000 0.000001 0.000001 0.000001 0.000002 0.000003 0.000005 0.000007 0.000010 0.000014 0.000021 0.000029 0.000041 0.000058 0.000080 0.000109 0.000149 0.000200 0.000267 0.000352 0.000461 0.000597 0.000767 0.000976 0.001229 0.001535 0.001899 0.002326 0.002824 0.003395 0.004044 0.004772 0.005579 0.006460 0.007410 0.008420 0.009478 0.010568 0.011673 0.012771 0.013842 0.014861 0.015805 0.016650 0.017376 0.017962 0.018392 0.018655 0.018744 0.018655 0.018392 0.017962 0.017376 0.016650 0.015805 0.014861 0.013842 0.012771 0.011673 0.010568 0.009478 0.008420 0.007410 0.006460 0.005579 0.004772 0.004044 0.003395 0.002824 0.002326 0.001899 0.001535 0.001229 0.000976 0.000767 0.000597 0.000461 0.000352 0.000267 0.000200 0.000149 0.000109 0.000080 0.000058 0.000041 0.000029 0.000021 0.000014 0.000010 0.000007 0.000005 0.000003 0.000002 0.000001 0.000001 0.000000 0.000000 0.000000 
0.000000 0.000000 0.000000 0.000001 0.000001 0.000002 0.000003 0.000005 0.000007 0.000010 0.000015 0.000022 0.000031 0.000044 0.000062 0.000087 0.000120 0.000164 0.000223 0.000300 0.000400 0.000529 0.000692 0.000896 0.001151 0.001464 0.001844 0.002302 0.002847 0.003488 0.004233 0.005089 0.006062 0.007152 0.008359 0.009678 0.011101 0.012613 0.014196 0.015828 0.017481 0.019125 0.020728 0.022253 0.023665 0.024930 0.026015 0.026891 0.027535 0.027929 0.028062 0.027929 0.027535 0.026891 0.026015 0.024930 0.023665 0.022253 0.020728 0.019125 0.017481 0.015828 0.014196 0.012613 0.011101 0.009678 0.008359 0.007152 0.006062 0.005089 0.004233 0.003488 0.002847 0.002302 0.001844 0.001464 0.001151 0.000896 0.000692 0.000529 0.000400 0.000300 0.000223 0.000164 0.000120 0.000087 0.000062 0.000044 0.000031 0.000022 0.000015 0.000010 0.000007 0.000005 0.000003 0.000002 0.000001 0.000001 0.000000 0.000000 
0.000000 0.000000 0.000001 0.000001 0.000002 0.000003 0.000005 0.000007 0.000010 0.000015 0.000022 0.000032 0.000046 0.000066 0.000092 0.000129 0.000179 0.000245 0.000332 0.000447 0.000595 0.000785 0.001027 0.001331 0.001709 0.002173 0.002737 0.003417 0.004225 0.005175 0.006280 0.007549 0.008990 0.010605 0.012394 0.014349 0.016456 0.018696 0.021041 0.023458 0.025906 0.028342 0.030714 0.032972 0.035063 0.036936 0.038542 0.039840 0.040793 0.041376 0.041573 0.041376 0.040793 0.039840 0.038542 0.036936 0.035063 0.032972 0.030714 0.028342 0.025906 0.023458 0.021041 0.018696 0.016456 0.014349 0.012394 0.010605 0.008990 0.007549 0.006280 0.005175 0.004225 0.003417 0.002737 0.002173 0.001709 0.001331 0.001027 0.000785 0.000595 0.000447 0.000332 0.000245 0.000179 0.000129 0.000092 0.000066 0.000046 0.000032 0.000022 0.000015 0.000010 0.000007 0.000005 0.000003 0.000002 0.000001 0.000000 0.000000 
0.000000 0.000000 0.000001 0.000002 0.000003 0.000004 0.000007 0.000010 0.000015 0.000022 0.000033 0.000047 0.000068 0.000097 0.000136 0.000190 0.000263 0.000360 0.000489 0.000657 0.000876 0.001156 0.001511 0.001958 0.002513 0.003195 0.004024 0.005022 0.006209 0.007604 0.009226 0.011089 0.013205 0.015576 0.018201 0.021070 0.024162 0.027448 0.030888 0.034433 0.038024 0.041596 0.045075 0.048387 0.051453 0.054199 0.056555 0.058457 0.059856 0.060711 0.060998 0.060711 0.059856 0.058457 0.056555 0.054199 0.051453 0.048387 0.045075 0.041596 0.038024 0.034433 0.030888 0.027448 0.024162 0.021070 0.018201 0.015576 0.013205 0.011089 0.009226 0.007604 0.006209 0.005022 0.004024 0.003195 0.002513 0.001958 0.001511 0.001156 0.000876 0.000657 0.000489 0.000360 0.000263 0.000190 0.000136 0.000097 0.000068 0.000047 0.000033 0.000022 0.000015 0.000010 0.000007 0.000004 0.000003 0.000002 0.000001 0.000000 
0.000000 0.000001 0.000002 0.000003 0.000004 0.000006 0.000010 0.000015 0.000022 0.000033 0.000048 0.000069 0.000099 0.000141 0.000199 0.000278 0.000384 0.000525 0.000713 0.000958 0.001277 0.001685 0.002202 0.002853 0.003660 0.004654 0.005861 0.007313 0.009040 0.011070 0.013429 0.016139 0.019215 0.022664 0.026481 0.030651 0.035146 0.039922 0.044922 0.050074 0.055293 0.060483 0.065539 0.070351 0.074806 0.078795 0.082217 0.084982 0.087013 0.088255 0.088673 0.088255 0.087013 0.084982 0.082217 0.078795 0.074806 0.070351 0.065539 0.060483 0.055293 0.050074 0.044922 0.039922 0.035146 0.030651 0.026481 0.022664 0.019215 0.016139 0.013429 0.011070 0.009040 0.007313 0.005861 0.004654 0.003660 0.002853 0.002202 0.001685 0.001277 0.000958 0.000713 0.000525 0.000384 0.000278 0.000199 0.000141 0.000099 0.000069 0.000048 0.000033 0.000022 0.000015 0.000010 0.000006 0.000004 0.000002 0.000001 0.000000 
0.000000 0.000001 0.000002 0.000004 0.000006 0.000009 0.000014 0.000022 0.000032 0.000047 0.000069 0.000100 0.000144 0.000204 0.000288 0.000401 0.000555 0.000759 0.001030 0.001385 0.001844 0.002433 0.003180 0.004118 0.005284 0.006716 0.008458 0.010551 0.013041 0.015967 0.019368 0.023274 0.027707 0.032676 0.038175 0.044182 0.050657 0.057536 0.064737 0.072156 0.079672 0.087145 0.094424 0.101351 0.107765 0.113508 0.118435 0.122414 0.125338 0.127126 0.127727 0.127126 0.125338 0.122414 0.118435 0.113508 0.107765 0.101351 0.094424 0.087145 0.079672 0.072156 0.064737 0.057536 0.050657 0.044182 0.038175 0.032676 0.027707 0.023274 0.019368 0.015967 0.013041 0.010551 0.008458 0.006716 0.005284 0.004118 0.003180 0.002433 0.001844 0.001385 0.001030 0.000759 0.000555 0.000401 0.000288 0.000204 0.000144 0.000100 0.000069 0.000047 0.000032 0.000022 0.000014 0.000009 0.000006 0.000003 0.000002 0.000000 
0.000000 0.000001 0.000003 0.000005 0.000009 0.000014 0.000021 0.000031 0.000046 0.000068 0.000099 0.000144 0.000206 0.000293 0.000412 0.000575 0.000794 0.001088 0.001475 0.001982 0.002639 0.003482 0.004550 0.005892 0.007558 0.009605 0.012093 0.015085 0.018641 0.022822 0.027679 0.033258 0.039587 0.046681 0.054532 0.063108 0.072349 0.082167 0.092443 0.103031 0.113755 0.124417 0.134803 0.144686 0.153836 0.162029 0.169056 0.174733 0.178903 0.181454 0.182312 0.181454 0.178903 0.174733 0.169056 0.162029 0.153836 0.144686 0.134803 0.124417 0.113755 0.103031 0.092443 0.082167 0.072349 0.063108 0.054532 0.046681 0.039587 0.033258 0.027679 0.022822 0.018641 0.015085 0.012093 0.009605 0.007558 0.005892 0.004550 0.003482 0.002639 0.001982 0.001475 0.001088 0.000794 0.000575 0.000412 0.000293 0.000206 0.000144 0.000099 0.000068 0.000046 0.000031 0.000020 0.000013 0.000008 0.000005 0.000002 0.000000 
0.000000 0.000002 0.000004 0.000008 0.000012 0.000019 0.000029 0.000044 0.000066 0.000097 0.000141 0.000204 0.000293 0.000416 0.000585 0.000816 0.001128 0.001543 0.002093 0.002812 0.003743 0.004937 0.006451 0.008351 0.010711 0.013611 0.017135 0.021370 0.026405 0.032322 0.039197 0.047091 0.056047 0.066083 0.077190 0.089320 0.102391 0.116276 0.130809 0.145781 0.160944 0.176020 0.190703 0.204675 0.217610 0.229192 0.239126 0.247150 0.253045 0.256650 0.257863 0.256650 0.253045 0.247150 0.239126 0.229192 0.217610 0.204675 0.190703 0.176020 0.160944 0.145781 0.130809 0.116276 0.102391 0.089320 0.077190 0.066083 0.056047 0.047091 0.039197 0.032322 0.026405 0.021370 0.017135 0.013611 0.010711 0.008351 0.006451 0.004937 0.003743 0.002812 0.002093 0.001543 0.001128 0.000816 0.000585 0.000416 0.000293 0.000204 0.000141 0.000097 0.000066 0.000044 0.000029 0.000019 0.000012 0.000007 0.000003 0.000000 
0.000000 0.000003 0.000006 0.000011 0.000018 0.000027 0.000041 0.000062 0.000092 0.000136 0.000199 0.000288 0.000412 0.000585 0.000824 0.001148 0.001586 0.002170 0.002942 0.003952 0.005260 0.006936 0.009062 0.011730 0.015043 0.019112 0.024056 0.029998 0.037061 0.045360 0.055002 0.066071 0.078628 0.092699 0.108268 0.125272 0.143591 0.163051 0.183416 0.204395 0.225641 0.246763 0.267335 0.286908 0.305028 0.321253 0.335169 0.346408 0.354666 0.359716 0.361415 0.359716 0.354666 0.346408 0.335169 0.321253 0.305028 0.286908 0.267335 0.246763 0.225641 0.204395 0.183416 0.163051 0.143591 0.125272 0.108268 0.092699 0.078628 0.066071 0.055002 0.045360 0.037061 0.029998 0.024056 0.019112 0.015043 0.011730 0.009062 0.006936 0.005260 0.003952 0.002942 0.002170 0.001586 0.001148 0.000824 0.000585 0.000412 0.000288 0.000199 0.000136 0.000092 0.000062 0.000041 0.000027 0.000017 0.000010 0.000004 0.000000 
0.000000 0.000004 0.000009 0.000015 0.000024 0.000038 0.000058 0.000087 0.000129 0.000190 0.000278 0.000401 0.000575 0.000816 0.001148 0.001600 0.002209 0.003023 0.004098 0.005504 0.007324 0.009657 0.012614 0.016325 0.020932 0.026590 0.033465 0.041726 0.051543 0.063078 0.076476 0.091857 0.109304 0.128851 0.150478 0.174095 0.199538 0.226562 0.254842 0.283972 0.313471 0.342797 0.371356 0.398528 0.423683 0.446205 0.465521 0.481122 0.492584 0.499593 0.501951 0.499593 0.492584 0.481122 0.465521 0.446205 0.423683 0.398528 0.371356 0.342797 0.313471 0.283972 0.254842 0.226562 0.199538 0.174095 0.150478 0.128851 0.109304 0.091857 0.076476 0.063078 0.051543 0.041726 0.033465 0.026590 0.020932 0.016325 0.012614 0.009657 0.007324 0.005504 0.004098 0.003023 0.002209 0.001600 0.001148 0.000816 0.000575 0.000401 0.000277 0.000190 0.000129 0.000087 0.000057 0.000037 0.000023 0.000014 0.000006 0.000000 
0.000000 0.000006 0.000012 0.000021 0.000034 0.000052 0.000080 0.000120 0.000179 0.000263 0.000384 0.000555 0.000794 0.001128 0.001586 0.002209 0.003050 0.004173 0.005656 0.007595 0.010105 0.013321 0.017398 0.022512 0.028861 0.036658 0.046129 0.057509 0.071030 0.086916 0.105365 0.126543 0.150562 0.177471 0.207240 0.239744 0.274759 0.311948 0.350861 0.390942 0.431528 0.471873 0.511162 0.548541 0.583143 0.614123 0.640692 0.662150 0.677917 0.687557 0.690800 0.687557 0.677917 0.662150 0.640692 0.614123 0.583143 0.548541 0.511162 0.471873 0.431528 0.390942 0.350861 0.311948 0.274759 0.239744 0.207240 0.177471 0.150562 0.126543 0.105365 0.086916 0.071030 0.057509 0.046129 0.036658 0.028861 0.022512 0.017398 0.013321 0.010105 0.007595 0.005656 0.004173 0.003050 0.002209 0.001586 0.001128 0.000794 0.000555 0.000384 0.000263 0.000178 0.000120 0.000079 0.000052 0.000032 0.000019 0.000009 0.000000 
0.000000 0.000008 0.000017 0.000029 0.000046 0.000072 0.000109 0.000164 0.000245 0.000360 0.000525 0.000759 0.001088 0.001543 0.002170 0.003023 0.004173 0.005707 0.007734 0.010384 0.013814 0.018207 0.023775 0.030760 0.039430 0.050074 0.063004 0.078536 0.096990 0.118668 0.143842 0.172735 0.205502 0.242207 0.282809 0.327140 0.374889 0.425600 0.478659 0.533304 0.588637 0.643637 0.697197 0.748149 0.795314 0.837541 0.873755 0.903002 0.924491 0.937630 0.942051 0.937630 0.924491 0.903002 0.873755 0.837541 0.795314 0.748149 0.697197 0.643637 0.588637 0.533304 0.478659 0.425600 0.374889 0.327140 0.282809 0.242207 0.205502 0.172735 0.143842 0.118668 0.096990 0.078536 0.063004 0.050074 0.039430 0.030760 0.023775 0.018207 0.013814 0.010384 0.007734 0.005707 0.004173 0.003023 0.002170 0.001543 0.001088 0.000759 0.000525 0.000360 0.000244 0.000164 0.000109 0.000071 0.000044 0.000026 0.000012 0.000000 
0.000000 0.000010 0.000023 0.000039 0.000063 0.000098 0.000149 0.000223 0.000332 0.000489 0.000713 0.001030 0.001475 0.002093 0.002942 0.004098 0.005656 0.007734 0.010479 0.014067 0.018710 0.024657 0.032193 0.041645 0.053375 0.067775 0.085264 0.106272 0.131228 0.160540 0.194576 0.233635 0.277927 0.327539 0.382413 0.442320 0.506843 0.575362 0.647050 0.720877 0.795627 0.869925 0.942272 1.011096 1.074801 1.131835 1.180746 1.220247 1.249269 1.267013 1.272984 1.267013 1.249269 1.220247 1.180746 1.131835 1.074801 1.011096 0.942272 0.869925 0.795627 0.720877 0.647050 0.575362 0.506843 0.442320 0.382413 0.327539 0.277927 0.233635 0.194576 0.160540 0.131228 0.106272 0.085264 0.067775 0.053375 0.041645 0.032193 0.024657 0.018710 0.014067 0.010479 0.007734 0.005656 0.004098 0.002942 0.002093 0.001475 0.001030 0.000713 0.000489 0.000332 0.000223 0.000148 0.000096 0.000060 0.000035 0.000016 0.000000 
0.000000 0.000014 0.000031 0.000053 0.000085 0.000132 0.000200 0.000300 0.000447 0.000657 0.000958 0.001385 0.001982 0.002812 0.003952 0.005504 0.007595 0.010384 0.014067 0.018881 0.025109 0.033085 0.043191 0.055865 0.071590 0.090893 0.114333 0.142486 0.175925 0.215198 0.260795 0.313117 0.372442 0.438886 0.512372 0.592591 0.678986 0.770723 0.866697 0.965529 1.065591 1.165043 1.261880 1.353995 1.439258 1.515590 1.581049 1.633912 1.672751 1.696497 1.704488 1.696497 1.672751 1.633912 1.581049 1.515590 1.439258 1.353995 1.261880 1.165043 1.065591 0.965529 0.866697 0.770723 0.678986 0.592591 0.512372 0.438886 0.372442 0.313117 0.260795 0.215198 0.175925 0.142486 0.114333 0.090893 0.071590 0.055865 0.043191 0.033085 0.025109 0.018881 0.014067 0.010384 0.007595 0.005504 0.003952 0.002812 0.001982 0.001385 0.000958 0.000657 0.000446 0.000300 0.000199 0.000129 0.000081 0.000047 0.000022 0.000000 
0.000000 0.000019 0.000041 0.000071 0.000113 0.000175 0.000267 0.000400 0.000595 0.000876 0.001277 0.001844 0.002639 0.003743 0.005260 0.007324 0.010105 0.013814 0.018710 0.025109 0.033387 0.043985 0.057414 0.074251 0.095139 0.120777 0.151905 0.189288 0.233686 0.285823 0.346349 0.415796 0.494530 0.582706 0.680217 0.786655 0.901278 1.022982 1.150298 1.281397 1.414121 1.546029 1.674463 1.796631 1.909706 2.010934 2.097740 2.167842 2.219346 2.250835 2.261430 2.250835 2.219346 2.167842 2.097740 2.010934 1.909706 1.796631 1.674463 1.546029 1.414121 1.281397 1.150298 1.022982 0.901278 0.786655 0.680217 0.582706 0.494530 0.415796 0.346349 0.285823 0.233686 0.189288 0.151905 0.120777 0.095139 0.074251 0.057414 0.043985 0.033387 0.025109 0.018710 0.013814 0.010105 0.007324 0.005260 0.003743 0.002639 0.001844 0.001276 0.000875 0.000594 0.000399 0.000265 0.000172 0.000108 0.000063 0.000029 0.000000 
0.000000 0.000025 0.000054 0.000093 0.000150 0.000232 0.000352 0.000529 0.000785 0.001156 0.001685 0.002433 0.003482 0.004937 0.006936 0.009657 0.013321 0.018207 0.024657 0.033085 0.043985 0.057940 0.075619 0.097781 0.125273 0.159012 0.199972 0.249157 0.307564 0.376145 0.455754 0.547087 0.650625 0.766569 0.894778 1.034714 1.185400 1.345384 1.512734 1.685048 1.859489 2.032849 2.201635 2.362181 2.510773 2.643793 2.757858 2.849973 2.917648 2.959024 2.972946 2.959024 2.917648 2.849973 2.757858 2.643793 2.510773 2.362181 2.201635 2.032849 1.859489 1.685048 1.512734 1.345384 1.185400 1.034714 0.894778 0.766569 0.650625 0.547087 0.455754 0.376145 0.307564 0.249157 0.199972 0.159012 0.125273 0.097781 0.075619 0.057940 0.043985 0.033085 0.024657 0.018207 0.013321 0.009657 0.006936 0.004937 0.003482 0.002433 0.001684 0.001155 0.000785 0.000527 0.000350 0.000228 0.000143 0.000083 0.000038 0.000000 
0.000000 0.000032 0.000071 0.000122 0.000196 0.000303 0.000461 0.000692 0.001027 0.001511 0.002202 0.003180 0.004550 0.006451 0.009062 0.012614 0.017398 0.023775 0.032193 0.043191 0.057414 0.075619 0.098678 0.127584 0.163435 0.207428 0.260830 0.324948 0.401081 0.490466 0.594214 0.713230 0.848140 0.999202 1.166231 1.348525 1.544808 1.753189 1.971153 2.195569 2.422744 2.648501 2.868293 3.077346 3.270828 3.444027 3.592545 3.712478 3.800591 3.854461 3.872587 3.854461 3.800591 3.712478 3.592545 3.444027 3.270828 3.077346 2.868293 2.648501 2.422744 2.195569 1.971153 1.753189 1.544808 1.348525 1.166231 0.999202 0.848140 0.713230 0.594214 0.490466 0.401081 0.324948 0.260830 0.207428 0.163435 0.127584 0.098678 0.075619 0.057414 0.043191 0.032193 0.023775 0.017398 0.012614 0.009062 0.006451 0.004550 0.003180 0.002202 0.001510 0.001026 0.000690 0.000458 0.000298 0.000188 0.000109 0.000050 0.000000 
0.000000 0.000042 0.000092 0.000159 0.000254 0.000393 0.000597 0.000896 0.001331 0.001958 0.002853 0.004118 0.005892 0.008351 0.011730 0.016325 0.022512 0.030760 0.041645 0.055865 0.074251 0.097781 0.127584 0.164936 0.211259 0.268094 0.337079 0.419897 0.518224 0.633657 0.767624 0.921293 1.095469 1.290483 1.506093 1.741391 1.994729 2.263666 2.544954 2.834553 3.127698 3.418999 3.702593 3.972322 4.221952 4.445407 4.637015 4.791742 4.905417 4.974914 4.998298 4.974914 4.905417 4.791742 4.637015 4.445407 4.221952 3.972322 3.702593 3.418999 3.127698 2.834553 2.544954 2.263666 1.994729 1.741391 1.506093 1.290483 1.095469 0.921293 0.767624 0.633657 0.518224 0.419897 0.337079 0.268094 0.211259 0.164936 0.127584 0.097781 0.074251 0.055865 0.041645 0.030760 0.022512 0.016325 0.011730 0.008351 0.005891 0.004118 0.002852 0.001957 0.001330 0.000894 0.000593 0.000386 0.000243 0.000142 0.000065 0.000000 
0.000000 0.000054 0.000118 0.000204 0.000326 0.000505 0.000767 0.001151 0.001709 0.002513 0.003660 0.005284 0.007558 0.010711 0.015043 0.020932 0.028861 0.039430 0.053375 0.071590 0.095139 0.125273 0.163435 0.211259 0.270561 0.343313 0.431607 0.537596 0.663422 0.811123 0.982524 1.179116 1.401924 1.651369 1.927139 2.228070 2.552053 2.895964 3.255648 3.625941 4.000750 4.373187 4.735756 5.080586 5.399711 5.685369 5.930308 6.128098 6.273408 6.362245 6.392136 6.362245 6.273408 6.128098 5.930308 5.685369 5.399711 5.080586 4.735756 4.373187 4.000750 3.625941 3.255648 2.895964 2.552053 2.228070 1.927139 1.651369 1.401924 1.179116 0.982524 0.811123 0.663422 0.537596 0.431607 0.343313 0.270561 0.211259 0.163435 0.125273 0.095139 0.071590 0.053375 0.039430 0.028861 0.020932 0.015042 0.010711 0.007557 0.005284 0.003660 0.002511 0.001707 0.001147 0.000762 0.000496 0.000312 0.000182 0.000083 0.000000 
0.000000 0.000069 0.000150 0.000259 0.000415 0.000642 0.000976 0.001464 0.002173 0.003195 0.004654 0.006716 0.009605 0.013611 0.019112 0.026590 0.036658 0.050074 0.067775 0.090893 0.120777 0.159012 0.207428 0.268094 0.343313 0.435583 0.547552 0.681948 0.841482 1.028734 1.246015 1.495209 1.777612 2.093753 2.443233 2.824575 3.235102 3.670856 4.126571 4.595705 5.070539 5.542348 6.001638 6.438443 6.842677 7.204507 7.514755 7.765278 7.949328 8.061847 8.099707 8.061847 7.949328 7.765278 7.514755 7.204507 6.842677 6.438443 6.001638 5.542348 5.070539 4.595705 4.126571 3.670856 3.235102 2.824575 2.443233 2.093753 1.777612 1.495209 1.246015 1.028734 0.841482 0.681948 0.547552 0.435583 0.343313 0.268094 0.207428 0.159012 0.120777 0.090893 0.067775 0.050074 0.036658 0.026590 0.019111 0.013611 0.009605 0.006716 0.004653 0.003193 0.002170 0.001460 0.000969 0.000631 0.000397 0.000231 0.000106 0.000000 
0.000000 0.000087 0.000189 0.000327 0.000523 0.000809 0.001229 0.001844 0.002737 0.004024 0.005861 0.008458 0.012093 0.017135 0.024056 0.033465 0.046129 0.063004 0.085264 0.114333 0.151905 0.199972 0.260830 0.337079 0.431607 0.547552 0.688238 0.857086 1.057497 1.292709 1.565617 1.878586 2.233234 2.630223 3.069049 3.547852 4.063269 4.610327 5.182416 5.771322 6.367358 6.959573 7.536054 8.084297 8.591643 9.045759 9.435129 9.749538 9.980518 10.121729 10.169242 10.121729 9.980518 9.749538 9.435129 9.045759 8.591643 8.084297 7.536054 6.959573 6.367358 5.771322 5.182416 4.610327 4.063269 3.547852 3.069049 2.630223 2.233234 1.878586 1.565617 1.292709 1.057497 0.857086 0.688238 0.547552 0.431607 0.337079 0.260830 0.199972 0.151905 0.114333 0.085264 0.063004 0.046129 0.033465 0.024056 0.017134 0.012093 0.008457 0.005860 0.004022 0.002734 0.001839 0.001221 0.000796 0.000501 0.000292 0.000134 0.000000 
0.000000 0.000108 0.000237 0.000408 0.000653 0.001011 0.001535 0.002302 0.003417 0.005022 0.007313 0.010551 0.015085 0.021370 0.029998 0.041726 0.057509 0.078536 0.106272 0.142486 0.189288 0.249157 0.324948 0.419897 0.537596 0.681948 0.857086 1.067263 1.316708 1.609443 1.949067 2.338514 2.779795 3.273727 3.819677 4.415326 5.056487 5.736974 6.448561 7.181033 7.922342 8.658871 9.375808 10.057604 10.688526 11.253239 11.737428 12.128396 12.415617 12.591209 12.650290 12.591209 12.415617 12.128396 11.737428 11.253239 10.688526 10.057604 9.375808 8.658871 7.922342 7.181033 6.448561 5.736974 5.056487 4.415326 3.819677 3.273727 2.779795 2.338514 1.949067 1.609443 1.316708 1.067263 0.857086 0.681948 0.537596 0.419897 0.324948 0.249157 0.189288 0.142486 0.106272 0.078536 0.057508 0.041726 0.029998 0.021370 0.015085 0.010550 0.007311 0.005020 0.003413 0.002296 0.001524 0.000993 0.000626 0.000364 0.000167 0.000000 
0.000000 0.000134 0.000293 0.000505 0.000808 0.001250 0.001899 0.002847 0.004225 0.006209 0.009040 0.013041 0.018641 0.026405 0.037061 0.051543 0.071030 0.096990 0.131228 0.175925 0.233686 0.307564 0.401081 0.518224 0.663422 0.841482 1.057497 1.316708 1.624322 1.985293 2.404049 2.884204 3.428228 4.037121 4.710097 5.444295 6.234547 7.073227 7.950196 8.852864 9.766386 10.673985 11.557411 12.397514 13.174908 13.870708 14.467281 14.948989 15.302868 15.519208 15.592000 15.519208 15.302868 14.948989 14.467281 13.870708 13.174908 12.397514 11.557411 10.673985 9.766386 8.852864 7.950196 7.073227 6.234547 5.444295 4.710097 4.037121 3.428228 2.884204 2.404049 1.985293 1.624322 1.316708 1.057497 0.841482 0.663422 0.518224 0.401081 0.307564 0.233686 0.175925 0.131228 0.096990 0.071030 0.051543 0.037061 0.026405 0.018641 0.013040 0.009038 0.006206 0.004220 0.002839 0.001885 0.001229 0.000774 0.000451 0.000207 0.000000 
0.000000 0.000164 0.000359 0.000619 0.000991 0.001532 0.002326 0.003488 0.005175 0.007604 0.011070 0.015967 0.022822 0.032322 0.045360 0.063078 0.086916 0.118668 0.160540 0.215198 0.285823 0.376145 0.490466 0.633657 0.811123 1.028734 1.292709 1.609443 1.985293 2.426300 2.937870 3.524405 4.188916 4.932617 5.754541 6.651186 7.616237 8.640379 9.711229 10.813414 11.928809 13.036933 14.115511 15.141165 16.090239 16.939681 17.667973 18.256030 18.688032 18.952131 19.040992 18.952131 18.688032 18.256030 17.667973 16.939681 16.090239 15.141165 14.115511 13.036933 11.928809 10.813414 9.711229 8.640379 7.616237 6.651186 5.754541 4.932617 4.188916 3.524405 2.937870 2.426300 1.985293 1.609443 1.292709 1.028734 0.811123 0.633657 0.490466 0.376145 0.285823 0.215198 0.160540 0.118668 0.086916 0.063078 0.045360 0.032322 0.022821 0.015966 0.011067 0.007600 0.005169 0.003478 0.002310 0.001506 0.000949 0.000553 0.000254 0.000000 
0.000000 0.000199 0.000436 0.000752 0.001203 0.001860 0.002824 0.004233 0.006280 0.009226 0.013429 0.019368 0.027679 0.039197 0.055002 0.076476 0.105365 0.143842 0.194576 0.260795 0.346349 0.455754 0.594214 0.767624 0.982524 1.246015 1.565617 1.949067 2.404049 2.937870 3.557060 4.266940 5.071142 5.971128 6.965719 8.050671 9.218338 10.457444 11.753006 13.086425 14.435777 15.776290 17.081020 18.321698 19.469713 20.497191 21.378113 22.089402 22.611927 22.931365 23.038845 22.931365 22.611927 22.089402 21.378113 20.497191 19.469713 18.321698 17.081020 15.776290 14.435777 13.086425 11.753006 10.457444 9.218338 8.050671 6.965719 5.971128 5.071142 4.266940 3.557060 2.937870 2.404049 1.949067 1.565617 1.246015 0.982524 0.767624 0.594214 0.455754 0.346349 0.260795 0.194575 0.143842 0.105365 0.076476 0.055001 0.039196 0.027678 0.019367 0.013427 0.009222 0.006272 0.004221 0.002804 0.001828 0.001152 0.000671 0.000308 0.000000 
0.000000 0.000240 0.000524 0.000905 0.001447 0.002237 0.003395 0.005089 0.007549 0.011089 0.016139 0.023274 0.033258 0.047091 0.066071 0.091857 0.126543 0.172735 0.233635 0.313117 0.415796 0.547087 0.713230 0.921293 1.179116 1.495209 1.878586 2.338514 2.884204 3.524405 4.266940 5.118176 6.082459 7.161531 8.353969 9.654678 11.054485 12.539868 14.092864 15.691181 17.308538 18.915250 20.479029 21.966001 23.341885 24.573285 25.629024 26.481455 27.107661 27.490479 27.619284 27.490479 27.107661 26.481455 25.629024 24.573285 23.341885 21.966001 20.479029 18.915250 17.308538 15.691181 14.092864 12.539868 11.054485 9.654678 8.353969 7.161531 6.082459 5.118176 4.266940 3.524405 2.884204 2.338514 1.878586 1.495209 1.179116 0.921293 0.713230 0.547087 0.415796 0.313117 0.233635 0.172735 0.126543 0.091857 0.066071 0.047090 0.033256 0.023272 0.016136 0.011084 0.007540 0.005075 0.003372 0.002198 0.001385 0.000807 0.000371 0.000000 
0.000000 0.000286 0.000625 0.001078 0.001723 0.002664 0.004044 0.006062 0.008990 0.013205 0.019215 0.027707 0.039587 0.056047 0.078628 0.109304 0.150562 0.205502 0.277927 0.372442 0.494530 0.650625 0.848140 1.095469 1.401924 1.777612 2.233234 2.779795 3.428228 4.188916 5.071142 6.082459 7.228017 8.509875 9.926331 11.471325 13.133953 14.898152 16.742583 18.640771 20.561510 22.469549 24.326553 26.092306 27.726110 29.188319 30.441923 31.454103 32.197656 32.652209 32.805150 32.652209 32.197656 31.454103 30.441923 29.188319 27.726110 26.092306 24.326553 22.469549 20.561510 18.640771 16.742583 14.898152 13.133953 11.471325 9.926331 8.509875 7.228017 6.082459 5.071142 4.188916 3.428228 2.779795 2.233234 1.777612 1.401924 1.095469 0.848140 0.650625 0.494530 0.372442 0.277927 0.205501 0.150562 0.109303 0.078628 0.056046 0.039586 0.027705 0.019212 0.013198 0.008979 0.006044 0.004016 0.002619 0.001650 0.000962 0.000442 0.000000 
0.000000 0.000337 0.000738 0.001273 0.002034 0.003144 0.004772 0.007152 0.010605 0.015576 0.022664 0.032676 0.046681 0.066083 0.092699 0.128851 0.177471 0.242207 0.327539 0.438886 0.582706 0.766569 0.999202 1.290483 1.651369 2.093753 2.630223 3.273727 4.037121 4.932617 5.971128 7.161531 8.509875 10.018569 11.685600 13.503825 15.460406 17.536433 19.706793 21.940333 24.200338 26.445338 28.630233 30.707719 32.629922 34.350210 35.825055 37.015855 37.890615 38.425376 38.605304 38.425376 37.890615 37.015855 35.825055 34.350210 32.629922 30.707719 28.630233 26.445338 24.200338 21.940333 19.706793 17.536433 15.460406 13.503825 11.685600 10.018569 8.509875 7.161531 5.971128 4.932617 4.037121 3.273727 2.630223 2.093753 1.651369 1.290483 0.999202 0.766569 0.582706 0.438886 0.327539 0.242207 0.177471 0.128851 0.092699 0.066082 0.046680 0.032673 0.022659 0.015569 0.010593 0.007131 0.004739 0.003091 0.001948 0.001135 0.000521 0.000000 
0.000000 0.000395 0.000863 0.001488 0.002378 0.003676 0.005579 0.008359 0.012394 0.018201 0.026481 0.038175 0.054532 0.077190 0.108268 0.150478 0.207240 0.282809 0.382413 0.512372 0.680217 0.894778 1.166231 1.506093 1.927139 2.443233 3.069049 3.819677 4.710097 5.754541 6.965719 8.353969 9.926331 11.685600 13.629415 15.749438 18.030691 20.451119 22.981442 25.585342 28.220017 30.837128 33.384113 35.805835 38.046503 40.051771 41.770913 43.158946 44.178585 44.801910 45.011636 44.801910 44.178585 43.158946 41.770913 40.051771 38.046503 35.805835 33.384113 30.837128 28.220017 25.585342 22.981442 20.451119 18.030691 15.749438 13.629415 11.685600 9.926331 8.353969 6.965719 5.754541 4.710097 3.819677 3.069049 2.443233 1.927139 1.506093 1.166231 0.894778 0.680217 0.512372 0.382413 0.282809 0.207239 0.150478 0.108268 0.077189 0.054530 0.038172 0.026476 0.018193 0.012380 0.008335 0.005540 0.003613 0.002277 0.001327 0.000610 0.000000 
0.000000 0.000457 0.000999 0.001724 0.002755 0.004257 0.006460 0.009678 0.014349 0.021070 0.030651 0.044182 0.063108 0.089320 0.125272 0.174095 0.239744 0.327140 0.442320 0.592591 0.786655 1.034714 1.348525 1.741391 2.228070 2.824575 3.547852 4.415326 5.444295 6.651186 8.050671 9.654678 11.471325 13.503825 15.749438 18.198519 20.833755 23.629665 26.552423 29.560078 32.603197 35.625953 38.567647 41.364609 43.952419 46.268324 48.253754 49.856771 51.034327 51.754186 51.996391 51.754186 51.034327 49.856771 48.253754 46.268324 43.952419 41.364609 38.567647 35.625953 32.603197 29.560078 26.552423 23.629665 20.833755 18.198519 15.749438 13.503825 11.471325 9.654678 8.050671 6.651186 5.444295 4.415326 3.547852 2.824575 2.228070 1.741391 1.348525 1.034714 0.786655 0.592591 0.442320 0.327139 0.239744 0.174095 0.125271 0.089319 0.063106 0.044179 0.030645 0.021060 0.014332 0.009651 0.006415 0.004184 0.002637 0.001538 0.000706 0.000000 
0.000000 0.000524 0.001146 0.001978 0.003160 0.004884 0.007410 0.011101 0.016456 0.024162 0.035146 0.050657 0.072349 0.102391 0.143591 0.199538 0.274759 0.374889 0.506843 0.678986 0.901278 1.185400 1.544808 1.994729 2.552053 3.235102 4.063269 5.056487 6.234547 7.616237 9.218338 11.054485 13.133953 15.460406 18.030691 20.833755 23.849776 27.049582 30.394459 33.836397 37.318829 40.777878 44.144094 47.344632 50.305789 52.955777 55.227590 57.061812 58.409200 59.232875 59.510010 59.232875 58.409200 57.061812 55.227590 52.955777 50.305789 47.344632 44.144094 40.777878 37.318829 33.836397 30.394459 27.049582 23.849776 20.833755 18.030691 15.460406 13.133953 11.054485 9.218338 7.616237 6.234547 5.056487 4.063269 3.235102 2.552053 1.994729 1.544808 1.185400 0.901278 0.678985 0.506843 0.374889 0.274759 0.199537 0.143590 0.102390 0.072346 0.050653 0.035139 0.024150 0.016437 0.011069 0.007358 0.004800 0.003026 0.001764 0.000810 0.000000 
0.000000 0.000596 0.001303 0.002248 0.003592 0.005550 0.008420 0.012613 0.018696 0.027448 0.039922 0.057536 0.082167 0.116276 0.163051 0.226562 0.311948 0.425600 0.575362 0.770723 1.022982 1.345384 1.753189 2.263666 2.895964 3.670856 4.610327 5.736974 7.073227 8.640379 10.457444 12.539868 14.898152 17.536433 20.451119 23.629665 27.049582 30.677785 34.470374 38.372913 42.321271 46.243032 50.059466 53.688000 57.045090 60.049365 62.624878 64.704284 66.231769 67.165537 67.479713 67.165537 66.231769 64.704284 62.624878 60.049365 57.045090 53.688000 50.059466 46.243032 42.321271 38.372913 34.470374 30.677785 27.049582 23.629665 20.451119 17.536433 14.898152 12.539868 10.457444 8.640379 7.073227 5.736974 4.610327 3.670856 2.895964 2.263666 1.753189 1.345384 1.022982 0.770723 0.575362 0.425599 0.311947 0.226562 0.163050 0.116275 0.082164 0.057531 0.039914 0.027434 0.018674 0.012577 0.008361 0.005455 0.003439 0.002005 0.000921 0.000000 
0.000000 0.000671 0.001467 0.002531 0.004043 0.006248 0.009478 0.014196 0.021041 0.030888 0.044922 0.064737 0.092443 0.130809 0.183416 0.254842 0.350861 0.478659 0.647050 0.866697 1.150298 1.512734 1.971153 2.544954 3.255648 4.126571 5.182416 6.448561 7.950196 9.711229 11.753006 14.092864 16.742583 19.706793 22.981442 26.552423 30.394459 34.470374 38.730847 43.114730 47.549983 51.955270 56.242167 60.317934 64.088748 67.463225 70.356076 72.691674 74.407342 75.456144 75.809023 75.456144 74.407342 72.691674 70.356076 67.463225 64.088748 60.317934 56.242167 51.955270 47.549983 43.114730 38.730847 34.470374 30.394459 26.552423 22.981442 19.706793 16.742583 14.092864 11.753006 9.711229 7.950196 6.448561 5.182416 4.126571 3.255648 2.544954 1.971153 1.512734 1.150298 0.866697 0.647050 0.478658 0.350861 0.254842 0.183415 0.130807 0.092440 0.064732 0.044913 0.030873 0.021016 0.014155 0.009411 0.006140 0.003871 0.002257 0.001037 0.000000 
0.000000 0.000749 0.001637 0.002823 0.004509 0.006967 0.010568 0.015828 0.023458 0.034433 0.050074 0.072156 0.103031 0.145781 0.204395 0.283972 0.390942 0.533304 0.720877 0.965529 1.281397 1.685048 2.195569 2.834553 3.625941 4.595705 5.771322 7.181033 8.852864 10.813414 13.086425 15.691181 18.640771 21.940333 25.585342 29.560078 33.836397 38.372913 43.114730 47.993788 52.929920 57.832610 62.603461 67.139281 71.335671 75.090952 78.310226 80.909349 82.818584 83.985711 84.378401 83.985711 82.818584 80.909349 78.310226 75.090952 71.335671 67.139281 62.603461 57.832610 52.929920 47.993788 43.114730 38.372913 33.836397 29.560078 25.585342 21.940333 18.640771 15.691181 13.086425 10.813414 8.852864 7.181033 5.771322 4.595705 3.625941 2.834553 2.195569 1.685048 1.281397 0.965529 0.720877 0.533304 0.390941 0.283971 0.204394 0.145779 0.103027 0.072150 0.050064 0.034416 0.023430 0.015782 0.010494 0.006847 0.004317 0.002517 0.001156 0.000000 
0.000000 0.000827 0.001808 0.003118 0.004981 0.007696 0.011673 0.017481 0.025906 0.038024 0.055293 0.079672 0.113755 0.160944 0.225641 0.313471 0.431528 0.588637 0.795627 1.065591 1.414121 1.859489 2.422744 3.127698 4.000750 5.070539 6.367358 7.922342 9.766386 11.928809 14.435777 17.308538 20.561510 24.200338 28.220017 32.603197 37.318829 42.321271 47.549983 52.929920 58.372687 63.778488 69.038840 74.039979 78.666811 82.807245 86.356668 89.222321 91.327330 92.614130 93.047085 92.614130 91.327330 89.222321 86.356668 82.807245 78.666811 74.039979 69.038840 63.778488 58.372687 52.929920 47.549983 42.321271 37.318829 32.603197 28.220017 24.200338 20.561510 17.308538 14.435777 11.928809 9.766386 7.922342 6.367358 5.070539 4.000750 3.127698 2.422744 1.859489 1.414121 1.065591 0.795627 0.588637 0.431527 0.313470 0.225640 0.160942 0.113751 0.079665 0.055283 0.038006 0.025876 0.017431 0.011591 0.007563 0.004769 0.002781 0.001277 0.000000 
0.000000 0.000905 0.001979 0.003413 0.005451 0.008421 0.012771 0.019125 0.028342 0.041596 0.060483 0.087145 0.124417 0.176020 0.246763 0.342797 0.471873 0.643637 0.869925 1.165043 1.546029 2.032849 2.648501 3.418999 4.373187 5.542348 6.959573 8.658871 10.673985 13.036933 15.776290 18.915250 22.469549 26.445338 30.837128 35.625953 40.777878 46.243032 51.955270 57.832610 63.778488 69.683891 75.430325 80.893525 85.947782 90.470665 94.347916 97.478225 99.777630 101.183260 101.656196 101.183260 99.777630 97.478225 94.347916 90.470665 85.947782 80.893525 75.430325 69.683891 63.778488 57.832610 51.955270 46.243032 40.777878 35.625953 30.837128 26.445338 22.469549 18.915250 15.776290 13.036933 10.673985 8.658871 6.959573 5.542348 4.373187 3.418999 2.648501 2.032849 1.546029 1.165043 0.869925 0.643637 0.471872 0.342796 0.246762 0.176017 0.124413 0.087138 0.060472 0.041576 0.028308 0.019070 0.012682 0.008276 0.005218 0.003043 0.001398 0.000000 
0.000000 0.000981 0.002145 0.003699 0.005909 0.009127 0.013842 0.020728 0.030714 0.045075 0.065539 0.094424 0.134803 0.190703 0.267335 0.371356 0.511162 0.697197 0.942272 1.261880 1.674463 2.201635 2.868293 3.702593 4.735756 6.001638 7.536054 9.375808 11.557411 14.115511 17.081020 20.479029 24.326553 28.630233 33.384113 38.567647 44.144094 50.059466 56.242167 62.603461 69.038840 75.430325 81.649678 87.562423 93.032521 97.927486 102.123676 105.511463 107.999991 109.521228 110.033060 109.521228 107.999991 105.511463 102.123676 97.927486 93.032521 87.562423 81.649678 75.430325 69.038840 62.603461 56.242167 50.059466 44.144094 38.567647 33.384113 28.630233 24.326553 20.479029 17.081020 14.115511 11.557411 9.375808 7.536054 6.001638 4.735756 3.702593 2.868293 2.201635 1.674463 1.261879 0.942272 0.697196 0.511162 0.371355 0.267333 0.190700 0.134799 0.094416 0.065526 0.045054 0.030678 0.020668 0.013745 0.008970 0.005656 0.003299 0.001515 0.000000 
