0.000000 0.000000 0.000000 0.000000 0.000000 0.000000 0.000000 0.000000 0.000000 0.000000 0.000000 0.000000 0.000000 0.000000 0.000000 0.000000 0.000000 0.000000 0.000000 0.000000 0.000000 0.000000 0.000000 0.000000 0.000000 0.000000 0.000000 0.000000 0.000000 0.000000 0.000000 0.000000 0.000000 0.000000 0.000000 0.000000 0.000000 0.000000 0.000000 0.000000 0.000000 0.000000 0.000000 0.000000 0.000000 0.000000 0.000000 0.000000 0.000000 0.000000 0.000000 0.000000 0.000000 0.000000 0.000000 0.000000 0.000000 0.000000 0.000000 0.000000 0.000000 0.000000 0.000000 0.000000 0.000000 0.000000 0.000000 0.000000 0.000000 0.000000 0.000000 0.000000 0.000000 0.000000 0.000000 0.000000 0.000000 0.000000 0.000000 0.000000 0.000000 0.000000 0.000000 0.000000 0.000000 0.000000 0.000000 0.000000 0.000000 0.000000 0.000000 0.000000 0.000000 0.000000 0.000000 0.000000 0.000000 0.000000 0.000000 0.000000 
0.000000 0.000000 0.000000 0.000000 0.000000 0.000000 0.000000 0.000000 0.000000 0.000000 0.000000 0.000000 0.000000 0.000000 0.000000 0.000000 0.000000 0.000001 0.000001 0.000001 0.000002 0.000002 0.000003 0.000004 0.000005 0.000007 0.000009 0.000012 0.000016 0.000020 0.000025 0.000031 0.000039 0.000047 0.000057 0.000067 0.000079 0.000092 0.000106 0.000121 0.000136 0.000152 0.000167 0.000182 0.000196 0.000209 0.000219 0.000228 0.000235 0.000239 0.000240 0.000239 0.000235 0.000228 0.000219 0.000209 0.000196 0.000182 0.000167 0.000152 0.000136 0.000121 0.000106 0.000092 0.000079 0.000067 0.000057 0.000047 0.000039 0.000031 0.000025 0.000020 0.000016 0.000012 0.000009 0.000007 0.000005 0.000004 0.000003 0.000002 0.000002 0.000001 0.000001 0.000001 0.000000 0.000000 0.000000 0.000000 0.000000 0.000000 0.000000 0.000000 0.000000 0.000000 0.000000 0.000000 0.000000 0.000000 0.000000 0.000000 
0.000000 0.000000 0.000000 0.000000 0.000000 0.000000 0.000000 0.000000 0.000000 0.000000 0.000000 0.000000 0.000000 0.000000 0.000000 0.000001 0.000001 0.000001 0.000002 0.000002 0.000003 0.000005 0.000007 0.000009 0.000012 0.000016 0.000021 0.000028 0.000035 0.000045 0.000057 0.000071 0.000087 0.000106 0.000128 0.000153 0.000180 0.000209 0.000241 0.000274 0.000309 0.000344 0.000379 0.000412 0.000443 0.000472 0.000496 0.000516 0.000531 0.000540 0.000543 0.000540 0.000531 0.000516 0.000496 0.000472 0.000443 0.000412 0.000379 0.000344 0.000309 0.000274 0.000241 0.000209 0.000180 0.000153 0.000128 0.000106 0.000087 0.000071 0.000057 0.000045 0.000035 0.000028 0.000021 0.000016 0.000012 0.000009 0.000007 0.000005 0.000003 0.000002 0.000002 0.000001 0.000001 0.000001 0.000000 0.000000 0.000000 0.000000 0.000000 0.000000 0.000000 0.000000 0.000000 0.000000 0.000000 0.000000 0.000000 0.000000 
0.000000 0.000000 0.000000 0.000000 0.000000 0.000000 0.000000 0.000000 0.000000 0.000000 0.000000 0.000000 0.000000 0.000000 0.000001 0.000001 0.000001 0.000002 0.000003 0.000004 0.000006 0.000009 0.000012 0.000016 0.000022 0.000029 0.000038 0.000050 0.000065 0.000082 0.000104 0.000129 0.000159 0.000193 0.000233 0.000277 0.000327 0.000380 0.000438 0.000498 0.000561 0.000625 0.000687 0.000748 0.000805 0.000857 0.000901 0.000938 0.000964 0.000981 0.000986 0.000981 0.000964 0.000938 0.000901 0.000857 0.000805 0.000748 0.000687 0.000625 0.000561 0.000498 0.000438 0.000380 0.000327 0.000277 0.000233 0.000193 0.000159 0.000129 0.000104 0.000082 0.000065 0.000050 0.000038 0.000029 0.000022 0.000016 0.000012 0.000009 0.000006 0.000004 0.000003 0.000002 0.000001 0.000001 0.000001 0.000000 0.000000 0.000000 0.000000 0.000000 0.000000 0.000000 0.000000 0.000000 0.000000 0.000000 0.000000 0.000000 
0.000000 0.000000 0.000000 0.000000 0.000000 0.000000 0.000000 0.000000 0.000000 0.000000 0.000000 0.000000 0.000001 0.000001 0.000001 0.000002 0.000003 0.000004 0.000005 0.000008 0.000011 0.000015 0.000020 0.000028 0.000037 0.000050 0.000066 0.000085 0.000110 0.000140 0.000176 0.000219 0.000270 0.000329 0.000396 0.000472 0.000555 0.000646 0.000744 0.000847 0.000953 0.001061 0.001168 0.001271 0.001368 0.001455 0.001531 0.001593 0.001638 0.001666 0.001675 0.001666 0.001638 0.001593 0.001531 0.001455 0.001368 0.001271 0.001168 0.001061 0.000953 0.000847 0.000744 0.000646 0.000555 0.000472 0.000396 0.000329 0.000270 0.000219 0.000176 0.000140 0.000110 0.000085 0.000066 0.000050 0.000037 0.000028 0.000020 0.000015 0.000011 0.000008 0.000005 0.000004 0.000003 0.000002 0.000001 0.000001 0.000001 0.000000 0.000000 0.000000 0.000000 0.000000 0.000000 0.000000 0.000000 0.000000 0.000000 0.000000 
0.000000 0.000000 0.000000 0.000000 0.000000 0.000000 0.000000 0.000000 0.000000 0.000000 0.000000 0.000001 0.000001 0.000001 0.000002 0.000003 0.000004 0.000006 0.000009 0.000013 0.000018 0.000025 0.000034 0.000046 0.000062 0.000083 0.000109 0.000141 0.000182 0.000232 0.000292 0.000363 0.000447 0.000544 0.000655 0.000780 0.000918 0.001068 0.001230 0.001400 0.001575 0.001753 0.001929 0.002099 0.002259 0.002403 0.002528 0.002630 0.002705 0.002751 0.002767 0.002751 0.002705 0.002630 0.002528 0.002403 0.002259 0.002099 0.001929 0.001753 0.001575 0.001400 0.001230 0.001068 0.000918 0.000780 0.000655 0.000544 0.000447 0.000363 0.000292 0.000232 0.000182 0.000141 0.000109 0.000083 0.000062 0.000046 0.000034 0.000025 0.000018 0.000013 0.000009 0.000006 0.000004 0.000003 0.000002 0.000001 0.000001 0.000001 0.000000 0.000000 0.000000 0.000000 0.000000 0.000000 0.000000 0.000000 0.000000 0.000000 
0.000000 0.000000 0.000000 0.000000 0.000000 0.000000 0.000000 0.000000 0.000000 0.000000 0.000001 0.000001 0.000001 0.000002 0.000003 0.000005 0.000007 0.000010 0.000014 0.000021 0.000029 0.000040 0.000055 0.000075 0.000101 0.000135 0.000177 0.000230 0.000296 0.000377 0.000475 0.000591 0.000727 0.000885 0.001065 0.001268 0.001493 0.001737 0.001999 0.002275 0.002560 0.002849 0.003135 0.003411 0.003670 0.003904 0.004107 0.004272 0.004394 0.004469 0.004494 0.004469 0.004394 0.004272 0.004107 0.003904 0.003670 0.003411 0.003135 0.002849 0.002560 0.002275 0.001999 0.001737 0.001493 0.001268 0.001065 0.000885 0.000727 0.000591 0.000475 0.000377 0.000296 0.000230 0.000177 0.000135 0.000101 0.000075 0.000055 0.000040 0.000029 0.000021 0.000014 0.000010 0.000007 0.000005 0.000003 0.000002 0.000001 0.000001 0.000001 0.000000 0.000000 0.000000 0.000000 0.000000 0.000000 0.000000 0.000000 0.000000 
0.000000 0.000000 0.000000 0.000000 0.000000 0.000000 0.000000 0.000000 0.000000 0.000001 0.000001 0.000001 0.000002 0.000003 0.000005 0.000008 0.000011 0.000016 0.000023 0.000033 0.000047 0.000065 0.000089 0.000121 0.000163 0.000217 0.000285 0.000371 0.000477 0.000607 0.000763 0.000950 0.001169 0.001422 0.001712 0.002037 0.002397 0.002789 0.003210 0.003652 0.004109 0.004572 0.005031 0.005473 0.005888 0.006264 0.006589 0.006853 0.007049 0.007169 0.007209 0.007169 0.007049 0.006853 0.006589 0.006264 0.005888 0.005473 0.005031 0.004572 0.004109 0.003652 0.003210 0.002789 0.002397 0.002037 0.001712 0.001422 0.001169 0.000950 0.000763 0.000607 0.000477 0.000371 0.000285 0.000217 0.000163 0.000121 0.000089 0.000065 0.000047 0.000033 0.000023 0.000016 0.000011 0.000008 0.000005 0.000003 0.000002 0.000001 0.000001 0.000001 0.000000 0.000000 0.000000 0.000000 0.000000 0.000000 0.000000 0.000000 
0.000000 0.000000 0.000000 0.000000 0.000000 0.000000 0.000000 0.000000 0.000001 0.000001 0.000002 0.000002 0.000004 0.000005 0.000008 0.000012 0.000018 0.000026 0.000037 0.000053 0.000074 0.000103 0.000142 0.000193 0.000259 0.000345 0.000453 0.000590 0.000758 0.000965 0.001214 0.001510 0.001857 0.002260 0.002719 0.003235 0.003806 0.004429 0.005095 0.005797 0.006522 0.007256 0.007983 0.008684 0.009342 0.009937 0.010453 0.010872 0.011181 0.011371 0.011435 0.011371 0.011181 0.010872 0.010453 0.009937 0.009342 0.008684 0.007983 0.007256 0.006522 0.005797 0.005095 0.004429 0.003806 0.003235 0.002719 0.002260 0.001857 0.001510 0.001214 0.000965 0.000758 0.000590 0.000453 0.000345 0.000259 0.000193 0.000142 0.000103 0.000074 0.000053 0.000037 0.000026 0.000018 0.000012 0.000008 0.000005 0.000004 0.000002 0.000002 0.000001 0.000001 0.000000 0.000000 0.000000 0.000000 0.000000 0.000000 0.000000 
0.000000 0.000000 0.000000 0.000000 0.000000 0.000000 0.000000 0.000001 0.000001 0.000002 0.000002 0.000004 0.000006 0.000009 0.000013 0.000019 0.000028 0.000041 0.000059 0.000083 0.000117 0.000163 0.000224 0.000304 0.000408 0.000543 0.000714 0.000928 0.001193 0.001517 0.001908 0.002374 0.002920 0.003552 0.004272 0.005083 0.005979 0.006956 0.008002 0.009103 0.010240 0.011392 0.012531 0.013631 0.014663 0.015596 0.016404 0.017061 0.017546 0.017844 0.017945 0.017844 0.017546 0.017061 0.016404 0.015596 0.014663 0.013631 0.012531 0.011392 0.010240 0.009103 0.008002 0.006956 0.005979 0.005083 0.004272 0.003552 0.002920 0.002374 0.001908 0.001517 0.001193 0.000928 0.000714 0.000543 0.000408 0.000304 0.000224 0.000163 0.000117 0.000083 0.000059 0.000041 0.000028 0.000019 0.000013 0.000009 0.000006 0.000004 0.000002 0.000002 0.000001 0.000001 0.000000 0.000000 0.000000 0.000000 0.000000 0.000000 
0.000000 0.000000 0.000000 0.000000 0.000000 0.000000 0.000001 0.000001 0.000002 0.000002 0.000004 0.000006 0.000009 0.000013 0.000020 0.000030 0.000044 0.000064 0.000092 0.000130 0.000183 0.000254 0.000348 0.000473 0.000636 0.000845 0.001111 0.001445 0.001857 0.002361 0.002969 0.003692 0.004541 0.005523 0.006642 0.007900 0.009293 0.010809 0.012433 0.014142 0.015908 0.017694 0.019463 0.021169 0.022769 0.024217 0.025470 0.026490 0.027243 0.027705 0.027861 0.027705 0.027243 0.026490 0.025470 0.024217 0.022769 0.021169 0.019463 0.017694 0.015908 0.014142 0.012433 0.010809 0.009293 0.007900 0.006642 0.005523 0.004541 0.003692 0.002969 0.002361 0.001857 0.001445 0.001111 0.000845 0.000636 0.000473 0.000348 0.000254 0.000183 0.000130 0.000092 0.000064 0.000044 0.000030 0.000020 0.000013 0.000009 0.000006 0.000004 0.000002 0.000002 0.000001 0.000001 0.000000 0.000000 0.000000 0.000000 0.000000 
0.000000 0.000000 0.000000 0.000000 0.000000 0.000001 0.000001 0.000001 0.000002 0.000004 0.000006 0.000009 0.000014 0.000021 0.000031 0.000046 0.000068 0.000099 0.000141 0.000201 0.000282 0.000391 0.000537 0.000730 0.000981 0.001303 0.001712 0.002225 0.002860 0.003636 0.004571 0.005683 0.006987 0.008496 0.010217 0.012151 0.014290 0.016619 0.019113 0.021738 0.024449 0.027193 0.029908 0.032528 0.034984 0.037207 0.039130 0.040695 0.041850 0.042560 0.042799 0.042560 0.041850 0.040695 0.039130 0.037207 0.034984 0.032528 0.029908 0.027193 0.024449 0.021738 0.019113 0.016619 0.014290 0.012151 0.010217 0.008496 0.006987 0.005683 0.004571 0.003636 0.002860 0.002225 0.001712 0.001303 0.000981 0.000730 0.000537 0.000391 0.000282 0.000201 0.000141 0.000099 0.000068 0.000046 0.000031 0.000021 0.000014 0.000009 0.000006 0.000004 0.000002 0.000001 0.000001 0.000001 0.000000 0.000000 0.000000 0.000000 
0.000000 0.000000 0.000000 0.000000 0.000001 0.000001 0.000001 0.000002 0.000004 0.000006 0.000009 0.000014 0.000021 0.000032 0.000048 0.000071 0.000104 0.000151 0.000216 0.000307 0.000430 0.000597 0.000820 0.001114 0.001496 0.001987 0.002610 0.003391 0.004358 0.005538 0.006961 0.008653 0.010637 0.012933 0.015549 0.018489 0.021740 0.025281 0.029072 0.033061 0.037180 0.041347 0.045472 0.049452 0.053182 0.056558 0.059479 0.061855 0.063610 0.064687 0.065050 0.064687 0.063610 0.061855 0.059479 0.056558 0.053182 0.049452 0.045472 0.041347 0.037180 0.033061 0.029072 0.025281 0.021740 0.018489 0.015549 0.012933 0.010637 0.008653 0.006961 0.005538 0.004358 0.003391 0.002610 0.001987 0.001496 0.001114 0.000820 0.000597 0.000430 0.000307 0.000216 0.000151 0.000104 0.000071 0.000048 0.000032 0.000021 0.000014 0.000009 0.000006 0.000004 0.000002 0.000001 0.000001 0.000000 0.000000 0.000000 0.000000 
0.000000 0.000000 0.000000 0.000000 0.000001 0.000001 0.000002 0.000003 0.000005 0.000009 0.000013 0.000021 0.000032 0.000048 0.000072 0.000107 0.000157 0.000228 0.000327 0.000463 0.000650 0.000902 0.001238 0.001681 0.002257 0.002997 0.003936 0.005113 0.006569 0.008347 0.010489 0.013036 0.016022 0.019476 0.023413 0.027835 0.032725 0.038049 0.043750 0.049747 0.055939 0.062204 0.068403 0.074384 0.079990 0.085063 0.089453 0.093023 0.095660 0.097278 0.097824 0.097278 0.095660 0.093023 0.089453 0.085063 0.079990 0.074384 0.068403 0.062204 0.055939 0.049747 0.043750 0.038049 0.032725 0.027835 0.023413 0.019476 0.016022 0.013036 0.010489 0.008347 0.006569 0.005113 0.003936 0.002997 0.002257 0.001681 0.001238 0.000902 0.000650 0.000463 0.000327 0.000228 0.000157 0.000107 0.000072 0.000048 0.000032 0.000021 0.000013 0.000009 0.000005 0.000003 0.000002 0.000001 0.000001 0.000000 0.000000 0.000000 
0.000000 0.000000 0.000000 0.000001 0.000001 0.000002 0.000003 0.000005 0.000008 0.000013 0.000020 0.000031 0.000048 0.000072 0.000108 0.000161 0.000235 0.000341 0.000489 0.000693 0.000971 0.001348 0.001849 0.002509 0.003368 0.004472 0.005872 0.007627 0.009796 0.012445 0.015636 0.019429 0.023876 0.029018 0.034878 0.041459 0.048737 0.056659 0.065139 0.074060 0.083270 0.092588 0.101806 0.110701 0.119036 0.126579 0.133105 0.138413 0.142333 0.144739 0.145549 0.144739 0.142333 0.138413 0.133105 0.126579 0.119036 0.110701 0.101806 0.092588 0.083270 0.074060 0.065139 0.056659 0.048737 0.041459 0.034878 0.029018 0.023876 0.019429 0.015636 0.012445 0.009796 0.007627 0.005872 0.004472 0.003368 0.002509 0.001849 0.001348 0.000971 0.000693 0.000489 0.000341 0.000235 0.000161 0.000108 0.000072 0.000048 0.000031 0.000020 0.000013 0.000008 0.000005 0.000003 0.000002 0.000001 0.000001 0.000000 0.000000 
0.000000 0.000000 0.000001 0.000001 0.000002 0.000003 0.000005 0.000008 0.000012 0.000019 0.000030 0.000046 0.000071 0.000107 0.000161 0.000238 0.000348 0.000504 0.000723 0.001024 0.001436 0.001991 0.002732 0.003706 0.004974 0.006602 0.008668 0.011255 0.014453 0.018357 0.023060 0.028649 0.035201 0.042775 0.051405 0.061095 0.071810 0.083472 0.095955 0.109084 0.122637 0.136348 0.149911 0.162997 0.175260 0.186356 0.195955 0.203762 0.209529 0.213067 0.214260 0.213067 0.209529 0.203762 0.195955 0.186356 0.175260 0.162997 0.149911 0.136348 0.122637 0.109084 0.095955 0.083472 0.071810 0.061095 0.051405 0.042775 0.035201 0.028649 0.023060 0.018357 0.014453 0.011255 0.008668 0.006602 0.004974 0.003706 0.002732 0.001991 0.001436 0.001024 0.000723 0.000504 0.000348 0.000238 0.000161 0.000107 0.000071 0.000046 0.000030 0.000019 0.000012 0.000008 0.000005 0.000003 0.000002 0.000001 0.000000 0.000000 
0.000000 0.000000 0.000001 0.000001 0.000003 0.000004 0.000007 0.000011 0.000018 0.000028 0.000044 0.000068 0.000104 0.000157 0.000235 0.000348 0.000510 0.000738 0.001057 0.001498 0.002100 0.002911 0.003993 0.005416 0.007267 0.009643 0.012657 0.016431 0.021096 0.026790 0.033646 0.041794 0.051343 0.062380 0.074954 0.089071 0.104679 0.121664 0.139842 0.158960 0.178693 0.198653 0.218397 0.237445 0.255294 0.271443 0.285414 0.296776 0.305168 0.310317 0.312053 0.310317 0.305168 0.296776 0.285414 0.271443 0.255294 0.237445 0.218397 0.198653 0.178693 0.158960 0.139842 0.121664 0.104679 0.089071 0.074954 0.062380 0.051343 0.041794 0.033646 0.026790 0.021096 0.016431 0.012657 0.009643 0.007267 0.005416 0.003993 0.002911 0.002100 0.001498 0.001057 0.000738 0.000510 0.000348 0.000235 0.000157 0.000104 0.000068 0.000044 0.000028 0.000018 0.000011 0.000007 0.000004 0.000002 0.000001 0.000001 0.000000 
0.000000 0.000001 0.000001 0.000002 0.000004 0.000006 0.000010 0.000016 0.000026 0.000041 0.000064 0.000099 0.000151 0.000228 0.000341 0.000504 0.000738 0.001068 0.001530 0.002168 0.003038 0.004211 0.005773 0.007829 0.010502 0.013933 0.018284 0.023730 0.030463 0.038677 0.048567 0.060316 0.074086 0.089998 0.108124 0.128471 0.150963 0.175437 0.201628 0.229169 0.257594 0.286343 0.314780 0.342211 0.367914 0.391168 0.411284 0.427644 0.439727 0.447140 0.449639 0.447140 0.439727 0.427644 0.411284 0.391168 0.367914 0.342211 0.314780 0.286343 0.257594 0.229169 0.201628 0.175437 0.150963 0.128471 0.108124 0.089998 0.074086 0.060316 0.048567 0.038677 0.030463 0.023730 0.018284 0.013933 0.010502 0.007829 0.005773 0.004211 0.003038 0.002168 0.001530 0.001068 0.000738 0.000504 0.000341 0.000228 0.000151 0.000099 0.000064 0.000041 0.000026 0.000016 0.000010 0.000006 0.000004 0.000002 0.000001 0.000000 
0.000000 0.000001 0.000002 0.000003 0.000005 0.000009 0.000014 0.000023 0.000037 0.000059 0.000092 0.000141 0.000216 0.000327 0.000489 0.000723 0.001057 0.001530 0.002191 0.003103 0.004347 0.006024 0.008257 0.011195 0.015014 0.019915 0.026128 0.033905 0.043516 0.055239 0.069352 0.086116 0.105759 0.128454 0.154304 0.183317 0.215385 0.250273 0.287605 0.326858 0.367367 0.408334 0.448853 0.487937 0.524557 0.557684 0.586341 0.609646 0.626858 0.637418 0.640977 0.637418 0.626858 0.609646 0.586341 0.557684 0.524557 0.487937 0.448853 0.408334 0.367367 0.326858 0.287605 0.250273 0.215385 0.183317 0.154304 0.128454 0.105759 0.086116 0.069352 0.055239 0.043516 0.033905 0.026128 0.019915 0.015014 0.011195 0.008257 0.006024 0.004347 0.003103 0.002191 0.001530 0.001057 0.000723 0.000489 0.000327 0.000216 0.000141 0.000092 0.000059 0.000037 0.000023 0.000014 0.000009 0.000005 0.000003 0.000001 0.000000 
0.000000 0.000001 0.000002 0.000004 0.000008 0.000013 0.000021 0.000033 0.000053 0.000083 0.000130 0.000201 0.000307 0.000463 0.000693 0.001024 0.001498 0.002168 0.003103 0.004394 0.006154 0.008525 0.011683 0.015837 0.021234 0.028159 0.036937 0.047922 0.061494 0.078047 0.097971 0.121633 0.149354 0.181378 0.217849 0.258775 0.304006 0.353210 0.405855 0.461204 0.518317 0.576072 0.633191 0.688283 0.739898 0.786589 0.826978 0.859822 0.884079 0.898961 0.903977 0.898961 0.884079 0.859822 0.826978 0.786589 0.739898 0.688283 0.633191 0.576072 0.518317 0.461204 0.405855 0.353210 0.304006 0.258775 0.217849 0.181378 0.149354 0.121633 0.097971 0.078047 0.061494 0.047922 0.036937 0.028159 0.021234 0.015837 0.011683 0.008525 0.006154 0.004394 0.003103 0.002168 0.001498 0.001024 0.000693 0.000463 0.000307 0.000201 0.000130 0.000083 0.000053 0.000033 0.000020 0.000012 0.000007 0.000004 0.000002 0.000000 
0.000000 0.000002 0.000003 0.000006 0.000011 0.000018 0.000029 0.000047 0.000074 0.000117 0.000183 0.000282 0.000430 0.000650 0.000971 0.001436 0.002100 0.003038 0.004347 0.006154 0.008617 0.011935 0.016352 0.022161 0.029706 0.039387 0.051654 0.067004 0.085965 0.109086 0.136911 0.169952 0.208653 0.253357 0.304261 0.361376 0.424492 0.493143 0.566587 0.643796 0.723459 0.804012 0.883671 0.960498 1.032473 1.097579 1.153894 1.199688 1.233508 1.254256 1.261250 1.254256 1.233508 1.199688 1.153894 1.097579 1.032473 0.960498 0.883671 0.804012 0.723459 0.643796 0.566587 0.493143 0.424492 0.361376 0.304261 0.253357 0.208653 0.169952 0.136911 0.109086 0.085965 0.067004 0.051654 0.039387 0.029706 0.022161 0.016352 0.011935 0.008617 0.006154 0.004347 0.003038 0.002100 0.001436 0.000971 0.000650 0.000430 0.000282 0.000183 0.000117 0.000074 0.000047 0.000029 0.000018 0.000010 0.000006 0.000003 0.000000 
0.000000 0.000002 0.000005 0.000009 0.000015 0.000025 0.000040 0.000065 0.000103 0.000163 0.000254 0.000391 0.000597 0.000902 0.001348 0.001991 0.002911 0.004211 0.006024 0.008525 0.011935 0.016528 0.022639 0.030674 0.041110 0.054497 0.071457 0.092674 0.118879 0.150827 0.189269 0.234910 0.288363 0.350097 0.420384 0.499237 0.586364 0.681123 0.782487 0.889037 0.998965 1.110110 1.220016 1.326008 1.425301 1.515112 1.592794 1.655961 1.702611 1.731230 1.740876 1.731230 1.702611 1.655961 1.592794 1.515112 1.425301 1.326008 1.220016 1.110110 0.998965 0.889037 0.782487 0.681123 0.586364 0.499237 0.420384 0.350097 0.288363 0.234910 0.189269 0.150827 0.118879 0.092674 0.071457 0.054497 0.041110 0.030674 0.022639 0.016528 0.011935 0.008525 0.006024 0.004211 0.002911 0.001991 0.001348 0.000902 0.000597 0.000391 0.000254 0.000163 0.000103 0.000065 0.000040 0.000024 0.000014 0.000008 0.000004 0.000000 
0.000000 0.000003 0.000007 0.000012 0.000020 0.000034 0.000055 0.000089 0.000142 0.000224 0.000348 0.000537 0.000820 0.001238 0.001849 0.002732 0.003993 0.005773 0.008257 0.011683 0.016352 0.022639 0.031004 0.042000 0.056278 0.074590 0.097784 0.126796 0.162621 0.206292 0.258832 0.321200 0.394232 0.478569 0.574576 0.682272 0.801256 0.930647 1.069045 1.214509 1.364574 1.516289 1.666301 1.810963 1.946474 2.069040 2.175049 2.261247 2.324904 2.363957 2.377120 2.363957 2.324904 2.261247 2.175049 2.069040 1.946474 1.810963 1.666301 1.516289 1.364574 1.214509 1.069045 0.930647 0.801256 0.682272 0.574576 0.478569 0.394232 0.321200 0.258832 0.206292 0.162621 0.126796 0.097784 0.074590 0.056278 0.042000 0.031004 0.022639 0.016352 0.011683 0.008257 0.005773 0.003993 0.002732 0.001849 0.001238 0.000820 0.000537 0.000348 0.000223 0.000142 0.000089 0.000055 0.000034 0.000020 0.000011 0.000005 0.000000 
0.000000 0.000004 0.000009 0.000016 0.000028 0.000046 0.000075 0.000121 0.000193 0.000304 0.000473 0.000730 0.001114 0.001681 0.002509 0.003706 0.005416 0.007829 0.011195 0.015837 0.022161 0.030674 0.042000 0.056884 0.076207 0.100985 0.132364 0.171606 0.220056 0.279108 0.350140 0.434448 0.533160 0.647134 0.776864 0.922373 1.083115 1.257899 1.444831 1.641291 1.843948 2.048819 2.251377 2.446700 2.629657 2.795130 2.938244 3.054610 3.140545 3.193263 3.211032 3.193263 3.140545 3.054610 2.938244 2.795130 2.629657 2.446700 2.251377 2.048819 1.843948 1.641291 1.444831 1.257899 1.083115 0.922373 0.776864 0.647134 0.533160 0.434448 0.350140 0.279108 0.220056 0.171606 0.132364 0.100985 0.076207 0.056884 0.042000 0.030674 0.022161 0.015837 0.011195 0.007829 0.005416 0.003706 0.002509 0.001681 0.001114 0.000730 0.000473 0.000304 0.000193 0.000121 0.000075 0.000046 0.000027 0.000015 0.000007 0.000000 
0.000000 0.000005 0.000012 0.000022 0.000037 0.000062 0.000101 0.000163 0.000259 0.000408 0.000636 0.000981 0.001496 0.002257 0.003368 0.004974 0.007267 0.010502 0.015014 0.021234 0.029706 0.041110 0.056278 0.076207 0.102075 0.135240 0.177233 0.229738 0.294556 0.373543 0.468542 0.581280 0.713261 0.865630 1.039042 1.233523 1.448342 1.681904 1.931677 2.194159 2.464899 2.738578 3.009151 3.270044 3.514408 3.735409 3.926543 4.081950 4.196712 4.267115 4.290844 4.267115 4.196712 4.081950 3.926543 3.735409 3.514408 3.270044 3.009151 2.738578 2.464899 2.194159 1.931677 1.681904 1.448342 1.233523 1.039042 0.865630 0.713261 0.581280 0.468542 0.373543 0.294556 0.229738 0.177233 0.135240 0.102075 0.076207 0.056278 0.041110 0.029706 0.021234 0.015014 0.010502 0.007267 0.004974 0.003368 0.002257 0.001496 0.000981 0.000636 0.000408 0.000259 0.000163 0.000101 0.000061 0.000036 0.000020 0.000009 0.000000 
0.000000 0.000007 0.000016 0.000029 0.000050 0.000083 0.000135 0.000217 0.000345 0.000543 0.000845 0.001303 0.001987 0.002997 0.004472 0.006602 0.009643 0.013933 0.019915 0.028159 0.039387 0.054497 0.074590 0.100985 0.135240 0.179149 0.234738 0.304231 0.390007 0.494519 0.620198 0.769327 0.943887 1.145388 1.374691 1.631826 1.915823 2.224569 2.554716 2.901633 3.259437 3.621103 3.978641 4.323369 4.646242 4.938235 5.190758 5.396072 5.547687 5.640695 5.672044 5.640695 5.547687 5.396072 5.190758 4.938235 4.646242 4.323369 3.978641 3.621103 3.259437 2.901633 2.554716 2.224569 1.915823 1.631826 1.374691 1.145388 0.943887 0.769327 0.620198 0.494519 0.390007 0.304231 0.234738 0.179149 0.135240 0.100985 0.074590 0.054497 0.039387 0.028159 0.019915 0.013933 0.009643 0.006602 0.004472 0.002997 0.001987 0.001303 0.000845 0.000543 0.000345 0.000216 0.000134 0.000082 0.000048 0.000027 0.000012 0.000000 
0.000000 0.000009 0.000021 0.000038 0.000066 0.000109 0.000177 0.000285 0.000453 0.000714 0.001111 0.001712 0.002610 0.003936 0.005872 0.008668 0.012657 0.018284 0.026128 0.036937 0.051654 0.071457 0.097784 0.132364 0.177233 0.234738 0.307527 0.398509 0.510791 0.647580 0.812052 1.007186 1.235567 1.499166 1.799102 2.135409 2.506812 2.910545 3.342225 3.795798 4.263574 4.736365 5.203734 5.654335 6.076349 6.457986 6.788025 7.056357 7.254503 7.376055 7.417024 7.376055 7.254503 7.056357 6.788025 6.457986 6.076349 5.654335 5.203734 4.736365 4.263574 3.795798 3.342225 2.910545 2.506812 2.135409 1.799102 1.499166 1.235567 1.007186 0.812052 0.647580 0.510791 0.398509 0.307527 0.234738 0.177233 0.132364 0.097784 0.071457 0.051654 0.036937 0.026128 0.018284 0.012657 0.008668 0.005872 0.003936 0.002610 0.001712 0.001111 0.000713 0.000453 0.000285 0.000176 0.000108 0.000064 0.000035 0.000016 0.000000 
0.000000 0.000012 0.000028 0.000050 0.000085 0.000141 0.000230 0.000371 0.000590 0.000928 0.001445 0.002225 0.003391 0.005113 0.007627 0.011255 0.016431 0.023730 0.033905 0.047922 0.067004 0.092674 0.126796 0.171606 0.229738 0.304231 0.398509 0.516333 0.661721 0.838817 1.051725 1.304293 1.599860 1.940968 2.329056 2.764161 3.244627 3.766872 4.325223 4.911847 5.516797 6.128197 6.732551 7.315193 7.860848 8.354278 8.780980 9.127895 9.384064 9.541209 9.594174 9.541209 9.384064 9.127895 8.780980 8.354278 7.860848 7.315193 6.732551 6.128197 5.516797 4.911847 4.325223 3.766872 3.244627 2.764161 2.329056 1.940968 1.599860 1.304293 1.051725 0.838817 0.661721 0.516333 0.398509 0.304231 0.229738 0.171606 0.126796 0.092674 0.067004 0.047922 0.033905 0.023730 0.016431 0.011255 0.007627 0.005113 0.003391 0.002225 0.001444 0.000928 0.000589 0.000370 0.000230 0.000140 0.000083 0.000046 0.000020 0.000000 
0.000000 0.000016 0.000035 0.000065 0.000110 0.000182 0.000296 0.000477 0.000758 0.001193 0.001857 0.002860 0.004358 0.006569 0.009796 0.014453 0.021096 0.030463 0.043516 0.061494 0.085965 0.118879 0.162621 0.220056 0.294556 0.390007 0.510791 0.661721 0.847933 1.074727 1.347350 1.670718 2.049095 2.485725 2.982443 3.539284 4.154122 4.822369 5.536760 6.287272 7.061180 7.843291 8.616348 9.361597 10.059506 10.690596 11.236326 11.680001 12.007614 12.208584 12.276319 12.208584 12.007614 11.680001 11.236326 10.690596 10.059506 9.361597 8.616348 7.843291 7.061180 6.287272 5.536760 4.822369 4.154122 3.539284 2.982443 2.485725 2.049095 1.670718 1.347350 1.074727 0.847933 0.661721 0.510791 0.390007 0.294556 0.220056 0.162621 0.118879 0.085965 0.061494 0.043516 0.030463 0.021096 0.014453 0.009796 0.006569 0.004358 0.002860 0.001857 0.001193 0.000758 0.000476 0.000295 0.000180 0.000107 0.000059 0.000026 0.000000 
0.000000 0.000020 0.000045 0.000082 0.000140 0.000232 0.000377 0.000607 0.000965 0.001517 0.002361 0.003636 0.005538 0.008347 0.012445 0.018357 0.026790 0.038677 0.055239 0.078047 0.109086 0.150827 0.206292 0.279108 0.373543 0.494519 0.647580 0.838817 1.074727 1.362015 1.707314 2.116840 2.595980 3.148830 3.777699 4.482624 5.260903 6.106721 7.010878 7.960685 8.940040 9.929719 10.907891 11.850834 12.733844 13.532285 14.222711 14.784011 15.198472 15.452713 15.538404 15.452713 15.198472 14.784011 14.222711 13.532285 12.733844 11.850834 10.907891 9.929719 8.940040 7.960685 7.010878 6.106721 5.260903 4.482624 3.777699 3.148830 2.595980 2.116840 1.707314 1.362015 1.074727 0.838817 0.647580 0.494519 0.373543 0.279108 0.206292 0.150827 0.109086 0.078047 0.055239 0.038677 0.026790 0.018357 0.012445 0.008346 0.005538 0.003636 0.002361 0.001517 0.000964 0.000606 0.000376 0.000229 0.000136 0.000075 0.000033 0.000000 
0.000000 0.000025 0.000057 0.000104 0.000176 0.000292 0.000475 0.000763 0.001214 0.001908 0.002969 0.004571 0.006961 0.010489 0.015636 0.023060 0.033646 0.048567 0.069352 0.097971 0.136911 0.189269 0.258832 0.350140 0.468542 0.620198 0.812052 1.051725 1.347350 1.707314 2.139916 2.652927 3.253083 3.945496 4.733048 5.615769 6.590268 7.649251 8.781197 9.970217 11.196152 12.434945 13.659273 14.839455 15.944585 16.943838 17.807888 18.510324 19.028990 19.347151 19.454384 19.347151 19.028990 18.510324 17.807888 16.943838 15.944585 14.839455 13.659273 12.434945 11.196152 9.970217 8.781197 7.649251 6.590268 5.615769 4.733048 3.945496 3.253083 2.652927 2.139916 1.707314 1.347350 1.051725 0.812052 0.620198 0.468542 0.350140 0.258832 0.189269 0.136911 0.097971 0.069352 0.048567 0.033646 0.023060 0.015636 0.010489 0.006961 0.004571 0.002969 0.001908 0.001213 0.000762 0.000473 0.000289 0.000171 0.000095 0.000042 0.000000 
0.000000 0.000031 0.000071 0.000129 0.000219 0.000363 0.000591 0.000950 0.001510 0.002374 0.003692 0.005683 0.008653 0.013036 0.019429 0.028649 0.041794 0.060316 0.086116 0.121633 0.169952 0.234910 0.321200 0.434448 0.581280 0.769327 1.007186 1.304293 1.670718 2.116840 2.652927 3.288595 4.032167 4.889966 5.865541 6.958917 8.165877 9.477382 10.879154 12.351511 13.869496 15.403322 16.919167 18.380295 19.748454 20.985499 22.055139 22.924692 23.566745 23.960590 24.093331 23.960590 23.566745 22.924692 22.055139 20.985499 19.748454 18.380295 16.919167 15.403322 13.869496 12.351511 10.879154 9.477382 8.165877 6.958917 5.865541 4.889966 4.032167 3.288595 2.652927 2.116840 1.670718 1.304293 1.007186 0.769327 0.581280 0.434448 0.321200 0.234910 0.169952 0.121633 0.086116 0.060316 0.041794 0.028649 0.019429 0.013036 0.008653 0.005683 0.003692 0.002373 0.001509 0.000949 0.000589 0.000359 0.000213 0.000118 0.000052 0.000000 
0.000000 0.000039 0.000087 0.000159 0.000270 0.000447 0.000727 0.001169 0.001857 0.002920 0.004541 0.006987 0.010637 0.016022 0.023876 0.035201 0.051343 0.074086 0.105759 0.149354 0.208653 0.288363 0.394232 0.533160 0.713261 0.943887 1.235567 1.599860 2.049095 2.595980 3.253083 4.032167 4.943419 5.994561 7.189928 8.529528 10.008185 11.614809 13.331902 15.135354 16.994592 18.873140 20.729585 22.518947 24.194397 25.709241 27.019053 28.083831 28.870022 29.352278 29.514816 29.352278 28.870022 28.083831 27.019053 25.709241 24.194397 22.518947 20.729585 18.873140 16.994592 15.135354 13.331902 11.614809 10.008185 8.529528 7.189928 5.994561 4.943419 4.032167 3.253083 2.595980 2.049095 1.599860 1.235567 0.943887 0.713261 0.533160 0.394232 0.288363 0.208653 0.149354 0.105759 0.074086 0.051343 0.035201 0.023876 0.016022 0.010637 0.006987 0.004541 0.002919 0.001857 0.001167 0.000725 0.000443 0.000262 0.000145 0.000065 0.000000 
0.000000 0.000047 0.000106 0.000193 0.000329 0.000544 0.000885 0.001422 0.002260 0.003552 0.005523 0.008496 0.012933 0.019476 0.029018 0.042775 0.062380 0.089998 0.128454 0.181378 0.253357 0.350097 0.478569 0.647134 0.865630 1.145388 1.499166 1.940968 2.485725 3.148830 3.945496 4.889966 5.994561 7.268622 8.717380 10.340826 12.132666 14.079452 16.159971 18.345003 20.597511 22.873308 25.122233 27.289812 29.319336 31.154262 32.740796 34.030505 34.982762 35.566878 35.763746 35.566878 34.982762 34.030505 32.740796 31.154262 29.319336 27.289812 25.122233 22.873308 20.597511 18.345003 16.159971 14.079452 12.132666 10.340826 8.717380 7.268622 5.994561 4.889966 3.945496 3.148830 2.485725 1.940968 1.499166 1.145388 0.865630 0.647134 0.478569 0.350097 0.253357 0.181378 0.128454 0.089998 0.062380 0.042775 0.029018 0.019476 0.012933 0.008496 0.005522 0.003551 0.002259 0.001421 0.000882 0.000539 0.000320 0.000177 0.000079 0.000000 
0.000000 0.000057 0.000128 0.000233 0.000396 0.000655 0.001065 0.001712 0.002719 0.004272 0.006642 0.010217 0.015549 0.023413 0.034878 0.051405 0.074954 0.108124 0.154304 0.217849 0.304261 0.420384 0.574576 0.776864 1.039042 1.374691 1.799102 2.329056 2.982443 3.777699 4.733048 5.865541 7.189928 8.717380 10.454144 12.400187 14.547946 16.881284 19.374766 21.993371 24.692709 27.419836 30.114657 32.711912 35.143670 37.342205 39.243085 40.788301 41.929197 42.629020 42.864884 42.629020 41.929197 40.788301 39.243085 37.342205 35.143670 32.711912 30.114657 27.419836 24.692709 21.993371 19.374766 16.881284 14.547946 12.400187 10.454144 8.717380 7.189928 5.865541 4.733048 3.777699 2.982443 2.329056 1.799102 1.374691 1.039042 0.776864 0.574576 0.420384 0.304261 0.217849 0.154304 0.108124 0.074954 0.051405 0.034878 0.023413 0.015549 0.010217 0.006642 0.004272 0.002718 0.001710 0.001062 0.000648 0.000385 0.000213 0.000095 0.000000 
0.000000 0.000067 0.000153 0.000277 0.000472 0.000780 0.001268 0.002037 0.003235 0.005083 0.007900 0.012151 0.018489 0.027835 0.041459 0.061095 0.089071 0.128471 0.183317 0.258775 0.361376 0.499237 0.682272 0.922373 1.233523 1.631826 2.135409 2.764161 3.539284 4.482624 5.615769 6.958917 8.529528 10.340826 12.400187 14.707548 17.253920 20.020155 22.976087 26.080193 29.279856 32.512326 35.706384 38.784700 41.666784 44.272389 46.525182 48.356435 49.708508 50.537858 50.817377 50.537858 49.708508 48.356435 46.525182 44.272389 41.666784 38.784700 35.706384 32.512326 29.279856 26.080193 22.976087 20.020155 17.253920 14.707548 12.400187 10.340826 8.529528 6.958917 5.615769 4.482624 3.539284 2.764161 2.135409 1.631826 1.233523 0.922373 0.682272 0.499237 0.361376 0.258775 0.183317 0.128471 0.089071 0.061095 0.041459 0.027835 0.018489 0.012150 0.007900 0.005082 0.003234 0.002034 0.001264 0.000772 0.000458 0.000254 0.000113 0.000000 
0.000000 0.000079 0.000180 0.000327 0.000555 0.000918 0.001493 0.002397 0.003806 0.005979 0.009293 0.014290 0.021740 0.032725 0.048737 0.071810 0.104679 0.150963 0.215385 0.304006 0.424492 0.586364 0.801256 1.083115 1.448342 1.915823 2.506812 3.244627 4.154122 5.260903 6.590268 8.165877 10.008185 12.132666 14.547946 17.253920 20.240024 23.483784 26.949814 30.589420 34.340909 38.130716 41.875359 45.484197 48.862893 51.917399 54.558258 56.704931 58.289869 59.262049 59.589705 59.262049 58.289869 56.704931 54.558258 51.917399 48.862893 45.484197 41.875359 38.130716 34.340909 30.589420 26.949814 23.483784 20.240024 17.253920 14.547946 12.132666 10.008185 8.165877 6.590268 5.260903 4.154122 3.244627 2.506812 1.915823 1.448342 1.083115 0.801256 0.586364 0.424492 0.304006 0.215385 0.150963 0.104679 0.071810 0.048737 0.032725 0.021740 0.014289 0.009292 0.005978 0.003805 0.002394 0.001487 0.000909 0.000539 0.000299 0.000133 0.000000 
0.000000 0.000092 0.000209 0.000380 0.000646 0.001068 0.001737 0.002789 0.004429 0.006956 0.010809 0.016619 0.025281 0.038049 0.056659 0.083472 0.121664 0.175437 0.250273 0.353210 0.493143 0.681123 0.930647 1.257899 1.681904 2.224569 2.910545 3.766872 4.822369 6.106721 7.649251 9.477382 11.614809 14.079452 16.881284 20.020155 23.483784 27.246082 31.265996 35.487041 39.837671 44.232582 48.574976 52.759768 56.677588 60.219413 63.281543 65.770617 67.608338 68.735565 69.115474 68.735565 67.608338 65.770617 63.281543 60.219413 56.677588 52.759768 48.574976 44.232582 39.837671 35.487041 31.265996 27.246082 23.483784 20.020155 16.881284 14.079452 11.614809 9.477382 7.649251 6.106721 4.822369 3.766872 2.910545 2.224569 1.681904 1.257899 0.930647 0.681123 0.493143 0.353210 0.250273 0.175437 0.121664 0.083472 0.056659 0.038049 0.025281 0.016619 0.010808 0.006955 0.004427 0.002786 0.001731 0.001058 0.000628 0.000348 0.000155 0.000000 
0.000000 0.000106 0.000241 0.000438 0.000744 0.001230 0.001999 0.003210 0.005095 0.008002 0.012433 0.019113 0.029072 0.043750 0.065139 0.095955 0.139842 0.201628 0.287605 0.405855 0.566587 0.782487 1.069045 1.444831 1.931677 2.554716 3.342225 4.325223 5.536760 7.010878 8.781197 10.879154 13.331902 16.159971 19.374766 22.976087 26.949814 31.265996 35.877519 40.719582 45.710112 50.751268 55.732036 60.531905 65.025458 69.087682 72.599670 75.454377 77.562030 78.854819 79.290526 78.854819 77.562030 75.454377 72.599670 69.087682 65.025458 60.531905 55.732036 50.751268 45.710112 40.719582 35.877519 31.265996 26.949814 22.976087 19.374766 16.159971 13.331902 10.879154 8.781197 7.010878 5.536760 4.325223 3.342225 2.554716 1.931677 1.444831 1.069045 0.782487 0.566587 0.405855 0.287605 0.201628 0.139842 0.095955 0.065139 0.043750 0.029072 0.019113 0.012432 0.008001 0.005093 0.003206 0.001992 0.001217 0.000723 0.000401 0.000178 0.000000 
0.000000 0.000121 0.000274 0.000498 0.000847 0.001400 0.002275 0.003652 0.005797 0.009103 0.014142 0.021738 0.033061 0.049747 0.074060 0.109084 0.158960 0.229169 0.326858 0.461204 0.643796 0.889037 1.214509 1.641291 2.194159 2.901633 3.795798 4.911847 6.287272 7.960685 9.970217 12.351511 15.135354 18.345003 21.993371 26.080193 30.589420 35.487041 40.719582 46.213506 51.875695 57.595147 63.245931 68.691348 73.789142 78.397523 82.381628 85.620055 88.010988 89.477527 89.971792 89.477527 88.010988 85.620055 82.381628 78.397523 73.789142 68.691348 63.245931 57.595147 51.875695 46.213506 40.719582 35.487041 30.589420 26.080193 21.993371 18.345003 15.135354 12.351511 9.970217 7.960685 6.287272 4.911847 3.795798 2.901633 2.194159 1.641291 1.214509 0.889037 0.643796 0.461204 0.326858 0.229169 0.158960 0.109084 0.074060 0.049747 0.033061 0.021738 0.014142 0.009102 0.005795 0.003648 0.002267 0.001386 0.000823 0.000456 0.000203 0.000000 
0.000000 0.000136 0.000309 0.000561 0.000953 0.001575 0.002560 0.004109 0.006522 0.010240 0.015908 0.024449 0.037180 0.055939 0.083270 0.122637 0.178693 0.257594 0.367367 0.518317 0.723459 0.998965 1.364574 1.843948 2.464899 3.259437 4.263574 5.516797 7.061180 8.940040 11.196152 13.869496 16.994592 20.597511 24.692709 29.279856 34.340909 39.837671 45.710112 51.875695 58.229918 64.648224 70.989312 77.099807 82.820112 87.991151 92.461633 96.095363 98.778127 100.423658 100.978247 100.423658 98.778127 96.095363 92.461633 87.991151 82.820112 77.099807 70.989312 64.648224 58.229918 51.875695 45.710112 39.837671 34.340909 29.279856 24.692709 20.597511 16.994592 13.869496 11.196152 8.940040 7.061180 5.516797 4.263574 3.259437 2.464899 1.843948 1.364574 0.998965 0.723459 0.518317 0.367367 0.257594 0.178693 0.122637 0.083270 0.055939 0.037179 0.024449 0.015907 0.010239 0.006520 0.004104 0.002551 0.001560 0.000926 0.000514 0.000228 0.000000 
0.000000 0.000152 0.000344 0.000625 0.001061 0.001753 0.002849 0.004572 0.007256 0.011392 0.017694 0.027193 0.041347 0.062204 0.092588 0.136348 0.198653 0.286343 0.408334 0.576072 0.804012 1.110110 1.516289 2.048819 2.738578 3.621103 4.736365 6.128197 7.843291 9.929719 12.434945 15.403322 18.873140 22.873308 27.419836 32.512326 38.130716 44.232582 50.751268 57.595147 64.648224 71.772252 78.810411 85.592490 91.941382 97.680565 102.642157 106.675033 109.652463 111.478723 112.094222 111.478723 109.652463 106.675033 102.642157 97.680565 91.941382 85.592490 78.810411 71.772252 64.648224 57.595147 50.751268 44.232582 38.130716 32.512326 27.419836 22.873308 18.873140 15.403322 12.434945 9.929719 7.843291 6.128197 4.736365 3.621103 2.738578 2.048819 1.516289 1.110110 0.804012 0.576072 0.408334 0.286343 0.198653 0.136348 0.092588 0.062204 0.041347 0.027192 0.017693 0.011390 0.007253 0.004567 0.002839 0.001736 0.001031 0.000572 0.000254 0.000000 
0.000000 0.000167 0.000379 0.000687 0.001168 0.001929 0.003135 0.005031 0.007983 0.012531 0.019463 0.029908 0.045472 0.068403 0.101806 0.149911 0.218397 0.314780 0.448853 0.633191 0.883671 1.220016 1.666301 2.251377 3.009151 3.978641 5.203734 6.732551 8.616348 10.907891 13.659273 16.919167 20.729585 25.122233 30.114657 35.706384 41.875359 48.574976 55.732036 63.245931 70.989312 78.810411 86.537080 93.982486 100.952224 107.252545 112.699186 117.126280 120.394733 122.399490 123.075145 122.399490 120.394733 117.126280 112.699186 107.252545 100.952224 93.982486 86.537080 78.810411 70.989312 63.245931 55.732036 48.574976 41.875359 35.706384 30.114657 25.122233 20.729585 16.919167 13.659273 10.907891 8.616348 6.732551 5.203734 3.978641 3.009151 2.251377 1.666301 1.220016 0.883671 0.633191 0.448853 0.314780 0.218397 0.149911 0.101806 0.068403 0.045471 0.029907 0.019462 0.012530 0.007980 0.005025 0.003124 0.001910 0.001134 0.000629 0.000280 0.000000 
