0.000000 0.000000 0.000000 0.000000 0.000000 0.000000 0.000000 0.000000 0.000000 0.000000 0.000000 0.000000 0.000000 0.000000 0.000000 0.000000 0.000000 0.000000 0.000000 0.000000 0.000000 0.000000 0.000000 0.000000 0.000000 0.000000 0.000000 0.000000 0.000000 0.000000 0.000000 0.000000 0.000000 0.000000 0.000000 0.000000 0.000000 0.000000 0.000000 0.000000 0.000000 0.000000 0.000000 0.000000 0.000000 0.000000 0.000000 0.000000 0.000000 0.000000 0.000000 0.000000 0.000000 0.000000 0.000000 0.000000 0.000000 0.000000 0.000000 0.000000 0.000000 0.000000 0.000000 0.000000 0.000000 0.000000 0.000000 0.000000 0.000000 0.000000 0.000000 0.000000 0.000000 0.000000 0.000000 0.000000 0.000000 0.000000 0.000000 0.000000 0.000000 0.000000 0.000000 0.000000 0.000000 0.000000 0.000000 0.000000 0.000000 0.000000 0.000000 0.000000 0.000000 0.000000 0.000000 0.000000 0.000000 0.000000 0.000000 0.000000 
0.000000 0.000000 0.000000 0.000000 0.000000 0.000000 0.000000 0.000000 0.000000 0.000000 0.000000 0.000000 0.000000 0.000001 0.000001 0.000001 0.000002 0.000003 0.000004 0.000006 0.000008 0.000010 0.000014 0.000018 0.000023 0.000030 0.000039 0.000049 0.000062 0.000077 0.000094 0.000115 0.000139 0.000166 0.000196 0.000229 0.000265 0.000304 0.000346 0.000388 0.000432 0.000476 0.000518 0.000559 0.000598 0.000632 0.000661 0.000685 0.000703 0.000714 0.000717 0.000714 0.000703 0.000685 0.000661 0.000632 0.000598 0.000559 0.000518 0.000476 0.000432 0.000388 0.000346 0.000304 0.000265 0.000229 0.000196 0.000166 0.000139 0.000115 0.000094 0.000077 0.000062 0.000049 0.000039 0.000030 0.000023 0.000018 0.000014 0.000010 0.000008 0.000006 0.000004 0.000003 0.000002 0.000001 0.000001 0.000001 0.000000 0.000000 0.000000 0.000000 0.000000 0.000000 0.000000 0.000000 0.000000 0.000000 0.000000 0.000000 
0.000000 0.000000 0.000000 0.000000 0.000000 0.000000 0.000000 0.000000 0.000000 0.000000 0.000000 0.000001 0.000001 0.000002 0.000002 0.000003 0.000005 0.000006 0.000009 0.000012 0.000017 0.000023 0.000030 0.000040 0.000052 0.000067 0.000086 0.000109 0.000137 0.000170 0.000209 0.000255 0.000307 0.000367 0.000433 0.000507 0.000587 0.000674 0.000765 0.000859 0.000956 0.001052 0.001147 0.001238 0.001322 0.001398 0.001463 0.001516 0.001555 0.001579 0.001587 0.001579 0.001555 0.001516 0.001463 0.001398 0.001322 0.001238 0.001147 0.001052 0.000956 0.000859 0.000765 0.000674 0.000587 0.000507 0.000433 0.000367 0.000307 0.000255 0.000209 0.000170 0.000137 0.000109 0.000086 0.000067 0.000052 0.000040 0.000030 0.000023 0.000017 0.000012 0.000009 0.000006 0.000005 0.000003 0.000002 0.000002 0.000001 0.000001 0.000000 0.000000 0.000000 0.000000 0.000000 0.000000 0.000000 0.000000 0.000000 0.000000 
0.000000 0.000000 0.000000 0.000000 0.000000 0.000000 0.000000 0.000000 0.000000 0.000001 0.000001 0.000001 0.000002 0.000003 0.000004 0.000006 0.000008 0.000011 0.000016 0.000022 0.000029 0.000040 0.000053 0.000070 0.000091 0.000118 0.000151 0.000191 0.000240 0.000299 0.000368 0.000448 0.000540 0.000644 0.000762 0.000891 0.001032 0.001183 0.001343 0.001509 0.001678 0.001848 0.002014 0.002173 0.002322 0.002455 0.002569 0.002662 0.002730 0.002772 0.002786 0.002772 0.002730 0.002662 0.002569 0.002455 0.002322 0.002173 0.002014 0.001848 0.001678 0.001509 0.001343 0.001183 0.001032 0.000891 0.000762 0.000644 0.000540 0.000448 0.000368 0.000299 0.000240 0.000191 0.000151 0.000118 0.000091 0.000070 0.000053 0.000040 0.000029 0.000022 0.000016 0.000011 0.000008 0.000006 0.000004 0.000003 0.000002 0.000001 0.000001 0.000001 0.000000 0.000000 0.000000 0.000000 0.000000 0.000000 0.000000 0.000000 
0.000000 0.000000 0.000000 0.000000 0.000000 0.000000 0.000000 0.000000 0.000001 0.000001 0.000001 0.000002 0.000003 0.000005 0.000007 0.000009 0.000013 0.000019 0.000026 0.000035 0.000048 0.000065 0.000086 0.000114 0.000149 0.000193 0.000247 0.000313 0.000393 0.000488 0.000601 0.000732 0.000882 0.001053 0.001244 0.001456 0.001686 0.001933 0.002193 0.002464 0.002741 0.003017 0.003289 0.003548 0.003790 0.004007 0.004194 0.004345 0.004457 0.004525 0.004548 0.004525 0.004457 0.004345 0.004194 0.004007 0.003790 0.003548 0.003289 0.003017 0.002741 0.002464 0.002193 0.001933 0.001686 0.001456 0.001244 0.001053 0.000882 0.000732 0.000601 0.000488 0.000393 0.000313 0.000247 0.000193 0.000149 0.000114 0.000086 0.000065 0.000048 0.000035 0.000026 0.000019 0.000013 0.000009 0.000007 0.000005 0.000003 0.000002 0.000001 0.000001 0.000001 0.000000 0.000000 0.000000 0.000000 0.000000 0.000000 0.000000 
0.000000 0.000000 0.000000 0.000000 0.000000 0.000000 0.000000 0.000001 0.000001 0.000002 0.000002 0.000003 0.000005 0.000007 0.000010 0.000015 0.000021 0.000030 0.000041 0.000056 0.000077 0.000103 0.000137 0.000181 0.000236 0.000306 0.000392 0.000496 0.000623 0.000774 0.000952 0.001159 0.001397 0.001668 0.001970 0.002305 0.002669 0.003059 0.003471 0.003900 0.004337 0.004775 0.005204 0.005614 0.005996 0.006339 0.006635 0.006874 0.007050 0.007158 0.007195 0.007158 0.007050 0.006874 0.006635 0.006339 0.005996 0.005614 0.005204 0.004775 0.004337 0.003900 0.003471 0.003059 0.002669 0.002305 0.001970 0.001668 0.001397 0.001159 0.000952 0.000774 0.000623 0.000496 0.000392 0.000306 0.000236 0.000181 0.000137 0.000103 0.000077 0.000056 0.000041 0.000030 0.000021 0.000015 0.000010 0.000007 0.000005 0.000003 0.000002 0.000002 0.000001 0.000001 0.000000 0.000000 0.000000 0.000000 0.000000 0.000000 
0.000000 0.000000 0.000000 0.000000 0.000000 0.000000 0.000001 0.000001 0.000002 0.000002 0.000004 0.000005 0.000008 0.000011 0.000016 0.000023 0.000033 0.000046 0.000064 0.000088 0.000119 0.000161 0.000214 0.000282 0.000369 0.000477 0.000610 0.000773 0.000970 0.001205 0.001482 0.001804 0.002175 0.002595 0.003066 0.003586 0.004152 0.004758 0.005399 0.006065 0.006744 0.007424 0.008091 0.008728 0.009322 0.009855 0.010314 0.010686 0.010960 0.011127 0.011184 0.011127 0.010960 0.010686 0.010314 0.009855 0.009322 0.008728 0.008091 0.007424 0.006744 0.006065 0.005399 0.004758 0.004152 0.003586 0.003066 0.002595 0.002175 0.001804 0.001482 0.001205 0.000970 0.000773 0.000610 0.000477 0.000369 0.000282 0.000214 0.000161 0.000119 0.000088 0.000064 0.000046 0.000033 0.000023 0.000016 0.000011 0.000008 0.000005 0.000004 0.000002 0.000002 0.000001 0.000001 0.000000 0.000000 0.000000 0.000000 0.000000 
0.000000 0.000000 0.000000 0.000000 0.000000 0.000001 0.000001 0.000002 0.000002 0.000004 0.000005 0.000008 0.000012 0.000017 0.000025 0.000036 0.000051 0.000071 0.000099 0.000135 0.000184 0.000247 0.000330 0.000435 0.000567 0.000734 0.000939 0.001189 0.001492 0.001853 0.002279 0.002774 0.003343 0.003989 0.004711 0.005509 0.006378 0.007310 0.008293 0.009315 0.010357 0.011401 0.012423 0.013401 0.014312 0.015130 0.015834 0.016404 0.016824 0.017081 0.017168 0.017081 0.016824 0.016404 0.015834 0.015130 0.014312 0.013401 0.012423 0.011401 0.010357 0.009315 0.008293 0.007310 0.006378 0.005509 0.004711 0.003989 0.003343 0.002774 0.002279 0.001853 0.001492 0.001189 0.000939 0.000734 0.000567 0.000435 0.000330 0.000247 0.000184 0.000135 0.000099 0.000071 0.000051 0.000036 0.000025 0.000017 0.000012 0.000008 0.000005 0.000004 0.000002 0.000002 0.000001 0.000001 0.000000 0.000000 0.000000 0.000000 
0.000000 0.000000 0.000000 0.000000 0.000001 0.000001 0.000002 0.000002 0.000004 0.000006 0.000008 0.000012 0.000018 0.000027 0.000038 0.000055 0.000078 0.000109 0.000150 0.000206 0.000280 0.000377 0.000502 0.000662 0.000864 0.001117 0.001429 0.001810 0.002271 0.002820 0.003466 0.004219 0.005084 0.006065 0.007163 0.008375 0.009694 0.011109 0.012602 0.014154 0.015736 0.017320 0.018872 0.020357 0.021739 0.022980 0.024049 0.024914 0.025552 0.025942 0.026073 0.025942 0.025552 0.024914 0.024049 0.022980 0.021739 0.020357 0.018872 0.017320 0.015736 0.014154 0.012602 0.011109 0.009694 0.008375 0.007163 0.006065 0.005084 0.004219 0.003466 0.002820 0.002271 0.001810 0.001429 0.001117 0.000864 0.000662 0.000502 0.000377 0.000280 0.000206 0.000150 0.000109 0.000078 0.000055 0.000038 0.000027 0.000018 0.000012 0.000008 0.000006 0.000004 0.000002 0.000002 0.000001 0.000001 0.000000 0.000000 0.000000 
0.000000 0.000000 0.000000 0.000001 0.000001 0.000002 0.000002 0.000004 0.000006 0.000008 0.000013 0.000019 0.000028 0.000040 0.000058 0.000083 0.000117 0.000164 0.000227 0.000312 0.000423 0.000569 0.000757 0.000998 0.001303 0.001683 0.002154 0.002728 0.003421 0.004247 0.005220 0.006353 0.007654 0.009130 0.010781 0.012604 0.014587 0.016714 0.018960 0.021291 0.023670 0.026051 0.028384 0.030615 0.032691 0.034556 0.036162 0.037462 0.038420 0.039006 0.039203 0.039006 0.038420 0.037462 0.036162 0.034556 0.032691 0.030615 0.028384 0.026051 0.023670 0.021291 0.018960 0.016714 0.014587 0.012604 0.010781 0.009130 0.007654 0.006353 0.005220 0.004247 0.003421 0.002728 0.002154 0.001683 0.001303 0.000998 0.000757 0.000569 0.000423 0.000312 0.000227 0.000164 0.000117 0.000083 0.000058 0.000040 0.000028 0.000019 0.000013 0.000008 0.000006 0.000004 0.000002 0.000001 0.000001 0.000001 0.000000 0.000000 
0.000000 0.000000 0.000000 0.000001 0.000001 0.000002 0.000004 0.000005 0.000008 0.000013 0.000019 0.000028 0.000042 0.000060 0.000087 0.000124 0.000175 0.000245 0.000340 0.000466 0.000632 0.000850 0.001131 0.001491 0.001945 0.002513 0.003214 0.004070 0.005103 0.006335 0.007785 0.009473 0.011411 0.013609 0.016069 0.018783 0.021737 0.024903 0.028246 0.031717 0.035257 0.038801 0.042272 0.045593 0.048682 0.051458 0.053847 0.055782 0.057206 0.058078 0.058372 0.058078 0.057206 0.055782 0.053847 0.051458 0.048682 0.045593 0.042272 0.038801 0.035257 0.031717 0.028246 0.024903 0.021737 0.018783 0.016069 0.013609 0.011411 0.009473 0.007785 0.006335 0.005103 0.004070 0.003214 0.002513 0.001945 0.001491 0.001131 0.000850 0.000632 0.000466 0.000340 0.000245 0.000175 0.000124 0.000087 0.000060 0.000042 0.000028 0.000019 0.000013 0.000008 0.000005 0.000004 0.000002 0.000001 0.000001 0.000000 0.000000 
0.000000 0.000000 0.000001 0.000001 0.000002 0.000003 0.000005 0.000008 0.000012 0.000019 0.000028 0.000042 0.000062 0.000090 0.000129 0.000184 0.000260 0.000363 0.000503 0.000689 0.000935 0.001257 0.001673 0.002204 0.002875 0.003714 0.004750 0.006014 0.007539 0.009357 0.011497 0.013988 0.016847 0.020090 0.023718 0.027721 0.032077 0.036746 0.041674 0.046791 0.052010 0.057233 0.062350 0.067244 0.071795 0.075887 0.079407 0.082258 0.084357 0.085642 0.086075 0.085642 0.084357 0.082258 0.079407 0.075887 0.071795 0.067244 0.062350 0.057233 0.052010 0.046791 0.041674 0.036746 0.032077 0.027721 0.023718 0.020090 0.016847 0.013988 0.011497 0.009357 0.007539 0.006014 0.004750 0.003714 0.002875 0.002204 0.001673 0.001257 0.000935 0.000689 0.000503 0.000363 0.000260 0.000184 0.000129 0.000090 0.000062 0.000042 0.000028 0.000019 0.000012 0.000008 0.000005 0.000003 0.000002 0.000001 0.000001 0.000000 
0.000000 0.000000 0.000001 0.000002 0.000003 0.000005 0.000008 0.000012 0.000018 0.000028 0.000042 0.000062 0.000090 0.000131 0.000189 0.000270 0.000381 0.000532 0.000737 0.001010 0.001371 0.001842 0.002450 0.003228 0.004210 0.005437 0.006951 0.008800 0.011029 0.013687 0.016816 0.020455 0.024634 0.029371 0.034670 0.040518 0.046879 0.053698 0.060894 0.068364 0.075984 0.083608 0.091077 0.098221 0.104864 0.110835 0.115973 0.120134 0.123197 0.125072 0.125704 0.125072 0.123197 0.120134 0.115973 0.110835 0.104864 0.098221 0.091077 0.083608 0.075984 0.068364 0.060894 0.053698 0.046879 0.040518 0.034670 0.029371 0.024634 0.020455 0.016816 0.013687 0.011029 0.008800 0.006951 0.005437 0.004210 0.003228 0.002450 0.001842 0.001371 0.001010 0.000737 0.000532 0.000381 0.000270 0.000189 0.000131 0.000090 0.000062 0.000042 0.000028 0.000018 0.000012 0.000008 0.000005 0.000003 0.000002 0.000001 0.000000 
0.000000 0.000001 0.000002 0.000003 0.000005 0.000007 0.000011 0.000017 0.000027 0.000040 0.000060 0.000090 0.000131 0.000191 0.000275 0.000392 0.000553 0.000773 0.001070 0.001466 0.001989 0.002672 0.003554 0.004681 0.006104 0.007881 0.010075 0.012752 0.015980 0.019828 0.024357 0.029624 0.035671 0.042525 0.050192 0.058651 0.067852 0.077713 0.088120 0.098922 0.109939 0.120962 0.131760 0.142086 0.151689 0.160320 0.167747 0.173761 0.178188 0.180898 0.181811 0.180898 0.178188 0.173761 0.167747 0.160320 0.151689 0.142086 0.131760 0.120962 0.109939 0.098922 0.088120 0.077713 0.067852 0.058651 0.050192 0.042525 0.035671 0.029624 0.024357 0.019828 0.015980 0.012752 0.010075 0.007881 0.006104 0.004681 0.003554 0.002672 0.001989 0.001466 0.001070 0.000773 0.000553 0.000392 0.000275 0.000191 0.000131 0.000090 0.000060 0.000040 0.000027 0.000017 0.000011 0.000007 0.000004 0.000003 0.000001 0.000000 
0.000000 0.000001 0.000002 0.000004 0.000007 0.000010 0.000016 0.000025 0.000038 0.000058 0.000087 0.000129 0.000189 0.000275 0.000396 0.000564 0.000796 0.001112 0.001538 0.002107 0.002858 0.003839 0.005105 0.006722 0.008764 0.011314 0.014461 0.018300 0.022930 0.028446 0.034939 0.042487 0.051154 0.060976 0.071961 0.084079 0.097259 0.111384 0.126288 0.141758 0.157534 0.173317 0.188777 0.203562 0.217309 0.229666 0.240297 0.248905 0.255242 0.259122 0.260428 0.259122 0.255242 0.248905 0.240297 0.229666 0.217309 0.203562 0.188777 0.173317 0.157534 0.141758 0.126288 0.111384 0.097259 0.084079 0.071961 0.060976 0.051154 0.042487 0.034939 0.028446 0.022930 0.018300 0.014461 0.011314 0.008764 0.006722 0.005105 0.003839 0.002858 0.002107 0.001538 0.001112 0.000796 0.000564 0.000396 0.000275 0.000189 0.000129 0.000087 0.000058 0.000038 0.000025 0.000016 0.000010 0.000006 0.000004 0.000002 0.000000 
0.000000 0.000001 0.000003 0.000006 0.000009 0.000015 0.000023 0.000036 0.000055 0.000083 0.000124 0.000184 0.000270 0.000392 0.000564 0.000803 0.001133 0.001583 0.002189 0.002999 0.004067 0.005461 0.007261 0.009560 0.012462 0.016084 0.020555 0.026008 0.032582 0.040414 0.049632 0.060348 0.072648 0.086587 0.102173 0.119367 0.138065 0.158101 0.179241 0.201181 0.223555 0.245937 0.267859 0.288822 0.308313 0.325832 0.340904 0.353108 0.362092 0.367592 0.369444 0.367592 0.362092 0.353108 0.340904 0.325832 0.308313 0.288822 0.267859 0.245937 0.223555 0.201181 0.179241 0.158101 0.138065 0.119367 0.102173 0.086587 0.072648 0.060348 0.049632 0.040414 0.032582 0.026008 0.020555 0.016084 0.012462 0.009560 0.007261 0.005461 0.004067 0.002999 0.002189 0.001583 0.001133 0.000803 0.000564 0.000392 0.000270 0.000184 0.000124 0.000083 0.000055 0.000036 0.000023 0.000015 0.000009 0.000005 0.000002 0.000000 
0.000000 0.000002 0.000005 0.000008 0.000013 0.000021 0.000033 0.000051 0.000078 0.000117 0.000175 0.000260 0.000381 0.000553 0.000796 0.001133 0.001598 0.002232 0.003087 0.004226 0.005731 0.007694 0.010228 0.013463 0.017547 0.022644 0.028933 0.036603 0.045849 0.056862 0.069822 0.084885 0.102174 0.121764 0.143667 0.167825 0.194095 0.222243 0.251938 0.282756 0.314179 0.345612 0.376398 0.405834 0.433204 0.457802 0.478964 0.496099 0.508713 0.516435 0.519034 0.516435 0.508713 0.496099 0.478964 0.457802 0.433204 0.405834 0.376398 0.345612 0.314179 0.282756 0.251938 0.222243 0.194095 0.167825 0.143667 0.121764 0.102174 0.084885 0.069822 0.056862 0.045849 0.036603 0.028933 0.022644 0.017547 0.013463 0.010228 0.007694 0.005731 0.004226 0.003087 0.002232 0.001598 0.001133 0.000796 0.000553 0.000381 0.000260 0.000175 0.000117 0.000078 0.000051 0.000033 0.000021 0.000013 0.000007 0.000003 0.000000 
0.000000 0.000003 0.000006 0.000011 0.000019 0.000030 0.000046 0.000071 0.000109 0.000164 0.000245 0.000363 0.000532 0.000773 0.001112 0.001583 0.002232 0.003116 0.004309 0.005899 0.007996 0.010734 0.014267 0.018776 0.024467 0.031569 0.040330 0.051015 0.063891 0.079227 0.097271 0.118242 0.142308 0.169572 0.200054 0.233671 0.270222 0.309383 0.350693 0.393560 0.437268 0.480986 0.523801 0.564738 0.602799 0.637004 0.666431 0.690256 0.707795 0.718532 0.722147 0.718532 0.707795 0.690256 0.666431 0.637004 0.602799 0.564738 0.523801 0.480986 0.437268 0.393560 0.350693 0.309383 0.270222 0.233671 0.200054 0.169572 0.142308 0.118242 0.097271 0.079227 0.063891 0.051015 0.040330 0.031569 0.024467 0.018776 0.014267 0.010734 0.007996 0.005899 0.004309 0.003116 0.002232 0.001583 0.001112 0.000773 0.000532 0.000363 0.000245 0.000164 0.000109 0.000071 0.000046 0.000029 0.000018 0.000010 0.000005 0.000000 
0.000000 0.000004 0.000009 0.000016 0.000026 0.000041 0.000064 0.000099 0.000150 0.000227 0.000340 0.000503 0.000737 0.001070 0.001538 0.002189 0.003087 0.004309 0.005956 0.008152 0.011049 0.014829 0.019706 0.025930 0.033784 0.043583 0.055671 0.070408 0.088168 0.109316 0.134196 0.163106 0.196281 0.233861 0.275870 0.322195 0.372560 0.426515 0.483426 0.542479 0.602685 0.662903 0.721872 0.778251 0.830668 0.877773 0.918296 0.951105 0.975256 0.990041 0.995018 0.990041 0.975256 0.951105 0.918296 0.877773 0.830668 0.778251 0.721872 0.662903 0.602685 0.542479 0.483426 0.426515 0.372560 0.322195 0.275870 0.233861 0.196281 0.163106 0.134196 0.109316 0.088168 0.070408 0.055671 0.043583 0.033784 0.025930 0.019706 0.014829 0.011049 0.008152 0.005956 0.004309 0.003087 0.002189 0.001538 0.001070 0.000737 0.000503 0.000340 0.000227 0.000150 0.000098 0.000064 0.000040 0.000025 0.000014 0.000006 0.000000 
0.000000 0.000006 0.000012 0.000022 0.000035 0.000056 0.000088 0.000135 0.000206 0.000312 0.000466 0.000689 0.001010 0.001466 0.002107 0.002999 0.004226 0.005899 0.008152 0.011156 0.015118 0.020286 0.026954 0.035461 0.046194 0.059584 0.076097 0.096228 0.120485 0.149364 0.183336 0.222806 0.268093 0.319388 0.376723 0.439942 0.508667 0.582285 0.659932 0.740494 0.822622 0.904763 0.985196 1.062092 1.133581 1.197823 1.253087 1.297830 1.330765 1.350926 1.357714 1.350926 1.330765 1.297830 1.253087 1.197823 1.133581 1.062092 0.985196 0.904763 0.822622 0.740494 0.659932 0.582285 0.508667 0.439942 0.376723 0.319388 0.268093 0.222806 0.183336 0.149364 0.120485 0.096228 0.076097 0.059584 0.046194 0.035461 0.026954 0.020286 0.015118 0.011156 0.008152 0.005899 0.004226 0.002999 0.002107 0.001466 0.001010 0.000689 0.000466 0.000311 0.000206 0.000135 0.000087 0.000056 0.000034 0.000020 0.000009 0.000000 
0.000000 0.000008 0.000017 0.000029 0.000048 0.000077 0.000119 0.000184 0.000280 0.000423 0.000632 0.000935 0.001371 0.001989 0.002858 0.004067 0.005731 0.007996 0.011049 0.015118 0.020483 0.027481 0.036507 0.048021 0.062546 0.080663 0.103003 0.130235 0.163041 0.202096 0.248031 0.301395 0.362616 0.431951 0.509444 0.594879 0.687749 0.787223 0.892131 1.000970 1.111919 1.222878 1.331524 1.435388 1.531944 1.618709 1.693346 1.753772 1.798251 1.825479 1.834646 1.825479 1.798251 1.753772 1.693346 1.618709 1.531944 1.435388 1.331524 1.222878 1.111919 1.000970 0.892131 0.787223 0.687749 0.594879 0.509444 0.431951 0.362616 0.301395 0.248031 0.202096 0.163041 0.130235 0.103003 0.080663 0.062546 0.048021 0.036507 0.027481 0.020483 0.015118 0.011049 0.007996 0.005731 0.004067 0.002858 0.001989 0.001371 0.000935 0.000632 0.000423 0.000280 0.000184 0.000119 0.000075 0.000046 0.000027 0.000012 0.000000 
0.000000 0.000010 0.000023 0.000040 0.000065 0.000103 0.000161 0.000247 0.000377 0.000569 0.000850 0.001257 0.001842 0.002672 0.003839 0.005461 0.007694 0.010734 0.014829 0.020286 0.027481 0.036862 0.048961 0.064393 0.083858 0.108133 0.138062 0.174539 0.218477 0.270778 0.332284 0.403730 0.485686 0.578496 0.682214 0.796554 0.920832 1.053935 1.194301 1.339916 1.488345 1.636778 1.782109 1.921039 2.050187 2.166235 2.266060 2.346875 2.406362 2.442776 2.455036 2.442776 2.406362 2.346875 2.266060 2.166235 2.050187 1.921039 1.782109 1.636778 1.488345 1.339916 1.194301 1.053935 0.920832 0.796554 0.682214 0.578496 0.485686 0.403730 0.332284 0.270778 0.218477 0.174539 0.138062 0.108133 0.083858 0.064393 0.048961 0.036862 0.027481 0.020286 0.014829 0.010734 0.007694 0.005461 0.003839 0.002672 0.001842 0.001257 0.000850 0.000569 0.000377 0.000247 0.000160 0.000102 0.000063 0.000036 0.000016 0.000000 
0.000000 0.000014 0.000030 0.000053 0.000086 0.000137 0.000214 0.000330 0.000502 0.000757 0.001131 0.001673 0.002450 0.003554 0.005105 0.007261 0.010228 0.014267 0.019706 0.026954 0.036507 0.048961 0.065021 0.085503 0.111332 0.143540 0.183244 0.231628 0.289902 0.359258 0.440812 0.535536 0.644182 0.767204 0.904673 1.056206 1.220897 1.397270 1.583252 1.776177 1.972817 2.169452 2.361969 2.545997 2.717063 2.870771 3.002987 3.110023 3.188809 3.237036 3.253274 3.237036 3.188809 3.110023 3.002987 2.870771 2.717063 2.545997 2.361969 2.169452 1.972817 1.776177 1.583252 1.397270 1.220897 1.056206 0.904673 0.767204 0.644182 0.535536 0.440812 0.359258 0.289902 0.231628 0.183244 0.143540 0.111332 0.085503 0.065021 0.048961 0.036507 0.026954 0.019706 0.014267 0.010228 0.007261 0.005105 0.003554 0.002450 0.001673 0.001131 0.000757 0.000502 0.000329 0.000213 0.000135 0.000083 0.000048 0.000022 0.000000 
0.000000 0.000018 0.000040 0.000070 0.000114 0.000181 0.000282 0.000435 0.000662 0.000998 0.001491 0.002204 0.003228 0.004681 0.006722 0.009560 0.013463 0.018776 0.025930 0.035461 0.048021 0.064393 0.085503 0.112419 0.146359 0.188674 0.240832 0.304383 0.380915 0.471991 0.579073 0.703434 0.846059 1.007540 1.187968 1.386838 1.602959 1.834392 2.078418 2.331537 2.589515 2.847473 3.100016 3.341413 3.565799 3.767410 3.940826 4.081213 4.184546 4.247799 4.269095 4.247799 4.184546 4.081213 3.940826 3.767410 3.565799 3.341413 3.100016 2.847473 2.589515 2.331537 2.078418 1.834392 1.602959 1.386838 1.187968 1.007540 0.846059 0.703434 0.579073 0.471991 0.380915 0.304383 0.240832 0.188674 0.146359 0.112419 0.085503 0.064393 0.048021 0.035461 0.025930 0.018776 0.013463 0.009560 0.006722 0.004681 0.003228 0.002204 0.001490 0.000998 0.000661 0.000434 0.000281 0.000179 0.000110 0.000063 0.000029 0.000000 
0.000000 0.000023 0.000052 0.000091 0.000149 0.000236 0.000369 0.000567 0.000864 0.001303 0.001945 0.002875 0.004210 0.006104 0.008764 0.012462 0.017547 0.024467 0.033784 0.046194 0.062546 0.083858 0.111332 0.146359 0.190520 0.245570 0.313416 0.396074 0.495603 0.614032 0.753260 0.914937 1.100341 1.310236 1.544739 1.803189 2.084037 2.384762 2.701828 3.030689 3.365844 3.700955 4.029017 4.342586 4.634048 4.895919 5.121162 5.303502 5.437711 5.519864 5.547523 5.519864 5.437711 5.303502 5.121162 4.895919 4.634048 4.342586 4.029017 3.700955 3.365844 3.030689 2.701828 2.384762 2.084037 1.803189 1.544739 1.310236 1.100341 0.914937 0.753260 0.614032 0.495603 0.396074 0.313416 0.245570 0.190520 0.146359 0.111332 0.083858 0.062546 0.046194 0.033784 0.024467 0.017547 0.012462 0.008764 0.006104 0.004210 0.002875 0.001945 0.001302 0.000863 0.000566 0.000367 0.000233 0.000144 0.000082 0.000037 0.000000 
0.000000 0.000030 0.000067 0.000118 0.000193 0.000306 0.000477 0.000734 0.001117 0.001683 0.002513 0.003714 0.005437 0.007881 0.011314 0.016084 0.022644 0.031569 0.043583 0.059584 0.080663 0.108133 0.143540 0.188674 0.245570 0.316487 0.403877 0.510333 0.638503 0.790995 0.970250 1.178387 1.417046 1.687208 1.989017 2.321621 2.683022 3.069974 3.477926 3.901029 4.332207 4.763306 5.185318 5.588671 5.963573 6.300404 6.590115 6.824637 6.997253 7.102914 7.138489 7.102914 6.997253 6.824637 6.590115 6.300404 5.963573 5.588671 5.185318 4.763306 4.332207 3.901029 3.477926 3.069974 2.683022 2.321621 1.989017 1.687208 1.417046 1.178387 0.970250 0.790995 0.638503 0.510333 0.403877 0.316487 0.245570 0.188674 0.143540 0.108133 0.080663 0.059584 0.043583 0.031569 0.022644 0.016084 0.011314 0.007881 0.005436 0.003714 0.002512 0.001683 0.001116 0.000732 0.000474 0.000302 0.000186 0.000106 0.000048 0.000000 
0.000000 0.000039 0.000086 0.000151 0.000247 0.000392 0.000610 0.000939 0.001429 0.002154 0.003214 0.004750 0.006951 0.010075 0.014461 0.020555 0.028933 0.040330 0.055671 0.076097 0.103003 0.138062 0.183244 0.240832 0.313416 0.403877 0.515339 0.651101 0.814537 1.008969 1.237499 1.502827 1.807036 2.151370 2.536010 2.959864 3.420381 3.913424 4.433194 4.972235 5.521535 6.070708 6.608284 7.122070 7.599601 8.028625 8.397623 8.696324 8.916174 9.050747 9.096055 9.050747 8.916174 8.696324 8.397623 8.028625 7.599601 7.122070 6.608284 6.070708 5.521535 4.972235 4.433194 3.913424 3.420381 2.959864 2.536010 2.151370 1.807036 1.502827 1.237499 1.008969 0.814537 0.651101 0.515339 0.403877 0.313416 0.240832 0.183244 0.138062 0.103003 0.076097 0.055671 0.040330 0.028933 0.020555 0.014461 0.010075 0.006951 0.004749 0.003214 0.002153 0.001428 0.000937 0.000607 0.000386 0.000238 0.000136 0.000062 0.000000 
0.000000 0.000049 0.000109 0.000191 0.000313 0.000496 0.000773 0.001189 0.001810 0.002728 0.004070 0.006014 0.008800 0.012752 0.018300 0.026008 0.036603 0.051015 0.070408 0.096228 0.130235 0.174539 0.231628 0.304383 0.396074 0.510333 0.651101 0.822540 1.028904 1.274380 1.562879 1.897802 2.281770 2.716348 3.201757 3.736614 4.317697 4.939782 5.595548 6.275592 6.968543 7.661302 8.339403 8.987472 9.589791 10.130912 10.596314 10.973046 11.250324 11.420047 11.477190 11.420047 11.250324 10.973046 10.596314 10.130912 9.589791 8.987472 8.339403 7.661302 6.968543 6.275592 5.595548 4.939782 4.317697 3.736614 3.201757 2.716348 2.281770 1.897802 1.562879 1.274380 1.028904 0.822540 0.651101 0.510333 0.396074 0.304383 0.231628 0.174539 0.130235 0.096228 0.070408 0.051015 0.036603 0.026008 0.018300 0.012752 0.008800 0.006013 0.004070 0.002727 0.001809 0.001187 0.000769 0.000489 0.000302 0.000173 0.000078 0.000000 
0.000000 0.000062 0.000137 0.000240 0.000393 0.000623 0.000970 0.001492 0.002271 0.003421 0.005103 0.007539 0.011029 0.015980 0.022930 0.032582 0.045849 0.063891 0.088168 0.120485 0.163041 0.218477 0.289902 0.380915 0.495603 0.638503 0.814537 1.028904 1.286916 1.593799 1.954434 2.373063 2.852956 3.396059 4.002644 4.670971 5.397013 6.174238 6.993497 7.843041 8.708668 9.574018 10.421023 11.230489 11.982787 12.658631 13.239891 13.710399 14.056693 14.268659 14.340024 14.268659 14.056693 13.710399 13.239891 12.658631 11.982787 11.230489 10.421023 9.574018 8.708668 7.843041 6.993497 6.174238 5.397013 4.670971 4.002644 3.396059 2.852956 2.373063 1.954434 1.593799 1.286916 1.028904 0.814537 0.638503 0.495603 0.380915 0.289902 0.218477 0.163041 0.120485 0.088168 0.063891 0.045849 0.032582 0.022930 0.015980 0.011029 0.007538 0.005102 0.003420 0.002269 0.001489 0.000965 0.000614 0.000379 0.000217 0.000098 0.000000 
0.000000 0.000077 0.000170 0.000299 0.000488 0.000774 0.001205 0.001853 0.002820 0.004247 0.006335 0.009357 0.013687 0.019828 0.028446 0.040414 0.056862 0.079227 0.109316 0.149364 0.202096 0.270778 0.359258 0.471991 0.614032 0.790995 1.008969 1.274380 1.593799 1.973684 2.420070 2.938196 3.532099 4.204179 4.954762 5.781690 6.679973 7.641523 8.655022 9.705934 10.776690 11.847060 12.894699 13.895872 14.826311 15.662172 16.381039 16.962925 17.391187 17.653325 17.741580 17.653325 17.391187 16.962925 16.381039 15.662172 14.826311 13.895872 12.894699 11.847060 10.776690 9.705934 8.655022 7.641523 6.679973 5.781690 4.954762 4.204179 3.532099 2.938196 2.420070 1.973684 1.593799 1.274380 1.008969 0.790995 0.614032 0.471991 0.359258 0.270778 0.202096 0.149364 0.109316 0.079227 0.056862 0.040414 0.028446 0.019828 0.013687 0.009356 0.006334 0.004246 0.002817 0.001849 0.001199 0.000763 0.000470 0.000269 0.000122 0.000000 
0.000000 0.000094 0.000209 0.000368 0.000601 0.000952 0.001482 0.002279 0.003466 0.005220 0.007785 0.011497 0.016816 0.024357 0.034939 0.049632 0.069822 0.097271 0.134196 0.183336 0.248031 0.332284 0.440812 0.579073 0.753260 0.970250 1.237499 1.562879 1.954434 2.420070 2.967171 3.602147 4.329936 5.153466 6.073127 7.086267 8.186763 9.364702 10.606216 11.893499 13.205031 14.516037 15.799157 17.025327 18.164835 19.188487 20.068845 20.781436 21.305891 21.626905 21.734982 21.626905 21.305891 20.781436 20.068845 19.188487 18.164835 17.025327 15.799157 14.516037 13.205031 11.893499 10.606216 9.364702 8.186763 7.086267 6.073127 5.153466 4.329936 3.602147 2.967171 2.420070 1.954434 1.562879 1.237499 0.970250 0.753260 0.579073 0.440812 0.332284 0.248031 0.183336 0.134196 0.097271 0.069822 0.049632 0.034938 0.024357 0.016816 0.011497 0.007784 0.005219 0.003464 0.002274 0.001474 0.000939 0.000579 0.000331 0.000150 0.000000 
0.000000 0.000115 0.000255 0.000448 0.000732 0.001159 0.001804 0.002774 0.004219 0.006353 0.009473 0.013988 0.020455 0.029624 0.042487 0.060348 0.084885 0.118242 0.163106 0.222806 0.301395 0.403730 0.535536 0.703434 0.914937 1.178387 1.502827 1.897802 2.373063 2.938196 3.602147 4.372686 5.255786 6.254992 7.370762 8.599871 9.934880 11.363760 12.869684 14.431052 16.021767 17.611782 19.167924 20.654953 22.036845 23.278211 24.345784 25.209902 25.845870 26.235137 26.366193 26.235137 25.845870 25.209902 24.345784 23.278211 22.036845 20.654953 19.167924 17.611782 16.021767 14.431052 12.869684 11.363760 9.934880 8.599871 7.370762 6.254992 5.255786 4.372686 3.602147 2.938196 2.373063 1.897802 1.502827 1.178387 0.914937 0.703434 0.535536 0.403730 0.301395 0.222806 0.163106 0.118242 0.084885 0.060348 0.042487 0.029623 0.020455 0.013987 0.009472 0.006351 0.004216 0.002768 0.001795 0.001143 0.000705 0.000404 0.000183 0.000000 
0.000000 0.000139 0.000307 0.000540 0.000882 0.001397 0.002175 0.003343 0.005084 0.007654 0.011411 0.016847 0.024634 0.035671 0.051154 0.072648 0.102174 0.142308 0.196281 0.268093 0.362616 0.485686 0.644182 0.846059 1.100341 1.417046 1.807036 2.281770 2.852956 3.532099 4.329936 5.255786 6.316815 7.517263 8.857671 10.334149 11.937755 13.654031 15.462763 17.338006 19.248419 21.157923 23.026686 24.812400 26.471819 27.962455 29.244379 30.281981 31.045621 31.513030 31.670394 31.513030 31.045621 30.281981 29.244379 27.962455 26.471819 24.812400 23.026686 21.157923 19.248419 17.338006 15.462763 13.654031 11.937755 10.334149 8.857671 7.517263 6.316815 5.255786 4.329936 3.532099 2.852956 2.281770 1.807036 1.417046 1.100341 0.846059 0.644182 0.485686 0.362616 0.268093 0.196281 0.142308 0.102174 0.072648 0.051154 0.035671 0.024633 0.016847 0.011410 0.007652 0.005080 0.003336 0.002163 0.001378 0.000850 0.000487 0.000221 0.000000 
0.000000 0.000166 0.000367 0.000644 0.001053 0.001668 0.002595 0.003989 0.006065 0.009130 0.013609 0.020090 0.029371 0.042525 0.060976 0.086587 0.121764 0.169572 0.233861 0.319388 0.431951 0.578496 0.767204 1.007540 1.310236 1.687208 2.151370 2.716348 3.396059 4.204179 5.153466 6.254992 7.517263 8.945310 10.539759 12.295971 14.203299 16.244540 18.395646 20.625762 22.897618 25.168316 27.390497 29.513866 31.487010 33.259427 34.783651 36.017357 36.925313 37.481052 37.668153 37.481052 36.925313 36.017357 34.783651 33.259427 31.487010 29.513866 27.390497 25.168316 22.897618 20.625762 18.395646 16.244540 14.203299 12.295971 10.539759 8.945310 7.517263 6.254992 5.153466 4.204179 3.396059 2.716348 2.151370 1.687208 1.310236 1.007540 0.767204 0.578496 0.431951 0.319388 0.233861 0.169572 0.121764 0.086586 0.060976 0.042525 0.029370 0.020089 0.013607 0.009127 0.006060 0.003980 0.002581 0.001644 0.001014 0.000581 0.000264 0.000000 
0.000000 0.000196 0.000433 0.000762 0.001244 0.001970 0.003066 0.004711 0.007163 0.010781 0.016069 0.023718 0.034670 0.050192 0.071961 0.102173 0.143667 0.200054 0.275870 0.376723 0.509444 0.682214 0.904673 1.187968 1.544739 1.989017 2.536010 3.201757 4.002644 4.954762 6.073127 7.370762 8.857671 10.539759 12.417749 14.486162 16.732445 19.136331 21.669495 24.295599 26.970761 29.644472 32.260979 34.761076 37.084243 39.171034 40.965581 42.418068 43.487027 44.141308 44.361584 44.141308 43.487027 42.418068 40.965581 39.171034 37.084243 34.761076 32.260979 29.644472 26.970761 24.295599 21.669495 19.136331 16.732445 14.486162 12.417749 10.539759 8.857671 7.370762 6.073127 4.954762 4.002644 3.201757 2.536010 1.989017 1.544739 1.187968 0.904673 0.682214 0.509444 0.376723 0.275870 0.200054 0.143667 0.102173 0.071960 0.050192 0.034670 0.023717 0.016067 0.010778 0.007157 0.004702 0.003049 0.001943 0.001198 0.000686 0.000312 0.000000 
0.000000 0.000229 0.000507 0.000891 0.001456 0.002305 0.003586 0.005509 0.008375 0.012604 0.018783 0.027721 0.040518 0.058651 0.084079 0.119367 0.167825 0.233671 0.322195 0.439942 0.594879 0.796554 1.056206 1.386838 1.803189 2.321621 2.959864 3.736614 4.670971 5.781690 7.086267 8.599871 10.334149 12.295971 14.486162 16.898314 19.517778 22.320908 25.274671 28.336695 31.455814 34.573149 37.623705 40.538468 43.246898 45.679709 47.771786 49.465070 50.711233 51.473970 51.730760 51.473970 50.711233 49.465070 47.771786 45.679709 43.246898 40.538468 37.623705 34.573149 31.455814 28.336695 25.274671 22.320908 19.517778 16.898314 14.486162 12.295971 10.334149 8.599871 7.086267 5.781690 4.670971 3.736614 2.959864 2.321621 1.803189 1.386838 1.056206 0.796554 0.594879 0.439942 0.322195 0.233671 0.167825 0.119367 0.084079 0.058650 0.040517 0.027720 0.018781 0.012600 0.008368 0.005498 0.003566 0.002272 0.001402 0.000803 0.000364 0.000000 
0.000000 0.000265 0.000587 0.001032 0.001686 0.002669 0.004152 0.006378 0.009694 0.014587 0.021737 0.032077 0.046879 0.067852 0.097259 0.138065 0.194095 0.270222 0.372560 0.508667 0.687749 0.920832 1.220897 1.602959 2.084037 2.683022 3.420381 4.317697 5.397013 6.679973 8.186763 9.934880 11.937755 14.203299 16.732445 19.517778 22.542367 25.778899 29.189228 32.724431 36.325442 39.924289 43.445953 46.810777 49.937346 52.745697 55.160683 57.115299 58.553777 59.434219 59.730635 59.434219 58.553777 57.115299 55.160683 52.745697 49.937346 46.810777 43.445953 39.924289 36.325442 32.724431 29.189228 25.778899 22.542367 19.517778 16.732445 14.203299 11.937755 9.934880 8.186763 6.679973 5.397013 4.317697 3.420381 2.683022 2.084037 1.602959 1.220897 0.920832 0.687749 0.508667 0.372560 0.270222 0.194095 0.138065 0.097259 0.067851 0.046878 0.032075 0.021734 0.014583 0.009686 0.006365 0.004129 0.002631 0.001623 0.000930 0.000422 0.000000 
0.000000 0.000304 0.000674 0.001183 0.001933 0.003059 0.004758 0.007310 0.011109 0.016714 0.024903 0.036746 0.053698 0.077713 0.111384 0.158101 0.222243 0.309383 0.426515 0.582285 0.787223 1.053935 1.397270 1.834392 2.384762 3.069974 3.913424 4.939782 6.174238 7.641523 9.364702 11.363760 13.654031 16.244540 19.136331 22.320908 25.778899 29.479065 33.377792 37.419149 41.535615 45.649499 49.675058 53.521255 57.095047 60.305051 63.065394 65.299509 66.943666 67.949993 68.288790 67.949993 66.943666 65.299509 63.065394 60.305051 57.095047 53.521255 49.675058 45.649499 41.535615 37.419149 33.377792 29.479065 25.778899 22.320908 19.136331 16.244540 13.654031 11.363760 9.364702 7.641523 6.174238 4.939782 3.913424 3.069974 2.384762 1.834392 1.397270 1.053935 0.787223 0.582285 0.426515 0.309383 0.222243 0.158101 0.111384 0.077713 0.053697 0.036744 0.024900 0.016709 0.011100 0.007294 0.004733 0.003016 0.001861 0.001066 0.000484 0.000000 
0.000000 0.000346 0.000765 0.001343 0.002193 0.003471 0.005399 0.008293 0.012602 0.018960 0.028246 0.041674 0.060894 0.088120 0.126288 0.179241 0.251938 0.350693 0.483426 0.659932 0.892131 1.194301 1.583252 2.078418 2.701828 3.477926 4.433194 5.595548 6.993497 8.655022 10.606216 12.869684 15.462763 18.395646 21.669495 25.274671 29.189228 33.377792 37.790985 42.365495 47.024897 51.681263 56.237556 60.590755 64.635571 68.268599 71.392670 73.921148 75.781922 76.920826 77.304257 76.920826 75.781922 73.921148 71.392670 68.268599 64.635571 60.590755 56.237556 51.681263 47.024897 42.365495 37.790985 33.377792 29.189228 25.274671 21.669495 18.395646 15.462763 12.869684 10.606216 8.655022 6.993497 5.595548 4.433194 3.477926 2.701828 2.078418 1.583252 1.194301 0.892131 0.659932 0.483426 0.350693 0.251938 0.179241 0.126288 0.088119 0.060893 0.041672 0.028243 0.018954 0.012592 0.008276 0.005370 0.003422 0.002112 0.001210 0.000549 0.000000 
0.000000 0.000388 0.000859 0.001509 0.002464 0.003900 0.006065 0.009315 0.014154 0.021291 0.031717 0.046791 0.068364 0.098922 0.141758 0.201181 0.282756 0.393560 0.542479 0.740494 1.000970 1.339916 1.776177 2.331537 3.030689 3.901029 4.972235 6.275592 7.843041 9.705934 11.893499 14.431052 17.338006 20.625762 24.295599 28.336695 32.724431 37.419149 42.365495 47.492507 52.714537 57.933045 63.039297 67.917852 72.450735 76.522088 80.023038 82.856519 84.941740 86.218012 86.647689 86.218012 84.941740 82.856519 80.023038 76.522088 72.450735 67.917852 63.039297 57.933045 52.714537 47.492507 42.365495 37.419149 32.724431 28.336695 24.295599 20.625762 17.338006 14.431052 11.893499 9.705934 7.843041 6.275592 4.972235 3.901029 3.030689 2.331537 1.776177 1.339916 1.000970 0.740494 0.542479 0.393560 0.282755 0.201181 0.141757 0.098921 0.068363 0.046789 0.031713 0.021285 0.014142 0.009295 0.006032 0.003845 0.002373 0.001360 0.000617 0.000000 
0.000000 0.000432 0.000956 0.001678 0.002741 0.004337 0.006744 0.010357 0.015736 0.023670 0.035257 0.052010 0.075984 0.109939 0.157534 0.223555 0.314179 0.437268 0.602685 0.822622 1.111919 1.488345 1.972817 2.589515 3.365844 4.332207 5.521535 6.968543 8.708668 10.776690 13.205031 16.021767 19.248419 22.897618 26.970761 31.455814 36.325442 41.535615 47.024897 52.714537 58.509488 64.300414 69.966665 75.380158 80.410005 84.927665 88.812354 91.956387 94.270135 95.686273 96.163037 95.686273 94.270135 91.956387 88.812354 84.927665 80.410005 75.380158 69.966665 64.300414 58.509488 52.714537 47.024897 41.535615 36.325442 31.455814 26.970761 22.897618 19.248419 16.021767 13.205031 10.776690 8.708668 6.968543 5.521535 4.332207 3.365844 2.589515 1.972817 1.488345 1.111919 0.822622 0.602685 0.437267 0.314179 0.223554 0.157533 0.109938 0.075983 0.052008 0.035253 0.023663 0.015723 0.010335 0.006708 0.004276 0.002639 0.001512 0.000687 0.000000 
0.000000 0.000476 0.001052 0.001848 0.003017 0.004775 0.007424 0.011401 0.017320 0.026051 0.038801 0.057233 0.083608 0.120962 0.173317 0.245937 0.345612 0.480986 0.662903 0.904763 1.222878 1.636778 2.169452 2.847473 3.700955 4.763306 6.070708 7.661302 9.574018 11.847060 14.516037 17.611782 21.157923 25.168316 29.644472 34.573149 39.924289 45.649499 51.681263 57.933045 64.300414 70.663242 76.888977 82.836909 88.363247 93.326786 97.594841 101.049122 103.591173 105.147039 105.670844 105.147039 103.591173 101.049122 97.594841 93.326786 88.363247 82.836909 76.888977 70.663242 64.300414 57.933045 51.681263 45.649499 39.924289 34.573149 29.644472 25.168316 21.157923 17.611782 14.516037 11.847060 9.574018 7.661302 6.070708 4.763306 3.700955 2.847473 2.169452 1.636778 1.222878 0.904763 0.662903 0.480986 0.345612 0.245937 0.173317 0.120961 0.083607 0.057230 0.038796 0.026043 0.017306 0.011377 0.007384 0.004707 0.002906 0.001665 0.000756 0.000000 
0.000000 0.000518 0.001147 0.002014 0.003289 0.005204 0.008091 0.012423 0.018872 0.028384 0.042272 0.062350 0.091077 0.131760 0.188777 0.267859 0.376398 0.523801 0.721872 0.985196 1.331524 1.782109 2.361969 3.100016 4.029017 5.185318 6.608284 8.339403 10.421023 12.894699 15.799157 19.167924 23.026686 27.390497 32.260979 37.623705 43.445953 49.675058 56.237556 63.039297 69.966665 76.888977 83.662040 90.132791 96.144821 101.544535 106.187610 109.945382 112.710762 114.403312 114.973132 114.403312 112.710762 109.945382 106.187610 101.544535 96.144821 90.132791 83.662040 76.888977 69.966665 63.039297 56.237556 49.675058 43.445953 37.623705 32.260979 27.390497 23.026686 19.167924 15.799157 12.894699 10.421023 8.339403 6.608284 5.185318 4.029017 3.100016 2.361969 1.782109 1.331524 0.985196 0.721872 0.523801 0.376397 0.267859 0.188777 0.131759 0.091076 0.062347 0.042267 0.028375 0.018857 0.012397 0.008047 0.005130 0.003167 0.001815 0.000824 0.000000 
