0.000000 0.000000 0.000000 0.000000 0.000000 0.000000 0.000000 0.000000 0.000000 0.000000 0.000000 0.000000 0.000000 0.000000 0.000000 0.000000 0.000000 0.000000 0.000000 0.000000 0.000000 0.000000 0.000000 0.000000 0.000000 0.000000 0.000000 0.000000 0.000000 0.000000 0.000000 0.000000 0.000000 0.000000 0.000000 0.000000 0.000000 0.000000 0.000000 0.000000 0.000000 0.000000 0.000000 0.000000 0.000000 0.000000 0.000000 0.000000 0.000000 0.000000 0.000000 0.000000 0.000000 0.000000 0.000000 0.000000 0.000000 0.000000 0.000000 0.000000 0.000000 0.000000 0.000000 0.000000 0.000000 0.000000 0.000000 0.000000 0.000000 0.000000 0.000000 0.000000 0.000000 0.000000 0.000000 0.000000 0.000000 0.000000 0.000000 0.000000 0.000000 0.000000 0.000000 0.000000 0.000000 0.000000 0.000000 0.000000 0.000000 0.000000 0.000000 0.000000 0.000000 0.000000 0.000000 0.000000 0.000000 0.000000 0.000000 0.000000 
0.000000 0.000000 0.000000 0.000000 0.000000 0.000000 0.000000 0.000000 0.000000 0.000000 0.000000 0.000000 0.000000 0.000000 0.000000 0.000000 0.000000 0.000000 0.000000 0.000000 0.000000 0.000000 0.000000 0.000000 0.000000 0.000000 0.000000 0.000000 0.000000 0.000000 0.000000 0.000000 0.000000 0.000000 0.000000 0.000000 0.000000 0.000000 0.000000 0.000000 0.000000 0.000000 0.000000 0.000000 0.000000 0.000000 0.000000 0.000000 0.000000 0.000000 0.000000 0.000000 0.000000 0.000000 0.000000 0.000000 0.000000 0.000000 0.000000 0.000000 0.000000 0.000000 0.000000 0.000000 0.000000 0.000000 0.000000 0.000000 0.000000 0.000000 0.000000 0.000000 0.000000 0.000000 0.000000 0.000000 0.000000 0.000000 0.000000 0.000000 0.000000 0.000000 0.000000 0.000000 0.000000 0.000000 0.000000 0.000000 0.000000 0.000000 0.000000 0.000000 0.000000 0.000000 0.000000 0.000000 0.000000 0.000000 0.000000 0.000000 
0.000000 0.000000 0.000000 0.000000 0.000000 0.000000 0.000000 0.000000 0.000000 0.000000 0.000000 0.000000 0.000000 0.000000 0.000000 0.000000 0.000000 0.000000 0.000000 0.000000 0.000000 0.000000 0.000000 0.000000 0.000000 0.000000 0.000000 0.000000 0.000000 0.000000 0.000000 0.000000 0.000000 0.000000 0.000000 0.000000 0.000000 0.000000 0.000000 0.000000 0.000000 0.000000 0.000000 0.000000 0.000000 0.000000 0.000000 0.000000 0.000000 0.000000 0.000000 0.000000 0.000000 0.000000 0.000000 0.000000 0.000000 0.000000 0.000000 0.000000 0.000000 0.000000 0.000000 0.000000 0.000000 0.000000 0.000000 0.000000 0.000000 0.000000 0.000000 0.000000 0.000000 0.000000 0.000000 0.000000 0.000000 0.000000 0.000000 0.000000 0.000000 0.000000 0.000000 0.000000 0.000000 0.000000 0.000000 0.000000 0.000000 0.000000 0.000000 0.000000 0.000000 0.000000 0.000000 0.000000 0.000000 0.000000 0.000000 0.000000 
0.000000 0.000000 0.000000 0.000000 0.000000 0.000000 0.000000 0.000000 0.000000 0.000000 0.000000 0.000000 0.000000 0.000000 0.000000 0.000000 0.000000 0.000000 0.000000 0.000000 0.000000 0.000000 0.000000 0.000000 0.000000 0.000000 0.000000 0.000000 0.000000 0.000000 0.000000 0.000000 0.000000 0.000000 0.000000 0.000000 0.000000 0.000000 0.000000 0.000000 0.000000 0.000000 0.000000 0.000000 0.000000 0.000000 0.000000 0.000000 0.000000 0.000000 0.000000 0.000000 0.000000 0.000000 0.000000 0.000000 0.000000 0.000000 0.000000 0.000000 0.000000 0.000000 0.000000 0.000000 0.000000 0.000000 0.000000 0.000000 0.000000 0.000000 0.000000 0.000000 0.000000 0.000000 0.000000 0.000000 0.000000 0.000000 0.000000 0.000000 0.000000 0.000000 0.000000 0.000000 0.000000 0.000000 0.000000 0.000000 0.000000 0.000000 0.000000 0.000000 0.000000 0.000000 0.000000 0.000000 0.000000 0.000000 0.000000 0.000000 
0.000000 0.000000 0.000000 0.000000 0.000000 0.000000 0.000000 0.000000 0.000000 0.000000 0.000000 0.000000 0.000000 0.000000 0.000000 0.000000 0.000000 0.000000 0.000000 0.000000 0.000000 0.000000 0.000000 0.000000 0.000000 0.000000 0.000000 0.000000 0.000000 0.000000 0.000000 0.000000 0.000000 0.000000 0.000000 0.000000 0.000000 0.000000 0.000000 0.000000 0.000000 0.000000 0.000000 0.000000 0.000000 0.000000 0.000000 0.000000 0.000000 0.000000 0.000000 0.000000 0.000000 0.000000 0.000000 0.000000 0.000000 0.000000 0.000000 0.000000 0.000000 0.000000 0.000000 0.000000 0.000000 0.000000 0.000000 0.000000 0.000000 0.000000 0.000000 0.000000 0.000000 0.000000 0.000000 0.000000 0.000000 0.000000 0.000000 0.000000 0.000000 0.000000 0.000000 0.000000 0.000000 0.000000 0.000000 0.000000 0.000000 0.000000 0.000000 0.000000 0.000000 0.000000 0.000000 0.000000 0.000000 0.000000 0.000000 0.000000 
0.000000 0.000000 0.000000 0.000000 0.000000 0.000000 0.000000 0.000000 0.000000 0.000000 0.000000 0.000000 0.000000 0.000000 0.000000 0.000000 0.000000 0.000000 0.000000 0.000000 0.000000 0.000000 0.000000 0.000000 0.000000 0.000000 0.000000 0.000000 0.000000 0.000000 0.000000 0.000000 0.000000 0.000000 0.000000 0.000000 0.000000 0.000000 0.000000 0.000000 0.000000 0.000000 0.000000 0.000000 0.000000 0.000000 0.000000 0.000000 0.000000 0.000000 0.000000 0.000000 0.000000 0.000000 0.000000 0.000000 0.000000 0.000000 0.000000 0.000000 0.000000 0.000000 0.000000 0.000000 0.000000 0.000000 0.000000 0.000000 0.000000 0.000000 0.000000 0.000000 0.000000 0.000000 0.000000 0.000000 0.000000 0.000000 0.000000 0.000000 0.000000 0.000000 0.000000 0.000000 0.000000 0.000000 0.000000 0.000000 0.000000 0.000000 0.000000 0.000000 0.000000 0.000000 0.000000 0.000000 0.000000 0.000000 0.000000 0.000000 
0.000000 0.000000 0.000000 0.000000 0.000000 0.000000 0.000000 0.000000 0.000000 0.000000 0.000000 0.000000 0.000000 0.000000 0.000000 0.000000 0.000000 0.000000 0.000000 0.000000 0.000000 0.000000 0.000000 0.000000 0.000000 0.000000 0.000000 0.000000 0.000000 0.000000 0.000000 0.000000 0.000000 0.000000 0.000000 0.000000 0.000000 0.000000 0.000000 0.000000 0.000000 0.000000 0.000000 0.000000 0.000000 0.000000 0.000000 0.000000 0.000000 0.000000 0.000000 0.000000 0.000000 0.000000 0.000000 0.000000 0.000000 0.000000 0.000000 0.000000 0.000000 0.000000 0.000000 0.000000 0.000000 0.000000 0.000000 0.000000 0.000000 0.000000 0.000000 0.000000 0.000000 0.000000 0.000000 0.000000 0.000000 0.000000 0.000000 0.000000 0.000000 0.000000 0.000000 0.000000 0.000000 0.000000 0.000000 0.000000 0.000000 0.000000 0.000000 0.000000 0.000000 0.000000 0.000000 0.000000 0.000000 0.000000 0.000000 0.000000 
0.000000 0.000000 0.000000 0.000000 0.000000 0.000000 0.000000 0.000000 0.000000 0.000000 0.000000 0.000000 0.000000 0.000000 0.000000 0.000000 0.000000 0.000000 0.000000 0.000000 0.000000 0.000000 0.000000 0.000000 0.000000 0.000000 0.000000 0.000000 0.000000 0.000000 0.000000 0.000000 0.000000 0.000000 0.000000 0.000000 0.000000 0.000000 0.000000 0.000000 0.000000 0.000000 0.000000 0.000000 0.000000 0.000000 0.000000 0.000000 0.000000 0.000000 0.000000 0.000000 0.000000 0.000000 0.000000 0.000000 0.000000 0.000000 0.000000 0.000000 0.000000 0.000000 0.000000 0.000000 0.000000 0.000000 0.000000 0.000000 0.000000 0.000000 0.000000 0.000000 0.000000 0.000000 0.000000 0.000000 0.000000 0.000000 0.000000 0.000000 0.000000 0.000000 0.000000 0.000000 0.000000 0.000000 0.000000 0.000000 0.000000 0.000000 0.000000 0.000000 0.000000 0.000000 0.000000 0.000000 0.000000 0.000000 0.000000 0.000000 
0.000000 0.000000 0.000000 0.000000 0.000000 0.000000 0.000000 0.000000 0.000000 0.000000 0.000000 0.000000 0.000000 0.000000 0.000000 0.000000 0.000000 0.000000 0.000000 0.000000 0.000000 0.000000 0.000000 0.000000 0.000000 0.000000 0.000000 0.000000 0.000000 0.000000 0.000000 0.000000 0.000000 0.000000 0.000000 0.000000 0.000000 0.000000 0.000000 0.000000 0.000000 0.000000 0.000000 0.000000 0.000000 0.000000 0.000000 0.000000 0.000000 0.000000 0.000000 0.000000 0.000000 0.000000 0.000000 0.000000 0.000000 0.000000 0.000000 0.000000 0.000000 0.000000 0.000000 0.000000 0.000000 0.000000 0.000000 0.000000 0.000000 0.000000 0.000000 0.000000 0.000000 0.000000 0.000000 0.000000 0.000000 0.000000 0.000000 0.000000 0.000000 0.000000 0.000000 0.000000 0.000000 0.000000 0.000000 0.000000 0.000000 0.000000 0.000000 0.000000 0.000000 0.000000 0.000000 0.000000 0.000000 0.000000 0.000000 0.000000 
0.000000 0.000000 0.000000 0.000000 0.000000 0.000000 0.000000 0.000000 0.000000 0.000000 0.000000 0.000000 0.000000 0.000000 0.000000 0.000000 0.000000 0.000000 0.000000 0.000000 0.000000 0.000000 0.000000 0.000000 0.000000 0.000000 0.000000 0.000000 0.000000 0.000000 0.000000 0.000000 0.000000 0.000000 0.000000 0.000000 0.000000 0.000000 0.000000 0.000000 0.000000 0.000000 0.000000 0.000000 0.000000 0.000000 0.000000 0.000000 0.000000 0.000000 0.000000 0.000000 0.000000 0.000000 0.000000 0.000000 0.000000 0.000000 0.000000 0.000000 0.000000 0.000000 0.000000 0.000000 0.000000 0.000000 0.000000 0.000000 0.000000 0.000000 0.000000 0.000000 0.000000 0.000000 0.000000 0.000000 0.000000 0.000000 0.000000 0.000000 0.000000 0.000000 0.000000 0.000000 0.000000 0.000000 0.000000 0.000000 0.000000 0.000000 0.000000 0.000000 0.000000 0.000000 0.000000 0.000000 0.000000 0.000000 0.000000 0.000000 
0.000000 0.000000 0.000000 0.000000 0.000000 0.000000 0.000000 0.000000 0.000000 0.000000 0.000000 0.000000 0.000000 0.000000 0.000000 0.000000 0.000000 0.000000 0.000000 0.000000 0.000000 0.000000 0.000000 0.000000 0.000000 0.000000 0.000000 0.000000 0.000000 0.000000 0.000000 0.000000 0.000000 0.000000 0.000000 0.000000 0.000000 0.000000 0.000000 0.000000 0.000000 0.000000 0.000000 0.000000 0.000000 0.000000 0.000000 0.000000 0.000000 0.000000 0.000000 0.000000 0.000000 0.000000 0.000000 0.000000 0.000000 0.000000 0.000000 0.000000 0.000000 0.000000 0.000000 0.000000 0.000000 0.000000 0.000000 0.000000 0.000000 0.000000 0.000000 0.000000 0.000000 0.000000 0.000000 0.000000 0.000000 0.000000 0.000000 0.000000 0.000000 0.000000 0.000000 0.000000 0.000000 0.000000 0.000000 0.000000 0.000000 0.000000 0.000000 0.000000 0.000000 0.000000 0.000000 0.000000 0.000000 0.000000 0.000000 0.000000 
0.000000 0.000000 0.000000 0.000000 0.000000 0.000000 0.000000 0.000000 0.000000 0.000000 0.000000 0.000000 0.000000 0.000000 0.000000 0.000000 0.000000 0.000000 0.000000 0.000000 0.000000 0.000000 0.000000 0.000000 0.000000 0.000000 0.000000 0.000000 0.000000 0.000000 0.000000 0.000000 0.000000 0.000000 0.000000 0.000000 0.000000 0.000000 0.000000 0.000000 0.000000 0.000000 0.000000 0.000001 0.000001 0.000001 0.000001 0.000001 0.000001 0.000001 0.000001 0.000001 0.000001 0.000001 0.000001 0.000001 0.000001 0.000001 0.000000 0.000000 0.000000 0.000000 0.000000 0.000000 0.000000 0.000000 0.000000 0.000000 0.000000 0.000000 0.000000 0.000000 0.000000 0.000000 0.000000 0.000000 0.000000 0.000000 0.000000 0.000000 0.000000 0.000000 0.000000 0.000000 0.000000 0.000000 0.000000 0.000000 0.000000 0.000000 0.000000 0.000000 0.000000 0.000000 0.000000 0.000000 0.000000 0.000000 0.000000 0.000000 
0.000000 0.000000 0.000000 0.000000 0.000000 0.000000 0.000000 0.000000 0.000000 0.000000 0.000000 0.000000 0.000000 0.000000 0.000000 0.000000 0.000000 0.000000 0.000000 0.000000 0.000000 0.000000 0.000000 0.000000 0.000000 0.000000 0.000000 0.000000 0.000000 0.000000 0.000000 0.000000 0.000000 0.000000 0.000000 0.000000 0.000000 0.000000 0.000000 0.000001 0.000001 0.000001 0.000001 0.000002 0.000002 0.000002 0.000003 0.000003 0.000003 0.000003 0.000003 0.000003 0.000003 0.000003 0.000003 0.000002 0.000002 0.000002 0.000001 0.000001 0.000001 0.000001 0.000000 0.000000 0.000000 0.000000 0.000000 0.000000 0.000000 0.000000 0.000000 0.000000 0.000000 0.000000 0.000000 0.000000 0.000000 0.000000 0.000000 0.000000 0.000000 0.000000 0.000000 0.000000 0.000000 0.000000 0.000000 0.000000 0.000000 0.000000 0.000000 0.000000 0.000000 0.000000 0.000000 0.000000 0.000000 0.000000 0.000000 0.000000 
0.000000 0.000000 0.000000 0.000000 0.000000 0.000000 0.000000 0.000000 0.000000 0.000000 0.000000 0.000000 0.000000 0.000000 0.000000 0.000000 0.000000 0.000000 0.000000 0.000000 0.000000 0.000000 0.000000 0.000000 0.000000 0.000000 0.000000 0.000000 0.000000 0.000000 0.000000 0.000000 0.000000 0.000000 0.000000 0.000000 0.000000 0.000001 0.000001 0.000001 0.000002 0.000003 0.000003 0.000004 0.000005 0.000006 0.000007 0.000007 0.000008 0.000008 0.000008 0.000008 0.000008 0.000007 0.000007 0.000006 0.000005 0.000004 0.000003 0.000003 0.000002 0.000001 0.000001 0.000001 0.000000 0.000000 0.000000 0.000000 0.000000 0.000000 0.000000 0.000000 0.000000 0.000000 0.000000 0.000000 0.000000 0.000000 0.000000 0.000000 0.000000 0.000000 0.000000 0.000000 0.000000 0.000000 0.000000 0.000000 0.000000 0.000000 0.000000 0.000000 0.000000 0.000000 0.000000 0.000000 0.000000 0.000000 0.000000 0.000000 
0.000000 0.000000 0.000000 0.000000 0.000000 0.000000 0.000000 0.000000 0.000000 0.000000 0.000000 0.000000 0.000000 0.000000 0.000000 0.000000 0.000000 0.000000 0.000000 0.000000 0.000000 0.000000 0.000000 0.000000 0.000000 0.000000 0.000000 0.000000 0.000000 0.000000 0.000000 0.000000 0.000000 0.000000 0.000001 0.000001 0.000001 0.000002 0.000003 0.000004 0.000005 0.000007 0.000008 0.000010 0.000013 0.000015 0.000017 0.000019 0.000020 0.000021 0.000021 0.000021 0.000020 0.000019 0.000017 0.000015 0.000013 0.000010 0.000008 0.000007 0.000005 0.000004 0.000003 0.000002 0.000001 0.000001 0.000001 0.000000 0.000000 0.000000 0.000000 0.000000 0.000000 0.000000 0.000000 0.000000 0.000000 0.000000 0.000000 0.000000 0.000000 0.000000 0.000000 0.000000 0.000000 0.000000 0.000000 0.000000 0.000000 0.000000 0.000000 0.000000 0.000000 0.000000 0.000000 0.000000 0.000000 0.000000 0.000000 0.000000 
0.000000 0.000000 0.000000 0.000000 0.000000 0.000000 0.000000 0.000000 0.000000 0.000000 0.000000 0.000000 0.000000 0.000000 0.000000 0.000000 0.000000 0.000000 0.000000 0.000000 0.000000 0.000000 0.000000 0.000000 0.000000 0.000000 0.000000 0.000000 0.000000 0.000000 0.000000 0.000000 0.000000 0.000001 0.000001 0.000002 0.000003 0.000005 0.000007 0.000009 0.000012 0.000016 0.000021 0.000026 0.000031 0.000036 0.000041 0.000046 0.000049 0.000051 0.000052 0.000051 0.000049 0.000046 0.000041 0.000036 0.000031 0.000026 0.000021 0.000016 0.000012 0.000009 0.000007 0.000005 0.000003 0.000002 0.000001 0.000001 0.000000 0.000000 0.000000 0.000000 0.000000 0.000000 0.000000 0.000000 0.000000 0.000000 0.000000 0.000000 0.000000 0.000000 0.000000 0.000000 0.000000 0.000000 0.000000 0.000000 0.000000 0.000000 0.000000 0.000000 0.000000 0.000000 0.000000 0.000000 0.000000 0.000000 0.000000 0.000000 
0.000000 0.000000 0.000000 0.000000 0.000000 0.000000 0.000000 0.000000 0.000000 0.000000 0.000000 0.000000 0.000000 0.000000 0.000000 0.000000 0.000000 0.000000 0.000000 0.000000 0.000000 0.000000 0.000000 0.000000 0.000000 0.000000 0.000000 0.000000 0.000000 0.000000 0.000000 0.000001 0.000001 0.000002 0.000003 0.000005 0.000008 0.000011 0.000016 0.000022 0.000030 0.000039 0.000050 0.000062 0.000075 0.000087 0.000100 0.000110 0.000118 0.000124 0.000125 0.000124 0.000118 0.000110 0.000100 0.000087 0.000075 0.000062 0.000050 0.000039 0.000030 0.000022 0.000016 0.000011 0.000008 0.000005 0.000003 0.000002 0.000001 0.000001 0.000000 0.000000 0.000000 0.000000 0.000000 0.000000 0.000000 0.000000 0.000000 0.000000 0.000000 0.000000 0.000000 0.000000 0.000000 0.000000 0.000000 0.000000 0.000000 0.000000 0.000000 0.000000 0.000000 0.000000 0.000000 0.000000 0.000000 0.000000 0.000000 0.000000 
0.000000 0.000000 0.000000 0.000000 0.000000 0.000000 0.000000 0.000000 0.000000 0.000000 0.000000 0.000000 0.000000 0.000000 0.000000 0.000000 0.000000 0.000000 0.000000 0.000000 0.000000 0.000000 0.000000 0.000000 0.000000 0.000000 0.000000 0.000000 0.000000 0.000001 0.000001 0.000002 0.000003 0.000005 0.000008 0.000012 0.000018 0.000026 0.000038 0.000052 0.000070 0.000092 0.000118 0.000146 0.000176 0.000206 0.000234 0.000259 0.000278 0.000290 0.000294 0.000290 0.000278 0.000259 0.000234 0.000206 0.000176 0.000146 0.000118 0.000092 0.000070 0.000052 0.000038 0.000026 0.000018 0.000012 0.000008 0.000005 0.000003 0.000002 0.000001 0.000001 0.000000 0.000000 0.000000 0.000000 0.000000 0.000000 0.000000 0.000000 0.000000 0.000000 0.000000 0.000000 0.000000 0.000000 0.000000 0.000000 0.000000 0.000000 0.000000 0.000000 0.000000 0.000000 0.000000 0.000000 0.000000 0.000000 0.000000 0.000000 
0.000000 0.000000 0.000000 0.000000 0.000000 0.000000 0.000000 0.000000 0.000000 0.000000 0.000000 0.000000 0.000000 0.000000 0.000000 0.000000 0.000000 0.000000 0.000000 0.000000 0.000000 0.000000 0.000000 0.000000 0.000000 0.000000 0.000000 0.000000 0.000001 0.000001 0.000002 0.000004 0.000007 0.000011 0.000018 0.000028 0.000042 0.000061 0.000087 0.000120 0.000162 0.000212 0.000271 0.000335 0.000403 0.000472 0.000537 0.000593 0.000637 0.000665 0.000674 0.000665 0.000637 0.000593 0.000537 0.000472 0.000403 0.000335 0.000271 0.000212 0.000162 0.000120 0.000087 0.000061 0.000042 0.000028 0.000018 0.000011 0.000007 0.000004 0.000002 0.000001 0.000001 0.000000 0.000000 0.000000 0.000000 0.000000 0.000000 0.000000 0.000000 0.000000 0.000000 0.000000 0.000000 0.000000 0.000000 0.000000 0.000000 0.000000 0.000000 0.000000 0.000000 0.000000 0.000000 0.000000 0.000000 0.000000 0.000000 0.000000 
0.000000 0.000000 0.000000 0.000000 0.000000 0.000000 0.000000 0.000000 0.000000 0.000000 0.000000 0.000000 0.000000 0.000000 0.000000 0.000000 0.000000 0.000000 0.000000 0.000000 0.000000 0.000000 0.000000 0.000000 0.000000 0.000000 0.000000 0.000001 0.000002 0.000003 0.000005 0.000009 0.000016 0.000025 0.000040 0.000063 0.000094 0.000138 0.000196 0.000271 0.000365 0.000478 0.000608 0.000752 0.000905 0.001058 0.001202 0.001328 0.001426 0.001488 0.001510 0.001488 0.001426 0.001328 0.001202 0.001058 0.000905 0.000752 0.000608 0.000478 0.000365 0.000271 0.000196 0.000138 0.000094 0.000063 0.000040 0.000025 0.000016 0.000009 0.000005 0.000003 0.000002 0.000001 0.000000 0.000000 0.000000 0.000000 0.000000 0.000000 0.000000 0.000000 0.000000 0.000000 0.000000 0.000000 0.000000 0.000000 0.000000 0.000000 0.000000 0.000000 0.000000 0.000000 0.000000 0.000000 0.000000 0.000000 0.000000 0.000000 
0.000000 0.000000 0.000000 0.000000 0.000000 0.000000 0.000000 0.000000 0.000000 0.000000 0.000000 0.000000 0.000000 0.000000 0.000000 0.000000 0.000000 0.000000 0.000000 0.000000 0.000000 0.000000 0.000000 0.000000 0.000000 0.000001 0.000001 0.000002 0.000004 0.000007 0.000012 0.000021 0.000035 0.000057 0.000090 0.000138 0.000208 0.000304 0.000432 0.000597 0.000803 0.001049 0.001334 0.001649 0.001982 0.002316 0.002631 0.002905 0.003118 0.003254 0.003300 0.003254 0.003118 0.002905 0.002631 0.002316 0.001982 0.001649 0.001334 0.001049 0.000803 0.000597 0.000432 0.000304 0.000208 0.000138 0.000090 0.000057 0.000035 0.000021 0.000012 0.000007 0.000004 0.000002 0.000001 0.000001 0.000000 0.000000 0.000000 0.000000 0.000000 0.000000 0.000000 0.000000 0.000000 0.000000 0.000000 0.000000 0.000000 0.000000 0.000000 0.000000 0.000000 0.000000 0.000000 0.000000 0.000000 0.000000 0.000000 0.000000 
0.000000 0.000000 0.000000 0.000000 0.000000 0.000000 0.000000 0.000000 0.000000 0.000000 0.000000 0.000000 0.000000 0.000000 0.000000 0.000000 0.000000 0.000000 0.000000 0.000000 0.000000 0.000000 0.000000 0.000000 0.000001 0.000001 0.000002 0.000004 0.000008 0.000015 0.000026 0.000045 0.000075 0.000123 0.000194 0.000299 0.000449 0.000654 0.000929 0.001283 0.001722 0.002250 0.002857 0.003529 0.004238 0.004949 0.005619 0.006203 0.006656 0.006944 0.007043 0.006944 0.006656 0.006203 0.005619 0.004949 0.004238 0.003529 0.002857 0.002250 0.001722 0.001283 0.000929 0.000654 0.000449 0.000299 0.000194 0.000123 0.000075 0.000045 0.000026 0.000015 0.000008 0.000004 0.000002 0.000001 0.000001 0.000000 0.000000 0.000000 0.000000 0.000000 0.000000 0.000000 0.000000 0.000000 0.000000 0.000000 0.000000 0.000000 0.000000 0.000000 0.000000 0.000000 0.000000 0.000000 0.000000 0.000000 0.000000 0.000000 
0.000000 0.000000 0.000000 0.000000 0.000000 0.000000 0.000000 0.000000 0.000000 0.000000 0.000000 0.000000 0.000000 0.000000 0.000000 0.000000 0.000000 0.000000 0.000000 0.000000 0.000000 0.000000 0.000000 0.000001 0.000001 0.000003 0.000005 0.000009 0.000018 0.000032 0.000056 0.000096 0.000160 0.000259 0.000410 0.000630 0.000944 0.001375 0.001950 0.002689 0.003607 0.004706 0.005973 0.007371 0.008847 0.010325 0.011717 0.012928 0.013870 0.014468 0.014673 0.014468 0.013870 0.012928 0.011717 0.010325 0.008847 0.007371 0.005973 0.004706 0.003607 0.002689 0.001950 0.001375 0.000944 0.000630 0.000410 0.000259 0.000160 0.000096 0.000056 0.000032 0.000018 0.000009 0.000005 0.000003 0.000001 0.000001 0.000000 0.000000 0.000000 0.000000 0.000000 0.000000 0.000000 0.000000 0.000000 0.000000 0.000000 0.000000 0.000000 0.000000 0.000000 0.000000 0.000000 0.000000 0.000000 0.000000 0.000000 0.000000 
0.000000 0.000000 0.000000 0.000000 0.000000 0.000000 0.000000 0.000000 0.000000 0.000000 0.000000 0.000000 0.000000 0.000000 0.000000 0.000000 0.000000 0.000000 0.000000 0.000000 0.000000 0.000000 0.000001 0.000001 0.000003 0.000005 0.000010 0.000020 0.000037 0.000066 0.000116 0.000198 0.000330 0.000535 0.000844 0.001297 0.001939 0.002821 0.003994 0.005501 0.007371 0.009609 0.012184 0.015026 0.018022 0.021021 0.023844 0.026300 0.028209 0.029420 0.029835 0.029420 0.028209 0.026300 0.023844 0.021021 0.018022 0.015026 0.012184 0.009609 0.007371 0.005501 0.003994 0.002821 0.001939 0.001297 0.000844 0.000535 0.000330 0.000198 0.000116 0.000066 0.000037 0.000020 0.000010 0.000005 0.000003 0.000001 0.000001 0.000000 0.000000 0.000000 0.000000 0.000000 0.000000 0.000000 0.000000 0.000000 0.000000 0.000000 0.000000 0.000000 0.000000 0.000000 0.000000 0.000000 0.000000 0.000000 0.000000 0.000000 
0.000000 0.000000 0.000000 0.000000 0.000000 0.000000 0.000000 0.000000 0.000000 0.000000 0.000000 0.000000 0.000000 0.000000 0.000000 0.000000 0.000000 0.000000 0.000000 0.000000 0.000000 0.000001 0.000001 0.000003 0.000005 0.000011 0.000021 0.000040 0.000074 0.000134 0.000234 0.000400 0.000665 0.001076 0.001695 0.002601 0.003884 0.005643 0.007980 0.010980 0.014699 0.019144 0.024253 0.029888 0.035825 0.041764 0.047353 0.052213 0.055988 0.058384 0.059205 0.058384 0.055988 0.052213 0.047353 0.041764 0.035825 0.029888 0.024253 0.019144 0.014699 0.010980 0.007980 0.005643 0.003884 0.002601 0.001695 0.001076 0.000665 0.000400 0.000234 0.000134 0.000074 0.000040 0.000021 0.000011 0.000005 0.000003 0.000001 0.000001 0.000000 0.000000 0.000000 0.000000 0.000000 0.000000 0.000000 0.000000 0.000000 0.000000 0.000000 0.000000 0.000000 0.000000 0.000000 0.000000 0.000000 0.000000 0.000000 0.000000 
0.000000 0.000000 0.000000 0.000000 0.000000 0.000000 0.000000 0.000000 0.000000 0.000000 0.000000 0.000000 0.000000 0.000000 0.000000 0.000000 0.000000 0.000000 0.000000 0.000000 0.000001 0.000001 0.000003 0.000005 0.000011 0.000022 0.000042 0.000080 0.000147 0.000264 0.000462 0.000787 0.001306 0.002111 0.003322 0.005089 0.007589 0.011014 0.015557 0.021382 0.028596 0.037209 0.047103 0.058006 0.069486 0.080965 0.091759 0.101145 0.108433 0.113057 0.114641 0.113057 0.108433 0.101145 0.091759 0.080965 0.069486 0.058006 0.047103 0.037209 0.028596 0.021382 0.015557 0.011014 0.007589 0.005089 0.003322 0.002111 0.001306 0.000787 0.000462 0.000264 0.000147 0.000080 0.000042 0.000022 0.000011 0.000005 0.000003 0.000001 0.000001 0.000000 0.000000 0.000000 0.000000 0.000000 0.000000 0.000000 0.000000 0.000000 0.000000 0.000000 0.000000 0.000000 0.000000 0.000000 0.000000 0.000000 0.000000 0.000000 
0.000000 0.000000 0.000000 0.000000 0.000000 0.000000 0.000000 0.000000 0.000000 0.000000 0.000000 0.000000 0.000000 0.000000 0.000000 0.000000 0.000000 0.000000 0.000000 0.000000 0.000001 0.000002 0.000005 0.000010 0.000021 0.000042 0.000082 0.000154 0.000284 0.000508 0.000888 0.001511 0.002504 0.004040 0.006349 0.009712 0.014463 0.020966 0.029580 0.040615 0.054267 0.070552 0.089244 0.109827 0.131486 0.153131 0.173476 0.191159 0.204887 0.213595 0.216579 0.213595 0.204887 0.191159 0.173476 0.153131 0.131486 0.109827 0.089244 0.070552 0.054267 0.040615 0.029580 0.020966 0.014463 0.009712 0.006349 0.004040 0.002504 0.001511 0.000888 0.000508 0.000284 0.000154 0.000082 0.000042 0.000021 0.000010 0.000005 0.000002 0.000001 0.000000 0.000000 0.000000 0.000000 0.000000 0.000000 0.000000 0.000000 0.000000 0.000000 0.000000 0.000000 0.000000 0.000000 0.000000 0.000000 0.000000 0.000000 0.000000 
0.000000 0.000000 0.000000 0.000000 0.000000 0.000000 0.000000 0.000000 0.000000 0.000000 0.000000 0.000000 0.000000 0.000000 0.000000 0.000000 0.000000 0.000000 0.000000 0.000001 0.000002 0.000004 0.000009 0.000020 0.000040 0.000080 0.000154 0.000290 0.000533 0.000955 0.001665 0.002828 0.004679 0.007539 0.011830 0.018073 0.026881 0.038922 0.054855 0.075244 0.100445 0.130481 0.164929 0.202836 0.242700 0.282518 0.319929 0.352433 0.377661 0.393660 0.399143 0.393660 0.377661 0.352433 0.319929 0.282518 0.242700 0.202836 0.164929 0.130481 0.100445 0.075244 0.054855 0.038922 0.026881 0.018073 0.011830 0.007539 0.004679 0.002828 0.001665 0.000955 0.000533 0.000290 0.000154 0.000080 0.000040 0.000020 0.000009 0.000004 0.000002 0.000001 0.000000 0.000000 0.000000 0.000000 0.000000 0.000000 0.000000 0.000000 0.000000 0.000000 0.000000 0.000000 0.000000 0.000000 0.000000 0.000000 0.000000 0.000000 
0.000000 0.000000 0.000000 0.000000 0.000000 0.000000 0.000000 0.000000 0.000000 0.000000 0.000000 0.000000 0.000000 0.000000 0.000000 0.000000 0.000000 0.000000 0.000001 0.000002 0.000004 0.000008 0.000018 0.000037 0.000074 0.000147 0.000284 0.000533 0.000978 0.001748 0.003042 0.005160 0.008524 0.013715 0.021491 0.032791 0.048715 0.070458 0.099198 0.135940 0.181311 0.235343 0.297266 0.365363 0.436933 0.508384 0.575488 0.633772 0.678997 0.707673 0.717499 0.707673 0.678997 0.633772 0.575488 0.508384 0.436933 0.365363 0.297266 0.235343 0.181311 0.135940 0.099198 0.070458 0.048715 0.032791 0.021491 0.013715 0.008524 0.005160 0.003042 0.001748 0.000978 0.000533 0.000284 0.000147 0.000074 0.000037 0.000018 0.000008 0.000004 0.000002 0.000001 0.000000 0.000000 0.000000 0.000000 0.000000 0.000000 0.000000 0.000000 0.000000 0.000000 0.000000 0.000000 0.000000 0.000000 0.000000 0.000000 0.000000 
0.000000 0.000000 0.000000 0.000000 0.000000 0.000000 0.000000 0.000000 0.000000 0.000000 0.000000 0.000000 0.000000 0.000000 0.000000 0.000000 0.000000 0.000001 0.000001 0.000003 0.000007 0.000015 0.000032 0.000066 0.000134 0.000264 0.000508 0.000955 0.001748 0.003117 0.005418 0.009175 0.015135 0.024320 0.038060 0.058002 0.086071 0.124354 0.174906 0.239472 0.319133 0.413925 0.522482 0.641789 0.767110 0.892163 1.009562 1.111497 1.190574 1.240707 1.257884 1.240707 1.190574 1.111497 1.009562 0.892163 0.767110 0.641789 0.522482 0.413925 0.319133 0.239472 0.174906 0.124354 0.086071 0.058002 0.038060 0.024320 0.015135 0.009175 0.005418 0.003117 0.001748 0.000955 0.000508 0.000264 0.000134 0.000066 0.000032 0.000015 0.000007 0.000003 0.000001 0.000001 0.000000 0.000000 0.000000 0.000000 0.000000 0.000000 0.000000 0.000000 0.000000 0.000000 0.000000 0.000000 0.000000 0.000000 0.000000 0.000000 
0.000000 0.000000 0.000000 0.000000 0.000000 0.000000 0.000000 0.000000 0.000000 0.000000 0.000000 0.000000 0.000000 0.000000 0.000000 0.000000 0.000000 0.000001 0.000002 0.000005 0.000012 0.000026 0.000056 0.000116 0.000234 0.000462 0.000888 0.001665 0.003042 0.005418 0.009403 0.015900 0.026193 0.042033 0.065699 0.100007 0.148242 0.213959 0.300654 0.411283 0.547664 0.709825 0.895408 1.099245 1.313242 1.526686 1.726990 1.900854 2.035702 2.121178 2.150464 2.121178 2.035702 1.900854 1.726990 1.526686 1.313242 1.099245 0.895408 0.709825 0.547664 0.411283 0.300654 0.213959 0.148242 0.100007 0.065699 0.042033 0.026193 0.015900 0.009403 0.005418 0.003042 0.001665 0.000888 0.000462 0.000234 0.000116 0.000056 0.000026 0.000012 0.000005 0.000002 0.000001 0.000000 0.000000 0.000000 0.000000 0.000000 0.000000 0.000000 0.000000 0.000000 0.000000 0.000000 0.000000 0.000000 0.000000 0.000000 0.000000 
0.000000 0.000000 0.000000 0.000000 0.000000 0.000000 0.000000 0.000000 0.000000 0.000000 0.000000 0.000000 0.000000 0.000000 0.000000 0.000000 0.000001 0.000002 0.000004 0.000009 0.000021 0.000045 0.000096 0.000198 0.000400 0.000787 0.001511 0.002828 0.005160 0.009175 0.015900 0.026849 0.044173 0.070797 0.110528 0.168060 0.248860 0.358834 0.503779 0.688579 0.916217 1.186691 1.496031 1.835599 2.191914 2.547154 2.880403 3.169581 3.393816 3.535931 3.584618 3.535931 3.393816 3.169581 2.880403 2.547154 2.191914 1.835599 1.496031 1.186691 0.916217 0.688579 0.503779 0.358834 0.248860 0.168060 0.110528 0.070797 0.044173 0.026849 0.015900 0.009175 0.005160 0.002828 0.001511 0.000787 0.000400 0.000198 0.000096 0.000045 0.000021 0.000009 0.000004 0.000002 0.000001 0.000000 0.000000 0.000000 0.000000 0.000000 0.000000 0.000000 0.000000 0.000000 0.000000 0.000000 0.000000 0.000000 0.000000 0.000000 
0.000000 0.000000 0.000000 0.000000 0.000000 0.000000 0.000000 0.000000 0.000000 0.000000 0.000000 0.000000 0.000000 0.000000 0.000000 0.000000 0.000001 0.000003 0.000007 0.000016 0.000035 0.000075 0.000160 0.000330 0.000665 0.001306 0.002504 0.004679 0.008524 0.015135 0.026193 0.044173 0.072583 0.116195 0.181199 0.275228 0.407149 0.586534 0.822752 1.123676 1.494076 1.933877 2.436565 2.988071 3.566499 4.142943 4.683516 5.152471 5.516034 5.746421 5.825343 5.746421 5.516034 5.152471 4.683516 4.142943 3.566499 2.988071 2.436565 1.933877 1.494076 1.123676 0.822752 0.586534 0.407149 0.275228 0.181199 0.116195 0.072583 0.044173 0.026193 0.015135 0.008524 0.004679 0.002504 0.001306 0.000665 0.000330 0.000160 0.000075 0.000035 0.000016 0.000007 0.000003 0.000001 0.000000 0.000000 0.000000 0.000000 0.000000 0.000000 0.000000 0.000000 0.000000 0.000000 0.000000 0.000000 0.000000 0.000000 0.000000 
0.000000 0.000000 0.000000 0.000000 0.000000 0.000000 0.000000 0.000000 0.000000 0.000000 0.000000 0.000000 0.000000 0.000000 0.000000 0.000001 0.000002 0.000005 0.000011 0.000025 0.000057 0.000123 0.000259 0.000535 0.001076 0.002111 0.004040 0.007539 0.013715 0.024320 0.042033 0.070797 0.116195 0.185802 0.289440 0.439201 0.649110 0.934283 1.309492 1.787110 2.374579 3.071669 3.867967 4.741145 5.656529 6.568415 7.423278 8.164690 8.739367 9.103485 9.228212 9.103485 8.739367 8.164690 7.423278 6.568415 5.656529 4.741145 3.867967 3.071669 2.374579 1.787110 1.309492 0.934283 0.649110 0.439201 0.289440 0.185802 0.116195 0.070797 0.042033 0.024320 0.013715 0.007539 0.004040 0.002111 0.001076 0.000535 0.000259 0.000123 0.000057 0.000025 0.000011 0.000005 0.000002 0.000001 0.000000 0.000000 0.000000 0.000000 0.000000 0.000000 0.000000 0.000000 0.000000 0.000000 0.000000 0.000000 0.000000 0.000000 
0.000000 0.000000 0.000000 0.000000 0.000000 0.000000 0.000000 0.000000 0.000000 0.000000 0.000000 0.000000 0.000000 0.000000 0.000001 0.000001 0.000003 0.000008 0.000018 0.000040 0.000090 0.000194 0.000410 0.000844 0.001695 0.003322 0.006349 0.011830 0.021491 0.038060 0.065699 0.110528 0.181199 0.289440 0.450435 0.682854 1.008321 1.450111 2.030923 2.769719 3.677825 4.754722 5.984202 7.331720 8.743763 10.149891 11.467683 12.610304 13.495799 14.056785 14.248934 14.056785 13.495799 12.610304 11.467683 10.149891 8.743763 7.331720 5.984202 4.754722 3.677825 2.769719 2.030923 1.450111 1.008321 0.682854 0.450435 0.289440 0.181199 0.110528 0.065699 0.038060 0.021491 0.011830 0.006349 0.003322 0.001695 0.000844 0.000410 0.000194 0.000090 0.000040 0.000018 0.000008 0.000003 0.000001 0.000001 0.000000 0.000000 0.000000 0.000000 0.000000 0.000000 0.000000 0.000000 0.000000 0.000000 0.000000 0.000000 0.000000 
0.000000 0.000000 0.000000 0.000000 0.000000 0.000000 0.000000 0.000000 0.000000 0.000000 0.000000 0.000000 0.000000 0.000000 0.000001 0.000002 0.000005 0.000012 0.000028 0.000063 0.000138 0.000299 0.000630 0.001297 0.002601 0.005089 0.009712 0.018073 0.032791 0.058002 0.100007 0.168060 0.275228 0.439201 0.682854 1.034279 1.525975 2.192871 3.068970 4.182605 5.550584 7.171895 9.021964 11.048713 13.171650 15.284958 17.264929 18.981308 20.311216 21.153651 21.442186 21.153651 20.311216 18.981308 17.264929 15.284958 13.171650 11.048713 9.021964 7.171895 5.550584 4.182605 3.068970 2.192871 1.525975 1.034279 0.682854 0.439201 0.275228 0.168060 0.100007 0.058002 0.032791 0.018073 0.009712 0.005089 0.002601 0.001297 0.000630 0.000299 0.000138 0.000063 0.000028 0.000012 0.000005 0.000002 0.000001 0.000000 0.000000 0.000000 0.000000 0.000000 0.000000 0.000000 0.000000 0.000000 0.000000 0.000000 0.000000 0.000000 
0.000000 0.000000 0.000000 0.000000 0.000000 0.000000 0.000000 0.000000 0.000000 0.000000 0.000000 0.000000 0.000000 0.000000 0.000001 0.000003 0.000008 0.000018 0.000042 0.000094 0.000208 0.000449 0.000944 0.001939 0.003884 0.007589 0.014463 0.026881 0.048715 0.086071 0.148242 0.248860 0.407149 0.649110 1.008321 1.525975 2.249669 3.230489 4.518090 6.153738 8.161761 10.540357 13.253237 16.223905 19.334376 22.429728 25.328994 27.841735 29.788372 31.021343 31.443614 31.021343 29.788372 27.841735 25.328994 22.429728 19.334376 16.223905 13.253237 10.540357 8.161761 6.153738 4.518090 3.230489 2.249669 1.525975 1.008321 0.649110 0.407149 0.248860 0.148242 0.086071 0.048715 0.026881 0.014463 0.007589 0.003884 0.001939 0.000944 0.000449 0.000208 0.000094 0.000042 0.000018 0.000008 0.000003 0.000001 0.000000 0.000000 0.000000 0.000000 0.000000 0.000000 0.000000 0.000000 0.000000 0.000000 0.000000 0.000000 0.000000 
0.000000 0.000000 0.000000 0.000000 0.000000 0.000000 0.000000 0.000000 0.000000 0.000000 0.000000 0.000000 0.000000 0.000001 0.000002 0.000005 0.000011 0.000026 0.000061 0.000138 0.000304 0.000654 0.001375 0.002821 0.005643 0.011014 0.020966 0.038922 0.070458 0.124354 0.213959 0.358834 0.586534 0.934283 1.450111 2.192871 3.230489 4.635786 6.479426 8.820004 11.691850 15.091969 18.968173 23.210991 27.651905 32.069890 36.206952 39.791739 42.568475 44.327039 44.929286 44.327039 42.568475 39.791739 36.206952 32.069890 27.651905 23.210991 18.968173 15.091969 11.691850 8.820004 6.479426 4.635786 3.230489 2.192871 1.450111 0.934283 0.586534 0.358834 0.213959 0.124354 0.070458 0.038922 0.020966 0.011014 0.005643 0.002821 0.001375 0.000654 0.000304 0.000138 0.000061 0.000026 0.000011 0.000005 0.000002 0.000001 0.000000 0.000000 0.000000 0.000000 0.000000 0.000000 0.000000 0.000000 0.000000 0.000000 0.000000 0.000000 
0.000000 0.000000 0.000000 0.000000 0.000000 0.000000 0.000000 0.000000 0.000000 0.000000 0.000000 0.000000 0.000000 0.000001 0.000003 0.000007 0.000016 0.000038 0.000087 0.000196 0.000432 0.000929 0.001950 0.003994 0.007980 0.015557 0.029580 0.054855 0.099198 0.174906 0.300654 0.503779 0.822752 1.309492 2.030923 3.068970 4.518090 6.479426 9.050993 12.313875 16.315316 21.050602 26.446647 32.350835 38.528659 44.672850 50.425002 55.408333 59.267820 61.711882 62.548849 61.711882 59.267820 55.408333 50.425002 44.672850 38.528659 32.350835 26.446647 21.050602 16.315316 12.313875 9.050993 6.479426 4.518090 3.068970 2.030923 1.309492 0.822752 0.503779 0.300654 0.174906 0.099198 0.054855 0.029580 0.015557 0.007980 0.003994 0.001950 0.000929 0.000432 0.000196 0.000087 0.000038 0.000016 0.000007 0.000003 0.000001 0.000000 0.000000 0.000000 0.000000 0.000000 0.000000 0.000000 0.000000 0.000000 0.000000 0.000000 0.000000 
0.000000 0.000000 0.000000 0.000000 0.000000 0.000000 0.000000 0.000000 0.000000 0.000000 0.000000 0.000000 0.000001 0.000001 0.000004 0.000009 0.000022 0.000052 0.000120 0.000271 0.000597 0.001283 0.002689 0.005501 0.010980 0.021382 0.040615 0.075244 0.135940 0.239472 0.411283 0.688579 1.123676 1.787110 2.769719 4.182605 6.153738 8.820004 12.313875 16.744720 22.175922 28.600410 35.918524 43.923011 52.295936 60.621114 68.413400 75.163013 80.389769 83.699380 84.832705 83.699380 80.389769 75.163013 68.413400 60.621114 52.295936 43.923011 35.918524 28.600410 22.175922 16.744720 12.313875 8.820004 6.153738 4.182605 2.769719 1.787110 1.123676 0.688579 0.411283 0.239472 0.135940 0.075244 0.040615 0.021382 0.010980 0.005501 0.002689 0.001283 0.000597 0.000271 0.000120 0.000052 0.000022 0.000009 0.000004 0.000001 0.000001 0.000000 0.000000 0.000000 0.000000 0.000000 0.000000 0.000000 0.000000 0.000000 0.000000 0.000000 
0.000000 0.000000 0.000000 0.000000 0.000000 0.000000 0.000000 0.000000 0.000000 0.000000 0.000000 0.000000 0.000001 0.000002 0.000005 0.000012 0.000030 0.000070 0.000162 0.000365 0.000803 0.001722 0.003607 0.007371 0.014699 0.028596 0.054267 0.100445 0.181311 0.319133 0.547664 0.916217 1.494076 2.374579 3.677825 5.550584 8.161761 11.691850 16.315316 22.175922 29.356576 37.847114 47.515222 58.086769 69.141848 80.131271 90.415225 99.321687 106.217838 110.584172 112.079296 110.584172 106.217838 99.321687 90.415225 80.131271 69.141848 58.086769 47.515222 37.847114 29.356576 22.175922 16.315316 11.691850 8.161761 5.550584 3.677825 2.374579 1.494076 0.916217 0.547664 0.319133 0.181311 0.100445 0.054267 0.028596 0.014699 0.007371 0.003607 0.001722 0.000803 0.000365 0.000162 0.000070 0.000030 0.000012 0.000005 0.000002 0.000001 0.000000 0.000000 0.000000 0.000000 0.000000 0.000000 0.000000 0.000000 0.000000 0.000000 0.000000 
0.000000 0.000000 0.000000 0.000000 0.000000 0.000000 0.000000 0.000000 0.000000 0.000000 0.000000 0.000000 0.000001 0.000003 0.000007 0.000016 0.000039 0.000092 0.000212 0.000478 0.001049 0.002250 0.004706 0.009609 0.019144 0.037209 0.070552 0.130481 0.235343 0.413925 0.709825 1.186691 1.933877 3.071669 4.754722 7.171895 10.540357 15.091969 21.050602 28.600410 37.847114 48.776684 61.218091 74.818190 89.036773 103.167869 116.389439 127.838388 136.702195 142.313957 144.235471 142.313957 136.702195 127.838388 116.389439 103.167869 89.036773 74.818190 61.218091 48.776684 37.847114 28.600410 21.050602 15.091969 10.540357 7.171895 4.754722 3.071669 1.933877 1.186691 0.709825 0.413925 0.235343 0.130481 0.070552 0.037209 0.019144 0.009609 0.004706 0.002250 0.001049 0.000478 0.000212 0.000092 0.000039 0.000016 0.000007 0.000003 0.000001 0.000000 0.000000 0.000000 0.000000 0.000000 0.000000 0.000000 0.000000 0.000000 0.000000 0.000000 
0.000000 0.000000 0.000000 0.000000 0.000000 0.000000 0.000000 0.000000 0.000000 0.000000 0.000000 0.000000 0.000001 0.000003 0.000008 0.000021 0.000050 0.000118 0.000271 0.000608 0.001334 0.002857 0.005973 0.012184 0.024253 0.047103 0.089244 0.164929 0.297266 0.522482 0.895408 1.496031 2.436565 3.867967 5.984202 9.021964 13.253237 18.968173 26.446647 35.918524 47.515222 61.218091 76.811916 93.853646 111.666367 129.366070 145.923893 160.259954 171.357897 178.383660 180.789262 178.383660 171.357897 160.259954 145.923893 129.366070 111.666367 93.853646 76.811916 61.218091 47.515222 35.918524 26.446647 18.968173 13.253237 9.021964 5.984202 3.867967 2.436565 1.496031 0.895408 0.522482 0.297266 0.164929 0.089244 0.047103 0.024253 0.012184 0.005973 0.002857 0.001334 0.000608 0.000271 0.000118 0.000050 0.000021 0.000008 0.000003 0.000001 0.000000 0.000000 0.000000 0.000000 0.000000 0.000000 0.000000 0.000000 0.000000 0.000000 0.000000 
0.000000 0.000000 0.000000 0.000000 0.000000 0.000000 0.000000 0.000000 0.000000 0.000000 0.000000 0.000001 0.000002 0.000004 0.000010 0.000026 0.000062 0.000146 0.000335 0.000752 0.001649 0.003529 0.007371 0.015026 0.029888 0.058006 0.109827 0.202836 0.365363 0.641789 1.099245 1.835599 2.988071 4.741145 7.331720 11.048713 16.223905 23.210991 32.350835 43.923011 58.086769 74.818190 93.853646 114.651849 136.386672 157.979910 178.177208 195.662401 209.197019 217.764876 220.698403 217.764876 209.197019 195.662401 178.177208 157.979910 136.386672 114.651849 93.853646 74.818190 58.086769 43.923011 32.350835 23.210991 16.223905 11.048713 7.331720 4.741145 2.988071 1.835599 1.099245 0.641789 0.365363 0.202836 0.109827 0.058006 0.029888 0.015026 0.007371 0.003529 0.001649 0.000752 0.000335 0.000146 0.000062 0.000026 0.000010 0.000004 0.000002 0.000001 0.000000 0.000000 0.000000 0.000000 0.000000 0.000000 0.000000 0.000000 0.000000 0.000000 
