0.000000 0.000000 0.000000 0.000000 0.000000 0.000000 0.000000 0.000000 0.000000 0.000000 0.000000 0.000000 0.000000 0.000000 0.000000 0.000000 0.000000 0.000000 0.000000 0.000000 0.000000 0.000000 0.000000 0.000000 0.000000 0.000000 0.000000 0.000000 0.000000 0.000000 0.000000 0.000000 0.000000 0.000000 0.000000 0.000000 0.000000 0.000000 0.000000 0.000000 0.000000 0.000000 0.000000 0.000000 0.000000 0.000000 0.000000 0.000000 0.000000 0.000000 0.000000 0.000000 0.000000 0.000000 0.000000 0.000000 0.000000 0.000000 0.000000 0.000000 0.000000 0.000000 0.000000 0.000000 0.000000 0.000000 0.000000 0.000000 0.000000 0.000000 0.000000 0.000000 0.000000 0.000000 0.000000 0.000000 0.000000 0.000000 0.000000 0.000000 0.000000 0.000000 0.000000 0.000000 0.000000 0.000000 0.000000 0.000000 0.000000 0.000000 0.000000 0.000000 0.000000 0.000000 0.000000 0.000000 0.000000 0.000000 0.000000 0.000000 
0.000000 0.000000 0.000000 0.000000 0.000000 0.000000 0.000000 0.000000 0.000000 0.000000 0.000000 0.000000 0.000000 0.000000 0.000000 0.000000 0.000000 0.000000 0.000000 0.000000 0.000000 0.000001 0.000001 0.000001 0.000002 0.000003 0.000003 0.000005 0.000006 0.000008 0.000010 0.000012 0.000016 0.000019 0.000024 0.000028 0.000034 0.000040 0.000046 0.000053 0.000060 0.000068 0.000075 0.000082 0.000089 0.000095 0.000101 0.000105 0.000108 0.000110 0.000111 0.000110 0.000108 0.000105 0.000101 0.000095 0.000089 0.000082 0.000075 0.000068 0.000060 0.000053 0.000046 0.000040 0.000034 0.000028 0.000024 0.000019 0.000016 0.000012 0.000010 0.000008 0.000006 0.000005 0.000003 0.000003 0.000002 0.000001 0.000001 0.000001 0.000000 0.000000 0.000000 0.000000 0.000000 0.000000 0.000000 0.000000 0.000000 0.000000 0.000000 0.000000 0.000000 0.000000 0.000000 0.000000 0.000000 0.000000 0.000000 0.000000 
0.000000 0.000000 0.000000 0.000000 0.000000 0.000000 0.000000 0.000000 0.000000 0.000000 0.000000 0.000000 0.000000 0.000000 0.000000 0.000000 0.000000 0.000000 0.000001 0.000001 0.000001 0.000002 0.000002 0.000003 0.000004 0.000006 0.000008 0.000010 0.000014 0.000018 0.000023 0.000029 0.000036 0.000044 0.000054 0.000065 0.000078 0.000092 0.000107 0.000123 0.000139 0.000156 0.000173 0.000189 0.000205 0.000219 0.000231 0.000241 0.000249 0.000253 0.000255 0.000253 0.000249 0.000241 0.000231 0.000219 0.000205 0.000189 0.000173 0.000156 0.000139 0.000123 0.000107 0.000092 0.000078 0.000065 0.000054 0.000044 0.000036 0.000029 0.000023 0.000018 0.000014 0.000010 0.000008 0.000006 0.000004 0.000003 0.000002 0.000002 0.000001 0.000001 0.000001 0.000000 0.000000 0.000000 0.000000 0.000000 0.000000 0.000000 0.000000 0.000000 0.000000 0.000000 0.000000 0.000000 0.000000 0.000000 0.000000 0.000000 
0.000000 0.000000 0.000000 0.000000 0.000000 0.000000 0.000000 0.000000 0.000000 0.000000 0.000000 0.000000 0.000000 0.000000 0.000000 0.000000 0.000000 0.000001 0.000001 0.000001 0.000002 0.000003 0.000004 0.000006 0.000008 0.000011 0.000015 0.000019 0.000026 0.000033 0.000042 0.000054 0.000067 0.000083 0.000101 0.000122 0.000145 0.000171 0.000199 0.000228 0.000259 0.000291 0.000322 0.000353 0.000381 0.000408 0.000431 0.000449 0.000463 0.000471 0.000474 0.000471 0.000463 0.000449 0.000431 0.000408 0.000381 0.000353 0.000322 0.000291 0.000259 0.000228 0.000199 0.000171 0.000145 0.000122 0.000101 0.000083 0.000067 0.000054 0.000042 0.000033 0.000026 0.000019 0.000015 0.000011 0.000008 0.000006 0.000004 0.000003 0.000002 0.000001 0.000001 0.000001 0.000000 0.000000 0.000000 0.000000 0.000000 0.000000 0.000000 0.000000 0.000000 0.000000 0.000000 0.000000 0.000000 0.000000 0.000000 0.000000 
0.000000 0.000000 0.000000 0.000000 0.000000 0.000000 0.000000 0.000000 0.000000 0.000000 0.000000 0.000000 0.000000 0.000000 0.000000 0.000001 0.000001 0.000001 0.000002 0.000003 0.000004 0.000005 0.000007 0.000010 0.000014 0.000019 0.000026 0.000034 0.000045 0.000058 0.000074 0.000094 0.000117 0.000145 0.000177 0.000213 0.000254 0.000299 0.000347 0.000399 0.000453 0.000508 0.000563 0.000617 0.000667 0.000713 0.000753 0.000785 0.000809 0.000824 0.000829 0.000824 0.000809 0.000785 0.000753 0.000713 0.000667 0.000617 0.000563 0.000508 0.000453 0.000399 0.000347 0.000299 0.000254 0.000213 0.000177 0.000145 0.000117 0.000094 0.000074 0.000058 0.000045 0.000034 0.000026 0.000019 0.000014 0.000010 0.000007 0.000005 0.000004 0.000003 0.000002 0.000001 0.000001 0.000001 0.000000 0.000000 0.000000 0.000000 0.000000 0.000000 0.000000 0.000000 0.000000 0.000000 0.000000 0.000000 0.000000 0.000000 
0.000000 0.000000 0.000000 0.000000 0.000000 0.000000 0.000000 0.000000 0.000000 0.000000 0.000000 0.000000 0.000000 0.000000 0.000001 0.000001 0.000001 0.000002 0.000003 0.000004 0.000006 0.000009 0.000013 0.000018 0.000024 0.000033 0.000044 0.000058 0.000076 0.000099 0.000127 0.000160 0.000200 0.000247 0.000301 0.000363 0.000433 0.000509 0.000592 0.000680 0.000772 0.000866 0.000959 0.001050 0.001136 0.001214 0.001281 0.001337 0.001378 0.001403 0.001411 0.001403 0.001378 0.001337 0.001281 0.001214 0.001136 0.001050 0.000959 0.000866 0.000772 0.000680 0.000592 0.000509 0.000433 0.000363 0.000301 0.000247 0.000200 0.000160 0.000127 0.000099 0.000076 0.000058 0.000044 0.000033 0.000024 0.000018 0.000013 0.000009 0.000006 0.000004 0.000003 0.000002 0.000001 0.000001 0.000001 0.000000 0.000000 0.000000 0.000000 0.000000 0.000000 0.000000 0.000000 0.000000 0.000000 0.000000 0.000000 0.000000 
0.000000 0.000000 0.000000 0.000000 0.000000 0.000000 0.000000 0.000000 0.000000 0.000000 0.000000 0.000000 0.000000 0.000001 0.000001 0.000002 0.000002 0.000003 0.000005 0.000007 0.000011 0.000015 0.000021 0.000030 0.000041 0.000055 0.000074 0.000098 0.000128 0.000166 0.000213 0.000269 0.000336 0.000415 0.000506 0.000610 0.000726 0.000854 0.000993 0.001140 0.001294 0.001451 0.001608 0.001760 0.001903 0.002034 0.002147 0.002240 0.002308 0.002350 0.002365 0.002350 0.002308 0.002240 0.002147 0.002034 0.001903 0.001760 0.001608 0.001451 0.001294 0.001140 0.000993 0.000854 0.000726 0.000610 0.000506 0.000415 0.000336 0.000269 0.000213 0.000166 0.000128 0.000098 0.000074 0.000055 0.000041 0.000030 0.000021 0.000015 0.000011 0.000007 0.000005 0.000003 0.000002 0.000002 0.000001 0.000001 0.000000 0.000000 0.000000 0.000000 0.000000 0.000000 0.000000 0.000000 0.000000 0.000000 0.000000 0.000000 
0.000000 0.000000 0.000000 0.000000 0.000000 0.000000 0.000000 0.000000 0.000000 0.000000 0.000000 0.000000 0.000001 0.000001 0.000002 0.000003 0.000004 0.000006 0.000008 0.000012 0.000018 0.000025 0.000035 0.000049 0.000068 0.000092 0.000123 0.000163 0.000213 0.000276 0.000353 0.000446 0.000557 0.000688 0.000838 0.001010 0.001202 0.001414 0.001644 0.001888 0.002142 0.002402 0.002661 0.002912 0.003149 0.003365 0.003552 0.003705 0.003819 0.003888 0.003912 0.003888 0.003819 0.003705 0.003552 0.003365 0.003149 0.002912 0.002661 0.002402 0.002142 0.001888 0.001644 0.001414 0.001202 0.001010 0.000838 0.000688 0.000557 0.000446 0.000353 0.000276 0.000213 0.000163 0.000123 0.000092 0.000068 0.000049 0.000035 0.000025 0.000018 0.000012 0.000008 0.000006 0.000004 0.000003 0.000002 0.000001 0.000001 0.000000 0.000000 0.000000 0.000000 0.000000 0.000000 0.000000 0.000000 0.000000 0.000000 0.000000 
0.000000 0.000000 0.000000 0.000000 0.000000 0.000000 0.000000 0.000000 0.000000 0.000000 0.000000 0.000001 0.000001 0.000002 0.000003 0.000004 0.000006 0.000009 0.000014 0.000020 0.000029 0.000041 0.000058 0.000081 0.000111 0.000150 0.000202 0.000267 0.000350 0.000453 0.000579 0.000731 0.000913 0.001126 0.001373 0.001654 0.001969 0.002315 0.002691 0.003090 0.003505 0.003930 0.004352 0.004763 0.005151 0.005503 0.005809 0.006059 0.006244 0.006358 0.006397 0.006358 0.006244 0.006059 0.005809 0.005503 0.005151 0.004763 0.004352 0.003930 0.003505 0.003090 0.002691 0.002315 0.001969 0.001654 0.001373 0.001126 0.000913 0.000731 0.000579 0.000453 0.000350 0.000267 0.000202 0.000150 0.000111 0.000081 0.000058 0.000041 0.000029 0.000020 0.000014 0.000009 0.000006 0.000004 0.000003 0.000002 0.000001 0.000001 0.000000 0.000000 0.000000 0.000000 0.000000 0.000000 0.000000 0.000000 0.000000 0.000000 
0.000000 0.000000 0.000000 0.000000 0.000000 0.000000 0.000000 0.000000 0.000000 0.000000 0.000001 0.000001 0.000002 0.000003 0.000004 0.000007 0.000010 0.000015 0.000023 0.000033 0.000047 0.000067 0.000094 0.000131 0.000180 0.000244 0.000327 0.000434 0.000567 0.000734 0.000938 0.001185 0.001479 0.001825 0.002224 0.002678 0.003187 0.003748 0.004354 0.004999 0.005671 0.006356 0.007040 0.007703 0.008329 0.008898 0.009393 0.009797 0.010095 0.010279 0.010341 0.010279 0.010095 0.009797 0.009393 0.008898 0.008329 0.007703 0.007040 0.006356 0.005671 0.004999 0.004354 0.003748 0.003187 0.002678 0.002224 0.001825 0.001479 0.001185 0.000938 0.000734 0.000567 0.000434 0.000327 0.000244 0.000180 0.000131 0.000094 0.000067 0.000047 0.000033 0.000023 0.000015 0.000010 0.000007 0.000004 0.000003 0.000002 0.000001 0.000001 0.000000 0.000000 0.000000 0.000000 0.000000 0.000000 0.000000 0.000000 0.000000 
0.000000 0.000000 0.000000 0.000000 0.000000 0.000000 0.000000 0.000000 0.000000 0.000001 0.000001 0.000002 0.000003 0.000005 0.000007 0.000011 0.000017 0.000025 0.000036 0.000053 0.000076 0.000108 0.000152 0.000211 0.000289 0.000392 0.000525 0.000695 0.000910 0.001177 0.001504 0.001899 0.002370 0.002922 0.003561 0.004287 0.005101 0.005997 0.006967 0.007997 0.009071 0.010166 0.011257 0.012318 0.013317 0.014227 0.015016 0.015661 0.016138 0.016431 0.016530 0.016431 0.016138 0.015661 0.015016 0.014227 0.013317 0.012318 0.011257 0.010166 0.009071 0.007997 0.006967 0.005997 0.005101 0.004287 0.003561 0.002922 0.002370 0.001899 0.001504 0.001177 0.000910 0.000695 0.000525 0.000392 0.000289 0.000211 0.000152 0.000108 0.000076 0.000053 0.000036 0.000025 0.000017 0.000011 0.000007 0.000005 0.000003 0.000002 0.000001 0.000001 0.000000 0.000000 0.000000 0.000000 0.000000 0.000000 0.000000 0.000000 
0.000000 0.000000 0.000000 0.000000 0.000000 0.000000 0.000000 0.000000 0.000001 0.000001 0.000002 0.000003 0.000005 0.000007 0.000012 0.000018 0.000026 0.000039 0.000058 0.000084 0.000121 0.000172 0.000241 0.000335 0.000459 0.000622 0.000833 0.001103 0.001443 0.001865 0.002383 0.003008 0.003753 0.004627 0.005637 0.006786 0.008072 0.009489 0.011021 0.012650 0.014346 0.016076 0.017800 0.019475 0.021054 0.022489 0.023737 0.024754 0.025508 0.025971 0.026127 0.025971 0.025508 0.024754 0.023737 0.022489 0.021054 0.019475 0.017800 0.016076 0.014346 0.012650 0.011021 0.009489 0.008072 0.006786 0.005637 0.004627 0.003753 0.003008 0.002383 0.001865 0.001443 0.001103 0.000833 0.000622 0.000459 0.000335 0.000241 0.000172 0.000121 0.000084 0.000058 0.000039 0.000026 0.000018 0.000012 0.000007 0.000005 0.000003 0.000002 0.000001 0.000001 0.000000 0.000000 0.000000 0.000000 0.000000 0.000000 0.000000 
0.000000 0.000000 0.000000 0.000000 0.000000 0.000000 0.000000 0.000001 0.000001 0.000002 0.000003 0.000005 0.000008 0.000012 0.000018 0.000028 0.000042 0.000062 0.000091 0.000132 0.000190 0.000270 0.000379 0.000525 0.000720 0.000976 0.001307 0.001729 0.002261 0.002923 0.003733 0.004712 0.005877 0.007244 0.008823 0.010620 0.012631 0.014844 0.017239 0.019783 0.022433 0.025136 0.027829 0.030445 0.032910 0.035152 0.037099 0.038688 0.039865 0.040588 0.040832 0.040588 0.039865 0.038688 0.037099 0.035152 0.032910 0.030445 0.027829 0.025136 0.022433 0.019783 0.017239 0.014844 0.012631 0.010620 0.008823 0.007244 0.005877 0.004712 0.003733 0.002923 0.002261 0.001729 0.001307 0.000976 0.000720 0.000525 0.000379 0.000270 0.000190 0.000132 0.000091 0.000062 0.000042 0.000028 0.000018 0.000012 0.000008 0.000005 0.000003 0.000002 0.000001 0.000001 0.000000 0.000000 0.000000 0.000000 0.000000 0.000000 
0.000000 0.000000 0.000000 0.000000 0.000000 0.000000 0.000001 0.000001 0.000002 0.000003 0.000005 0.000007 0.000012 0.000018 0.000028 0.000043 0.000065 0.000096 0.000141 0.000205 0.000295 0.000419 0.000588 0.000815 0.001117 0.001513 0.002026 0.002680 0.003504 0.004528 0.005782 0.007296 0.009099 0.011212 0.013654 0.016432 0.019540 0.022961 0.026662 0.030592 0.034685 0.038859 0.043019 0.047058 0.050865 0.054326 0.057332 0.059785 0.061601 0.062718 0.063094 0.062718 0.061601 0.059785 0.057332 0.054326 0.050865 0.047058 0.043019 0.038859 0.034685 0.030592 0.026662 0.022961 0.019540 0.016432 0.013654 0.011212 0.009099 0.007296 0.005782 0.004528 0.003504 0.002680 0.002026 0.001513 0.001117 0.000815 0.000588 0.000419 0.000295 0.000205 0.000141 0.000096 0.000065 0.000043 0.000028 0.000018 0.000012 0.000007 0.000005 0.000003 0.000002 0.000001 0.000001 0.000000 0.000000 0.000000 0.000000 0.000000 
0.000000 0.000000 0.000000 0.000000 0.000000 0.000001 0.000001 0.000002 0.000003 0.000004 0.000007 0.000012 0.000018 0.000028 0.000043 0.000066 0.000099 0.000148 0.000217 0.000316 0.000453 0.000643 0.000902 0.001251 0.001714 0.002320 0.003105 0.004107 0.005369 0.006935 0.008854 0.011170 0.013927 0.017159 0.020892 0.025137 0.029887 0.035114 0.040768 0.046771 0.053023 0.059397 0.065749 0.071916 0.077727 0.083011 0.087600 0.091344 0.094117 0.095820 0.096395 0.095820 0.094117 0.091344 0.087600 0.083011 0.077727 0.071916 0.065749 0.059397 0.053023 0.046771 0.040768 0.035114 0.029887 0.025137 0.020892 0.017159 0.013927 0.011170 0.008854 0.006935 0.005369 0.004107 0.003105 0.002320 0.001714 0.001251 0.000902 0.000643 0.000453 0.000316 0.000217 0.000148 0.000099 0.000066 0.000043 0.000028 0.000018 0.000012 0.000007 0.000004 0.000003 0.000002 0.000001 0.000001 0.000000 0.000000 0.000000 0.000000 
0.000000 0.000000 0.000000 0.000000 0.000001 0.000001 0.000002 0.000003 0.000004 0.000007 0.000011 0.000018 0.000028 0.000043 0.000066 0.000101 0.000151 0.000225 0.000330 0.000479 0.000688 0.000976 0.001369 0.001897 0.002598 0.003518 0.004706 0.006223 0.008132 0.010503 0.013405 0.016908 0.021076 0.025962 0.031604 0.038019 0.045196 0.053093 0.061632 0.070698 0.080139 0.089763 0.099352 0.108662 0.117434 0.125409 0.132335 0.137986 0.142170 0.144741 0.145609 0.144741 0.142170 0.137986 0.132335 0.125409 0.117434 0.108662 0.099352 0.089763 0.080139 0.070698 0.061632 0.053093 0.045196 0.038019 0.031604 0.025962 0.021076 0.016908 0.013405 0.010503 0.008132 0.006223 0.004706 0.003518 0.002598 0.001897 0.001369 0.000976 0.000688 0.000479 0.000330 0.000225 0.000151 0.000101 0.000066 0.000043 0.000028 0.000018 0.000011 0.000007 0.000004 0.000003 0.000002 0.000001 0.000001 0.000000 0.000000 0.000000 
0.000000 0.000000 0.000000 0.000000 0.000001 0.000001 0.000002 0.000004 0.000006 0.000010 0.000017 0.000026 0.000042 0.000065 0.000099 0.000151 0.000227 0.000338 0.000496 0.000720 0.001033 0.001465 0.002053 0.002844 0.003895 0.005271 0.007051 0.009321 0.012177 0.015723 0.020064 0.025302 0.031532 0.038835 0.047267 0.056850 0.067571 0.079366 0.092118 0.105655 0.119749 0.134117 0.148431 0.162325 0.175417 0.187318 0.197654 0.206087 0.212329 0.216166 0.217460 0.216166 0.212329 0.206087 0.197654 0.187318 0.175417 0.162325 0.148431 0.134117 0.119749 0.105655 0.092118 0.079366 0.067571 0.056850 0.047267 0.038835 0.031532 0.025302 0.020064 0.015723 0.012177 0.009321 0.007051 0.005271 0.003895 0.002844 0.002053 0.001465 0.001033 0.000720 0.000496 0.000338 0.000227 0.000151 0.000099 0.000065 0.000042 0.000026 0.000017 0.000010 0.000006 0.000004 0.000002 0.000001 0.000001 0.000000 0.000000 0.000000 
0.000000 0.000000 0.000000 0.000001 0.000001 0.000002 0.000003 0.000006 0.000009 0.000015 0.000025 0.000039 0.000062 0.000096 0.000148 0.000225 0.000338 0.000502 0.000736 0.001068 0.001532 0.002172 0.003044 0.004216 0.005772 0.007809 0.010443 0.013801 0.018027 0.023271 0.029688 0.037431 0.046640 0.057431 0.069886 0.084043 0.099876 0.117292 0.136120 0.156105 0.176908 0.198114 0.219237 0.239741 0.259059 0.276618 0.291867 0.304308 0.313517 0.319177 0.321086 0.319177 0.313517 0.304308 0.291867 0.276618 0.259059 0.239741 0.219237 0.198114 0.176908 0.156105 0.136120 0.117292 0.099876 0.084043 0.069886 0.057431 0.046640 0.037431 0.029688 0.023271 0.018027 0.013801 0.010443 0.007809 0.005772 0.004216 0.003044 0.002172 0.001532 0.001068 0.000736 0.000502 0.000338 0.000225 0.000148 0.000096 0.000062 0.000039 0.000025 0.000015 0.000009 0.000006 0.000003 0.000002 0.000001 0.000001 0.000000 0.000000 
0.000000 0.000000 0.000001 0.000001 0.000002 0.000003 0.000005 0.000008 0.000014 0.000023 0.000036 0.000058 0.000091 0.000141 0.000217 0.000330 0.000496 0.000736 0.001080 0.001567 0.002247 0.003185 0.004462 0.006178 0.008455 0.011437 0.015290 0.020202 0.026382 0.034048 0.043428 0.054744 0.068198 0.083962 0.102154 0.122827 0.145945 0.171370 0.198853 0.228021 0.258380 0.289323 0.320143 0.350057 0.378238 0.403851 0.426094 0.444240 0.457673 0.465927 0.468711 0.465927 0.457673 0.444240 0.426094 0.403851 0.378238 0.350057 0.320143 0.289323 0.258380 0.228021 0.198853 0.171370 0.145945 0.122827 0.102154 0.083962 0.068198 0.054744 0.043428 0.034048 0.026382 0.020202 0.015290 0.011437 0.008455 0.006178 0.004462 0.003185 0.002247 0.001567 0.001080 0.000736 0.000496 0.000330 0.000217 0.000141 0.000091 0.000058 0.000036 0.000023 0.000014 0.000008 0.000005 0.000003 0.000002 0.000001 0.000000 0.000000 
0.000000 0.000000 0.000001 0.000001 0.000003 0.000004 0.000007 0.000012 0.000020 0.000033 0.000053 0.000084 0.000132 0.000205 0.000316 0.000479 0.000720 0.001068 0.001567 0.002273 0.003258 0.004616 0.006465 0.008949 0.012244 0.016558 0.022130 0.029233 0.038166 0.049247 0.062801 0.079149 0.098583 0.121348 0.147617 0.177462 0.210832 0.247528 0.287188 0.329275 0.373076 0.417714 0.462171 0.505317 0.545961 0.582900 0.614977 0.641143 0.660514 0.672416 0.676431 0.672416 0.660514 0.641143 0.614977 0.582900 0.545961 0.505317 0.462171 0.417714 0.373076 0.329275 0.287188 0.247528 0.210832 0.177462 0.147617 0.121348 0.098583 0.079149 0.062801 0.049247 0.038166 0.029233 0.022130 0.016558 0.012244 0.008949 0.006465 0.004616 0.003258 0.002273 0.001567 0.001068 0.000720 0.000479 0.000316 0.000205 0.000132 0.000084 0.000053 0.000033 0.000020 0.000012 0.000007 0.000004 0.000002 0.000001 0.000001 0.000000 
0.000000 0.000000 0.000001 0.000002 0.000004 0.000006 0.000011 0.000018 0.000029 0.000047 0.000076 0.000121 0.000190 0.000295 0.000453 0.000688 0.001033 0.001532 0.002247 0.003258 0.004669 0.006613 0.009259 0.012814 0.017527 0.023696 0.031663 0.041816 0.054582 0.070414 0.089776 0.113124 0.140875 0.173377 0.210875 0.253471 0.301091 0.353451 0.410032 0.470068 0.532543 0.596206 0.659604 0.721129 0.779082 0.831748 0.877480 0.914784 0.942399 0.959367 0.965090 0.959367 0.942399 0.914784 0.877480 0.831748 0.779082 0.721129 0.659604 0.596206 0.532543 0.470068 0.410032 0.353451 0.301091 0.253471 0.210875 0.173377 0.140875 0.113124 0.089776 0.070414 0.054582 0.041816 0.031663 0.023696 0.017527 0.012814 0.009259 0.006613 0.004669 0.003258 0.002247 0.001532 0.001033 0.000688 0.000453 0.000295 0.000190 0.000121 0.000076 0.000047 0.000029 0.000018 0.000011 0.000006 0.000004 0.000002 0.000001 0.000000 
0.000000 0.000001 0.000002 0.000003 0.000005 0.000009 0.000015 0.000025 0.000041 0.000067 0.000108 0.000172 0.000270 0.000419 0.000643 0.000976 0.001465 0.002172 0.003185 0.004616 0.006613 0.009365 0.013108 0.018135 0.024800 0.033521 0.044781 0.059128 0.077163 0.099524 0.126866 0.159831 0.199005 0.244878 0.297793 0.357894 0.425074 0.498930 0.578731 0.663396 0.751490 0.841252 0.930632 1.017365 1.099056 1.173292 1.237751 1.290328 1.329247 1.353161 1.361227 1.353161 1.329247 1.290328 1.237751 1.173292 1.099056 1.017365 0.930632 0.841252 0.751490 0.663396 0.578731 0.498930 0.425074 0.357894 0.297793 0.244878 0.199005 0.159831 0.126866 0.099524 0.077163 0.059128 0.044781 0.033521 0.024800 0.018135 0.013108 0.009365 0.006613 0.004616 0.003185 0.002172 0.001465 0.000976 0.000643 0.000419 0.000270 0.000172 0.000108 0.000067 0.000041 0.000025 0.000015 0.000009 0.000005 0.000003 0.000001 0.000000 
0.000000 0.000001 0.000002 0.000004 0.000007 0.000013 0.000021 0.000035 0.000058 0.000094 0.000152 0.000241 0.000379 0.000588 0.000902 0.001369 0.002053 0.003044 0.004462 0.006465 0.009259 0.013108 0.018343 0.025372 0.034687 0.046873 0.062605 0.082646 0.107831 0.139052 0.177221 0.223230 0.277895 0.341899 0.415717 0.499547 0.593237 0.696225 0.807491 0.925523 1.048326 1.173440 1.298013 1.418888 1.532729 1.636174 1.725992 1.799250 1.853477 1.886796 1.898035 1.886796 1.853477 1.799250 1.725992 1.636174 1.532729 1.418888 1.298013 1.173440 1.048326 0.925523 0.807491 0.696225 0.593237 0.499547 0.415717 0.341899 0.277895 0.223230 0.177221 0.139052 0.107831 0.082646 0.062605 0.046873 0.034687 0.025372 0.018343 0.013108 0.009259 0.006465 0.004462 0.003044 0.002053 0.001369 0.000902 0.000588 0.000379 0.000241 0.000152 0.000094 0.000058 0.000035 0.000021 0.000013 0.000007 0.000004 0.000002 0.000000 
0.000000 0.000001 0.000003 0.000006 0.000010 0.000018 0.000030 0.000049 0.000081 0.000131 0.000211 0.000335 0.000525 0.000815 0.001251 0.001897 0.002844 0.004216 0.006178 0.008949 0.012814 0.018135 0.025372 0.035085 0.047956 0.064789 0.086515 0.114186 0.148953 0.192044 0.244715 0.308193 0.383602 0.471879 0.573676 0.689264 0.818431 0.960400 1.113760 1.276431 1.445659 1.618058 1.789697 1.956228 2.113060 2.255562 2.379286 2.480196 2.554890 2.600783 2.616263 2.600783 2.554890 2.480196 2.379286 2.255562 2.113060 1.956228 1.789697 1.618058 1.445659 1.276431 1.113760 0.960400 0.818431 0.689264 0.573676 0.471879 0.383602 0.308193 0.244715 0.192044 0.148953 0.114186 0.086515 0.064789 0.047956 0.035085 0.025372 0.018135 0.012814 0.008949 0.006178 0.004216 0.002844 0.001897 0.001251 0.000815 0.000525 0.000335 0.000211 0.000131 0.000081 0.000049 0.000029 0.000017 0.000010 0.000005 0.000002 0.000000 
0.000000 0.000002 0.000004 0.000008 0.000014 0.000024 0.000041 0.000068 0.000111 0.000180 0.000289 0.000459 0.000720 0.001117 0.001714 0.002598 0.003895 0.005772 0.008455 0.012244 0.017527 0.024800 0.034687 0.047956 0.065534 0.088518 0.118177 0.155942 0.203385 0.262175 0.334021 0.420595 0.523425 0.643783 0.782555 0.940105 1.116141 1.309600 1.518560 1.740184 1.970719 2.205555 2.439336 2.666146 2.879732 3.073793 3.242275 3.379686 3.481393 3.543884 3.564962 3.543884 3.481393 3.379686 3.242275 3.073793 2.879732 2.666146 2.439336 2.205555 1.970719 1.740184 1.518560 1.309600 1.116141 0.940105 0.782555 0.643783 0.523425 0.420595 0.334021 0.262175 0.203385 0.155942 0.118177 0.088518 0.065534 0.047956 0.034687 0.024800 0.017527 0.012244 0.008455 0.005772 0.003895 0.002598 0.001714 0.001117 0.000720 0.000459 0.000289 0.000180 0.000111 0.000067 0.000041 0.000024 0.000014 0.000007 0.000003 0.000000 
0.000000 0.000003 0.000006 0.000011 0.000019 0.000033 0.000055 0.000092 0.000150 0.000244 0.000392 0.000622 0.000976 0.001513 0.002320 0.003518 0.005271 0.007809 0.011437 0.016558 0.023696 0.033521 0.046873 0.064789 0.088518 0.119538 0.159558 0.210508 0.274501 0.353785 0.450661 0.567376 0.705984 0.868196 1.055200 1.267479 1.504637 1.765239 2.046691 2.345170 2.655623 2.971841 3.286617 3.591984 3.879533 4.140782 4.367585 4.552557 4.689464 4.773580 4.801953 4.773580 4.689464 4.552557 4.367585 4.140782 3.879533 3.591984 3.286617 2.971841 2.655623 2.345170 2.046691 1.765239 1.504637 1.267479 1.055200 0.868196 0.705984 0.567376 0.450661 0.353785 0.274501 0.210508 0.159558 0.119538 0.088518 0.064789 0.046873 0.033521 0.023696 0.016558 0.011437 0.007809 0.005271 0.003518 0.002320 0.001513 0.000976 0.000622 0.000392 0.000244 0.000150 0.000092 0.000055 0.000033 0.000019 0.000010 0.000004 0.000000 
0.000000 0.000003 0.000008 0.000015 0.000026 0.000044 0.000074 0.000123 0.000202 0.000327 0.000525 0.000833 0.001307 0.002026 0.003105 0.004706 0.007051 0.010443 0.015290 0.022130 0.031663 0.044781 0.062605 0.086515 0.118177 0.159558 0.212937 0.280879 0.366200 0.471890 0.601010 0.756546 0.941231 1.157335 1.406435 1.689167 2.004998 2.352011 2.726749 3.124120 3.537397 3.958316 4.377284 4.783704 5.166389 5.514054 5.815869 6.062009 6.244186 6.356114 6.393868 6.356114 6.244186 6.062009 5.815869 5.514054 5.166389 4.783704 4.377284 3.958316 3.537397 3.124120 2.726749 2.352011 2.004998 1.689167 1.406435 1.157335 0.941231 0.756546 0.601010 0.471890 0.366200 0.280879 0.212937 0.159558 0.118177 0.086515 0.062605 0.044781 0.031663 0.022130 0.015290 0.010443 0.007051 0.004706 0.003105 0.002026 0.001307 0.000833 0.000525 0.000327 0.000202 0.000123 0.000074 0.000044 0.000025 0.000014 0.000006 0.000000 
0.000000 0.000005 0.000010 0.000019 0.000034 0.000058 0.000098 0.000163 0.000267 0.000434 0.000695 0.001103 0.001729 0.002680 0.004107 0.006223 0.009321 0.013801 0.020202 0.029233 0.041816 0.059128 0.082646 0.114186 0.155942 0.210508 0.280879 0.370434 0.482876 0.622139 0.792249 0.997128 1.240370 1.524955 1.852947 2.225180 2.640941 3.097703 3.590910 4.113857 4.657691 5.211539 5.762783 6.297485 6.800932 7.258289 7.655314 7.979091 8.218725 8.365951 8.415612 8.365951 8.218725 7.979091 7.655314 7.258289 6.800932 6.297485 5.762783 5.211539 4.657691 4.113857 3.590910 3.097703 2.640941 2.225180 1.852947 1.524955 1.240370 0.997128 0.792249 0.622139 0.482876 0.370434 0.280879 0.210508 0.155942 0.114186 0.082646 0.059128 0.041816 0.029233 0.020202 0.013801 0.009321 0.006223 0.004107 0.002680 0.001729 0.001103 0.000695 0.000434 0.000267 0.000163 0.000098 0.000058 0.000033 0.000018 0.000008 0.000000 
0.000000 0.000006 0.000014 0.000026 0.000045 0.000076 0.000128 0.000213 0.000350 0.000567 0.000910 0.001443 0.002261 0.003504 0.005369 0.008132 0.012177 0.018027 0.026382 0.038166 0.054582 0.077163 0.107831 0.148953 0.203385 0.274501 0.366200 0.482876 0.629346 0.810727 1.032247 1.299009 1.615675 1.986116 2.413009 2.897424 3.438429 4.032724 4.674377 5.354664 6.062065 6.782439 7.499380 8.194766 8.849471 9.444213 9.960481 10.381489 10.693078 10.884511 10.949081 10.884511 10.693078 10.381489 9.960481 9.444213 8.849471 8.194766 7.499380 6.782439 6.062065 5.354664 4.674377 4.032724 3.438429 2.897424 2.413009 1.986116 1.615675 1.299009 1.032247 0.810727 0.629346 0.482876 0.366200 0.274501 0.203385 0.148953 0.107831 0.077163 0.054582 0.038166 0.026382 0.018027 0.012177 0.008132 0.005369 0.003504 0.002261 0.001443 0.000910 0.000567 0.000350 0.000213 0.000128 0.000076 0.000044 0.000024 0.000010 0.000000 
0.000000 0.000008 0.000018 0.000033 0.000058 0.000099 0.000166 0.000276 0.000453 0.000734 0.001177 0.001865 0.002923 0.004528 0.006935 0.010503 0.015723 0.023271 0.034048 0.049247 0.070414 0.099524 0.139052 0.192044 0.262175 0.353785 0.471890 0.622139 0.810727 1.044226 1.329359 1.672677 2.080168 2.556798 3.105996 3.729129 4.424984 5.189309 6.014466 6.889233 7.798796 8.724974 9.646682 10.540628 11.382237 12.146733 12.810333 13.351473 13.751965 13.998012 14.081004 13.998012 13.751965 13.351473 12.810333 12.146733 11.382237 10.540628 9.646682 8.724974 7.798796 6.889233 6.014466 5.189309 4.424984 3.729129 3.105996 2.556798 2.080168 1.672677 1.329359 1.044226 0.810727 0.622139 0.471890 0.353785 0.262175 0.192044 0.139052 0.099524 0.070414 0.049247 0.034048 0.023271 0.015723 0.010503 0.006935 0.004528 0.002923 0.001865 0.001177 0.000734 0.000453 0.000276 0.000166 0.000098 0.000057 0.000031 0.000013 0.000000 
0.000000 0.000010 0.000023 0.000042 0.000074 0.000127 0.000213 0.000353 0.000579 0.000938 0.001504 0.002383 0.003733 0.005782 0.008854 0.013405 0.020064 0.029688 0.043428 0.062801 0.089776 0.126866 0.177221 0.244715 0.334021 0.450661 0.601010 0.792249 1.032247 1.329359 1.692121 2.128850 2.647150 3.253315 3.951694 4.744007 5.628698 6.600349 7.649244 8.761112 9.917123 11.094173 12.265472 13.401432 14.470836 15.442216 16.285369 16.972909 17.481739 17.794342 17.899782 17.794342 17.481739 16.972909 16.285369 15.442216 14.470836 13.401432 12.265472 11.094173 9.917123 8.761112 7.649244 6.600349 5.628698 4.744007 3.951694 3.253315 2.647150 2.128850 1.692121 1.329359 1.032247 0.792249 0.601010 0.450661 0.334021 0.244715 0.177221 0.126866 0.089776 0.062801 0.043428 0.029688 0.020064 0.013405 0.008854 0.005782 0.003733 0.002383 0.001504 0.000938 0.000579 0.000353 0.000212 0.000126 0.000072 0.000039 0.000017 0.000000 
0.000000 0.000012 0.000029 0.000054 0.000094 0.000160 0.000269 0.000446 0.000731 0.001185 0.001899 0.003008 0.004712 0.007296 0.011170 0.016908 0.025302 0.037431 0.054744 0.079149 0.113124 0.159831 0.223230 0.308193 0.420595 0.567376 0.756546 0.997128 1.299009 1.672677 2.128850 2.677971 3.329574 4.091556 4.969361 5.965134 7.076901 8.297842 9.615737 11.012648 12.464919 13.943529 15.414829 16.841668 18.184849 19.404864 20.463798 21.327272 21.966295 22.358877 22.491294 22.358877 21.966295 21.327272 20.463798 19.404864 18.184849 16.841668 15.414829 13.943529 12.464919 11.012648 9.615737 8.297842 7.076901 5.965134 4.969361 4.091556 3.329574 2.677971 2.128850 1.672677 1.299009 0.997128 0.756546 0.567376 0.420595 0.308193 0.223230 0.159831 0.113124 0.079149 0.054744 0.037431 0.025302 0.016908 0.011170 0.007296 0.004712 0.003008 0.001899 0.001185 0.000731 0.000446 0.000268 0.000159 0.000092 0.000050 0.000022 0.000000 
0.000000 0.000016 0.000036 0.000067 0.000117 0.000200 0.000336 0.000557 0.000913 0.001479 0.002370 0.003753 0.005877 0.009099 0.013927 0.021076 0.031532 0.046640 0.068198 0.098583 0.140875 0.199005 0.277895 0.383602 0.523425 0.705984 0.941231 1.240370 1.615675 2.080168 2.647150 3.329574 4.139267 5.086019 6.176568 7.413558 8.794516 10.310956 11.947687 13.682427 15.485796 17.321762 19.148554 20.920056 22.587622 24.102223 25.416809 26.488721 27.281985 27.769320 27.933695 27.769320 27.281985 26.488721 25.416809 24.102223 22.587622 20.920056 19.148554 17.321762 15.485796 13.682427 11.947687 10.310956 8.794516 7.413558 6.176568 5.086019 4.139267 3.329574 2.647150 2.080168 1.615675 1.240370 0.941231 0.705984 0.523425 0.383602 0.277895 0.199005 0.140875 0.098583 0.068198 0.046640 0.031532 0.021076 0.013927 0.009099 0.005877 0.003753 0.002370 0.001479 0.000913 0.000557 0.000335 0.000199 0.000114 0.000062 0.000027 0.000000 
0.000000 0.000019 0.000044 0.000083 0.000145 0.000247 0.000415 0.000688 0.001126 0.001825 0.002922 0.004627 0.007244 0.011212 0.017159 0.025962 0.038835 0.057431 0.083962 0.121348 0.173377 0.244878 0.341899 0.471879 0.643783 0.868196 1.157335 1.524955 1.986116 2.556798 3.253315 4.091556 5.086019 6.248698 7.587842 9.106671 10.802127 12.663772 14.672944 16.802281 19.015722 21.269044 23.510992 25.684987 27.731349 29.589937 31.203038 32.518328 33.491688 34.089656 34.291345 34.089656 33.491688 32.518328 31.203038 29.589937 27.731349 25.684987 23.510992 21.269044 19.015722 16.802281 14.672944 12.663772 10.802127 9.106671 7.587842 6.248698 5.086019 4.091556 3.253315 2.556798 1.986116 1.524955 1.157335 0.868196 0.643783 0.471879 0.341899 0.244878 0.173377 0.121348 0.083962 0.057431 0.038835 0.025962 0.017159 0.011212 0.007244 0.004627 0.002922 0.001824 0.001126 0.000687 0.000414 0.000245 0.000141 0.000077 0.000033 0.000000 
0.000000 0.000024 0.000054 0.000101 0.000177 0.000301 0.000506 0.000838 0.001373 0.002224 0.003561 0.005637 0.008823 0.013654 0.020892 0.031604 0.047267 0.069886 0.102154 0.147617 0.210875 0.297793 0.415717 0.573676 0.782555 1.055200 1.406435 1.852947 2.413009 3.105996 3.951694 4.969361 6.176568 7.587842 9.213165 11.056413 13.113852 15.372793 17.810576 20.393994 23.079292 25.812826 28.532433 31.169496 33.651648 35.905964 37.862472 39.457736 40.638266 41.363499 41.608112 41.363499 40.638266 39.457736 37.862472 35.905964 33.651648 31.169496 28.532433 25.812826 23.079292 20.393994 17.810576 15.372793 13.113852 11.056413 9.213165 7.587842 6.176568 4.969361 3.951694 3.105996 2.413009 1.852947 1.406435 1.055200 0.782555 0.573676 0.415717 0.297793 0.210875 0.147617 0.102154 0.069886 0.047267 0.031604 0.020892 0.013654 0.008823 0.005637 0.003560 0.002224 0.001373 0.000838 0.000505 0.000299 0.000173 0.000093 0.000041 0.000000 
0.000000 0.000028 0.000065 0.000122 0.000213 0.000363 0.000610 0.001010 0.001654 0.002678 0.004287 0.006786 0.010620 0.016432 0.025137 0.038019 0.056850 0.084043 0.122827 0.177462 0.253471 0.357894 0.499547 0.689264 0.940105 1.267479 1.689167 2.225180 2.897424 3.729129 4.744007 5.965134 7.413558 9.106671 11.056413 13.267404 15.735132 18.444355 21.367878 24.465869 27.685854 30.963516 34.224331 37.386049 40.361930 43.064576 45.410127 47.322564 48.737788 49.607191 49.900430 49.607191 48.737788 47.322564 45.410127 43.064576 40.361930 37.386049 34.224331 30.963516 27.685854 24.465869 21.367878 18.444355 15.735132 13.267404 11.056413 9.106671 7.413558 5.965134 4.744007 3.729129 2.897424 2.225180 1.689167 1.267479 0.940105 0.689264 0.499547 0.357894 0.253471 0.177462 0.122827 0.084043 0.056850 0.038019 0.025137 0.016432 0.010619 0.006786 0.004287 0.002678 0.001654 0.001009 0.000608 0.000360 0.000208 0.000113 0.000049 0.000000 
0.000000 0.000034 0.000078 0.000145 0.000254 0.000433 0.000726 0.001202 0.001969 0.003187 0.005101 0.008072 0.012631 0.019540 0.029887 0.045196 0.067571 0.099876 0.145945 0.210832 0.301091 0.425074 0.593237 0.818431 1.116141 1.504637 2.004998 2.640941 3.438429 4.424984 5.628698 7.076901 8.794516 10.802127 13.113852 15.735132 18.660585 21.872116 25.337468 29.009416 32.825764 36.710288 40.574681 44.321494 47.847964 51.050555 53.829930 56.096041 57.772964 58.803124 59.150583 58.803124 57.772964 56.096041 53.829930 51.050555 47.847964 44.321494 40.574681 36.710288 32.825764 29.009416 25.337468 21.872116 18.660585 15.735132 13.113852 10.802127 8.794516 7.076901 5.628698 4.424984 3.438429 2.640941 2.004998 1.504637 1.116141 0.818431 0.593237 0.425074 0.301091 0.210832 0.145945 0.099876 0.067571 0.045196 0.029887 0.019540 0.012630 0.008072 0.005101 0.003187 0.001968 0.001201 0.000724 0.000429 0.000248 0.000134 0.000059 0.000000 
0.000000 0.000040 0.000092 0.000171 0.000299 0.000509 0.000854 0.001414 0.002315 0.003748 0.005997 0.009489 0.014844 0.022961 0.035114 0.053093 0.079366 0.117292 0.171370 0.247528 0.353451 0.498930 0.696225 0.960400 1.309600 1.765239 2.352011 3.097703 4.032724 5.189309 6.600349 8.297842 10.310956 12.663772 15.372793 18.444355 21.872116 25.634845 29.694729 33.996427 38.467074 43.017388 47.543942 51.932615 56.063072 59.814080 63.069328 65.723387 67.687365 68.893857 69.300789 68.893857 67.687365 65.723387 63.069328 59.814080 56.063072 51.932615 47.543942 43.017388 38.467074 33.996427 29.694729 25.634845 21.872116 18.444355 15.372793 12.663772 10.310956 8.297842 6.600349 5.189309 4.032724 3.097703 2.352011 1.765239 1.309600 0.960400 0.696225 0.498930 0.353451 0.247528 0.171370 0.117292 0.079366 0.053093 0.035114 0.022961 0.014844 0.009489 0.005997 0.003747 0.002315 0.001413 0.000852 0.000505 0.000292 0.000158 0.000069 0.000000 
0.000000 0.000046 0.000107 0.000199 0.000347 0.000592 0.000993 0.001644 0.002691 0.004354 0.006967 0.011021 0.017239 0.026662 0.040768 0.061632 0.092118 0.136120 0.198853 0.287188 0.410032 0.578731 0.807491 1.113760 1.518560 2.046691 2.726749 3.590910 4.674377 6.014466 7.649244 9.615737 11.947687 14.672944 17.810576 21.367878 25.337468 29.694729 34.395849 39.376734 44.553013 49.821319 55.061926 60.142736 64.924471 69.266820 73.035179 76.107535 78.381021 79.777636 80.248691 79.777636 78.381021 76.107535 73.035179 69.266820 64.924471 60.142736 55.061926 49.821319 44.553013 39.376734 34.395849 29.694729 25.337468 21.367878 17.810576 14.672944 11.947687 9.615737 7.649244 6.014466 4.674377 3.590910 2.726749 2.046691 1.518560 1.113760 0.807491 0.578731 0.410032 0.287188 0.198853 0.136120 0.092118 0.061632 0.040768 0.026662 0.017239 0.011021 0.006967 0.004354 0.002690 0.001643 0.000990 0.000587 0.000339 0.000184 0.000080 0.000000 
0.000000 0.000053 0.000123 0.000228 0.000399 0.000680 0.001140 0.001888 0.003090 0.004999 0.007997 0.012650 0.019783 0.030592 0.046771 0.070698 0.105655 0.156105 0.228021 0.329275 0.470068 0.663396 0.925523 1.276431 1.740184 2.345170 3.124120 4.113857 5.354664 6.889233 8.761112 11.012648 13.682427 16.802281 20.393994 24.465869 29.009416 33.996427 39.376734 45.076970 51.000577 57.029271 63.026067 68.839836 74.311242 79.279778 83.591471 87.106756 89.707973 91.305903 91.844857 91.305903 89.707973 87.106756 83.591471 79.279778 74.311242 68.839836 63.026067 57.029271 51.000577 45.076970 39.376734 33.996427 29.009416 24.465869 20.393994 16.802281 13.682427 11.012648 8.761112 6.889233 5.354664 4.113857 3.124120 2.345170 1.740184 1.276431 0.925523 0.663396 0.470068 0.329275 0.228021 0.156105 0.105655 0.070698 0.046771 0.030592 0.019783 0.012649 0.007997 0.004998 0.003089 0.001886 0.001137 0.000675 0.000390 0.000211 0.000092 0.000000 
0.000000 0.000060 0.000139 0.000259 0.000453 0.000772 0.001294 0.002142 0.003505 0.005671 0.009071 0.014346 0.022433 0.034685 0.053023 0.080139 0.119749 0.176908 0.258380 0.373076 0.532543 0.751490 1.048326 1.445659 1.970719 2.655623 3.537397 4.657691 6.062065 7.798796 9.917123 12.464919 15.485796 19.015722 23.079292 27.685854 32.825764 38.467074 44.553013 51.000577 57.700545 64.519141 71.301452 77.876581 84.064365 89.683323 94.559368 98.534711 101.476329 103.283354 103.892830 103.283354 101.476329 98.534711 94.559368 89.683323 84.064365 77.876581 71.301452 64.519141 57.700545 51.000577 44.553013 38.467074 32.825764 27.685854 23.079292 19.015722 15.485796 12.464919 9.917123 7.798796 6.062065 4.657691 3.537397 2.655623 1.970719 1.445659 1.048326 0.751490 0.532543 0.373076 0.258380 0.176908 0.119749 0.080139 0.053023 0.034685 0.022433 0.014346 0.009070 0.005670 0.003504 0.002140 0.001291 0.000766 0.000442 0.000240 0.000105 0.000000 
0.000000 0.000068 0.000156 0.000291 0.000508 0.000866 0.001451 0.002402 0.003930 0.006356 0.010166 0.016076 0.025136 0.038859 0.059397 0.089763 0.134117 0.198114 0.289323 0.417714 0.596206 0.841252 1.173440 1.618058 2.205555 2.971841 3.958316 5.211539 6.782439 8.724974 11.094173 13.943529 17.321762 21.269044 25.812826 30.963516 36.710288 43.017388 49.821319 57.029271 64.519141 72.141391 79.722868 87.072569 93.989146 100.269784 105.719940 110.163290 113.451186 115.470917 116.152133 115.470917 113.451186 110.163290 105.719940 100.269784 93.989146 87.072569 79.722868 72.141391 64.519141 57.029271 49.821319 43.017388 36.710288 30.963516 25.812826 21.269044 17.321762 13.943529 11.094173 8.724974 6.782439 5.211539 3.958316 2.971841 2.205555 1.618058 1.173440 0.841252 0.596206 0.417714 0.289323 0.198114 0.134117 0.089763 0.059397 0.038859 0.025136 0.016076 0.010165 0.006356 0.003928 0.002400 0.001447 0.000859 0.000496 0.000269 0.000117 0.000000 
0.000000 0.000075 0.000173 0.000322 0.000563 0.000959 0.001608 0.002661 0.004352 0.007040 0.011257 0.017800 0.027829 0.043019 0.065749 0.099352 0.148431 0.219237 0.320143 0.462171 0.659604 0.930632 1.298013 1.789697 2.439336 3.286617 4.377284 5.762783 7.499380 9.646682 12.265472 15.414829 19.148554 23.510992 28.532433 34.224331 40.574681 47.543942 55.061926 63.026067 71.301452 79.722868 88.099028 96.218938 103.860188 110.798754 116.819758 121.728450 125.360649 127.591870 128.344415 127.591870 125.360649 121.728450 116.819758 110.798754 103.860188 96.218938 88.099028 79.722868 71.301452 63.026067 55.061926 47.543942 40.574681 34.224331 28.532433 23.510992 19.148554 15.414829 12.265472 9.646682 7.499380 5.762783 4.377284 3.286617 2.439336 1.789697 1.298013 0.930632 0.659604 0.462171 0.320143 0.219237 0.148431 0.099352 0.065749 0.043019 0.027829 0.017800 0.011257 0.007039 0.004351 0.002658 0.001603 0.000952 0.000550 0.000298 0.000130 0.000000 
