0.000000 0.000000 0.000000 0.000000 0.000000 0.000000 0.000000 0.000000 0.000000 0.000000 0.000000 0.000000 0.000000 0.000000 0.000000 0.000000 0.000000 0.000000 0.000000 0.000000 0.000000 0.000000 0.000000 0.000000 0.000000 0.000000 0.000000 0.000000 0.000000 0.000000 0.000000 0.000000 0.000000 0.000000 0.000000 0.000000 0.000000 0.000000 0.000000 0.000000 0.000000 0.000000 0.000000 0.000000 0.000000 0.000000 0.000000 0.000000 0.000000 0.000000 0.000000 0.000000 0.000000 0.000000 0.000000 0.000000 0.000000 0.000000 0.000000 0.000000 0.000000 0.000000 0.000000 0.000000 0.000000 0.000000 0.000000 0.000000 0.000000 0.000000 0.000000 0.000000 0.000000 0.000000 0.000000 0.000000 0.000000 0.000000 0.000000 0.000000 0.000000 0.000000 0.000000 0.000000 0.000000 0.000000 0.000000 0.000000 0.000000 0.000000 0.000000 0.000000 0.000000 0.000000 0.000000 0.000000 0.000000 0.000000 0.000000 0.000000 
0.000000 0.000000 0.000000 0.000000 0.000000 0.000000 0.000000 0.000000 0.000000 0.000000 0.000000 0.000001 0.000001 0.000001 0.000002 0.000002 0.000003 0.000005 0.000006 0.000009 0.000012 0.000015 0.000020 0.000027 0.000035 0.000045 0.000057 0.000071 0.000089 0.000110 0.000134 0.000163 0.000195 0.000232 0.000272 0.000317 0.000366 0.000418 0.000473 0.000529 0.000587 0.000644 0.000700 0.000754 0.000804 0.000849 0.000887 0.000918 0.000941 0.000955 0.000960 0.000955 0.000941 0.000918 0.000887 0.000849 0.000804 0.000754 0.000700 0.000644 0.000587 0.000529 0.000473 0.000418 0.000366 0.000317 0.000272 0.000232 0.000195 0.000163 0.000134 0.000110 0.000089 0.000071 0.000057 0.000045 0.000035 0.000027 0.000020 0.000015 0.000012 0.000009 0.000006 0.000005 0.000003 0.000002 0.000002 0.000001 0.000001 0.000001 0.000000 0.000000 0.000000 0.000000 0.000000 0.000000 0.000000 0.000000 0.000000 0.000000 
0.000000 0.000000 0.000000 0.000000 0.000000 0.000000 0.000000 0.000000 0.000000 0.000001 0.000001 0.000001 0.000002 0.000003 0.000004 0.000005 0.000007 0.000010 0.000014 0.000019 0.000025 0.000034 0.000045 0.000059 0.000076 0.000098 0.000125 0.000157 0.000196 0.000242 0.000296 0.000358 0.000429 0.000510 0.000600 0.000698 0.000805 0.000919 0.001040 0.001164 0.001291 0.001417 0.001541 0.001659 0.001768 0.001867 0.001951 0.002019 0.002070 0.002101 0.002111 0.002101 0.002070 0.002019 0.001951 0.001867 0.001768 0.001659 0.001541 0.001417 0.001291 0.001164 0.001040 0.000919 0.000805 0.000698 0.000600 0.000510 0.000429 0.000358 0.000296 0.000242 0.000196 0.000157 0.000125 0.000098 0.000076 0.000059 0.000045 0.000034 0.000025 0.000019 0.000014 0.000010 0.000007 0.000005 0.000004 0.000003 0.000002 0.000001 0.000001 0.000001 0.000000 0.000000 0.000000 0.000000 0.000000 0.000000 0.000000 0.000000 
0.000000 0.000000 0.000000 0.000000 0.000000 0.000000 0.000000 0.000000 0.000001 0.000001 0.000001 0.000002 0.000003 0.000005 0.000006 0.000009 0.000013 0.000018 0.000024 0.000033 0.000044 0.000059 0.000078 0.000103 0.000133 0.000171 0.000217 0.000274 0.000341 0.000421 0.000515 0.000624 0.000748 0.000888 0.001044 0.001216 0.001402 0.001601 0.001810 0.002027 0.002247 0.002467 0.002683 0.002888 0.003078 0.003250 0.003397 0.003516 0.003603 0.003657 0.003675 0.003657 0.003603 0.003516 0.003397 0.003250 0.003078 0.002888 0.002683 0.002467 0.002247 0.002027 0.001810 0.001601 0.001402 0.001216 0.001044 0.000888 0.000748 0.000624 0.000515 0.000421 0.000341 0.000274 0.000217 0.000171 0.000133 0.000103 0.000078 0.000059 0.000044 0.000033 0.000024 0.000018 0.000013 0.000009 0.000006 0.000005 0.000003 0.000002 0.000001 0.000001 0.000001 0.000000 0.000000 0.000000 0.000000 0.000000 0.000000 0.000000 
0.000000 0.000000 0.000000 0.000000 0.000000 0.000000 0.000000 0.000001 0.000001 0.000002 0.000002 0.000003 0.000005 0.000007 0.000010 0.000015 0.000021 0.000029 0.000039 0.000053 0.000072 0.000096 0.000127 0.000166 0.000216 0.000277 0.000352 0.000443 0.000552 0.000681 0.000833 0.001009 0.001209 0.001436 0.001688 0.001966 0.002267 0.002588 0.002926 0.003276 0.003632 0.003987 0.004334 0.004666 0.004974 0.005250 0.005487 0.005679 0.005821 0.005907 0.005936 0.005907 0.005821 0.005679 0.005487 0.005250 0.004974 0.004666 0.004334 0.003987 0.003632 0.003276 0.002926 0.002588 0.002267 0.001966 0.001688 0.001436 0.001209 0.001009 0.000833 0.000681 0.000552 0.000443 0.000352 0.000277 0.000216 0.000166 0.000127 0.000096 0.000072 0.000053 0.000039 0.000029 0.000021 0.000015 0.000010 0.000007 0.000005 0.000003 0.000002 0.000002 0.000001 0.000001 0.000000 0.000000 0.000000 0.000000 0.000000 0.000000 
0.000000 0.000000 0.000000 0.000000 0.000000 0.000000 0.000001 0.000001 0.000002 0.000003 0.000004 0.000005 0.000008 0.000011 0.000016 0.000023 0.000032 0.000045 0.000062 0.000084 0.000113 0.000151 0.000199 0.000261 0.000338 0.000434 0.000551 0.000694 0.000865 0.001068 0.001305 0.001580 0.001894 0.002248 0.002643 0.003077 0.003548 0.004050 0.004579 0.005126 0.005682 0.006238 0.006781 0.007299 0.007780 0.008212 0.008583 0.008883 0.009104 0.009239 0.009285 0.009239 0.009104 0.008883 0.008583 0.008212 0.007780 0.007299 0.006781 0.006238 0.005682 0.005126 0.004579 0.004050 0.003548 0.003077 0.002643 0.002248 0.001894 0.001580 0.001305 0.001068 0.000865 0.000694 0.000551 0.000434 0.000338 0.000261 0.000199 0.000151 0.000113 0.000084 0.000062 0.000045 0.000032 0.000023 0.000016 0.000011 0.000008 0.000005 0.000004 0.000003 0.000002 0.000001 0.000001 0.000000 0.000000 0.000000 0.000000 0.000000 
0.000000 0.000000 0.000000 0.000000 0.000000 0.000001 0.000001 0.000002 0.000003 0.000004 0.000006 0.000008 0.000012 0.000018 0.000025 0.000036 0.000050 0.000069 0.000095 0.000129 0.000174 0.000233 0.000307 0.000402 0.000521 0.000668 0.000849 0.001068 0.001331 0.001643 0.002008 0.002430 0.002913 0.003458 0.004065 0.004732 0.005454 0.006226 0.007038 0.007878 0.008733 0.009586 0.010420 0.011215 0.011954 0.012617 0.013187 0.013648 0.013987 0.014194 0.014264 0.014194 0.013987 0.013648 0.013187 0.012617 0.011954 0.011215 0.010420 0.009586 0.008733 0.007878 0.007038 0.006226 0.005454 0.004732 0.004065 0.003458 0.002913 0.002430 0.002008 0.001643 0.001331 0.001068 0.000849 0.000668 0.000521 0.000402 0.000307 0.000233 0.000174 0.000129 0.000095 0.000069 0.000050 0.000036 0.000025 0.000018 0.000012 0.000008 0.000006 0.000004 0.000003 0.000002 0.000001 0.000001 0.000000 0.000000 0.000000 0.000000 
0.000000 0.000000 0.000000 0.000000 0.000001 0.000001 0.000002 0.000003 0.000004 0.000006 0.000009 0.000013 0.000019 0.000027 0.000039 0.000054 0.000076 0.000106 0.000145 0.000197 0.000265 0.000354 0.000467 0.000611 0.000792 0.001016 0.001290 0.001624 0.002023 0.002496 0.003051 0.003692 0.004425 0.005252 0.006173 0.007184 0.008281 0.009452 0.010683 0.011958 0.013254 0.014547 0.015811 0.017018 0.018138 0.019143 0.020007 0.020705 0.021219 0.021534 0.021640 0.021534 0.021219 0.020705 0.020007 0.019143 0.018138 0.017018 0.015811 0.014547 0.013254 0.011958 0.010683 0.009452 0.008281 0.007184 0.006173 0.005252 0.004425 0.003692 0.003051 0.002496 0.002023 0.001624 0.001290 0.001016 0.000792 0.000611 0.000467 0.000354 0.000265 0.000197 0.000145 0.000106 0.000076 0.000054 0.000039 0.000027 0.000019 0.000013 0.000009 0.000006 0.000004 0.000003 0.000002 0.000001 0.000001 0.000000 0.000000 0.000000 
0.000000 0.000000 0.000000 0.000001 0.000001 0.000002 0.000003 0.000004 0.000006 0.000009 0.000013 0.000019 0.000028 0.000041 0.000058 0.000082 0.000115 0.000159 0.000218 0.000297 0.000400 0.000533 0.000703 0.000920 0.001191 0.001528 0.001941 0.002442 0.003042 0.003753 0.004586 0.005550 0.006650 0.007892 0.009274 0.010793 0.012439 0.014197 0.016045 0.017957 0.019902 0.021843 0.023740 0.025550 0.027230 0.028738 0.030034 0.031082 0.031852 0.032324 0.032483 0.032324 0.031852 0.031082 0.030034 0.028738 0.027230 0.025550 0.023740 0.021843 0.019902 0.017957 0.016045 0.014197 0.012439 0.010793 0.009274 0.007892 0.006650 0.005550 0.004586 0.003753 0.003042 0.002442 0.001941 0.001528 0.001191 0.000920 0.000703 0.000533 0.000400 0.000297 0.000218 0.000159 0.000115 0.000082 0.000058 0.000041 0.000028 0.000019 0.000013 0.000009 0.000006 0.000004 0.000003 0.000002 0.000001 0.000001 0.000000 0.000000 
0.000000 0.000000 0.000001 0.000001 0.000002 0.000003 0.000004 0.000006 0.000009 0.000013 0.000020 0.000029 0.000042 0.000061 0.000087 0.000123 0.000172 0.000238 0.000326 0.000443 0.000596 0.000794 0.001049 0.001371 0.001775 0.002277 0.002891 0.003637 0.004530 0.005588 0.006827 0.008260 0.009896 0.011743 0.013798 0.016056 0.018503 0.021115 0.023862 0.026704 0.029594 0.032477 0.035295 0.037984 0.040480 0.042720 0.044645 0.046201 0.047346 0.048047 0.048283 0.048047 0.047346 0.046201 0.044645 0.042720 0.040480 0.037984 0.035295 0.032477 0.029594 0.026704 0.023862 0.021115 0.018503 0.016056 0.013798 0.011743 0.009896 0.008260 0.006827 0.005588 0.004530 0.003637 0.002891 0.002277 0.001775 0.001371 0.001049 0.000794 0.000596 0.000443 0.000326 0.000238 0.000172 0.000123 0.000087 0.000061 0.000042 0.000029 0.000020 0.000013 0.000009 0.000006 0.000004 0.000002 0.000002 0.000001 0.000000 0.000000 
0.000000 0.000000 0.000001 0.000001 0.000002 0.000004 0.000006 0.000009 0.000013 0.000020 0.000029 0.000043 0.000063 0.000090 0.000128 0.000181 0.000254 0.000351 0.000482 0.000654 0.000880 0.001173 0.001548 0.002024 0.002620 0.003359 0.004266 0.005364 0.006681 0.008240 0.010066 0.012176 0.014587 0.017306 0.020333 0.023659 0.027260 0.031106 0.035149 0.039332 0.043586 0.047830 0.051976 0.055933 0.059606 0.062901 0.065733 0.068023 0.069708 0.070739 0.071086 0.070739 0.069708 0.068023 0.065733 0.062901 0.059606 0.055933 0.051976 0.047830 0.043586 0.039332 0.035149 0.031106 0.027260 0.023659 0.020333 0.017306 0.014587 0.012176 0.010066 0.008240 0.006681 0.005364 0.004266 0.003359 0.002620 0.002024 0.001548 0.001173 0.000880 0.000654 0.000482 0.000351 0.000254 0.000181 0.000128 0.000090 0.000063 0.000043 0.000029 0.000020 0.000013 0.000009 0.000006 0.000004 0.000002 0.000001 0.000001 0.000000 
0.000000 0.000001 0.000001 0.000002 0.000003 0.000005 0.000008 0.000013 0.000019 0.000029 0.000043 0.000063 0.000092 0.000132 0.000188 0.000266 0.000371 0.000514 0.000705 0.000957 0.001288 0.001716 0.002264 0.002959 0.003830 0.004910 0.006234 0.007838 0.009760 0.012036 0.014701 0.017781 0.021299 0.025266 0.029682 0.034532 0.039785 0.045393 0.051289 0.057388 0.063589 0.069776 0.075821 0.081589 0.086942 0.091746 0.095873 0.099211 0.101666 0.103168 0.103674 0.103168 0.101666 0.099211 0.095873 0.091746 0.086942 0.081589 0.075821 0.069776 0.063589 0.057388 0.051289 0.045393 0.039785 0.034532 0.029682 0.025266 0.021299 0.017781 0.014701 0.012036 0.009760 0.007838 0.006234 0.004910 0.003830 0.002959 0.002264 0.001716 0.001288 0.000957 0.000705 0.000514 0.000371 0.000266 0.000188 0.000132 0.000092 0.000063 0.000043 0.000029 0.000019 0.000013 0.000008 0.000005 0.000003 0.000002 0.000001 0.000000 
0.000000 0.000001 0.000002 0.000003 0.000005 0.000008 0.000012 0.000019 0.000028 0.000042 0.000063 0.000092 0.000133 0.000192 0.000273 0.000385 0.000539 0.000745 0.001022 0.001388 0.001866 0.002486 0.003280 0.004286 0.005546 0.007109 0.009024 0.011344 0.014124 0.017416 0.021268 0.025721 0.030806 0.036539 0.042921 0.049929 0.057519 0.065620 0.074137 0.082947 0.091904 0.100839 0.109569 0.117898 0.125628 0.132563 0.138522 0.143341 0.146886 0.149055 0.149785 0.149055 0.146886 0.143341 0.138522 0.132563 0.125628 0.117898 0.109569 0.100839 0.091904 0.082947 0.074137 0.065620 0.057519 0.049929 0.042921 0.036539 0.030806 0.025721 0.021268 0.017416 0.014124 0.011344 0.009024 0.007109 0.005546 0.004286 0.003280 0.002486 0.001866 0.001388 0.001022 0.000745 0.000539 0.000385 0.000273 0.000192 0.000133 0.000092 0.000063 0.000042 0.000028 0.000019 0.000012 0.000008 0.000005 0.000003 0.000001 0.000000 
0.000000 0.000001 0.000003 0.000005 0.000007 0.000011 0.000018 0.000027 0.000041 0.000061 0.000090 0.000132 0.000192 0.000276 0.000393 0.000554 0.000774 0.001071 0.001468 0.001993 0.002679 0.003568 0.004707 0.006149 0.007956 0.010196 0.012940 0.016265 0.020248 0.024963 0.030480 0.036857 0.044138 0.052347 0.061483 0.071514 0.082377 0.093971 0.106159 0.118766 0.131581 0.144364 0.156853 0.168768 0.179826 0.189746 0.198270 0.205163 0.210233 0.213336 0.214380 0.213336 0.210233 0.205163 0.198270 0.189746 0.179826 0.168768 0.156853 0.144364 0.131581 0.118766 0.106159 0.093971 0.082377 0.071514 0.061483 0.052347 0.044138 0.036857 0.030480 0.024963 0.020248 0.016265 0.012940 0.010196 0.007956 0.006149 0.004707 0.003568 0.002679 0.001993 0.001468 0.001071 0.000774 0.000554 0.000393 0.000276 0.000192 0.000132 0.000090 0.000061 0.000041 0.000027 0.000018 0.000011 0.000007 0.000004 0.000002 0.000000 
0.000000 0.000002 0.000004 0.000006 0.000010 0.000016 0.000025 0.000039 0.000058 0.000087 0.000128 0.000188 0.000273 0.000393 0.000559 0.000788 0.001101 0.001523 0.002088 0.002834 0.003810 0.005073 0.006690 0.008739 0.011305 0.014485 0.018381 0.023101 0.028753 0.035444 0.043272 0.052319 0.062647 0.074289 0.087245 0.101469 0.116871 0.133309 0.150587 0.168456 0.186620 0.204739 0.222439 0.239324 0.254993 0.269051 0.281129 0.290896 0.298081 0.302476 0.303956 0.302476 0.298081 0.290896 0.281129 0.269051 0.254993 0.239324 0.222439 0.204739 0.186620 0.168456 0.150587 0.133309 0.116871 0.101469 0.087245 0.074289 0.062647 0.052319 0.043272 0.035444 0.028753 0.023101 0.018381 0.014485 0.011305 0.008739 0.006690 0.005073 0.003810 0.002834 0.002088 0.001523 0.001101 0.000788 0.000559 0.000393 0.000273 0.000188 0.000128 0.000087 0.000058 0.000038 0.000025 0.000016 0.000010 0.000006 0.000003 0.000000 
0.000000 0.000002 0.000005 0.000009 0.000015 0.000023 0.000036 0.000054 0.000082 0.000123 0.000181 0.000266 0.000385 0.000554 0.000788 0.001111 0.001552 0.002147 0.002942 0.003992 0.005366 0.007144 0.009420 0.012302 0.015912 0.020385 0.025864 0.032500 0.040447 0.049852 0.060854 0.073567 0.088079 0.104437 0.122637 0.142618 0.164252 0.187338 0.211602 0.236694 0.262199 0.287638 0.312487 0.336193 0.358189 0.377923 0.394877 0.408588 0.418672 0.424842 0.426918 0.424842 0.418672 0.408588 0.394877 0.377923 0.358189 0.336193 0.312487 0.287638 0.262199 0.236694 0.211602 0.187338 0.164252 0.142618 0.122637 0.104437 0.088079 0.073567 0.060854 0.049852 0.040447 0.032500 0.025864 0.020385 0.015912 0.012302 0.009420 0.007144 0.005366 0.003992 0.002942 0.002147 0.001552 0.001111 0.000788 0.000554 0.000385 0.000266 0.000181 0.000123 0.000082 0.000054 0.000036 0.000023 0.000014 0.000008 0.000004 0.000000 
0.000000 0.000003 0.000007 0.000013 0.000021 0.000032 0.000050 0.000076 0.000115 0.000172 0.000254 0.000371 0.000539 0.000774 0.001101 0.001552 0.002167 0.002997 0.004106 0.005571 0.007487 0.009965 0.013138 0.017155 0.022186 0.028417 0.036049 0.045292 0.056359 0.069456 0.084773 0.102471 0.122672 0.145438 0.170766 0.198570 0.228670 0.260789 0.294543 0.329448 0.364923 0.400306 0.434866 0.467834 0.498423 0.525866 0.549441 0.568506 0.582528 0.591107 0.593995 0.591107 0.582528 0.568506 0.549441 0.525866 0.498423 0.467834 0.434866 0.400306 0.364923 0.329448 0.294543 0.260789 0.228670 0.198570 0.170766 0.145438 0.122672 0.102471 0.084773 0.069456 0.056359 0.045292 0.036049 0.028417 0.022186 0.017155 0.013138 0.009965 0.007487 0.005571 0.004106 0.002997 0.002167 0.001552 0.001101 0.000774 0.000539 0.000371 0.000254 0.000171 0.000115 0.000076 0.000050 0.000032 0.000020 0.000011 0.000005 0.000000 
0.000000 0.000005 0.000010 0.000018 0.000029 0.000045 0.000069 0.000106 0.000159 0.000238 0.000351 0.000514 0.000745 0.001071 0.001523 0.002147 0.002997 0.004145 0.005676 0.007700 0.010347 0.013770 0.018150 0.023696 0.030639 0.039239 0.049771 0.062524 0.077791 0.095855 0.116980 0.141386 0.169239 0.200627 0.235543 0.273868 0.315355 0.359620 0.406136 0.454234 0.503116 0.551866 0.599480 0.644899 0.687039 0.724843 0.757318 0.783580 0.802895 0.814712 0.818690 0.814712 0.802895 0.783580 0.757318 0.724843 0.687039 0.644899 0.599480 0.551866 0.503116 0.454234 0.406136 0.359620 0.315355 0.273868 0.235543 0.200627 0.169239 0.141386 0.116980 0.095855 0.077791 0.062524 0.049771 0.039239 0.030639 0.023696 0.018150 0.013770 0.010347 0.007700 0.005676 0.004145 0.002997 0.002147 0.001523 0.001071 0.000745 0.000514 0.000351 0.000237 0.000159 0.000105 0.000069 0.000044 0.000028 0.000016 0.000007 0.000000 
0.000000 0.000006 0.000014 0.000024 0.000039 0.000062 0.000095 0.000145 0.000218 0.000326 0.000482 0.000705 0.001022 0.001468 0.002088 0.002942 0.004106 0.005676 0.007773 0.010543 0.014163 0.018845 0.024836 0.032420 0.041914 0.053670 0.068066 0.085495 0.106357 0.131039 0.159898 0.193237 0.231279 0.274146 0.321826 0.374157 0.430801 0.491233 0.554732 0.620387 0.687107 0.753643 0.818627 0.880610 0.938118 0.989706 1.034020 1.069856 1.096212 1.112336 1.117764 1.112336 1.096212 1.069856 1.034020 0.989706 0.938118 0.880610 0.818627 0.753643 0.687107 0.620387 0.554732 0.491233 0.430801 0.374157 0.321826 0.274146 0.231279 0.193237 0.159898 0.131039 0.106357 0.085495 0.068066 0.053670 0.041914 0.032420 0.024836 0.018845 0.014163 0.010543 0.007773 0.005676 0.004106 0.002942 0.002088 0.001468 0.001022 0.000705 0.000482 0.000326 0.000218 0.000145 0.000095 0.000061 0.000038 0.000022 0.000010 0.000000 
0.000000 0.000009 0.000019 0.000033 0.000053 0.000084 0.000129 0.000197 0.000297 0.000443 0.000654 0.000957 0.001388 0.001993 0.002834 0.003992 0.005571 0.007700 0.010543 0.014297 0.019203 0.025547 0.033664 0.043936 0.056794 0.072713 0.092204 0.115798 0.144037 0.177442 0.216496 0.261607 0.313077 0.371068 0.435566 0.506347 0.582956 0.664681 0.750548 0.839325 0.929536 1.019494 1.107348 1.191141 1.268882 1.338617 1.398519 1.446959 1.482584 1.504379 1.511715 1.504379 1.482584 1.446959 1.398519 1.338617 1.268882 1.191141 1.107348 1.019494 0.929536 0.839325 0.750548 0.664681 0.582956 0.506347 0.435566 0.371068 0.313077 0.261607 0.216496 0.177442 0.144037 0.115798 0.092204 0.072713 0.056794 0.043936 0.033664 0.025547 0.019203 0.014297 0.010543 0.007700 0.005571 0.003992 0.002834 0.001993 0.001388 0.000957 0.000654 0.000443 0.000297 0.000197 0.000129 0.000083 0.000051 0.000030 0.000014 0.000000 
0.000000 0.000012 0.000025 0.000044 0.000072 0.000113 0.000174 0.000265 0.000400 0.000596 0.000880 0.001288 0.001866 0.002679 0.003810 0.005366 0.007487 0.010347 0.014163 0.019203 0.025789 0.034304 0.045195 0.058977 0.076226 0.097578 0.123718 0.155357 0.193219 0.238003 0.290353 0.350816 0.419796 0.497507 0.583929 0.678764 0.781397 0.890876 1.005896 1.124806 1.245629 1.366108 1.483763 1.595975 1.700076 1.793456 1.873665 1.938526 1.986226 2.015409 2.025232 2.015409 1.986226 1.938526 1.873665 1.793456 1.700076 1.595975 1.483763 1.366108 1.245629 1.124806 1.005896 0.890876 0.781397 0.678764 0.583929 0.497507 0.419796 0.350816 0.290353 0.238003 0.193219 0.155357 0.123718 0.097578 0.076226 0.058977 0.045195 0.034304 0.025789 0.019203 0.014163 0.010347 0.007487 0.005366 0.003810 0.002679 0.001866 0.001288 0.000880 0.000596 0.000399 0.000265 0.000173 0.000111 0.000069 0.000040 0.000018 0.000000 
0.000000 0.000015 0.000034 0.000059 0.000096 0.000151 0.000233 0.000354 0.000533 0.000794 0.001173 0.001716 0.002486 0.003568 0.005073 0.007144 0.009965 0.013770 0.018845 0.025547 0.034304 0.045623 0.060099 0.078414 0.101334 0.129703 0.164427 0.206452 0.256736 0.316206 0.385716 0.465990 0.557562 0.660715 0.775421 0.901282 1.037482 1.182757 1.335374 1.493142 1.653439 1.813271 1.969349 2.118201 2.256289 2.380151 2.486540 2.572569 2.635836 2.674542 2.687571 2.674542 2.635836 2.572569 2.486540 2.380151 2.256289 2.118201 1.969349 1.813271 1.653439 1.493142 1.335374 1.182757 1.037482 0.901282 0.775421 0.660715 0.557562 0.465990 0.385716 0.316206 0.256736 0.206452 0.164427 0.129703 0.101334 0.078414 0.060099 0.045623 0.034304 0.025547 0.018845 0.013770 0.009965 0.007144 0.005073 0.003568 0.002486 0.001716 0.001173 0.000794 0.000532 0.000353 0.000231 0.000149 0.000092 0.000053 0.000024 0.000000 
0.000000 0.000020 0.000045 0.000078 0.000127 0.000199 0.000307 0.000467 0.000703 0.001049 0.001548 0.002264 0.003280 0.004707 0.006690 0.009420 0.013138 0.018150 0.024836 0.033664 0.045195 0.060099 0.079158 0.103266 0.133433 0.170766 0.216456 0.271746 0.337894 0.416119 0.507540 0.613107 0.733520 0.869150 1.019956 1.185414 1.364452 1.555404 1.755995 1.963342 2.174002 2.384039 2.589134 2.784726 2.966168 3.128912 3.268695 3.381724 3.464847 3.515700 3.532817 3.515700 3.464847 3.381724 3.268695 3.128912 2.966168 2.784726 2.589134 2.384039 2.174002 1.963342 1.755995 1.555404 1.364452 1.185414 1.019956 0.869150 0.733520 0.613107 0.507540 0.416119 0.337894 0.271746 0.216456 0.170766 0.133433 0.103266 0.079158 0.060099 0.045195 0.033664 0.024836 0.018150 0.013138 0.009420 0.006690 0.004707 0.003280 0.002264 0.001548 0.001048 0.000703 0.000466 0.000305 0.000196 0.000122 0.000070 0.000032 0.000000 
0.000000 0.000027 0.000059 0.000103 0.000166 0.000261 0.000402 0.000611 0.000920 0.001371 0.002024 0.002959 0.004286 0.006149 0.008739 0.012302 0.017155 0.023696 0.032420 0.043936 0.058977 0.078414 0.103266 0.134700 0.174026 0.222689 0.282238 0.354290 0.440483 0.542401 0.661499 0.799013 0.955851 1.132493 1.328885 1.544341 1.777461 2.026079 2.287230 2.557161 2.831390 3.104794 3.371755 3.626334 3.862489 4.074301 4.256224 4.403326 4.511505 4.577686 4.599962 4.577686 4.511505 4.403326 4.256224 4.074301 3.862489 3.626334 3.371755 3.104794 2.831390 2.557161 2.287230 2.026079 1.777461 1.544341 1.328885 1.132493 0.955851 0.799013 0.661499 0.542401 0.440483 0.354290 0.282238 0.222689 0.174026 0.134700 0.103266 0.078414 0.058977 0.043936 0.032420 0.023696 0.017155 0.012302 0.008739 0.006149 0.004286 0.002959 0.002024 0.001371 0.000919 0.000610 0.000399 0.000257 0.000160 0.000092 0.000042 0.000000 
0.000000 0.000035 0.000076 0.000133 0.000216 0.000338 0.000521 0.000792 0.001191 0.001775 0.002620 0.003830 0.005546 0.007956 0.011305 0.015912 0.022186 0.030639 0.041914 0.056794 0.076226 0.101334 0.133433 0.174026 0.224806 0.287634 0.364507 0.457513 0.568757 0.700283 0.853967 1.031396 1.233740 1.461616 1.714949 1.992852 2.293520 2.614153 2.950928 3.299008 3.652611 4.005133 4.349333 4.677558 4.982017 5.255085 5.489615 5.679250 5.818707 5.904022 5.932737 5.904022 5.818707 5.679250 5.489615 5.255085 4.982017 4.677558 4.349333 4.005133 3.652611 3.299008 2.950928 2.614153 2.293520 1.992852 1.714949 1.461616 1.233740 1.031396 0.853967 0.700283 0.568757 0.457513 0.364507 0.287634 0.224806 0.174026 0.133433 0.101334 0.076226 0.056794 0.041914 0.030639 0.022186 0.015912 0.011305 0.007956 0.005546 0.003830 0.002620 0.001775 0.001190 0.000790 0.000517 0.000333 0.000207 0.000120 0.000055 0.000000 
0.000000 0.000045 0.000098 0.000171 0.000277 0.000434 0.000668 0.001016 0.001528 0.002277 0.003359 0.004910 0.007109 0.010196 0.014485 0.020385 0.028417 0.039239 0.053670 0.072713 0.097578 0.129703 0.170766 0.222689 0.287634 0.367978 0.466273 0.585181 0.727394 0.895518 1.091946 1.318703 1.577280 1.868460 2.192144 2.547196 2.931306 3.340897 3.771082 4.215683 4.667315 5.117548 5.557134 5.976301 6.365106 6.713813 7.013302 7.255456 7.433533 7.542473 7.579140 7.542473 7.433533 7.255456 7.013302 6.713813 6.365106 5.976301 5.557134 5.117548 4.667315 4.215683 3.771082 3.340897 2.931306 2.547196 2.192144 1.868460 1.577280 1.318703 1.091946 0.895518 0.727394 0.585181 0.466273 0.367978 0.287634 0.222689 0.170766 0.129703 0.097578 0.072713 0.053670 0.039239 0.028417 0.020385 0.014485 0.010196 0.007109 0.004910 0.003359 0.002276 0.001527 0.001013 0.000664 0.000427 0.000266 0.000153 0.000070 0.000000 
0.000000 0.000057 0.000125 0.000217 0.000352 0.000551 0.000849 0.001290 0.001941 0.002891 0.004266 0.006234 0.009024 0.012940 0.018381 0.025864 0.036049 0.049771 0.068066 0.092204 0.123718 0.164427 0.216456 0.282238 0.364507 0.466273 0.590760 0.741340 0.921412 1.134274 1.382948 1.669993 1.997292 2.365828 2.775475 3.224788 3.710841 4.229107 4.773399 5.335903 5.907274 6.476851 7.032935 7.563172 8.054985 8.496067 8.874883 9.181173 9.406411 9.544201 9.590579 9.544201 9.406411 9.181173 8.874883 8.496067 8.054985 7.563172 7.032935 6.476851 5.907274 5.335903 4.773399 4.229107 3.710841 3.224788 2.775475 2.365828 1.997292 1.669993 1.382948 1.134274 0.921412 0.741340 0.590760 0.466273 0.364507 0.282238 0.216456 0.164427 0.123718 0.092204 0.068066 0.049771 0.036049 0.025864 0.018381 0.012940 0.009024 0.006233 0.004265 0.002890 0.001939 0.001287 0.000844 0.000543 0.000338 0.000195 0.000089 0.000000 
0.000000 0.000071 0.000157 0.000274 0.000443 0.000694 0.001068 0.001624 0.002442 0.003637 0.005364 0.007838 0.011344 0.016265 0.023101 0.032500 0.045292 0.062524 0.085495 0.115798 0.155357 0.206452 0.271746 0.354290 0.457513 0.585181 0.741340 0.930209 1.156049 1.422987 1.734809 2.094716 2.505060 2.967072 3.480584 4.043782 4.652994 5.302542 5.984674 6.689592 7.405591 8.119310 8.816096 9.480473 10.096688 10.649325 11.123938 11.507678 11.789867 11.962496 12.020599 11.962496 11.789867 11.507678 11.123938 10.649325 10.096688 9.480473 8.816096 8.119310 7.405591 6.689592 5.984674 5.302542 4.652994 4.043782 3.480584 2.967072 2.505060 2.094716 1.734809 1.422987 1.156049 0.930209 0.741340 0.585181 0.457513 0.354290 0.271746 0.206452 0.155357 0.115798 0.085495 0.062524 0.045292 0.032500 0.023101 0.016265 0.011344 0.007837 0.005363 0.003635 0.002440 0.001620 0.001062 0.000683 0.000425 0.000246 0.000112 0.000000 
0.000000 0.000089 0.000196 0.000341 0.000552 0.000865 0.001331 0.002023 0.003042 0.004530 0.006681 0.009760 0.014124 0.020248 0.028753 0.040447 0.056359 0.077791 0.106357 0.144037 0.193219 0.256736 0.337894 0.440483 0.568757 0.727394 0.921412 1.156049 1.436589 1.768154 2.155436 2.602402 3.111969 3.685655 4.323246 5.022484 5.778804 6.585155 7.431911 8.306911 9.195626 10.081476 10.946278 11.770828 12.535584 13.221420 13.810415 14.286628 14.636815 14.851039 14.923142 14.851039 14.636815 14.286628 13.810415 13.221420 12.535584 11.770828 10.946278 10.081476 9.195626 8.306911 7.431911 6.585155 5.778804 5.022484 4.323246 3.685655 3.111969 2.602402 2.155436 1.768154 1.436589 1.156049 0.921412 0.727394 0.568757 0.440483 0.337894 0.256736 0.193219 0.144037 0.106357 0.077791 0.056359 0.040447 0.028753 0.020248 0.014124 0.009759 0.006680 0.004528 0.003039 0.002018 0.001323 0.000852 0.000530 0.000306 0.000140 0.000000 
0.000000 0.000110 0.000242 0.000421 0.000681 0.001068 0.001643 0.002496 0.003753 0.005588 0.008240 0.012036 0.017416 0.024963 0.035444 0.049852 0.069456 0.095855 0.131039 0.177442 0.238003 0.316206 0.416119 0.542401 0.700283 0.895518 1.134274 1.422987 1.768154 2.176064 2.652482 3.202281 3.829036 4.534607 5.318723 6.178600 7.108621 8.100108 9.141227 10.217022 11.309634 12.398680 13.461815 14.475435 15.415524 16.258581 16.982583 17.567942 17.998386 18.261704 18.350332 18.261704 17.998386 17.567942 16.982583 16.258581 15.415524 14.475435 13.461815 12.398680 11.309634 10.217022 9.141227 8.100108 7.108621 6.178600 5.318723 4.534607 3.829036 3.202281 2.652482 2.176064 1.768154 1.422987 1.134274 0.895518 0.700283 0.542401 0.416119 0.316206 0.238003 0.177442 0.131039 0.095855 0.069456 0.049852 0.035444 0.024963 0.017416 0.012036 0.008239 0.005586 0.003750 0.002490 0.001633 0.001051 0.000655 0.000378 0.000172 0.000000 
0.000000 0.000134 0.000296 0.000515 0.000833 0.001305 0.002008 0.003051 0.004586 0.006827 0.010066 0.014701 0.021268 0.030480 0.043272 0.060854 0.084773 0.116980 0.159898 0.216496 0.290353 0.385716 0.507540 0.661499 0.853967 1.091946 1.382948 1.734809 2.155436 2.652482 3.232963 3.902804 4.666350 5.525858 6.480987 7.528340 8.661066 9.868596 11.136510 12.446597 13.777109 15.103232 16.397758 17.631958 18.776596 19.803065 20.684563 21.397248 21.921314 22.241903 22.349806 22.241903 21.921314 21.397248 20.684563 19.803065 18.776596 17.631958 16.397758 15.103232 13.777109 12.446597 11.136510 9.868596 8.661066 7.528340 6.480987 5.525858 4.666350 3.902804 3.232963 2.652482 2.155436 1.734809 1.382948 1.091946 0.853967 0.661499 0.507540 0.385716 0.290353 0.216496 0.159898 0.116980 0.084773 0.060854 0.043272 0.030480 0.021267 0.014700 0.010064 0.006824 0.004582 0.003043 0.001996 0.001285 0.000800 0.000462 0.000211 0.000000 
0.000000 0.000163 0.000358 0.000624 0.001009 0.001580 0.002430 0.003692 0.005550 0.008260 0.012176 0.017781 0.025721 0.036857 0.052319 0.073567 0.102471 0.141386 0.193237 0.261607 0.350816 0.465990 0.613107 0.799013 1.031396 1.318703 1.669993 2.094716 2.602402 3.202281 3.902804 4.711109 5.632429 6.669475 7.821826 9.085372 10.451844 11.908483 13.437895 15.018112 16.622904 18.222345 19.783629 21.272113 22.652550 23.890449 24.953497 25.812953 26.444938 26.831542 26.961664 26.831542 26.444938 25.812953 24.953497 23.890449 22.652550 21.272113 19.783629 18.222345 16.622904 15.018112 13.437895 11.908483 10.451844 9.085372 7.821826 6.669475 5.632429 4.711109 3.902804 3.202281 2.602402 2.094716 1.669993 1.318703 1.031396 0.799013 0.613107 0.465990 0.350816 0.261607 0.193237 0.141386 0.102471 0.073567 0.052318 0.036857 0.025720 0.017780 0.012174 0.008257 0.005544 0.003683 0.002416 0.001555 0.000969 0.000560 0.000255 0.000000 
0.000000 0.000195 0.000429 0.000748 0.001209 0.001894 0.002913 0.004425 0.006650 0.009896 0.014587 0.021299 0.030806 0.044138 0.062647 0.088079 0.122672 0.169239 0.231279 0.313077 0.419796 0.557562 0.733520 0.955851 1.233740 1.577280 1.997292 2.505060 3.111969 3.829036 4.666350 5.632429 6.733514 7.972831 9.349865 10.859695 12.492431 14.232825 16.060088 17.947975 19.865153 21.775875 23.640958 25.419029 27.067993 28.546663 29.816453 30.843041 31.597918 32.059695 32.215118 32.059695 31.597918 30.843041 29.816453 28.546663 27.067993 25.419029 23.640958 21.775875 19.865153 17.947975 16.060088 14.232825 12.492431 10.859695 9.349865 7.972831 6.733514 5.632429 4.666350 3.829036 3.111969 2.505060 1.997292 1.577280 1.233740 0.955851 0.733520 0.557562 0.419796 0.313077 0.231279 0.169239 0.122672 0.088079 0.062646 0.044138 0.030805 0.021297 0.014585 0.009893 0.006644 0.004414 0.002895 0.001865 0.001162 0.000671 0.000306 0.000000 
0.000000 0.000232 0.000510 0.000888 0.001436 0.002248 0.003458 0.005252 0.007892 0.011743 0.017306 0.025266 0.036539 0.052347 0.074289 0.104437 0.145438 0.200627 0.274146 0.371068 0.497507 0.660715 0.869150 1.132493 1.461616 1.868460 2.365828 2.967072 3.685655 4.534607 5.525858 6.669475 7.972831 9.439729 11.069549 12.856451 14.788725 16.848315 19.010620 21.244581 23.513123 25.773956 27.980726 30.084489 32.035454 33.784903 35.287197 36.501744 37.394823 37.941138 38.125014 37.941138 37.394823 36.501744 35.287197 33.784903 32.035454 30.084489 27.980726 25.773956 23.513123 21.244581 19.010620 16.848315 14.788725 12.856451 11.069549 9.439729 7.972831 6.669475 5.525858 4.534607 3.685655 2.967072 2.365828 1.868460 1.461616 1.132493 0.869150 0.660715 0.497507 0.371068 0.274146 0.200626 0.145438 0.104437 0.074289 0.052347 0.036538 0.025264 0.017304 0.011738 0.007884 0.005239 0.003437 0.002214 0.001379 0.000797 0.000364 0.000000 
0.000000 0.000272 0.000600 0.001044 0.001688 0.002643 0.004065 0.006173 0.009274 0.013798 0.020333 0.029682 0.042921 0.061483 0.087245 0.122637 0.170766 0.235543 0.321826 0.435566 0.583929 0.775421 1.019956 1.328885 1.714949 2.192144 2.775475 3.480584 4.323246 5.318723 6.480987 7.821826 9.349865 11.069549 12.980133 15.074761 17.339695 19.753765 22.288131 24.906389 27.565091 30.214680 32.800839 35.266225 37.552501 39.602591 41.363026 42.786253 43.832769 44.472942 44.688406 44.472942 43.832769 42.786253 41.363026 39.602591 37.552501 35.266225 32.800839 30.214680 27.565091 24.906389 22.288131 19.753765 17.339695 15.074761 12.980133 11.069549 9.349865 7.821826 6.480987 5.318723 4.323246 3.480584 2.775475 2.192144 1.714949 1.328885 1.019956 0.775421 0.583929 0.435566 0.321826 0.235543 0.170766 0.122637 0.087244 0.061482 0.042920 0.029680 0.020330 0.013793 0.009265 0.006158 0.004040 0.002602 0.001622 0.000937 0.000428 0.000000 
0.000000 0.000317 0.000698 0.001216 0.001966 0.003077 0.004732 0.007184 0.010793 0.016056 0.023659 0.034532 0.049929 0.071514 0.101469 0.142618 0.198570 0.273868 0.374157 0.506347 0.678764 0.901282 1.185414 1.544341 1.992852 2.547196 3.224788 4.043782 5.022484 6.178600 7.528340 9.085372 10.859695 12.856451 15.074761 17.506651 20.136158 22.938698 25.880785 28.920159 32.006389 35.081954 38.083818 40.945431 43.599096 45.978582 48.021845 49.673706 50.888329 51.631332 51.881406 51.631332 50.888329 49.673706 48.021845 45.978582 43.599096 40.945431 38.083818 35.081954 32.006389 28.920159 25.880785 22.938698 20.136158 17.506651 15.074761 12.856451 10.859695 9.085372 7.528340 6.178600 5.022484 4.043782 3.224788 2.547196 1.992852 1.544340 1.185414 0.901282 0.678764 0.506347 0.374157 0.273868 0.198570 0.142618 0.101469 0.071513 0.049928 0.034530 0.023655 0.016050 0.010783 0.007167 0.004703 0.003030 0.001888 0.001091 0.000498 0.000000 
0.000000 0.000366 0.000805 0.001402 0.002267 0.003548 0.005454 0.008281 0.012439 0.018503 0.027260 0.039785 0.057519 0.082377 0.116871 0.164252 0.228670 0.315355 0.430801 0.582956 0.781397 1.037482 1.364452 1.777461 2.293520 2.931306 3.710841 4.652994 5.778804 7.108621 8.661066 10.451844 12.492431 14.788725 17.339695 20.136158 23.159745 26.382181 29.764957 33.259485 36.807783 40.343728 43.794858 47.084679 50.135380 52.870837 55.219741 57.118677 58.514964 59.369088 59.656562 59.369088 58.514964 57.118677 55.219741 52.870837 50.135380 47.084679 43.794858 40.343728 36.807783 33.259485 29.764957 26.382181 23.159745 20.136158 17.339695 14.788725 12.492431 10.451844 8.661066 7.108621 5.778804 4.652994 3.710841 2.931306 2.293520 1.777461 1.364452 1.037482 0.781397 0.582956 0.430801 0.315355 0.228670 0.164252 0.116871 0.082376 0.057517 0.039782 0.027256 0.018496 0.012427 0.008261 0.005421 0.003493 0.002177 0.001258 0.000574 0.000000 
0.000000 0.000418 0.000919 0.001601 0.002588 0.004050 0.006226 0.009452 0.014197 0.021115 0.031106 0.045393 0.065620 0.093971 0.133309 0.187338 0.260789 0.359620 0.491233 0.664681 0.890876 1.182757 1.555404 2.026079 2.614153 3.340897 4.229107 5.302542 6.585155 8.100108 9.868596 11.908483 14.232825 16.848315 19.753765 22.938698 26.382181 30.052004 33.904306 37.883755 41.924329 45.950738 49.880483 53.626475 57.100131 60.214792 62.889282 65.051411 66.641213 67.613708 67.941021 67.613708 66.641213 65.051411 62.889282 60.214792 57.100131 53.626475 49.880483 45.950738 41.924329 37.883755 33.904306 30.052004 26.382181 22.938698 19.753765 16.848315 14.232825 11.908483 9.868596 8.100108 6.585155 5.302542 4.229107 3.340897 2.614153 2.026079 1.555404 1.182757 0.890876 0.664681 0.491232 0.359620 0.260789 0.187338 0.133309 0.093970 0.065619 0.045390 0.031101 0.021107 0.014183 0.009429 0.006188 0.003987 0.002486 0.001436 0.000655 0.000000 
0.000000 0.000473 0.001040 0.001810 0.002926 0.004579 0.007038 0.010683 0.016045 0.023862 0.035149 0.051289 0.074137 0.106159 0.150587 0.211602 0.294543 0.406136 0.554732 0.750548 1.005896 1.335374 1.755995 2.287230 2.950928 3.771082 4.773399 5.984674 7.431911 9.141227 11.136510 13.437895 16.060088 19.010620 22.288131 25.880785 29.764957 33.904306 38.249355 42.737694 47.294860 51.835951 56.267931 60.492598 64.410068 67.922628 70.938751 73.377043 75.169895 76.266592 76.635707 76.266592 75.169895 73.377043 70.938751 67.922628 64.410068 60.492598 56.267931 51.835951 47.294860 42.737694 38.249355 33.904306 29.764957 25.880785 22.288131 19.010620 16.060088 13.437895 11.136510 9.141227 7.431911 5.984674 4.773399 3.771082 2.950928 2.287230 1.755995 1.335374 1.005896 0.750548 0.554732 0.406136 0.294543 0.211601 0.150586 0.106158 0.074135 0.051286 0.035144 0.023853 0.016029 0.010657 0.006995 0.004508 0.002810 0.001624 0.000741 0.000000 
0.000000 0.000529 0.001164 0.002027 0.003276 0.005126 0.007878 0.011958 0.017957 0.026704 0.039332 0.057388 0.082947 0.118766 0.168456 0.236694 0.329448 0.454234 0.620387 0.839325 1.124806 1.493142 1.963342 2.557161 3.299008 4.215683 5.335903 6.689592 8.306911 10.217022 12.446597 15.018112 17.947975 21.244581 24.906389 28.920159 33.259485 37.883755 42.737694 47.751579 52.842237 57.914832 62.865454 67.584425 71.960192 75.883631 79.252528 81.975987 83.978506 85.203454 85.615732 85.203454 83.978506 81.975987 79.252528 75.883631 71.960192 67.584425 62.865454 57.914832 52.842237 47.751579 42.737694 37.883755 33.259485 28.920159 24.906389 21.244581 17.947975 15.018112 12.446597 10.217022 8.306911 6.689592 5.335903 4.215683 3.299008 2.557161 1.963342 1.493142 1.124806 0.839325 0.620387 0.454234 0.329448 0.236694 0.168456 0.118764 0.082945 0.057385 0.039326 0.026694 0.017940 0.011928 0.007830 0.005046 0.003146 0.001818 0.000830 0.000000 
0.000000 0.000587 0.001291 0.002247 0.003632 0.005682 0.008733 0.013254 0.019902 0.029594 0.043586 0.063589 0.091904 0.131581 0.186620 0.262199 0.364923 0.503116 0.687107 0.929536 1.245629 1.653439 2.174002 2.831390 3.652611 4.667315 5.907274 7.405591 9.195626 11.309634 13.777109 16.622904 19.865153 23.513123 27.565091 32.006389 36.807783 41.924329 47.294860 52.842237 58.474438 64.086549 69.563621 74.784329 79.625280 83.965766 87.692730 90.705632 92.920962 94.276081 94.732170 94.276081 92.920962 90.705632 87.692730 83.965766 79.625280 74.784329 69.563621 64.086549 58.474438 52.842237 47.294860 41.924329 36.807783 32.006389 27.565091 23.513123 19.865153 16.622904 13.777109 11.309634 9.195626 7.405591 5.907274 4.667315 3.652611 2.831390 2.174002 1.653439 1.245629 0.929536 0.687107 0.503116 0.364923 0.262198 0.186620 0.131579 0.091901 0.063586 0.043579 0.029582 0.019883 0.013221 0.008679 0.005594 0.003488 0.002016 0.000920 0.000000 
0.000000 0.000644 0.001417 0.002467 0.003987 0.006238 0.009586 0.014547 0.021843 0.032477 0.047830 0.069776 0.100839 0.144364 0.204739 0.287638 0.400306 0.551866 0.753643 1.019494 1.366108 1.813271 2.384039 3.104794 4.005133 5.117548 6.476851 8.119310 10.081476 12.398680 15.103232 18.222345 21.775875 25.773956 30.214680 35.081954 40.343728 45.950738 51.835951 57.914832 64.086549 70.236146 76.237679 81.958223 87.262587 92.018530 96.102191 99.403427 101.830751 103.315542 103.815275 103.315542 101.830751 99.403427 96.102191 92.018530 87.262587 81.958223 76.237679 70.236146 64.086549 57.914832 51.835951 45.950738 40.343728 35.081954 30.214680 25.773956 21.775875 18.222345 15.103232 12.398680 10.081476 8.119310 6.476851 5.117548 4.005133 3.104794 2.384039 1.813271 1.366108 1.019494 0.753643 0.551866 0.400306 0.287637 0.204738 0.144363 0.100837 0.069772 0.047822 0.032465 0.021822 0.014512 0.009527 0.006141 0.003829 0.002213 0.001010 0.000000 
0.000000 0.000700 0.001541 0.002683 0.004334 0.006781 0.010420 0.015811 0.023740 0.035295 0.051976 0.075821 0.109569 0.156853 0.222439 0.312487 0.434866 0.599480 0.818627 1.107348 1.483763 1.969349 2.589134 3.371755 4.349333 5.557134 7.032935 8.816096 10.946278 13.461815 16.397758 19.783629 23.640958 27.980726 32.800839 38.083818 43.794858 49.880483 56.267931 62.865454 69.563621 76.237679 82.750958 88.959211 94.715741 99.877053 104.308747 107.891313 110.525479 112.136791 112.679105 112.136791 110.525479 107.891313 104.308747 99.877053 94.715741 88.959211 82.750958 76.237679 69.563621 62.865454 56.267931 49.880483 43.794858 38.083818 32.800839 27.980726 23.640958 19.783629 16.397758 13.461815 10.946278 8.816096 7.032935 5.557134 4.349333 3.371755 2.589134 1.969349 1.483763 1.107348 0.818627 0.599480 0.434866 0.312487 0.222438 0.156852 0.109566 0.075817 0.051968 0.035282 0.023717 0.015773 0.010356 0.006675 0.004163 0.002406 0.001098 0.000000 
