0.000000 0.000000 0.000000 0.000000 0.000000 0.000000 0.000000 0.000000 0.000000 0.000000 0.000000 0.000000 0.000000 0.000000 0.000000 0.000000 0.000000 0.000000 0.000000 0.000000 0.000000 0.000000 0.000000 0.000000 0.000000 0.000000 0.000000 0.000000 0.000000 0.000000 0.000000 0.000000 0.000000 0.000000 0.000000 0.000000 0.000000 0.000000 0.000000 0.000000 0.000000 0.000000 0.000000 0.000000 0.000000 0.000000 0.000000 0.000000 0.000000 0.000000 0.000000 0.000000 0.000000 0.000000 0.000000 0.000000 0.000000 0.000000 0.000000 0.000000 0.000000 0.000000 0.000000 0.000000 0.000000 0.000000 0.000000 0.000000 0.000000 0.000000 0.000000 0.000000 0.000000 0.000000 0.000000 0.000000 0.000000 0.000000 0.000000 0.000000 0.000000 0.000000 0.000000 0.000000 0.000000 0.000000 0.000000 0.000000 0.000000 0.000000 0.000000 0.000000 0.000000 0.000000 0.000000 0.000000 0.000000 0.000000 0.000000 0.000000 
0.000000 0.000000 0.000000 0.000000 0.000000 0.000000 0.000001 0.000001 0.000001 0.000002 0.000002 0.000003 0.000004 0.000006 0.000008 0.000011 0.000015 0.000021 0.000027 0.000036 0.000047 0.000061 0.000079 0.000100 0.000127 0.000159 0.000197 0.000242 0.000296 0.000357 0.000428 0.000508 0.000598 0.000698 0.000808 0.000926 0.001053 0.001186 0.001324 0.001466 0.001608 0.001749 0.001885 0.002014 0.002133 0.002240 0.002330 0.002404 0.002457 0.002490 0.002501 0.002490 0.002457 0.002404 0.002330 0.002240 0.002133 0.002014 0.001885 0.001749 0.001608 0.001466 0.001324 0.001186 0.001053 0.000926 0.000808 0.000698 0.000598 0.000508 0.000428 0.000357 0.000296 0.000242 0.000197 0.000159 0.000127 0.000100 0.000079 0.000061 0.000047 0.000036 0.000027 0.000021 0.000015 0.000011 0.000008 0.000006 0.000004 0.000003 0.000002 0.000002 0.000001 0.000001 0.000000 0.000000 0.000000 0.000000 0.000000 0.000000 
0.000000 0.000000 0.000000 0.000000 0.000000 0.000001 0.000001 0.000002 0.000002 0.000003 0.000005 0.000007 0.000009 0.000013 0.000018 0.000025 0.000033 0.000045 0.000059 0.000078 0.000102 0.000133 0.000171 0.000217 0.000274 0.000343 0.000426 0.000524 0.000639 0.000772 0.000925 0.001098 0.001293 0.001509 0.001745 0.002001 0.002274 0.002562 0.002860 0.003166 0.003473 0.003777 0.004072 0.004351 0.004608 0.004837 0.005033 0.005191 0.005307 0.005378 0.005401 0.005378 0.005307 0.005191 0.005033 0.004837 0.004608 0.004351 0.004072 0.003777 0.003473 0.003166 0.002860 0.002562 0.002274 0.002001 0.001745 0.001509 0.001293 0.001098 0.000925 0.000772 0.000639 0.000524 0.000426 0.000343 0.000274 0.000217 0.000171 0.000133 0.000102 0.000078 0.000059 0.000045 0.000033 0.000025 0.000018 0.000013 0.000009 0.000007 0.000005 0.000003 0.000002 0.000002 0.000001 0.000001 0.000000 0.000000 0.000000 0.000000 
0.000000 0.000000 0.000000 0.000001 0.000001 0.000001 0.000002 0.000003 0.000004 0.000006 0.000008 0.000011 0.000016 0.000022 0.000031 0.000042 0.000056 0.000076 0.000101 0.000133 0.000174 0.000225 0.000289 0.000368 0.000465 0.000582 0.000722 0.000888 0.001083 0.001309 0.001568 0.001862 0.002191 0.002557 0.002957 0.003390 0.003853 0.004340 0.004846 0.005364 0.005885 0.006399 0.006898 0.007370 0.007805 0.008193 0.008525 0.008793 0.008989 0.009109 0.009149 0.009109 0.008989 0.008793 0.008525 0.008193 0.007805 0.007370 0.006898 0.006399 0.005885 0.005364 0.004846 0.004340 0.003853 0.003390 0.002957 0.002557 0.002191 0.001862 0.001568 0.001309 0.001083 0.000888 0.000722 0.000582 0.000465 0.000368 0.000289 0.000225 0.000174 0.000133 0.000101 0.000076 0.000056 0.000042 0.000031 0.000022 0.000016 0.000011 0.000008 0.000006 0.000004 0.000003 0.000002 0.000001 0.000001 0.000000 0.000000 0.000000 
0.000000 0.000000 0.000000 0.000001 0.000001 0.000002 0.000003 0.000004 0.000006 0.000009 0.000013 0.000018 0.000025 0.000035 0.000048 0.000065 0.000088 0.000119 0.000158 0.000208 0.000272 0.000352 0.000453 0.000577 0.000728 0.000911 0.001130 0.001389 0.001694 0.002047 0.002452 0.002911 0.003426 0.003997 0.004623 0.005300 0.006022 0.006783 0.007574 0.008382 0.009195 0.009999 0.010778 0.011515 0.012194 0.012801 0.013319 0.013737 0.014044 0.014231 0.014294 0.014231 0.014044 0.013737 0.013319 0.012801 0.012194 0.011515 0.010778 0.009999 0.009195 0.008382 0.007574 0.006783 0.006022 0.005300 0.004623 0.003997 0.003426 0.002911 0.002452 0.002047 0.001694 0.001389 0.001130 0.000911 0.000728 0.000577 0.000453 0.000352 0.000272 0.000208 0.000158 0.000119 0.000088 0.000065 0.000048 0.000035 0.000025 0.000018 0.000013 0.000009 0.000006 0.000004 0.000003 0.000002 0.000001 0.000001 0.000000 0.000000 
0.000000 0.000000 0.000001 0.000001 0.000002 0.000003 0.000004 0.000006 0.000009 0.000013 0.000019 0.000027 0.000038 0.000053 0.000072 0.000099 0.000134 0.000179 0.000238 0.000314 0.000411 0.000532 0.000684 0.000871 0.001099 0.001375 0.001706 0.002097 0.002556 0.003088 0.003699 0.004392 0.005169 0.006030 0.006973 0.007993 0.009082 0.010229 0.011420 0.012639 0.013864 0.015075 0.016248 0.017359 0.018383 0.019297 0.020078 0.020707 0.021169 0.021451 0.021545 0.021451 0.021169 0.020707 0.020078 0.019297 0.018383 0.017359 0.016248 0.015075 0.013864 0.012639 0.011420 0.010229 0.009082 0.007993 0.006973 0.006030 0.005169 0.004392 0.003699 0.003088 0.002556 0.002097 0.001706 0.001375 0.001099 0.000871 0.000684 0.000532 0.000411 0.000314 0.000238 0.000179 0.000134 0.000099 0.000072 0.000053 0.000038 0.000027 0.000019 0.000013 0.000009 0.000006 0.000004 0.000003 0.000002 0.000001 0.000001 0.000000 
0.000000 0.000001 0.000001 0.000002 0.000003 0.000004 0.000007 0.000010 0.000014 0.000020 0.000028 0.000040 0.000056 0.000078 0.000107 0.000146 0.000198 0.000266 0.000353 0.000466 0.000609 0.000789 0.001013 0.001289 0.001627 0.002036 0.002525 0.003104 0.003783 0.004571 0.005474 0.006498 0.007647 0.008920 0.010314 0.011822 0.013432 0.015128 0.016888 0.018689 0.020500 0.022289 0.024023 0.025664 0.027177 0.028527 0.029681 0.030611 0.031293 0.031709 0.031849 0.031709 0.031293 0.030611 0.029681 0.028527 0.027177 0.025664 0.024023 0.022289 0.020500 0.018689 0.016888 0.015128 0.013432 0.011822 0.010314 0.008920 0.007647 0.006498 0.005474 0.004571 0.003783 0.003104 0.002525 0.002036 0.001627 0.001289 0.001013 0.000789 0.000609 0.000466 0.000353 0.000266 0.000198 0.000146 0.000107 0.000078 0.000056 0.000040 0.000028 0.000020 0.000014 0.000010 0.000006 0.000004 0.000003 0.000002 0.000001 0.000000 
0.000000 0.000001 0.000002 0.000003 0.000004 0.000006 0.000010 0.000014 0.000020 0.000029 0.000042 0.000059 0.000082 0.000114 0.000157 0.000214 0.000290 0.000389 0.000517 0.000681 0.000890 0.001153 0.001481 0.001885 0.002379 0.002976 0.003690 0.004536 0.005527 0.006677 0.007995 0.009490 0.011167 0.013025 0.015060 0.017260 0.019609 0.022082 0.024651 0.027277 0.029918 0.032529 0.035057 0.037450 0.039656 0.041625 0.043308 0.044664 0.045658 0.046265 0.046470 0.046265 0.045658 0.044664 0.043308 0.041625 0.039656 0.037450 0.035057 0.032529 0.029918 0.027277 0.024651 0.022082 0.019609 0.017260 0.015060 0.013025 0.011167 0.009490 0.007995 0.006677 0.005527 0.004536 0.003690 0.002976 0.002379 0.001885 0.001481 0.001153 0.000890 0.000681 0.000517 0.000389 0.000290 0.000214 0.000157 0.000114 0.000082 0.000059 0.000042 0.000029 0.000020 0.000014 0.000009 0.000006 0.000004 0.000002 0.000001 0.000000 
0.000000 0.000001 0.000002 0.000004 0.000006 0.000009 0.000014 0.000020 0.000029 0.000042 0.000060 0.000085 0.000119 0.000165 0.000228 0.000311 0.000420 0.000563 0.000749 0.000987 0.001289 0.001669 0.002143 0.002727 0.003441 0.004304 0.005336 0.006559 0.007992 0.009653 0.011557 0.013717 0.016139 0.018822 0.021761 0.024938 0.028329 0.031901 0.035609 0.039400 0.043213 0.046980 0.050629 0.054084 0.057268 0.060109 0.062537 0.064494 0.065929 0.066806 0.067100 0.066806 0.065929 0.064494 0.062537 0.060109 0.057268 0.054084 0.050629 0.046980 0.043213 0.039400 0.035609 0.031901 0.028329 0.024938 0.021761 0.018822 0.016139 0.013717 0.011557 0.009653 0.007992 0.006559 0.005336 0.004304 0.003441 0.002727 0.002143 0.001669 0.001289 0.000987 0.000749 0.000563 0.000420 0.000311 0.000228 0.000165 0.000119 0.000085 0.000060 0.000042 0.000029 0.000020 0.000014 0.000009 0.000006 0.000003 0.000002 0.000000 
0.000000 0.000002 0.000003 0.000006 0.000009 0.000013 0.000020 0.000029 0.000042 0.000061 0.000087 0.000122 0.000171 0.000238 0.000327 0.000446 0.000603 0.000808 0.001074 0.001415 0.001848 0.002393 0.003072 0.003909 0.004932 0.006168 0.007646 0.009397 0.011448 0.013826 0.016552 0.019643 0.023109 0.026949 0.031152 0.035698 0.040550 0.045658 0.050962 0.056384 0.061838 0.067225 0.072444 0.077383 0.081937 0.085998 0.089471 0.092269 0.094321 0.095574 0.095995 0.095574 0.094321 0.092269 0.089471 0.085998 0.081937 0.077383 0.072444 0.067225 0.061838 0.056384 0.050962 0.045658 0.040550 0.035698 0.031152 0.026949 0.023109 0.019643 0.016552 0.013826 0.011448 0.009397 0.007646 0.006168 0.004932 0.003909 0.003072 0.002393 0.001848 0.001415 0.001074 0.000808 0.000603 0.000446 0.000327 0.000238 0.000171 0.000122 0.000087 0.000061 0.000042 0.000029 0.000020 0.000013 0.000008 0.000005 0.000002 0.000000 
0.000000 0.000002 0.000005 0.000008 0.000013 0.000019 0.000028 0.000042 0.000060 0.000087 0.000123 0.000174 0.000244 0.000338 0.000465 0.000634 0.000857 0.001149 0.001527 0.002012 0.002627 0.003401 0.004365 0.005554 0.007006 0.008760 0.010859 0.013344 0.016254 0.019628 0.023496 0.027881 0.032797 0.038243 0.044205 0.050651 0.057531 0.064775 0.072294 0.079981 0.087712 0.095349 0.102746 0.109748 0.116201 0.121958 0.126880 0.130845 0.133753 0.135529 0.136126 0.135529 0.133753 0.130845 0.126880 0.121958 0.116201 0.109748 0.102746 0.095349 0.087712 0.079981 0.072294 0.064775 0.057531 0.050651 0.044205 0.038243 0.032797 0.027881 0.023496 0.019628 0.016254 0.013344 0.010859 0.008760 0.007006 0.005554 0.004365 0.003401 0.002627 0.002012 0.001527 0.001149 0.000857 0.000634 0.000465 0.000338 0.000244 0.000174 0.000123 0.000087 0.000060 0.000041 0.000028 0.000019 0.000012 0.000007 0.000003 0.000000 
0.000000 0.000003 0.000007 0.000011 0.000018 0.000027 0.000040 0.000059 0.000085 0.000122 0.000174 0.000246 0.000344 0.000477 0.000656 0.000894 0.001209 0.001620 0.002152 0.002835 0.003702 0.004792 0.006149 0.007823 0.009866 0.012335 0.015289 0.018785 0.022880 0.027625 0.033066 0.039233 0.046146 0.053804 0.062187 0.071250 0.080921 0.091103 0.101672 0.112476 0.123342 0.134075 0.144470 0.154309 0.163378 0.171467 0.178382 0.183954 0.188040 0.190535 0.191374 0.190535 0.188040 0.183954 0.178382 0.171467 0.163378 0.154309 0.144470 0.134075 0.123342 0.112476 0.101672 0.091103 0.080921 0.071250 0.062187 0.053804 0.046146 0.039233 0.033066 0.027625 0.022880 0.018785 0.015289 0.012335 0.009866 0.007823 0.006149 0.004792 0.003702 0.002835 0.002152 0.001620 0.001209 0.000894 0.000656 0.000477 0.000344 0.000246 0.000174 0.000122 0.000085 0.000059 0.000040 0.000026 0.000017 0.000010 0.000005 0.000000 
0.000000 0.000004 0.000009 0.000016 0.000025 0.000038 0.000056 0.000082 0.000119 0.000171 0.000244 0.000344 0.000481 0.000667 0.000917 0.001251 0.001690 0.002264 0.003008 0.003961 0.005171 0.006693 0.008588 0.010924 0.013776 0.017221 0.021341 0.026218 0.031930 0.038549 0.046136 0.054736 0.064374 0.075051 0.086737 0.099369 0.112849 0.127041 0.141769 0.156825 0.171966 0.186923 0.201405 0.215114 0.227749 0.239019 0.248653 0.256415 0.262107 0.265583 0.266751 0.265583 0.262107 0.256415 0.248653 0.239019 0.227749 0.215114 0.201405 0.186923 0.171966 0.156825 0.141769 0.127041 0.112849 0.099369 0.086737 0.075051 0.064374 0.054736 0.046136 0.038549 0.031930 0.026218 0.021341 0.017221 0.013776 0.010924 0.008588 0.006693 0.005171 0.003961 0.003008 0.002264 0.001690 0.001251 0.000917 0.000667 0.000481 0.000344 0.000244 0.000171 0.000119 0.000082 0.000056 0.000037 0.000024 0.000014 0.000007 0.000000 
0.000000 0.000006 0.000013 0.000022 0.000035 0.000053 0.000078 0.000114 0.000165 0.000238 0.000338 0.000477 0.000667 0.000925 0.001272 0.001733 0.002342 0.003138 0.004167 0.005487 0.007163 0.009269 0.011892 0.015124 0.019070 0.023836 0.029535 0.036281 0.044180 0.053333 0.063823 0.075713 0.089037 0.103796 0.119948 0.137407 0.156036 0.175647 0.195999 0.216802 0.237721 0.258385 0.278393 0.297331 0.314785 0.330352 0.343661 0.354382 0.362244 0.367045 0.368660 0.367045 0.362244 0.354382 0.343661 0.330352 0.314785 0.297331 0.278393 0.258385 0.237721 0.216802 0.195999 0.175647 0.156036 0.137407 0.119948 0.103796 0.089037 0.075713 0.063823 0.053333 0.044180 0.036281 0.029535 0.023836 0.019070 0.015124 0.011892 0.009269 0.007163 0.005487 0.004167 0.003138 0.002342 0.001733 0.001272 0.000925 0.000667 0.000477 0.000338 0.000237 0.000165 0.000114 0.000077 0.000051 0.000033 0.000020 0.000009 0.000000 
0.000000 0.000008 0.000018 0.000031 0.000048 0.000072 0.000107 0.000157 0.000228 0.000327 0.000465 0.000656 0.000917 0.001272 0.001748 0.002382 0.003218 0.004311 0.005725 0.007536 0.009836 0.012727 0.016326 0.020761 0.026173 0.032711 0.040528 0.049778 0.060610 0.073159 0.087540 0.103839 0.122102 0.142329 0.164465 0.188390 0.213916 0.240786 0.268670 0.297170 0.325828 0.354133 0.381540 0.407481 0.431387 0.452709 0.470937 0.485621 0.496389 0.502964 0.505175 0.502964 0.496389 0.485621 0.470937 0.452709 0.431387 0.407481 0.381540 0.354133 0.325828 0.297170 0.268670 0.240786 0.213916 0.188390 0.164465 0.142329 0.122102 0.103839 0.087540 0.073159 0.060610 0.049778 0.040528 0.032711 0.026173 0.020761 0.016326 0.012727 0.009836 0.007536 0.005725 0.004311 0.003218 0.002382 0.001748 0.001272 0.000917 0.000656 0.000465 0.000327 0.000227 0.000157 0.000106 0.000071 0.000046 0.000027 0.000013 0.000000 
0.000000 0.000011 0.000025 0.000042 0.000065 0.000099 0.000146 0.000214 0.000311 0.000446 0.000634 0.000894 0.001251 0.001733 0.002382 0.003246 0.004384 0.005872 0.007796 0.010262 0.013392 0.017325 0.022221 0.028255 0.035616 0.044507 0.055137 0.067714 0.082441 0.099500 0.119048 0.141200 0.166020 0.193507 0.223585 0.256091 0.290772 0.327275 0.365154 0.403867 0.442793 0.481239 0.518462 0.553693 0.586160 0.615116 0.639870 0.659810 0.674433 0.683362 0.686364 0.683362 0.674433 0.659810 0.639870 0.615116 0.586160 0.553693 0.518462 0.481239 0.442793 0.403867 0.365154 0.327275 0.290772 0.256091 0.223585 0.193507 0.166020 0.141200 0.119048 0.099500 0.082441 0.067714 0.055137 0.044507 0.035616 0.028255 0.022221 0.017325 0.013392 0.010262 0.007796 0.005872 0.004384 0.003246 0.002382 0.001733 0.001250 0.000894 0.000634 0.000446 0.000310 0.000214 0.000145 0.000097 0.000062 0.000037 0.000017 0.000000 
0.000000 0.000015 0.000033 0.000056 0.000088 0.000134 0.000198 0.000290 0.000420 0.000603 0.000857 0.001209 0.001690 0.002342 0.003218 0.004384 0.005922 0.007929 0.010526 0.013854 0.018077 0.023383 0.029987 0.038125 0.048052 0.060041 0.074372 0.091328 0.111178 0.134171 0.160516 0.190367 0.223812 0.260847 0.301369 0.345160 0.391877 0.441046 0.492065 0.544205 0.596629 0.648404 0.698530 0.745973 0.789691 0.828681 0.862011 0.888860 0.908549 0.920572 0.924614 0.920572 0.908549 0.888860 0.862011 0.828681 0.789691 0.745973 0.698530 0.648404 0.596629 0.544205 0.492065 0.441046 0.391877 0.345160 0.301369 0.260847 0.223812 0.190367 0.160516 0.134171 0.111178 0.091328 0.074372 0.060041 0.048052 0.038125 0.029987 0.023383 0.018077 0.013854 0.010526 0.007929 0.005922 0.004384 0.003218 0.002342 0.001690 0.001209 0.000857 0.000602 0.000419 0.000289 0.000196 0.000131 0.000084 0.000050 0.000023 0.000000 
0.000000 0.000021 0.000045 0.000076 0.000119 0.000179 0.000266 0.000389 0.000563 0.000808 0.001149 0.001620 0.002264 0.003138 0.004311 0.005872 0.007929 0.010616 0.014091 0.018543 0.024192 0.031289 0.040121 0.051002 0.064275 0.080303 0.099461 0.122124 0.148653 0.179380 0.214582 0.254467 0.299148 0.348623 0.402752 0.461244 0.523639 0.589306 0.657439 0.727066 0.797068 0.866201 0.933131 0.996474 1.054843 1.106898 1.151396 1.187240 1.213525 1.229575 1.234972 1.229575 1.213525 1.187240 1.151396 1.106898 1.054843 0.996474 0.933131 0.866201 0.797068 0.727066 0.657439 0.589306 0.523639 0.461244 0.402752 0.348623 0.299148 0.254467 0.214582 0.179380 0.148653 0.122124 0.099461 0.080303 0.064275 0.051002 0.040121 0.031289 0.024192 0.018543 0.014091 0.010616 0.007929 0.005872 0.004311 0.003138 0.002264 0.001620 0.001149 0.000808 0.000562 0.000387 0.000263 0.000176 0.000113 0.000067 0.000031 0.000000 
0.000000 0.000027 0.000059 0.000101 0.000158 0.000238 0.000353 0.000517 0.000749 0.001074 0.001527 0.002152 0.003008 0.004167 0.005725 0.007796 0.010526 0.014091 0.018701 0.024606 0.032098 0.041510 0.053220 0.067646 0.085241 0.106485 0.131876 0.161909 0.197062 0.237773 0.284409 0.337246 0.396431 0.461961 0.533650 0.611112 0.693739 0.780692 0.870906 0.963095 1.055775 1.147300 1.235905 1.319758 1.397026 1.465933 1.524836 1.572282 1.607075 1.628319 1.635463 1.628319 1.607075 1.572282 1.524836 1.465933 1.397026 1.319758 1.235905 1.147300 1.055775 0.963095 0.870906 0.780692 0.693739 0.611112 0.533650 0.461961 0.396431 0.337246 0.284409 0.237773 0.197062 0.161909 0.131876 0.106485 0.085241 0.067646 0.053220 0.041510 0.032098 0.024606 0.018701 0.014091 0.010526 0.007796 0.005724 0.004167 0.003008 0.002152 0.001527 0.001073 0.000747 0.000515 0.000350 0.000233 0.000150 0.000089 0.000041 0.000000 
0.000000 0.000036 0.000078 0.000133 0.000208 0.000314 0.000466 0.000681 0.000987 0.001415 0.002012 0.002835 0.003961 0.005487 0.007536 0.010262 0.013854 0.018543 0.024606 0.032372 0.042222 0.054597 0.069991 0.088953 0.112077 0.139995 0.173358 0.212818 0.259001 0.312480 0.373738 0.443135 0.520863 0.606918 0.701055 0.802766 0.911251 1.025411 1.143845 1.264865 1.386525 1.506664 1.622966 1.733028 1.834441 1.924880 2.002187 2.064457 2.110119 2.138000 2.147375 2.138000 2.110119 2.064457 2.002187 1.924880 1.834441 1.733028 1.622966 1.506664 1.386525 1.264865 1.143845 1.025411 0.911251 0.802766 0.701055 0.606918 0.520863 0.443135 0.373738 0.312480 0.259001 0.212818 0.173358 0.139995 0.112077 0.088953 0.069991 0.054597 0.042222 0.032372 0.024606 0.018543 0.013854 0.010262 0.007536 0.005487 0.003961 0.002835 0.002011 0.001414 0.000985 0.000679 0.000462 0.000308 0.000198 0.000117 0.000054 0.000000 
0.000000 0.000047 0.000102 0.000174 0.000272 0.000411 0.000609 0.000890 0.001289 0.001848 0.002627 0.003702 0.005171 0.007163 0.009836 0.013392 0.018077 0.024192 0.032098 0.042222 0.055064 0.071194 0.091257 0.115968 0.146100 0.182474 0.225938 0.277340 0.337495 0.407147 0.486924 0.577291 0.678502 0.790546 0.913106 1.045517 1.186739 1.335340 1.489496 1.647011 1.805352 1.961707 2.113063 2.256293 2.388266 2.505954 2.606550 2.687579 2.746996 2.783275 2.795475 2.783275 2.746996 2.687579 2.606550 2.505954 2.388266 2.256293 2.113063 1.961707 1.805352 1.647011 1.489496 1.335340 1.186739 1.045517 0.913106 0.790546 0.678502 0.577291 0.486924 0.407147 0.337495 0.277340 0.225938 0.182474 0.146100 0.115968 0.091257 0.071194 0.055064 0.042222 0.032098 0.024192 0.018077 0.013392 0.009836 0.007163 0.005171 0.003701 0.002626 0.001847 0.001287 0.000887 0.000603 0.000402 0.000259 0.000153 0.000071 0.000000 
0.000000 0.000061 0.000133 0.000225 0.000352 0.000532 0.000789 0.001153 0.001669 0.002393 0.003401 0.004792 0.006693 0.009269 0.012727 0.017325 0.023383 0.031289 0.041510 0.054597 0.071194 0.092038 0.117963 0.149889 0.188816 0.235802 0.291941 0.358327 0.436010 0.525950 0.628956 0.745627 0.876288 1.020925 1.179125 1.350032 1.532300 1.724082 1.923024 2.126290 2.330614 2.532368 2.727663 2.912469 3.082745 3.234586 3.364374 3.468914 3.545570 3.592376 3.608115 3.592376 3.545570 3.468914 3.364374 3.234586 3.082745 2.912469 2.727663 2.532368 2.330614 2.126290 1.923024 1.724082 1.532300 1.350032 1.179125 1.020925 0.876288 0.745627 0.628956 0.525950 0.436010 0.358327 0.291941 0.235802 0.188816 0.149889 0.117963 0.092038 0.071194 0.054597 0.041510 0.031289 0.023383 0.017325 0.012727 0.009269 0.006693 0.004791 0.003400 0.002392 0.001666 0.001149 0.000782 0.000521 0.000335 0.000199 0.000092 0.000000 
0.000000 0.000079 0.000171 0.000289 0.000453 0.000684 0.001013 0.001481 0.002143 0.003072 0.004365 0.006149 0.008588 0.011892 0.016326 0.022221 0.029987 0.040121 0.053220 0.069991 0.091257 0.117963 0.151174 0.192069 0.241926 0.302100 0.373989 0.458992 0.558452 0.673595 0.805456 0.954799 1.122037 1.307151 1.509613 1.728321 1.961557 2.206954 2.461499 2.721567 2.982977 3.241089 3.490930 3.727345 3.945167 4.139402 4.305423 4.439146 4.537201 4.597072 4.617204 4.597072 4.537201 4.439146 4.305423 4.139402 3.945167 3.727345 3.490930 3.241089 2.982977 2.721567 2.461499 2.206954 1.961557 1.728321 1.509613 1.307151 1.122037 0.954799 0.805456 0.673595 0.558452 0.458992 0.373989 0.302100 0.241926 0.192069 0.151174 0.117963 0.091257 0.069991 0.053220 0.040121 0.029987 0.022221 0.016325 0.011891 0.008588 0.006148 0.004364 0.003070 0.002139 0.001475 0.001004 0.000670 0.000431 0.000255 0.000118 0.000000 
0.000000 0.000100 0.000217 0.000368 0.000577 0.000871 0.001289 0.001885 0.002727 0.003909 0.005554 0.007823 0.010924 0.015124 0.020761 0.028255 0.038125 0.051002 0.067646 0.088953 0.115968 0.149889 0.192069 0.244002 0.307311 0.383713 0.474982 0.582891 0.709141 0.855288 1.022641 1.212168 1.424392 1.659284 1.916173 2.193661 2.489565 2.800881 3.123788 3.453687 3.785275 4.112668 4.429560 4.729414 5.005678 5.252023 5.462580 5.632173 5.756528 5.832457 5.857989 5.832457 5.756528 5.632173 5.462580 5.252023 5.005678 4.729414 4.429560 4.112668 3.785275 3.453687 3.123788 2.800881 2.489565 2.193661 1.916173 1.659284 1.424392 1.212168 1.022641 0.855288 0.709141 0.582891 0.474982 0.383713 0.307311 0.244002 0.192069 0.149889 0.115968 0.088953 0.067646 0.051002 0.038124 0.028254 0.020761 0.015124 0.010924 0.007822 0.005553 0.003907 0.002723 0.001878 0.001278 0.000852 0.000548 0.000325 0.000151 0.000000 
0.000000 0.000127 0.000274 0.000465 0.000728 0.001099 0.001627 0.002379 0.003441 0.004932 0.007006 0.009866 0.013776 0.019070 0.026173 0.035616 0.048052 0.064275 0.085241 0.112077 0.146100 0.188816 0.241926 0.307311 0.387011 0.483185 0.598064 0.733874 0.892758 1.076666 1.287244 1.525708 1.792711 2.088216 2.411374 2.760426 3.132623 3.524188 3.930314 4.345215 4.762225 5.173946 5.572449 5.949515 6.296908 6.606672 6.871431 7.084677 7.241040 7.336512 7.368615 7.336512 7.241040 7.084677 6.871431 6.606672 6.296908 5.949515 5.572449 5.173946 4.762225 4.345215 3.930314 3.524188 3.132623 2.760426 2.411374 2.088216 1.792711 1.525708 1.287244 1.076666 0.892758 0.733874 0.598064 0.483185 0.387011 0.307311 0.241926 0.188816 0.146100 0.112077 0.085241 0.064275 0.048052 0.035616 0.026173 0.019069 0.013775 0.009865 0.007004 0.004928 0.003435 0.002370 0.001613 0.001076 0.000692 0.000410 0.000190 0.000000 
0.000000 0.000159 0.000343 0.000582 0.000911 0.001375 0.002036 0.002976 0.004304 0.006168 0.008760 0.012335 0.017221 0.023836 0.032711 0.044507 0.060041 0.080303 0.106485 0.139995 0.182474 0.235802 0.302100 0.383713 0.483185 0.603209 0.746562 0.916023 1.114259 1.343700 1.606396 1.903860 2.236903 2.605474 3.008514 3.443826 3.907979 4.396262 4.902682 5.420023 5.939975 6.453314 6.950158 7.420262 7.853362 8.239542 8.569608 8.835452 9.030380 9.149398 9.189419 9.149398 9.030380 8.835452 8.569608 8.239542 7.853362 7.420262 6.950158 6.453314 5.939975 5.420023 4.902682 4.396262 3.907979 3.443826 3.008514 2.605474 2.236903 1.903860 1.606396 1.343700 1.114259 0.916023 0.746562 0.603209 0.483185 0.383713 0.302100 0.235802 0.182474 0.139995 0.106485 0.080303 0.060040 0.044507 0.032710 0.023835 0.017220 0.012334 0.008757 0.006163 0.004297 0.002964 0.002018 0.001346 0.000866 0.000513 0.000238 0.000000 
0.000000 0.000197 0.000426 0.000722 0.001130 0.001706 0.002525 0.003690 0.005336 0.007646 0.010859 0.015289 0.021341 0.029535 0.040528 0.055137 0.074372 0.099461 0.131876 0.173358 0.225938 0.291941 0.373989 0.474982 0.598064 0.746562 0.923912 1.133544 1.378754 1.662544 1.987445 2.355322 2.767176 3.222939 3.721299 4.259534 4.833402 5.437078 6.063149 6.702699 7.345452 7.980011 8.594162 9.175245 9.710576 10.187903 10.595865 10.924444 11.165370 11.312472 11.361936 11.312472 11.165370 10.924444 10.595865 10.187903 9.710576 9.175245 8.594162 7.980011 7.345452 6.702699 6.063149 5.437078 4.833402 4.259534 3.721299 3.222939 2.767176 2.355322 1.987445 1.662544 1.378754 1.133544 0.923912 0.746562 0.598064 0.474982 0.373989 0.291941 0.225938 0.173358 0.131876 0.099461 0.074372 0.055137 0.040527 0.029535 0.021340 0.015286 0.010855 0.007641 0.005327 0.003676 0.002502 0.001670 0.001075 0.000637 0.000296 0.000000 
0.000000 0.000242 0.000524 0.000888 0.001389 0.002097 0.003104 0.004536 0.006559 0.009397 0.013344 0.018785 0.026218 0.036281 0.049778 0.067714 0.091328 0.122124 0.161909 0.212818 0.277340 0.358327 0.458992 0.582891 0.733874 0.916023 1.133544 1.390641 1.691349 2.039346 2.437730 2.888783 3.393725 3.952471 4.563406 5.223192 5.926626 6.666564 7.433924 8.217774 9.005524 9.783208 10.535860 11.247968 11.903995 12.488929 12.988853 13.391494 13.686723 13.866980 13.927592 13.866980 13.686723 13.391494 12.988853 12.488929 11.903995 11.247968 10.535860 9.783208 9.005524 8.217774 7.433924 6.666564 5.926626 5.223192 4.563406 3.952471 3.393725 2.888783 2.437730 2.039346 1.691349 1.390641 1.133544 0.916023 0.733874 0.582891 0.458992 0.358327 0.277340 0.212818 0.161909 0.122124 0.091328 0.067714 0.049778 0.036280 0.026216 0.018782 0.013339 0.009390 0.006548 0.004518 0.003076 0.002053 0.001321 0.000783 0.000364 0.000000 
0.000000 0.000296 0.000639 0.001083 0.001694 0.002556 0.003783 0.005527 0.007992 0.011448 0.016254 0.022880 0.031930 0.044180 0.060610 0.082441 0.111178 0.148653 0.197062 0.259001 0.337495 0.436010 0.558452 0.709141 0.892758 1.114259 1.378754 1.691349 2.056946 2.480009 2.964297 3.512579 4.126333 4.805449 5.547959 6.349804 7.204657 8.103836 9.036301 9.988771 10.945949 11.890868 12.805348 13.670547 14.467591 15.178248 15.785614 16.274784 16.633456 16.852447 16.926084 16.852447 16.633456 16.274784 15.785614 15.178248 14.467591 13.670547 12.805348 11.890868 10.945949 9.988771 9.036301 8.103836 7.204657 6.349804 5.547959 4.805449 4.126333 3.512579 2.964297 2.480009 2.056946 1.691349 1.378754 1.114259 0.892758 0.709141 0.558452 0.436010 0.337495 0.259001 0.197062 0.148653 0.111178 0.082440 0.060609 0.044179 0.031928 0.022876 0.016249 0.011440 0.007978 0.005506 0.003749 0.002503 0.001611 0.000955 0.000443 0.000000 
0.000000 0.000357 0.000772 0.001309 0.002047 0.003088 0.004571 0.006677 0.009653 0.013826 0.019628 0.027625 0.038549 0.053333 0.073159 0.099500 0.134171 0.179380 0.237773 0.312480 0.407147 0.525950 0.673595 0.855288 1.076666 1.343700 1.662544 2.039346 2.480009 2.989904 3.573558 4.234298 4.973899 5.792223 6.686894 7.653015 8.682962 9.766269 10.889639 12.037070 13.190137 14.328405 15.429976 16.472162 17.432232 18.288230 19.019803 19.609002 20.041014 20.304781 20.393474 20.304781 20.041014 19.609002 19.019803 18.288230 17.432232 16.472162 15.429976 14.328405 13.190137 12.037070 10.889639 9.766269 8.682962 7.653015 6.686894 5.792223 4.973899 4.234298 3.573558 2.989904 2.480009 2.039346 1.662544 1.343700 1.076666 0.855288 0.673595 0.525950 0.407147 0.312480 0.237773 0.179379 0.134171 0.099500 0.073158 0.053332 0.038547 0.027622 0.019622 0.013815 0.009636 0.006651 0.004530 0.003024 0.001946 0.001154 0.000536 0.000000 
0.000000 0.000428 0.000925 0.001568 0.002452 0.003699 0.005474 0.007995 0.011557 0.016552 0.023496 0.033066 0.046136 0.063823 0.087540 0.119048 0.160516 0.214582 0.284409 0.373738 0.486924 0.628956 0.805456 1.022641 1.287244 1.606396 1.987445 2.437730 2.964297 3.573558 4.270910 5.060325 5.943912 6.921502 7.990249 9.144298 10.374538 11.668468 13.010203 14.380632 15.757752 17.117159 18.432710 19.677313 20.823829 21.846047 22.719666 23.423260 23.939144 24.254119 24.360030 24.254119 23.939144 23.423260 22.719666 21.846047 20.823829 19.677313 18.432710 17.117159 15.757752 14.380632 13.010203 11.668468 10.374538 9.144298 7.990249 6.921502 5.943912 5.060325 4.270910 3.573558 2.964297 2.437730 1.987445 1.606396 1.287244 1.022641 0.805456 0.628956 0.486924 0.373738 0.284409 0.214581 0.160515 0.119047 0.087539 0.063822 0.046133 0.033061 0.023488 0.016540 0.011538 0.007964 0.005424 0.003622 0.002331 0.001382 0.000642 0.000000 
0.000000 0.000508 0.001098 0.001862 0.002911 0.004392 0.006498 0.009490 0.013717 0.019643 0.027881 0.039233 0.054736 0.075713 0.103839 0.141200 0.190367 0.254467 0.337246 0.443135 0.577291 0.745627 0.954799 1.212168 1.525708 1.903860 2.355322 2.888783 3.512579 4.234298 5.060325 5.995353 7.041874 8.199678 9.465389 10.832068 12.288919 13.821138 15.409912 17.032614 18.663192 20.272758 21.830360 23.303930 24.661345 25.871578 26.905868 27.738853 28.349605 28.722500 28.847886 28.722500 28.349605 27.738853 26.905868 25.871578 24.661345 23.303930 21.830360 20.272758 18.663192 17.032614 15.409912 13.821138 12.288919 10.832068 9.465389 8.199678 7.041874 5.995353 5.060325 4.234298 3.512579 2.888783 2.355322 1.903860 1.525708 1.212168 0.954799 0.745627 0.577291 0.443134 0.337246 0.254466 0.190367 0.141199 0.103838 0.075711 0.054732 0.039228 0.027872 0.019629 0.013694 0.009453 0.006439 0.004300 0.002768 0.001642 0.000762 0.000000 
0.000000 0.000598 0.001293 0.002191 0.003426 0.005169 0.007647 0.011167 0.016139 0.023109 0.032797 0.046146 0.064374 0.089037 0.122102 0.166020 0.223812 0.299148 0.396431 0.520863 0.678502 0.876288 1.122037 1.424392 1.792711 2.236903 2.767176 3.393725 4.126333 4.973899 5.943912 7.041874 8.270701 9.630137 11.116211 12.720769 14.431133 16.229919 18.095039 19.999935 21.914025 23.803403 25.631745 27.361414 28.954714 30.375234 31.589226 32.566928 33.283782 33.721455 33.868623 33.721455 33.283782 32.566928 31.589226 30.375234 28.954714 27.361414 25.631745 23.803403 21.914025 19.999935 18.095039 16.229919 14.431133 12.720769 11.116211 9.630137 8.270701 7.041874 5.943912 4.973899 4.126333 3.393725 2.767176 2.236903 1.792711 1.424392 1.122037 0.876288 0.678502 0.520863 0.396431 0.299148 0.223811 0.166019 0.122101 0.089035 0.064370 0.046140 0.032786 0.023091 0.016111 0.011123 0.007578 0.005060 0.003258 0.001932 0.000897 0.000000 
0.000000 0.000698 0.001509 0.002557 0.003997 0.006030 0.008920 0.013025 0.018822 0.026949 0.038243 0.053804 0.075051 0.103796 0.142329 0.193507 0.260847 0.348623 0.461961 0.606918 0.790546 1.020925 1.307151 1.659284 2.088216 2.605474 3.222939 3.952471 4.805449 5.792223 6.921502 8.199678 9.630137 11.212572 12.942350 14.809974 16.800683 18.894239 21.064936 23.281863 25.509435 27.708197 29.835885 31.848707 33.702807 35.355823 36.768491 37.906190 38.740348 39.249638 39.420887 39.249638 38.740348 37.906190 36.768491 35.355823 33.702807 31.848707 29.835885 27.708197 25.509435 23.281863 21.064936 18.894239 16.800683 14.809974 12.942350 11.212572 9.630137 8.199678 6.921502 5.792223 4.805449 3.952471 3.222939 2.605474 2.088216 1.659284 1.307151 1.020925 0.790546 0.606918 0.461960 0.348622 0.260846 0.193506 0.142328 0.103793 0.075046 0.053797 0.038231 0.026929 0.018790 0.012974 0.008839 0.005903 0.003801 0.002254 0.001047 0.000000 
0.000000 0.000808 0.001745 0.002957 0.004623 0.006973 0.010314 0.015060 0.021761 0.031152 0.044205 0.062187 0.086737 0.119948 0.164465 0.223585 0.301369 0.402752 0.533650 0.701055 0.913106 1.179125 1.509613 1.916173 2.411374 3.008514 3.721299 4.563406 5.547959 6.686894 7.990249 9.465389 11.116211 12.942350 14.938451 17.093546 19.390597 21.806249 24.310840 26.868706 29.438793 31.975586 34.430329 36.752510 38.891541 40.798563 42.428287 43.740781 44.703091 45.290623 45.488179 45.290623 44.703091 43.740781 42.428287 40.798563 38.891541 36.752510 34.430329 31.975586 29.438793 26.868706 24.310840 21.806249 19.390597 17.093546 14.938451 12.942350 11.116211 9.465389 7.990249 6.686894 5.547959 4.563406 3.721299 3.008514 2.411374 1.916173 1.509613 1.179125 0.913106 0.701055 0.533650 0.402752 0.301368 0.223584 0.164463 0.119945 0.086731 0.062178 0.044191 0.031129 0.021723 0.015000 0.010221 0.006826 0.004395 0.002607 0.001211 0.000000 
0.000000 0.000926 0.002001 0.003390 0.005300 0.007993 0.011822 0.017260 0.024938 0.035698 0.050651 0.071250 0.099369 0.137407 0.188390 0.256091 0.345160 0.461244 0.611112 0.802766 1.045517 1.350032 1.728321 2.193661 2.760426 3.443826 4.259534 5.223192 6.349804 7.653015 9.144298 10.832068 12.720769 14.809974 17.093546 19.558930 22.186629 24.949922 27.814878 30.740703 33.680442 36.582037 39.389734 42.045765 44.492281 46.673409 48.537363 50.038481 51.139083 51.811044 52.036989 51.811044 51.139083 50.038481 48.537363 46.673409 44.492281 42.045765 39.389734 36.582037 33.680442 30.740703 27.814878 24.949922 22.186629 19.558930 17.093546 14.809974 12.720769 10.832068 9.144298 7.653015 6.349804 5.223192 4.259534 3.443826 2.760426 2.193661 1.728321 1.350032 1.045517 0.802766 0.611112 0.461243 0.345159 0.256090 0.188387 0.137403 0.099363 0.071240 0.050635 0.035671 0.024895 0.017192 0.011715 0.007825 0.005039 0.002989 0.001388 0.000000 
0.000000 0.001053 0.002274 0.003853 0.006022 0.009082 0.013432 0.019609 0.028329 0.040550 0.057531 0.080921 0.112849 0.156036 0.213916 0.290772 0.391877 0.523639 0.693739 0.911251 1.186739 1.532300 1.961557 2.489565 3.132623 3.907979 4.833402 5.926626 7.204657 8.682962 10.374538 12.288919 14.431133 16.800683 19.390597 22.186629 25.166660 28.300383 31.549317 34.867202 38.200794 41.491072 44.674818 47.686539 50.460650 52.933809 55.047308 56.749381 57.997314 58.759223 59.015414 58.759223 57.997314 56.749381 55.047308 52.933809 50.460650 47.686539 44.674818 41.491072 38.200794 34.867202 31.549317 28.300383 25.166660 22.186629 19.390597 16.800683 14.431133 12.288919 10.374538 8.682962 7.204657 5.926626 4.833402 3.907979 3.132623 2.489565 1.961557 1.532300 1.186739 0.911251 0.693738 0.523639 0.391876 0.290770 0.213914 0.156032 0.112842 0.080910 0.057512 0.040519 0.028281 0.019531 0.013310 0.008891 0.005725 0.003397 0.001578 0.000000 
0.000000 0.001186 0.002562 0.004340 0.006783 0.010229 0.015128 0.022082 0.031901 0.045658 0.064775 0.091103 0.127041 0.175647 0.240786 0.327275 0.441046 0.589306 0.780692 1.025411 1.335340 1.724082 2.206954 2.800881 3.524188 4.396262 5.437078 6.666564 8.103836 9.766269 11.668468 13.821138 16.229919 18.894239 21.806249 24.949922 28.300383 31.823552 35.476167 39.206221 42.953861 46.652740 50.231801 53.617430 56.735910 59.516049 61.891865 63.805177 65.207980 66.064440 66.352422 66.064440 65.207980 63.805177 61.891865 59.516049 56.735910 53.617430 50.231801 46.652740 42.953861 39.206221 35.476167 31.823552 28.300383 24.949922 21.806249 18.894239 16.229919 13.821138 11.668468 9.766269 8.103836 6.666564 5.437078 4.396262 3.524188 2.800880 2.206954 1.724082 1.335340 1.025411 0.780692 0.589305 0.441045 0.327274 0.240783 0.175642 0.127033 0.091091 0.064754 0.045624 0.031846 0.021995 0.014990 0.010014 0.006449 0.003826 0.001777 0.000000 
0.000000 0.001324 0.002860 0.004846 0.007574 0.011420 0.016888 0.024651 0.035609 0.050962 0.072294 0.101672 0.141769 0.195999 0.268670 0.365154 0.492065 0.657439 0.870906 1.143845 1.489496 1.923024 2.461499 3.123788 3.930314 4.902682 6.063149 7.433924 9.036301 10.889639 13.010203 15.409912 18.095039 21.064936 24.310840 27.814878 31.549317 35.476167 39.547207 43.704476 47.881270 52.003652 55.992438 59.765599 63.240992 66.339291 68.986973 71.119214 72.682522 73.636974 73.957905 73.636974 72.682522 71.119214 68.986973 66.339291 63.240992 59.765599 55.992438 52.003652 47.881270 43.704476 39.547207 35.476167 31.549317 27.814878 24.310840 21.064936 18.095039 15.409912 13.010203 10.889639 9.036301 7.433924 6.063149 4.902682 3.930314 3.123788 2.461499 1.923024 1.489496 1.143845 0.870906 0.657438 0.492064 0.365152 0.268667 0.195994 0.141761 0.101658 0.072270 0.050924 0.035547 0.024553 0.016735 0.011180 0.007200 0.004272 0.001984 0.000000 
0.000000 0.001466 0.003166 0.005364 0.008382 0.012639 0.018689 0.027277 0.039400 0.056384 0.079981 0.112476 0.156825 0.216802 0.297170 0.403867 0.544205 0.727066 0.963095 1.264865 1.647011 2.126290 2.721567 3.453687 4.345215 5.420023 6.702699 8.217774 9.988771 12.037070 14.380632 17.032614 19.999935 23.281863 26.868706 30.740703 34.867202 39.206221 43.704476 48.297925 52.912872 57.467631 61.874721 66.043523 69.883294 73.306403 76.231633 78.587375 80.314542 81.369031 81.723599 81.369031 80.314542 78.587375 76.231633 73.306403 69.883294 66.043523 61.874721 57.467631 52.912872 48.297925 43.704476 39.206221 34.867202 30.740703 26.868706 23.281863 19.999935 17.032614 14.380632 12.037070 9.988771 8.217774 6.702699 5.420023 4.345215 3.453687 2.721567 2.126290 1.647011 1.264865 0.963094 0.727066 0.544204 0.403865 0.297166 0.216796 0.156816 0.112460 0.079954 0.056342 0.039332 0.027169 0.018518 0.012372 0.007969 0.004728 0.002196 0.000000 
0.000000 0.001608 0.003473 0.005885 0.009195 0.013864 0.020500 0.029918 0.043213 0.061838 0.087712 0.123342 0.171966 0.237721 0.325828 0.442793 0.596629 0.797068 1.055775 1.386525 1.805352 2.330614 2.982977 3.785275 4.762225 5.939975 7.345452 9.005524 10.945949 13.190137 15.757752 18.663192 21.914025 25.509435 29.438793 33.680442 38.200794 42.953861 47.881270 52.912872 57.967946 62.957023 67.784290 72.350500 76.556272 80.305636 83.509646 86.089880 87.981631 89.136601 89.524955 89.136601 87.981631 86.089880 83.509646 80.305636 76.556272 72.350500 67.784290 62.957023 57.967946 52.912872 47.881270 42.953861 38.200794 33.680442 29.438793 25.509435 21.914025 18.663192 15.757752 13.190137 10.945949 9.005524 7.345452 5.939975 4.762225 3.785275 2.982977 2.330614 1.805352 1.386525 1.055774 0.797068 0.596628 0.442791 0.325824 0.237715 0.171956 0.123324 0.087683 0.061791 0.043138 0.029800 0.020313 0.013572 0.008742 0.005187 0.002410 0.000000 
0.000000 0.001749 0.003777 0.006399 0.009999 0.015075 0.022289 0.032529 0.046980 0.067225 0.095349 0.134075 0.186923 0.258385 0.354133 0.481239 0.648404 0.866201 1.147300 1.506664 1.961707 2.532368 3.241089 4.112668 5.173946 6.453314 7.980011 9.783208 11.890868 14.328405 17.117159 20.272758 23.803403 27.708197 31.975586 36.582037 41.491072 46.652740 52.003652 57.467631 62.957023 68.374679 73.616567 78.574927 83.141854 87.213150 90.692244 93.493994 95.548146 96.802263 97.223954 96.802263 95.548146 93.493994 90.692244 87.213150 83.141854 78.574927 73.616567 68.374679 62.957023 57.467631 52.003652 46.652740 41.491072 36.582037 31.975586 27.708197 23.803403 20.272758 17.117159 14.328405 11.890868 9.783208 7.980011 6.453314 5.173946 4.112668 3.241089 2.532368 1.961707 1.506664 1.147299 0.866200 0.648402 0.481236 0.354129 0.258378 0.186911 0.134056 0.095318 0.067175 0.046900 0.032400 0.022086 0.014757 0.009506 0.005640 0.002620 0.000000 
0.000000 0.001885 0.004072 0.006898 0.010778 0.016248 0.024023 0.035057 0.050629 0.072444 0.102746 0.144470 0.201405 0.278393 0.381540 0.518462 0.698530 0.933131 1.235905 1.622966 2.113063 2.727663 3.490930 4.429560 5.572449 6.950158 8.594162 10.535860 12.805348 15.429976 18.432710 21.830360 25.631745 29.835885 34.430329 39.389734 44.674818 50.231801 55.992438 61.874721 67.784290 73.616567 79.259568 84.597297 89.513606 93.896337 97.641546 100.657586 102.868842 104.218872 104.672813 104.218872 102.868842 100.657586 97.641546 93.896337 89.513606 84.597297 79.259568 73.616567 67.784290 61.874721 55.992438 50.231801 44.674818 39.389734 34.430329 29.835885 25.631745 21.830360 18.432710 15.429976 12.805348 10.535860 8.594162 6.950158 5.572449 4.429560 3.490930 2.727663 2.113063 1.622966 1.235904 0.933130 0.698529 0.518459 0.381536 0.278385 0.201393 0.144449 0.102712 0.072389 0.050542 0.034918 0.023804 0.015905 0.010246 0.006080 0.002824 0.000000 
