0.000000 0.000000 0.000000 0.000000 0.000000 0.000000 0.000000 0.000000 0.000000 0.000000 0.000000 0.000000 0.000000 0.000000 0.000000 0.000000 0.000000 0.000000 0.000000 0.000000 0.000000 0.000000 0.000000 0.000000 0.000000 0.000000 0.000000 0.000000 0.000000 0.000000 0.000000 0.000000 0.000000 0.000000 0.000000 0.000000 0.000000 0.000000 0.000000 0.000000 0.000000 0.000000 0.000000 0.000000 0.000000 0.000000 0.000000 0.000000 0.000000 0.000000 0.000000 0.000000 0.000000 0.000000 0.000000 0.000000 0.000000 0.000000 0.000000 0.000000 0.000000 0.000000 0.000000 0.000000 0.000000 0.000000 0.000000 0.000000 0.000000 0.000000 0.000000 0.000000 0.000000 0.000000 0.000000 0.000000 0.000000 0.000000 0.000000 0.000000 0.000000 0.000000 0.000000 0.000000 0.000000 0.000000 0.000000 0.000000 0.000000 0.000000 0.000000 0.000000 0.000000 0.000000 0.000000 0.000000 0.000000 0.000000 0.000000 0.000000 
0.000000 0.000000 0.000000 0.000000 0.000000 0.000000 0.000000 0.000000 0.000000 0.000000 0.000000 0.000000 0.000000 0.000000 0.000000 0.000000 0.000000 0.000000 0.000000 0.000000 0.000000 0.000000 0.000000 0.000000 0.000000 0.000000 0.000000 0.000000 0.000000 0.000000 0.000000 0.000000 0.000000 0.000000 0.000000 0.000000 0.000000 0.000000 0.000000 0.000000 0.000000 0.000000 0.000000 0.000000 0.000000 0.000000 0.000000 0.000000 0.000000 0.000000 0.000000 0.000000 0.000000 0.000000 0.000000 0.000000 0.000000 0.000000 0.000000 0.000000 0.000000 0.000000 0.000000 0.000000 0.000000 0.000000 0.000000 0.000000 0.000000 0.000000 0.000000 0.000000 0.000000 0.000000 0.000000 0.000000 0.000000 0.000000 0.000000 0.000000 0.000000 0.000000 0.000000 0.000000 0.000000 0.000000 0.000000 0.000000 0.000000 0.000000 0.000000 0.000000 0.000000 0.000000 0.000000 0.000000 0.000000 0.000000 0.000000 0.000000 
0.000000 0.000000 0.000000 0.000000 0.000000 0.000000 0.000000 0.000000 0.000000 0.000000 0.000000 0.000000 0.000000 0.000000 0.000000 0.000000 0.000000 0.000000 0.000000 0.000000 0.000000 0.000000 0.000000 0.000000 0.000000 0.000000 0.000000 0.000000 0.000000 0.000000 0.000000 0.000000 0.000000 0.000000 0.000000 0.000000 0.000000 0.000000 0.000000 0.000000 0.000000 0.000000 0.000000 0.000000 0.000000 0.000000 0.000000 0.000000 0.000000 0.000000 0.000000 0.000000 0.000000 0.000000 0.000000 0.000000 0.000000 0.000000 0.000000 0.000000 0.000000 0.000000 0.000000 0.000000 0.000000 0.000000 0.000000 0.000000 0.000000 0.000000 0.000000 0.000000 0.000000 0.000000 0.000000 0.000000 0.000000 0.000000 0.000000 0.000000 0.000000 0.000000 0.000000 0.000000 0.000000 0.000000 0.000000 0.000000 0.000000 0.000000 0.000000 0.000000 0.000000 0.000000 0.000000 0.000000 0.000000 0.000000 0.000000 0.000000 
0.000000 0.000000 0.000000 0.000000 0.000000 0.000000 0.000000 0.000000 0.000000 0.000000 0.000000 0.000000 0.000000 0.000000 0.000000 0.000000 0.000000 0.000000 0.000000 0.000000 0.000000 0.000000 0.000000 0.000000 0.000000 0.000000 0.000000 0.000000 0.000000 0.000000 0.000000 0.000000 0.000000 0.000000 0.000000 0.000000 0.000000 0.000000 0.000000 0.000000 0.000000 0.000000 0.000000 0.000000 0.000000 0.000000 0.000000 0.000000 0.000000 0.000000 0.000000 0.000000 0.000000 0.000000 0.000000 0.000000 0.000000 0.000000 0.000000 0.000000 0.000000 0.000000 0.000000 0.000000 0.000000 0.000000 0.000000 0.000000 0.000000 0.000000 0.000000 0.000000 0.000000 0.000000 0.000000 0.000000 0.000000 0.000000 0.000000 0.000000 0.000000 0.000000 0.000000 0.000000 0.000000 0.000000 0.000000 0.000000 0.000000 0.000000 0.000000 0.000000 0.000000 0.000000 0.000000 0.000000 0.000000 0.000000 0.000000 0.000000 
0.000000 0.000000 0.000000 0.000000 0.000000 0.000000 0.000000 0.000000 0.000000 0.000000 0.000000 0.000000 0.000000 0.000000 0.000000 0.000000 0.000000 0.000000 0.000000 0.000000 0.000000 0.000000 0.000000 0.000000 0.000000 0.000000 0.000000 0.000000 0.000000 0.000000 0.000000 0.000000 0.000000 0.000000 0.000000 0.000000 0.000000 0.000000 0.000000 0.000000 0.000000 0.000000 0.000000 0.000000 0.000000 0.000000 0.000000 0.000000 0.000000 0.000000 0.000000 0.000000 0.000000 0.000000 0.000000 0.000000 0.000000 0.000000 0.000000 0.000000 0.000000 0.000000 0.000000 0.000000 0.000000 0.000000 0.000000 0.000000 0.000000 0.000000 0.000000 0.000000 0.000000 0.000000 0.000000 0.000000 0.000000 0.000000 0.000000 0.000000 0.000000 0.000000 0.000000 0.000000 0.000000 0.000000 0.000000 0.000000 0.000000 0.000000 0.000000 0.000000 0.000000 0.000000 0.000000 0.000000 0.000000 0.000000 0.000000 0.000000 
0.000000 0.000000 0.000000 0.000000 0.000000 0.000000 0.000000 0.000000 0.000000 0.000000 0.000000 0.000000 0.000000 0.000000 0.000000 0.000000 0.000000 0.000000 0.000000 0.000000 0.000000 0.000000 0.000000 0.000000 0.000000 0.000000 0.000000 0.000000 0.000000 0.000000 0.000000 0.000000 0.000000 0.000000 0.000000 0.000000 0.000000 0.000000 0.000000 0.000000 0.000000 0.000000 0.000000 0.000000 0.000000 0.000000 0.000000 0.000000 0.000000 0.000000 0.000000 0.000000 0.000000 0.000000 0.000000 0.000000 0.000000 0.000000 0.000000 0.000000 0.000000 0.000000 0.000000 0.000000 0.000000 0.000000 0.000000 0.000000 0.000000 0.000000 0.000000 0.000000 0.000000 0.000000 0.000000 0.000000 0.000000 0.000000 0.000000 0.000000 0.000000 0.000000 0.000000 0.000000 0.000000 0.000000 0.000000 0.000000 0.000000 0.000000 0.000000 0.000000 0.000000 0.000000 0.000000 0.000000 0.000000 0.000000 0.000000 0.000000 
0.000000 0.000000 0.000000 0.000000 0.000000 0.000000 0.000000 0.000000 0.000000 0.000000 0.000000 0.000000 0.000000 0.000000 0.000000 0.000000 0.000000 0.000000 0.000000 0.000000 0.000000 0.000000 0.000000 0.000000 0.000000 0.000000 0.000000 0.000000 0.000000 0.000000 0.000000 0.000000 0.000000 0.000000 0.000000 0.000000 0.000000 0.000000 0.000000 0.000000 0.000000 0.000000 0.000000 0.000000 0.000000 0.000000 0.000000 0.000000 0.000000 0.000000 0.000000 0.000000 0.000000 0.000000 0.000000 0.000000 0.000000 0.000000 0.000000 0.000000 0.000000 0.000000 0.000000 0.000000 0.000000 0.000000 0.000000 0.000000 0.000000 0.000000 0.000000 0.000000 0.000000 0.000000 0.000000 0.000000 0.000000 0.000000 0.000000 0.000000 0.000000 0.000000 0.000000 0.000000 0.000000 0.000000 0.000000 0.000000 0.000000 0.000000 0.000000 0.000000 0.000000 0.000000 0.000000 0.000000 0.000000 0.000000 0.000000 0.000000 
0.000000 0.000000 0.000000 0.000000 0.000000 0.000000 0.000000 0.000000 0.000000 0.000000 0.000000 0.000000 0.000000 0.000000 0.000000 0.000000 0.000000 0.000000 0.000000 0.000000 0.000000 0.000000 0.000000 0.000000 0.000000 0.000000 0.000000 0.000000 0.000000 0.000000 0.000000 0.000000 0.000000 0.000000 0.000000 0.000000 0.000000 0.000000 0.000000 0.000000 0.000000 0.000000 0.000000 0.000000 0.000000 0.000000 0.000000 0.000000 0.000000 0.000000 0.000000 0.000000 0.000000 0.000000 0.000000 0.000000 0.000000 0.000000 0.000000 0.000000 0.000000 0.000000 0.000000 0.000000 0.000000 0.000000 0.000000 0.000000 0.000000 0.000000 0.000000 0.000000 0.000000 0.000000 0.000000 0.000000 0.000000 0.000000 0.000000 0.000000 0.000000 0.000000 0.000000 0.000000 0.000000 0.000000 0.000000 0.000000 0.000000 0.000000 0.000000 0.000000 0.000000 0.000000 0.000000 0.000000 0.000000 0.000000 0.000000 0.000000 
0.000000 0.000000 0.000000 0.000000 0.000000 0.000000 0.000000 0.000000 0.000000 0.000000 0.000000 0.000000 0.000000 0.000000 0.000000 0.000000 0.000000 0.000000 0.000000 0.000000 0.000000 0.000000 0.000000 0.000000 0.000000 0.000000 0.000000 0.000000 0.000000 0.000000 0.000000 0.000000 0.000000 0.000000 0.000000 0.000000 0.000000 0.000000 0.000000 0.000000 0.000000 0.000000 0.000000 0.000000 0.000000 0.000000 0.000000 0.000000 0.000000 0.000000 0.000000 0.000000 0.000000 0.000000 0.000000 0.000000 0.000000 0.000000 0.000000 0.000000 0.000000 0.000000 0.000000 0.000000 0.000000 0.000000 0.000000 0.000000 0.000000 0.000000 0.000000 0.000000 0.000000 0.000000 0.000000 0.000000 0.000000 0.000000 0.000000 0.000000 0.000000 0.000000 0.000000 0.000000 0.000000 0.000000 0.000000 0.000000 0.000000 0.000000 0.000000 0.000000 0.000000 0.000000 0.000000 0.000000 0.000000 0.000000 0.000000 0.000000 
0.000000 0.000000 0.000000 0.000000 0.000000 0.000000 0.000000 0.000000 0.000000 0.000000 0.000000 0.000000 0.000000 0.000000 0.000000 0.000000 0.000000 0.000000 0.000000 0.000000 0.000000 0.000000 0.000000 0.000000 0.000000 0.000000 0.000000 0.000000 0.000000 0.000000 0.000000 0.000000 0.000000 0.000000 0.000000 0.000000 0.000000 0.000000 0.000000 0.000000 0.000000 0.000000 0.000000 0.000000 0.000000 0.000000 0.000000 0.000000 0.000000 0.000000 0.000000 0.000000 0.000000 0.000000 0.000000 0.000000 0.000000 0.000000 0.000000 0.000000 0.000000 0.000000 0.000000 0.000000 0.000000 0.000000 0.000000 0.000000 0.000000 0.000000 0.000000 0.000000 0.000000 0.000000 0.000000 0.000000 0.000000 0.000000 0.000000 0.000000 0.000000 0.000000 0.000000 0.000000 0.000000 0.000000 0.000000 0.000000 0.000000 0.000000 0.000000 0.000000 0.000000 0.000000 0.000000 0.000000 0.000000 0.000000 0.000000 0.000000 
0.000000 0.000000 0.000000 0.000000 0.000000 0.000000 0.000000 0.000000 0.000000 0.000000 0.000000 0.000000 0.000000 0.000000 0.000000 0.000000 0.000000 0.000000 0.000000 0.000000 0.000000 0.000000 0.000000 0.000000 0.000000 0.000000 0.000000 0.000000 0.000000 0.000000 0.000000 0.000000 0.000000 0.000000 0.000000 0.000000 0.000000 0.000000 0.000000 0.000000 0.000000 0.000000 0.000000 0.000000 0.000000 0.000000 0.000000 0.000000 0.000000 0.000000 0.000000 0.000000 0.000000 0.000000 0.000000 0.000000 0.000000 0.000000 0.000000 0.000000 0.000000 0.000000 0.000000 0.000000 0.000000 0.000000 0.000000 0.000000 0.000000 0.000000 0.000000 0.000000 0.000000 0.000000 0.000000 0.000000 0.000000 0.000000 0.000000 0.000000 0.000000 0.000000 0.000000 0.000000 0.000000 0.000000 0.000000 0.000000 0.000000 0.000000 0.000000 0.000000 0.000000 0.000000 0.000000 0.000000 0.000000 0.000000 0.000000 0.000000 
0.000000 0.000000 0.000000 0.000000 0.000000 0.000000 0.000000 0.000000 0.000000 0.000000 0.000000 0.000000 0.000000 0.000000 0.000000 0.000000 0.000000 0.000000 0.000000 0.000000 0.000000 0.000000 0.000000 0.000000 0.000000 0.000000 0.000000 0.000000 0.000000 0.000000 0.000000 0.000000 0.000000 0.000000 0.000000 0.000000 0.000000 0.000000 0.000000 0.000000 0.000000 0.000000 0.000000 0.000000 0.000000 0.000000 0.000000 0.000000 0.000000 0.000000 0.000000 0.000000 0.000000 0.000000 0.000000 0.000000 0.000000 0.000000 0.000000 0.000000 0.000000 0.000000 0.000000 0.000000 0.000000 0.000000 0.000000 0.000000 0.000000 0.000000 0.000000 0.000000 0.000000 0.000000 0.000000 0.000000 0.000000 0.000000 0.000000 0.000000 0.000000 0.000000 0.000000 0.000000 0.000000 0.000000 0.000000 0.000000 0.000000 0.000000 0.000000 0.000000 0.000000 0.000000 0.000000 0.000000 0.000000 0.000000 0.000000 0.000000 
0.000000 0.000000 0.000000 0.000000 0.000000 0.000000 0.000000 0.000000 0.000000 0.000000 0.000000 0.000000 0.000000 0.000000 0.000000 0.000000 0.000000 0.000000 0.000000 0.000000 0.000000 0.000000 0.000000 0.000000 0.000000 0.000000 0.000000 0.000000 0.000000 0.000000 0.000000 0.000000 0.000000 0.000000 0.000000 0.000000 0.000000 0.000000 0.000000 0.000000 0.000000 0.000000 0.000000 0.000000 0.000000 0.000000 0.000000 0.000000 0.000000 0.000000 0.000000 0.000000 0.000000 0.000000 0.000000 0.000000 0.000000 0.000000 0.000000 0.000000 0.000000 0.000000 0.000000 0.000000 0.000000 0.000000 0.000000 0.000000 0.000000 0.000000 0.000000 0.000000 0.000000 0.000000 0.000000 0.000000 0.000000 0.000000 0.000000 0.000000 0.000000 0.000000 0.000000 0.000000 0.000000 0.000000 0.000000 0.000000 0.000000 0.000000 0.000000 0.000000 0.000000 0.000000 0.000000 0.000000 0.000000 0.000000 0.000000 0.000000 
0.000000 0.000000 0.000000 0.000000 0.000000 0.000000 0.000000 0.000000 0.000000 0.000000 0.000000 0.000000 0.000000 0.000000 0.000000 0.000000 0.000000 0.000000 0.000000 0.000000 0.000000 0.000000 0.000000 0.000000 0.000000 0.000000 0.000000 0.000000 0.000000 0.000000 0.000000 0.000000 0.000000 0.000000 0.000000 0.000000 0.000000 0.000000 0.000000 0.000000 0.000000 0.000000 0.000000 0.000000 0.000001 0.000001 0.000001 0.000001 0.000001 0.000001 0.000001 0.000001 0.000001 0.000001 0.000001 0.000001 0.000001 0.000000 0.000000 0.000000 0.000000 0.000000 0.000000 0.000000 0.000000 0.000000 0.000000 0.000000 0.000000 0.000000 0.000000 0.000000 0.000000 0.000000 0.000000 0.000000 0.000000 0.000000 0.000000 0.000000 0.000000 0.000000 0.000000 0.000000 0.000000 0.000000 0.000000 0.000000 0.000000 0.000000 0.000000 0.000000 0.000000 0.000000 0.000000 0.000000 0.000000 0.000000 0.000000 0.000000 
0.000000 0.000000 0.000000 0.000000 0.000000 0.000000 0.000000 0.000000 0.000000 0.000000 0.000000 0.000000 0.000000 0.000000 0.000000 0.000000 0.000000 0.000000 0.000000 0.000000 0.000000 0.000000 0.000000 0.000000 0.000000 0.000000 0.000000 0.000000 0.000000 0.000000 0.000000 0.000000 0.000000 0.000000 0.000000 0.000000 0.000000 0.000000 0.000000 0.000000 0.000001 0.000001 0.000001 0.000001 0.000002 0.000002 0.000002 0.000003 0.000003 0.000003 0.000003 0.000003 0.000003 0.000003 0.000002 0.000002 0.000002 0.000001 0.000001 0.000001 0.000001 0.000000 0.000000 0.000000 0.000000 0.000000 0.000000 0.000000 0.000000 0.000000 0.000000 0.000000 0.000000 0.000000 0.000000 0.000000 0.000000 0.000000 0.000000 0.000000 0.000000 0.000000 0.000000 0.000000 0.000000 0.000000 0.000000 0.000000 0.000000 0.000000 0.000000 0.000000 0.000000 0.000000 0.000000 0.000000 0.000000 0.000000 0.000000 0.000000 
0.000000 0.000000 0.000000 0.000000 0.000000 0.000000 0.000000 0.000000 0.000000 0.000000 0.000000 0.000000 0.000000 0.000000 0.000000 0.000000 0.000000 0.000000 0.000000 0.000000 0.000000 0.000000 0.000000 0.000000 0.000000 0.000000 0.000000 0.000000 0.000000 0.000000 0.000000 0.000000 0.000000 0.000000 0.000000 0.000000 0.000000 0.000000 0.000001 0.000001 0.000002 0.000002 0.000003 0.000004 0.000004 0.000005 0.000006 0.000007 0.000007 0.000008 0.000008 0.000008 0.000007 0.000007 0.000006 0.000005 0.000004 0.000004 0.000003 0.000002 0.000002 0.000001 0.000001 0.000000 0.000000 0.000000 0.000000 0.000000 0.000000 0.000000 0.000000 0.000000 0.000000 0.000000 0.000000 0.000000 0.000000 0.000000 0.000000 0.000000 0.000000 0.000000 0.000000 0.000000 0.000000 0.000000 0.000000 0.000000 0.000000 0.000000 0.000000 0.000000 0.000000 0.000000 0.000000 0.000000 0.000000 0.000000 0.000000 0.000000 
0.000000 0.000000 0.000000 0.000000 0.000000 0.000000 0.000000 0.000000 0.000000 0.000000 0.000000 0.000000 0.000000 0.000000 0.000000 0.000000 0.000000 0.000000 0.000000 0.000000 0.000000 0.000000 0.000000 0.000000 0.000000 0.000000 0.000000 0.000000 0.000000 0.000000 0.000000 0.000000 0.000000 0.000000 0.000000 0.000001 0.000001 0.000001 0.000002 0.000003 0.000004 0.000006 0.000007 0.000009 0.000012 0.000014 0.000016 0.000018 0.000020 0.000021 0.000021 0.000021 0.000020 0.000018 0.000016 0.000014 0.000012 0.000009 0.000007 0.000006 0.000004 0.000003 0.000002 0.000001 0.000001 0.000001 0.000000 0.000000 0.000000 0.000000 0.000000 0.000000 0.000000 0.000000 0.000000 0.000000 0.000000 0.000000 0.000000 0.000000 0.000000 0.000000 0.000000 0.000000 0.000000 0.000000 0.000000 0.000000 0.000000 0.000000 0.000000 0.000000 0.000000 0.000000 0.000000 0.000000 0.000000 0.000000 0.000000 0.000000 
0.000000 0.000000 0.000000 0.000000 0.000000 0.000000 0.000000 0.000000 0.000000 0.000000 0.000000 0.000000 0.000000 0.000000 0.000000 0.000000 0.000000 0.000000 0.000000 0.000000 0.000000 0.000000 0.000000 0.000000 0.000000 0.000000 0.000000 0.000000 0.000000 0.000000 0.000000 0.000000 0.000000 0.000000 0.000001 0.000001 0.000002 0.000003 0.000005 0.000008 0.000011 0.000015 0.000019 0.000025 0.000031 0.000037 0.000043 0.000048 0.000052 0.000055 0.000056 0.000055 0.000052 0.000048 0.000043 0.000037 0.000031 0.000025 0.000019 0.000015 0.000011 0.000008 0.000005 0.000003 0.000002 0.000001 0.000001 0.000000 0.000000 0.000000 0.000000 0.000000 0.000000 0.000000 0.000000 0.000000 0.000000 0.000000 0.000000 0.000000 0.000000 0.000000 0.000000 0.000000 0.000000 0.000000 0.000000 0.000000 0.000000 0.000000 0.000000 0.000000 0.000000 0.000000 0.000000 0.000000 0.000000 0.000000 0.000000 0.000000 
0.000000 0.000000 0.000000 0.000000 0.000000 0.000000 0.000000 0.000000 0.000000 0.000000 0.000000 0.000000 0.000000 0.000000 0.000000 0.000000 0.000000 0.000000 0.000000 0.000000 0.000000 0.000000 0.000000 0.000000 0.000000 0.000000 0.000000 0.000000 0.000000 0.000000 0.000000 0.000000 0.000001 0.000001 0.000002 0.000004 0.000006 0.000009 0.000013 0.000019 0.000027 0.000037 0.000049 0.000063 0.000078 0.000093 0.000108 0.000121 0.000132 0.000139 0.000141 0.000139 0.000132 0.000121 0.000108 0.000093 0.000078 0.000063 0.000049 0.000037 0.000027 0.000019 0.000013 0.000009 0.000006 0.000004 0.000002 0.000001 0.000001 0.000000 0.000000 0.000000 0.000000 0.000000 0.000000 0.000000 0.000000 0.000000 0.000000 0.000000 0.000000 0.000000 0.000000 0.000000 0.000000 0.000000 0.000000 0.000000 0.000000 0.000000 0.000000 0.000000 0.000000 0.000000 0.000000 0.000000 0.000000 0.000000 0.000000 0.000000 
0.000000 0.000000 0.000000 0.000000 0.000000 0.000000 0.000000 0.000000 0.000000 0.000000 0.000000 0.000000 0.000000 0.000000 0.000000 0.000000 0.000000 0.000000 0.000000 0.000000 0.000000 0.000000 0.000000 0.000000 0.000000 0.000000 0.000000 0.000000 0.000000 0.000000 0.000001 0.000001 0.000002 0.000003 0.000005 0.000009 0.000014 0.000022 0.000033 0.000048 0.000068 0.000093 0.000122 0.000156 0.000193 0.000231 0.000268 0.000300 0.000326 0.000342 0.000348 0.000342 0.000326 0.000300 0.000268 0.000231 0.000193 0.000156 0.000122 0.000093 0.000068 0.000048 0.000033 0.000022 0.000014 0.000009 0.000005 0.000003 0.000002 0.000001 0.000001 0.000000 0.000000 0.000000 0.000000 0.000000 0.000000 0.000000 0.000000 0.000000 0.000000 0.000000 0.000000 0.000000 0.000000 0.000000 0.000000 0.000000 0.000000 0.000000 0.000000 0.000000 0.000000 0.000000 0.000000 0.000000 0.000000 0.000000 0.000000 0.000000 
0.000000 0.000000 0.000000 0.000000 0.000000 0.000000 0.000000 0.000000 0.000000 0.000000 0.000000 0.000000 0.000000 0.000000 0.000000 0.000000 0.000000 0.000000 0.000000 0.000000 0.000000 0.000000 0.000000 0.000000 0.000000 0.000000 0.000000 0.000000 0.000000 0.000001 0.000001 0.000002 0.000004 0.000008 0.000013 0.000022 0.000035 0.000054 0.000081 0.000117 0.000165 0.000224 0.000295 0.000377 0.000466 0.000557 0.000645 0.000723 0.000784 0.000824 0.000837 0.000824 0.000784 0.000723 0.000645 0.000557 0.000466 0.000377 0.000295 0.000224 0.000165 0.000117 0.000081 0.000054 0.000035 0.000022 0.000013 0.000008 0.000004 0.000002 0.000001 0.000001 0.000000 0.000000 0.000000 0.000000 0.000000 0.000000 0.000000 0.000000 0.000000 0.000000 0.000000 0.000000 0.000000 0.000000 0.000000 0.000000 0.000000 0.000000 0.000000 0.000000 0.000000 0.000000 0.000000 0.000000 0.000000 0.000000 0.000000 0.000000 
0.000000 0.000000 0.000000 0.000000 0.000000 0.000000 0.000000 0.000000 0.000000 0.000000 0.000000 0.000000 0.000000 0.000000 0.000000 0.000000 0.000000 0.000000 0.000000 0.000000 0.000000 0.000000 0.000000 0.000000 0.000000 0.000000 0.000000 0.000000 0.000001 0.000002 0.000003 0.000006 0.000011 0.000019 0.000032 0.000052 0.000083 0.000128 0.000191 0.000277 0.000389 0.000528 0.000695 0.000886 0.001094 0.001307 0.001513 0.001695 0.001838 0.001930 0.001961 0.001930 0.001838 0.001695 0.001513 0.001307 0.001094 0.000886 0.000695 0.000528 0.000389 0.000277 0.000191 0.000128 0.000083 0.000052 0.000032 0.000019 0.000011 0.000006 0.000003 0.000002 0.000001 0.000000 0.000000 0.000000 0.000000 0.000000 0.000000 0.000000 0.000000 0.000000 0.000000 0.000000 0.000000 0.000000 0.000000 0.000000 0.000000 0.000000 0.000000 0.000000 0.000000 0.000000 0.000000 0.000000 0.000000 0.000000 0.000000 0.000000 
0.000000 0.000000 0.000000 0.000000 0.000000 0.000000 0.000000 0.000000 0.000000 0.000000 0.000000 0.000000 0.000000 0.000000 0.000000 0.000000 0.000000 0.000000 0.000000 0.000000 0.000000 0.000000 0.000000 0.000000 0.000000 0.000000 0.000000 0.000001 0.000002 0.000004 0.000008 0.000014 0.000025 0.000044 0.000074 0.000121 0.000192 0.000295 0.000441 0.000637 0.000893 0.001212 0.001593 0.002028 0.002501 0.002987 0.003454 0.003868 0.004193 0.004401 0.004473 0.004401 0.004193 0.003868 0.003454 0.002987 0.002501 0.002028 0.001593 0.001212 0.000893 0.000637 0.000441 0.000295 0.000192 0.000121 0.000074 0.000044 0.000025 0.000014 0.000008 0.000004 0.000002 0.000001 0.000000 0.000000 0.000000 0.000000 0.000000 0.000000 0.000000 0.000000 0.000000 0.000000 0.000000 0.000000 0.000000 0.000000 0.000000 0.000000 0.000000 0.000000 0.000000 0.000000 0.000000 0.000000 0.000000 0.000000 0.000000 0.000000 
0.000000 0.000000 0.000000 0.000000 0.000000 0.000000 0.000000 0.000000 0.000000 0.000000 0.000000 0.000000 0.000000 0.000000 0.000000 0.000000 0.000000 0.000000 0.000000 0.000000 0.000000 0.000000 0.000000 0.000000 0.000000 0.000001 0.000001 0.000002 0.000005 0.000009 0.000017 0.000032 0.000057 0.000099 0.000167 0.000273 0.000432 0.000664 0.000989 0.001427 0.001997 0.002706 0.003553 0.004519 0.005567 0.006643 0.007677 0.008592 0.009312 0.009772 0.009931 0.009772 0.009312 0.008592 0.007677 0.006643 0.005567 0.004519 0.003553 0.002706 0.001997 0.001427 0.000989 0.000664 0.000432 0.000273 0.000167 0.000099 0.000057 0.000032 0.000017 0.000009 0.000005 0.000002 0.000001 0.000001 0.000000 0.000000 0.000000 0.000000 0.000000 0.000000 0.000000 0.000000 0.000000 0.000000 0.000000 0.000000 0.000000 0.000000 0.000000 0.000000 0.000000 0.000000 0.000000 0.000000 0.000000 0.000000 0.000000 0.000000 
0.000000 0.000000 0.000000 0.000000 0.000000 0.000000 0.000000 0.000000 0.000000 0.000000 0.000000 0.000000 0.000000 0.000000 0.000000 0.000000 0.000000 0.000000 0.000000 0.000000 0.000000 0.000000 0.000000 0.000000 0.000001 0.000001 0.000002 0.000005 0.000010 0.000020 0.000038 0.000070 0.000126 0.000218 0.000367 0.000598 0.000947 0.001452 0.002159 0.003111 0.004345 0.005880 0.007712 0.009798 0.012061 0.014381 0.016608 0.018578 0.020127 0.021118 0.021459 0.021118 0.020127 0.018578 0.016608 0.014381 0.012061 0.009798 0.007712 0.005880 0.004345 0.003111 0.002159 0.001452 0.000947 0.000598 0.000367 0.000218 0.000126 0.000070 0.000038 0.000020 0.000010 0.000005 0.000002 0.000001 0.000001 0.000000 0.000000 0.000000 0.000000 0.000000 0.000000 0.000000 0.000000 0.000000 0.000000 0.000000 0.000000 0.000000 0.000000 0.000000 0.000000 0.000000 0.000000 0.000000 0.000000 0.000000 0.000000 0.000000 
0.000000 0.000000 0.000000 0.000000 0.000000 0.000000 0.000000 0.000000 0.000000 0.000000 0.000000 0.000000 0.000000 0.000000 0.000000 0.000000 0.000000 0.000000 0.000000 0.000000 0.000000 0.000000 0.000000 0.000001 0.000001 0.000003 0.000005 0.000011 0.000022 0.000044 0.000083 0.000152 0.000270 0.000468 0.000785 0.001278 0.002017 0.003088 0.004583 0.006595 0.009198 0.012433 0.016286 0.020672 0.025423 0.030290 0.034961 0.039089 0.042334 0.044410 0.045124 0.044410 0.042334 0.039089 0.034961 0.030290 0.025423 0.020672 0.016286 0.012433 0.009198 0.006595 0.004583 0.003088 0.002017 0.001278 0.000785 0.000468 0.000270 0.000152 0.000083 0.000044 0.000022 0.000011 0.000005 0.000003 0.000001 0.000001 0.000000 0.000000 0.000000 0.000000 0.000000 0.000000 0.000000 0.000000 0.000000 0.000000 0.000000 0.000000 0.000000 0.000000 0.000000 0.000000 0.000000 0.000000 0.000000 0.000000 0.000000 0.000000 
0.000000 0.000000 0.000000 0.000000 0.000000 0.000000 0.000000 0.000000 0.000000 0.000000 0.000000 0.000000 0.000000 0.000000 0.000000 0.000000 0.000000 0.000000 0.000000 0.000000 0.000000 0.000000 0.000000 0.000001 0.000002 0.000005 0.000011 0.000024 0.000047 0.000092 0.000173 0.000318 0.000565 0.000975 0.001632 0.002652 0.004179 0.006387 0.009465 0.013599 0.018940 0.025571 0.033460 0.042429 0.052135 0.062072 0.071602 0.080019 0.086634 0.090863 0.092319 0.090863 0.086634 0.080019 0.071602 0.062072 0.052135 0.042429 0.033460 0.025571 0.018940 0.013599 0.009465 0.006387 0.004179 0.002652 0.001632 0.000975 0.000565 0.000318 0.000173 0.000092 0.000047 0.000024 0.000011 0.000005 0.000002 0.000001 0.000000 0.000000 0.000000 0.000000 0.000000 0.000000 0.000000 0.000000 0.000000 0.000000 0.000000 0.000000 0.000000 0.000000 0.000000 0.000000 0.000000 0.000000 0.000000 0.000000 0.000000 0.000000 
0.000000 0.000000 0.000000 0.000000 0.000000 0.000000 0.000000 0.000000 0.000000 0.000000 0.000000 0.000000 0.000000 0.000000 0.000000 0.000000 0.000000 0.000000 0.000000 0.000000 0.000000 0.000000 0.000001 0.000002 0.000005 0.000011 0.000024 0.000048 0.000097 0.000188 0.000353 0.000646 0.001147 0.001975 0.003301 0.005352 0.008419 0.012846 0.019007 0.027269 0.037932 0.051151 0.066859 0.084702 0.103995 0.123730 0.142646 0.159346 0.172464 0.180849 0.183735 0.180849 0.172464 0.159346 0.142646 0.123730 0.103995 0.084702 0.066859 0.051151 0.037932 0.027269 0.019007 0.012846 0.008419 0.005352 0.003301 0.001975 0.001147 0.000646 0.000353 0.000188 0.000097 0.000048 0.000024 0.000011 0.000005 0.000002 0.000001 0.000000 0.000000 0.000000 0.000000 0.000000 0.000000 0.000000 0.000000 0.000000 0.000000 0.000000 0.000000 0.000000 0.000000 0.000000 0.000000 0.000000 0.000000 0.000000 0.000000 0.000000 
0.000000 0.000000 0.000000 0.000000 0.000000 0.000000 0.000000 0.000000 0.000000 0.000000 0.000000 0.000000 0.000000 0.000000 0.000000 0.000000 0.000000 0.000000 0.000000 0.000000 0.000000 0.000001 0.000002 0.000005 0.000010 0.000022 0.000047 0.000097 0.000193 0.000373 0.000700 0.001278 0.002263 0.003889 0.006487 0.010501 0.016489 0.025118 0.037110 0.053170 0.073868 0.099497 0.129921 0.164445 0.201742 0.239869 0.276391 0.308618 0.333923 0.350096 0.355660 0.350096 0.333923 0.308618 0.276391 0.239869 0.201742 0.164445 0.129921 0.099497 0.073868 0.053170 0.037110 0.025118 0.016489 0.010501 0.006487 0.003889 0.002263 0.001278 0.000700 0.000373 0.000193 0.000097 0.000047 0.000022 0.000010 0.000005 0.000002 0.000001 0.000000 0.000000 0.000000 0.000000 0.000000 0.000000 0.000000 0.000000 0.000000 0.000000 0.000000 0.000000 0.000000 0.000000 0.000000 0.000000 0.000000 0.000000 0.000000 0.000000 
0.000000 0.000000 0.000000 0.000000 0.000000 0.000000 0.000000 0.000000 0.000000 0.000000 0.000000 0.000000 0.000000 0.000000 0.000000 0.000000 0.000000 0.000000 0.000000 0.000000 0.000001 0.000002 0.000004 0.000009 0.000020 0.000044 0.000092 0.000188 0.000373 0.000720 0.001349 0.002455 0.004338 0.007442 0.012392 0.020022 0.031390 0.047742 0.070435 0.100785 0.139851 0.188168 0.245467 0.310428 0.380551 0.452184 0.520762 0.581247 0.628725 0.659062 0.669498 0.659062 0.628725 0.581247 0.520762 0.452184 0.380551 0.310428 0.245467 0.188168 0.139851 0.100785 0.070435 0.047742 0.031390 0.020022 0.012392 0.007442 0.004338 0.002455 0.001349 0.000720 0.000373 0.000188 0.000092 0.000044 0.000020 0.000009 0.000004 0.000002 0.000001 0.000000 0.000000 0.000000 0.000000 0.000000 0.000000 0.000000 0.000000 0.000000 0.000000 0.000000 0.000000 0.000000 0.000000 0.000000 0.000000 0.000000 0.000000 0.000000 
0.000000 0.000000 0.000000 0.000000 0.000000 0.000000 0.000000 0.000000 0.000000 0.000000 0.000000 0.000000 0.000000 0.000000 0.000000 0.000000 0.000000 0.000000 0.000000 0.000001 0.000001 0.000003 0.000008 0.000017 0.000038 0.000083 0.000173 0.000353 0.000700 0.001349 0.002523 0.004582 0.008081 0.013837 0.022998 0.037098 0.058069 0.088192 0.129936 0.185691 0.257373 0.345933 0.450852 0.569698 0.697889 0.828755 0.953970 1.064359 1.150982 1.206319 1.225352 1.206319 1.150982 1.064359 0.953970 0.828755 0.697889 0.569698 0.450852 0.345933 0.257373 0.185691 0.129936 0.088192 0.058069 0.037098 0.022998 0.013837 0.008081 0.004582 0.002523 0.001349 0.000700 0.000353 0.000173 0.000083 0.000038 0.000017 0.000008 0.000003 0.000001 0.000001 0.000000 0.000000 0.000000 0.000000 0.000000 0.000000 0.000000 0.000000 0.000000 0.000000 0.000000 0.000000 0.000000 0.000000 0.000000 0.000000 0.000000 0.000000 
0.000000 0.000000 0.000000 0.000000 0.000000 0.000000 0.000000 0.000000 0.000000 0.000000 0.000000 0.000000 0.000000 0.000000 0.000000 0.000000 0.000000 0.000000 0.000000 0.000001 0.000002 0.000006 0.000014 0.000032 0.000070 0.000152 0.000318 0.000646 0.001278 0.002455 0.004582 0.008306 0.014622 0.024992 0.041467 0.066784 0.104381 0.158305 0.232934 0.332489 0.460336 0.618122 0.804879 1.016249 1.244074 1.476505 1.698783 1.894662 2.048319 2.146459 2.180211 2.146459 2.048319 1.894662 1.698783 1.476505 1.244074 1.016249 0.804879 0.618122 0.460336 0.332489 0.232934 0.158305 0.104381 0.066784 0.041467 0.024992 0.014622 0.008306 0.004582 0.002455 0.001278 0.000646 0.000318 0.000152 0.000070 0.000032 0.000014 0.000006 0.000002 0.000001 0.000000 0.000000 0.000000 0.000000 0.000000 0.000000 0.000000 0.000000 0.000000 0.000000 0.000000 0.000000 0.000000 0.000000 0.000000 0.000000 0.000000 0.000000 
0.000000 0.000000 0.000000 0.000000 0.000000 0.000000 0.000000 0.000000 0.000000 0.000000 0.000000 0.000000 0.000000 0.000000 0.000000 0.000000 0.000000 0.000000 0.000001 0.000002 0.000004 0.000011 0.000025 0.000057 0.000126 0.000270 0.000565 0.001147 0.002263 0.004338 0.008081 0.014622 0.025694 0.043841 0.072626 0.116788 0.182277 0.276077 0.405727 0.578476 0.800076 1.073301 1.396403 1.761800 2.155366 2.556650 2.940215 3.278089 3.543056 3.712254 3.770438 3.712254 3.543056 3.278089 2.940215 2.556650 2.155366 1.761800 1.396403 1.073301 0.800076 0.578476 0.405727 0.276077 0.182277 0.116788 0.072626 0.043841 0.025694 0.014622 0.008081 0.004338 0.002263 0.001147 0.000565 0.000270 0.000126 0.000057 0.000025 0.000011 0.000004 0.000002 0.000001 0.000000 0.000000 0.000000 0.000000 0.000000 0.000000 0.000000 0.000000 0.000000 0.000000 0.000000 0.000000 0.000000 0.000000 0.000000 0.000000 0.000000 
0.000000 0.000000 0.000000 0.000000 0.000000 0.000000 0.000000 0.000000 0.000000 0.000000 0.000000 0.000000 0.000000 0.000000 0.000000 0.000000 0.000000 0.000000 0.000001 0.000003 0.000008 0.000019 0.000044 0.000099 0.000218 0.000468 0.000975 0.001975 0.003889 0.007442 0.013837 0.024992 0.043841 0.074685 0.123533 0.198365 0.309181 0.467697 0.686532 0.977787 1.351022 1.810777 2.353999 2.967868 3.628626 4.301960 4.945258 5.511711 5.955808 6.239338 6.336829 6.239338 5.955808 5.511711 4.945258 4.301960 3.628626 2.967868 2.353999 1.810777 1.351022 0.977787 0.686532 0.467697 0.309181 0.198365 0.123533 0.074685 0.043841 0.024992 0.013837 0.007442 0.003889 0.001975 0.000975 0.000468 0.000218 0.000099 0.000044 0.000019 0.000008 0.000003 0.000001 0.000000 0.000000 0.000000 0.000000 0.000000 0.000000 0.000000 0.000000 0.000000 0.000000 0.000000 0.000000 0.000000 0.000000 0.000000 0.000000 0.000000 
0.000000 0.000000 0.000000 0.000000 0.000000 0.000000 0.000000 0.000000 0.000000 0.000000 0.000000 0.000000 0.000000 0.000000 0.000000 0.000000 0.000000 0.000001 0.000002 0.000005 0.000013 0.000032 0.000074 0.000167 0.000367 0.000785 0.001632 0.003301 0.006487 0.012392 0.022998 0.041467 0.072626 0.123533 0.204036 0.327189 0.509323 0.769536 1.128355 1.605415 2.216159 2.967814 3.855221 4.857322 5.935295 7.033198 8.081655 9.004540 9.727884 10.189614 10.348365 10.189614 9.727884 9.004540 8.081655 7.033198 5.935295 4.857322 3.855221 2.967814 2.216159 1.605415 1.128355 0.769536 0.509323 0.327189 0.204036 0.123533 0.072626 0.041467 0.022998 0.012392 0.006487 0.003301 0.001632 0.000785 0.000367 0.000167 0.000074 0.000032 0.000013 0.000005 0.000002 0.000001 0.000000 0.000000 0.000000 0.000000 0.000000 0.000000 0.000000 0.000000 0.000000 0.000000 0.000000 0.000000 0.000000 0.000000 0.000000 0.000000 
0.000000 0.000000 0.000000 0.000000 0.000000 0.000000 0.000000 0.000000 0.000000 0.000000 0.000000 0.000000 0.000000 0.000000 0.000000 0.000000 0.000001 0.000001 0.000004 0.000009 0.000022 0.000052 0.000121 0.000273 0.000598 0.001278 0.002652 0.005352 0.010501 0.020022 0.037098 0.066784 0.116788 0.198365 0.327189 0.524005 0.814720 1.229582 1.801037 2.560047 3.530860 4.724665 6.133015 7.722324 9.430962 11.170311 12.830628 14.291600 15.436398 16.167031 16.418214 16.167031 15.436398 14.291600 12.830628 11.170311 9.430962 7.722324 6.133015 4.724665 3.530860 2.560047 1.801037 1.229582 0.814720 0.524005 0.327189 0.198365 0.116788 0.066784 0.037098 0.020022 0.010501 0.005352 0.002652 0.001278 0.000598 0.000273 0.000121 0.000052 0.000022 0.000009 0.000004 0.000001 0.000001 0.000000 0.000000 0.000000 0.000000 0.000000 0.000000 0.000000 0.000000 0.000000 0.000000 0.000000 0.000000 0.000000 0.000000 0.000000 
0.000000 0.000000 0.000000 0.000000 0.000000 0.000000 0.000000 0.000000 0.000000 0.000000 0.000000 0.000000 0.000000 0.000000 0.000000 0.000000 0.000001 0.000002 0.000006 0.000014 0.000035 0.000083 0.000192 0.000432 0.000947 0.002017 0.004179 0.008419 0.016489 0.031390 0.058069 0.104381 0.182277 0.309181 0.509323 0.814720 1.265299 1.907594 2.791437 3.964265 5.463085 7.304738 9.475831 11.924351 14.555262 17.232196 19.786489 22.033393 23.793620 24.916854 25.302978 24.916854 23.793620 22.033393 19.786489 17.232196 14.555262 11.924351 9.475831 7.304738 5.463085 3.964265 2.791437 1.907594 1.265299 0.814720 0.509323 0.309181 0.182277 0.104381 0.058069 0.031390 0.016489 0.008419 0.004179 0.002017 0.000947 0.000432 0.000192 0.000083 0.000035 0.000014 0.000006 0.000002 0.000001 0.000000 0.000000 0.000000 0.000000 0.000000 0.000000 0.000000 0.000000 0.000000 0.000000 0.000000 0.000000 0.000000 0.000000 0.000000 
0.000000 0.000000 0.000000 0.000000 0.000000 0.000000 0.000000 0.000000 0.000000 0.000000 0.000000 0.000000 0.000000 0.000000 0.000000 0.000000 0.000001 0.000003 0.000009 0.000022 0.000054 0.000128 0.000295 0.000664 0.001452 0.003088 0.006387 0.012846 0.025118 0.047742 0.088192 0.158305 0.276077 0.467697 0.769536 1.229582 1.907594 2.873115 4.200486 5.960328 8.207523 10.966714 14.217338 17.881186 21.815933 25.817747 29.634817 32.991543 35.620625 37.298044 37.874633 37.298044 35.620625 32.991543 29.634817 25.817747 21.815933 17.881186 14.217338 10.966714 8.207523 5.960328 4.200486 2.873115 1.907594 1.229582 0.769536 0.467697 0.276077 0.158305 0.088192 0.047742 0.025118 0.012846 0.006387 0.003088 0.001452 0.000664 0.000295 0.000128 0.000054 0.000022 0.000009 0.000003 0.000001 0.000000 0.000000 0.000000 0.000000 0.000000 0.000000 0.000000 0.000000 0.000000 0.000000 0.000000 0.000000 0.000000 0.000000 0.000000 
0.000000 0.000000 0.000000 0.000000 0.000000 0.000000 0.000000 0.000000 0.000000 0.000000 0.000000 0.000000 0.000000 0.000000 0.000000 0.000001 0.000002 0.000005 0.000013 0.000033 0.000081 0.000191 0.000441 0.000989 0.002159 0.004583 0.009465 0.019007 0.037110 0.070435 0.129936 0.232934 0.405727 0.686532 1.128355 1.801037 2.791437 4.200486 6.135917 8.699853 11.971387 15.985582 20.711848 26.036028 31.751143 37.561294 43.101328 47.971895 51.785876 54.218958 55.055237 54.218958 51.785876 47.971895 43.101328 37.561294 31.751143 26.036028 20.711848 15.985582 11.971387 8.699853 6.135917 4.200486 2.791437 1.801037 1.128355 0.686532 0.405727 0.232934 0.129936 0.070435 0.037110 0.019007 0.009465 0.004583 0.002159 0.000989 0.000441 0.000191 0.000081 0.000033 0.000013 0.000005 0.000002 0.000001 0.000000 0.000000 0.000000 0.000000 0.000000 0.000000 0.000000 0.000000 0.000000 0.000000 0.000000 0.000000 0.000000 0.000000 
0.000000 0.000000 0.000000 0.000000 0.000000 0.000000 0.000000 0.000000 0.000000 0.000000 0.000000 0.000000 0.000000 0.000000 0.000000 0.000001 0.000003 0.000008 0.000019 0.000048 0.000117 0.000277 0.000637 0.001427 0.003111 0.006595 0.013599 0.027269 0.053170 0.100785 0.185691 0.332489 0.578476 0.977787 1.605415 2.560047 3.964265 5.960328 8.699853 12.326295 16.950398 22.620662 29.293006 36.805691 44.866465 53.058190 60.866620 67.729736 73.103001 76.530375 77.708331 76.530375 73.103001 67.729736 60.866620 53.058190 44.866465 36.805691 29.293006 22.620662 16.950398 12.326295 8.699853 5.960328 3.964265 2.560047 1.605415 0.977787 0.578476 0.332489 0.185691 0.100785 0.053170 0.027269 0.013599 0.006595 0.003111 0.001427 0.000637 0.000277 0.000117 0.000048 0.000019 0.000008 0.000003 0.000001 0.000000 0.000000 0.000000 0.000000 0.000000 0.000000 0.000000 0.000000 0.000000 0.000000 0.000000 0.000000 0.000000 0.000000 
0.000000 0.000000 0.000000 0.000000 0.000000 0.000000 0.000000 0.000000 0.000000 0.000000 0.000000 0.000000 0.000000 0.000000 0.000001 0.000002 0.000004 0.000011 0.000027 0.000068 0.000165 0.000389 0.000893 0.001997 0.004345 0.009198 0.018940 0.037932 0.073868 0.139851 0.257373 0.460336 0.800076 1.351022 2.216159 3.530860 5.463085 8.207523 11.971387 16.950398 23.295191 31.070992 40.216264 50.508607 61.547390 72.761633 83.448080 92.838626 100.189393 104.877589 106.488784 104.877589 100.189393 92.838626 83.448080 72.761633 61.547390 50.508607 40.216264 31.070992 23.295191 16.950398 11.971387 8.207523 5.463085 3.530860 2.216159 1.351022 0.800076 0.460336 0.257373 0.139851 0.073868 0.037932 0.018940 0.009198 0.004345 0.001997 0.000893 0.000389 0.000165 0.000068 0.000027 0.000011 0.000004 0.000002 0.000001 0.000000 0.000000 0.000000 0.000000 0.000000 0.000000 0.000000 0.000000 0.000000 0.000000 0.000000 0.000000 0.000000 
0.000000 0.000000 0.000000 0.000000 0.000000 0.000000 0.000000 0.000000 0.000000 0.000000 0.000000 0.000000 0.000000 0.000000 0.000001 0.000002 0.000006 0.000015 0.000037 0.000093 0.000224 0.000528 0.001212 0.002706 0.005880 0.012433 0.025571 0.051151 0.099497 0.188168 0.345933 0.618122 1.073301 1.810777 2.967814 4.724665 7.304738 10.966714 15.985582 22.620662 31.070992 41.421855 53.590025 67.278728 81.954842 96.859569 111.059102 123.534112 133.297815 139.524290 141.664035 139.524290 133.297815 123.534112 111.059102 96.859569 81.954842 67.278728 53.590025 41.421855 31.070992 22.620662 15.985582 10.966714 7.304738 4.724665 2.967814 1.810777 1.073301 0.618122 0.345933 0.188168 0.099497 0.051151 0.025571 0.012433 0.005880 0.002706 0.001212 0.000528 0.000224 0.000093 0.000037 0.000015 0.000006 0.000002 0.000001 0.000000 0.000000 0.000000 0.000000 0.000000 0.000000 0.000000 0.000000 0.000000 0.000000 0.000000 0.000000 0.000000 
0.000000 0.000000 0.000000 0.000000 0.000000 0.000000 0.000000 0.000000 0.000000 0.000000 0.000000 0.000000 0.000000 0.000000 0.000001 0.000003 0.000007 0.000019 0.000049 0.000122 0.000295 0.000695 0.001593 0.003553 0.007712 0.016286 0.033460 0.066859 0.129921 0.245467 0.450852 0.804879 1.396403 2.353999 3.855221 6.133015 9.475831 14.217338 20.711848 29.293006 40.216264 53.590025 69.305248 86.977658 105.918651 125.149302 143.465802 159.554763 172.145194 180.173569 182.932412 180.173569 172.145194 159.554763 143.465802 125.149302 105.918651 86.977658 69.305248 53.590025 40.216264 29.293006 20.711848 14.217338 9.475831 6.133015 3.855221 2.353999 1.396403 0.804879 0.450852 0.245467 0.129921 0.066859 0.033460 0.016286 0.007712 0.003553 0.001593 0.000695 0.000295 0.000122 0.000049 0.000019 0.000007 0.000003 0.000001 0.000000 0.000000 0.000000 0.000000 0.000000 0.000000 0.000000 0.000000 0.000000 0.000000 0.000000 0.000000 0.000000 
0.000000 0.000000 0.000000 0.000000 0.000000 0.000000 0.000000 0.000000 0.000000 0.000000 0.000000 0.000000 0.000000 0.000000 0.000001 0.000004 0.000009 0.000025 0.000063 0.000156 0.000377 0.000886 0.002028 0.004519 0.009798 0.020672 0.042429 0.084702 0.164445 0.310428 0.569698 1.016249 1.761800 2.967868 4.857322 7.722324 11.924351 17.881186 26.036028 36.805691 50.508607 67.278728 86.977658 109.122618 132.850367 156.935010 179.870025 200.012492 215.773041 225.822031 229.275088 225.822031 215.773041 200.012492 179.870025 156.935010 132.850367 109.122618 86.977658 67.278728 50.508607 36.805691 26.036028 17.881186 11.924351 7.722324 4.857322 2.967868 1.761800 1.016249 0.569698 0.310428 0.164445 0.084702 0.042429 0.020672 0.009798 0.004519 0.002028 0.000886 0.000377 0.000156 0.000063 0.000025 0.000009 0.000004 0.000001 0.000000 0.000000 0.000000 0.000000 0.000000 0.000000 0.000000 0.000000 0.000000 0.000000 0.000000 0.000000 0.000000 
