0.000000 0.000000 0.000000 0.000000 0.000000 0.000000 0.000000 0.000000 0.000000 0.000000 0.000000 0.000000 0.000000 0.000000 0.000000 0.000000 0.000000 0.000000 0.000000 0.000000 0.000000 0.000000 0.000000 0.000000 0.000000 0.000000 0.000000 0.000000 0.000000 0.000000 0.000000 0.000000 0.000000 0.000000 0.000000 0.000000 0.000000 0.000000 0.000000 0.000000 0.000000 0.000000 0.000000 0.000000 0.000000 0.000000 0.000000 0.000000 0.000000 0.000000 0.000000 0.000000 0.000000 0.000000 0.000000 0.000000 0.000000 0.000000 0.000000 0.000000 0.000000 0.000000 0.000000 0.000000 0.000000 0.000000 0.000000 0.000000 0.000000 0.000000 0.000000 0.000000 0.000000 0.000000 0.000000 0.000000 0.000000 0.000000 0.000000 0.000000 0.000000 0.000000 0.000000 0.000000 0.000000 0.000000 0.000000 0.000000 0.000000 0.000000 0.000000 0.000000 0.000000 0.000000 0.000000 0.000000 0.000000 0.000000 0.000000 0.000000 
0.000000 0.000000 0.000000 0.000000 0.000000 0.000000 0.000000 0.000000 0.000000 0.000000 0.000000 0.000000 0.000000 0.000000 0.000000 0.000000 0.000000 0.000000 0.000000 0.000000 0.000000 0.000000 0.000000 0.000000 0.000000 0.000001 0.000001 0.000001 0.000002 0.000002 0.000003 0.000004 0.000005 0.000006 0.000007 0.000009 0.000011 0.000013 0.000015 0.000018 0.000021 0.000023 0.000026 0.000029 0.000031 0.000034 0.000036 0.000037 0.000039 0.000039 0.000040 0.000039 0.000039 0.000037 0.000036 0.000034 0.000031 0.000029 0.000026 0.000023 0.000021 0.000018 0.000015 0.000013 0.000011 0.000009 0.000007 0.000006 0.000005 0.000004 0.000003 0.000002 0.000002 0.000001 0.000001 0.000001 0.000000 0.000000 0.000000 0.000000 0.000000 0.000000 0.000000 0.000000 0.000000 0.000000 0.000000 0.000000 0.000000 0.000000 0.000000 0.000000 0.000000 0.000000 0.000000 0.000000 0.000000 0.000000 0.000000 0.000000 
0.000000 0.000000 0.000000 0.000000 0.000000 0.000000 0.000000 0.000000 0.000000 0.000000 0.000000 0.000000 0.000000 0.000000 0.000000 0.000000 0.000000 0.000000 0.000000 0.000000 0.000000 0.000000 0.000001 0.000001 0.000001 0.000002 0.000002 0.000003 0.000004 0.000005 0.000007 0.000009 0.000011 0.000014 0.000017 0.000021 0.000026 0.000031 0.000036 0.000042 0.000048 0.000055 0.000061 0.000068 0.000074 0.000079 0.000084 0.000088 0.000091 0.000093 0.000094 0.000093 0.000091 0.000088 0.000084 0.000079 0.000074 0.000068 0.000061 0.000055 0.000048 0.000042 0.000036 0.000031 0.000026 0.000021 0.000017 0.000014 0.000011 0.000009 0.000007 0.000005 0.000004 0.000003 0.000002 0.000002 0.000001 0.000001 0.000001 0.000000 0.000000 0.000000 0.000000 0.000000 0.000000 0.000000 0.000000 0.000000 0.000000 0.000000 0.000000 0.000000 0.000000 0.000000 0.000000 0.000000 0.000000 0.000000 0.000000 0.000000 
0.000000 0.000000 0.000000 0.000000 0.000000 0.000000 0.000000 0.000000 0.000000 0.000000 0.000000 0.000000 0.000000 0.000000 0.000000 0.000000 0.000000 0.000000 0.000000 0.000000 0.000000 0.000001 0.000001 0.000001 0.000002 0.000003 0.000004 0.000006 0.000007 0.000010 0.000013 0.000017 0.000021 0.000027 0.000033 0.000041 0.000049 0.000059 0.000070 0.000081 0.000093 0.000106 0.000118 0.000130 0.000142 0.000153 0.000162 0.000170 0.000175 0.000179 0.000180 0.000179 0.000175 0.000170 0.000162 0.000153 0.000142 0.000130 0.000118 0.000106 0.000093 0.000081 0.000070 0.000059 0.000049 0.000041 0.000033 0.000027 0.000021 0.000017 0.000013 0.000010 0.000007 0.000006 0.000004 0.000003 0.000002 0.000001 0.000001 0.000001 0.000000 0.000000 0.000000 0.000000 0.000000 0.000000 0.000000 0.000000 0.000000 0.000000 0.000000 0.000000 0.000000 0.000000 0.000000 0.000000 0.000000 0.000000 0.000000 0.000000 
0.000000 0.000000 0.000000 0.000000 0.000000 0.000000 0.000000 0.000000 0.000000 0.000000 0.000000 0.000000 0.000000 0.000000 0.000000 0.000000 0.000000 0.000000 0.000000 0.000001 0.000001 0.000001 0.000002 0.000003 0.000004 0.000005 0.000007 0.000010 0.000014 0.000018 0.000024 0.000030 0.000039 0.000049 0.000061 0.000074 0.000090 0.000108 0.000127 0.000147 0.000169 0.000192 0.000214 0.000237 0.000258 0.000277 0.000294 0.000308 0.000318 0.000325 0.000327 0.000325 0.000318 0.000308 0.000294 0.000277 0.000258 0.000237 0.000214 0.000192 0.000169 0.000147 0.000127 0.000108 0.000090 0.000074 0.000061 0.000049 0.000039 0.000030 0.000024 0.000018 0.000014 0.000010 0.000007 0.000005 0.000004 0.000003 0.000002 0.000001 0.000001 0.000001 0.000000 0.000000 0.000000 0.000000 0.000000 0.000000 0.000000 0.000000 0.000000 0.000000 0.000000 0.000000 0.000000 0.000000 0.000000 0.000000 0.000000 0.000000 
0.000000 0.000000 0.000000 0.000000 0.000000 0.000000 0.000000 0.000000 0.000000 0.000000 0.000000 0.000000 0.000000 0.000000 0.000000 0.000000 0.000000 0.000000 0.000001 0.000001 0.000002 0.000002 0.000003 0.000005 0.000007 0.000010 0.000013 0.000018 0.000024 0.000032 0.000042 0.000054 0.000069 0.000087 0.000108 0.000132 0.000160 0.000191 0.000225 0.000262 0.000300 0.000340 0.000380 0.000420 0.000457 0.000492 0.000522 0.000546 0.000564 0.000576 0.000579 0.000576 0.000564 0.000546 0.000522 0.000492 0.000457 0.000420 0.000380 0.000340 0.000300 0.000262 0.000225 0.000191 0.000160 0.000132 0.000108 0.000087 0.000069 0.000054 0.000042 0.000032 0.000024 0.000018 0.000013 0.000010 0.000007 0.000005 0.000003 0.000002 0.000002 0.000001 0.000001 0.000000 0.000000 0.000000 0.000000 0.000000 0.000000 0.000000 0.000000 0.000000 0.000000 0.000000 0.000000 0.000000 0.000000 0.000000 0.000000 0.000000 
0.000000 0.000000 0.000000 0.000000 0.000000 0.000000 0.000000 0.000000 0.000000 0.000000 0.000000 0.000000 0.000000 0.000000 0.000000 0.000000 0.000001 0.000001 0.000001 0.000002 0.000003 0.000004 0.000006 0.000009 0.000012 0.000017 0.000023 0.000032 0.000042 0.000056 0.000074 0.000095 0.000121 0.000152 0.000189 0.000231 0.000280 0.000334 0.000393 0.000457 0.000525 0.000594 0.000664 0.000733 0.000798 0.000858 0.000910 0.000953 0.000985 0.001005 0.001011 0.001005 0.000985 0.000953 0.000910 0.000858 0.000798 0.000733 0.000664 0.000594 0.000525 0.000457 0.000393 0.000334 0.000280 0.000231 0.000189 0.000152 0.000121 0.000095 0.000074 0.000056 0.000042 0.000032 0.000023 0.000017 0.000012 0.000009 0.000006 0.000004 0.000003 0.000002 0.000001 0.000001 0.000001 0.000000 0.000000 0.000000 0.000000 0.000000 0.000000 0.000000 0.000000 0.000000 0.000000 0.000000 0.000000 0.000000 0.000000 0.000000 
0.000000 0.000000 0.000000 0.000000 0.000000 0.000000 0.000000 0.000000 0.000000 0.000000 0.000000 0.000000 0.000000 0.000000 0.000000 0.000001 0.000001 0.000001 0.000002 0.000003 0.000005 0.000007 0.000010 0.000015 0.000021 0.000029 0.000040 0.000055 0.000073 0.000097 0.000127 0.000164 0.000209 0.000263 0.000326 0.000399 0.000482 0.000576 0.000678 0.000788 0.000905 0.001025 0.001145 0.001264 0.001376 0.001479 0.001569 0.001643 0.001697 0.001731 0.001742 0.001731 0.001697 0.001643 0.001569 0.001479 0.001376 0.001264 0.001145 0.001025 0.000905 0.000788 0.000678 0.000576 0.000482 0.000399 0.000326 0.000263 0.000209 0.000164 0.000127 0.000097 0.000073 0.000055 0.000040 0.000029 0.000021 0.000015 0.000010 0.000007 0.000005 0.000003 0.000002 0.000001 0.000001 0.000001 0.000000 0.000000 0.000000 0.000000 0.000000 0.000000 0.000000 0.000000 0.000000 0.000000 0.000000 0.000000 0.000000 0.000000 
0.000000 0.000000 0.000000 0.000000 0.000000 0.000000 0.000000 0.000000 0.000000 0.000000 0.000000 0.000000 0.000000 0.000000 0.000001 0.000001 0.000002 0.000002 0.000004 0.000006 0.000008 0.000012 0.000018 0.000025 0.000036 0.000050 0.000069 0.000094 0.000126 0.000166 0.000217 0.000280 0.000356 0.000448 0.000556 0.000680 0.000822 0.000981 0.001155 0.001343 0.001541 0.001745 0.001950 0.002151 0.002342 0.002517 0.002670 0.002795 0.002888 0.002946 0.002965 0.002946 0.002888 0.002795 0.002670 0.002517 0.002342 0.002151 0.001950 0.001745 0.001541 0.001343 0.001155 0.000981 0.000822 0.000680 0.000556 0.000448 0.000356 0.000280 0.000217 0.000166 0.000126 0.000094 0.000069 0.000050 0.000036 0.000025 0.000018 0.000012 0.000008 0.000006 0.000004 0.000002 0.000002 0.000001 0.000001 0.000000 0.000000 0.000000 0.000000 0.000000 0.000000 0.000000 0.000000 0.000000 0.000000 0.000000 0.000000 0.000000 
0.000000 0.000000 0.000000 0.000000 0.000000 0.000000 0.000000 0.000000 0.000000 0.000000 0.000000 0.000000 0.000000 0.000001 0.000001 0.000002 0.000003 0.000004 0.000006 0.000010 0.000014 0.000021 0.000030 0.000043 0.000061 0.000085 0.000117 0.000158 0.000212 0.000280 0.000366 0.000472 0.000601 0.000755 0.000936 0.001146 0.001385 0.001652 0.001944 0.002260 0.002592 0.002935 0.003280 0.003618 0.003938 0.004232 0.004489 0.004699 0.004855 0.004952 0.004984 0.004952 0.004855 0.004699 0.004489 0.004232 0.003938 0.003618 0.003280 0.002935 0.002592 0.002260 0.001944 0.001652 0.001385 0.001146 0.000936 0.000755 0.000601 0.000472 0.000366 0.000280 0.000212 0.000158 0.000117 0.000085 0.000061 0.000043 0.000030 0.000021 0.000014 0.000010 0.000006 0.000004 0.000003 0.000002 0.000001 0.000001 0.000000 0.000000 0.000000 0.000000 0.000000 0.000000 0.000000 0.000000 0.000000 0.000000 0.000000 0.000000 
0.000000 0.000000 0.000000 0.000000 0.000000 0.000000 0.000000 0.000000 0.000000 0.000000 0.000000 0.000000 0.000001 0.000001 0.000002 0.000003 0.000005 0.000007 0.000011 0.000016 0.000024 0.000035 0.000050 0.000072 0.000102 0.000141 0.000194 0.000264 0.000353 0.000467 0.000610 0.000786 0.001000 0.001257 0.001558 0.001907 0.002303 0.002747 0.003233 0.003757 0.004308 0.004877 0.005450 0.006010 0.006543 0.007030 0.007456 0.007805 0.008064 0.008223 0.008277 0.008223 0.008064 0.007805 0.007456 0.007030 0.006543 0.006010 0.005450 0.004877 0.004308 0.003757 0.003233 0.002747 0.002303 0.001907 0.001558 0.001257 0.001000 0.000786 0.000610 0.000467 0.000353 0.000264 0.000194 0.000141 0.000102 0.000072 0.000050 0.000035 0.000024 0.000016 0.000011 0.000007 0.000005 0.000003 0.000002 0.000001 0.000001 0.000000 0.000000 0.000000 0.000000 0.000000 0.000000 0.000000 0.000000 0.000000 0.000000 0.000000 
0.000000 0.000000 0.000000 0.000000 0.000000 0.000000 0.000000 0.000000 0.000000 0.000000 0.000000 0.000001 0.000001 0.000002 0.000003 0.000005 0.000008 0.000012 0.000018 0.000027 0.000039 0.000058 0.000083 0.000119 0.000168 0.000233 0.000320 0.000435 0.000582 0.000769 0.001004 0.001294 0.001646 0.002066 0.002561 0.003134 0.003785 0.004513 0.005311 0.006169 0.007074 0.008007 0.008946 0.009865 0.010738 0.011537 0.012234 0.012806 0.013231 0.013492 0.013581 0.013492 0.013231 0.012806 0.012234 0.011537 0.010738 0.009865 0.008946 0.008007 0.007074 0.006169 0.005311 0.004513 0.003785 0.003134 0.002561 0.002066 0.001646 0.001294 0.001004 0.000769 0.000582 0.000435 0.000320 0.000233 0.000168 0.000119 0.000083 0.000058 0.000039 0.000027 0.000018 0.000012 0.000008 0.000005 0.000003 0.000002 0.000001 0.000001 0.000000 0.000000 0.000000 0.000000 0.000000 0.000000 0.000000 0.000000 0.000000 0.000000 
0.000000 0.000000 0.000000 0.000000 0.000000 0.000000 0.000000 0.000000 0.000000 0.000000 0.000001 0.000001 0.000002 0.000003 0.000005 0.000008 0.000012 0.000019 0.000029 0.000043 0.000064 0.000094 0.000136 0.000194 0.000273 0.000380 0.000522 0.000707 0.000947 0.001251 0.001633 0.002103 0.002674 0.003357 0.004160 0.005088 0.006144 0.007324 0.008618 0.010009 0.011475 0.012986 0.014507 0.015996 0.017410 0.018703 0.019833 0.020758 0.021446 0.021870 0.022013 0.021870 0.021446 0.020758 0.019833 0.018703 0.017410 0.015996 0.014507 0.012986 0.011475 0.010009 0.008618 0.007324 0.006144 0.005088 0.004160 0.003357 0.002674 0.002103 0.001633 0.001251 0.000947 0.000707 0.000522 0.000380 0.000273 0.000194 0.000136 0.000094 0.000064 0.000043 0.000029 0.000019 0.000012 0.000008 0.000005 0.000003 0.000002 0.000001 0.000001 0.000000 0.000000 0.000000 0.000000 0.000000 0.000000 0.000000 0.000000 0.000000 
0.000000 0.000000 0.000000 0.000000 0.000000 0.000000 0.000000 0.000000 0.000000 0.000001 0.000001 0.000002 0.000003 0.000005 0.000008 0.000013 0.000020 0.000031 0.000047 0.000070 0.000104 0.000151 0.000219 0.000312 0.000439 0.000611 0.000839 0.001137 0.001522 0.002011 0.002622 0.003377 0.004293 0.005387 0.006674 0.008161 0.009853 0.011742 0.013814 0.016041 0.018388 0.020807 0.023240 0.025622 0.027884 0.029953 0.031760 0.033241 0.034341 0.035018 0.035247 0.035018 0.034341 0.033241 0.031760 0.029953 0.027884 0.025622 0.023240 0.020807 0.018388 0.016041 0.013814 0.011742 0.009853 0.008161 0.006674 0.005387 0.004293 0.003377 0.002622 0.002011 0.001522 0.001137 0.000839 0.000611 0.000439 0.000312 0.000219 0.000151 0.000104 0.000070 0.000047 0.000031 0.000020 0.000013 0.000008 0.000005 0.000003 0.000002 0.000001 0.000001 0.000000 0.000000 0.000000 0.000000 0.000000 0.000000 0.000000 0.000000 
0.000000 0.000000 0.000000 0.000000 0.000000 0.000000 0.000000 0.000000 0.000001 0.000001 0.000002 0.000003 0.000005 0.000008 0.000013 0.000020 0.000032 0.000049 0.000074 0.000111 0.000165 0.000241 0.000348 0.000496 0.000699 0.000971 0.001333 0.001806 0.002416 0.003191 0.004160 0.005355 0.006806 0.008539 0.010576 0.012931 0.015608 0.018597 0.021873 0.025397 0.029108 0.032932 0.036778 0.040543 0.044118 0.047388 0.050243 0.052583 0.054321 0.055391 0.055752 0.055391 0.054321 0.052583 0.050243 0.047388 0.044118 0.040543 0.036778 0.032932 0.029108 0.025397 0.021873 0.018597 0.015608 0.012931 0.010576 0.008539 0.006806 0.005355 0.004160 0.003191 0.002416 0.001806 0.001333 0.000971 0.000699 0.000496 0.000348 0.000241 0.000165 0.000111 0.000074 0.000049 0.000032 0.000020 0.000013 0.000008 0.000005 0.000003 0.000002 0.000001 0.000001 0.000000 0.000000 0.000000 0.000000 0.000000 0.000000 0.000000 
0.000000 0.000000 0.000000 0.000000 0.000000 0.000000 0.000000 0.000001 0.000001 0.000002 0.000003 0.000005 0.000008 0.000013 0.000020 0.000032 0.000050 0.000077 0.000117 0.000175 0.000259 0.000379 0.000547 0.000779 0.001097 0.001524 0.002091 0.002832 0.003788 0.005001 0.006519 0.008390 0.010659 0.013370 0.016556 0.020238 0.024422 0.029093 0.034213 0.039717 0.045514 0.051486 0.057492 0.063372 0.068953 0.074058 0.078515 0.082167 0.084879 0.086550 0.087114 0.086550 0.084879 0.082167 0.078515 0.074058 0.068953 0.063372 0.057492 0.051486 0.045514 0.039717 0.034213 0.029093 0.024422 0.020238 0.016556 0.013370 0.010659 0.008390 0.006519 0.005001 0.003788 0.002832 0.002091 0.001524 0.001097 0.000779 0.000547 0.000379 0.000259 0.000175 0.000117 0.000077 0.000050 0.000032 0.000020 0.000013 0.000008 0.000005 0.000003 0.000002 0.000001 0.000001 0.000000 0.000000 0.000000 0.000000 0.000000 0.000000 
0.000000 0.000000 0.000000 0.000000 0.000000 0.000000 0.000001 0.000001 0.000002 0.000003 0.000005 0.000008 0.000012 0.000020 0.000032 0.000050 0.000078 0.000120 0.000182 0.000272 0.000403 0.000588 0.000849 0.001209 0.001701 0.002363 0.003240 0.004388 0.005866 0.007743 0.010090 0.012982 0.016490 0.020678 0.025599 0.031286 0.037746 0.044958 0.052860 0.061355 0.070299 0.079513 0.088777 0.097846 0.106453 0.114326 0.121199 0.126830 0.131012 0.133587 0.134457 0.133587 0.131012 0.126830 0.121199 0.114326 0.106453 0.097846 0.088777 0.079513 0.070299 0.061355 0.052860 0.044958 0.037746 0.031286 0.025599 0.020678 0.016490 0.012982 0.010090 0.007743 0.005866 0.004388 0.003240 0.002363 0.001701 0.001209 0.000849 0.000588 0.000403 0.000272 0.000182 0.000120 0.000078 0.000050 0.000032 0.000020 0.000012 0.000008 0.000005 0.000003 0.000002 0.000001 0.000001 0.000000 0.000000 0.000000 0.000000 0.000000 
0.000000 0.000000 0.000000 0.000000 0.000000 0.000000 0.000001 0.000001 0.000002 0.000004 0.000007 0.000012 0.000019 0.000031 0.000049 0.000077 0.000120 0.000184 0.000279 0.000418 0.000618 0.000902 0.001301 0.001853 0.002605 0.003618 0.004960 0.006714 0.008973 0.011841 0.015426 0.019842 0.025196 0.031588 0.039097 0.047772 0.057626 0.068622 0.080671 0.093619 0.107252 0.121293 0.135410 0.149227 0.162339 0.174332 0.184802 0.193378 0.199747 0.203669 0.204994 0.203669 0.199747 0.193378 0.184802 0.174332 0.162339 0.149227 0.135410 0.121293 0.107252 0.093619 0.080671 0.068622 0.057626 0.047772 0.039097 0.031588 0.025196 0.019842 0.015426 0.011841 0.008973 0.006714 0.004960 0.003618 0.002605 0.001853 0.001301 0.000902 0.000618 0.000418 0.000279 0.000184 0.000120 0.000077 0.000049 0.000031 0.000019 0.000012 0.000007 0.000004 0.000002 0.000001 0.000001 0.000000 0.000000 0.000000 0.000000 0.000000 
0.000000 0.000000 0.000000 0.000000 0.000000 0.000001 0.000001 0.000002 0.000004 0.000006 0.000011 0.000018 0.000029 0.000047 0.000074 0.000117 0.000182 0.000279 0.000423 0.000633 0.000936 0.001366 0.001969 0.002804 0.003941 0.005471 0.007498 0.010146 0.013556 0.017883 0.023292 0.029952 0.038026 0.047661 0.058977 0.072049 0.086894 0.103457 0.121601 0.141098 0.161622 0.182758 0.204006 0.224800 0.244532 0.262578 0.278330 0.291234 0.300816 0.306717 0.308709 0.306717 0.300816 0.291234 0.278330 0.262578 0.244532 0.224800 0.204006 0.182758 0.161622 0.141098 0.121601 0.103457 0.086894 0.072049 0.058977 0.047661 0.038026 0.029952 0.023292 0.017883 0.013556 0.010146 0.007498 0.005471 0.003941 0.002804 0.001969 0.001366 0.000936 0.000633 0.000423 0.000279 0.000182 0.000117 0.000074 0.000047 0.000029 0.000018 0.000011 0.000006 0.000004 0.000002 0.000001 0.000001 0.000000 0.000000 0.000000 0.000000 
0.000000 0.000000 0.000000 0.000000 0.000001 0.000001 0.000002 0.000003 0.000006 0.000010 0.000016 0.000027 0.000043 0.000070 0.000111 0.000175 0.000272 0.000418 0.000633 0.000947 0.001400 0.002043 0.002944 0.004190 0.005888 0.008170 0.011194 0.015143 0.020227 0.026676 0.034736 0.044656 0.056680 0.071027 0.087872 0.107326 0.129415 0.154057 0.181047 0.210043 0.240564 0.271990 0.303579 0.334490 0.363820 0.390641 0.414052 0.433229 0.447469 0.456237 0.459197 0.456237 0.447469 0.433229 0.414052 0.390641 0.363820 0.334490 0.303579 0.271990 0.240564 0.210043 0.181047 0.154057 0.129415 0.107326 0.087872 0.071027 0.056680 0.044656 0.034736 0.026676 0.020227 0.015143 0.011194 0.008170 0.005888 0.004190 0.002944 0.002043 0.001400 0.000947 0.000633 0.000418 0.000272 0.000175 0.000111 0.000070 0.000043 0.000027 0.000016 0.000010 0.000006 0.000003 0.000002 0.000001 0.000001 0.000000 0.000000 0.000000 
0.000000 0.000000 0.000000 0.000000 0.000001 0.000002 0.000003 0.000005 0.000008 0.000014 0.000024 0.000039 0.000064 0.000104 0.000165 0.000259 0.000403 0.000618 0.000936 0.001400 0.002068 0.003017 0.004346 0.006184 0.008687 0.012050 0.016505 0.022322 0.029807 0.039300 0.051161 0.065756 0.083442 0.104541 0.129307 0.157905 0.190369 0.226579 0.266233 0.308828 0.353657 0.399809 0.446196 0.491583 0.534644 0.574019 0.608386 0.636535 0.657437 0.670307 0.674652 0.670307 0.657437 0.636535 0.608386 0.574019 0.534644 0.491583 0.446196 0.399809 0.353657 0.308828 0.266233 0.226579 0.190369 0.157905 0.129307 0.104541 0.083442 0.065756 0.051161 0.039300 0.029807 0.022322 0.016505 0.012050 0.008687 0.006184 0.004346 0.003017 0.002068 0.001400 0.000936 0.000618 0.000403 0.000259 0.000165 0.000104 0.000064 0.000039 0.000024 0.000014 0.000008 0.000005 0.000003 0.000002 0.000001 0.000000 0.000000 0.000000 
0.000000 0.000000 0.000000 0.000001 0.000001 0.000002 0.000004 0.000007 0.000012 0.000021 0.000035 0.000058 0.000094 0.000151 0.000241 0.000379 0.000588 0.000902 0.001366 0.002043 0.003017 0.004400 0.006337 0.009012 0.012657 0.017552 0.024033 0.032494 0.043380 0.057181 0.074419 0.095627 0.121321 0.151965 0.187930 0.229449 0.276574 0.329127 0.386670 0.448473 0.513507 0.580453 0.647732 0.713555 0.775999 0.833094 0.882924 0.923736 0.954040 0.972698 0.978998 0.972698 0.954040 0.923736 0.882924 0.833094 0.775999 0.713555 0.647732 0.580453 0.513507 0.448473 0.386670 0.329127 0.276574 0.229449 0.187930 0.151965 0.121321 0.095627 0.074419 0.057181 0.043380 0.032494 0.024033 0.017552 0.012657 0.009012 0.006337 0.004400 0.003017 0.002043 0.001366 0.000902 0.000588 0.000379 0.000241 0.000151 0.000094 0.000058 0.000035 0.000021 0.000012 0.000007 0.000004 0.000002 0.000001 0.000001 0.000000 0.000000 
0.000000 0.000000 0.000001 0.000001 0.000002 0.000003 0.000006 0.000010 0.000018 0.000030 0.000050 0.000083 0.000136 0.000219 0.000348 0.000547 0.000849 0.001301 0.001969 0.002944 0.004346 0.006337 0.009124 0.012971 0.018211 0.025247 0.034561 0.046715 0.062349 0.082164 0.106908 0.137343 0.174209 0.218167 0.269747 0.329283 0.396845 0.472178 0.554650 0.643215 0.736399 0.832312 0.928691 1.022976 1.112414 1.194184 1.265546 1.323990 1.367384 1.394102 1.403124 1.394102 1.367384 1.323990 1.265546 1.194184 1.112414 1.022976 0.928691 0.832312 0.736399 0.643215 0.554650 0.472178 0.396845 0.329283 0.269747 0.218167 0.174209 0.137343 0.106908 0.082164 0.062349 0.046715 0.034561 0.025247 0.018211 0.012971 0.009124 0.006337 0.004346 0.002944 0.001969 0.001301 0.000849 0.000547 0.000348 0.000219 0.000136 0.000083 0.000050 0.000030 0.000018 0.000010 0.000006 0.000003 0.000002 0.000001 0.000000 0.000000 
0.000000 0.000000 0.000001 0.000001 0.000003 0.000005 0.000009 0.000015 0.000025 0.000043 0.000072 0.000119 0.000194 0.000312 0.000496 0.000779 0.001209 0.001853 0.002804 0.004190 0.006184 0.009012 0.012971 0.018437 0.025876 0.035863 0.049080 0.066323 0.088496 0.116593 0.151671 0.194808 0.247046 0.309322 0.382384 0.466699 0.562363 0.669015 0.785757 0.911106 1.042977 1.178694 1.315057 1.448446 1.574966 1.690632 1.791569 1.874232 1.935607 1.973393 1.986152 1.973393 1.935607 1.874232 1.791569 1.690632 1.574966 1.448446 1.315057 1.178694 1.042977 0.911106 0.785757 0.669015 0.562363 0.466699 0.382384 0.309322 0.247046 0.194808 0.151671 0.116593 0.088496 0.066323 0.049080 0.035863 0.025876 0.018437 0.012971 0.009012 0.006184 0.004190 0.002804 0.001853 0.001209 0.000779 0.000496 0.000312 0.000194 0.000119 0.000072 0.000043 0.000025 0.000015 0.000009 0.000005 0.000003 0.000001 0.000001 0.000000 
0.000000 0.000000 0.000001 0.000002 0.000004 0.000007 0.000012 0.000021 0.000036 0.000061 0.000102 0.000168 0.000273 0.000439 0.000699 0.001097 0.001701 0.002605 0.003941 0.005888 0.008687 0.012657 0.018211 0.025876 0.036308 0.050307 0.068828 0.092987 0.124043 0.163388 0.212498 0.272877 0.345981 0.433114 0.535320 0.653247 0.787027 0.936149 1.099356 1.274574 1.458885 1.648552 1.839103 2.025482 2.202250 2.363842 2.504851 2.620325 2.706057 2.758840 2.776662 2.758840 2.706057 2.620325 2.504851 2.363842 2.202250 2.025482 1.839103 1.648552 1.458885 1.274574 1.099356 0.936149 0.787027 0.653247 0.535320 0.433114 0.345981 0.272877 0.212498 0.163388 0.124043 0.092987 0.068828 0.050307 0.036308 0.025876 0.018211 0.012657 0.008687 0.005888 0.003941 0.002605 0.001701 0.001097 0.000699 0.000439 0.000273 0.000168 0.000102 0.000061 0.000036 0.000021 0.000012 0.000007 0.000004 0.000002 0.000001 0.000000 
0.000000 0.000001 0.000002 0.000003 0.000005 0.000010 0.000017 0.000029 0.000050 0.000085 0.000141 0.000233 0.000380 0.000611 0.000971 0.001524 0.002363 0.003618 0.005471 0.008170 0.012050 0.017552 0.025247 0.035863 0.050307 0.069684 0.095316 0.128740 0.171698 0.226108 0.294006 0.377469 0.478500 0.598900 0.740099 0.902992 1.087753 1.293673 1.519011 1.760904 2.015320 2.277101 2.540079 2.797276 3.041193 3.264156 3.458707 3.618022 3.736299 3.809117 3.833704 3.809117 3.736299 3.618022 3.458707 3.264156 3.041193 2.797276 2.540079 2.277101 2.015320 1.760904 1.519011 1.293673 1.087753 0.902992 0.740099 0.598900 0.478500 0.377469 0.294006 0.226108 0.171698 0.128740 0.095316 0.069684 0.050307 0.035863 0.025247 0.017552 0.012050 0.008170 0.005471 0.003618 0.002363 0.001524 0.000971 0.000611 0.000380 0.000233 0.000141 0.000085 0.000050 0.000029 0.000017 0.000010 0.000005 0.000003 0.000001 0.000000 
0.000000 0.000001 0.000002 0.000004 0.000007 0.000013 0.000023 0.000040 0.000069 0.000117 0.000194 0.000320 0.000522 0.000839 0.001333 0.002091 0.003240 0.004960 0.007498 0.011194 0.016505 0.024033 0.034561 0.049080 0.068828 0.095316 0.130345 0.176010 0.234689 0.308993 0.401699 0.515632 0.653523 0.817818 1.010463 1.232671 1.484672 1.765492 2.072754 2.402549 2.749380 3.106216 3.464649 3.815177 4.147582 4.451411 4.716512 4.933589 5.094746 5.193960 5.227460 5.193960 5.094746 4.933589 4.716512 4.451411 4.147582 3.815177 3.464649 3.106216 2.749380 2.402549 2.072754 1.765492 1.484672 1.232671 1.010463 0.817818 0.653523 0.515632 0.401699 0.308993 0.234689 0.176010 0.130345 0.095316 0.068828 0.049080 0.034561 0.024033 0.016505 0.011194 0.007498 0.004960 0.003240 0.002091 0.001333 0.000839 0.000522 0.000320 0.000194 0.000116 0.000069 0.000040 0.000023 0.000013 0.000007 0.000004 0.000002 0.000000 
0.000000 0.000001 0.000003 0.000006 0.000010 0.000018 0.000032 0.000055 0.000094 0.000158 0.000264 0.000435 0.000707 0.001137 0.001806 0.002832 0.004388 0.006714 0.010146 0.015143 0.022322 0.032494 0.046715 0.066323 0.092987 0.128740 0.176010 0.237620 0.316770 0.416977 0.541974 0.695563 0.881414 1.102815 1.362378 1.661725 2.001161 2.379363 2.793125 3.237178 3.704121 4.184487 4.666962 5.138758 5.586132 5.995023 6.351777 6.643892 6.860750 6.994254 7.039331 6.994254 6.860750 6.643892 6.351777 5.995023 5.586132 5.138758 4.666962 4.184487 3.704121 3.237178 2.793125 2.379363 2.001161 1.661725 1.362378 1.102815 0.881414 0.695563 0.541974 0.416977 0.316770 0.237620 0.176010 0.128740 0.092987 0.066323 0.046715 0.032494 0.022322 0.015143 0.010146 0.006714 0.004388 0.002832 0.001806 0.001137 0.000707 0.000435 0.000264 0.000158 0.000094 0.000055 0.000032 0.000018 0.000010 0.000005 0.000002 0.000000 
0.000000 0.000002 0.000004 0.000007 0.000014 0.000024 0.000042 0.000073 0.000126 0.000212 0.000353 0.000582 0.000947 0.001522 0.002416 0.003788 0.005866 0.008973 0.013556 0.020227 0.029807 0.043380 0.062349 0.088496 0.124043 0.171698 0.234689 0.316770 0.422197 0.555644 0.722073 0.926535 1.173901 1.468533 1.813897 2.212138 2.663648 3.166659 3.716901 4.307359 4.928190 5.566809 6.208178 6.835306 7.429932 7.973379 8.447509 8.835720 9.123908 9.301322 9.361224 9.301322 9.123908 8.835720 8.447509 7.973379 7.429932 6.835306 6.208178 5.566809 4.928190 4.307359 3.716901 3.166659 2.663648 2.212138 1.813897 1.468533 1.173901 0.926535 0.722073 0.555644 0.422197 0.316770 0.234689 0.171698 0.124043 0.088496 0.062349 0.043380 0.029807 0.020227 0.013556 0.008973 0.005866 0.003788 0.002416 0.001522 0.000947 0.000582 0.000353 0.000212 0.000126 0.000073 0.000042 0.000024 0.000013 0.000007 0.000003 0.000000 
0.000000 0.000002 0.000005 0.000010 0.000018 0.000032 0.000056 0.000097 0.000166 0.000280 0.000467 0.000769 0.001251 0.002011 0.003191 0.005001 0.007743 0.011841 0.017883 0.026676 0.039300 0.057181 0.082164 0.116593 0.163388 0.226108 0.308993 0.416977 0.555644 0.731132 0.949953 1.218732 1.543857 1.931045 2.384834 2.908026 3.501123 4.161790 4.884407 5.659757 6.474912 7.313348 8.155328 8.978554 9.759067 10.472364 11.094652 11.604154 11.982373 12.215207 12.293821 12.215207 11.982373 11.604154 11.094652 10.472364 9.759067 8.978554 8.155328 7.313348 6.474912 5.659757 4.884407 4.161790 3.501123 2.908026 2.384834 1.931045 1.543857 1.218732 0.949953 0.731132 0.555644 0.416977 0.308993 0.226108 0.163388 0.116593 0.082164 0.057181 0.039300 0.026676 0.017883 0.011841 0.007743 0.005001 0.003191 0.002011 0.001251 0.000769 0.000467 0.000280 0.000166 0.000097 0.000056 0.000032 0.000018 0.000009 0.000004 0.000000 
0.000000 0.000003 0.000007 0.000013 0.000024 0.000042 0.000074 0.000127 0.000217 0.000366 0.000610 0.001004 0.001633 0.002622 0.004160 0.006519 0.010090 0.015426 0.023292 0.034736 0.051161 0.074419 0.106908 0.151671 0.212498 0.294006 0.401699 0.541974 0.722073 0.949953 1.234053 1.582955 2.004933 2.507387 3.096185 3.774943 4.544294 5.401194 6.338342 7.343777 8.400731 9.487782 10.579344 11.646520 12.658266 13.582837 14.389408 15.049771 15.539967 15.841729 15.943615 15.841729 15.539967 15.049771 14.389408 13.582837 12.658266 11.646520 10.579344 9.487782 8.400731 7.343777 6.338342 5.401194 4.544294 3.774943 3.096185 2.507387 2.004933 1.582955 1.234053 0.949953 0.722073 0.541974 0.401699 0.294006 0.212498 0.151671 0.106908 0.074419 0.051161 0.034736 0.023292 0.015426 0.010090 0.006519 0.004160 0.002622 0.001633 0.001004 0.000610 0.000366 0.000217 0.000127 0.000073 0.000042 0.000023 0.000012 0.000005 0.000000 
0.000000 0.000004 0.000009 0.000017 0.000030 0.000054 0.000095 0.000164 0.000280 0.000472 0.000786 0.001294 0.002103 0.003377 0.005355 0.008390 0.012982 0.019842 0.029952 0.044656 0.065756 0.095627 0.137343 0.194808 0.272877 0.377469 0.515632 0.695563 0.926535 1.218732 1.582955 2.030185 2.571004 3.214871 3.969278 4.838838 5.824340 6.921864 8.122045 9.409556 10.762921 12.154709 13.552175 14.918331 16.213456 17.396932 18.429323 19.274545 19.901948 20.288168 20.418569 20.288168 19.901948 19.274545 18.429323 17.396932 16.213456 14.918331 13.552175 12.154709 10.762921 9.409556 8.122045 6.921864 5.824340 4.838838 3.969278 3.214871 2.571004 2.030185 1.582955 1.218732 0.926535 0.695563 0.515632 0.377469 0.272877 0.194808 0.137343 0.095627 0.065756 0.044656 0.029952 0.019842 0.012982 0.008390 0.005355 0.003377 0.002103 0.001294 0.000786 0.000472 0.000280 0.000164 0.000095 0.000054 0.000030 0.000016 0.000007 0.000000 
0.000000 0.000005 0.000011 0.000021 0.000039 0.000069 0.000121 0.000209 0.000356 0.000601 0.001000 0.001646 0.002674 0.004293 0.006806 0.010659 0.016490 0.025196 0.038026 0.056680 0.083442 0.121321 0.174209 0.247046 0.345981 0.478500 0.653523 0.881414 1.173901 1.543857 2.004933 2.571004 3.255435 4.070164 5.024647 6.124687 7.371257 8.759379 10.277187 11.905290 13.616523 15.376207 17.142946 18.869999 20.507168 22.003132 23.308071 24.376394 25.169386 25.657533 25.822347 25.657533 25.169386 24.376394 23.308071 22.003132 20.507168 18.869999 17.142946 15.376207 13.616523 11.905290 10.277187 8.759379 7.371257 6.124687 5.024647 4.070164 3.255435 2.571004 2.004933 1.543857 1.173901 0.881414 0.653523 0.478500 0.345981 0.247046 0.174209 0.121321 0.083442 0.056680 0.038026 0.025196 0.016490 0.010659 0.006806 0.004293 0.002674 0.001646 0.001000 0.000601 0.000356 0.000209 0.000121 0.000069 0.000038 0.000020 0.000009 0.000000 
0.000000 0.000006 0.000014 0.000027 0.000049 0.000087 0.000152 0.000263 0.000448 0.000755 0.001257 0.002066 0.003357 0.005387 0.008539 0.013370 0.020678 0.031588 0.047661 0.071027 0.104541 0.151965 0.218167 0.309322 0.433114 0.598900 0.817818 1.102815 1.468533 1.931045 2.507387 3.214871 4.070164 5.088154 6.280617 7.654771 9.211800 10.945460 12.840912 14.873923 17.010571 19.207556 21.413207 23.569187 25.612858 27.480182 29.109001 30.442440 31.432200 32.041463 32.247168 32.041463 31.432200 30.442440 29.109001 27.480182 25.612858 23.569187 21.413207 19.207556 17.010571 14.873923 12.840912 10.945460 9.211800 7.654771 6.280617 5.088154 4.070164 3.214871 2.507387 1.931045 1.468533 1.102815 0.817818 0.598900 0.433114 0.309322 0.218167 0.151965 0.104541 0.071027 0.047661 0.031588 0.020678 0.013370 0.008539 0.005387 0.003357 0.002066 0.001257 0.000755 0.000448 0.000262 0.000152 0.000086 0.000048 0.000025 0.000011 0.000000 
0.000000 0.000007 0.000017 0.000033 0.000061 0.000108 0.000189 0.000326 0.000556 0.000936 0.001558 0.002561 0.004160 0.006674 0.010576 0.016556 0.025599 0.039097 0.058977 0.087872 0.129307 0.187930 0.269747 0.382384 0.535320 0.740099 1.010463 1.362378 1.813897 2.384834 3.096185 3.969278 5.024647 6.280617 7.751677 9.446695 11.367093 13.505139 15.842510 18.349309 20.983698 23.692297 26.411413 29.069150 31.588320 33.890020 35.897665 37.541186 38.761084 39.512002 39.765532 39.512002 38.761084 37.541186 35.897665 33.890020 31.588320 29.069150 26.411413 23.692297 20.983698 18.349309 15.842510 13.505139 11.367093 9.446695 7.751677 6.280617 5.024647 3.969278 3.096185 2.384834 1.813897 1.362378 1.010463 0.740099 0.535320 0.382384 0.269747 0.187930 0.129307 0.087872 0.058977 0.039097 0.025599 0.016556 0.010576 0.006674 0.004160 0.002561 0.001558 0.000936 0.000556 0.000326 0.000188 0.000107 0.000060 0.000031 0.000013 0.000000 
0.000000 0.000009 0.000021 0.000041 0.000074 0.000132 0.000231 0.000399 0.000680 0.001146 0.001907 0.003134 0.005088 0.008161 0.012931 0.020238 0.031286 0.047772 0.072049 0.107326 0.157905 0.229449 0.329283 0.466699 0.653247 0.902992 1.232671 1.661725 2.212138 2.908026 3.774943 4.838838 6.124687 7.654771 9.446695 11.511215 13.850022 16.453666 19.299804 22.352015 25.559351 28.856826 32.166914 35.402119 38.468511 41.270086 43.713665 45.714006 47.198722 48.112640 48.421201 48.112640 47.198722 45.714006 43.713665 41.270086 38.468511 35.402119 32.166914 28.856826 25.559351 22.352015 19.299804 16.453666 13.850022 11.511215 9.446695 7.654771 6.124687 4.838838 3.774943 2.908026 2.212138 1.661725 1.232671 0.902992 0.653247 0.466699 0.329283 0.229449 0.157905 0.107326 0.072049 0.047772 0.031286 0.020238 0.012931 0.008161 0.005088 0.003134 0.001907 0.001146 0.000680 0.000399 0.000231 0.000131 0.000073 0.000038 0.000016 0.000000 
0.000000 0.000011 0.000026 0.000049 0.000090 0.000160 0.000280 0.000482 0.000822 0.001385 0.002303 0.003785 0.006144 0.009853 0.015608 0.024422 0.037746 0.057626 0.086894 0.129415 0.190369 0.276574 0.396845 0.562363 0.787027 1.087753 1.484672 2.001161 2.663648 3.501123 4.544294 5.824340 7.371257 9.211800 11.367093 13.850022 16.662576 19.793349 23.215447 26.885055 30.740915 34.704901 38.683837 42.572571 46.258237 49.625484 52.562365 54.966468 56.750839 57.849195 58.220026 57.849195 56.750839 54.966468 52.562365 49.625484 46.258237 42.572571 38.683837 34.704901 30.740915 26.885055 23.215447 19.793349 16.662576 13.850022 11.367093 9.211800 7.371257 5.824340 4.544294 3.501123 2.663648 2.001161 1.484672 1.087753 0.787027 0.562363 0.396845 0.276574 0.190369 0.129415 0.086894 0.057626 0.037746 0.024422 0.015608 0.009853 0.006144 0.003785 0.002303 0.001385 0.000822 0.000482 0.000279 0.000159 0.000088 0.000046 0.000020 0.000000 
0.000000 0.000013 0.000031 0.000059 0.000108 0.000191 0.000334 0.000576 0.000981 0.001652 0.002747 0.004513 0.007324 0.011742 0.018597 0.029093 0.044958 0.068622 0.103457 0.154057 0.226579 0.329127 0.472178 0.669015 0.936149 1.293673 1.765492 2.379363 3.166659 4.161790 5.401194 6.921864 8.759379 10.945460 13.505139 16.453666 19.793349 23.510603 27.573461 31.929883 36.507136 41.212482 45.935337 50.550920 54.925308 58.921642 62.407109 65.260217 67.377811 68.681267 69.121342 68.681267 67.377811 65.260217 62.407109 58.921642 54.925308 50.550920 45.935337 41.212482 36.507136 31.929883 27.573461 23.510603 19.793349 16.453666 13.505139 10.945460 8.759379 6.921864 5.401194 4.161790 3.166659 2.379363 1.765492 1.293673 0.936149 0.669015 0.472178 0.329127 0.226579 0.154057 0.103457 0.068622 0.044958 0.029093 0.018597 0.011742 0.007324 0.004513 0.002747 0.001652 0.000981 0.000575 0.000333 0.000190 0.000105 0.000055 0.000024 0.000000 
0.000000 0.000015 0.000036 0.000070 0.000127 0.000225 0.000393 0.000678 0.001155 0.001944 0.003233 0.005311 0.008618 0.013814 0.021873 0.034213 0.052860 0.080671 0.121601 0.181047 0.266233 0.386670 0.554650 0.785757 1.099356 1.519011 2.072754 2.793125 3.716901 4.884407 6.338342 8.122045 10.277187 12.840912 15.842510 19.299804 23.215447 27.573461 32.336334 37.443035 42.808293 48.323414 53.858798 59.268233 64.394803 69.078167 73.162733 76.506177 78.987664 80.515093 81.030783 80.515093 78.987664 76.506177 73.162733 69.078167 64.394803 59.268233 53.858798 48.323414 42.808293 37.443035 32.336334 27.573461 23.215447 19.299804 15.842510 12.840912 10.277187 8.122045 6.338342 4.884407 3.716901 2.793125 2.072754 1.519011 1.099356 0.785757 0.554650 0.386670 0.266233 0.181047 0.121601 0.080671 0.052860 0.034213 0.021873 0.013814 0.008618 0.005311 0.003233 0.001944 0.001155 0.000678 0.000392 0.000224 0.000124 0.000065 0.000028 0.000000 
0.000000 0.000018 0.000042 0.000081 0.000147 0.000262 0.000457 0.000788 0.001343 0.002260 0.003757 0.006169 0.010009 0.016041 0.025397 0.039717 0.061355 0.093619 0.141098 0.210043 0.308828 0.448473 0.643215 0.911106 1.274574 1.760904 2.402549 3.237178 4.307359 5.659757 7.343777 9.409556 11.905290 14.873923 18.349309 22.352015 26.885055 31.929883 37.443035 43.353839 49.563591 55.946488 62.352565 68.612642 74.545177 79.964673 84.691139 88.559942 91.431305 93.198698 93.795402 93.198698 91.431305 88.559942 84.691139 79.964673 74.545177 68.612642 62.352565 55.946488 49.563591 43.353839 37.443035 31.929883 26.885055 22.352015 18.349309 14.873923 11.905290 9.409556 7.343777 5.659757 4.307359 3.237178 2.402549 1.760904 1.274574 0.911106 0.643215 0.448473 0.308828 0.210043 0.141098 0.093619 0.061355 0.039717 0.025397 0.016041 0.010009 0.006169 0.003756 0.002260 0.001343 0.000788 0.000456 0.000260 0.000145 0.000076 0.000032 0.000000 
0.000000 0.000021 0.000048 0.000093 0.000169 0.000300 0.000525 0.000905 0.001541 0.002592 0.004308 0.007074 0.011475 0.018388 0.029108 0.045514 0.070299 0.107252 0.161622 0.240564 0.353657 0.513507 0.736399 1.042977 1.458885 2.015320 2.749380 3.704121 4.928190 6.474912 8.400731 10.762921 13.616523 17.010571 20.983698 25.559351 30.740915 36.507136 42.808293 49.563591 56.660207 63.954382 71.274760 78.428052 85.206860 91.399284 96.799720 101.220117 104.500822 106.520158 107.201919 106.520158 104.500822 101.220117 96.799720 91.399284 85.206860 78.428052 71.274760 63.954382 56.660207 49.563591 42.808293 36.507136 30.740915 25.559351 20.983698 17.010571 13.616523 10.762921 8.400731 6.474912 4.928190 3.704121 2.749380 2.015320 1.458885 1.042977 0.736399 0.513507 0.353657 0.240564 0.161622 0.107252 0.070299 0.045514 0.029108 0.018388 0.011475 0.007074 0.004308 0.002592 0.001540 0.000904 0.000524 0.000299 0.000166 0.000087 0.000037 0.000000 
0.000000 0.000023 0.000055 0.000106 0.000192 0.000340 0.000594 0.001025 0.001745 0.002935 0.004877 0.008007 0.012986 0.020807 0.032932 0.051486 0.079513 0.121293 0.182758 0.271990 0.399809 0.580453 0.832312 1.178694 1.648552 2.277101 3.106216 4.184487 5.566809 7.313348 9.487782 12.154709 15.376207 19.207556 23.692297 28.856826 34.704901 41.212482 48.323414 55.946488 63.954382 72.184880 80.444652 88.515643 96.163897 103.150393 109.243223 114.230283 117.931508 120.209663 120.978803 120.209663 117.931508 114.230283 109.243223 103.150393 96.163897 88.515643 80.444652 72.184880 63.954382 55.946488 48.323414 41.212482 34.704901 28.856826 23.692297 19.207556 15.376207 12.154709 9.487782 7.313348 5.566809 4.184487 3.106216 2.277101 1.648552 1.178694 0.832312 0.580453 0.399809 0.271990 0.182758 0.121293 0.079513 0.051486 0.032932 0.020807 0.012986 0.008007 0.004877 0.002935 0.001744 0.001024 0.000593 0.000338 0.000188 0.000099 0.000042 0.000000 
0.000000 0.000026 0.000061 0.000118 0.000214 0.000380 0.000664 0.001145 0.001950 0.003280 0.005450 0.008946 0.014507 0.023240 0.036778 0.057492 0.088777 0.135410 0.204006 0.303579 0.446196 0.647732 0.928691 1.315057 1.839103 2.540079 3.464649 4.666962 6.208178 8.155328 10.579344 13.552175 17.142946 21.413207 26.411413 32.166914 38.683837 45.935337 53.858798 62.352565 71.274760 80.444652 89.646868 98.638510 107.158985 114.942069 121.729473 127.284974 131.408032 133.945813 134.802604 133.945813 131.408032 127.284974 121.729473 114.942069 107.158985 98.638510 89.646868 80.444652 71.274760 62.352565 53.858798 45.935337 38.683837 32.166914 26.411413 21.413207 17.142946 13.552175 10.579344 8.155328 6.208178 4.666962 3.464649 2.540079 1.839103 1.315057 0.928691 0.647732 0.446196 0.303579 0.204006 0.135410 0.088777 0.057492 0.036778 0.023240 0.014507 0.008946 0.005449 0.003279 0.001950 0.001145 0.000663 0.000378 0.000210 0.000110 0.000047 0.000000 
