0.000000 0.000000 0.000000 0.000000 0.000000 0.000000 0.000000 0.000000 0.000000 0.000000 0.000000 0.000000 0.000000 0.000000 0.000000 0.000000 0.000000 0.000000 0.000000 0.000000 0.000000 0.000000 0.000000 0.000000 0.000000 0.000000 0.000000 0.000000 0.000000 0.000000 0.000000 0.000000 0.000000 0.000000 0.000000 0.000000 0.000000 0.000000 0.000000 0.000000 0.000000 0.000000 0.000000 0.000000 0.000000 0.000000 0.000000 0.000000 0.000000 0.000000 0.000000 0.000000 0.000000 0.000000 0.000000 0.000000 0.000000 0.000000 0.000000 0.000000 0.000000 0.000000 0.000000 0.000000 0.000000 0.000000 0.000000 0.000000 0.000000 0.000000 0.000000 0.000000 0.000000 0.000000 0.000000 0.000000 0.000000 0.000000 0.000000 0.000000 0.000000 0.000000 0.000000 0.000000 0.000000 0.000000 0.000000 0.000000 0.000000 0.000000 0.000000 0.000000 0.000000 0.000000 0.000000 0.000000 0.000000 0.000000 0.000000 0.000000 
0.000000 0.000000 0.000000 0.000000 0.000000 0.000000 0.000000 0.000000 0.000000 0.000000 0.000000 0.000000 0.000000 0.000000 0.000000 0.000000 0.000000 0.000000 0.000000 0.000000 0.000000 0.000000 0.000000 0.000000 0.000000 0.000000 0.000000 0.000000 0.000000 0.000000 0.000000 0.000000 0.000000 0.000000 0.000000 0.000000 0.000000 0.000000 0.000000 0.000000 0.000000 0.000000 0.000000 0.000000 0.000000 0.000000 0.000000 0.000000 0.000000 0.000000 0.000000 0.000000 0.000000 0.000000 0.000000 0.000000 0.000000 0.000000 0.000000 0.000000 0.000000 0.000000 0.000000 0.000000 0.000000 0.000000 0.000000 0.000000 0.000000 0.000000 0.000000 0.000000 0.000000 0.000000 0.000000 0.000000 0.000000 0.000000 0.000000 0.000000 0.000000 0.000000 0.000000 0.000000 0.000000 0.000000 0.000000 0.000000 0.000000 0.000000 0.000000 0.000000 0.000000 0.000000 0.000000 0.000000 0.000000 0.000000 0.000000 0.000000 
0.000000 0.000000 0.000000 0.000000 0.000000 0.000000 0.000000 0.000000 0.000000 0.000000 0.000000 0.000000 0.000000 0.000000 0.000000 0.000000 0.000000 0.000000 0.000000 0.000000 0.000000 0.000000 0.000000 0.000000 0.000000 0.000000 0.000000 0.000000 0.000000 0.000000 0.000000 0.000000 0.000000 0.000000 0.000000 0.000000 0.000000 0.000000 0.000000 0.000000 0.000000 0.000000 0.000000 0.000000 0.000000 0.000000 0.000000 0.000000 0.000000 0.000000 0.000000 0.000000 0.000000 0.000000 0.000000 0.000000 0.000000 0.000000 0.000000 0.000000 0.000000 0.000000 0.000000 0.000000 0.000000 0.000000 0.000000 0.000000 0.000000 0.000000 0.000000 0.000000 0.000000 0.000000 0.000000 0.000000 0.000000 0.000000 0.000000 0.000000 0.000000 0.000000 0.000000 0.000000 0.000000 0.000000 0.000000 0.000000 0.000000 0.000000 0.000000 0.000000 0.000000 0.000000 0.000000 0.000000 0.000000 0.000000 0.000000 0.000000 
0.000000 0.000000 0.000000 0.000000 0.000000 0.000000 0.000000 0.000000 0.000000 0.000000 0.000000 0.000000 0.000000 0.000000 0.000000 0.000000 0.000000 0.000000 0.000000 0.000000 0.000000 0.000000 0.000000 0.000000 0.000000 0.000000 0.000000 0.000000 0.000000 0.000000 0.000000 0.000000 0.000000 0.000000 0.000000 0.000000 0.000000 0.000000 0.000000 0.000000 0.000000 0.000000 0.000000 0.000000 0.000000 0.000000 0.000000 0.000000 0.000000 0.000000 0.000000 0.000000 0.000000 0.000000 0.000000 0.000000 0.000000 0.000000 0.000000 0.000000 0.000000 0.000000 0.000000 0.000000 0.000000 0.000000 0.000000 0.000000 0.000000 0.000000 0.000000 0.000000 0.000000 0.000000 0.000000 0.000000 0.000000 0.000000 0.000000 0.000000 0.000000 0.000000 0.000000 0.000000 0.000000 0.000000 0.000000 0.000000 0.000000 0.000000 0.000000 0.000000 0.000000 0.000000 0.000000 0.000000 0.000000 0.000000 0.000000 0.000000 
0.000000 0.000000 0.000000 0.000000 0.000000 0.000000 0.000000 0.000000 0.000000 0.000000 0.000000 0.000000 0.000000 0.000000 0.000000 0.000000 0.000000 0.000000 0.000000 0.000000 0.000000 0.000000 0.000000 0.000000 0.000000 0.000000 0.000000 0.000000 0.000000 0.000000 0.000000 0.000000 0.000000 0.000000 0.000000 0.000000 0.000000 0.000000 0.000000 0.000000 0.000000 0.000000 0.000000 0.000000 0.000000 0.000000 0.000000 0.000000 0.000000 0.000000 0.000000 0.000000 0.000000 0.000000 0.000000 0.000000 0.000000 0.000000 0.000000 0.000000 0.000000 0.000000 0.000000 0.000000 0.000000 0.000000 0.000000 0.000000 0.000000 0.000000 0.000000 0.000000 0.000000 0.000000 0.000000 0.000000 0.000000 0.000000 0.000000 0.000000 0.000000 0.000000 0.000000 0.000000 0.000000 0.000000 0.000000 0.000000 0.000000 0.000000 0.000000 0.000000 0.000000 0.000000 0.000000 0.000000 0.000000 0.000000 0.000000 0.000000 
0.000000 0.000000 0.000000 0.000000 0.000000 0.000000 0.000000 0.000000 0.000000 0.000000 0.000000 0.000000 0.000000 0.000000 0.000000 0.000000 0.000000 0.000000 0.000000 0.000000 0.000000 0.000000 0.000000 0.000000 0.000000 0.000000 0.000000 0.000000 0.000000 0.000000 0.000000 0.000000 0.000000 0.000000 0.000000 0.000000 0.000000 0.000000 0.000000 0.000000 0.000000 0.000000 0.000000 0.000000 0.000000 0.000000 0.000000 0.000000 0.000000 0.000000 0.000000 0.000000 0.000000 0.000000 0.000000 0.000000 0.000000 0.000000 0.000000 0.000000 0.000000 0.000000 0.000000 0.000000 0.000000 0.000000 0.000000 0.000000 0.000000 0.000000 0.000000 0.000000 0.000000 0.000000 0.000000 0.000000 0.000000 0.000000 0.000000 0.000000 0.000000 0.000000 0.000000 0.000000 0.000000 0.000000 0.000000 0.000000 0.000000 0.000000 0.000000 0.000000 0.000000 0.000000 0.000000 0.000000 0.000000 0.000000 0.000000 0.000000 
0.000000 0.000000 0.000000 0.000000 0.000000 0.000000 0.000000 0.000000 0.000000 0.000000 0.000000 0.000000 0.000000 0.000000 0.000000 0.000000 0.000000 0.000000 0.000000 0.000000 0.000000 0.000000 0.000000 0.000000 0.000000 0.000000 0.000000 0.000000 0.000000 0.000000 0.000000 0.000000 0.000000 0.000000 0.000000 0.000000 0.000000 0.000000 0.000000 0.000000 0.000000 0.000000 0.000000 0.000000 0.000000 0.000000 0.000001 0.000001 0.000001 0.000001 0.000001 0.000001 0.000001 0.000001 0.000001 0.000000 0.000000 0.000000 0.000000 0.000000 0.000000 0.000000 0.000000 0.000000 0.000000 0.000000 0.000000 0.000000 0.000000 0.000000 0.000000 0.000000 0.000000 0.000000 0.000000 0.000000 0.000000 0.000000 0.000000 0.000000 0.000000 0.000000 0.000000 0.000000 0.000000 0.000000 0.000000 0.000000 0.000000 0.000000 0.000000 0.000000 0.000000 0.000000 0.000000 0.000000 0.000000 0.000000 0.000000 0.000000 
0.000000 0.000000 0.000000 0.000000 0.000000 0.000000 0.000000 0.000000 0.000000 0.000000 0.000000 0.000000 0.000000 0.000000 0.000000 0.000000 0.000000 0.000000 0.000000 0.000000 0.000000 0.000000 0.000000 0.000000 0.000000 0.000000 0.000000 0.000000 0.000000 0.000000 0.000000 0.000000 0.000000 0.000000 0.000000 0.000000 0.000000 0.000000 0.000000 0.000000 0.000000 0.000001 0.000001 0.000001 0.000001 0.000001 0.000001 0.000001 0.000001 0.000002 0.000002 0.000002 0.000001 0.000001 0.000001 0.000001 0.000001 0.000001 0.000001 0.000001 0.000000 0.000000 0.000000 0.000000 0.000000 0.000000 0.000000 0.000000 0.000000 0.000000 0.000000 0.000000 0.000000 0.000000 0.000000 0.000000 0.000000 0.000000 0.000000 0.000000 0.000000 0.000000 0.000000 0.000000 0.000000 0.000000 0.000000 0.000000 0.000000 0.000000 0.000000 0.000000 0.000000 0.000000 0.000000 0.000000 0.000000 0.000000 0.000000 0.000000 
0.000000 0.000000 0.000000 0.000000 0.000000 0.000000 0.000000 0.000000 0.000000 0.000000 0.000000 0.000000 0.000000 0.000000 0.000000 0.000000 0.000000 0.000000 0.000000 0.000000 0.000000 0.000000 0.000000 0.000000 0.000000 0.000000 0.000000 0.000000 0.000000 0.000000 0.000000 0.000000 0.000000 0.000000 0.000000 0.000000 0.000000 0.000001 0.000001 0.000001 0.000001 0.000001 0.000002 0.000002 0.000002 0.000003 0.000003 0.000003 0.000003 0.000004 0.000004 0.000004 0.000003 0.000003 0.000003 0.000003 0.000002 0.000002 0.000002 0.000001 0.000001 0.000001 0.000001 0.000001 0.000000 0.000000 0.000000 0.000000 0.000000 0.000000 0.000000 0.000000 0.000000 0.000000 0.000000 0.000000 0.000000 0.000000 0.000000 0.000000 0.000000 0.000000 0.000000 0.000000 0.000000 0.000000 0.000000 0.000000 0.000000 0.000000 0.000000 0.000000 0.000000 0.000000 0.000000 0.000000 0.000000 0.000000 0.000000 0.000000 
0.000000 0.000000 0.000000 0.000000 0.000000 0.000000 0.000000 0.000000 0.000000 0.000000 0.000000 0.000000 0.000000 0.000000 0.000000 0.000000 0.000000 0.000000 0.000000 0.000000 0.000000 0.000000 0.000000 0.000000 0.000000 0.000000 0.000000 0.000000 0.000000 0.000000 0.000000 0.000000 0.000000 0.000000 0.000000 0.000001 0.000001 0.000001 0.000002 0.000002 0.000003 0.000003 0.000004 0.000005 0.000006 0.000006 0.000007 0.000008 0.000008 0.000008 0.000008 0.000008 0.000008 0.000008 0.000007 0.000006 0.000006 0.000005 0.000004 0.000003 0.000003 0.000002 0.000002 0.000001 0.000001 0.000001 0.000000 0.000000 0.000000 0.000000 0.000000 0.000000 0.000000 0.000000 0.000000 0.000000 0.000000 0.000000 0.000000 0.000000 0.000000 0.000000 0.000000 0.000000 0.000000 0.000000 0.000000 0.000000 0.000000 0.000000 0.000000 0.000000 0.000000 0.000000 0.000000 0.000000 0.000000 0.000000 0.000000 0.000000 
0.000000 0.000000 0.000000 0.000000 0.000000 0.000000 0.000000 0.000000 0.000000 0.000000 0.000000 0.000000 0.000000 0.000000 0.000000 0.000000 0.000000 0.000000 0.000000 0.000000 0.000000 0.000000 0.000000 0.000000 0.000000 0.000000 0.000000 0.000000 0.000000 0.000000 0.000000 0.000000 0.000000 0.000001 0.000001 0.000001 0.000002 0.000003 0.000004 0.000005 0.000006 0.000008 0.000009 0.000011 0.000013 0.000014 0.000016 0.000017 0.000018 0.000019 0.000019 0.000019 0.000018 0.000017 0.000016 0.000014 0.000013 0.000011 0.000009 0.000008 0.000006 0.000005 0.000004 0.000003 0.000002 0.000001 0.000001 0.000001 0.000000 0.000000 0.000000 0.000000 0.000000 0.000000 0.000000 0.000000 0.000000 0.000000 0.000000 0.000000 0.000000 0.000000 0.000000 0.000000 0.000000 0.000000 0.000000 0.000000 0.000000 0.000000 0.000000 0.000000 0.000000 0.000000 0.000000 0.000000 0.000000 0.000000 0.000000 0.000000 
0.000000 0.000000 0.000000 0.000000 0.000000 0.000000 0.000000 0.000000 0.000000 0.000000 0.000000 0.000000 0.000000 0.000000 0.000000 0.000000 0.000000 0.000000 0.000000 0.000000 0.000000 0.000000 0.000000 0.000000 0.000000 0.000000 0.000000 0.000000 0.000000 0.000000 0.000000 0.000001 0.000001 0.000002 0.000002 0.000003 0.000005 0.000006 0.000008 0.000011 0.000014 0.000017 0.000021 0.000025 0.000029 0.000033 0.000036 0.000039 0.000041 0.000043 0.000043 0.000043 0.000041 0.000039 0.000036 0.000033 0.000029 0.000025 0.000021 0.000017 0.000014 0.000011 0.000008 0.000006 0.000005 0.000003 0.000002 0.000002 0.000001 0.000001 0.000000 0.000000 0.000000 0.000000 0.000000 0.000000 0.000000 0.000000 0.000000 0.000000 0.000000 0.000000 0.000000 0.000000 0.000000 0.000000 0.000000 0.000000 0.000000 0.000000 0.000000 0.000000 0.000000 0.000000 0.000000 0.000000 0.000000 0.000000 0.000000 0.000000 
0.000000 0.000000 0.000000 0.000000 0.000000 0.000000 0.000000 0.000000 0.000000 0.000000 0.000000 0.000000 0.000000 0.000000 0.000000 0.000000 0.000000 0.000000 0.000000 0.000000 0.000000 0.000000 0.000000 0.000000 0.000000 0.000000 0.000000 0.000000 0.000000 0.000001 0.000001 0.000002 0.000002 0.000004 0.000005 0.000007 0.000010 0.000014 0.000019 0.000024 0.000031 0.000038 0.000046 0.000055 0.000063 0.000072 0.000079 0.000086 0.000091 0.000094 0.000095 0.000094 0.000091 0.000086 0.000079 0.000072 0.000063 0.000055 0.000046 0.000038 0.000031 0.000024 0.000019 0.000014 0.000010 0.000007 0.000005 0.000004 0.000002 0.000002 0.000001 0.000001 0.000000 0.000000 0.000000 0.000000 0.000000 0.000000 0.000000 0.000000 0.000000 0.000000 0.000000 0.000000 0.000000 0.000000 0.000000 0.000000 0.000000 0.000000 0.000000 0.000000 0.000000 0.000000 0.000000 0.000000 0.000000 0.000000 0.000000 0.000000 
0.000000 0.000000 0.000000 0.000000 0.000000 0.000000 0.000000 0.000000 0.000000 0.000000 0.000000 0.000000 0.000000 0.000000 0.000000 0.000000 0.000000 0.000000 0.000000 0.000000 0.000000 0.000000 0.000000 0.000000 0.000000 0.000000 0.000000 0.000001 0.000001 0.000001 0.000002 0.000004 0.000005 0.000008 0.000011 0.000016 0.000023 0.000031 0.000040 0.000052 0.000066 0.000082 0.000100 0.000118 0.000137 0.000155 0.000171 0.000186 0.000196 0.000203 0.000206 0.000203 0.000196 0.000186 0.000171 0.000155 0.000137 0.000118 0.000100 0.000082 0.000066 0.000052 0.000040 0.000031 0.000023 0.000016 0.000011 0.000008 0.000005 0.000004 0.000002 0.000001 0.000001 0.000001 0.000000 0.000000 0.000000 0.000000 0.000000 0.000000 0.000000 0.000000 0.000000 0.000000 0.000000 0.000000 0.000000 0.000000 0.000000 0.000000 0.000000 0.000000 0.000000 0.000000 0.000000 0.000000 0.000000 0.000000 0.000000 0.000000 
0.000000 0.000000 0.000000 0.000000 0.000000 0.000000 0.000000 0.000000 0.000000 0.000000 0.000000 0.000000 0.000000 0.000000 0.000000 0.000000 0.000000 0.000000 0.000000 0.000000 0.000000 0.000000 0.000000 0.000000 0.000000 0.000000 0.000001 0.000001 0.000002 0.000003 0.000005 0.000008 0.000011 0.000017 0.000025 0.000035 0.000048 0.000065 0.000086 0.000112 0.000141 0.000175 0.000212 0.000251 0.000290 0.000328 0.000364 0.000393 0.000416 0.000430 0.000435 0.000430 0.000416 0.000393 0.000364 0.000328 0.000290 0.000251 0.000212 0.000175 0.000141 0.000112 0.000086 0.000065 0.000048 0.000035 0.000025 0.000017 0.000011 0.000008 0.000005 0.000003 0.000002 0.000001 0.000001 0.000000 0.000000 0.000000 0.000000 0.000000 0.000000 0.000000 0.000000 0.000000 0.000000 0.000000 0.000000 0.000000 0.000000 0.000000 0.000000 0.000000 0.000000 0.000000 0.000000 0.000000 0.000000 0.000000 0.000000 0.000000 
0.000000 0.000000 0.000000 0.000000 0.000000 0.000000 0.000000 0.000000 0.000000 0.000000 0.000000 0.000000 0.000000 0.000000 0.000000 0.000000 0.000000 0.000000 0.000000 0.000000 0.000000 0.000000 0.000000 0.000000 0.000000 0.000001 0.000001 0.000002 0.000004 0.000007 0.000010 0.000016 0.000024 0.000036 0.000051 0.000073 0.000101 0.000136 0.000180 0.000233 0.000294 0.000364 0.000441 0.000522 0.000604 0.000683 0.000756 0.000818 0.000865 0.000895 0.000905 0.000895 0.000865 0.000818 0.000756 0.000683 0.000604 0.000522 0.000441 0.000364 0.000294 0.000233 0.000180 0.000136 0.000101 0.000073 0.000051 0.000036 0.000024 0.000016 0.000010 0.000007 0.000004 0.000002 0.000001 0.000001 0.000000 0.000000 0.000000 0.000000 0.000000 0.000000 0.000000 0.000000 0.000000 0.000000 0.000000 0.000000 0.000000 0.000000 0.000000 0.000000 0.000000 0.000000 0.000000 0.000000 0.000000 0.000000 0.000000 0.000000 
0.000000 0.000000 0.000000 0.000000 0.000000 0.000000 0.000000 0.000000 0.000000 0.000000 0.000000 0.000000 0.000000 0.000000 0.000000 0.000000 0.000000 0.000000 0.000000 0.000000 0.000000 0.000000 0.000000 0.000001 0.000001 0.000002 0.000003 0.000005 0.000008 0.000014 0.000021 0.000033 0.000050 0.000073 0.000106 0.000149 0.000206 0.000279 0.000368 0.000476 0.000602 0.000744 0.000900 0.001065 0.001232 0.001393 0.001541 0.001667 0.001763 0.001823 0.001844 0.001823 0.001763 0.001667 0.001541 0.001393 0.001232 0.001065 0.000900 0.000744 0.000602 0.000476 0.000368 0.000279 0.000206 0.000149 0.000106 0.000073 0.000050 0.000033 0.000021 0.000014 0.000008 0.000005 0.000003 0.000002 0.000001 0.000001 0.000000 0.000000 0.000000 0.000000 0.000000 0.000000 0.000000 0.000000 0.000000 0.000000 0.000000 0.000000 0.000000 0.000000 0.000000 0.000000 0.000000 0.000000 0.000000 0.000000 0.000000 0.000000 
0.000000 0.000000 0.000000 0.000000 0.000000 0.000000 0.000000 0.000000 0.000000 0.000000 0.000000 0.000000 0.000000 0.000000 0.000000 0.000000 0.000000 0.000000 0.000000 0.000000 0.000000 0.000000 0.000001 0.000001 0.000002 0.000004 0.000006 0.000010 0.000017 0.000028 0.000043 0.000067 0.000100 0.000148 0.000213 0.000300 0.000415 0.000560 0.000739 0.000955 0.001207 0.001491 0.001803 0.002131 0.002464 0.002787 0.003081 0.003332 0.003524 0.003644 0.003685 0.003644 0.003524 0.003332 0.003081 0.002787 0.002464 0.002131 0.001803 0.001491 0.001207 0.000955 0.000739 0.000560 0.000415 0.000300 0.000213 0.000148 0.000100 0.000067 0.000043 0.000028 0.000017 0.000010 0.000006 0.000004 0.000002 0.000001 0.000001 0.000000 0.000000 0.000000 0.000000 0.000000 0.000000 0.000000 0.000000 0.000000 0.000000 0.000000 0.000000 0.000000 0.000000 0.000000 0.000000 0.000000 0.000000 0.000000 0.000000 0.000000 
0.000000 0.000000 0.000000 0.000000 0.000000 0.000000 0.000000 0.000000 0.000000 0.000000 0.000000 0.000000 0.000000 0.000000 0.000000 0.000000 0.000000 0.000000 0.000000 0.000000 0.000000 0.000001 0.000001 0.000002 0.000004 0.000007 0.000012 0.000021 0.000034 0.000055 0.000086 0.000132 0.000198 0.000292 0.000421 0.000593 0.000817 0.001103 0.001455 0.001878 0.002372 0.002930 0.003540 0.004184 0.004835 0.005466 0.006042 0.006533 0.006907 0.007142 0.007222 0.007142 0.006907 0.006533 0.006042 0.005466 0.004835 0.004184 0.003540 0.002930 0.002372 0.001878 0.001455 0.001103 0.000817 0.000593 0.000421 0.000292 0.000198 0.000132 0.000086 0.000055 0.000034 0.000021 0.000012 0.000007 0.000004 0.000002 0.000001 0.000001 0.000000 0.000000 0.000000 0.000000 0.000000 0.000000 0.000000 0.000000 0.000000 0.000000 0.000000 0.000000 0.000000 0.000000 0.000000 0.000000 0.000000 0.000000 0.000000 0.000000 
0.000000 0.000000 0.000000 0.000000 0.000000 0.000000 0.000000 0.000000 0.000000 0.000000 0.000000 0.000000 0.000000 0.000000 0.000000 0.000000 0.000000 0.000000 0.000000 0.000000 0.000001 0.000001 0.000003 0.000005 0.000008 0.000014 0.000024 0.000041 0.000066 0.000106 0.000167 0.000256 0.000385 0.000566 0.000814 0.001147 0.001580 0.002129 0.002808 0.003623 0.004572 0.005645 0.006816 0.008051 0.009302 0.010511 0.011617 0.012557 0.013275 0.013725 0.013879 0.013725 0.013275 0.012557 0.011617 0.010511 0.009302 0.008051 0.006816 0.005645 0.004572 0.003623 0.002808 0.002129 0.001580 0.001147 0.000814 0.000566 0.000385 0.000256 0.000167 0.000106 0.000066 0.000041 0.000024 0.000014 0.000008 0.000005 0.000003 0.000001 0.000001 0.000000 0.000000 0.000000 0.000000 0.000000 0.000000 0.000000 0.000000 0.000000 0.000000 0.000000 0.000000 0.000000 0.000000 0.000000 0.000000 0.000000 0.000000 0.000000 
0.000000 0.000000 0.000000 0.000000 0.000000 0.000000 0.000000 0.000000 0.000000 0.000000 0.000000 0.000000 0.000000 0.000000 0.000000 0.000000 0.000000 0.000000 0.000000 0.000001 0.000001 0.000003 0.000005 0.000009 0.000016 0.000027 0.000046 0.000078 0.000127 0.000203 0.000318 0.000488 0.000732 0.001075 0.001546 0.002175 0.002993 0.004032 0.005313 0.006850 0.008639 0.010660 0.012867 0.015191 0.017545 0.019819 0.021898 0.023666 0.025015 0.025862 0.026150 0.025862 0.025015 0.023666 0.021898 0.019819 0.017545 0.015191 0.012867 0.010660 0.008639 0.006850 0.005313 0.004032 0.002993 0.002175 0.001546 0.001075 0.000732 0.000488 0.000318 0.000203 0.000127 0.000078 0.000046 0.000027 0.000016 0.000009 0.000005 0.000003 0.000001 0.000001 0.000000 0.000000 0.000000 0.000000 0.000000 0.000000 0.000000 0.000000 0.000000 0.000000 0.000000 0.000000 0.000000 0.000000 0.000000 0.000000 0.000000 0.000000 
0.000000 0.000000 0.000000 0.000000 0.000000 0.000000 0.000000 0.000000 0.000000 0.000000 0.000000 0.000000 0.000000 0.000000 0.000000 0.000000 0.000000 0.000000 0.000001 0.000001 0.000003 0.000005 0.000009 0.000017 0.000029 0.000051 0.000087 0.000145 0.000237 0.000380 0.000594 0.000910 0.001364 0.002002 0.002876 0.004042 0.005559 0.007482 0.009853 0.012695 0.016003 0.019735 0.023809 0.028099 0.032440 0.036635 0.040468 0.043726 0.046212 0.047772 0.048304 0.047772 0.046212 0.043726 0.040468 0.036635 0.032440 0.028099 0.023809 0.019735 0.016003 0.012695 0.009853 0.007482 0.005559 0.004042 0.002876 0.002002 0.001364 0.000910 0.000594 0.000380 0.000237 0.000145 0.000087 0.000051 0.000029 0.000017 0.000009 0.000005 0.000003 0.000001 0.000001 0.000000 0.000000 0.000000 0.000000 0.000000 0.000000 0.000000 0.000000 0.000000 0.000000 0.000000 0.000000 0.000000 0.000000 0.000000 0.000000 0.000000 
0.000000 0.000000 0.000000 0.000000 0.000000 0.000000 0.000000 0.000000 0.000000 0.000000 0.000000 0.000000 0.000000 0.000000 0.000000 0.000000 0.000000 0.000001 0.000001 0.000003 0.000005 0.000009 0.000017 0.000031 0.000054 0.000094 0.000160 0.000267 0.000435 0.000695 0.001087 0.001663 0.002492 0.003654 0.005243 0.007363 0.010120 0.013610 0.017911 0.023063 0.029055 0.035813 0.043187 0.050948 0.058798 0.066381 0.073309 0.079195 0.083688 0.086505 0.087466 0.086505 0.083688 0.079195 0.073309 0.066381 0.058798 0.050948 0.043187 0.035813 0.029055 0.023063 0.017911 0.013610 0.010120 0.007363 0.005243 0.003654 0.002492 0.001663 0.001087 0.000695 0.000435 0.000267 0.000160 0.000094 0.000054 0.000031 0.000017 0.000009 0.000005 0.000003 0.000001 0.000001 0.000000 0.000000 0.000000 0.000000 0.000000 0.000000 0.000000 0.000000 0.000000 0.000000 0.000000 0.000000 0.000000 0.000000 0.000000 0.000000 
0.000000 0.000000 0.000000 0.000000 0.000000 0.000000 0.000000 0.000000 0.000000 0.000000 0.000000 0.000000 0.000000 0.000000 0.000000 0.000000 0.000001 0.000001 0.000002 0.000005 0.000009 0.000017 0.000031 0.000055 0.000098 0.000170 0.000289 0.000480 0.000783 0.001248 0.001949 0.002980 0.004460 0.006533 0.009368 0.013145 0.018053 0.024263 0.031909 0.041063 0.051705 0.063700 0.076780 0.090544 0.104459 0.117896 0.130171 0.140598 0.148554 0.153543 0.155244 0.153543 0.148554 0.140598 0.130171 0.117896 0.104459 0.090544 0.076780 0.063700 0.051705 0.041063 0.031909 0.024263 0.018053 0.013145 0.009368 0.006533 0.004460 0.002980 0.001949 0.001248 0.000783 0.000480 0.000289 0.000170 0.000098 0.000055 0.000031 0.000017 0.000009 0.000005 0.000002 0.000001 0.000001 0.000000 0.000000 0.000000 0.000000 0.000000 0.000000 0.000000 0.000000 0.000000 0.000000 0.000000 0.000000 0.000000 0.000000 0.000000 
0.000000 0.000000 0.000000 0.000000 0.000000 0.000000 0.000000 0.000000 0.000000 0.000000 0.000000 0.000000 0.000000 0.000000 0.000000 0.000000 0.000001 0.000002 0.000004 0.000008 0.000016 0.000029 0.000054 0.000098 0.000173 0.000300 0.000510 0.000847 0.001378 0.002195 0.003425 0.005231 0.007822 0.011448 0.016401 0.022997 0.031561 0.042388 0.055711 0.071652 0.090174 0.111040 0.133785 0.157707 0.181885 0.205226 0.226542 0.244645 0.258457 0.267117 0.270068 0.267117 0.258457 0.244645 0.226542 0.205226 0.181885 0.157707 0.133785 0.111040 0.090174 0.071652 0.055711 0.042388 0.031561 0.022997 0.016401 0.011448 0.007822 0.005231 0.003425 0.002195 0.001378 0.000847 0.000510 0.000300 0.000173 0.000098 0.000054 0.000029 0.000016 0.000008 0.000004 0.000002 0.000001 0.000000 0.000000 0.000000 0.000000 0.000000 0.000000 0.000000 0.000000 0.000000 0.000000 0.000000 0.000000 0.000000 0.000000 0.000000 
0.000000 0.000000 0.000000 0.000000 0.000000 0.000000 0.000000 0.000000 0.000000 0.000000 0.000000 0.000000 0.000000 0.000000 0.000000 0.000001 0.000002 0.000004 0.000007 0.000014 0.000027 0.000051 0.000094 0.000170 0.000300 0.000520 0.000881 0.001462 0.002377 0.003783 0.005896 0.008997 0.013440 0.019654 0.028135 0.039422 0.054064 0.072564 0.095315 0.122520 0.154113 0.189688 0.228450 0.269201 0.310374 0.350111 0.386391 0.417196 0.440697 0.455430 0.460450 0.455430 0.440697 0.417196 0.386391 0.350111 0.310374 0.269201 0.228450 0.189688 0.154113 0.122520 0.095315 0.072564 0.054064 0.039422 0.028135 0.019654 0.013440 0.008997 0.005896 0.003783 0.002377 0.001462 0.000881 0.000520 0.000300 0.000170 0.000094 0.000051 0.000027 0.000014 0.000007 0.000004 0.000002 0.000001 0.000000 0.000000 0.000000 0.000000 0.000000 0.000000 0.000000 0.000000 0.000000 0.000000 0.000000 0.000000 0.000000 0.000000 
0.000000 0.000000 0.000000 0.000000 0.000000 0.000000 0.000000 0.000000 0.000000 0.000000 0.000000 0.000000 0.000000 0.000000 0.000001 0.000001 0.000003 0.000006 0.000012 0.000024 0.000046 0.000087 0.000160 0.000289 0.000510 0.000881 0.001491 0.002473 0.004015 0.006385 0.009942 0.015158 0.022624 0.033059 0.047288 0.066212 0.090742 0.121717 0.159787 0.205284 0.258093 0.317530 0.382264 0.450296 0.519010 0.585307 0.645823 0.697198 0.736386 0.760952 0.769322 0.760952 0.736386 0.697198 0.645823 0.585307 0.519010 0.450296 0.382264 0.317530 0.258093 0.205284 0.159787 0.121717 0.090742 0.066212 0.047288 0.033059 0.022624 0.015158 0.009942 0.006385 0.004015 0.002473 0.001491 0.000881 0.000510 0.000289 0.000160 0.000087 0.000046 0.000024 0.000012 0.000006 0.000003 0.000001 0.000001 0.000000 0.000000 0.000000 0.000000 0.000000 0.000000 0.000000 0.000000 0.000000 0.000000 0.000000 0.000000 0.000000 
0.000000 0.000000 0.000000 0.000000 0.000000 0.000000 0.000000 0.000000 0.000000 0.000000 0.000000 0.000000 0.000000 0.000001 0.000001 0.000002 0.000005 0.000010 0.000021 0.000041 0.000078 0.000145 0.000267 0.000480 0.000847 0.001462 0.002473 0.004096 0.006645 0.010557 0.016423 0.025016 0.037309 0.054474 0.077864 0.108948 0.149216 0.200031 0.262450 0.337006 0.423502 0.520810 0.626748 0.738045 0.850421 0.958817 1.057737 1.141701 1.205738 1.245877 1.259552 1.245877 1.205738 1.141701 1.057737 0.958817 0.850421 0.738045 0.626748 0.520810 0.423502 0.337006 0.262450 0.200031 0.149216 0.108948 0.077864 0.054474 0.037309 0.025016 0.016423 0.010557 0.006645 0.004096 0.002473 0.001462 0.000847 0.000480 0.000267 0.000145 0.000078 0.000041 0.000021 0.000010 0.000005 0.000002 0.000001 0.000001 0.000000 0.000000 0.000000 0.000000 0.000000 0.000000 0.000000 0.000000 0.000000 0.000000 0.000000 0.000000 
0.000000 0.000000 0.000000 0.000000 0.000000 0.000000 0.000000 0.000000 0.000000 0.000000 0.000000 0.000000 0.000000 0.000001 0.000002 0.000004 0.000008 0.000017 0.000034 0.000066 0.000127 0.000237 0.000435 0.000783 0.001378 0.002377 0.004015 0.006645 0.010770 0.017094 0.026571 0.040441 0.060266 0.087929 0.125595 0.175618 0.240378 0.322053 0.422323 0.542030 0.680841 0.836937 1.006813 1.185219 1.365302 1.538962 1.697408 1.831873 1.934414 1.998682 2.020577 1.998682 1.934414 1.831873 1.697408 1.538962 1.365302 1.185219 1.006813 0.836937 0.680841 0.542030 0.422323 0.322053 0.240378 0.175618 0.125595 0.087929 0.060266 0.040441 0.026571 0.017094 0.010770 0.006645 0.004015 0.002377 0.001378 0.000783 0.000435 0.000237 0.000127 0.000066 0.000034 0.000017 0.000008 0.000004 0.000002 0.000001 0.000000 0.000000 0.000000 0.000000 0.000000 0.000000 0.000000 0.000000 0.000000 0.000000 0.000000 0.000000 
0.000000 0.000000 0.000000 0.000000 0.000000 0.000000 0.000000 0.000000 0.000000 0.000000 0.000000 0.000000 0.000001 0.000001 0.000003 0.000007 0.000014 0.000028 0.000055 0.000106 0.000203 0.000380 0.000695 0.001248 0.002195 0.003783 0.006385 0.010557 0.017094 0.027110 0.042104 0.064031 0.095350 0.139018 0.198437 0.277297 0.379329 0.507937 0.665740 0.854043 1.072298 1.317631 1.584523 1.864724 2.147479 2.420081 2.668749 2.879748 3.040632 3.141458 3.175807 3.141458 3.040632 2.879748 2.668749 2.420081 2.147479 1.864724 1.584523 1.317631 1.072298 0.854043 0.665740 0.507937 0.379329 0.277297 0.198437 0.139018 0.095350 0.064031 0.042104 0.027110 0.017094 0.010557 0.006385 0.003783 0.002195 0.001248 0.000695 0.000380 0.000203 0.000106 0.000055 0.000028 0.000014 0.000007 0.000003 0.000001 0.000001 0.000000 0.000000 0.000000 0.000000 0.000000 0.000000 0.000000 0.000000 0.000000 0.000000 0.000000 
0.000000 0.000000 0.000000 0.000000 0.000000 0.000000 0.000000 0.000000 0.000000 0.000000 0.000000 0.000000 0.000001 0.000002 0.000005 0.000010 0.000021 0.000043 0.000086 0.000167 0.000318 0.000594 0.001087 0.001949 0.003425 0.005896 0.009942 0.016423 0.026571 0.042104 0.065338 0.099291 0.147750 0.215272 0.307086 0.428867 0.586338 0.784717 1.028008 1.318186 1.654376 2.032129 2.442932 2.874086 3.309051 3.728299 4.110663 4.435055 4.682370 4.837350 4.890145 4.837350 4.682370 4.435055 4.110663 3.728299 3.309051 2.874086 2.442932 2.032129 1.654376 1.318186 1.028008 0.784717 0.586338 0.428867 0.307086 0.215272 0.147750 0.099291 0.065338 0.042104 0.026571 0.016423 0.009942 0.005896 0.003425 0.001949 0.001087 0.000594 0.000318 0.000167 0.000086 0.000043 0.000021 0.000010 0.000005 0.000002 0.000001 0.000000 0.000000 0.000000 0.000000 0.000000 0.000000 0.000000 0.000000 0.000000 0.000000 0.000000 
0.000000 0.000000 0.000000 0.000000 0.000000 0.000000 0.000000 0.000000 0.000000 0.000000 0.000000 0.000001 0.000002 0.000004 0.000008 0.000016 0.000033 0.000067 0.000132 0.000256 0.000488 0.000910 0.001663 0.002980 0.005231 0.008997 0.015158 0.025016 0.040441 0.064031 0.099291 0.150781 0.224217 0.326472 0.465431 0.649633 0.887687 1.187430 1.554854 1.992894 2.500184 3.069978 3.689417 4.339349 4.994853 5.626531 6.202530 6.691124 7.063585 7.296971 7.376472 7.296971 7.063585 6.691124 6.202530 5.626531 4.994853 4.339349 3.689417 3.069978 2.500184 1.992894 1.554854 1.187430 0.887687 0.649633 0.465431 0.326472 0.224217 0.150781 0.099291 0.064031 0.040441 0.025016 0.015158 0.008997 0.005231 0.002980 0.001663 0.000910 0.000488 0.000256 0.000132 0.000067 0.000033 0.000016 0.000008 0.000004 0.000002 0.000001 0.000000 0.000000 0.000000 0.000000 0.000000 0.000000 0.000000 0.000000 0.000000 0.000000 
0.000000 0.000000 0.000000 0.000000 0.000000 0.000000 0.000000 0.000000 0.000000 0.000000 0.000000 0.000001 0.000002 0.000005 0.000011 0.000024 0.000050 0.000100 0.000198 0.000385 0.000732 0.001364 0.002492 0.004460 0.007822 0.013440 0.022624 0.037309 0.060266 0.095350 0.147750 0.224217 0.333202 0.484864 0.690839 0.963725 1.316206 1.759808 2.303325 2.951028 3.700836 4.542731 5.457688 6.417414 7.385128 8.317470 9.167479 9.888402 10.437911 10.782212 10.899492 10.782212 10.437911 9.888402 9.167479 8.317470 7.385128 6.417414 5.457688 4.542731 3.700836 2.951028 2.303325 1.759808 1.316206 0.963725 0.690839 0.484864 0.333202 0.224217 0.147750 0.095350 0.060266 0.037309 0.022624 0.013440 0.007822 0.004460 0.002492 0.001364 0.000732 0.000385 0.000198 0.000100 0.000050 0.000024 0.000011 0.000005 0.000002 0.000001 0.000000 0.000000 0.000000 0.000000 0.000000 0.000000 0.000000 0.000000 0.000000 0.000000 
0.000000 0.000000 0.000000 0.000000 0.000000 0.000000 0.000000 0.000000 0.000000 0.000000 0.000001 0.000002 0.000004 0.000008 0.000017 0.000036 0.000073 0.000148 0.000292 0.000566 0.001075 0.002002 0.003654 0.006533 0.011448 0.019654 0.033059 0.054474 0.087929 0.139018 0.215272 0.326472 0.484864 0.705147 1.004150 1.400072 1.911222 2.554211 3.341684 4.279729 5.365250 6.583682 7.907453 9.295624 10.695021 12.042994 13.271725 14.313716 15.107872 15.605425 15.774902 15.605425 15.107872 14.313716 13.271725 12.042994 10.695021 9.295624 7.907453 6.583682 5.365250 4.279729 3.341684 2.554211 1.911222 1.400072 1.004150 0.705147 0.484864 0.326472 0.215272 0.139018 0.087929 0.054474 0.033059 0.019654 0.011448 0.006533 0.003654 0.002002 0.001075 0.000566 0.000292 0.000148 0.000073 0.000036 0.000017 0.000008 0.000004 0.000002 0.000001 0.000000 0.000000 0.000000 0.000000 0.000000 0.000000 0.000000 0.000000 0.000000 
0.000000 0.000000 0.000000 0.000000 0.000000 0.000000 0.000000 0.000000 0.000000 0.000000 0.000001 0.000002 0.000005 0.000011 0.000025 0.000051 0.000106 0.000213 0.000421 0.000814 0.001546 0.002876 0.005243 0.009368 0.016401 0.028135 0.047288 0.077864 0.125595 0.198437 0.307086 0.465431 0.690839 1.004150 1.429198 1.991741 2.717660 3.630412 4.747809 6.078357 7.617557 9.344669 11.220564 13.187222 15.169343 17.078265 18.818047 20.293233 21.417442 22.121736 22.361625 22.121736 21.417442 20.293233 18.818047 17.078265 15.169343 13.187222 11.220564 9.344669 7.617557 6.078357 4.747809 3.630412 2.717660 1.991741 1.429198 1.004150 0.690839 0.465431 0.307086 0.198437 0.125595 0.077864 0.047288 0.028135 0.016401 0.009368 0.005243 0.002876 0.001546 0.000814 0.000421 0.000213 0.000106 0.000051 0.000025 0.000011 0.000005 0.000002 0.000001 0.000000 0.000000 0.000000 0.000000 0.000000 0.000000 0.000000 0.000000 0.000000 
0.000000 0.000000 0.000000 0.000000 0.000000 0.000000 0.000000 0.000000 0.000000 0.000001 0.000001 0.000003 0.000007 0.000016 0.000035 0.000073 0.000149 0.000300 0.000593 0.001147 0.002175 0.004042 0.007363 0.013145 0.022997 0.039422 0.066212 0.108948 0.175618 0.277297 0.428867 0.649633 0.963725 1.400072 1.991741 2.774432 3.783990 5.052856 6.605611 8.453908 10.591350 12.989028 15.592557 18.321405 21.071136 23.718846 26.131596 28.177157 29.735898 30.712358 31.044941 30.712358 29.735898 28.177157 26.131596 23.718846 21.071136 18.321405 15.592557 12.989028 10.591350 8.453908 6.605611 5.052856 3.783990 2.774432 1.991741 1.400072 0.963725 0.649633 0.428867 0.277297 0.175618 0.108948 0.066212 0.039422 0.022997 0.013145 0.007363 0.004042 0.002175 0.001147 0.000593 0.000300 0.000149 0.000073 0.000035 0.000016 0.000007 0.000003 0.000001 0.000001 0.000000 0.000000 0.000000 0.000000 0.000000 0.000000 0.000000 0.000000 
0.000000 0.000000 0.000000 0.000000 0.000000 0.000000 0.000000 0.000000 0.000000 0.000001 0.000002 0.000005 0.000010 0.000023 0.000048 0.000101 0.000206 0.000415 0.000817 0.001580 0.002993 0.005559 0.010120 0.018053 0.031561 0.054064 0.090742 0.149216 0.240378 0.379329 0.586338 0.887687 1.316206 1.911222 2.717660 3.783990 5.158828 6.886129 8.999124 11.513456 14.420237 17.680014 21.218770 24.927034 28.662946 32.259645 35.536712 38.314742 40.431455 41.757378 42.208975 41.757378 40.431455 38.314742 35.536712 32.259645 28.662946 24.927034 21.218770 17.680014 14.420237 11.513456 8.999124 6.886129 5.158828 3.783990 2.717660 1.911222 1.316206 0.887687 0.586338 0.379329 0.240378 0.149216 0.090742 0.054064 0.031561 0.018053 0.010120 0.005559 0.002993 0.001580 0.000817 0.000415 0.000206 0.000101 0.000048 0.000023 0.000010 0.000005 0.000002 0.000001 0.000000 0.000000 0.000000 0.000000 0.000000 0.000000 0.000000 0.000000 
0.000000 0.000000 0.000000 0.000000 0.000000 0.000000 0.000000 0.000000 0.000001 0.000001 0.000003 0.000006 0.000014 0.000031 0.000065 0.000136 0.000279 0.000560 0.001103 0.002129 0.004032 0.007482 0.013610 0.024263 0.042388 0.072564 0.121717 0.200031 0.322053 0.507937 0.784717 1.187430 1.759808 2.554211 3.630412 5.052856 6.886129 9.188559 12.004159 15.353506 19.224532 23.564524 28.274841 33.209757 38.180563 42.965391 47.324434 51.019288 53.834353 55.597637 56.198179 55.597637 53.834353 51.019288 47.324434 42.965391 38.180563 33.209757 28.274841 23.564524 19.224532 15.353506 12.004159 9.188559 6.886129 5.052856 3.630412 2.554211 1.759808 1.187430 0.784717 0.507937 0.322053 0.200031 0.121717 0.072564 0.042388 0.024263 0.013610 0.007482 0.004032 0.002129 0.001103 0.000560 0.000279 0.000136 0.000065 0.000031 0.000014 0.000006 0.000003 0.000001 0.000001 0.000000 0.000000 0.000000 0.000000 0.000000 0.000000 0.000000 
0.000000 0.000000 0.000000 0.000000 0.000000 0.000000 0.000000 0.000000 0.000001 0.000002 0.000004 0.000008 0.000019 0.000040 0.000086 0.000180 0.000368 0.000739 0.001455 0.002808 0.005313 0.009853 0.017911 0.031909 0.055711 0.095315 0.159787 0.262450 0.422323 0.665740 1.028008 1.554854 2.303325 3.341684 4.747809 6.605611 8.999124 12.004159 15.677817 20.046624 25.094560 30.752683 36.892273 43.323375 49.800154 56.033709 61.711875 66.524392 70.190725 72.487111 73.269198 72.487111 70.190725 66.524392 61.711875 56.033709 49.800154 43.323375 36.892273 30.752683 25.094560 20.046624 15.677817 12.004159 8.999124 6.605611 4.747809 3.341684 2.303325 1.554854 1.028008 0.665740 0.422323 0.262450 0.159787 0.095315 0.055711 0.031909 0.017911 0.009853 0.005313 0.002808 0.001455 0.000739 0.000368 0.000180 0.000086 0.000040 0.000019 0.000008 0.000004 0.000002 0.000001 0.000000 0.000000 0.000000 0.000000 0.000000 0.000000 0.000000 
0.000000 0.000000 0.000000 0.000000 0.000000 0.000000 0.000000 0.000000 0.000001 0.000002 0.000005 0.000011 0.000024 0.000052 0.000112 0.000233 0.000476 0.000955 0.001878 0.003623 0.006850 0.012695 0.023063 0.041063 0.071652 0.122520 0.205284 0.337006 0.542030 0.854043 1.318186 1.992894 2.951028 4.279729 6.078357 8.453908 11.513456 15.353506 20.046624 25.626317 32.071803 39.294809 47.130879 55.337553 63.601231 71.553520 78.796481 84.934691 89.610669 92.539308 93.536702 92.539308 89.610669 84.934691 78.796481 71.553520 63.601231 55.337553 47.130879 39.294809 32.071803 25.626317 20.046624 15.353506 11.513456 8.453908 6.078357 4.279729 2.951028 1.992894 1.318186 0.854043 0.542030 0.337006 0.205284 0.122520 0.071652 0.041063 0.023063 0.012695 0.006850 0.003623 0.001878 0.000955 0.000476 0.000233 0.000112 0.000052 0.000024 0.000011 0.000005 0.000002 0.000001 0.000000 0.000000 0.000000 0.000000 0.000000 0.000000 0.000000 
0.000000 0.000000 0.000000 0.000000 0.000000 0.000000 0.000000 0.000000 0.000001 0.000003 0.000006 0.000014 0.000031 0.000066 0.000141 0.000294 0.000602 0.001207 0.002372 0.004572 0.008639 0.016003 0.029055 0.051705 0.090174 0.154113 0.258093 0.423502 0.680841 1.072298 1.654376 2.500184 3.700836 5.365250 7.617557 10.591350 14.420237 19.224532 25.094560 32.071803 40.129901 49.158220 58.951047 69.205357 79.529428 89.463259 98.510094 106.176413 112.016121 115.673475 116.919018 115.673475 112.016121 106.176413 98.510094 89.463259 79.529428 69.205357 58.951047 49.158220 40.129901 32.071803 25.094560 19.224532 14.420237 10.591350 7.617557 5.365250 3.700836 2.500184 1.654376 1.072298 0.680841 0.423502 0.258093 0.154113 0.090174 0.051705 0.029055 0.016003 0.008639 0.004572 0.002372 0.001207 0.000602 0.000294 0.000141 0.000066 0.000031 0.000014 0.000006 0.000003 0.000001 0.000000 0.000000 0.000000 0.000000 0.000000 0.000000 0.000000 
0.000000 0.000000 0.000000 0.000000 0.000000 0.000000 0.000000 0.000001 0.000001 0.000003 0.000008 0.000017 0.000038 0.000082 0.000175 0.000364 0.000744 0.001491 0.002930 0.005645 0.010660 0.019735 0.035813 0.063700 0.111040 0.189688 0.317530 0.520810 0.836937 1.317631 2.032129 3.069978 4.542731 6.583682 9.344669 12.989028 17.680014 23.564524 30.752683 39.294809 49.158220 60.207193 72.189800 84.735240 97.364401 109.514853 120.579366 129.954782 137.095976 141.568273 143.091324 141.568273 137.095976 129.954782 120.579366 109.514853 97.364401 84.735240 72.189800 60.207193 49.158220 39.294809 30.752683 23.564524 17.680014 12.989028 9.344669 6.583682 4.542731 3.069978 2.032129 1.317631 0.836937 0.520810 0.317530 0.189688 0.111040 0.063700 0.035813 0.019735 0.010660 0.005645 0.002930 0.001491 0.000744 0.000364 0.000175 0.000082 0.000038 0.000017 0.000008 0.000003 0.000001 0.000001 0.000000 0.000000 0.000000 0.000000 0.000000 0.000000 
0.000000 0.000000 0.000000 0.000000 0.000000 0.000000 0.000000 0.000001 0.000002 0.000004 0.000009 0.000021 0.000046 0.000100 0.000212 0.000441 0.000900 0.001803 0.003540 0.006816 0.012867 0.023809 0.043187 0.076780 0.133785 0.228450 0.382264 0.626748 1.006813 1.584523 2.442932 3.689417 5.457688 7.907453 11.220564 15.592557 21.218770 28.274841 36.892273 47.130879 58.951047 72.189800 86.545099 101.572701 116.698847 131.250196 144.499936 155.726245 164.276828 169.631602 171.455153 169.631602 164.276828 155.726245 144.499936 131.250196 116.698847 101.572701 86.545099 72.189800 58.951047 47.130879 36.892273 28.274841 21.218770 15.592557 11.220564 7.907453 5.457688 3.689417 2.442932 1.584523 1.006813 0.626748 0.382264 0.228450 0.133785 0.076780 0.043187 0.023809 0.012867 0.006816 0.003540 0.001803 0.000900 0.000441 0.000212 0.000100 0.000046 0.000021 0.000009 0.000004 0.000002 0.000001 0.000000 0.000000 0.000000 0.000000 0.000000 0.000000 
0.000000 0.000000 0.000000 0.000000 0.000000 0.000000 0.000000 0.000001 0.000002 0.000005 0.000011 0.000025 0.000055 0.000118 0.000251 0.000522 0.001065 0.002131 0.004184 0.008051 0.015191 0.028099 0.050948 0.090544 0.157707 0.269201 0.450296 0.738045 1.185219 1.864724 2.874086 4.339349 6.417414 9.295624 13.187222 18.321405 24.927034 33.209757 43.323375 55.337553 69.205357 84.735240 101.572701 119.196665 136.934393 153.996595 169.531464 182.693161 192.717407 198.994874 201.132614 198.994874 192.717407 182.693161 169.531464 153.996595 136.934393 119.196665 101.572701 84.735240 69.205357 55.337553 43.323375 33.209757 24.927034 18.321405 13.187222 9.295624 6.417414 4.339349 2.874086 1.864724 1.185219 0.738045 0.450296 0.269201 0.157707 0.090544 0.050948 0.028099 0.015191 0.008051 0.004184 0.002131 0.001065 0.000522 0.000251 0.000118 0.000055 0.000025 0.000011 0.000005 0.000002 0.000001 0.000000 0.000000 0.000000 0.000000 0.000000 0.000000 
