0.000000 0.000000 0.000000 0.000000 0.000000 0.000000 0.000000 0.000000 0.000000 0.000000 0.000000 0.000000 0.000000 0.000000 0.000000 0.000000 0.000000 0.000000 0.000000 0.000000 0.000000 0.000000 0.000000 0.000000 0.000000 0.000000 0.000000 0.000000 0.000000 0.000000 0.000000 0.000000 0.000000 0.000000 0.000000 0.000000 0.000000 0.000000 0.000000 0.000000 0.000000 0.000000 0.000000 0.000000 0.000000 0.000000 0.000000 0.000000 0.000000 0.000000 0.000000 0.000000 0.000000 0.000000 0.000000 0.000000 0.000000 0.000000 0.000000 0.000000 0.000000 0.000000 0.000000 0.000000 0.000000 0.000000 0.000000 0.000000 0.000000 0.000000 0.000000 0.000000 0.000000 0.000000 0.000000 0.000000 0.000000 0.000000 0.000000 0.000000 0.000000 0.000000 0.000000 0.000000 0.000000 0.000000 0.000000 0.000000 0.000000 0.000000 0.000000 0.000000 0.000000 0.000000 0.000000 0.000000 0.000000 0.000000 0.000000 0.000000 
0.000000 0.000000 0.000000 0.000000 0.000000 0.000000 0.000000 0.000000 0.000000 0.000000 0.000000 0.000000 0.000000 0.000000 0.000000 0.000000 0.000000 0.000000 0.000000 0.000000 0.000000 0.000000 0.000000 0.000000 0.000000 0.000000 0.000000 0.000000 0.000000 0.000000 0.000000 0.000000 0.000000 0.000000 0.000000 0.000000 0.000000 0.000000 0.000000 0.000000 0.000000 0.000000 0.000000 0.000000 0.000000 0.000000 0.000000 0.000000 0.000000 0.000000 0.000000 0.000000 0.000000 0.000000 0.000000 0.000000 0.000000 0.000000 0.000000 0.000000 0.000000 0.000000 0.000000 0.000000 0.000000 0.000000 0.000000 0.000000 0.000000 0.000000 0.000000 0.000000 0.000000 0.000000 0.000000 0.000000 0.000000 0.000000 0.000000 0.000000 0.000000 0.000000 0.000000 0.000000 0.000000 0.000000 0.000000 0.000000 0.000000 0.000000 0.000000 0.000000 0.000000 0.000000 0.000000 0.000000 0.000000 0.000000 0.000000 0.000000 
0.000000 0.000000 0.000000 0.000000 0.000000 0.000000 0.000000 0.000000 0.000000 0.000000 0.000000 0.000000 0.000000 0.000000 0.000000 0.000000 0.000000 0.000000 0.000000 0.000000 0.000000 0.000000 0.000000 0.000000 0.000000 0.000000 0.000000 0.000000 0.000000 0.000000 0.000000 0.000000 0.000000 0.000000 0.000000 0.000000 0.000000 0.000000 0.000000 0.000000 0.000000 0.000000 0.000000 0.000000 0.000000 0.000000 0.000000 0.000000 0.000000 0.000000 0.000000 0.000000 0.000000 0.000000 0.000000 0.000000 0.000000 0.000000 0.000000 0.000000 0.000000 0.000000 0.000000 0.000000 0.000000 0.000000 0.000000 0.000000 0.000000 0.000000 0.000000 0.000000 0.000000 0.000000 0.000000 0.000000 0.000000 0.000000 0.000000 0.000000 0.000000 0.000000 0.000000 0.000000 0.000000 0.000000 0.000000 0.000000 0.000000 0.000000 0.000000 0.000000 0.000000 0.000000 0.000000 0.000000 0.000000 0.000000 0.000000 0.000000 
0.000000 0.000000 0.000000 0.000000 0.000000 0.000000 0.000000 0.000000 0.000000 0.000000 0.000000 0.000000 0.000000 0.000000 0.000000 0.000000 0.000000 0.000000 0.000000 0.000000 0.000000 0.000000 0.000000 0.000000 0.000000 0.000000 0.000000 0.000000 0.000000 0.000000 0.000000 0.000000 0.000000 0.000000 0.000000 0.000000 0.000000 0.000000 0.000000 0.000000 0.000000 0.000000 0.000000 0.000000 0.000000 0.000000 0.000000 0.000000 0.000000 0.000000 0.000000 0.000000 0.000000 0.000000 0.000000 0.000000 0.000000 0.000000 0.000000 0.000000 0.000000 0.000000 0.000000 0.000000 0.000000 0.000000 0.000000 0.000000 0.000000 0.000000 0.000000 0.000000 0.000000 0.000000 0.000000 0.000000 0.000000 0.000000 0.000000 0.000000 0.000000 0.000000 0.000000 0.000000 0.000000 0.000000 0.000000 0.000000 0.000000 0.000000 0.000000 0.000000 0.000000 0.000000 0.000000 0.000000 0.000000 0.000000 0.000000 0.000000 
0.000000 0.000000 0.000000 0.000000 0.000000 0.000000 0.000000 0.000000 0.000000 0.000000 0.000000 0.000000 0.000000 0.000000 0.000000 0.000000 0.000000 0.000000 0.000000 0.000000 0.000000 0.000000 0.000000 0.000000 0.000000 0.000000 0.000000 0.000000 0.000000 0.000000 0.000000 0.000000 0.000000 0.000000 0.000000 0.000000 0.000000 0.000000 0.000000 0.000000 0.000000 0.000000 0.000000 0.000000 0.000000 0.000000 0.000000 0.000000 0.000000 0.000000 0.000000 0.000000 0.000000 0.000000 0.000000 0.000000 0.000000 0.000000 0.000000 0.000000 0.000000 0.000000 0.000000 0.000000 0.000000 0.000000 0.000000 0.000000 0.000000 0.000000 0.000000 0.000000 0.000000 0.000000 0.000000 0.000000 0.000000 0.000000 0.000000 0.000000 0.000000 0.000000 0.000000 0.000000 0.000000 0.000000 0.000000 0.000000 0.000000 0.000000 0.000000 0.000000 0.000000 0.000000 0.000000 0.000000 0.000000 0.000000 0.000000 0.000000 
0.000000 0.000000 0.000000 0.000000 0.000000 0.000000 0.000000 0.000000 0.000000 0.000000 0.000000 0.000000 0.000000 0.000000 0.000000 0.000000 0.000000 0.000000 0.000000 0.000000 0.000000 0.000000 0.000000 0.000000 0.000000 0.000000 0.000000 0.000000 0.000000 0.000000 0.000000 0.000000 0.000000 0.000000 0.000000 0.000000 0.000000 0.000000 0.000000 0.000000 0.000000 0.000000 0.000000 0.000000 0.000000 0.000000 0.000000 0.000000 0.000000 0.000000 0.000000 0.000000 0.000000 0.000000 0.000000 0.000000 0.000000 0.000000 0.000000 0.000000 0.000000 0.000000 0.000000 0.000000 0.000000 0.000000 0.000000 0.000000 0.000000 0.000000 0.000000 0.000000 0.000000 0.000000 0.000000 0.000000 0.000000 0.000000 0.000000 0.000000 0.000000 0.000000 0.000000 0.000000 0.000000 0.000000 0.000000 0.000000 0.000000 0.000000 0.000000 0.000000 0.000000 0.000000 0.000000 0.000000 0.000000 0.000000 0.000000 0.000000 
0.000000 0.000000 0.000000 0.000000 0.000000 0.000000 0.000000 0.000000 0.000000 0.000000 0.000000 0.000000 0.000000 0.000000 0.000000 0.000000 0.000000 0.000000 0.000000 0.000000 0.000000 0.000000 0.000000 0.000000 0.000000 0.000000 0.000000 0.000000 0.000000 0.000000 0.000000 0.000000 0.000000 0.000000 0.000000 0.000000 0.000000 0.000000 0.000000 0.000000 0.000000 0.000000 0.000000 0.000000 0.000000 0.000000 0.000000 0.000000 0.000000 0.000000 0.000000 0.000000 0.000000 0.000000 0.000000 0.000000 0.000000 0.000000 0.000000 0.000000 0.000000 0.000000 0.000000 0.000000 0.000000 0.000000 0.000000 0.000000 0.000000 0.000000 0.000000 0.000000 0.000000 0.000000 0.000000 0.000000 0.000000 0.000000 0.000000 0.000000 0.000000 0.000000 0.000000 0.000000 0.000000 0.000000 0.000000 0.000000 0.000000 0.000000 0.000000 0.000000 0.000000 0.000000 0.000000 0.000000 0.000000 0.000000 0.000000 0.000000 
0.000000 0.000000 0.000000 0.000000 0.000000 0.000000 0.000000 0.000000 0.000000 0.000000 0.000000 0.000000 0.000000 0.000000 0.000000 0.000000 0.000000 0.000000 0.000000 0.000000 0.000000 0.000000 0.000000 0.000000 0.000000 0.000000 0.000000 0.000000 0.000000 0.000000 0.000000 0.000000 0.000000 0.000000 0.000000 0.000000 0.000000 0.000000 0.000000 0.000000 0.000000 0.000000 0.000000 0.000000 0.000000 0.000000 0.000000 0.000000 0.000000 0.000000 0.000000 0.000000 0.000000 0.000000 0.000000 0.000000 0.000000 0.000000 0.000000 0.000000 0.000000 0.000000 0.000000 0.000000 0.000000 0.000000 0.000000 0.000000 0.000000 0.000000 0.000000 0.000000 0.000000 0.000000 0.000000 0.000000 0.000000 0.000000 0.000000 0.000000 0.000000 0.000000 0.000000 0.000000 0.000000 0.000000 0.000000 0.000000 0.000000 0.000000 0.000000 0.000000 0.000000 0.000000 0.000000 0.000000 0.000000 0.000000 0.000000 0.000000 
0.000000 0.000000 0.000000 0.000000 0.000000 0.000000 0.000000 0.000000 0.000000 0.000000 0.000000 0.000000 0.000000 0.000000 0.000000 0.000000 0.000000 0.000000 0.000000 0.000000 0.000000 0.000000 0.000000 0.000000 0.000000 0.000000 0.000000 0.000000 0.000000 0.000000 0.000000 0.000000 0.000000 0.000000 0.000000 0.000000 0.000000 0.000000 0.000000 0.000000 0.000000 0.000000 0.000000 0.000000 0.000000 0.000000 0.000000 0.000000 0.000000 0.000000 0.000000 0.000000 0.000000 0.000000 0.000000 0.000000 0.000000 0.000000 0.000000 0.000000 0.000000 0.000000 0.000000 0.000000 0.000000 0.000000 0.000000 0.000000 0.000000 0.000000 0.000000 0.000000 0.000000 0.000000 0.000000 0.000000 0.000000 0.000000 0.000000 0.000000 0.000000 0.000000 0.000000 0.000000 0.000000 0.000000 0.000000 0.000000 0.000000 0.000000 0.000000 0.000000 0.000000 0.000000 0.000000 0.000000 0.000000 0.000000 0.000000 0.000000 
0.000000 0.000000 0.000000 0.000000 0.000000 0.000000 0.000000 0.000000 0.000000 0.000000 0.000000 0.000000 0.000000 0.000000 0.000000 0.000000 0.000000 0.000000 0.000000 0.000000 0.000000 0.000000 0.000000 0.000000 0.000000 0.000000 0.000000 0.000000 0.000000 0.000000 0.000000 0.000000 0.000000 0.000000 0.000000 0.000000 0.000000 0.000000 0.000000 0.000000 0.000000 0.000000 0.000000 0.000000 0.000000 0.000000 0.000000 0.000000 0.000000 0.000000 0.000000 0.000000 0.000000 0.000000 0.000000 0.000000 0.000000 0.000000 0.000000 0.000000 0.000000 0.000000 0.000000 0.000000 0.000000 0.000000 0.000000 0.000000 0.000000 0.000000 0.000000 0.000000 0.000000 0.000000 0.000000 0.000000 0.000000 0.000000 0.000000 0.000000 0.000000 0.000000 0.000000 0.000000 0.000000 0.000000 0.000000 0.000000 0.000000 0.000000 0.000000 0.000000 0.000000 0.000000 0.000000 0.000000 0.000000 0.000000 0.000000 0.000000 
0.000000 0.000000 0.000000 0.000000 0.000000 0.000000 0.000000 0.000000 0.000000 0.000000 0.000000 0.000000 0.000000 0.000000 0.000000 0.000000 0.000000 0.000000 0.000000 0.000000 0.000000 0.000000 0.000000 0.000000 0.000000 0.000000 0.000000 0.000000 0.000000 0.000000 0.000000 0.000000 0.000000 0.000000 0.000000 0.000000 0.000000 0.000000 0.000000 0.000000 0.000000 0.000000 0.000000 0.000000 0.000000 0.000001 0.000001 0.000001 0.000001 0.000001 0.000001 0.000001 0.000001 0.000001 0.000001 0.000001 0.000000 0.000000 0.000000 0.000000 0.000000 0.000000 0.000000 0.000000 0.000000 0.000000 0.000000 0.000000 0.000000 0.000000 0.000000 0.000000 0.000000 0.000000 0.000000 0.000000 0.000000 0.000000 0.000000 0.000000 0.000000 0.000000 0.000000 0.000000 0.000000 0.000000 0.000000 0.000000 0.000000 0.000000 0.000000 0.000000 0.000000 0.000000 0.000000 0.000000 0.000000 0.000000 0.000000 0.000000 
0.000000 0.000000 0.000000 0.000000 0.000000 0.000000 0.000000 0.000000 0.000000 0.000000 0.000000 0.000000 0.000000 0.000000 0.000000 0.000000 0.000000 0.000000 0.000000 0.000000 0.000000 0.000000 0.000000 0.000000 0.000000 0.000000 0.000000 0.000000 0.000000 0.000000 0.000000 0.000000 0.000000 0.000000 0.000000 0.000000 0.000000 0.000000 0.000000 0.000000 0.000001 0.000001 0.000001 0.000001 0.000001 0.000002 0.000002 0.000002 0.000002 0.000002 0.000002 0.000002 0.000002 0.000002 0.000002 0.000002 0.000001 0.000001 0.000001 0.000001 0.000001 0.000000 0.000000 0.000000 0.000000 0.000000 0.000000 0.000000 0.000000 0.000000 0.000000 0.000000 0.000000 0.000000 0.000000 0.000000 0.000000 0.000000 0.000000 0.000000 0.000000 0.000000 0.000000 0.000000 0.000000 0.000000 0.000000 0.000000 0.000000 0.000000 0.000000 0.000000 0.000000 0.000000 0.000000 0.000000 0.000000 0.000000 0.000000 0.000000 
0.000000 0.000000 0.000000 0.000000 0.000000 0.000000 0.000000 0.000000 0.000000 0.000000 0.000000 0.000000 0.000000 0.000000 0.000000 0.000000 0.000000 0.000000 0.000000 0.000000 0.000000 0.000000 0.000000 0.000000 0.000000 0.000000 0.000000 0.000000 0.000000 0.000000 0.000000 0.000000 0.000000 0.000000 0.000000 0.000000 0.000000 0.000001 0.000001 0.000001 0.000001 0.000002 0.000002 0.000003 0.000003 0.000004 0.000004 0.000005 0.000005 0.000005 0.000005 0.000005 0.000005 0.000005 0.000004 0.000004 0.000003 0.000003 0.000002 0.000002 0.000001 0.000001 0.000001 0.000001 0.000000 0.000000 0.000000 0.000000 0.000000 0.000000 0.000000 0.000000 0.000000 0.000000 0.000000 0.000000 0.000000 0.000000 0.000000 0.000000 0.000000 0.000000 0.000000 0.000000 0.000000 0.000000 0.000000 0.000000 0.000000 0.000000 0.000000 0.000000 0.000000 0.000000 0.000000 0.000000 0.000000 0.000000 0.000000 0.000000 
0.000000 0.000000 0.000000 0.000000 0.000000 0.000000 0.000000 0.000000 0.000000 0.000000 0.000000 0.000000 0.000000 0.000000 0.000000 0.000000 0.000000 0.000000 0.000000 0.000000 0.000000 0.000000 0.000000 0.000000 0.000000 0.000000 0.000000 0.000000 0.000000 0.000000 0.000000 0.000000 0.000000 0.000000 0.000000 0.000001 0.000001 0.000001 0.000002 0.000003 0.000003 0.000004 0.000006 0.000007 0.000008 0.000010 0.000011 0.000012 0.000013 0.000014 0.000014 0.000014 0.000013 0.000012 0.000011 0.000010 0.000008 0.000007 0.000006 0.000004 0.000003 0.000003 0.000002 0.000001 0.000001 0.000001 0.000000 0.000000 0.000000 0.000000 0.000000 0.000000 0.000000 0.000000 0.000000 0.000000 0.000000 0.000000 0.000000 0.000000 0.000000 0.000000 0.000000 0.000000 0.000000 0.000000 0.000000 0.000000 0.000000 0.000000 0.000000 0.000000 0.000000 0.000000 0.000000 0.000000 0.000000 0.000000 0.000000 0.000000 
0.000000 0.000000 0.000000 0.000000 0.000000 0.000000 0.000000 0.000000 0.000000 0.000000 0.000000 0.000000 0.000000 0.000000 0.000000 0.000000 0.000000 0.000000 0.000000 0.000000 0.000000 0.000000 0.000000 0.000000 0.000000 0.000000 0.000000 0.000000 0.000000 0.000000 0.000000 0.000000 0.000000 0.000001 0.000001 0.000001 0.000002 0.000003 0.000005 0.000006 0.000008 0.000011 0.000014 0.000017 0.000020 0.000024 0.000027 0.000030 0.000032 0.000033 0.000034 0.000033 0.000032 0.000030 0.000027 0.000024 0.000020 0.000017 0.000014 0.000011 0.000008 0.000006 0.000005 0.000003 0.000002 0.000001 0.000001 0.000001 0.000000 0.000000 0.000000 0.000000 0.000000 0.000000 0.000000 0.000000 0.000000 0.000000 0.000000 0.000000 0.000000 0.000000 0.000000 0.000000 0.000000 0.000000 0.000000 0.000000 0.000000 0.000000 0.000000 0.000000 0.000000 0.000000 0.000000 0.000000 0.000000 0.000000 0.000000 0.000000 
0.000000 0.000000 0.000000 0.000000 0.000000 0.000000 0.000000 0.000000 0.000000 0.000000 0.000000 0.000000 0.000000 0.000000 0.000000 0.000000 0.000000 0.000000 0.000000 0.000000 0.000000 0.000000 0.000000 0.000000 0.000000 0.000000 0.000000 0.000000 0.000000 0.000000 0.000000 0.000001 0.000001 0.000001 0.000002 0.000004 0.000005 0.000008 0.000011 0.000015 0.000020 0.000026 0.000033 0.000041 0.000049 0.000057 0.000065 0.000071 0.000077 0.000080 0.000081 0.000080 0.000077 0.000071 0.000065 0.000057 0.000049 0.000041 0.000033 0.000026 0.000020 0.000015 0.000011 0.000008 0.000005 0.000004 0.000002 0.000001 0.000001 0.000001 0.000000 0.000000 0.000000 0.000000 0.000000 0.000000 0.000000 0.000000 0.000000 0.000000 0.000000 0.000000 0.000000 0.000000 0.000000 0.000000 0.000000 0.000000 0.000000 0.000000 0.000000 0.000000 0.000000 0.000000 0.000000 0.000000 0.000000 0.000000 0.000000 0.000000 
0.000000 0.000000 0.000000 0.000000 0.000000 0.000000 0.000000 0.000000 0.000000 0.000000 0.000000 0.000000 0.000000 0.000000 0.000000 0.000000 0.000000 0.000000 0.000000 0.000000 0.000000 0.000000 0.000000 0.000000 0.000000 0.000000 0.000000 0.000000 0.000000 0.000000 0.000001 0.000001 0.000002 0.000004 0.000006 0.000008 0.000013 0.000018 0.000026 0.000035 0.000047 0.000062 0.000078 0.000096 0.000115 0.000134 0.000152 0.000167 0.000179 0.000187 0.000190 0.000187 0.000179 0.000167 0.000152 0.000134 0.000115 0.000096 0.000078 0.000062 0.000047 0.000035 0.000026 0.000018 0.000013 0.000008 0.000006 0.000004 0.000002 0.000001 0.000001 0.000000 0.000000 0.000000 0.000000 0.000000 0.000000 0.000000 0.000000 0.000000 0.000000 0.000000 0.000000 0.000000 0.000000 0.000000 0.000000 0.000000 0.000000 0.000000 0.000000 0.000000 0.000000 0.000000 0.000000 0.000000 0.000000 0.000000 0.000000 0.000000 
0.000000 0.000000 0.000000 0.000000 0.000000 0.000000 0.000000 0.000000 0.000000 0.000000 0.000000 0.000000 0.000000 0.000000 0.000000 0.000000 0.000000 0.000000 0.000000 0.000000 0.000000 0.000000 0.000000 0.000000 0.000000 0.000000 0.000000 0.000000 0.000001 0.000001 0.000002 0.000003 0.000005 0.000008 0.000013 0.000020 0.000029 0.000042 0.000060 0.000082 0.000109 0.000142 0.000179 0.000221 0.000264 0.000307 0.000348 0.000384 0.000411 0.000429 0.000435 0.000429 0.000411 0.000384 0.000348 0.000307 0.000264 0.000221 0.000179 0.000142 0.000109 0.000082 0.000060 0.000042 0.000029 0.000020 0.000013 0.000008 0.000005 0.000003 0.000002 0.000001 0.000001 0.000000 0.000000 0.000000 0.000000 0.000000 0.000000 0.000000 0.000000 0.000000 0.000000 0.000000 0.000000 0.000000 0.000000 0.000000 0.000000 0.000000 0.000000 0.000000 0.000000 0.000000 0.000000 0.000000 0.000000 0.000000 0.000000 0.000000 
0.000000 0.000000 0.000000 0.000000 0.000000 0.000000 0.000000 0.000000 0.000000 0.000000 0.000000 0.000000 0.000000 0.000000 0.000000 0.000000 0.000000 0.000000 0.000000 0.000000 0.000000 0.000000 0.000000 0.000000 0.000000 0.000000 0.000000 0.000001 0.000001 0.000002 0.000004 0.000007 0.000012 0.000019 0.000029 0.000044 0.000066 0.000096 0.000134 0.000184 0.000246 0.000319 0.000403 0.000495 0.000592 0.000689 0.000780 0.000859 0.000920 0.000959 0.000973 0.000959 0.000920 0.000859 0.000780 0.000689 0.000592 0.000495 0.000403 0.000319 0.000246 0.000184 0.000134 0.000096 0.000066 0.000044 0.000029 0.000019 0.000012 0.000007 0.000004 0.000002 0.000001 0.000001 0.000000 0.000000 0.000000 0.000000 0.000000 0.000000 0.000000 0.000000 0.000000 0.000000 0.000000 0.000000 0.000000 0.000000 0.000000 0.000000 0.000000 0.000000 0.000000 0.000000 0.000000 0.000000 0.000000 0.000000 0.000000 0.000000 
0.000000 0.000000 0.000000 0.000000 0.000000 0.000000 0.000000 0.000000 0.000000 0.000000 0.000000 0.000000 0.000000 0.000000 0.000000 0.000000 0.000000 0.000000 0.000000 0.000000 0.000000 0.000000 0.000000 0.000000 0.000000 0.000000 0.000001 0.000002 0.000003 0.000005 0.000009 0.000016 0.000026 0.000041 0.000065 0.000098 0.000146 0.000211 0.000296 0.000406 0.000540 0.000701 0.000884 0.001086 0.001298 0.001509 0.001708 0.001880 0.002014 0.002098 0.002128 0.002098 0.002014 0.001880 0.001708 0.001509 0.001298 0.001086 0.000884 0.000701 0.000540 0.000406 0.000296 0.000211 0.000146 0.000098 0.000065 0.000041 0.000026 0.000016 0.000009 0.000005 0.000003 0.000002 0.000001 0.000000 0.000000 0.000000 0.000000 0.000000 0.000000 0.000000 0.000000 0.000000 0.000000 0.000000 0.000000 0.000000 0.000000 0.000000 0.000000 0.000000 0.000000 0.000000 0.000000 0.000000 0.000000 0.000000 0.000000 0.000000 
0.000000 0.000000 0.000000 0.000000 0.000000 0.000000 0.000000 0.000000 0.000000 0.000000 0.000000 0.000000 0.000000 0.000000 0.000000 0.000000 0.000000 0.000000 0.000000 0.000000 0.000000 0.000000 0.000000 0.000000 0.000001 0.000001 0.000002 0.000004 0.000006 0.000012 0.000020 0.000034 0.000056 0.000089 0.000140 0.000213 0.000315 0.000454 0.000638 0.000872 0.001161 0.001504 0.001896 0.002327 0.002779 0.003230 0.003653 0.004020 0.004304 0.004485 0.004547 0.004485 0.004304 0.004020 0.003653 0.003230 0.002779 0.002327 0.001896 0.001504 0.001161 0.000872 0.000638 0.000454 0.000315 0.000213 0.000140 0.000089 0.000056 0.000034 0.000020 0.000012 0.000006 0.000004 0.000002 0.000001 0.000001 0.000000 0.000000 0.000000 0.000000 0.000000 0.000000 0.000000 0.000000 0.000000 0.000000 0.000000 0.000000 0.000000 0.000000 0.000000 0.000000 0.000000 0.000000 0.000000 0.000000 0.000000 0.000000 0.000000 
0.000000 0.000000 0.000000 0.000000 0.000000 0.000000 0.000000 0.000000 0.000000 0.000000 0.000000 0.000000 0.000000 0.000000 0.000000 0.000000 0.000000 0.000000 0.000000 0.000000 0.000000 0.000000 0.000000 0.000001 0.000001 0.000002 0.000004 0.000008 0.000014 0.000025 0.000043 0.000072 0.000118 0.000189 0.000295 0.000449 0.000664 0.000956 0.001341 0.001832 0.002436 0.003152 0.003971 0.004870 0.005812 0.006751 0.007632 0.008396 0.008988 0.009363 0.009492 0.009363 0.008988 0.008396 0.007632 0.006751 0.005812 0.004870 0.003971 0.003152 0.002436 0.001832 0.001341 0.000956 0.000664 0.000449 0.000295 0.000189 0.000118 0.000072 0.000043 0.000025 0.000014 0.000008 0.000004 0.000002 0.000001 0.000001 0.000000 0.000000 0.000000 0.000000 0.000000 0.000000 0.000000 0.000000 0.000000 0.000000 0.000000 0.000000 0.000000 0.000000 0.000000 0.000000 0.000000 0.000000 0.000000 0.000000 0.000000 0.000000 
0.000000 0.000000 0.000000 0.000000 0.000000 0.000000 0.000000 0.000000 0.000000 0.000000 0.000000 0.000000 0.000000 0.000000 0.000000 0.000000 0.000000 0.000000 0.000000 0.000000 0.000000 0.000000 0.000001 0.000001 0.000002 0.000004 0.000009 0.000016 0.000029 0.000051 0.000089 0.000149 0.000245 0.000392 0.000610 0.000925 0.001366 0.001966 0.002754 0.003757 0.004990 0.006453 0.008123 0.009954 0.011873 0.013784 0.015575 0.017129 0.018332 0.019095 0.019356 0.019095 0.018332 0.017129 0.015575 0.013784 0.011873 0.009954 0.008123 0.006453 0.004990 0.003757 0.002754 0.001966 0.001366 0.000925 0.000610 0.000392 0.000245 0.000149 0.000089 0.000051 0.000029 0.000016 0.000009 0.000004 0.000002 0.000001 0.000001 0.000000 0.000000 0.000000 0.000000 0.000000 0.000000 0.000000 0.000000 0.000000 0.000000 0.000000 0.000000 0.000000 0.000000 0.000000 0.000000 0.000000 0.000000 0.000000 0.000000 0.000000 
0.000000 0.000000 0.000000 0.000000 0.000000 0.000000 0.000000 0.000000 0.000000 0.000000 0.000000 0.000000 0.000000 0.000000 0.000000 0.000000 0.000000 0.000000 0.000000 0.000000 0.000000 0.000001 0.000001 0.000002 0.000005 0.000009 0.000017 0.000032 0.000059 0.000104 0.000180 0.000302 0.000495 0.000790 0.001229 0.001861 0.002745 0.003945 0.005521 0.007524 0.009984 0.012899 0.016226 0.019869 0.023686 0.027484 0.031043 0.034128 0.036518 0.038031 0.038550 0.038031 0.036518 0.034128 0.031043 0.027484 0.023686 0.019869 0.016226 0.012899 0.009984 0.007524 0.005521 0.003945 0.002745 0.001861 0.001229 0.000790 0.000495 0.000302 0.000180 0.000104 0.000059 0.000032 0.000017 0.000009 0.000005 0.000002 0.000001 0.000001 0.000000 0.000000 0.000000 0.000000 0.000000 0.000000 0.000000 0.000000 0.000000 0.000000 0.000000 0.000000 0.000000 0.000000 0.000000 0.000000 0.000000 0.000000 0.000000 0.000000 
0.000000 0.000000 0.000000 0.000000 0.000000 0.000000 0.000000 0.000000 0.000000 0.000000 0.000000 0.000000 0.000000 0.000000 0.000000 0.000000 0.000000 0.000000 0.000000 0.000000 0.000001 0.000001 0.000002 0.000005 0.000009 0.000018 0.000035 0.000065 0.000117 0.000207 0.000356 0.000597 0.000977 0.001556 0.002417 0.003655 0.005386 0.007730 0.010806 0.014712 0.019504 0.025178 0.031647 0.038728 0.046139 0.053513 0.060418 0.066401 0.071035 0.073970 0.074975 0.073970 0.071035 0.066401 0.060418 0.053513 0.046139 0.038728 0.031647 0.025178 0.019504 0.014712 0.010806 0.007730 0.005386 0.003655 0.002417 0.001556 0.000977 0.000597 0.000356 0.000207 0.000117 0.000065 0.000035 0.000018 0.000009 0.000005 0.000002 0.000001 0.000001 0.000000 0.000000 0.000000 0.000000 0.000000 0.000000 0.000000 0.000000 0.000000 0.000000 0.000000 0.000000 0.000000 0.000000 0.000000 0.000000 0.000000 0.000000 0.000000 
0.000000 0.000000 0.000000 0.000000 0.000000 0.000000 0.000000 0.000000 0.000000 0.000000 0.000000 0.000000 0.000000 0.000000 0.000000 0.000000 0.000000 0.000000 0.000000 0.000000 0.000001 0.000002 0.000004 0.000009 0.000018 0.000036 0.000068 0.000126 0.000227 0.000400 0.000688 0.001152 0.001881 0.002992 0.004639 0.007008 0.010313 0.014786 0.020647 0.028082 0.037197 0.047979 0.060263 0.073699 0.087755 0.101731 0.114813 0.126145 0.134920 0.140477 0.142379 0.140477 0.134920 0.126145 0.114813 0.101731 0.087755 0.073699 0.060263 0.047979 0.037197 0.028082 0.020647 0.014786 0.010313 0.007008 0.004639 0.002992 0.001881 0.001152 0.000688 0.000400 0.000227 0.000126 0.000068 0.000036 0.000018 0.000009 0.000004 0.000002 0.000001 0.000000 0.000000 0.000000 0.000000 0.000000 0.000000 0.000000 0.000000 0.000000 0.000000 0.000000 0.000000 0.000000 0.000000 0.000000 0.000000 0.000000 0.000000 0.000000 
0.000000 0.000000 0.000000 0.000000 0.000000 0.000000 0.000000 0.000000 0.000000 0.000000 0.000000 0.000000 0.000000 0.000000 0.000000 0.000000 0.000000 0.000000 0.000000 0.000001 0.000002 0.000004 0.000009 0.000017 0.000035 0.000068 0.000128 0.000238 0.000429 0.000755 0.001296 0.002167 0.003533 0.005613 0.008691 0.013113 0.019275 0.027603 0.038507 0.052324 0.069246 0.089250 0.112022 0.136914 0.162939 0.188804 0.213004 0.233960 0.250184 0.260455 0.263972 0.260455 0.250184 0.233960 0.213004 0.188804 0.162939 0.136914 0.112022 0.089250 0.069246 0.052324 0.038507 0.027603 0.019275 0.013113 0.008691 0.005613 0.003533 0.002167 0.001296 0.000755 0.000429 0.000238 0.000128 0.000068 0.000035 0.000017 0.000009 0.000004 0.000002 0.000001 0.000000 0.000000 0.000000 0.000000 0.000000 0.000000 0.000000 0.000000 0.000000 0.000000 0.000000 0.000000 0.000000 0.000000 0.000000 0.000000 0.000000 0.000000 
0.000000 0.000000 0.000000 0.000000 0.000000 0.000000 0.000000 0.000000 0.000000 0.000000 0.000000 0.000000 0.000000 0.000000 0.000000 0.000000 0.000000 0.000000 0.000001 0.000002 0.000004 0.000008 0.000016 0.000032 0.000065 0.000126 0.000238 0.000439 0.000791 0.001390 0.002382 0.003978 0.006475 0.010274 0.015888 0.023942 0.035155 0.050291 0.070088 0.095150 0.125821 0.162046 0.203255 0.248274 0.295314 0.342044 0.385749 0.423582 0.452865 0.471402 0.477749 0.471402 0.452865 0.423582 0.385749 0.342044 0.295314 0.248274 0.203255 0.162046 0.125821 0.095150 0.070088 0.050291 0.035155 0.023942 0.015888 0.010274 0.006475 0.003978 0.002382 0.001390 0.000791 0.000439 0.000238 0.000126 0.000065 0.000032 0.000016 0.000008 0.000004 0.000002 0.000001 0.000000 0.000000 0.000000 0.000000 0.000000 0.000000 0.000000 0.000000 0.000000 0.000000 0.000000 0.000000 0.000000 0.000000 0.000000 0.000000 0.000000 
0.000000 0.000000 0.000000 0.000000 0.000000 0.000000 0.000000 0.000000 0.000000 0.000000 0.000000 0.000000 0.000000 0.000000 0.000000 0.000000 0.000000 0.000001 0.000001 0.000003 0.000006 0.000014 0.000029 0.000059 0.000117 0.000227 0.000429 0.000791 0.001424 0.002497 0.004271 0.007122 0.011579 0.018348 0.028339 0.042654 0.062562 0.089408 0.124487 0.168855 0.223107 0.287137 0.359926 0.439396 0.522392 0.604801 0.681847 0.748521 0.800117 0.832773 0.843952 0.832773 0.800117 0.748521 0.681847 0.604801 0.522392 0.439396 0.359926 0.287137 0.223107 0.168855 0.124487 0.089408 0.062562 0.042654 0.028339 0.018348 0.011579 0.007122 0.004271 0.002497 0.001424 0.000791 0.000429 0.000227 0.000117 0.000059 0.000029 0.000014 0.000006 0.000003 0.000001 0.000001 0.000000 0.000000 0.000000 0.000000 0.000000 0.000000 0.000000 0.000000 0.000000 0.000000 0.000000 0.000000 0.000000 0.000000 0.000000 0.000000 
0.000000 0.000000 0.000000 0.000000 0.000000 0.000000 0.000000 0.000000 0.000000 0.000000 0.000000 0.000000 0.000000 0.000000 0.000000 0.000000 0.000000 0.000001 0.000002 0.000005 0.000012 0.000025 0.000051 0.000104 0.000207 0.000400 0.000755 0.001390 0.002497 0.004373 0.007470 0.012439 0.020196 0.031964 0.049309 0.074137 0.108625 0.155087 0.215741 0.292390 0.386041 0.496491 0.621966 0.758882 0.901799 1.043645 1.176210 1.290897 1.379628 1.435779 1.455001 1.435779 1.379628 1.290897 1.176210 1.043645 0.901799 0.758882 0.621966 0.496491 0.386041 0.292390 0.215741 0.155087 0.108625 0.074137 0.049309 0.031964 0.020196 0.012439 0.007470 0.004373 0.002497 0.001390 0.000755 0.000400 0.000207 0.000104 0.000051 0.000025 0.000012 0.000005 0.000002 0.000001 0.000000 0.000000 0.000000 0.000000 0.000000 0.000000 0.000000 0.000000 0.000000 0.000000 0.000000 0.000000 0.000000 0.000000 0.000000 0.000000 
0.000000 0.000000 0.000000 0.000000 0.000000 0.000000 0.000000 0.000000 0.000000 0.000000 0.000000 0.000000 0.000000 0.000000 0.000000 0.000000 0.000001 0.000002 0.000004 0.000009 0.000020 0.000043 0.000089 0.000180 0.000356 0.000688 0.001296 0.002382 0.004271 0.007470 0.012740 0.021188 0.034357 0.054312 0.083691 0.125697 0.183988 0.262442 0.364768 0.493973 0.651717 0.837630 1.048704 1.278895 1.519060 1.757324 1.979923 2.172450 2.321371 2.415599 2.447853 2.415599 2.321371 2.172450 1.979923 1.757324 1.519060 1.278895 1.048704 0.837630 0.651717 0.493973 0.364768 0.262442 0.183988 0.125697 0.083691 0.054312 0.034357 0.021188 0.012740 0.007470 0.004271 0.002382 0.001296 0.000688 0.000356 0.000180 0.000089 0.000043 0.000020 0.000009 0.000004 0.000002 0.000001 0.000000 0.000000 0.000000 0.000000 0.000000 0.000000 0.000000 0.000000 0.000000 0.000000 0.000000 0.000000 0.000000 0.000000 0.000000 
0.000000 0.000000 0.000000 0.000000 0.000000 0.000000 0.000000 0.000000 0.000000 0.000000 0.000000 0.000000 0.000000 0.000000 0.000000 0.000001 0.000001 0.000003 0.000007 0.000016 0.000034 0.000072 0.000149 0.000302 0.000597 0.001152 0.002167 0.003978 0.007122 0.012439 0.021188 0.035194 0.057000 0.090003 0.138540 0.207866 0.303975 0.433211 0.601627 0.814117 1.073354 1.378683 1.725130 2.102757 2.496563 2.887098 3.251837 3.567216 3.811117 3.965422 4.018237 3.965422 3.811117 3.567216 3.251837 2.887098 2.496563 2.102757 1.725130 1.378683 1.073354 0.814117 0.601627 0.433211 0.303975 0.207866 0.138540 0.090003 0.057000 0.035194 0.021188 0.012439 0.007122 0.003978 0.002167 0.001152 0.000597 0.000302 0.000149 0.000072 0.000034 0.000016 0.000007 0.000003 0.000001 0.000001 0.000000 0.000000 0.000000 0.000000 0.000000 0.000000 0.000000 0.000000 0.000000 0.000000 0.000000 0.000000 0.000000 0.000000 
0.000000 0.000000 0.000000 0.000000 0.000000 0.000000 0.000000 0.000000 0.000000 0.000000 0.000000 0.000000 0.000000 0.000000 0.000000 0.000001 0.000002 0.000005 0.000012 0.000026 0.000056 0.000118 0.000245 0.000495 0.000977 0.001881 0.003533 0.006475 0.011579 0.020196 0.034357 0.057000 0.092211 0.145445 0.223653 0.335248 0.489812 0.697471 0.967870 1.308774 1.724393 2.213601 2.768380 3.372784 4.002808 4.627365 5.210483 5.714563 6.104324 6.350875 6.435260 6.350875 6.104324 5.714563 5.210483 4.627365 4.002808 3.372784 2.768380 2.213601 1.724393 1.308774 0.967870 0.697471 0.489812 0.335248 0.223653 0.145445 0.092211 0.057000 0.034357 0.020196 0.011579 0.006475 0.003533 0.001881 0.000977 0.000495 0.000245 0.000118 0.000056 0.000026 0.000012 0.000005 0.000002 0.000001 0.000000 0.000000 0.000000 0.000000 0.000000 0.000000 0.000000 0.000000 0.000000 0.000000 0.000000 0.000000 0.000000 0.000000 
0.000000 0.000000 0.000000 0.000000 0.000000 0.000000 0.000000 0.000000 0.000000 0.000000 0.000000 0.000000 0.000000 0.000000 0.000001 0.000001 0.000004 0.000008 0.000019 0.000041 0.000089 0.000189 0.000392 0.000790 0.001556 0.002992 0.005613 0.010274 0.018348 0.031964 0.054312 0.090003 0.145445 0.229177 0.352068 0.527258 0.769692 1.095136 1.518582 2.052064 2.702043 3.466657 4.333292 5.277002 6.260304 7.234726 8.144226 8.930261 9.537926 9.922270 10.053808 9.922270 9.537926 8.930261 8.144226 7.234726 6.260304 5.277002 4.333292 3.466657 2.702043 2.052064 1.518582 1.095136 0.769692 0.527258 0.352068 0.229177 0.145445 0.090003 0.054312 0.031964 0.018348 0.010274 0.005613 0.002992 0.001556 0.000790 0.000392 0.000189 0.000089 0.000041 0.000019 0.000008 0.000004 0.000001 0.000001 0.000000 0.000000 0.000000 0.000000 0.000000 0.000000 0.000000 0.000000 0.000000 0.000000 0.000000 0.000000 0.000000 
0.000000 0.000000 0.000000 0.000000 0.000000 0.000000 0.000000 0.000000 0.000000 0.000000 0.000000 0.000000 0.000000 0.000000 0.000001 0.000002 0.000006 0.000013 0.000029 0.000065 0.000140 0.000295 0.000610 0.001229 0.002417 0.004639 0.008691 0.015888 0.028339 0.049309 0.083691 0.138540 0.223653 0.352068 0.540364 0.808554 1.179379 1.676789 2.323517 3.137760 4.129201 5.294849 6.615362 8.052672 9.549695 11.032699 12.416507 13.612194 14.536394 15.120879 15.320903 15.120879 14.536394 13.612194 12.416507 11.032699 9.549695 8.052672 6.615362 5.294849 4.129201 3.137760 2.323517 1.676789 1.179379 0.808554 0.540364 0.352068 0.223653 0.138540 0.083691 0.049309 0.028339 0.015888 0.008691 0.004639 0.002417 0.001229 0.000610 0.000295 0.000140 0.000065 0.000029 0.000013 0.000006 0.000002 0.000001 0.000000 0.000000 0.000000 0.000000 0.000000 0.000000 0.000000 0.000000 0.000000 0.000000 0.000000 0.000000 0.000000 
0.000000 0.000000 0.000000 0.000000 0.000000 0.000000 0.000000 0.000000 0.000000 0.000000 0.000000 0.000000 0.000000 0.000001 0.000001 0.000004 0.000008 0.000020 0.000044 0.000098 0.000213 0.000449 0.000925 0.001861 0.003655 0.007008 0.013113 0.023942 0.042654 0.074137 0.125697 0.207866 0.335248 0.527258 0.808554 1.208874 1.761960 2.503306 3.466543 4.678513 6.153386 7.886498 9.848937 11.984049 14.207044 16.408523 18.462205 20.236325 21.607404 22.474413 22.771108 22.474413 21.607404 20.236325 18.462205 16.408523 14.207044 11.984049 9.848937 7.886498 6.153386 4.678513 3.466543 2.503306 1.761960 1.208874 0.808554 0.527258 0.335248 0.207866 0.125697 0.074137 0.042654 0.023942 0.013113 0.007008 0.003655 0.001861 0.000925 0.000449 0.000213 0.000098 0.000044 0.000020 0.000008 0.000004 0.000001 0.000001 0.000000 0.000000 0.000000 0.000000 0.000000 0.000000 0.000000 0.000000 0.000000 0.000000 0.000000 0.000000 
0.000000 0.000000 0.000000 0.000000 0.000000 0.000000 0.000000 0.000000 0.000000 0.000000 0.000000 0.000000 0.000000 0.000001 0.000002 0.000005 0.000013 0.000029 0.000066 0.000146 0.000315 0.000664 0.001366 0.002745 0.005386 0.010313 0.019275 0.035155 0.062562 0.108625 0.183988 0.303975 0.489812 0.769692 1.179379 1.761960 2.566270 3.643615 5.042526 6.801637 8.941179 11.454100 14.298270 17.391473 20.610881 23.798181 26.770764 29.338189 31.322056 32.576441 33.005676 32.576441 31.322056 29.338189 26.770764 23.798181 20.610881 17.391473 14.298270 11.454100 8.941179 6.801637 5.042526 3.643615 2.566270 1.761960 1.179379 0.769692 0.489812 0.303975 0.183988 0.108625 0.062562 0.035155 0.019275 0.010313 0.005386 0.002745 0.001366 0.000664 0.000315 0.000146 0.000066 0.000029 0.000013 0.000005 0.000002 0.000001 0.000000 0.000000 0.000000 0.000000 0.000000 0.000000 0.000000 0.000000 0.000000 0.000000 0.000000 0.000000 
0.000000 0.000000 0.000000 0.000000 0.000000 0.000000 0.000000 0.000000 0.000000 0.000000 0.000000 0.000000 0.000001 0.000001 0.000003 0.000008 0.000018 0.000042 0.000096 0.000211 0.000454 0.000956 0.001966 0.003945 0.007730 0.014786 0.027603 0.050291 0.089408 0.155087 0.262442 0.433211 0.697471 1.095136 1.676789 2.503306 3.643615 5.170043 7.150901 9.640435 12.666834 16.219750 20.239339 24.609271 29.156029 33.656197 37.852233 41.475687 44.275165 46.045092 46.650711 46.045092 44.275165 41.475687 37.852233 33.656197 29.156029 24.609271 20.239339 16.219750 12.666834 9.640435 7.150901 5.170043 3.643615 2.503306 1.676789 1.095136 0.697471 0.433211 0.262442 0.155087 0.089408 0.050291 0.027603 0.014786 0.007730 0.003945 0.001966 0.000956 0.000454 0.000211 0.000096 0.000042 0.000018 0.000008 0.000003 0.000001 0.000001 0.000000 0.000000 0.000000 0.000000 0.000000 0.000000 0.000000 0.000000 0.000000 0.000000 0.000000 
0.000000 0.000000 0.000000 0.000000 0.000000 0.000000 0.000000 0.000000 0.000000 0.000000 0.000000 0.000000 0.000001 0.000002 0.000005 0.000011 0.000026 0.000060 0.000134 0.000296 0.000638 0.001341 0.002754 0.005521 0.010806 0.020647 0.038507 0.070088 0.124487 0.215741 0.364768 0.601627 0.967870 1.518582 2.323517 3.466543 5.042526 7.150901 9.885451 13.320467 17.494289 22.392163 27.931241 33.951041 40.212553 46.408310 52.184108 57.170896 61.023190 63.458535 64.291805 63.458535 61.023190 57.170896 52.184108 46.408310 40.212553 33.951041 27.931241 22.392163 17.494289 13.320467 9.885451 7.150901 5.042526 3.466543 2.323517 1.518582 0.967870 0.601627 0.364768 0.215741 0.124487 0.070088 0.038507 0.020647 0.010806 0.005521 0.002754 0.001341 0.000638 0.000296 0.000134 0.000060 0.000026 0.000011 0.000005 0.000002 0.000001 0.000000 0.000000 0.000000 0.000000 0.000000 0.000000 0.000000 0.000000 0.000000 0.000000 0.000000 
0.000000 0.000000 0.000000 0.000000 0.000000 0.000000 0.000000 0.000000 0.000000 0.000000 0.000000 0.000000 0.000001 0.000003 0.000006 0.000015 0.000035 0.000082 0.000184 0.000406 0.000872 0.001832 0.003757 0.007524 0.014712 0.028082 0.052324 0.095150 0.168855 0.292390 0.493973 0.814117 1.308774 2.052064 3.137760 4.678513 6.801637 9.640435 13.320467 17.940986 23.552870 30.135685 37.577656 45.662948 54.070569 62.387929 70.139991 76.832018 82.000995 85.268462 86.386404 85.268462 82.000995 76.832018 70.139991 62.387929 54.070569 45.662948 37.577656 30.135685 23.552870 17.940986 13.320467 9.640435 6.801637 4.678513 3.137760 2.052064 1.308774 0.814117 0.493973 0.292390 0.168855 0.095150 0.052324 0.028082 0.014712 0.007524 0.003757 0.001832 0.000872 0.000406 0.000184 0.000082 0.000035 0.000015 0.000006 0.000003 0.000001 0.000000 0.000000 0.000000 0.000000 0.000000 0.000000 0.000000 0.000000 0.000000 0.000000 0.000000 
0.000000 0.000000 0.000000 0.000000 0.000000 0.000000 0.000000 0.000000 0.000000 0.000000 0.000000 0.000001 0.000001 0.000003 0.000008 0.000020 0.000047 0.000109 0.000246 0.000540 0.001161 0.002436 0.004990 0.009984 0.019504 0.037197 0.069246 0.125821 0.223107 0.386041 0.651717 1.073354 1.724393 2.702043 4.129201 6.153386 8.941179 12.666834 17.494289 23.552870 30.908459 39.533568 49.281227 59.868475 70.875016 81.761040 91.905353 100.661243 107.423631 111.698033 113.160438 111.698033 107.423631 100.661243 91.905353 81.761040 70.875016 59.868475 49.281227 39.533568 30.908459 23.552870 17.494289 12.666834 8.941179 6.153386 4.129201 2.702043 1.724393 1.073354 0.651717 0.386041 0.223107 0.125821 0.069246 0.037197 0.019504 0.009984 0.004990 0.002436 0.001161 0.000540 0.000246 0.000109 0.000047 0.000020 0.000008 0.000003 0.000001 0.000001 0.000000 0.000000 0.000000 0.000000 0.000000 0.000000 0.000000 0.000000 0.000000 0.000000 
0.000000 0.000000 0.000000 0.000000 0.000000 0.000000 0.000000 0.000000 0.000000 0.000000 0.000000 0.000001 0.000002 0.000004 0.000011 0.000026 0.000062 0.000142 0.000319 0.000701 0.001504 0.003152 0.006453 0.012899 0.025178 0.047979 0.089250 0.162046 0.287137 0.496491 0.837630 1.378683 2.213601 3.466657 5.294849 7.886498 11.454100 16.219750 22.392163 30.135685 39.533568 50.549873 62.996289 76.511218 90.558177 104.448603 117.390499 128.559612 137.184944 142.636526 144.501620 142.636526 137.184944 128.559612 117.390499 104.448603 90.558177 76.511218 62.996289 50.549873 39.533568 30.135685 22.392163 16.219750 11.454100 7.886498 5.294849 3.466657 2.213601 1.378683 0.837630 0.496491 0.287137 0.162046 0.089250 0.047979 0.025178 0.012899 0.006453 0.003152 0.001504 0.000701 0.000319 0.000142 0.000062 0.000026 0.000011 0.000004 0.000002 0.000001 0.000000 0.000000 0.000000 0.000000 0.000000 0.000000 0.000000 0.000000 0.000000 0.000000 
0.000000 0.000000 0.000000 0.000000 0.000000 0.000000 0.000000 0.000000 0.000000 0.000000 0.000000 0.000001 0.000002 0.000006 0.000014 0.000033 0.000078 0.000179 0.000403 0.000884 0.001896 0.003971 0.008123 0.016226 0.031647 0.060263 0.112022 0.203255 0.359926 0.621966 1.048704 1.725130 2.768380 4.333292 6.615362 9.848937 14.298270 20.239339 27.931241 37.577656 49.281227 62.996289 78.487741 95.305188 112.781093 130.059219 146.155123 160.044578 170.769747 177.548119 179.867066 177.548119 170.769747 160.044578 146.155123 130.059219 112.781093 95.305188 78.487741 62.996289 49.281227 37.577656 27.931241 20.239339 14.298270 9.848937 6.615362 4.333292 2.768380 1.725130 1.048704 0.621966 0.359926 0.203255 0.112022 0.060263 0.031647 0.016226 0.008123 0.003971 0.001896 0.000884 0.000403 0.000179 0.000078 0.000033 0.000014 0.000006 0.000002 0.000001 0.000000 0.000000 0.000000 0.000000 0.000000 0.000000 0.000000 0.000000 0.000000 0.000000 
0.000000 0.000000 0.000000 0.000000 0.000000 0.000000 0.000000 0.000000 0.000000 0.000000 0.000000 0.000001 0.000003 0.000007 0.000017 0.000041 0.000096 0.000221 0.000495 0.001086 0.002327 0.004870 0.009954 0.019869 0.038728 0.073699 0.136914 0.248274 0.439396 0.758882 1.278895 2.102757 3.372784 5.277002 8.052672 11.984049 17.391473 24.609271 33.951041 45.662948 59.868475 76.511218 95.305188 115.703620 136.896886 157.847051 177.361217 194.198609 207.199107 215.415075 218.225764 215.415075 207.199107 194.198609 177.361217 157.847051 136.896886 115.703620 95.305188 76.511218 59.868475 45.662948 33.951041 24.609271 17.391473 11.984049 8.052672 5.277002 3.372784 2.102757 1.278895 0.758882 0.439396 0.248274 0.136914 0.073699 0.038728 0.019869 0.009954 0.004870 0.002327 0.001086 0.000495 0.000221 0.000096 0.000041 0.000017 0.000007 0.000003 0.000001 0.000000 0.000000 0.000000 0.000000 0.000000 0.000000 0.000000 0.000000 0.000000 0.000000 
