0.000000 0.000000 0.000000 0.000000 0.000000 0.000000 0.000000 0.000000 0.000000 0.000000 0.000000 0.000000 0.000000 0.000000 0.000000 0.000000 0.000000 0.000000 0.000000 0.000000 0.000000 0.000000 0.000000 0.000000 0.000000 0.000000 0.000000 0.000000 0.000000 0.000000 0.000000 0.000000 0.000000 0.000000 0.000000 0.000000 0.000000 0.000000 0.000000 0.000000 0.000000 0.000000 0.000000 0.000000 0.000000 0.000000 0.000000 0.000000 0.000000 0.000000 0.000000 0.000000 0.000000 0.000000 0.000000 0.000000 0.000000 0.000000 0.000000 0.000000 0.000000 0.000000 0.000000 0.000000 0.000000 0.000000 0.000000 0.000000 0.000000 0.000000 0.000000 0.000000 0.000000 0.000000 0.000000 0.000000 0.000000 0.000000 0.000000 0.000000 0.000000 0.000000 0.000000 0.000000 0.000000 0.000000 0.000000 0.000000 0.000000 0.000000 0.000000 0.000000 0.000000 0.000000 0.000000 0.000000 0.000000 0.000000 0.000000 0.000000 
0.000000 0.000000 0.000000 0.000000 0.000000 0.000000 0.000000 0.000000 0.000000 0.000000 0.000000 0.000000 0.000000 0.000000 0.000000 0.000000 0.000000 0.000000 0.000000 0.000000 0.000000 0.000000 0.000000 0.000000 0.000000 0.000000 0.000000 0.000000 0.000000 0.000000 0.000000 0.000000 0.000000 0.000000 0.000000 0.000000 0.000000 0.000000 0.000000 0.000000 0.000000 0.000000 0.000000 0.000000 0.000000 0.000000 0.000000 0.000000 0.000000 0.000000 0.000000 0.000000 0.000000 0.000000 0.000000 0.000000 0.000000 0.000000 0.000000 0.000000 0.000000 0.000000 0.000000 0.000000 0.000000 0.000000 0.000000 0.000000 0.000000 0.000000 0.000000 0.000000 0.000000 0.000000 0.000000 0.000000 0.000000 0.000000 0.000000 0.000000 0.000000 0.000000 0.000000 0.000000 0.000000 0.000000 0.000000 0.000000 0.000000 0.000000 0.000000 0.000000 0.000000 0.000000 0.000000 0.000000 0.000000 0.000000 0.000000 0.000000 
0.000000 0.000000 0.000000 0.000000 0.000000 0.000000 0.000000 0.000000 0.000000 0.000000 0.000000 0.000000 0.000000 0.000000 0.000000 0.000000 0.000000 0.000000 0.000000 0.000000 0.000000 0.000000 0.000000 0.000000 0.000000 0.000000 0.000000 0.000000 0.000000 0.000000 0.000000 0.000000 0.000000 0.000000 0.000000 0.000000 0.000000 0.000000 0.000000 0.000000 0.000000 0.000000 0.000000 0.000000 0.000000 0.000000 0.000000 0.000000 0.000000 0.000000 0.000000 0.000000 0.000000 0.000000 0.000000 0.000000 0.000000 0.000000 0.000000 0.000000 0.000000 0.000000 0.000000 0.000000 0.000000 0.000000 0.000000 0.000000 0.000000 0.000000 0.000000 0.000000 0.000000 0.000000 0.000000 0.000000 0.000000 0.000000 0.000000 0.000000 0.000000 0.000000 0.000000 0.000000 0.000000 0.000000 0.000000 0.000000 0.000000 0.000000 0.000000 0.000000 0.000000 0.000000 0.000000 0.000000 0.000000 0.000000 0.000000 0.000000 
0.000000 0.000000 0.000000 0.000000 0.000000 0.000000 0.000000 0.000000 0.000000 0.000000 0.000000 0.000000 0.000000 0.000000 0.000000 0.000000 0.000000 0.000000 0.000000 0.000000 0.000000 0.000000 0.000000 0.000000 0.000000 0.000000 0.000000 0.000000 0.000000 0.000000 0.000000 0.000000 0.000000 0.000000 0.000000 0.000000 0.000000 0.000000 0.000000 0.000000 0.000000 0.000000 0.000000 0.000000 0.000000 0.000000 0.000000 0.000000 0.000000 0.000000 0.000000 0.000000 0.000000 0.000000 0.000000 0.000000 0.000000 0.000000 0.000000 0.000000 0.000000 0.000000 0.000000 0.000000 0.000000 0.000000 0.000000 0.000000 0.000000 0.000000 0.000000 0.000000 0.000000 0.000000 0.000000 0.000000 0.000000 0.000000 0.000000 0.000000 0.000000 0.000000 0.000000 0.000000 0.000000 0.000000 0.000000 0.000000 0.000000 0.000000 0.000000 0.000000 0.000000 0.000000 0.000000 0.000000 0.000000 0.000000 0.000000 0.000000 
0.000000 0.000000 0.000000 0.000000 0.000000 0.000000 0.000000 0.000000 0.000000 0.000000 0.000000 0.000000 0.000000 0.000000 0.000000 0.000000 0.000000 0.000000 0.000000 0.000000 0.000000 0.000000 0.000000 0.000000 0.000000 0.000000 0.000000 0.000000 0.000000 0.000000 0.000000 0.000000 0.000000 0.000000 0.000000 0.000000 0.000000 0.000000 0.000000 0.000000 0.000000 0.000000 0.000000 0.000000 0.000000 0.000000 0.000000 0.000000 0.000000 0.000000 0.000000 0.000000 0.000000 0.000000 0.000000 0.000000 0.000000 0.000000 0.000000 0.000000 0.000000 0.000000 0.000000 0.000000 0.000000 0.000000 0.000000 0.000000 0.000000 0.000000 0.000000 0.000000 0.000000 0.000000 0.000000 0.000000 0.000000 0.000000 0.000000 0.000000 0.000000 0.000000 0.000000 0.000000 0.000000 0.000000 0.000000 0.000000 0.000000 0.000000 0.000000 0.000000 0.000000 0.000000 0.000000 0.000000 0.000000 0.000000 0.000000 0.000000 
0.000000 0.000000 0.000000 0.000000 0.000000 0.000000 0.000000 0.000000 0.000000 0.000000 0.000000 0.000000 0.000000 0.000000 0.000000 0.000000 0.000000 0.000000 0.000000 0.000000 0.000000 0.000000 0.000000 0.000000 0.000000 0.000000 0.000000 0.000000 0.000000 0.000000 0.000000 0.000000 0.000000 0.000000 0.000000 0.000000 0.000000 0.000000 0.000000 0.000000 0.000000 0.000000 0.000000 0.000000 0.000000 0.000000 0.000000 0.000000 0.000000 0.000000 0.000000 0.000000 0.000000 0.000000 0.000000 0.000000 0.000000 0.000000 0.000000 0.000000 0.000000 0.000000 0.000000 0.000000 0.000000 0.000000 0.000000 0.000000 0.000000 0.000000 0.000000 0.000000 0.000000 0.000000 0.000000 0.000000 0.000000 0.000000 0.000000 0.000000 0.000000 0.000000 0.000000 0.000000 0.000000 0.000000 0.000000 0.000000 0.000000 0.000000 0.000000 0.000000 0.000000 0.000000 0.000000 0.000000 0.000000 0.000000 0.000000 0.000000 
0.000000 0.000000 0.000000 0.000000 0.000000 0.000000 0.000000 0.000000 0.000000 0.000000 0.000000 0.000000 0.000000 0.000000 0.000000 0.000000 0.000000 0.000000 0.000000 0.000000 0.000000 0.000000 0.000000 0.000000 0.000000 0.000000 0.000000 0.000000 0.000000 0.000000 0.000000 0.000000 0.000000 0.000000 0.000000 0.000000 0.000000 0.000000 0.000000 0.000000 0.000000 0.000000 0.000000 0.000000 0.000000 0.000000 0.000000 0.000000 0.000000 0.000000 0.000000 0.000000 0.000000 0.000000 0.000000 0.000000 0.000000 0.000000 0.000000 0.000000 0.000000 0.000000 0.000000 0.000000 0.000000 0.000000 0.000000 0.000000 0.000000 0.000000 0.000000 0.000000 0.000000 0.000000 0.000000 0.000000 0.000000 0.000000 0.000000 0.000000 0.000000 0.000000 0.000000 0.000000 0.000000 0.000000 0.000000 0.000000 0.000000 0.000000 0.000000 0.000000 0.000000 0.000000 0.000000 0.000000 0.000000 0.000000 0.000000 0.000000 
0.000000 0.000000 0.000000 0.000000 0.000000 0.000000 0.000000 0.000000 0.000000 0.000000 0.000000 0.000000 0.000000 0.000000 0.000000 0.000000 0.000000 0.000000 0.000000 0.000000 0.000000 0.000000 0.000000 0.000000 0.000000 0.000000 0.000000 0.000000 0.000000 0.000000 0.000000 0.000000 0.000000 0.000000 0.000000 0.000000 0.000000 0.000000 0.000000 0.000000 0.000000 0.000000 0.000000 0.000000 0.000000 0.000000 0.000000 0.000000 0.000000 0.000000 0.000000 0.000000 0.000000 0.000000 0.000000 0.000000 0.000000 0.000000 0.000000 0.000000 0.000000 0.000000 0.000000 0.000000 0.000000 0.000000 0.000000 0.000000 0.000000 0.000000 0.000000 0.000000 0.000000 0.000000 0.000000 0.000000 0.000000 0.000000 0.000000 0.000000 0.000000 0.000000 0.000000 0.000000 0.000000 0.000000 0.000000 0.000000 0.000000 0.000000 0.000000 0.000000 0.000000 0.000000 0.000000 0.000000 0.000000 0.000000 0.000000 0.000000 
0.000000 0.000000 0.000000 0.000000 0.000000 0.000000 0.000000 0.000000 0.000000 0.000000 0.000000 0.000000 0.000000 0.000000 0.000000 0.000000 0.000000 0.000000 0.000000 0.000000 0.000000 0.000000 0.000000 0.000000 0.000000 0.000000 0.000000 0.000000 0.000000 0.000000 0.000000 0.000000 0.000000 0.000000 0.000000 0.000000 0.000000 0.000000 0.000000 0.000000 0.000000 0.000000 0.000000 0.000000 0.000000 0.000000 0.000000 0.000000 0.000000 0.000000 0.000000 0.000000 0.000000 0.000000 0.000000 0.000000 0.000000 0.000000 0.000000 0.000000 0.000000 0.000000 0.000000 0.000000 0.000000 0.000000 0.000000 0.000000 0.000000 0.000000 0.000000 0.000000 0.000000 0.000000 0.000000 0.000000 0.000000 0.000000 0.000000 0.000000 0.000000 0.000000 0.000000 0.000000 0.000000 0.000000 0.000000 0.000000 0.000000 0.000000 0.000000 0.000000 0.000000 0.000000 0.000000 0.000000 0.000000 0.000000 0.000000 0.000000 
0.000000 0.000000 0.000000 0.000000 0.000000 0.000000 0.000000 0.000000 0.000000 0.000000 0.000000 0.000000 0.000000 0.000000 0.000000 0.000000 0.000000 0.000000 0.000000 0.000000 0.000000 0.000000 0.000000 0.000000 0.000000 0.000000 0.000000 0.000000 0.000000 0.000000 0.000000 0.000000 0.000000 0.000000 0.000000 0.000000 0.000000 0.000000 0.000000 0.000000 0.000000 0.000000 0.000000 0.000000 0.000000 0.000001 0.000001 0.000001 0.000001 0.000001 0.000001 0.000001 0.000001 0.000001 0.000001 0.000001 0.000000 0.000000 0.000000 0.000000 0.000000 0.000000 0.000000 0.000000 0.000000 0.000000 0.000000 0.000000 0.000000 0.000000 0.000000 0.000000 0.000000 0.000000 0.000000 0.000000 0.000000 0.000000 0.000000 0.000000 0.000000 0.000000 0.000000 0.000000 0.000000 0.000000 0.000000 0.000000 0.000000 0.000000 0.000000 0.000000 0.000000 0.000000 0.000000 0.000000 0.000000 0.000000 0.000000 0.000000 
0.000000 0.000000 0.000000 0.000000 0.000000 0.000000 0.000000 0.000000 0.000000 0.000000 0.000000 0.000000 0.000000 0.000000 0.000000 0.000000 0.000000 0.000000 0.000000 0.000000 0.000000 0.000000 0.000000 0.000000 0.000000 0.000000 0.000000 0.000000 0.000000 0.000000 0.000000 0.000000 0.000000 0.000000 0.000000 0.000000 0.000000 0.000000 0.000000 0.000000 0.000001 0.000001 0.000001 0.000001 0.000001 0.000001 0.000002 0.000002 0.000002 0.000002 0.000002 0.000002 0.000002 0.000002 0.000002 0.000001 0.000001 0.000001 0.000001 0.000001 0.000001 0.000000 0.000000 0.000000 0.000000 0.000000 0.000000 0.000000 0.000000 0.000000 0.000000 0.000000 0.000000 0.000000 0.000000 0.000000 0.000000 0.000000 0.000000 0.000000 0.000000 0.000000 0.000000 0.000000 0.000000 0.000000 0.000000 0.000000 0.000000 0.000000 0.000000 0.000000 0.000000 0.000000 0.000000 0.000000 0.000000 0.000000 0.000000 0.000000 
0.000000 0.000000 0.000000 0.000000 0.000000 0.000000 0.000000 0.000000 0.000000 0.000000 0.000000 0.000000 0.000000 0.000000 0.000000 0.000000 0.000000 0.000000 0.000000 0.000000 0.000000 0.000000 0.000000 0.000000 0.000000 0.000000 0.000000 0.000000 0.000000 0.000000 0.000000 0.000000 0.000000 0.000000 0.000000 0.000000 0.000000 0.000001 0.000001 0.000001 0.000001 0.000002 0.000002 0.000003 0.000003 0.000004 0.000004 0.000004 0.000005 0.000005 0.000005 0.000005 0.000005 0.000004 0.000004 0.000004 0.000003 0.000003 0.000002 0.000002 0.000001 0.000001 0.000001 0.000001 0.000000 0.000000 0.000000 0.000000 0.000000 0.000000 0.000000 0.000000 0.000000 0.000000 0.000000 0.000000 0.000000 0.000000 0.000000 0.000000 0.000000 0.000000 0.000000 0.000000 0.000000 0.000000 0.000000 0.000000 0.000000 0.000000 0.000000 0.000000 0.000000 0.000000 0.000000 0.000000 0.000000 0.000000 0.000000 0.000000 
0.000000 0.000000 0.000000 0.000000 0.000000 0.000000 0.000000 0.000000 0.000000 0.000000 0.000000 0.000000 0.000000 0.000000 0.000000 0.000000 0.000000 0.000000 0.000000 0.000000 0.000000 0.000000 0.000000 0.000000 0.000000 0.000000 0.000000 0.000000 0.000000 0.000000 0.000000 0.000000 0.000000 0.000000 0.000000 0.000001 0.000001 0.000001 0.000002 0.000002 0.000003 0.000004 0.000005 0.000006 0.000008 0.000009 0.000010 0.000011 0.000012 0.000012 0.000012 0.000012 0.000012 0.000011 0.000010 0.000009 0.000008 0.000006 0.000005 0.000004 0.000003 0.000002 0.000002 0.000001 0.000001 0.000001 0.000000 0.000000 0.000000 0.000000 0.000000 0.000000 0.000000 0.000000 0.000000 0.000000 0.000000 0.000000 0.000000 0.000000 0.000000 0.000000 0.000000 0.000000 0.000000 0.000000 0.000000 0.000000 0.000000 0.000000 0.000000 0.000000 0.000000 0.000000 0.000000 0.000000 0.000000 0.000000 0.000000 0.000000 
0.000000 0.000000 0.000000 0.000000 0.000000 0.000000 0.000000 0.000000 0.000000 0.000000 0.000000 0.000000 0.000000 0.000000 0.000000 0.000000 0.000000 0.000000 0.000000 0.000000 0.000000 0.000000 0.000000 0.000000 0.000000 0.000000 0.000000 0.000000 0.000000 0.000000 0.000000 0.000000 0.000000 0.000001 0.000001 0.000002 0.000002 0.000003 0.000004 0.000006 0.000008 0.000010 0.000013 0.000015 0.000018 0.000021 0.000024 0.000026 0.000028 0.000029 0.000029 0.000029 0.000028 0.000026 0.000024 0.000021 0.000018 0.000015 0.000013 0.000010 0.000008 0.000006 0.000004 0.000003 0.000002 0.000002 0.000001 0.000001 0.000000 0.000000 0.000000 0.000000 0.000000 0.000000 0.000000 0.000000 0.000000 0.000000 0.000000 0.000000 0.000000 0.000000 0.000000 0.000000 0.000000 0.000000 0.000000 0.000000 0.000000 0.000000 0.000000 0.000000 0.000000 0.000000 0.000000 0.000000 0.000000 0.000000 0.000000 0.000000 
0.000000 0.000000 0.000000 0.000000 0.000000 0.000000 0.000000 0.000000 0.000000 0.000000 0.000000 0.000000 0.000000 0.000000 0.000000 0.000000 0.000000 0.000000 0.000000 0.000000 0.000000 0.000000 0.000000 0.000000 0.000000 0.000000 0.000000 0.000000 0.000000 0.000000 0.000000 0.000001 0.000001 0.000002 0.000002 0.000004 0.000005 0.000007 0.000010 0.000014 0.000018 0.000024 0.000030 0.000036 0.000043 0.000050 0.000056 0.000061 0.000066 0.000068 0.000069 0.000068 0.000066 0.000061 0.000056 0.000050 0.000043 0.000036 0.000030 0.000024 0.000018 0.000014 0.000010 0.000007 0.000005 0.000004 0.000002 0.000002 0.000001 0.000001 0.000000 0.000000 0.000000 0.000000 0.000000 0.000000 0.000000 0.000000 0.000000 0.000000 0.000000 0.000000 0.000000 0.000000 0.000000 0.000000 0.000000 0.000000 0.000000 0.000000 0.000000 0.000000 0.000000 0.000000 0.000000 0.000000 0.000000 0.000000 0.000000 0.000000 
0.000000 0.000000 0.000000 0.000000 0.000000 0.000000 0.000000 0.000000 0.000000 0.000000 0.000000 0.000000 0.000000 0.000000 0.000000 0.000000 0.000000 0.000000 0.000000 0.000000 0.000000 0.000000 0.000000 0.000000 0.000000 0.000000 0.000000 0.000000 0.000000 0.000001 0.000001 0.000001 0.000002 0.000004 0.000006 0.000008 0.000012 0.000017 0.000024 0.000032 0.000043 0.000055 0.000069 0.000084 0.000099 0.000115 0.000129 0.000141 0.000151 0.000157 0.000159 0.000157 0.000151 0.000141 0.000129 0.000115 0.000099 0.000084 0.000069 0.000055 0.000043 0.000032 0.000024 0.000017 0.000012 0.000008 0.000006 0.000004 0.000002 0.000001 0.000001 0.000001 0.000000 0.000000 0.000000 0.000000 0.000000 0.000000 0.000000 0.000000 0.000000 0.000000 0.000000 0.000000 0.000000 0.000000 0.000000 0.000000 0.000000 0.000000 0.000000 0.000000 0.000000 0.000000 0.000000 0.000000 0.000000 0.000000 0.000000 0.000000 
0.000000 0.000000 0.000000 0.000000 0.000000 0.000000 0.000000 0.000000 0.000000 0.000000 0.000000 0.000000 0.000000 0.000000 0.000000 0.000000 0.000000 0.000000 0.000000 0.000000 0.000000 0.000000 0.000000 0.000000 0.000000 0.000000 0.000000 0.000000 0.000001 0.000001 0.000002 0.000003 0.000005 0.000008 0.000013 0.000019 0.000028 0.000039 0.000055 0.000074 0.000097 0.000124 0.000155 0.000189 0.000224 0.000259 0.000291 0.000319 0.000341 0.000354 0.000359 0.000354 0.000341 0.000319 0.000291 0.000259 0.000224 0.000189 0.000155 0.000124 0.000097 0.000074 0.000055 0.000039 0.000028 0.000019 0.000013 0.000008 0.000005 0.000003 0.000002 0.000001 0.000001 0.000000 0.000000 0.000000 0.000000 0.000000 0.000000 0.000000 0.000000 0.000000 0.000000 0.000000 0.000000 0.000000 0.000000 0.000000 0.000000 0.000000 0.000000 0.000000 0.000000 0.000000 0.000000 0.000000 0.000000 0.000000 0.000000 0.000000 
0.000000 0.000000 0.000000 0.000000 0.000000 0.000000 0.000000 0.000000 0.000000 0.000000 0.000000 0.000000 0.000000 0.000000 0.000000 0.000000 0.000000 0.000000 0.000000 0.000000 0.000000 0.000000 0.000000 0.000000 0.000000 0.000000 0.000000 0.000001 0.000002 0.000003 0.000004 0.000007 0.000012 0.000019 0.000028 0.000042 0.000062 0.000088 0.000121 0.000163 0.000215 0.000275 0.000343 0.000417 0.000495 0.000571 0.000642 0.000704 0.000751 0.000782 0.000792 0.000782 0.000751 0.000704 0.000642 0.000571 0.000495 0.000417 0.000343 0.000275 0.000215 0.000163 0.000121 0.000088 0.000062 0.000042 0.000028 0.000019 0.000012 0.000007 0.000004 0.000003 0.000002 0.000001 0.000000 0.000000 0.000000 0.000000 0.000000 0.000000 0.000000 0.000000 0.000000 0.000000 0.000000 0.000000 0.000000 0.000000 0.000000 0.000000 0.000000 0.000000 0.000000 0.000000 0.000000 0.000000 0.000000 0.000000 0.000000 0.000000 
0.000000 0.000000 0.000000 0.000000 0.000000 0.000000 0.000000 0.000000 0.000000 0.000000 0.000000 0.000000 0.000000 0.000000 0.000000 0.000000 0.000000 0.000000 0.000000 0.000000 0.000000 0.000000 0.000000 0.000000 0.000000 0.000001 0.000001 0.000002 0.000003 0.000006 0.000010 0.000016 0.000026 0.000040 0.000062 0.000092 0.000134 0.000190 0.000263 0.000354 0.000465 0.000596 0.000743 0.000903 0.001069 0.001233 0.001387 0.001519 0.001622 0.001686 0.001708 0.001686 0.001622 0.001519 0.001387 0.001233 0.001069 0.000903 0.000743 0.000596 0.000465 0.000354 0.000263 0.000190 0.000134 0.000092 0.000062 0.000040 0.000026 0.000016 0.000010 0.000006 0.000003 0.000002 0.000001 0.000001 0.000000 0.000000 0.000000 0.000000 0.000000 0.000000 0.000000 0.000000 0.000000 0.000000 0.000000 0.000000 0.000000 0.000000 0.000000 0.000000 0.000000 0.000000 0.000000 0.000000 0.000000 0.000000 0.000000 0.000000 
0.000000 0.000000 0.000000 0.000000 0.000000 0.000000 0.000000 0.000000 0.000000 0.000000 0.000000 0.000000 0.000000 0.000000 0.000000 0.000000 0.000000 0.000000 0.000000 0.000000 0.000000 0.000000 0.000000 0.000000 0.000001 0.000001 0.000002 0.000004 0.000007 0.000012 0.000021 0.000034 0.000055 0.000086 0.000132 0.000197 0.000286 0.000405 0.000559 0.000752 0.000986 0.001261 0.001572 0.001909 0.002259 0.002606 0.002928 0.003207 0.003422 0.003558 0.003604 0.003558 0.003422 0.003207 0.002928 0.002606 0.002259 0.001909 0.001572 0.001261 0.000986 0.000752 0.000559 0.000405 0.000286 0.000197 0.000132 0.000086 0.000055 0.000034 0.000021 0.000012 0.000007 0.000004 0.000002 0.000001 0.000001 0.000000 0.000000 0.000000 0.000000 0.000000 0.000000 0.000000 0.000000 0.000000 0.000000 0.000000 0.000000 0.000000 0.000000 0.000000 0.000000 0.000000 0.000000 0.000000 0.000000 0.000000 0.000000 0.000000 
0.000000 0.000000 0.000000 0.000000 0.000000 0.000000 0.000000 0.000000 0.000000 0.000000 0.000000 0.000000 0.000000 0.000000 0.000000 0.000000 0.000000 0.000000 0.000000 0.000000 0.000000 0.000000 0.000000 0.000001 0.000001 0.000003 0.000005 0.000009 0.000015 0.000026 0.000044 0.000072 0.000115 0.000181 0.000276 0.000410 0.000595 0.000841 0.001160 0.001560 0.002044 0.002612 0.003252 0.003947 0.004669 0.005383 0.006047 0.006620 0.007063 0.007342 0.007438 0.007342 0.007063 0.006620 0.006047 0.005383 0.004669 0.003947 0.003252 0.002612 0.002044 0.001560 0.001160 0.000841 0.000595 0.000410 0.000276 0.000181 0.000115 0.000072 0.000044 0.000026 0.000015 0.000009 0.000005 0.000003 0.000001 0.000001 0.000000 0.000000 0.000000 0.000000 0.000000 0.000000 0.000000 0.000000 0.000000 0.000000 0.000000 0.000000 0.000000 0.000000 0.000000 0.000000 0.000000 0.000000 0.000000 0.000000 0.000000 0.000000 
0.000000 0.000000 0.000000 0.000000 0.000000 0.000000 0.000000 0.000000 0.000000 0.000000 0.000000 0.000000 0.000000 0.000000 0.000000 0.000000 0.000000 0.000000 0.000000 0.000000 0.000000 0.000000 0.000001 0.000001 0.000003 0.000005 0.000010 0.000018 0.000031 0.000053 0.000090 0.000148 0.000236 0.000369 0.000562 0.000835 0.001210 0.001709 0.002355 0.003163 0.004142 0.005288 0.006580 0.007981 0.009436 0.010872 0.012210 0.013363 0.014253 0.014815 0.015008 0.014815 0.014253 0.013363 0.012210 0.010872 0.009436 0.007981 0.006580 0.005288 0.004142 0.003163 0.002355 0.001709 0.001210 0.000835 0.000562 0.000369 0.000236 0.000148 0.000090 0.000053 0.000031 0.000018 0.000010 0.000005 0.000003 0.000001 0.000001 0.000000 0.000000 0.000000 0.000000 0.000000 0.000000 0.000000 0.000000 0.000000 0.000000 0.000000 0.000000 0.000000 0.000000 0.000000 0.000000 0.000000 0.000000 0.000000 0.000000 0.000000 
0.000000 0.000000 0.000000 0.000000 0.000000 0.000000 0.000000 0.000000 0.000000 0.000000 0.000000 0.000000 0.000000 0.000000 0.000000 0.000000 0.000000 0.000000 0.000000 0.000000 0.000000 0.000001 0.000001 0.000003 0.000006 0.000011 0.000020 0.000035 0.000062 0.000107 0.000180 0.000295 0.000472 0.000736 0.001120 0.001662 0.002406 0.003396 0.004673 0.006272 0.008206 0.010467 0.013016 0.015778 0.018643 0.021472 0.024104 0.026373 0.028124 0.029230 0.029609 0.029230 0.028124 0.026373 0.024104 0.021472 0.018643 0.015778 0.013016 0.010467 0.008206 0.006272 0.004673 0.003396 0.002406 0.001662 0.001120 0.000736 0.000472 0.000295 0.000180 0.000107 0.000062 0.000035 0.000020 0.000011 0.000006 0.000003 0.000001 0.000001 0.000000 0.000000 0.000000 0.000000 0.000000 0.000000 0.000000 0.000000 0.000000 0.000000 0.000000 0.000000 0.000000 0.000000 0.000000 0.000000 0.000000 0.000000 0.000000 0.000000 
0.000000 0.000000 0.000000 0.000000 0.000000 0.000000 0.000000 0.000000 0.000000 0.000000 0.000000 0.000000 0.000000 0.000000 0.000000 0.000000 0.000000 0.000000 0.000000 0.000000 0.000001 0.000001 0.000003 0.000006 0.000011 0.000021 0.000039 0.000070 0.000123 0.000211 0.000353 0.000578 0.000922 0.001436 0.002183 0.003235 0.004676 0.006593 0.009065 0.012154 0.015889 0.020253 0.025167 0.030490 0.036008 0.041454 0.046520 0.050885 0.054253 0.056380 0.057107 0.056380 0.054253 0.050885 0.046520 0.041454 0.036008 0.030490 0.025167 0.020253 0.015889 0.012154 0.009065 0.006593 0.004676 0.003235 0.002183 0.001436 0.000922 0.000578 0.000353 0.000211 0.000123 0.000070 0.000039 0.000021 0.000011 0.000006 0.000003 0.000001 0.000001 0.000000 0.000000 0.000000 0.000000 0.000000 0.000000 0.000000 0.000000 0.000000 0.000000 0.000000 0.000000 0.000000 0.000000 0.000000 0.000000 0.000000 0.000000 0.000000 
0.000000 0.000000 0.000000 0.000000 0.000000 0.000000 0.000000 0.000000 0.000000 0.000000 0.000000 0.000000 0.000000 0.000000 0.000000 0.000000 0.000000 0.000000 0.000000 0.000001 0.000001 0.000003 0.000006 0.000011 0.000021 0.000040 0.000074 0.000134 0.000235 0.000404 0.000676 0.001104 0.001760 0.002738 0.004155 0.006151 0.008883 0.012511 0.017185 0.023021 0.030071 0.038302 0.047566 0.057593 0.067983 0.078232 0.087761 0.095971 0.102303 0.106301 0.107669 0.106301 0.102303 0.095971 0.087761 0.078232 0.067983 0.057593 0.047566 0.038302 0.030071 0.023021 0.017185 0.012511 0.008883 0.006151 0.004155 0.002738 0.001760 0.001104 0.000676 0.000404 0.000235 0.000134 0.000074 0.000040 0.000021 0.000011 0.000006 0.000003 0.000001 0.000001 0.000000 0.000000 0.000000 0.000000 0.000000 0.000000 0.000000 0.000000 0.000000 0.000000 0.000000 0.000000 0.000000 0.000000 0.000000 0.000000 0.000000 0.000000 
0.000000 0.000000 0.000000 0.000000 0.000000 0.000000 0.000000 0.000000 0.000000 0.000000 0.000000 0.000000 0.000000 0.000000 0.000000 0.000000 0.000000 0.000000 0.000001 0.000001 0.000003 0.000005 0.000011 0.000021 0.000040 0.000076 0.000140 0.000252 0.000441 0.000756 0.001264 0.002062 0.003282 0.005099 0.007729 0.011429 0.016487 0.023198 0.031837 0.042612 0.055620 0.070793 0.087862 0.106323 0.125445 0.144299 0.161821 0.176913 0.188551 0.195899 0.198412 0.195899 0.188551 0.176913 0.161821 0.144299 0.125445 0.106323 0.087862 0.070793 0.055620 0.042612 0.031837 0.023198 0.016487 0.011429 0.007729 0.005099 0.003282 0.002062 0.001264 0.000756 0.000441 0.000252 0.000140 0.000076 0.000040 0.000021 0.000011 0.000005 0.000003 0.000001 0.000001 0.000000 0.000000 0.000000 0.000000 0.000000 0.000000 0.000000 0.000000 0.000000 0.000000 0.000000 0.000000 0.000000 0.000000 0.000000 0.000000 0.000000 
0.000000 0.000000 0.000000 0.000000 0.000000 0.000000 0.000000 0.000000 0.000000 0.000000 0.000000 0.000000 0.000000 0.000000 0.000000 0.000000 0.000000 0.000000 0.000001 0.000002 0.000005 0.000010 0.000020 0.000039 0.000074 0.000140 0.000257 0.000462 0.000809 0.001383 0.002308 0.003760 0.005979 0.009277 0.014046 0.020748 0.029899 0.042030 0.057630 0.077072 0.100525 0.127864 0.158597 0.191819 0.226214 0.260110 0.291603 0.318720 0.339625 0.352823 0.357336 0.352823 0.339625 0.318720 0.291603 0.260110 0.226214 0.191819 0.158597 0.127864 0.100525 0.077072 0.057630 0.042030 0.029899 0.020748 0.014046 0.009277 0.005979 0.003760 0.002308 0.001383 0.000809 0.000462 0.000257 0.000140 0.000074 0.000039 0.000020 0.000010 0.000005 0.000002 0.000001 0.000000 0.000000 0.000000 0.000000 0.000000 0.000000 0.000000 0.000000 0.000000 0.000000 0.000000 0.000000 0.000000 0.000000 0.000000 0.000000 0.000000 
0.000000 0.000000 0.000000 0.000000 0.000000 0.000000 0.000000 0.000000 0.000000 0.000000 0.000000 0.000000 0.000000 0.000000 0.000000 0.000000 0.000000 0.000001 0.000002 0.000004 0.000009 0.000018 0.000035 0.000070 0.000134 0.000252 0.000462 0.000827 0.001446 0.002470 0.004117 0.006699 0.010639 0.016488 0.024935 0.036794 0.052971 0.074395 0.101922 0.136201 0.177519 0.225652 0.279728 0.338152 0.398608 0.458165 0.513479 0.561095 0.597797 0.620964 0.628885 0.620964 0.597797 0.561095 0.513479 0.458165 0.398608 0.338152 0.279728 0.225652 0.177519 0.136201 0.101922 0.074395 0.052971 0.036794 0.024935 0.016488 0.010639 0.006699 0.004117 0.002470 0.001446 0.000827 0.000462 0.000252 0.000134 0.000070 0.000035 0.000018 0.000009 0.000004 0.000002 0.000001 0.000000 0.000000 0.000000 0.000000 0.000000 0.000000 0.000000 0.000000 0.000000 0.000000 0.000000 0.000000 0.000000 0.000000 0.000000 0.000000 
0.000000 0.000000 0.000000 0.000000 0.000000 0.000000 0.000000 0.000000 0.000000 0.000000 0.000000 0.000000 0.000000 0.000000 0.000000 0.000000 0.000001 0.000002 0.000003 0.000007 0.000015 0.000031 0.000062 0.000123 0.000235 0.000441 0.000809 0.001446 0.002526 0.004308 0.007172 0.011655 0.018487 0.028620 0.043236 0.063736 0.091672 0.128636 0.176091 0.235139 0.306264 0.389064 0.482033 0.582426 0.686263 0.788516 0.883453 0.965157 1.028120 1.067860 1.081446 1.067860 1.028120 0.965157 0.883453 0.788516 0.686263 0.582426 0.482033 0.389064 0.306264 0.235139 0.176091 0.128636 0.091672 0.063736 0.043236 0.028620 0.018487 0.011655 0.007172 0.004308 0.002526 0.001446 0.000809 0.000441 0.000235 0.000123 0.000062 0.000031 0.000015 0.000007 0.000003 0.000002 0.000001 0.000000 0.000000 0.000000 0.000000 0.000000 0.000000 0.000000 0.000000 0.000000 0.000000 0.000000 0.000000 0.000000 0.000000 0.000000 
0.000000 0.000000 0.000000 0.000000 0.000000 0.000000 0.000000 0.000000 0.000000 0.000000 0.000000 0.000000 0.000000 0.000000 0.000000 0.000001 0.000001 0.000003 0.000006 0.000012 0.000026 0.000053 0.000107 0.000211 0.000404 0.000756 0.001383 0.002470 0.004308 0.007337 0.012199 0.019801 0.031373 0.048516 0.073220 0.107833 0.154957 0.217259 0.297177 0.396545 0.516154 0.655312 0.811472 0.980017 1.154271 1.325799 1.485007 1.621989 1.727531 1.794136 1.816906 1.794136 1.727531 1.621989 1.485007 1.325799 1.154271 0.980017 0.811472 0.655312 0.516154 0.396545 0.297177 0.217259 0.154957 0.107833 0.073220 0.048516 0.031373 0.019801 0.012199 0.007337 0.004308 0.002470 0.001383 0.000756 0.000404 0.000211 0.000107 0.000053 0.000026 0.000012 0.000006 0.000003 0.000001 0.000001 0.000000 0.000000 0.000000 0.000000 0.000000 0.000000 0.000000 0.000000 0.000000 0.000000 0.000000 0.000000 0.000000 0.000000 
0.000000 0.000000 0.000000 0.000000 0.000000 0.000000 0.000000 0.000000 0.000000 0.000000 0.000000 0.000000 0.000000 0.000000 0.000000 0.000001 0.000002 0.000004 0.000010 0.000021 0.000044 0.000090 0.000180 0.000353 0.000676 0.001264 0.002308 0.004117 0.007172 0.012199 0.020259 0.032848 0.051988 0.080313 0.121089 0.178168 0.255811 0.358377 0.489842 0.653185 0.849674 1.078141 1.334386 1.610821 1.896499 2.177609 2.438450 2.662823 2.835667 2.944732 2.982015 2.944732 2.835667 2.662823 2.438450 2.177609 1.896499 1.610821 1.334386 1.078141 0.849674 0.653185 0.489842 0.358377 0.255811 0.178168 0.121089 0.080313 0.051988 0.032848 0.020259 0.012199 0.007172 0.004117 0.002308 0.001264 0.000676 0.000353 0.000180 0.000090 0.000044 0.000021 0.000010 0.000004 0.000002 0.000001 0.000000 0.000000 0.000000 0.000000 0.000000 0.000000 0.000000 0.000000 0.000000 0.000000 0.000000 0.000000 0.000000 0.000000 
0.000000 0.000000 0.000000 0.000000 0.000000 0.000000 0.000000 0.000000 0.000000 0.000000 0.000000 0.000000 0.000000 0.000000 0.000001 0.000001 0.000003 0.000007 0.000016 0.000034 0.000072 0.000148 0.000295 0.000578 0.001104 0.002062 0.003760 0.006699 0.011655 0.019801 0.032848 0.053199 0.084112 0.129812 0.195539 0.287462 0.412398 0.577306 0.788525 1.050785 1.366065 1.732450 2.143172 2.586055 3.043564 3.493604 3.911077 4.270100 4.546625 4.721093 4.780729 4.721093 4.546625 4.270100 3.911077 3.493604 3.043564 2.586055 2.143172 1.732450 1.366065 1.050785 0.788525 0.577306 0.412398 0.287462 0.195539 0.129812 0.084112 0.053199 0.032848 0.019801 0.011655 0.006699 0.003760 0.002062 0.001104 0.000578 0.000295 0.000148 0.000072 0.000034 0.000016 0.000007 0.000003 0.000001 0.000001 0.000000 0.000000 0.000000 0.000000 0.000000 0.000000 0.000000 0.000000 0.000000 0.000000 0.000000 0.000000 0.000000 
0.000000 0.000000 0.000000 0.000000 0.000000 0.000000 0.000000 0.000000 0.000000 0.000000 0.000000 0.000000 0.000000 0.000000 0.000001 0.000002 0.000005 0.000012 0.000026 0.000055 0.000115 0.000236 0.000472 0.000922 0.001760 0.003282 0.005979 0.010639 0.018487 0.031373 0.051988 0.084112 0.132856 0.204849 0.308299 0.452856 0.649171 0.908101 1.239517 1.650754 2.144837 2.718701 3.361697 4.054742 4.770406 5.474158 6.126807 6.687958 7.120093 7.392711 7.485892 7.392711 7.120093 6.687958 6.126807 5.474158 4.770406 4.054742 3.361697 2.718701 2.144837 1.650754 1.239517 0.908101 0.649171 0.452856 0.308299 0.204849 0.132856 0.084112 0.051988 0.031373 0.018487 0.010639 0.005979 0.003282 0.001760 0.000922 0.000472 0.000236 0.000115 0.000055 0.000026 0.000012 0.000005 0.000002 0.000001 0.000000 0.000000 0.000000 0.000000 0.000000 0.000000 0.000000 0.000000 0.000000 0.000000 0.000000 0.000000 0.000000 
0.000000 0.000000 0.000000 0.000000 0.000000 0.000000 0.000000 0.000000 0.000000 0.000000 0.000000 0.000000 0.000000 0.000001 0.000002 0.000004 0.000008 0.000019 0.000040 0.000086 0.000181 0.000369 0.000736 0.001436 0.002738 0.005099 0.009277 0.016488 0.028620 0.048516 0.080313 0.129812 0.204849 0.315575 0.474547 0.696508 0.997713 1.394708 1.902504 2.532218 3.288369 4.166169 5.149265 6.208450 7.301812 8.376646 9.373173 10.229818 10.889409 11.305477 11.447682 11.305477 10.889409 10.229818 9.373173 8.376646 7.301812 6.208450 5.149265 4.166169 3.288369 2.532218 1.902504 1.394708 0.997713 0.696508 0.474547 0.315575 0.204849 0.129812 0.080313 0.048516 0.028620 0.016488 0.009277 0.005099 0.002738 0.001436 0.000736 0.000369 0.000181 0.000086 0.000040 0.000019 0.000008 0.000004 0.000002 0.000001 0.000000 0.000000 0.000000 0.000000 0.000000 0.000000 0.000000 0.000000 0.000000 0.000000 0.000000 0.000000 
0.000000 0.000000 0.000000 0.000000 0.000000 0.000000 0.000000 0.000000 0.000000 0.000000 0.000000 0.000000 0.000000 0.000001 0.000002 0.000006 0.000013 0.000028 0.000062 0.000132 0.000276 0.000562 0.001120 0.002183 0.004155 0.007729 0.014046 0.024935 0.043236 0.073220 0.121089 0.195539 0.308299 0.474547 0.713041 1.045778 1.496986 2.091289 2.850989 3.792545 4.922554 6.233727 7.701544 9.282357 10.913626 12.516786 14.002791 15.279957 16.263193 16.883357 17.095308 16.883357 16.263193 15.279957 14.002791 12.516786 10.913626 9.282357 7.701544 6.233727 4.922554 3.792545 2.850989 2.091289 1.496986 1.045778 0.713041 0.474547 0.308299 0.195539 0.121089 0.073220 0.043236 0.024935 0.014046 0.007729 0.004155 0.002183 0.001120 0.000562 0.000276 0.000132 0.000062 0.000028 0.000013 0.000006 0.000002 0.000001 0.000000 0.000000 0.000000 0.000000 0.000000 0.000000 0.000000 0.000000 0.000000 0.000000 0.000000 0.000000 
0.000000 0.000000 0.000000 0.000000 0.000000 0.000000 0.000000 0.000000 0.000000 0.000000 0.000000 0.000000 0.000001 0.000002 0.000004 0.000008 0.000019 0.000042 0.000092 0.000197 0.000410 0.000835 0.001662 0.003235 0.006151 0.011429 0.020748 0.036794 0.063736 0.107833 0.178168 0.287462 0.452856 0.696508 1.045778 1.532716 2.192584 3.061174 4.170845 5.545403 7.194260 9.106596 11.246525 13.550352 15.926957 18.261972 20.425858 22.285299 23.716608 24.619305 24.927803 24.619305 23.716608 22.285299 20.425858 18.261972 15.926957 13.550352 11.246525 9.106596 7.194260 5.545403 4.170845 3.061174 2.192584 1.532716 1.045778 0.696508 0.452856 0.287462 0.178168 0.107833 0.063736 0.036794 0.020748 0.011429 0.006151 0.003235 0.001662 0.000835 0.000410 0.000197 0.000092 0.000042 0.000019 0.000008 0.000004 0.000002 0.000001 0.000000 0.000000 0.000000 0.000000 0.000000 0.000000 0.000000 0.000000 0.000000 0.000000 0.000000 
0.000000 0.000000 0.000000 0.000000 0.000000 0.000000 0.000000 0.000000 0.000000 0.000000 0.000000 0.000000 0.000001 0.000002 0.000005 0.000012 0.000028 0.000062 0.000134 0.000286 0.000595 0.001210 0.002406 0.004676 0.008883 0.016487 0.029899 0.052971 0.091672 0.154957 0.255811 0.412398 0.649171 0.997713 1.496986 2.192584 3.134620 4.373899 5.956276 7.915383 10.264344 12.987502 16.033585 19.311854 22.692678 26.013488 29.090265 31.733707 33.768244 35.051275 35.489732 35.051275 33.768244 31.733707 29.090265 26.013488 22.692678 19.311854 16.033585 12.987502 10.264344 7.915383 5.956276 4.373899 3.134620 2.192584 1.496986 0.997713 0.649171 0.412398 0.255811 0.154957 0.091672 0.052971 0.029899 0.016487 0.008883 0.004676 0.002406 0.001210 0.000595 0.000286 0.000134 0.000062 0.000028 0.000012 0.000005 0.000002 0.000001 0.000000 0.000000 0.000000 0.000000 0.000000 0.000000 0.000000 0.000000 0.000000 0.000000 0.000000 
0.000000 0.000000 0.000000 0.000000 0.000000 0.000000 0.000000 0.000000 0.000000 0.000000 0.000000 0.000001 0.000001 0.000003 0.000007 0.000017 0.000039 0.000088 0.000190 0.000405 0.000841 0.001709 0.003396 0.006593 0.012511 0.023198 0.042030 0.074395 0.128636 0.217259 0.358377 0.577306 0.908101 1.394708 2.091289 3.061174 4.373899 6.099881 8.302577 11.028399 14.295226 18.080973 22.314142 26.868537 31.564102 36.175215 40.446627 44.115869 46.939578 48.720139 49.328596 48.720139 46.939578 44.115869 40.446627 36.175215 31.564102 26.868537 22.314142 18.080973 14.295226 11.028399 8.302577 6.099881 4.373899 3.061174 2.091289 1.394708 0.908101 0.577306 0.358377 0.217259 0.128636 0.074395 0.042030 0.023198 0.012511 0.006593 0.003396 0.001709 0.000841 0.000405 0.000190 0.000088 0.000039 0.000017 0.000007 0.000003 0.000001 0.000001 0.000000 0.000000 0.000000 0.000000 0.000000 0.000000 0.000000 0.000000 0.000000 0.000000 
0.000000 0.000000 0.000000 0.000000 0.000000 0.000000 0.000000 0.000000 0.000000 0.000000 0.000000 0.000001 0.000002 0.000004 0.000010 0.000024 0.000055 0.000121 0.000263 0.000559 0.001160 0.002355 0.004673 0.009065 0.017185 0.031837 0.057630 0.101922 0.176091 0.297177 0.489842 0.788525 1.239517 1.902504 2.850989 4.170845 5.956276 8.302577 11.295504 14.997605 19.432689 24.570380 30.313377 36.490350 42.857148 49.108055 54.897389 59.869826 63.696002 66.108516 66.932894 66.108516 63.696002 59.869826 54.897389 49.108055 42.857148 36.490350 30.313377 24.570380 19.432689 14.997605 11.295504 8.302577 5.956276 4.170845 2.850989 1.902504 1.239517 0.788525 0.489842 0.297177 0.176091 0.101922 0.057630 0.031837 0.017185 0.009065 0.004673 0.002355 0.001160 0.000559 0.000263 0.000121 0.000055 0.000024 0.000010 0.000004 0.000002 0.000001 0.000000 0.000000 0.000000 0.000000 0.000000 0.000000 0.000000 0.000000 0.000000 0.000000 
0.000000 0.000000 0.000000 0.000000 0.000000 0.000000 0.000000 0.000000 0.000000 0.000000 0.000000 0.000001 0.000002 0.000006 0.000014 0.000032 0.000074 0.000163 0.000354 0.000752 0.001560 0.003163 0.006272 0.012154 0.023021 0.042612 0.077072 0.136201 0.235139 0.396545 0.653185 1.050785 1.650754 2.532218 3.792545 5.545403 7.915383 11.028399 14.997605 19.905329 25.782557 32.588556 40.194097 48.372145 56.799511 65.071793 72.731942 79.310320 84.371713 87.562850 88.653255 87.562850 84.371713 79.310320 72.731942 65.071793 56.799511 48.372145 40.194097 32.588556 25.782557 19.905329 14.997605 11.028399 7.915383 5.545403 3.792545 2.532218 1.650754 1.050785 0.653185 0.396545 0.235139 0.136201 0.077072 0.042612 0.023021 0.012154 0.006272 0.003163 0.001560 0.000752 0.000354 0.000163 0.000074 0.000032 0.000014 0.000006 0.000002 0.000001 0.000000 0.000000 0.000000 0.000000 0.000000 0.000000 0.000000 0.000000 0.000000 0.000000 
0.000000 0.000000 0.000000 0.000000 0.000000 0.000000 0.000000 0.000000 0.000000 0.000000 0.000001 0.000001 0.000003 0.000008 0.000018 0.000043 0.000097 0.000215 0.000465 0.000986 0.002044 0.004142 0.008206 0.015889 0.030071 0.055620 0.100525 0.177519 0.306264 0.516154 0.849674 1.366065 2.144837 3.288369 4.922554 7.194260 10.264344 14.295226 19.432689 25.782557 33.384239 42.184485 52.015812 62.584572 73.473170 84.159403 94.053337 102.548989 109.084919 113.205475 114.613416 113.205475 109.084919 102.548989 94.053337 84.159403 73.473170 62.584572 52.015812 42.184485 33.384239 25.782557 19.432689 14.295226 10.264344 7.194260 4.922554 3.288369 2.144837 1.366065 0.849674 0.516154 0.306264 0.177519 0.100525 0.055620 0.030071 0.015889 0.008206 0.004142 0.002044 0.000986 0.000465 0.000215 0.000097 0.000043 0.000018 0.000008 0.000003 0.000001 0.000001 0.000000 0.000000 0.000000 0.000000 0.000000 0.000000 0.000000 0.000000 0.000000 
0.000000 0.000000 0.000000 0.000000 0.000000 0.000000 0.000000 0.000000 0.000000 0.000000 0.000001 0.000002 0.000004 0.000010 0.000024 0.000055 0.000124 0.000275 0.000596 0.001261 0.002612 0.005288 0.010467 0.020253 0.038302 0.070793 0.127864 0.225652 0.389064 0.655312 1.078141 1.732450 2.718701 4.166169 6.233727 9.106596 12.987502 18.080973 24.570380 32.588556 42.184485 53.290303 65.694206 79.025514 92.757563 106.232127 118.705906 129.415593 137.654144 142.847819 144.622381 142.847819 137.654144 129.415593 118.705906 106.232127 92.757563 79.025514 65.694206 53.290303 42.184485 32.588556 24.570380 18.080973 12.987502 9.106596 6.233727 4.166169 2.718701 1.732450 1.078141 0.655312 0.389064 0.225652 0.127864 0.070793 0.038302 0.020253 0.010467 0.005288 0.002612 0.001261 0.000596 0.000275 0.000124 0.000055 0.000024 0.000010 0.000004 0.000002 0.000001 0.000000 0.000000 0.000000 0.000000 0.000000 0.000000 0.000000 0.000000 0.000000 
0.000000 0.000000 0.000000 0.000000 0.000000 0.000000 0.000000 0.000000 0.000000 0.000000 0.000001 0.000002 0.000005 0.000013 0.000030 0.000069 0.000155 0.000343 0.000743 0.001572 0.003252 0.006580 0.013016 0.025167 0.047566 0.087862 0.158597 0.279728 0.482033 0.811472 1.334386 2.143172 3.361697 5.149265 7.701544 11.246525 16.033585 22.314142 30.313377 40.194097 52.015812 65.694206 80.967924 97.380317 114.283090 130.866420 146.216136 159.393705 169.529935 175.919605 178.102757 175.919605 169.529935 159.393705 146.216136 130.866420 114.283090 97.380317 80.967924 65.694206 52.015812 40.194097 30.313377 22.314142 16.033585 11.246525 7.701544 5.149265 3.361697 2.143172 1.334386 0.811472 0.482033 0.279728 0.158597 0.087862 0.047566 0.025167 0.013016 0.006580 0.003252 0.001572 0.000743 0.000343 0.000155 0.000069 0.000030 0.000013 0.000005 0.000002 0.000001 0.000000 0.000000 0.000000 0.000000 0.000000 0.000000 0.000000 0.000000 0.000000 
0.000000 0.000000 0.000000 0.000000 0.000000 0.000000 0.000000 0.000000 0.000000 0.000000 0.000001 0.000003 0.000006 0.000015 0.000036 0.000084 0.000189 0.000417 0.000903 0.001909 0.003947 0.007981 0.015778 0.030490 0.057593 0.106323 0.191819 0.338152 0.582426 0.980017 1.610821 2.586055 4.054742 6.208450 9.282357 13.550352 19.311854 26.868537 36.490350 48.372145 62.584572 79.025514 97.380317 117.099989 137.405701 157.325001 175.760474 191.585725 203.757747 211.430396 214.051844 211.430396 203.757747 191.585725 175.760474 157.325001 137.405701 117.099989 97.380317 79.025514 62.584572 48.372145 36.490350 26.868537 19.311854 13.550352 9.282357 6.208450 4.054742 2.586055 1.610821 0.980017 0.582426 0.338152 0.191819 0.106323 0.057593 0.030490 0.015778 0.007981 0.003947 0.001909 0.000903 0.000417 0.000189 0.000084 0.000036 0.000015 0.000006 0.000003 0.000001 0.000000 0.000000 0.000000 0.000000 0.000000 0.000000 0.000000 0.000000 0.000000 
