0.000000 0.000000 0.000000 0.000000 0.000000 0.000000 0.000000 0.000000 0.000000 0.000000 0.000000 0.000000 0.000000 0.000000 0.000000 0.000000 0.000000 0.000000 0.000000 0.000000 0.000000 0.000000 0.000000 0.000000 0.000000 0.000000 0.000000 0.000000 0.000000 0.000000 0.000000 0.000000 0.000000 0.000000 0.000000 0.000000 0.000000 0.000000 0.000000 0.000000 0.000000 0.000000 0.000000 0.000000 0.000000 0.000000 0.000000 0.000000 0.000000 0.000000 0.000000 0.000000 0.000000 0.000000 0.000000 0.000000 0.000000 0.000000 0.000000 0.000000 0.000000 0.000000 0.000000 0.000000 0.000000 0.000000 0.000000 0.000000 0.000000 0.000000 0.000000 0.000000 0.000000 0.000000 0.000000 0.000000 0.000000 0.000000 0.000000 0.000000 0.000000 0.000000 0.000000 0.000000 0.000000 0.000000 0.000000 0.000000 0.000000 0.000000 0.000000 0.000000 0.000000 0.000000 0.000000 0.000000 0.000000 0.000000 0.000000 0.000000 
0.000000 0.000000 0.000000 0.000000 0.000000 0.000000 0.000000 0.000000 0.000000 0.000000 0.000000 0.000000 0.000000 0.000000 0.000000 0.000001 0.000001 0.000001 0.000002 0.000003 0.000003 0.000005 0.000006 0.000009 0.000011 0.000015 0.000019 0.000025 0.000032 0.000040 0.000050 0.000061 0.000075 0.000090 0.000108 0.000127 0.000148 0.000171 0.000196 0.000221 0.000248 0.000274 0.000300 0.000325 0.000349 0.000370 0.000388 0.000403 0.000414 0.000421 0.000423 0.000421 0.000414 0.000403 0.000388 0.000370 0.000349 0.000325 0.000300 0.000274 0.000248 0.000221 0.000196 0.000171 0.000148 0.000127 0.000108 0.000090 0.000075 0.000061 0.000050 0.000040 0.000032 0.000025 0.000019 0.000015 0.000011 0.000009 0.000006 0.000005 0.000003 0.000003 0.000002 0.000001 0.000001 0.000001 0.000000 0.000000 0.000000 0.000000 0.000000 0.000000 0.000000 0.000000 0.000000 0.000000 0.000000 0.000000 0.000000 0.000000 
0.000000 0.000000 0.000000 0.000000 0.000000 0.000000 0.000000 0.000000 0.000000 0.000000 0.000000 0.000000 0.000000 0.000001 0.000001 0.000001 0.000002 0.000003 0.000004 0.000006 0.000008 0.000011 0.000014 0.000019 0.000026 0.000034 0.000044 0.000056 0.000071 0.000090 0.000112 0.000137 0.000167 0.000202 0.000241 0.000284 0.000331 0.000383 0.000438 0.000495 0.000554 0.000613 0.000671 0.000727 0.000780 0.000827 0.000868 0.000901 0.000925 0.000940 0.000946 0.000940 0.000925 0.000901 0.000868 0.000827 0.000780 0.000727 0.000671 0.000613 0.000554 0.000495 0.000438 0.000383 0.000331 0.000284 0.000241 0.000202 0.000167 0.000137 0.000112 0.000090 0.000071 0.000056 0.000044 0.000034 0.000026 0.000019 0.000014 0.000011 0.000008 0.000006 0.000004 0.000003 0.000002 0.000001 0.000001 0.000001 0.000000 0.000000 0.000000 0.000000 0.000000 0.000000 0.000000 0.000000 0.000000 0.000000 0.000000 0.000000 
0.000000 0.000000 0.000000 0.000000 0.000000 0.000000 0.000000 0.000000 0.000000 0.000000 0.000000 0.000001 0.000001 0.000001 0.000002 0.000002 0.000004 0.000005 0.000007 0.000010 0.000014 0.000019 0.000026 0.000035 0.000046 0.000060 0.000078 0.000100 0.000127 0.000160 0.000199 0.000245 0.000299 0.000360 0.000430 0.000507 0.000592 0.000684 0.000781 0.000883 0.000988 0.001094 0.001198 0.001298 0.001391 0.001476 0.001548 0.001607 0.001651 0.001678 0.001687 0.001678 0.001651 0.001607 0.001548 0.001476 0.001391 0.001298 0.001198 0.001094 0.000988 0.000883 0.000781 0.000684 0.000592 0.000507 0.000430 0.000360 0.000299 0.000245 0.000199 0.000160 0.000127 0.000100 0.000078 0.000060 0.000046 0.000035 0.000026 0.000019 0.000014 0.000010 0.000007 0.000005 0.000004 0.000002 0.000002 0.000001 0.000001 0.000001 0.000000 0.000000 0.000000 0.000000 0.000000 0.000000 0.000000 0.000000 0.000000 0.000000 
0.000000 0.000000 0.000000 0.000000 0.000000 0.000000 0.000000 0.000000 0.000000 0.000000 0.000001 0.000001 0.000001 0.000002 0.000003 0.000004 0.000006 0.000009 0.000012 0.000017 0.000023 0.000032 0.000043 0.000058 0.000076 0.000100 0.000130 0.000167 0.000212 0.000267 0.000332 0.000409 0.000498 0.000600 0.000715 0.000844 0.000985 0.001138 0.001301 0.001470 0.001645 0.001821 0.001994 0.002160 0.002315 0.002455 0.002576 0.002674 0.002747 0.002791 0.002806 0.002791 0.002747 0.002674 0.002576 0.002455 0.002315 0.002160 0.001994 0.001821 0.001645 0.001470 0.001301 0.001138 0.000985 0.000844 0.000715 0.000600 0.000498 0.000409 0.000332 0.000267 0.000212 0.000167 0.000130 0.000100 0.000076 0.000058 0.000043 0.000032 0.000023 0.000017 0.000012 0.000009 0.000006 0.000004 0.000003 0.000002 0.000001 0.000001 0.000001 0.000000 0.000000 0.000000 0.000000 0.000000 0.000000 0.000000 0.000000 0.000000 
0.000000 0.000000 0.000000 0.000000 0.000000 0.000000 0.000000 0.000000 0.000000 0.000001 0.000001 0.000001 0.000002 0.000003 0.000005 0.000007 0.000010 0.000014 0.000020 0.000027 0.000038 0.000052 0.000070 0.000093 0.000124 0.000162 0.000211 0.000270 0.000344 0.000432 0.000537 0.000661 0.000805 0.000970 0.001157 0.001365 0.001593 0.001839 0.002102 0.002376 0.002658 0.002941 0.003220 0.003489 0.003740 0.003966 0.004161 0.004319 0.004436 0.004508 0.004532 0.004508 0.004436 0.004319 0.004161 0.003966 0.003740 0.003489 0.003220 0.002941 0.002658 0.002376 0.002102 0.001839 0.001593 0.001365 0.001157 0.000970 0.000805 0.000661 0.000537 0.000432 0.000344 0.000270 0.000211 0.000162 0.000124 0.000093 0.000070 0.000052 0.000038 0.000027 0.000020 0.000014 0.000010 0.000007 0.000005 0.000003 0.000002 0.000001 0.000001 0.000001 0.000000 0.000000 0.000000 0.000000 0.000000 0.000000 0.000000 0.000000 
0.000000 0.000000 0.000000 0.000000 0.000000 0.000000 0.000000 0.000000 0.000001 0.000001 0.000001 0.000002 0.000003 0.000005 0.000007 0.000011 0.000016 0.000022 0.000031 0.000044 0.000060 0.000082 0.000111 0.000149 0.000197 0.000259 0.000335 0.000431 0.000547 0.000687 0.000855 0.001052 0.001281 0.001543 0.001839 0.002169 0.002531 0.002923 0.003339 0.003775 0.004222 0.004672 0.005115 0.005541 0.005939 0.006298 0.006607 0.006859 0.007044 0.007158 0.007196 0.007158 0.007044 0.006859 0.006607 0.006298 0.005939 0.005541 0.005115 0.004672 0.004222 0.003775 0.003339 0.002923 0.002531 0.002169 0.001839 0.001543 0.001281 0.001052 0.000855 0.000687 0.000547 0.000431 0.000335 0.000259 0.000197 0.000149 0.000111 0.000082 0.000060 0.000044 0.000031 0.000022 0.000016 0.000011 0.000007 0.000005 0.000003 0.000002 0.000001 0.000001 0.000001 0.000000 0.000000 0.000000 0.000000 0.000000 0.000000 0.000000 
0.000000 0.000000 0.000000 0.000000 0.000000 0.000000 0.000000 0.000001 0.000001 0.000002 0.000002 0.000004 0.000005 0.000008 0.000012 0.000017 0.000024 0.000035 0.000049 0.000069 0.000095 0.000129 0.000175 0.000234 0.000310 0.000407 0.000527 0.000677 0.000859 0.001080 0.001343 0.001652 0.002011 0.002423 0.002887 0.003405 0.003973 0.004587 0.005240 0.005923 0.006624 0.007329 0.008024 0.008691 0.009315 0.009877 0.010362 0.010756 0.011046 0.011225 0.011284 0.011225 0.011046 0.010756 0.010362 0.009877 0.009315 0.008691 0.008024 0.007329 0.006624 0.005923 0.005240 0.004587 0.003973 0.003405 0.002887 0.002423 0.002011 0.001652 0.001343 0.001080 0.000859 0.000677 0.000527 0.000407 0.000310 0.000234 0.000175 0.000129 0.000095 0.000069 0.000049 0.000035 0.000024 0.000017 0.000012 0.000008 0.000005 0.000004 0.000002 0.000002 0.000001 0.000001 0.000000 0.000000 0.000000 0.000000 0.000000 0.000000 
0.000000 0.000000 0.000000 0.000000 0.000000 0.000000 0.000001 0.000001 0.000002 0.000002 0.000004 0.000006 0.000008 0.000012 0.000018 0.000026 0.000038 0.000054 0.000077 0.000107 0.000147 0.000202 0.000272 0.000365 0.000483 0.000633 0.000820 0.001052 0.001336 0.001679 0.002087 0.002567 0.003124 0.003763 0.004484 0.005287 0.006169 0.007121 0.008134 0.009193 0.010279 0.011373 0.012450 0.013484 0.014451 0.015322 0.016074 0.016685 0.017135 0.017411 0.017504 0.017411 0.017135 0.016685 0.016074 0.015322 0.014451 0.013484 0.012450 0.011373 0.010279 0.009193 0.008134 0.007121 0.006169 0.005287 0.004484 0.003763 0.003124 0.002567 0.002087 0.001679 0.001336 0.001052 0.000820 0.000633 0.000483 0.000365 0.000272 0.000202 0.000147 0.000107 0.000077 0.000054 0.000038 0.000026 0.000018 0.000012 0.000008 0.000006 0.000004 0.000002 0.000002 0.000001 0.000001 0.000000 0.000000 0.000000 0.000000 0.000000 
0.000000 0.000000 0.000000 0.000000 0.000000 0.000001 0.000001 0.000002 0.000002 0.000004 0.000006 0.000009 0.000013 0.000019 0.000028 0.000041 0.000059 0.000084 0.000118 0.000165 0.000227 0.000311 0.000420 0.000562 0.000743 0.000974 0.001263 0.001620 0.002056 0.002582 0.003209 0.003947 0.004804 0.005784 0.006892 0.008125 0.009478 0.010940 0.012495 0.014119 0.015787 0.017465 0.019117 0.020704 0.022187 0.023523 0.024677 0.025613 0.026304 0.026727 0.026869 0.026727 0.026304 0.025613 0.024677 0.023523 0.022187 0.020704 0.019117 0.017465 0.015787 0.014119 0.012495 0.010940 0.009478 0.008125 0.006892 0.005784 0.004804 0.003947 0.003209 0.002582 0.002056 0.001620 0.001263 0.000974 0.000743 0.000562 0.000420 0.000311 0.000227 0.000165 0.000118 0.000084 0.000059 0.000041 0.000028 0.000019 0.000013 0.000009 0.000006 0.000004 0.000002 0.000002 0.000001 0.000001 0.000000 0.000000 0.000000 0.000000 
0.000000 0.000000 0.000000 0.000000 0.000001 0.000001 0.000001 0.000002 0.000004 0.000006 0.000009 0.000013 0.000020 0.000029 0.000043 0.000062 0.000090 0.000128 0.000180 0.000251 0.000347 0.000474 0.000640 0.000856 0.001133 0.001484 0.001923 0.002467 0.003131 0.003932 0.004886 0.006008 0.007310 0.008801 0.010484 0.012359 0.014415 0.016637 0.018998 0.021466 0.023999 0.026548 0.029057 0.031467 0.033718 0.035748 0.037499 0.038921 0.039969 0.040612 0.040828 0.040612 0.039969 0.038921 0.037499 0.035748 0.033718 0.031467 0.029057 0.026548 0.023999 0.021466 0.018998 0.016637 0.014415 0.012359 0.010484 0.008801 0.007310 0.006008 0.004886 0.003932 0.003131 0.002467 0.001923 0.001484 0.001133 0.000856 0.000640 0.000474 0.000347 0.000251 0.000180 0.000128 0.000090 0.000062 0.000043 0.000029 0.000020 0.000013 0.000009 0.000006 0.000004 0.000002 0.000001 0.000001 0.000001 0.000000 0.000000 0.000000 
0.000000 0.000000 0.000000 0.000001 0.000001 0.000001 0.000002 0.000004 0.000006 0.000009 0.000013 0.000020 0.000030 0.000044 0.000065 0.000094 0.000136 0.000193 0.000272 0.000380 0.000524 0.000715 0.000966 0.001292 0.001710 0.002239 0.002901 0.003719 0.004719 0.005925 0.007362 0.009051 0.011011 0.013255 0.015788 0.018608 0.021702 0.025043 0.028595 0.032306 0.036114 0.039946 0.043719 0.047342 0.050725 0.053777 0.056409 0.058545 0.060121 0.061087 0.061412 0.061087 0.060121 0.058545 0.056409 0.053777 0.050725 0.047342 0.043719 0.039946 0.036114 0.032306 0.028595 0.025043 0.021702 0.018608 0.015788 0.013255 0.011011 0.009051 0.007362 0.005925 0.004719 0.003719 0.002901 0.002239 0.001710 0.001292 0.000966 0.000715 0.000524 0.000380 0.000272 0.000193 0.000136 0.000094 0.000065 0.000044 0.000030 0.000020 0.000013 0.000009 0.000006 0.000004 0.000002 0.000001 0.000001 0.000000 0.000000 0.000000 
0.000000 0.000000 0.000000 0.000001 0.000001 0.000002 0.000003 0.000005 0.000008 0.000013 0.000020 0.000030 0.000045 0.000066 0.000097 0.000141 0.000203 0.000289 0.000407 0.000568 0.000783 0.001069 0.001444 0.001930 0.002553 0.003342 0.004330 0.005551 0.007042 0.008840 0.010981 0.013498 0.016418 0.019761 0.023534 0.027735 0.032341 0.037316 0.042603 0.048128 0.053797 0.059500 0.065114 0.070507 0.075541 0.080081 0.083998 0.087177 0.089521 0.090957 0.091441 0.090957 0.089521 0.087177 0.083998 0.080081 0.075541 0.070507 0.065114 0.059500 0.053797 0.048128 0.042603 0.037316 0.032341 0.027735 0.023534 0.019761 0.016418 0.013498 0.010981 0.008840 0.007042 0.005551 0.004330 0.003342 0.002553 0.001930 0.001444 0.001069 0.000783 0.000568 0.000407 0.000289 0.000203 0.000141 0.000097 0.000066 0.000045 0.000030 0.000020 0.000013 0.000008 0.000005 0.000003 0.000002 0.000001 0.000001 0.000000 0.000000 
0.000000 0.000000 0.000001 0.000001 0.000002 0.000003 0.000005 0.000008 0.000012 0.000019 0.000029 0.000044 0.000066 0.000098 0.000144 0.000210 0.000301 0.000428 0.000603 0.000840 0.001158 0.001581 0.002135 0.002853 0.003774 0.004939 0.006397 0.008200 0.010400 0.013053 0.016213 0.019926 0.024233 0.029162 0.034726 0.040918 0.047709 0.055042 0.062834 0.070975 0.079328 0.087731 0.096002 0.103946 0.111362 0.118049 0.123818 0.128500 0.131952 0.134068 0.134781 0.134068 0.131952 0.128500 0.123818 0.118049 0.111362 0.103946 0.096002 0.087731 0.079328 0.070975 0.062834 0.055042 0.047709 0.040918 0.034726 0.029162 0.024233 0.019926 0.016213 0.013053 0.010400 0.008200 0.006397 0.004939 0.003774 0.002853 0.002135 0.001581 0.001158 0.000840 0.000603 0.000428 0.000301 0.000210 0.000144 0.000098 0.000066 0.000044 0.000029 0.000019 0.000012 0.000008 0.000005 0.000003 0.000002 0.000001 0.000000 0.000000 
0.000000 0.000000 0.000001 0.000002 0.000003 0.000005 0.000007 0.000012 0.000018 0.000028 0.000043 0.000065 0.000097 0.000144 0.000212 0.000307 0.000441 0.000628 0.000884 0.001231 0.001697 0.002315 0.003125 0.004176 0.005521 0.007225 0.009356 0.011990 0.015205 0.019080 0.023694 0.029116 0.035404 0.042600 0.050721 0.059758 0.069666 0.080365 0.091733 0.103610 0.115793 0.128048 0.140110 0.151695 0.162508 0.172259 0.180671 0.187497 0.192530 0.195615 0.196654 0.195615 0.192530 0.187497 0.180671 0.172259 0.162508 0.151695 0.140110 0.128048 0.115793 0.103610 0.091733 0.080365 0.069666 0.059758 0.050721 0.042600 0.035404 0.029116 0.023694 0.019080 0.015205 0.011990 0.009356 0.007225 0.005521 0.004176 0.003125 0.002315 0.001697 0.001231 0.000884 0.000628 0.000441 0.000307 0.000212 0.000144 0.000097 0.000065 0.000043 0.000028 0.000018 0.000012 0.000007 0.000005 0.000003 0.000002 0.000001 0.000000 
0.000000 0.000001 0.000001 0.000002 0.000004 0.000007 0.000011 0.000017 0.000026 0.000041 0.000062 0.000094 0.000141 0.000210 0.000307 0.000446 0.000641 0.000911 0.001281 0.001784 0.002459 0.003354 0.004528 0.006048 0.007996 0.010461 0.013545 0.017354 0.022003 0.027607 0.034276 0.042113 0.051201 0.061598 0.073332 0.086387 0.100698 0.116150 0.132567 0.149716 0.167307 0.185000 0.202414 0.219137 0.234745 0.248819 0.260961 0.270812 0.278077 0.282529 0.284028 0.282529 0.278077 0.270812 0.260961 0.248819 0.234745 0.219137 0.202414 0.185000 0.167307 0.149716 0.132567 0.116150 0.100698 0.086387 0.073332 0.061598 0.051201 0.042113 0.034276 0.027607 0.022003 0.017354 0.013545 0.010461 0.007996 0.006048 0.004528 0.003354 0.002459 0.001784 0.001281 0.000911 0.000641 0.000446 0.000307 0.000210 0.000141 0.000094 0.000062 0.000041 0.000026 0.000017 0.000011 0.000007 0.000004 0.000002 0.000001 0.000000 
0.000000 0.000001 0.000002 0.000004 0.000006 0.000010 0.000016 0.000024 0.000038 0.000059 0.000090 0.000136 0.000203 0.000301 0.000441 0.000641 0.000920 0.001307 0.001839 0.002561 0.003528 0.004811 0.006493 0.008672 0.011462 0.014993 0.019408 0.024861 0.031516 0.039536 0.049080 0.060292 0.073293 0.088165 0.104945 0.123613 0.144076 0.166166 0.189634 0.214146 0.239288 0.264573 0.289457 0.313354 0.335656 0.355764 0.373111 0.387186 0.397565 0.403925 0.406067 0.403925 0.397565 0.387186 0.373111 0.355764 0.335656 0.313354 0.289457 0.264573 0.239288 0.214146 0.189634 0.166166 0.144076 0.123613 0.104945 0.088165 0.073293 0.060292 0.049080 0.039536 0.031516 0.024861 0.019408 0.014993 0.011462 0.008672 0.006493 0.004811 0.003528 0.002561 0.001839 0.001307 0.000920 0.000641 0.000441 0.000301 0.000203 0.000136 0.000090 0.000059 0.000038 0.000024 0.000015 0.000010 0.000006 0.000003 0.000001 0.000000 
0.000000 0.000001 0.000003 0.000005 0.000009 0.000014 0.000022 0.000035 0.000054 0.000084 0.000128 0.000193 0.000289 0.000428 0.000628 0.000911 0.001307 0.001858 0.002613 0.003637 0.005010 0.006830 0.009216 0.012306 0.016262 0.021268 0.027525 0.035253 0.044682 0.056044 0.069562 0.085440 0.103848 0.124904 0.148659 0.175082 0.204042 0.235303 0.268510 0.303191 0.338760 0.374530 0.409730 0.443530 0.475074 0.503514 0.528046 0.547952 0.562629 0.571623 0.574653 0.571623 0.562629 0.547952 0.528046 0.503514 0.475074 0.443530 0.409730 0.374530 0.338760 0.303191 0.268510 0.235303 0.204042 0.175082 0.148659 0.124904 0.103848 0.085440 0.069562 0.056044 0.044682 0.035253 0.027525 0.021268 0.016262 0.012306 0.009216 0.006830 0.005010 0.003637 0.002613 0.001858 0.001307 0.000911 0.000628 0.000428 0.000289 0.000193 0.000128 0.000084 0.000054 0.000035 0.000022 0.000014 0.000008 0.000005 0.000002 0.000000 
0.000000 0.000002 0.000004 0.000007 0.000012 0.000020 0.000031 0.000049 0.000077 0.000118 0.000180 0.000272 0.000407 0.000603 0.000884 0.001281 0.001839 0.002613 0.003674 0.005112 0.007041 0.009597 0.012946 0.017284 0.022836 0.029860 0.038638 0.049478 0.062702 0.078633 0.097585 0.119843 0.145643 0.175150 0.208436 0.245456 0.286027 0.329815 0.376326 0.424896 0.474707 0.524795 0.574081 0.621405 0.665567 0.705382 0.739726 0.767591 0.788137 0.800727 0.804969 0.800727 0.788137 0.767591 0.739726 0.705382 0.665567 0.621405 0.574081 0.524795 0.474707 0.424896 0.376326 0.329815 0.286027 0.245456 0.208436 0.175150 0.145643 0.119843 0.097585 0.078633 0.062702 0.049478 0.038638 0.029860 0.022836 0.017284 0.012946 0.009597 0.007041 0.005112 0.003674 0.002613 0.001839 0.001281 0.000884 0.000603 0.000407 0.000272 0.000180 0.000118 0.000077 0.000049 0.000031 0.000019 0.000012 0.000007 0.000003 0.000000 
0.000000 0.000003 0.000006 0.000010 0.000017 0.000027 0.000044 0.000069 0.000107 0.000165 0.000251 0.000380 0.000568 0.000840 0.001231 0.001784 0.002561 0.003637 0.005112 0.007113 0.009794 0.013347 0.018001 0.024027 0.031740 0.041494 0.053683 0.068733 0.087088 0.109199 0.135498 0.166381 0.202173 0.243104 0.289269 0.340607 0.396865 0.457578 0.522059 0.589391 0.658436 0.727860 0.796169 0.861754 0.922955 0.978129 1.025720 1.064332 1.092800 1.110245 1.116122 1.110245 1.092800 1.064332 1.025720 0.978129 0.922955 0.861754 0.796169 0.727860 0.658436 0.589391 0.522059 0.457578 0.396865 0.340607 0.289269 0.243104 0.202173 0.166381 0.135498 0.109199 0.087088 0.068733 0.053683 0.041494 0.031740 0.024027 0.018001 0.013347 0.009794 0.007113 0.005112 0.003637 0.002561 0.001784 0.001231 0.000840 0.000568 0.000380 0.000251 0.000165 0.000107 0.000068 0.000043 0.000027 0.000016 0.000009 0.000004 0.000000 
0.000000 0.000003 0.000008 0.000014 0.000023 0.000038 0.000060 0.000095 0.000147 0.000227 0.000347 0.000524 0.000783 0.001158 0.001697 0.002459 0.003528 0.005010 0.007041 0.009794 0.013483 0.018370 0.024771 0.033058 0.043662 0.057070 0.073822 0.094503 0.119721 0.150094 0.186217 0.228629 0.277777 0.333973 0.397350 0.467819 0.545034 0.628356 0.716841 0.809229 0.903962 0.999209 1.092919 1.182888 1.266840 1.342520 1.407795 1.460755 1.499801 1.523728 1.531788 1.523728 1.499801 1.460755 1.407795 1.342520 1.266840 1.182888 1.092919 0.999209 0.903962 0.809229 0.716841 0.628356 0.545034 0.467819 0.397350 0.333973 0.277777 0.228629 0.186217 0.150094 0.119721 0.094503 0.073822 0.057070 0.043662 0.033058 0.024771 0.018370 0.013483 0.009794 0.007041 0.005010 0.003528 0.002459 0.001697 0.001158 0.000783 0.000524 0.000347 0.000227 0.000147 0.000095 0.000060 0.000037 0.000023 0.000013 0.000006 0.000000 
0.000000 0.000005 0.000011 0.000019 0.000032 0.000052 0.000082 0.000129 0.000202 0.000311 0.000474 0.000715 0.001069 0.001581 0.002315 0.003354 0.004811 0.006830 0.009597 0.013347 0.018370 0.025025 0.033738 0.045017 0.059445 0.077686 0.100475 0.128602 0.162895 0.204192 0.253299 0.310949 0.377747 0.454115 0.540232 0.635975 0.740872 0.854056 0.974243 1.099721 1.228374 1.357717 1.484966 1.607127 1.721113 1.823863 1.912485 1.984384 2.037392 2.069875 2.080818 2.069875 2.037392 1.984384 1.912485 1.823863 1.721113 1.607127 1.484966 1.357717 1.228374 1.099721 0.974243 0.854056 0.740872 0.635975 0.540232 0.454115 0.377747 0.310949 0.253299 0.204192 0.162895 0.128602 0.100475 0.077686 0.059445 0.045017 0.033738 0.025025 0.018370 0.013347 0.009597 0.006830 0.004811 0.003354 0.002315 0.001581 0.001069 0.000715 0.000474 0.000310 0.000201 0.000129 0.000082 0.000051 0.000031 0.000017 0.000008 0.000000 
0.000000 0.000006 0.000014 0.000026 0.000043 0.000070 0.000111 0.000175 0.000272 0.000420 0.000640 0.000966 0.001444 0.002135 0.003125 0.004528 0.006493 0.009216 0.012946 0.018001 0.024771 0.033738 0.045477 0.060669 0.080101 0.104664 0.135345 0.173207 0.219364 0.274938 0.341014 0.418575 0.508433 0.611152 0.726971 0.855725 0.996774 1.148952 1.310532 1.479213 1.652150 1.826002 1.997030 2.161212 2.314398 2.452481 2.571573 2.668190 2.739420 2.783069 2.797772 2.783069 2.739420 2.668190 2.571573 2.452481 2.314398 2.161212 1.997030 1.826002 1.652150 1.479213 1.310532 1.148952 0.996774 0.855725 0.726971 0.611152 0.508433 0.418575 0.341014 0.274938 0.219364 0.173207 0.135345 0.104664 0.080101 0.060669 0.045477 0.033738 0.024771 0.018001 0.012946 0.009216 0.006493 0.004528 0.003125 0.002135 0.001444 0.000966 0.000640 0.000420 0.000272 0.000175 0.000111 0.000069 0.000042 0.000023 0.000011 0.000000 
0.000000 0.000009 0.000019 0.000035 0.000058 0.000093 0.000149 0.000234 0.000365 0.000562 0.000856 0.001292 0.001930 0.002853 0.004176 0.006048 0.008672 0.012306 0.017284 0.024027 0.033058 0.045017 0.060669 0.080923 0.106824 0.139559 0.180441 0.230885 0.292371 0.366393 0.454391 0.557671 0.677311 0.814060 0.968233 1.139606 1.327327 1.529843 1.744852 1.969295 2.199384 2.430676 2.658198 2.876602 3.080371 3.264041 3.422446 3.550953 3.645693 3.703747 3.723303 3.703747 3.645693 3.550953 3.422446 3.264041 3.080371 2.876602 2.658198 2.430676 2.199384 1.969295 1.744852 1.529843 1.327327 1.139606 0.968233 0.814060 0.677311 0.557671 0.454391 0.366393 0.292371 0.230885 0.180441 0.139559 0.106824 0.080923 0.060669 0.045017 0.033058 0.024027 0.017284 0.012306 0.008672 0.006048 0.004176 0.002853 0.001930 0.001292 0.000856 0.000561 0.000364 0.000234 0.000148 0.000092 0.000056 0.000031 0.000014 0.000000 
0.000000 0.000011 0.000026 0.000046 0.000076 0.000124 0.000197 0.000310 0.000483 0.000743 0.001133 0.001710 0.002553 0.003774 0.005521 0.007996 0.011462 0.016262 0.022836 0.031740 0.043662 0.059445 0.080101 0.106824 0.140993 0.184171 0.238087 0.304603 0.385669 0.483249 0.599239 0.735356 0.893017 1.073205 1.276329 1.502094 1.749374 2.016120 2.299299 2.594882 2.897880 3.202445 3.502028 3.789592 4.057875 4.299688 4.508231 4.677409 4.802130 4.878555 4.904300 4.878555 4.802130 4.677409 4.508231 4.299688 4.057875 3.789592 3.502028 3.202445 2.897880 2.594882 2.299299 2.016120 1.749374 1.502094 1.276329 1.073205 0.893017 0.735356 0.599239 0.483249 0.385669 0.304603 0.238087 0.184171 0.140993 0.106824 0.080101 0.059445 0.043662 0.031740 0.022836 0.016262 0.011462 0.007996 0.005521 0.003774 0.002553 0.001710 0.001133 0.000743 0.000483 0.000310 0.000196 0.000122 0.000074 0.000042 0.000019 0.000000 
0.000000 0.000015 0.000034 0.000060 0.000100 0.000162 0.000259 0.000407 0.000633 0.000974 0.001484 0.002239 0.003342 0.004939 0.007225 0.010461 0.014993 0.021268 0.029860 0.041494 0.057070 0.077686 0.104664 0.139559 0.184171 0.240537 0.310910 0.397717 0.503499 0.630814 0.782130 0.959682 1.165314 1.400303 1.665179 1.959550 2.281946 2.629693 2.998837 3.384122 3.779048 4.175994 4.566426 4.941177 5.290787 5.605892 5.877635 6.098079 6.260590 6.360171 6.393716 6.360171 6.260590 6.098079 5.877635 5.605892 5.290787 4.941177 4.566426 4.175994 3.779048 3.384122 2.998837 2.629693 2.281946 1.959550 1.665179 1.400303 1.165314 0.959682 0.782130 0.630814 0.503499 0.397717 0.310910 0.240537 0.184171 0.139559 0.104664 0.077686 0.057070 0.041494 0.029860 0.021268 0.014993 0.010461 0.007225 0.004939 0.003342 0.002238 0.001484 0.000974 0.000632 0.000406 0.000257 0.000160 0.000097 0.000055 0.000025 0.000000 
0.000000 0.000019 0.000044 0.000078 0.000130 0.000211 0.000335 0.000527 0.000820 0.001263 0.001923 0.002901 0.004330 0.006397 0.009356 0.013545 0.019408 0.027525 0.038638 0.053683 0.073822 0.100475 0.135345 0.180441 0.238087 0.310910 0.401817 0.513939 0.650551 0.814953 1.010325 1.239546 1.504990 1.808299 2.150152 2.530040 2.946059 3.394756 3.871026 4.368089 4.877559 5.389606 5.893225 6.376595 6.827520 7.233927 7.584398 7.868702 8.078287 8.206712 8.249973 8.206712 8.078287 7.868702 7.584398 7.233927 6.827520 6.376595 5.893225 5.389606 4.877559 4.368089 3.871026 3.394756 2.946059 2.530040 2.150152 1.808299 1.504990 1.239546 1.010325 0.814953 0.650551 0.513939 0.401817 0.310910 0.238087 0.180441 0.135345 0.100475 0.073822 0.053683 0.038638 0.027525 0.019408 0.013545 0.009356 0.006397 0.004330 0.002901 0.001923 0.001262 0.000820 0.000527 0.000334 0.000208 0.000126 0.000071 0.000032 0.000000 
0.000000 0.000025 0.000056 0.000100 0.000167 0.000270 0.000431 0.000677 0.001052 0.001620 0.002467 0.003719 0.005551 0.008200 0.011990 0.017354 0.024861 0.035253 0.049478 0.068733 0.094503 0.128602 0.173207 0.230885 0.304603 0.397717 0.513939 0.657267 0.831878 1.041984 1.291641 1.584522 1.923652 2.311121 2.747790 3.233000 3.764316 4.337325 4.945504 5.580194 6.230687 6.884436 7.527395 8.144476 8.720114 9.238906 9.686282 10.049187 10.316712 10.480638 10.535858 10.480638 10.316712 10.049187 9.686282 9.238906 8.720114 8.144476 7.527395 6.884436 6.230687 5.580194 4.945504 4.337325 3.764316 3.233000 2.747790 2.311121 1.923652 1.584522 1.291641 1.041984 0.831878 0.657267 0.513939 0.397717 0.304603 0.230885 0.173207 0.128602 0.094503 0.068733 0.049478 0.035253 0.024861 0.017354 0.011990 0.008200 0.005551 0.003719 0.002467 0.001619 0.001052 0.000676 0.000429 0.000267 0.000162 0.000091 0.000041 0.000000 
0.000000 0.000032 0.000071 0.000127 0.000212 0.000344 0.000547 0.000859 0.001336 0.002056 0.003131 0.004719 0.007042 0.010400 0.015205 0.022003 0.031516 0.044682 0.062702 0.087088 0.119721 0.162895 0.219364 0.292371 0.385669 0.503499 0.650551 0.831878 1.052756 1.318504 1.634244 2.004611 2.433421 2.923309 3.475353 4.088714 4.760308 5.484549 6.253192 7.055291 7.877316 8.703413 9.515837 10.295531 11.022836 11.678296 12.243513 12.701999 13.039979 13.247075 13.316836 13.247075 13.039979 12.701999 12.243513 11.678296 11.022836 10.295531 9.515837 8.703413 7.877316 7.055291 6.253192 5.484549 4.760308 4.088714 3.475353 2.923309 2.433421 2.004611 1.634244 1.318504 1.052756 0.831878 0.650551 0.503499 0.385669 0.292371 0.219364 0.162895 0.119721 0.087088 0.062702 0.044682 0.031516 0.022003 0.015205 0.010400 0.007041 0.004719 0.003130 0.002055 0.001335 0.000858 0.000544 0.000340 0.000205 0.000116 0.000052 0.000000 
0.000000 0.000040 0.000090 0.000160 0.000267 0.000432 0.000687 0.001080 0.001679 0.002582 0.003932 0.005925 0.008840 0.013053 0.019080 0.027607 0.039536 0.056044 0.078633 0.109199 0.150094 0.204192 0.274938 0.366393 0.483249 0.630814 0.814953 1.041984 1.318504 1.651162 2.046359 2.509885 3.046504 3.659503 4.350222 5.117600 5.957771 6.863744 7.825198 8.828443 9.856555 10.889710 11.905719 12.880759 13.790253 14.609881 15.316645 15.889940 16.312546 16.571494 16.658721 16.571494 16.312546 15.889940 15.316645 14.609881 13.790253 12.880759 11.905719 10.889710 9.856555 8.828443 7.825198 6.863744 5.957771 5.117600 4.350222 3.659503 3.046504 2.509885 2.046359 1.651162 1.318504 1.041984 0.814953 0.630814 0.483249 0.366393 0.274938 0.204192 0.150094 0.109199 0.078633 0.056044 0.039536 0.027607 0.019080 0.013053 0.008840 0.005925 0.003931 0.002582 0.001678 0.001078 0.000684 0.000427 0.000258 0.000146 0.000065 0.000000 
0.000000 0.000050 0.000112 0.000199 0.000332 0.000537 0.000855 0.001343 0.002087 0.003209 0.004886 0.007362 0.010981 0.016213 0.023694 0.034276 0.049080 0.069562 0.097585 0.135498 0.186217 0.253299 0.341014 0.454391 0.599239 0.782130 1.010325 1.291641 1.634244 2.046359 2.535903 3.110035 3.774642 4.533783 5.389105 6.339284 7.379524 8.501162 9.691416 10.933337 12.205975 13.484796 14.742342 15.949133 17.074763 18.089142 18.963820 19.673305 20.196297 20.516752 20.624698 20.516752 20.196297 19.673305 18.963820 18.089142 17.074763 15.949133 14.742342 13.484796 12.205975 10.933337 9.691416 8.501162 7.379524 6.339284 5.389105 4.533783 3.774642 3.110035 2.535903 2.046359 1.634244 1.291641 1.010325 0.782130 0.599239 0.454391 0.341014 0.253299 0.186217 0.135498 0.097585 0.069562 0.049080 0.034276 0.023694 0.016212 0.010981 0.007362 0.004885 0.003209 0.002086 0.001341 0.000851 0.000531 0.000321 0.000181 0.000081 0.000000 
0.000000 0.000061 0.000137 0.000245 0.000409 0.000661 0.001052 0.001652 0.002567 0.003947 0.006008 0.009051 0.013498 0.019926 0.029116 0.042113 0.060292 0.085440 0.119843 0.166381 0.228629 0.310949 0.418575 0.557671 0.735356 0.959682 1.239546 1.584522 2.004611 2.509885 3.110035 3.813821 4.628447 5.558871 6.607097 7.771492 9.046168 10.420500 11.878824 13.400370 14.959473 16.526080 18.066564 19.544821 20.923617 22.166107 23.237456 24.106454 24.747021 25.139515 25.271727 25.139515 24.747021 24.106454 23.237456 22.166107 20.923617 19.544821 18.066564 16.526080 14.959473 13.400370 11.878824 10.420500 9.046168 7.771492 6.607097 5.558871 4.628447 3.813821 3.110035 2.509885 2.004611 1.584522 1.239546 0.959682 0.735356 0.557671 0.418575 0.310949 0.228629 0.166381 0.119843 0.085440 0.060292 0.042113 0.029116 0.019925 0.013498 0.009051 0.006007 0.003946 0.002566 0.001650 0.001047 0.000653 0.000395 0.000223 0.000100 0.000000 
0.000000 0.000075 0.000167 0.000299 0.000498 0.000805 0.001281 0.002011 0.003124 0.004804 0.007310 0.011011 0.016418 0.024233 0.035404 0.051201 0.073293 0.103848 0.145643 0.202173 0.277777 0.377747 0.508433 0.677311 0.893017 1.165314 1.504990 1.923652 2.433421 3.046504 3.774642 4.628447 5.616639 6.745216 8.016593 9.428774 10.974607 12.641196 14.409542 16.254458 18.144824 20.044210 21.911852 23.703992 25.375503 26.881732 28.180466 29.233882 30.010382 30.486161 30.646427 30.486161 30.010382 29.233882 28.180466 26.881732 25.375503 23.703992 21.911852 20.044210 18.144824 16.254458 14.409542 12.641196 10.974607 9.428774 8.016593 6.745216 5.616639 4.628447 3.774642 3.046504 2.433421 1.923652 1.504990 1.165314 0.893017 0.677311 0.508433 0.377747 0.277777 0.202173 0.145643 0.103848 0.073293 0.051201 0.035404 0.024233 0.016418 0.011011 0.007309 0.004803 0.003123 0.002008 0.001275 0.000796 0.000482 0.000272 0.000122 0.000000 
0.000000 0.000090 0.000202 0.000360 0.000600 0.000970 0.001543 0.002423 0.003763 0.005784 0.008801 0.013255 0.019761 0.029162 0.042600 0.061598 0.088165 0.124904 0.175150 0.243104 0.333973 0.454115 0.611152 0.814060 1.073205 1.400303 1.808299 2.311121 2.923309 3.659503 4.533783 5.558871 6.745216 8.099998 9.626100 11.321109 13.176426 15.176565 17.298716 19.512650 21.781027 24.060135 26.301074 28.451352 30.456837 32.263974 33.822131 35.085949 36.017530 36.588326 36.780597 36.588326 36.017530 35.085949 33.822131 32.263974 30.456837 28.451352 26.301074 24.060135 21.781027 19.512650 17.298716 15.176565 13.176426 11.321109 9.626100 8.099998 6.745216 5.558871 4.533783 3.659503 2.923309 2.311121 1.808299 1.400303 1.073205 0.814060 0.611152 0.454115 0.333973 0.243104 0.175150 0.124904 0.088165 0.061598 0.042600 0.029162 0.019760 0.013254 0.008800 0.005783 0.003761 0.002419 0.001536 0.000959 0.000580 0.000327 0.000147 0.000000 
0.000000 0.000108 0.000241 0.000430 0.000715 0.001157 0.001839 0.002887 0.004484 0.006892 0.010484 0.015788 0.023534 0.034726 0.050721 0.073332 0.104945 0.148659 0.208436 0.289269 0.397350 0.540232 0.726971 0.968233 1.276329 1.665179 2.150152 2.747790 3.475353 4.350222 5.389105 6.607097 8.016593 9.626100 11.439023 13.452477 15.656232 18.031883 20.552329 23.181666 25.875550 28.582077 31.243187 33.796559 36.177933 38.323734 40.173861 41.674472 42.780584 43.458314 43.686605 43.458314 42.780584 41.674472 40.173861 38.323734 36.177933 33.796559 31.243187 28.582077 25.875550 23.181666 20.552329 18.031883 15.656232 13.452477 11.439023 9.626100 8.016593 6.607097 5.389105 4.350222 3.475353 2.747790 2.150152 1.665179 1.276329 0.968233 0.726971 0.540232 0.397350 0.289269 0.208436 0.148659 0.104945 0.073332 0.050721 0.034726 0.023534 0.015788 0.010484 0.006890 0.004482 0.002883 0.001831 0.001143 0.000692 0.000390 0.000175 0.000000 
0.000000 0.000127 0.000284 0.000507 0.000844 0.001365 0.002169 0.003405 0.005287 0.008125 0.012359 0.018608 0.027735 0.040918 0.059758 0.086387 0.123613 0.175082 0.245456 0.340607 0.467819 0.635975 0.855725 1.139606 1.502094 1.959550 2.530040 3.233000 4.088714 5.117600 6.339284 7.771492 9.428774 11.321109 13.452477 15.819465 18.410033 21.202530 24.165093 27.255518 30.421685 33.602600 36.730036 39.730771 42.529304 45.050944 47.225084 48.988472 50.288266 51.084661 51.352923 51.084661 50.288266 48.988472 47.225084 45.050944 42.529304 39.730771 36.730036 33.602600 30.421685 27.255518 24.165093 21.202530 18.410033 15.819465 13.452477 11.321109 9.428774 7.771492 6.339284 5.117600 4.088714 3.233000 2.530040 1.959550 1.502094 1.139606 0.855725 0.635975 0.467819 0.340607 0.245456 0.175082 0.123613 0.086387 0.059758 0.040918 0.027734 0.018608 0.012358 0.008123 0.005284 0.003400 0.002160 0.001348 0.000817 0.000461 0.000207 0.000000 
0.000000 0.000148 0.000331 0.000592 0.000985 0.001593 0.002531 0.003973 0.006169 0.009478 0.014415 0.021702 0.032341 0.047709 0.069666 0.100698 0.144076 0.204042 0.286027 0.396865 0.545034 0.740872 0.996774 1.327327 1.749374 2.281946 2.946059 3.764316 4.760308 5.957771 7.379524 9.046168 10.974607 13.176426 15.656232 18.410033 21.423802 24.672337 28.118563 31.713382 35.396174 39.095996 42.733508 46.223561 49.478365 52.411073 54.939592 56.990380 58.502000 59.428178 59.740156 59.428178 58.502000 56.990380 54.939592 52.411073 49.478365 46.223561 42.733508 39.095996 35.396174 31.713382 28.118563 24.672337 21.423802 18.410033 15.656232 13.176426 10.974607 9.046168 7.379524 5.957771 4.760308 3.764316 2.946059 2.281946 1.749374 1.327327 0.996774 0.740872 0.545034 0.396865 0.286027 0.204042 0.144076 0.100698 0.069666 0.047709 0.032341 0.021701 0.014414 0.009476 0.006165 0.003967 0.002520 0.001574 0.000953 0.000538 0.000241 0.000000 
0.000000 0.000171 0.000383 0.000684 0.001138 0.001839 0.002923 0.004587 0.007121 0.010940 0.016637 0.025043 0.037316 0.055042 0.080365 0.116150 0.166166 0.235303 0.329815 0.457578 0.628356 0.854056 1.148952 1.529843 2.016120 2.629693 3.394756 4.337325 5.484549 6.863744 8.501162 10.420500 12.641196 15.176565 18.031883 21.202530 24.672337 28.412273 32.379647 36.517932 40.757344 45.016231 49.203276 53.220486 56.966833 60.342378 63.252656 65.613046 67.352856 68.418841 68.777910 68.418841 67.352856 65.613046 63.252656 60.342378 56.966833 53.220486 49.203276 45.016231 40.757344 36.517932 32.379647 28.412273 24.672337 21.202530 18.031883 15.176565 12.641196 10.420500 8.501162 6.863744 5.484549 4.337325 3.394756 2.629693 2.016120 1.529843 1.148952 0.854056 0.628356 0.457578 0.329815 0.235303 0.166166 0.116150 0.080365 0.055041 0.037316 0.025042 0.016635 0.010938 0.007117 0.004580 0.002910 0.001817 0.001101 0.000621 0.000279 0.000000 
0.000000 0.000196 0.000438 0.000781 0.001301 0.002102 0.003339 0.005240 0.008134 0.012495 0.018998 0.028595 0.042603 0.062834 0.091733 0.132567 0.189634 0.268510 0.376326 0.522059 0.716841 0.974243 1.310532 1.744852 2.299299 2.998837 3.871026 4.945504 6.253192 7.825198 9.691416 11.878824 14.409542 17.298716 20.552329 24.165093 28.118563 32.379647 36.899693 41.614298 46.443963 51.295675 56.065422 60.641595 64.909131 68.754214 72.069264 74.757915 76.739665 77.953879 78.362877 77.953879 76.739665 74.757915 72.069264 68.754214 64.909131 60.641595 56.065422 51.295675 46.443963 41.614298 36.899693 32.379647 28.118563 24.165093 20.552329 17.298716 14.409542 11.878824 9.691416 7.825198 6.253192 4.945504 3.871026 2.998837 2.299299 1.744852 1.310532 0.974243 0.716841 0.522059 0.376326 0.268510 0.189634 0.132567 0.091733 0.062834 0.042603 0.028594 0.018997 0.012492 0.008129 0.005232 0.003325 0.002077 0.001258 0.000710 0.000319 0.000000 
0.000000 0.000221 0.000495 0.000883 0.001470 0.002376 0.003775 0.005923 0.009193 0.014119 0.021466 0.032306 0.048128 0.070975 0.103610 0.149716 0.214146 0.303191 0.424896 0.589391 0.809229 1.099721 1.479213 1.969295 2.594882 3.384122 4.368089 5.580194 7.055291 8.828443 10.933337 13.400370 16.254458 19.512650 23.181666 27.255518 31.713382 36.517932 41.614298 46.929862 52.374997 57.844844 63.222157 68.381129 73.192070 77.526697 81.263759 84.294649 86.528638 87.897392 88.358445 87.897392 86.528638 84.294649 81.263759 77.526697 73.192070 68.381129 63.222157 57.844844 52.374997 46.929862 41.614298 36.517932 31.713382 27.255518 23.181666 19.512650 16.254458 13.400370 10.933337 8.828443 7.055291 5.580194 4.368089 3.384122 2.594882 1.969295 1.479213 1.099721 0.809229 0.589391 0.424896 0.303191 0.214146 0.149716 0.103609 0.070975 0.048128 0.032305 0.021464 0.014116 0.009187 0.005914 0.003758 0.002348 0.001422 0.000803 0.000361 0.000000 
0.000000 0.000248 0.000554 0.000988 0.001645 0.002658 0.004222 0.006624 0.010279 0.015787 0.023999 0.036114 0.053797 0.079328 0.115793 0.167307 0.239288 0.338760 0.474707 0.658436 0.903962 1.228374 1.652150 2.199384 2.897880 3.779048 4.877559 6.230687 7.877316 9.856555 12.205975 14.959473 18.144824 21.781027 25.875550 30.421685 35.396174 40.757344 46.443963 52.374997 58.450442 64.553315 70.552815 76.308602 81.676005 86.511930 90.681133 94.062472 96.554750 98.081749 98.596104 98.081749 96.554750 94.062472 90.681133 86.511930 81.676005 76.308602 70.552815 64.553315 58.450442 52.374997 46.443963 40.757344 35.396174 30.421685 25.875550 21.781027 18.144824 14.959473 12.205975 9.856555 7.877316 6.230687 4.877559 3.779048 2.897880 2.199384 1.652150 1.228374 0.903962 0.658436 0.474707 0.338760 0.239288 0.167307 0.115793 0.079328 0.053797 0.036113 0.023997 0.015783 0.010273 0.006613 0.004203 0.002626 0.001591 0.000898 0.000403 0.000000 
0.000000 0.000274 0.000613 0.001094 0.001821 0.002941 0.004672 0.007329 0.011373 0.017465 0.026548 0.039946 0.059500 0.087731 0.128048 0.185000 0.264573 0.374530 0.524795 0.727860 0.999209 1.357717 1.826002 2.430676 3.202445 4.175994 5.389606 6.884436 8.703413 10.889710 13.484796 16.526080 20.044210 24.060135 28.582077 33.602600 39.095996 45.016231 51.295675 57.844844 64.553315 71.291925 77.916266 84.271399 90.197617 95.536954 100.140115 103.873373 106.625021 108.310927 108.878807 108.310927 106.625021 103.873373 100.140115 95.536954 90.197617 84.271399 77.916266 71.291925 64.553315 57.844844 51.295675 45.016231 39.095996 33.602600 28.582077 24.060135 20.044210 16.526080 13.484796 10.889710 8.703413 6.884436 5.389606 4.175994 3.202445 2.430676 1.826002 1.357717 0.999209 0.727860 0.524795 0.374530 0.264573 0.185000 0.128048 0.087731 0.059500 0.039945 0.026545 0.017461 0.011366 0.007317 0.004651 0.002906 0.001761 0.000994 0.000446 0.000000 
0.000000 0.000300 0.000671 0.001198 0.001994 0.003220 0.005115 0.008024 0.012450 0.019117 0.029057 0.043719 0.065114 0.096002 0.140110 0.202414 0.289457 0.409730 0.574081 0.796169 1.092919 1.484966 1.997030 2.658198 3.502028 4.566426 5.893225 7.527395 9.515837 11.905719 14.742342 18.066564 21.911852 26.301074 31.243187 36.730036 42.733508 49.203276 56.065422 63.222157 70.552815 77.916266 85.154724 92.098911 98.574337 104.408427 109.438075 113.517192 116.523743 118.365817 118.986300 118.365817 116.523743 113.517192 109.438075 104.408427 98.574337 92.098911 85.154724 77.916266 70.552815 63.222157 56.065422 49.203276 42.733508 36.730036 31.243187 26.301074 21.911852 18.066564 14.742342 11.905719 9.515837 7.527395 5.893225 4.566426 3.502028 2.658198 1.997030 1.484966 1.092919 0.796169 0.574081 0.409730 0.289457 0.202414 0.140110 0.096002 0.065114 0.043717 0.029055 0.019113 0.012442 0.008011 0.005093 0.003182 0.001928 0.001088 0.000489 0.000000 
