0.000000 0.000000 0.000000 0.000000 0.000000 0.000000 0.000000 0.000000 0.000000 0.000000 0.000000 0.000000 0.000000 0.000000 0.000000 0.000000 0.000000 0.000000 0.000000 0.000000 0.000000 0.000000 0.000000 0.000000 0.000000 0.000000 0.000000 0.000000 0.000000 0.000000 0.000000 0.000000 0.000000 0.000000 0.000000 0.000000 0.000000 0.000000 0.000000 0.000000 0.000000 0.000000 0.000000 0.000000 0.000000 0.000000 0.000000 0.000000 0.000000 0.000000 0.000000 0.000000 0.000000 0.000000 0.000000 0.000000 0.000000 0.000000 0.000000 0.000000 0.000000 0.000000 0.000000 0.000000 0.000000 0.000000 0.000000 0.000000 0.000000 0.000000 0.000000 0.000000 0.000000 0.000000 0.000000 0.000000 0.000000 0.000000 0.000000 0.000000 0.000000 0.000000 0.000000 0.000000 0.000000 0.000000 0.000000 0.000000 0.000000 0.000000 0.000000 0.000000 0.000000 0.000000 0.000000 0.000000 0.000000 0.000000 0.000000 0.000000 
0.000000 0.000000 0.000000 0.000000 0.000000 0.000000 0.000000 0.000000 0.000000 0.000000 0.000000 0.000000 0.000000 0.000000 0.000000 0.000000 0.000000 0.000000 0.000000 0.000000 0.000000 0.000000 0.000000 0.000000 0.000000 0.000000 0.000000 0.000000 0.000000 0.000000 0.000000 0.000000 0.000000 0.000000 0.000000 0.000000 0.000000 0.000000 0.000000 0.000000 0.000000 0.000000 0.000000 0.000000 0.000000 0.000000 0.000000 0.000000 0.000000 0.000000 0.000000 0.000000 0.000000 0.000000 0.000000 0.000000 0.000000 0.000000 0.000000 0.000000 0.000000 0.000000 0.000000 0.000000 0.000000 0.000000 0.000000 0.000000 0.000000 0.000000 0.000000 0.000000 0.000000 0.000000 0.000000 0.000000 0.000000 0.000000 0.000000 0.000000 0.000000 0.000000 0.000000 0.000000 0.000000 0.000000 0.000000 0.000000 0.000000 0.000000 0.000000 0.000000 0.000000 0.000000 0.000000 0.000000 0.000000 0.000000 0.000000 0.000000 
0.000000 0.000000 0.000000 0.000000 0.000000 0.000000 0.000000 0.000000 0.000000 0.000000 0.000000 0.000000 0.000000 0.000000 0.000000 0.000000 0.000000 0.000000 0.000000 0.000000 0.000000 0.000000 0.000000 0.000000 0.000000 0.000000 0.000000 0.000000 0.000000 0.000000 0.000000 0.000000 0.000000 0.000000 0.000000 0.000000 0.000000 0.000000 0.000000 0.000000 0.000000 0.000000 0.000000 0.000000 0.000000 0.000000 0.000000 0.000000 0.000000 0.000000 0.000000 0.000000 0.000000 0.000000 0.000000 0.000000 0.000000 0.000000 0.000000 0.000000 0.000000 0.000000 0.000000 0.000000 0.000000 0.000000 0.000000 0.000000 0.000000 0.000000 0.000000 0.000000 0.000000 0.000000 0.000000 0.000000 0.000000 0.000000 0.000000 0.000000 0.000000 0.000000 0.000000 0.000000 0.000000 0.000000 0.000000 0.000000 0.000000 0.000000 0.000000 0.000000 0.000000 0.000000 0.000000 0.000000 0.000000 0.000000 0.000000 0.000000 
0.000000 0.000000 0.000000 0.000000 0.000000 0.000000 0.000000 0.000000 0.000000 0.000000 0.000000 0.000000 0.000000 0.000000 0.000000 0.000000 0.000000 0.000000 0.000000 0.000000 0.000000 0.000000 0.000000 0.000000 0.000000 0.000000 0.000000 0.000000 0.000000 0.000000 0.000000 0.000000 0.000000 0.000000 0.000000 0.000000 0.000000 0.000000 0.000000 0.000000 0.000000 0.000000 0.000000 0.000000 0.000000 0.000000 0.000000 0.000000 0.000000 0.000000 0.000000 0.000000 0.000000 0.000000 0.000000 0.000000 0.000000 0.000000 0.000000 0.000000 0.000000 0.000000 0.000000 0.000000 0.000000 0.000000 0.000000 0.000000 0.000000 0.000000 0.000000 0.000000 0.000000 0.000000 0.000000 0.000000 0.000000 0.000000 0.000000 0.000000 0.000000 0.000000 0.000000 0.000000 0.000000 0.000000 0.000000 0.000000 0.000000 0.000000 0.000000 0.000000 0.000000 0.000000 0.000000 0.000000 0.000000 0.000000 0.000000 0.000000 
0.000000 0.000000 0.000000 0.000000 0.000000 0.000000 0.000000 0.000000 0.000000 0.000000 0.000000 0.000000 0.000000 0.000000 0.000000 0.000000 0.000000 0.000000 0.000000 0.000000 0.000000 0.000000 0.000000 0.000000 0.000000 0.000000 0.000000 0.000000 0.000000 0.000000 0.000000 0.000000 0.000000 0.000000 0.000000 0.000000 0.000000 0.000000 0.000000 0.000000 0.000000 0.000000 0.000000 0.000000 0.000000 0.000000 0.000000 0.000001 0.000001 0.000001 0.000001 0.000001 0.000001 0.000001 0.000000 0.000000 0.000000 0.000000 0.000000 0.000000 0.000000 0.000000 0.000000 0.000000 0.000000 0.000000 0.000000 0.000000 0.000000 0.000000 0.000000 0.000000 0.000000 0.000000 0.000000 0.000000 0.000000 0.000000 0.000000 0.000000 0.000000 0.000000 0.000000 0.000000 0.000000 0.000000 0.000000 0.000000 0.000000 0.000000 0.000000 0.000000 0.000000 0.000000 0.000000 0.000000 0.000000 0.000000 0.000000 0.000000 
0.000000 0.000000 0.000000 0.000000 0.000000 0.000000 0.000000 0.000000 0.000000 0.000000 0.000000 0.000000 0.000000 0.000000 0.000000 0.000000 0.000000 0.000000 0.000000 0.000000 0.000000 0.000000 0.000000 0.000000 0.000000 0.000000 0.000000 0.000000 0.000000 0.000000 0.000000 0.000000 0.000000 0.000000 0.000000 0.000000 0.000000 0.000000 0.000000 0.000000 0.000000 0.000001 0.000001 0.000001 0.000001 0.000001 0.000001 0.000001 0.000001 0.000001 0.000001 0.000001 0.000001 0.000001 0.000001 0.000001 0.000001 0.000001 0.000001 0.000001 0.000000 0.000000 0.000000 0.000000 0.000000 0.000000 0.000000 0.000000 0.000000 0.000000 0.000000 0.000000 0.000000 0.000000 0.000000 0.000000 0.000000 0.000000 0.000000 0.000000 0.000000 0.000000 0.000000 0.000000 0.000000 0.000000 0.000000 0.000000 0.000000 0.000000 0.000000 0.000000 0.000000 0.000000 0.000000 0.000000 0.000000 0.000000 0.000000 0.000000 
0.000000 0.000000 0.000000 0.000000 0.000000 0.000000 0.000000 0.000000 0.000000 0.000000 0.000000 0.000000 0.000000 0.000000 0.000000 0.000000 0.000000 0.000000 0.000000 0.000000 0.000000 0.000000 0.000000 0.000000 0.000000 0.000000 0.000000 0.000000 0.000000 0.000000 0.000000 0.000000 0.000000 0.000000 0.000000 0.000000 0.000000 0.000001 0.000001 0.000001 0.000001 0.000001 0.000002 0.000002 0.000002 0.000002 0.000003 0.000003 0.000003 0.000003 0.000003 0.000003 0.000003 0.000003 0.000003 0.000002 0.000002 0.000002 0.000002 0.000001 0.000001 0.000001 0.000001 0.000001 0.000000 0.000000 0.000000 0.000000 0.000000 0.000000 0.000000 0.000000 0.000000 0.000000 0.000000 0.000000 0.000000 0.000000 0.000000 0.000000 0.000000 0.000000 0.000000 0.000000 0.000000 0.000000 0.000000 0.000000 0.000000 0.000000 0.000000 0.000000 0.000000 0.000000 0.000000 0.000000 0.000000 0.000000 0.000000 0.000000 
0.000000 0.000000 0.000000 0.000000 0.000000 0.000000 0.000000 0.000000 0.000000 0.000000 0.000000 0.000000 0.000000 0.000000 0.000000 0.000000 0.000000 0.000000 0.000000 0.000000 0.000000 0.000000 0.000000 0.000000 0.000000 0.000000 0.000000 0.000000 0.000000 0.000000 0.000000 0.000000 0.000000 0.000000 0.000000 0.000001 0.000001 0.000001 0.000002 0.000002 0.000002 0.000003 0.000003 0.000004 0.000005 0.000005 0.000006 0.000006 0.000006 0.000007 0.000007 0.000007 0.000006 0.000006 0.000006 0.000005 0.000005 0.000004 0.000003 0.000003 0.000002 0.000002 0.000002 0.000001 0.000001 0.000001 0.000000 0.000000 0.000000 0.000000 0.000000 0.000000 0.000000 0.000000 0.000000 0.000000 0.000000 0.000000 0.000000 0.000000 0.000000 0.000000 0.000000 0.000000 0.000000 0.000000 0.000000 0.000000 0.000000 0.000000 0.000000 0.000000 0.000000 0.000000 0.000000 0.000000 0.000000 0.000000 0.000000 0.000000 
0.000000 0.000000 0.000000 0.000000 0.000000 0.000000 0.000000 0.000000 0.000000 0.000000 0.000000 0.000000 0.000000 0.000000 0.000000 0.000000 0.000000 0.000000 0.000000 0.000000 0.000000 0.000000 0.000000 0.000000 0.000000 0.000000 0.000000 0.000000 0.000000 0.000000 0.000000 0.000000 0.000001 0.000001 0.000001 0.000001 0.000002 0.000003 0.000003 0.000004 0.000005 0.000006 0.000008 0.000009 0.000010 0.000012 0.000013 0.000014 0.000014 0.000015 0.000015 0.000015 0.000014 0.000014 0.000013 0.000012 0.000010 0.000009 0.000008 0.000006 0.000005 0.000004 0.000003 0.000003 0.000002 0.000001 0.000001 0.000001 0.000001 0.000000 0.000000 0.000000 0.000000 0.000000 0.000000 0.000000 0.000000 0.000000 0.000000 0.000000 0.000000 0.000000 0.000000 0.000000 0.000000 0.000000 0.000000 0.000000 0.000000 0.000000 0.000000 0.000000 0.000000 0.000000 0.000000 0.000000 0.000000 0.000000 0.000000 0.000000 
0.000000 0.000000 0.000000 0.000000 0.000000 0.000000 0.000000 0.000000 0.000000 0.000000 0.000000 0.000000 0.000000 0.000000 0.000000 0.000000 0.000000 0.000000 0.000000 0.000000 0.000000 0.000000 0.000000 0.000000 0.000000 0.000000 0.000000 0.000000 0.000000 0.000000 0.000001 0.000001 0.000001 0.000002 0.000002 0.000003 0.000004 0.000006 0.000007 0.000009 0.000012 0.000014 0.000017 0.000020 0.000023 0.000025 0.000028 0.000030 0.000031 0.000032 0.000033 0.000032 0.000031 0.000030 0.000028 0.000025 0.000023 0.000020 0.000017 0.000014 0.000012 0.000009 0.000007 0.000006 0.000004 0.000003 0.000002 0.000002 0.000001 0.000001 0.000001 0.000000 0.000000 0.000000 0.000000 0.000000 0.000000 0.000000 0.000000 0.000000 0.000000 0.000000 0.000000 0.000000 0.000000 0.000000 0.000000 0.000000 0.000000 0.000000 0.000000 0.000000 0.000000 0.000000 0.000000 0.000000 0.000000 0.000000 0.000000 0.000000 
0.000000 0.000000 0.000000 0.000000 0.000000 0.000000 0.000000 0.000000 0.000000 0.000000 0.000000 0.000000 0.000000 0.000000 0.000000 0.000000 0.000000 0.000000 0.000000 0.000000 0.000000 0.000000 0.000000 0.000000 0.000000 0.000000 0.000000 0.000000 0.000000 0.000001 0.000001 0.000002 0.000003 0.000004 0.000005 0.000007 0.000009 0.000012 0.000016 0.000020 0.000025 0.000030 0.000036 0.000042 0.000048 0.000054 0.000059 0.000064 0.000067 0.000069 0.000070 0.000069 0.000067 0.000064 0.000059 0.000054 0.000048 0.000042 0.000036 0.000030 0.000025 0.000020 0.000016 0.000012 0.000009 0.000007 0.000005 0.000004 0.000003 0.000002 0.000001 0.000001 0.000000 0.000000 0.000000 0.000000 0.000000 0.000000 0.000000 0.000000 0.000000 0.000000 0.000000 0.000000 0.000000 0.000000 0.000000 0.000000 0.000000 0.000000 0.000000 0.000000 0.000000 0.000000 0.000000 0.000000 0.000000 0.000000 0.000000 0.000000 
0.000000 0.000000 0.000000 0.000000 0.000000 0.000000 0.000000 0.000000 0.000000 0.000000 0.000000 0.000000 0.000000 0.000000 0.000000 0.000000 0.000000 0.000000 0.000000 0.000000 0.000000 0.000000 0.000000 0.000000 0.000000 0.000000 0.000000 0.000001 0.000001 0.000002 0.000002 0.000004 0.000005 0.000008 0.000011 0.000015 0.000020 0.000026 0.000033 0.000042 0.000053 0.000064 0.000076 0.000089 0.000102 0.000114 0.000125 0.000134 0.000141 0.000146 0.000147 0.000146 0.000141 0.000134 0.000125 0.000114 0.000102 0.000089 0.000076 0.000064 0.000053 0.000042 0.000033 0.000026 0.000020 0.000015 0.000011 0.000008 0.000005 0.000004 0.000002 0.000002 0.000001 0.000001 0.000000 0.000000 0.000000 0.000000 0.000000 0.000000 0.000000 0.000000 0.000000 0.000000 0.000000 0.000000 0.000000 0.000000 0.000000 0.000000 0.000000 0.000000 0.000000 0.000000 0.000000 0.000000 0.000000 0.000000 0.000000 0.000000 
0.000000 0.000000 0.000000 0.000000 0.000000 0.000000 0.000000 0.000000 0.000000 0.000000 0.000000 0.000000 0.000000 0.000000 0.000000 0.000000 0.000000 0.000000 0.000000 0.000000 0.000000 0.000000 0.000000 0.000000 0.000000 0.000001 0.000001 0.000001 0.000002 0.000003 0.000005 0.000008 0.000011 0.000016 0.000022 0.000030 0.000041 0.000054 0.000069 0.000088 0.000109 0.000132 0.000158 0.000184 0.000210 0.000235 0.000258 0.000277 0.000292 0.000301 0.000304 0.000301 0.000292 0.000277 0.000258 0.000235 0.000210 0.000184 0.000158 0.000132 0.000109 0.000088 0.000069 0.000054 0.000041 0.000030 0.000022 0.000016 0.000011 0.000008 0.000005 0.000003 0.000002 0.000001 0.000001 0.000001 0.000000 0.000000 0.000000 0.000000 0.000000 0.000000 0.000000 0.000000 0.000000 0.000000 0.000000 0.000000 0.000000 0.000000 0.000000 0.000000 0.000000 0.000000 0.000000 0.000000 0.000000 0.000000 0.000000 0.000000 
0.000000 0.000000 0.000000 0.000000 0.000000 0.000000 0.000000 0.000000 0.000000 0.000000 0.000000 0.000000 0.000000 0.000000 0.000000 0.000000 0.000000 0.000000 0.000000 0.000000 0.000000 0.000000 0.000000 0.000000 0.000001 0.000001 0.000002 0.000003 0.000004 0.000007 0.000010 0.000016 0.000023 0.000032 0.000045 0.000062 0.000083 0.000110 0.000142 0.000179 0.000222 0.000269 0.000321 0.000374 0.000427 0.000478 0.000524 0.000563 0.000592 0.000611 0.000617 0.000611 0.000592 0.000563 0.000524 0.000478 0.000427 0.000374 0.000321 0.000269 0.000222 0.000179 0.000142 0.000110 0.000083 0.000062 0.000045 0.000032 0.000023 0.000016 0.000010 0.000007 0.000004 0.000003 0.000002 0.000001 0.000001 0.000000 0.000000 0.000000 0.000000 0.000000 0.000000 0.000000 0.000000 0.000000 0.000000 0.000000 0.000000 0.000000 0.000000 0.000000 0.000000 0.000000 0.000000 0.000000 0.000000 0.000000 0.000000 0.000000 
0.000000 0.000000 0.000000 0.000000 0.000000 0.000000 0.000000 0.000000 0.000000 0.000000 0.000000 0.000000 0.000000 0.000000 0.000000 0.000000 0.000000 0.000000 0.000000 0.000000 0.000000 0.000000 0.000000 0.000001 0.000001 0.000002 0.000004 0.000006 0.000009 0.000014 0.000021 0.000031 0.000046 0.000065 0.000091 0.000124 0.000167 0.000220 0.000283 0.000358 0.000443 0.000538 0.000640 0.000746 0.000852 0.000953 0.001045 0.001122 0.001181 0.001218 0.001230 0.001218 0.001181 0.001122 0.001045 0.000953 0.000852 0.000746 0.000640 0.000538 0.000443 0.000358 0.000283 0.000220 0.000167 0.000124 0.000091 0.000065 0.000046 0.000031 0.000021 0.000014 0.000009 0.000006 0.000004 0.000002 0.000001 0.000001 0.000000 0.000000 0.000000 0.000000 0.000000 0.000000 0.000000 0.000000 0.000000 0.000000 0.000000 0.000000 0.000000 0.000000 0.000000 0.000000 0.000000 0.000000 0.000000 0.000000 0.000000 0.000000 
0.000000 0.000000 0.000000 0.000000 0.000000 0.000000 0.000000 0.000000 0.000000 0.000000 0.000000 0.000000 0.000000 0.000000 0.000000 0.000000 0.000000 0.000000 0.000000 0.000000 0.000000 0.000000 0.000001 0.000002 0.000003 0.000004 0.000007 0.000011 0.000018 0.000028 0.000042 0.000062 0.000090 0.000128 0.000179 0.000245 0.000328 0.000432 0.000557 0.000703 0.000871 0.001056 0.001255 0.001463 0.001670 0.001868 0.002047 0.002198 0.002313 0.002385 0.002409 0.002385 0.002313 0.002198 0.002047 0.001868 0.001670 0.001463 0.001255 0.001056 0.000871 0.000703 0.000557 0.000432 0.000328 0.000245 0.000179 0.000128 0.000090 0.000062 0.000042 0.000028 0.000018 0.000011 0.000007 0.000004 0.000003 0.000002 0.000001 0.000000 0.000000 0.000000 0.000000 0.000000 0.000000 0.000000 0.000000 0.000000 0.000000 0.000000 0.000000 0.000000 0.000000 0.000000 0.000000 0.000000 0.000000 0.000000 0.000000 0.000000 
0.000000 0.000000 0.000000 0.000000 0.000000 0.000000 0.000000 0.000000 0.000000 0.000000 0.000000 0.000000 0.000000 0.000000 0.000000 0.000000 0.000000 0.000000 0.000000 0.000000 0.000001 0.000001 0.000002 0.000003 0.000005 0.000008 0.000014 0.000022 0.000035 0.000054 0.000081 0.000120 0.000174 0.000248 0.000346 0.000473 0.000635 0.000834 0.001075 0.001357 0.001678 0.002035 0.002419 0.002817 0.003214 0.003594 0.003939 0.004229 0.004450 0.004587 0.004634 0.004587 0.004450 0.004229 0.003939 0.003594 0.003214 0.002817 0.002419 0.002035 0.001678 0.001357 0.001075 0.000834 0.000635 0.000473 0.000346 0.000248 0.000174 0.000120 0.000081 0.000054 0.000035 0.000022 0.000014 0.000008 0.000005 0.000003 0.000002 0.000001 0.000001 0.000000 0.000000 0.000000 0.000000 0.000000 0.000000 0.000000 0.000000 0.000000 0.000000 0.000000 0.000000 0.000000 0.000000 0.000000 0.000000 0.000000 0.000000 0.000000 
0.000000 0.000000 0.000000 0.000000 0.000000 0.000000 0.000000 0.000000 0.000000 0.000000 0.000000 0.000000 0.000000 0.000000 0.000000 0.000000 0.000000 0.000000 0.000000 0.000001 0.000001 0.000002 0.000003 0.000006 0.000010 0.000016 0.000026 0.000042 0.000067 0.000102 0.000155 0.000229 0.000332 0.000472 0.000658 0.000899 0.001205 0.001582 0.002037 0.002570 0.003178 0.003852 0.004576 0.005327 0.006077 0.006794 0.007443 0.007990 0.008406 0.008666 0.008754 0.008666 0.008406 0.007990 0.007443 0.006794 0.006077 0.005327 0.004576 0.003852 0.003178 0.002570 0.002037 0.001582 0.001205 0.000899 0.000658 0.000472 0.000332 0.000229 0.000155 0.000102 0.000067 0.000042 0.000026 0.000016 0.000010 0.000006 0.000003 0.000002 0.000001 0.000001 0.000000 0.000000 0.000000 0.000000 0.000000 0.000000 0.000000 0.000000 0.000000 0.000000 0.000000 0.000000 0.000000 0.000000 0.000000 0.000000 0.000000 0.000000 
0.000000 0.000000 0.000000 0.000000 0.000000 0.000000 0.000000 0.000000 0.000000 0.000000 0.000000 0.000000 0.000000 0.000000 0.000000 0.000000 0.000000 0.000000 0.000001 0.000001 0.000002 0.000004 0.000006 0.000011 0.000018 0.000031 0.000050 0.000080 0.000125 0.000192 0.000289 0.000428 0.000620 0.000881 0.001227 0.001677 0.002245 0.002947 0.003791 0.004781 0.005910 0.007159 0.008501 0.009893 0.011282 0.012610 0.013812 0.014826 0.015595 0.016076 0.016239 0.016076 0.015595 0.014826 0.013812 0.012610 0.011282 0.009893 0.008501 0.007159 0.005910 0.004781 0.003791 0.002947 0.002245 0.001677 0.001227 0.000881 0.000620 0.000428 0.000289 0.000192 0.000125 0.000080 0.000050 0.000031 0.000018 0.000011 0.000006 0.000004 0.000002 0.000001 0.000001 0.000000 0.000000 0.000000 0.000000 0.000000 0.000000 0.000000 0.000000 0.000000 0.000000 0.000000 0.000000 0.000000 0.000000 0.000000 0.000000 0.000000 
0.000000 0.000000 0.000000 0.000000 0.000000 0.000000 0.000000 0.000000 0.000000 0.000000 0.000000 0.000000 0.000000 0.000000 0.000000 0.000000 0.000000 0.000001 0.000001 0.000002 0.000004 0.000007 0.000012 0.000020 0.000034 0.000056 0.000092 0.000147 0.000230 0.000353 0.000532 0.000785 0.001138 0.001615 0.002249 0.003070 0.004108 0.005388 0.006928 0.008733 0.010790 0.013066 0.015508 0.018040 0.020569 0.022983 0.025169 0.027012 0.028411 0.029285 0.029582 0.029285 0.028411 0.027012 0.025169 0.022983 0.020569 0.018040 0.015508 0.013066 0.010790 0.008733 0.006928 0.005388 0.004108 0.003070 0.002249 0.001615 0.001138 0.000785 0.000532 0.000353 0.000230 0.000147 0.000092 0.000056 0.000034 0.000020 0.000012 0.000007 0.000004 0.000002 0.000001 0.000001 0.000000 0.000000 0.000000 0.000000 0.000000 0.000000 0.000000 0.000000 0.000000 0.000000 0.000000 0.000000 0.000000 0.000000 0.000000 0.000000 
0.000000 0.000000 0.000000 0.000000 0.000000 0.000000 0.000000 0.000000 0.000000 0.000000 0.000000 0.000000 0.000000 0.000000 0.000000 0.000000 0.000001 0.000001 0.000002 0.000004 0.000007 0.000012 0.000021 0.000037 0.000062 0.000102 0.000166 0.000266 0.000415 0.000638 0.000960 0.001416 0.002049 0.002908 0.004045 0.005518 0.007379 0.009673 0.012432 0.015662 0.019341 0.023412 0.027778 0.032303 0.036819 0.041132 0.045035 0.048325 0.050822 0.052382 0.052912 0.052382 0.050822 0.048325 0.045035 0.041132 0.036819 0.032303 0.027778 0.023412 0.019341 0.015662 0.012432 0.009673 0.007379 0.005518 0.004045 0.002908 0.002049 0.001416 0.000960 0.000638 0.000415 0.000266 0.000166 0.000102 0.000062 0.000037 0.000021 0.000012 0.000007 0.000004 0.000002 0.000001 0.000001 0.000000 0.000000 0.000000 0.000000 0.000000 0.000000 0.000000 0.000000 0.000000 0.000000 0.000000 0.000000 0.000000 0.000000 0.000000 
0.000000 0.000000 0.000000 0.000000 0.000000 0.000000 0.000000 0.000000 0.000000 0.000000 0.000000 0.000000 0.000000 0.000000 0.000000 0.000000 0.000001 0.000002 0.000004 0.000007 0.000012 0.000022 0.000038 0.000065 0.000110 0.000182 0.000296 0.000472 0.000737 0.001130 0.001699 0.002506 0.003623 0.005138 0.007143 0.009737 0.013013 0.017050 0.021900 0.027577 0.034040 0.041187 0.048850 0.056790 0.064712 0.072274 0.079117 0.084884 0.089261 0.091994 0.092924 0.091994 0.089261 0.084884 0.079117 0.072274 0.064712 0.056790 0.048850 0.041187 0.034040 0.027577 0.021900 0.017050 0.013013 0.009737 0.007143 0.005138 0.003623 0.002506 0.001699 0.001130 0.000737 0.000472 0.000296 0.000182 0.000110 0.000065 0.000038 0.000022 0.000012 0.000007 0.000004 0.000002 0.000001 0.000000 0.000000 0.000000 0.000000 0.000000 0.000000 0.000000 0.000000 0.000000 0.000000 0.000000 0.000000 0.000000 0.000000 0.000000 
0.000000 0.000000 0.000000 0.000000 0.000000 0.000000 0.000000 0.000000 0.000000 0.000000 0.000000 0.000000 0.000000 0.000000 0.000000 0.000001 0.000002 0.000003 0.000006 0.000012 0.000021 0.000038 0.000066 0.000114 0.000192 0.000318 0.000516 0.000822 0.001284 0.001966 0.002954 0.004353 0.006289 0.008911 0.012381 0.016866 0.022527 0.029499 0.037872 0.047666 0.058812 0.071134 0.084338 0.098017 0.111659 0.124679 0.136458 0.146385 0.153916 0.158620 0.160219 0.158620 0.153916 0.146385 0.136458 0.124679 0.111659 0.098017 0.084338 0.071134 0.058812 0.047666 0.037872 0.029499 0.022527 0.016866 0.012381 0.008911 0.006289 0.004353 0.002954 0.001966 0.001284 0.000822 0.000516 0.000318 0.000192 0.000114 0.000066 0.000038 0.000021 0.000012 0.000006 0.000003 0.000002 0.000001 0.000000 0.000000 0.000000 0.000000 0.000000 0.000000 0.000000 0.000000 0.000000 0.000000 0.000000 0.000000 0.000000 0.000000 
0.000000 0.000000 0.000000 0.000000 0.000000 0.000000 0.000000 0.000000 0.000000 0.000000 0.000000 0.000000 0.000000 0.000000 0.000001 0.000002 0.000003 0.000006 0.000011 0.000020 0.000037 0.000065 0.000114 0.000196 0.000330 0.000545 0.000884 0.001406 0.002194 0.003358 0.005040 0.007421 0.010714 0.015171 0.021063 0.028676 0.038280 0.050101 0.064290 0.080878 0.099749 0.120601 0.142940 0.166073 0.189138 0.211147 0.231052 0.247826 0.260550 0.268497 0.271199 0.268497 0.260550 0.247826 0.231052 0.211147 0.189138 0.166073 0.142940 0.120601 0.099749 0.080878 0.064290 0.050101 0.038280 0.028676 0.021063 0.015171 0.010714 0.007421 0.005040 0.003358 0.002194 0.001406 0.000884 0.000545 0.000330 0.000196 0.000114 0.000065 0.000037 0.000020 0.000011 0.000006 0.000003 0.000002 0.000001 0.000000 0.000000 0.000000 0.000000 0.000000 0.000000 0.000000 0.000000 0.000000 0.000000 0.000000 0.000000 0.000000 
0.000000 0.000000 0.000000 0.000000 0.000000 0.000000 0.000000 0.000000 0.000000 0.000000 0.000000 0.000000 0.000000 0.000001 0.000001 0.000003 0.000005 0.000010 0.000018 0.000034 0.000062 0.000110 0.000192 0.000330 0.000555 0.000916 0.001485 0.002360 0.003679 0.005626 0.008439 0.012416 0.017914 0.025348 0.035172 0.047855 0.063846 0.083520 0.107121 0.134702 0.166064 0.200706 0.237804 0.276211 0.314494 0.351016 0.384040 0.411864 0.432969 0.446148 0.450630 0.446148 0.432969 0.411864 0.384040 0.351016 0.314494 0.276211 0.237804 0.200706 0.166064 0.134702 0.107121 0.083520 0.063846 0.047855 0.035172 0.025348 0.017914 0.012416 0.008439 0.005626 0.003679 0.002360 0.001485 0.000916 0.000555 0.000330 0.000192 0.000110 0.000062 0.000034 0.000018 0.000010 0.000005 0.000003 0.000001 0.000001 0.000000 0.000000 0.000000 0.000000 0.000000 0.000000 0.000000 0.000000 0.000000 0.000000 0.000000 0.000000 
0.000000 0.000000 0.000000 0.000000 0.000000 0.000000 0.000000 0.000000 0.000000 0.000000 0.000000 0.000000 0.000001 0.000001 0.000002 0.000004 0.000008 0.000016 0.000031 0.000056 0.000102 0.000182 0.000318 0.000545 0.000916 0.001512 0.002447 0.003886 0.006054 0.009252 0.013867 0.020386 0.029394 0.041564 0.057638 0.078379 0.104514 0.136651 0.175185 0.220198 0.271359 0.327851 0.388328 0.450919 0.513294 0.572785 0.626568 0.671878 0.706240 0.727697 0.734994 0.727697 0.706240 0.671878 0.626568 0.572785 0.513294 0.450919 0.388328 0.327851 0.271359 0.220198 0.175185 0.136651 0.104514 0.078379 0.057638 0.041564 0.029394 0.020386 0.013867 0.009252 0.006054 0.003886 0.002447 0.001512 0.000916 0.000545 0.000318 0.000182 0.000102 0.000056 0.000031 0.000016 0.000008 0.000004 0.000002 0.000001 0.000001 0.000000 0.000000 0.000000 0.000000 0.000000 0.000000 0.000000 0.000000 0.000000 0.000000 0.000000 
0.000000 0.000000 0.000000 0.000000 0.000000 0.000000 0.000000 0.000000 0.000000 0.000000 0.000000 0.000000 0.000001 0.000002 0.000004 0.000007 0.000014 0.000026 0.000050 0.000092 0.000166 0.000296 0.000516 0.000884 0.001485 0.002447 0.003958 0.006280 0.009776 0.014927 0.022358 0.032846 0.047328 0.066884 0.092695 0.125982 0.167903 0.219426 0.281177 0.353279 0.435198 0.525621 0.622391 0.722515 0.822268 0.917389 1.003369 1.075792 1.130710 1.165001 1.176662 1.165001 1.130710 1.075792 1.003369 0.917389 0.822268 0.722515 0.622391 0.525621 0.435198 0.353279 0.281177 0.219426 0.167903 0.125982 0.092695 0.066884 0.047328 0.032846 0.022358 0.014927 0.009776 0.006280 0.003958 0.002447 0.001485 0.000884 0.000516 0.000296 0.000166 0.000092 0.000050 0.000026 0.000014 0.000007 0.000004 0.000002 0.000001 0.000000 0.000000 0.000000 0.000000 0.000000 0.000000 0.000000 0.000000 0.000000 0.000000 0.000000 
0.000000 0.000000 0.000000 0.000000 0.000000 0.000000 0.000000 0.000000 0.000000 0.000000 0.000000 0.000001 0.000001 0.000003 0.000006 0.000011 0.000022 0.000042 0.000080 0.000147 0.000266 0.000472 0.000822 0.001406 0.002360 0.003886 0.006280 0.009957 0.015487 0.023631 0.035370 0.051928 0.074777 0.105611 0.146285 0.198712 0.264704 0.345773 0.442892 0.556244 0.684980 0.827033 0.979010 1.136210 1.292791 1.442072 1.576982 1.690604 1.776756 1.830546 1.848836 1.830546 1.776756 1.690604 1.576982 1.442072 1.292791 1.136210 0.979010 0.827033 0.684980 0.556244 0.442892 0.345773 0.264704 0.198712 0.146285 0.105611 0.074777 0.051928 0.035370 0.023631 0.015487 0.009957 0.006280 0.003886 0.002360 0.001406 0.000822 0.000472 0.000266 0.000147 0.000080 0.000042 0.000022 0.000011 0.000006 0.000003 0.000001 0.000001 0.000000 0.000000 0.000000 0.000000 0.000000 0.000000 0.000000 0.000000 0.000000 0.000000 
0.000000 0.000000 0.000000 0.000000 0.000000 0.000000 0.000000 0.000000 0.000000 0.000000 0.000000 0.000001 0.000002 0.000004 0.000009 0.000018 0.000035 0.000067 0.000125 0.000230 0.000415 0.000737 0.001284 0.002194 0.003679 0.006054 0.009776 0.015487 0.024071 0.036703 0.054900 0.080550 0.115923 0.163630 0.226528 0.307557 0.409502 0.534681 0.684580 0.859464 1.058014 1.277030 1.511276 1.753512 1.994736 2.224669 2.432433 2.607391 2.740035 2.822848 2.851007 2.822848 2.740035 2.607391 2.432433 2.224669 1.994736 1.753512 1.511276 1.277030 1.058014 0.859464 0.684580 0.534681 0.409502 0.307557 0.226528 0.163630 0.115923 0.080550 0.054900 0.036703 0.024071 0.015487 0.009776 0.006054 0.003679 0.002194 0.001284 0.000737 0.000415 0.000230 0.000125 0.000067 0.000035 0.000018 0.000009 0.000004 0.000002 0.000001 0.000000 0.000000 0.000000 0.000000 0.000000 0.000000 0.000000 0.000000 0.000000 0.000000 
0.000000 0.000000 0.000000 0.000000 0.000000 0.000000 0.000000 0.000000 0.000000 0.000000 0.000001 0.000002 0.000003 0.000007 0.000014 0.000028 0.000054 0.000102 0.000192 0.000353 0.000638 0.001130 0.001966 0.003358 0.005626 0.009252 0.014927 0.023631 0.036703 0.055927 0.083601 0.122587 0.176320 0.248746 0.344185 0.467075 0.621613 0.811288 1.038328 1.303113 1.603624 1.935007 2.289335 2.655655 3.020367 3.367941 3.681956 3.946352 4.146786 4.271914 4.314459 4.271914 4.146786 3.946352 3.681956 3.367941 3.020367 2.655655 2.289335 1.935007 1.603624 1.303113 1.038328 0.811288 0.621613 0.467075 0.344185 0.248746 0.176320 0.122587 0.083601 0.055927 0.036703 0.023631 0.014927 0.009252 0.005626 0.003358 0.001966 0.001130 0.000638 0.000353 0.000192 0.000102 0.000054 0.000028 0.000014 0.000007 0.000003 0.000002 0.000001 0.000000 0.000000 0.000000 0.000000 0.000000 0.000000 0.000000 0.000000 0.000000 
0.000000 0.000000 0.000000 0.000000 0.000000 0.000000 0.000000 0.000000 0.000000 0.000001 0.000001 0.000002 0.000005 0.000010 0.000021 0.000042 0.000081 0.000155 0.000289 0.000532 0.000960 0.001699 0.002954 0.005040 0.008439 0.013867 0.022358 0.035370 0.054900 0.083601 0.124892 0.183028 0.263109 0.370993 0.513084 0.695956 0.925823 1.207836 1.545272 1.938665 2.384992 2.877022 3.402979 3.946608 4.487734 5.003341 5.469095 5.861207 6.158433 6.343975 6.407059 6.343975 6.158433 5.861207 5.469095 5.003341 4.487734 3.946608 3.402979 2.877022 2.384992 1.938665 1.545272 1.207836 0.925823 0.695956 0.513084 0.370993 0.263109 0.183028 0.124892 0.083601 0.054900 0.035370 0.022358 0.013867 0.008439 0.005040 0.002954 0.001699 0.000960 0.000532 0.000289 0.000155 0.000081 0.000042 0.000021 0.000010 0.000005 0.000002 0.000001 0.000001 0.000000 0.000000 0.000000 0.000000 0.000000 0.000000 0.000000 0.000000 
0.000000 0.000000 0.000000 0.000000 0.000000 0.000000 0.000000 0.000000 0.000000 0.000001 0.000002 0.000004 0.000008 0.000016 0.000031 0.000062 0.000120 0.000229 0.000428 0.000785 0.001416 0.002506 0.004353 0.007421 0.012416 0.020386 0.032846 0.051928 0.080550 0.122587 0.183028 0.268078 0.385170 0.542834 0.750389 1.017393 1.352870 1.764287 2.256377 2.829876 3.480337 4.197201 4.963299 5.754956 6.542811 7.293382 7.971286 8.541939 8.974463 9.244449 9.336243 9.244449 8.974463 8.541939 7.971286 7.293382 6.542811 5.754956 4.963299 4.197201 3.480337 2.829876 2.256377 1.764287 1.352870 1.017393 0.750389 0.542834 0.385170 0.268078 0.183028 0.122587 0.080550 0.051928 0.032846 0.020386 0.012416 0.007421 0.004353 0.002506 0.001416 0.000785 0.000428 0.000229 0.000120 0.000062 0.000031 0.000016 0.000008 0.000004 0.000002 0.000001 0.000000 0.000000 0.000000 0.000000 0.000000 0.000000 0.000000 0.000000 
0.000000 0.000000 0.000000 0.000000 0.000000 0.000000 0.000000 0.000000 0.000001 0.000001 0.000003 0.000005 0.000011 0.000023 0.000046 0.000090 0.000174 0.000332 0.000620 0.001138 0.002049 0.003623 0.006289 0.010714 0.017914 0.029394 0.047328 0.074777 0.115923 0.176320 0.263109 0.385170 0.553129 0.779179 1.076623 1.459099 1.939464 2.528347 3.232454 4.052777 4.982910 6.007720 7.102646 8.233855 9.359420 10.431544 11.399736 12.214663 12.832284 13.217789 13.348854 13.217789 12.832284 12.214663 11.399736 10.431544 9.359420 8.233855 7.102646 6.007720 4.982910 4.052777 3.232454 2.528347 1.939464 1.459099 1.076623 0.779179 0.553129 0.385170 0.263109 0.176320 0.115923 0.074777 0.047328 0.029394 0.017914 0.010714 0.006289 0.003623 0.002049 0.001138 0.000620 0.000332 0.000174 0.000090 0.000046 0.000023 0.000011 0.000005 0.000003 0.000001 0.000001 0.000000 0.000000 0.000000 0.000000 0.000000 0.000000 0.000000 
0.000000 0.000000 0.000000 0.000000 0.000000 0.000000 0.000000 0.000000 0.000001 0.000002 0.000004 0.000008 0.000016 0.000032 0.000065 0.000128 0.000248 0.000472 0.000881 0.001615 0.002908 0.005138 0.008911 0.015171 0.025348 0.041564 0.066884 0.105611 0.163630 0.248746 0.370993 0.542834 0.779179 1.097121 1.515298 2.052803 2.727617 3.554580 4.543022 5.694259 6.999234 8.436672 9.972103 11.558089 13.135877 14.638521 15.995325 17.137229 18.002594 18.542707 18.726332 18.542707 18.002594 17.137229 15.995325 14.638521 13.135877 11.558089 9.972103 8.436672 6.999234 5.694259 4.543022 3.554580 2.727617 2.052803 1.515298 1.097121 0.779179 0.542834 0.370993 0.248746 0.163630 0.105611 0.066884 0.041564 0.025348 0.015171 0.008911 0.005138 0.002908 0.001615 0.000881 0.000472 0.000248 0.000128 0.000065 0.000032 0.000016 0.000008 0.000004 0.000002 0.000001 0.000000 0.000000 0.000000 0.000000 0.000000 0.000000 0.000000 
0.000000 0.000000 0.000000 0.000000 0.000000 0.000000 0.000000 0.000000 0.000001 0.000002 0.000005 0.000011 0.000022 0.000045 0.000091 0.000179 0.000346 0.000658 0.001227 0.002249 0.004045 0.007143 0.012381 0.021063 0.035172 0.057638 0.092695 0.146285 0.226528 0.344185 0.513084 0.750389 1.076623 1.515298 2.092035 2.833061 3.763051 4.902338 6.263665 7.848741 9.645013 11.623138 13.735655 15.917306 18.087312 20.153668 22.019246 23.589189 24.778845 25.521327 25.773746 25.521327 24.778845 23.589189 22.019246 20.153668 18.087312 15.917306 13.735655 11.623138 9.645013 7.848741 6.263665 4.902338 3.763051 2.833061 2.092035 1.515298 1.076623 0.750389 0.513084 0.344185 0.226528 0.146285 0.092695 0.057638 0.035172 0.021063 0.012381 0.007143 0.004045 0.002249 0.001227 0.000658 0.000346 0.000179 0.000091 0.000045 0.000022 0.000011 0.000005 0.000002 0.000001 0.000000 0.000000 0.000000 0.000000 0.000000 0.000000 0.000000 
0.000000 0.000000 0.000000 0.000000 0.000000 0.000000 0.000000 0.000001 0.000001 0.000003 0.000007 0.000015 0.000030 0.000062 0.000124 0.000245 0.000473 0.000899 0.001677 0.003070 0.005518 0.009737 0.016866 0.028676 0.047855 0.078379 0.125982 0.198712 0.307557 0.467075 0.695956 1.017393 1.459099 2.052803 2.833061 3.835220 5.092506 6.632260 8.471559 10.612582 13.038270 15.708926 18.560439 21.504732 24.432842 27.220710 29.737407 31.855093 33.459703 34.461118 34.801558 34.461118 33.459703 31.855093 29.737407 27.220710 24.432842 21.504732 18.560439 15.708926 13.038270 10.612582 8.471559 6.632260 5.092506 3.835220 2.833061 2.052803 1.459099 1.017393 0.695956 0.467075 0.307557 0.198712 0.125982 0.078379 0.047855 0.028676 0.016866 0.009737 0.005518 0.003070 0.001677 0.000899 0.000473 0.000245 0.000124 0.000062 0.000030 0.000015 0.000007 0.000003 0.000001 0.000001 0.000000 0.000000 0.000000 0.000000 0.000000 0.000000 
0.000000 0.000000 0.000000 0.000000 0.000000 0.000000 0.000000 0.000001 0.000002 0.000004 0.000009 0.000020 0.000041 0.000083 0.000167 0.000328 0.000635 0.001205 0.002245 0.004108 0.007379 0.013013 0.022527 0.038280 0.063846 0.104514 0.167903 0.264704 0.409502 0.621613 0.925823 1.352870 1.939464 2.727617 3.763051 5.092506 6.759879 8.801246 11.239068 14.076074 17.289528 20.826752 24.602791 28.501028 32.377258 36.067362 39.398180 42.200673 44.324038 45.649144 46.099615 45.649144 44.324038 42.200673 39.398180 36.067362 32.377258 28.501028 24.602791 20.826752 17.289528 14.076074 11.239068 8.801246 6.759879 5.092506 3.763051 2.727617 1.939464 1.352870 0.925823 0.621613 0.409502 0.264704 0.167903 0.104514 0.063846 0.038280 0.022527 0.013013 0.007379 0.004108 0.002245 0.001205 0.000635 0.000328 0.000167 0.000083 0.000041 0.000020 0.000009 0.000004 0.000002 0.000001 0.000000 0.000000 0.000000 0.000000 0.000000 0.000000 
0.000000 0.000000 0.000000 0.000000 0.000000 0.000000 0.000001 0.000001 0.000003 0.000006 0.000012 0.000026 0.000054 0.000110 0.000220 0.000432 0.000834 0.001582 0.002947 0.005388 0.009673 0.017050 0.029499 0.050101 0.083520 0.136651 0.219426 0.345773 0.534681 0.811288 1.207836 1.764287 2.528347 3.554580 4.902338 6.632260 8.801246 11.456002 14.625526 18.313168 22.489219 27.085113 31.990421 37.053664 42.087623 46.879294 51.203993 54.842429 57.599000 59.319194 59.903965 59.319194 57.599000 54.842429 51.203993 46.879294 42.087623 37.053664 31.990421 27.085113 22.489219 18.313168 14.625526 11.456002 8.801246 6.632260 4.902338 3.554580 2.528347 1.764287 1.207836 0.811288 0.534681 0.345773 0.219426 0.136651 0.083520 0.050101 0.029499 0.017050 0.009673 0.005388 0.002947 0.001582 0.000834 0.000432 0.000220 0.000110 0.000054 0.000026 0.000012 0.000006 0.000003 0.000001 0.000001 0.000000 0.000000 0.000000 0.000000 0.000000 
0.000000 0.000000 0.000000 0.000000 0.000000 0.000000 0.000001 0.000002 0.000003 0.000007 0.000016 0.000033 0.000069 0.000142 0.000283 0.000557 0.001075 0.002037 0.003791 0.006928 0.012432 0.021900 0.037872 0.064290 0.107121 0.175185 0.281177 0.442892 0.684580 1.038328 1.545272 2.256377 3.232454 4.543022 6.263665 8.471559 11.239068 14.625526 18.667664 23.369530 28.693057 34.550710 40.801687 47.252975 53.666122 59.769923 65.278370 69.912370 73.423010 75.613688 76.358384 75.613688 73.423010 69.912370 65.278370 59.769923 53.666122 47.252975 40.801687 34.550710 28.693057 23.369530 18.667664 14.625526 11.239068 8.471559 6.263665 4.543022 3.232454 2.256377 1.545272 1.038328 0.684580 0.442892 0.281177 0.175185 0.107121 0.064290 0.037872 0.021900 0.012432 0.006928 0.003791 0.002037 0.001075 0.000557 0.000283 0.000142 0.000069 0.000033 0.000016 0.000007 0.000003 0.000002 0.000001 0.000000 0.000000 0.000000 0.000000 0.000000 
0.000000 0.000000 0.000000 0.000000 0.000000 0.000000 0.000001 0.000002 0.000004 0.000009 0.000020 0.000042 0.000088 0.000179 0.000358 0.000703 0.001357 0.002570 0.004781 0.008733 0.015662 0.027577 0.047666 0.080878 0.134702 0.220198 0.353279 0.556244 0.859464 1.303113 1.938665 2.829876 4.052777 5.694259 7.848741 10.612582 14.076074 18.313168 23.369530 29.249960 35.906635 43.229953 51.043818 59.106981 67.121520 74.748690 81.631334 87.420989 91.806908 94.543678 95.473995 94.543678 91.806908 87.420989 81.631334 74.748690 67.121520 59.106981 51.043818 43.229953 35.906635 29.249960 23.369530 18.313168 14.076074 10.612582 7.848741 5.694259 4.052777 2.829876 1.938665 1.303113 0.859464 0.556244 0.353279 0.220198 0.134702 0.080878 0.047666 0.027577 0.015662 0.008733 0.004781 0.002570 0.001357 0.000703 0.000358 0.000179 0.000088 0.000042 0.000020 0.000009 0.000004 0.000002 0.000001 0.000000 0.000000 0.000000 0.000000 0.000000 
0.000000 0.000000 0.000000 0.000000 0.000000 0.000000 0.000001 0.000002 0.000005 0.000012 0.000025 0.000053 0.000109 0.000222 0.000443 0.000871 0.001678 0.003178 0.005910 0.010790 0.019341 0.034040 0.058812 0.099749 0.166064 0.271359 0.435198 0.684980 1.058014 1.603624 2.384992 3.480337 4.982910 6.999234 9.645013 13.038270 17.289528 22.489219 28.693057 35.906635 44.071050 53.051712 62.632600 72.517934 82.342589 91.691515 100.127191 107.222808 112.597801 115.951639 117.091699 115.951639 112.597801 107.222808 100.127191 91.691515 82.342589 72.517934 62.632600 53.051712 44.071050 35.906635 28.693057 22.489219 17.289528 13.038270 9.645013 6.999234 4.982910 3.480337 2.384992 1.603624 1.058014 0.684980 0.435198 0.271359 0.166064 0.099749 0.058812 0.034040 0.019341 0.010790 0.005910 0.003178 0.001678 0.000871 0.000443 0.000222 0.000109 0.000053 0.000025 0.000012 0.000005 0.000002 0.000001 0.000000 0.000000 0.000000 0.000000 0.000000 
0.000000 0.000000 0.000000 0.000000 0.000000 0.000001 0.000001 0.000003 0.000006 0.000014 0.000030 0.000064 0.000132 0.000269 0.000538 0.001056 0.002035 0.003852 0.007159 0.013066 0.023412 0.041187 0.071134 0.120601 0.200706 0.327851 0.525621 0.827033 1.277030 1.935007 2.877022 4.197201 6.007720 8.436672 11.623138 15.708926 20.826752 27.085113 34.550710 43.229953 53.051712 63.853898 75.376596 87.264108 99.077488 110.317894 120.459566 128.989691 135.451064 139.482657 140.853086 139.482657 135.451064 128.989691 120.459566 110.317894 99.077488 87.264108 75.376596 63.853898 53.051712 43.229953 34.550710 27.085113 20.826752 15.708926 11.623138 8.436672 6.007720 4.197201 2.877022 1.935007 1.277030 0.827033 0.525621 0.327851 0.200706 0.120601 0.071134 0.041187 0.023412 0.013066 0.007159 0.003852 0.002035 0.001056 0.000538 0.000269 0.000132 0.000064 0.000030 0.000014 0.000006 0.000003 0.000001 0.000001 0.000000 0.000000 0.000000 0.000000 
0.000000 0.000000 0.000000 0.000000 0.000000 0.000001 0.000002 0.000003 0.000008 0.000017 0.000036 0.000076 0.000158 0.000321 0.000640 0.001255 0.002419 0.004576 0.008501 0.015508 0.027778 0.048850 0.084338 0.142940 0.237804 0.388328 0.622391 0.979010 1.511276 2.289335 3.402979 4.963299 7.102646 9.972103 13.735655 18.560439 24.602791 31.990421 40.801687 51.043818 62.632600 75.376596 88.969086 102.990510 116.923268 130.179254 142.138734 152.197304 159.816151 164.569833 166.185696 164.569833 159.816151 152.197304 142.138734 130.179254 116.923268 102.990510 88.969086 75.376596 62.632600 51.043818 40.801687 31.990421 24.602791 18.560439 13.735655 9.972103 7.102646 4.963299 3.402979 2.289335 1.511276 0.979010 0.622391 0.388328 0.237804 0.142940 0.084338 0.048850 0.027778 0.015508 0.008501 0.004576 0.002419 0.001255 0.000640 0.000321 0.000158 0.000076 0.000036 0.000017 0.000008 0.000003 0.000002 0.000001 0.000000 0.000000 0.000000 0.000000 
