0.000000 0.000000 0.000000 0.000000 0.000000 0.000000 0.000000 0.000000 0.000000 0.000000 0.000000 0.000000 0.000000 0.000000 0.000000 0.000000 0.000000 0.000000 0.000000 0.000000 0.000000 0.000000 0.000000 0.000000 0.000000 0.000000 0.000000 0.000000 0.000000 0.000000 0.000000 0.000000 0.000000 0.000000 0.000000 0.000000 0.000000 0.000000 0.000000 0.000000 0.000000 0.000000 0.000000 0.000000 0.000000 0.000000 0.000000 0.000000 0.000000 0.000000 0.000000 0.000000 0.000000 0.000000 0.000000 0.000000 0.000000 0.000000 0.000000 0.000000 0.000000 0.000000 0.000000 0.000000 0.000000 0.000000 0.000000 0.000000 0.000000 0.000000 0.000000 0.000000 0.000000 0.000000 0.000000 0.000000 0.000000 0.000000 0.000000 0.000000 0.000000 0.000000 0.000000 0.000000 0.000000 0.000000 0.000000 0.000000 0.000000 0.000000 0.000000 0.000000 0.000000 0.000000 0.000000 0.000000 0.000000 0.000000 0.000000 0.000000 
0.000000 0.000000 0.000000 0.000000 0.000000 0.000000 0.000000 0.000000 0.000000 0.000000 0.000000 0.000000 0.000000 0.000000 0.000000 0.000000 0.000000 0.000000 0.000000 0.000000 0.000000 0.000000 0.000000 0.000000 0.000000 0.000000 0.000000 0.000000 0.000000 0.000000 0.000000 0.000000 0.000000 0.000000 0.000000 0.000000 0.000000 0.000000 0.000000 0.000000 0.000000 0.000000 0.000000 0.000000 0.000000 0.000000 0.000000 0.000000 0.000000 0.000000 0.000000 0.000000 0.000000 0.000000 0.000000 0.000000 0.000000 0.000000 0.000000 0.000000 0.000000 0.000000 0.000000 0.000000 0.000000 0.000000 0.000000 0.000000 0.000000 0.000000 0.000000 0.000000 0.000000 0.000000 0.000000 0.000000 0.000000 0.000000 0.000000 0.000000 0.000000 0.000000 0.000000 0.000000 0.000000 0.000000 0.000000 0.000000 0.000000 0.000000 0.000000 0.000000 0.000000 0.000000 0.000000 0.000000 0.000000 0.000000 0.000000 0.000000 
0.000000 0.000000 0.000000 0.000000 0.000000 0.000000 0.000000 0.000000 0.000000 0.000000 0.000000 0.000000 0.000000 0.000000 0.000000 0.000000 0.000000 0.000000 0.000000 0.000000 0.000000 0.000000 0.000000 0.000000 0.000000 0.000000 0.000000 0.000000 0.000000 0.000000 0.000000 0.000000 0.000000 0.000000 0.000000 0.000000 0.000000 0.000000 0.000000 0.000000 0.000000 0.000000 0.000000 0.000000 0.000000 0.000000 0.000000 0.000000 0.000000 0.000000 0.000000 0.000000 0.000000 0.000000 0.000000 0.000000 0.000000 0.000000 0.000000 0.000000 0.000000 0.000000 0.000000 0.000000 0.000000 0.000000 0.000000 0.000000 0.000000 0.000000 0.000000 0.000000 0.000000 0.000000 0.000000 0.000000 0.000000 0.000000 0.000000 0.000000 0.000000 0.000000 0.000000 0.000000 0.000000 0.000000 0.000000 0.000000 0.000000 0.000000 0.000000 0.000000 0.000000 0.000000 0.000000 0.000000 0.000000 0.000000 0.000000 0.000000 
0.000000 0.000000 0.000000 0.000000 0.000000 0.000000 0.000000 0.000000 0.000000 0.000000 0.000000 0.000000 0.000000 0.000000 0.000000 0.000000 0.000000 0.000000 0.000000 0.000000 0.000000 0.000000 0.000000 0.000000 0.000000 0.000000 0.000000 0.000000 0.000000 0.000000 0.000000 0.000000 0.000000 0.000000 0.000000 0.000000 0.000000 0.000000 0.000000 0.000000 0.000000 0.000000 0.000000 0.000000 0.000000 0.000000 0.000000 0.000000 0.000000 0.000000 0.000000 0.000000 0.000000 0.000000 0.000000 0.000000 0.000000 0.000000 0.000000 0.000000 0.000000 0.000000 0.000000 0.000000 0.000000 0.000000 0.000000 0.000000 0.000000 0.000000 0.000000 0.000000 0.000000 0.000000 0.000000 0.000000 0.000000 0.000000 0.000000 0.000000 0.000000 0.000000 0.000000 0.000000 0.000000 0.000000 0.000000 0.000000 0.000000 0.000000 0.000000 0.000000 0.000000 0.000000 0.000000 0.000000 0.000000 0.000000 0.000000 0.000000 
0.000000 0.000000 0.000000 0.000000 0.000000 0.000000 0.000000 0.000000 0.000000 0.000000 0.000000 0.000000 0.000000 0.000000 0.000000 0.000000 0.000000 0.000000 0.000000 0.000000 0.000000 0.000000 0.000000 0.000000 0.000000 0.000000 0.000000 0.000000 0.000000 0.000000 0.000000 0.000000 0.000000 0.000000 0.000000 0.000000 0.000000 0.000000 0.000000 0.000000 0.000000 0.000000 0.000000 0.000000 0.000000 0.000000 0.000000 0.000000 0.000000 0.000000 0.000000 0.000000 0.000000 0.000000 0.000000 0.000000 0.000000 0.000000 0.000000 0.000000 0.000000 0.000000 0.000000 0.000000 0.000000 0.000000 0.000000 0.000000 0.000000 0.000000 0.000000 0.000000 0.000000 0.000000 0.000000 0.000000 0.000000 0.000000 0.000000 0.000000 0.000000 0.000000 0.000000 0.000000 0.000000 0.000000 0.000000 0.000000 0.000000 0.000000 0.000000 0.000000 0.000000 0.000000 0.000000 0.000000 0.000000 0.000000 0.000000 0.000000 
0.000000 0.000000 0.000000 0.000000 0.000000 0.000000 0.000000 0.000000 0.000000 0.000000 0.000000 0.000000 0.000000 0.000000 0.000000 0.000000 0.000000 0.000000 0.000000 0.000000 0.000000 0.000000 0.000000 0.000000 0.000000 0.000000 0.000000 0.000000 0.000000 0.000000 0.000000 0.000000 0.000000 0.000000 0.000000 0.000000 0.000000 0.000000 0.000000 0.000000 0.000000 0.000000 0.000000 0.000000 0.000000 0.000000 0.000000 0.000000 0.000000 0.000000 0.000000 0.000000 0.000000 0.000000 0.000000 0.000000 0.000000 0.000000 0.000000 0.000000 0.000000 0.000000 0.000000 0.000000 0.000000 0.000000 0.000000 0.000000 0.000000 0.000000 0.000000 0.000000 0.000000 0.000000 0.000000 0.000000 0.000000 0.000000 0.000000 0.000000 0.000000 0.000000 0.000000 0.000000 0.000000 0.000000 0.000000 0.000000 0.000000 0.000000 0.000000 0.000000 0.000000 0.000000 0.000000 0.000000 0.000000 0.000000 0.000000 0.000000 
0.000000 0.000000 0.000000 0.000000 0.000000 0.000000 0.000000 0.000000 0.000000 0.000000 0.000000 0.000000 0.000000 0.000000 0.000000 0.000000 0.000000 0.000000 0.000000 0.000000 0.000000 0.000000 0.000000 0.000000 0.000000 0.000000 0.000000 0.000000 0.000000 0.000000 0.000000 0.000000 0.000000 0.000000 0.000000 0.000000 0.000000 0.000000 0.000000 0.000000 0.000000 0.000000 0.000000 0.000000 0.000000 0.000000 0.000000 0.000000 0.000000 0.000000 0.000000 0.000000 0.000000 0.000000 0.000000 0.000000 0.000000 0.000000 0.000000 0.000000 0.000000 0.000000 0.000000 0.000000 0.000000 0.000000 0.000000 0.000000 0.000000 0.000000 0.000000 0.000000 0.000000 0.000000 0.000000 0.000000 0.000000 0.000000 0.000000 0.000000 0.000000 0.000000 0.000000 0.000000 0.000000 0.000000 0.000000 0.000000 0.000000 0.000000 0.000000 0.000000 0.000000 0.000000 0.000000 0.000000 0.000000 0.000000 0.000000 0.000000 
0.000000 0.000000 0.000000 0.000000 0.000000 0.000000 0.000000 0.000000 0.000000 0.000000 0.000000 0.000000 0.000000 0.000000 0.000000 0.000000 0.000000 0.000000 0.000000 0.000000 0.000000 0.000000 0.000000 0.000000 0.000000 0.000000 0.000000 0.000000 0.000000 0.000000 0.000000 0.000000 0.000000 0.000000 0.000000 0.000000 0.000000 0.000000 0.000000 0.000000 0.000000 0.000000 0.000000 0.000000 0.000000 0.000001 0.000001 0.000001 0.000001 0.000001 0.000001 0.000001 0.000001 0.000001 0.000001 0.000001 0.000000 0.000000 0.000000 0.000000 0.000000 0.000000 0.000000 0.000000 0.000000 0.000000 0.000000 0.000000 0.000000 0.000000 0.000000 0.000000 0.000000 0.000000 0.000000 0.000000 0.000000 0.000000 0.000000 0.000000 0.000000 0.000000 0.000000 0.000000 0.000000 0.000000 0.000000 0.000000 0.000000 0.000000 0.000000 0.000000 0.000000 0.000000 0.000000 0.000000 0.000000 0.000000 0.000000 0.000000 
0.000000 0.000000 0.000000 0.000000 0.000000 0.000000 0.000000 0.000000 0.000000 0.000000 0.000000 0.000000 0.000000 0.000000 0.000000 0.000000 0.000000 0.000000 0.000000 0.000000 0.000000 0.000000 0.000000 0.000000 0.000000 0.000000 0.000000 0.000000 0.000000 0.000000 0.000000 0.000000 0.000000 0.000000 0.000000 0.000000 0.000000 0.000000 0.000000 0.000000 0.000001 0.000001 0.000001 0.000001 0.000001 0.000001 0.000001 0.000002 0.000002 0.000002 0.000002 0.000002 0.000002 0.000002 0.000001 0.000001 0.000001 0.000001 0.000001 0.000001 0.000001 0.000000 0.000000 0.000000 0.000000 0.000000 0.000000 0.000000 0.000000 0.000000 0.000000 0.000000 0.000000 0.000000 0.000000 0.000000 0.000000 0.000000 0.000000 0.000000 0.000000 0.000000 0.000000 0.000000 0.000000 0.000000 0.000000 0.000000 0.000000 0.000000 0.000000 0.000000 0.000000 0.000000 0.000000 0.000000 0.000000 0.000000 0.000000 0.000000 
0.000000 0.000000 0.000000 0.000000 0.000000 0.000000 0.000000 0.000000 0.000000 0.000000 0.000000 0.000000 0.000000 0.000000 0.000000 0.000000 0.000000 0.000000 0.000000 0.000000 0.000000 0.000000 0.000000 0.000000 0.000000 0.000000 0.000000 0.000000 0.000000 0.000000 0.000000 0.000000 0.000000 0.000000 0.000000 0.000000 0.000000 0.000001 0.000001 0.000001 0.000001 0.000002 0.000002 0.000002 0.000003 0.000003 0.000003 0.000004 0.000004 0.000004 0.000004 0.000004 0.000004 0.000004 0.000003 0.000003 0.000003 0.000002 0.000002 0.000002 0.000001 0.000001 0.000001 0.000001 0.000000 0.000000 0.000000 0.000000 0.000000 0.000000 0.000000 0.000000 0.000000 0.000000 0.000000 0.000000 0.000000 0.000000 0.000000 0.000000 0.000000 0.000000 0.000000 0.000000 0.000000 0.000000 0.000000 0.000000 0.000000 0.000000 0.000000 0.000000 0.000000 0.000000 0.000000 0.000000 0.000000 0.000000 0.000000 0.000000 
0.000000 0.000000 0.000000 0.000000 0.000000 0.000000 0.000000 0.000000 0.000000 0.000000 0.000000 0.000000 0.000000 0.000000 0.000000 0.000000 0.000000 0.000000 0.000000 0.000000 0.000000 0.000000 0.000000 0.000000 0.000000 0.000000 0.000000 0.000000 0.000000 0.000000 0.000000 0.000000 0.000000 0.000000 0.000000 0.000001 0.000001 0.000001 0.000002 0.000002 0.000003 0.000004 0.000005 0.000005 0.000006 0.000007 0.000008 0.000009 0.000009 0.000010 0.000010 0.000010 0.000009 0.000009 0.000008 0.000007 0.000006 0.000005 0.000005 0.000004 0.000003 0.000002 0.000002 0.000001 0.000001 0.000001 0.000000 0.000000 0.000000 0.000000 0.000000 0.000000 0.000000 0.000000 0.000000 0.000000 0.000000 0.000000 0.000000 0.000000 0.000000 0.000000 0.000000 0.000000 0.000000 0.000000 0.000000 0.000000 0.000000 0.000000 0.000000 0.000000 0.000000 0.000000 0.000000 0.000000 0.000000 0.000000 0.000000 0.000000 
0.000000 0.000000 0.000000 0.000000 0.000000 0.000000 0.000000 0.000000 0.000000 0.000000 0.000000 0.000000 0.000000 0.000000 0.000000 0.000000 0.000000 0.000000 0.000000 0.000000 0.000000 0.000000 0.000000 0.000000 0.000000 0.000000 0.000000 0.000000 0.000000 0.000000 0.000000 0.000000 0.000000 0.000001 0.000001 0.000002 0.000002 0.000003 0.000004 0.000005 0.000007 0.000009 0.000011 0.000013 0.000015 0.000017 0.000019 0.000021 0.000022 0.000023 0.000023 0.000023 0.000022 0.000021 0.000019 0.000017 0.000015 0.000013 0.000011 0.000009 0.000007 0.000005 0.000004 0.000003 0.000002 0.000002 0.000001 0.000001 0.000000 0.000000 0.000000 0.000000 0.000000 0.000000 0.000000 0.000000 0.000000 0.000000 0.000000 0.000000 0.000000 0.000000 0.000000 0.000000 0.000000 0.000000 0.000000 0.000000 0.000000 0.000000 0.000000 0.000000 0.000000 0.000000 0.000000 0.000000 0.000000 0.000000 0.000000 0.000000 
0.000000 0.000000 0.000000 0.000000 0.000000 0.000000 0.000000 0.000000 0.000000 0.000000 0.000000 0.000000 0.000000 0.000000 0.000000 0.000000 0.000000 0.000000 0.000000 0.000000 0.000000 0.000000 0.000000 0.000000 0.000000 0.000000 0.000000 0.000000 0.000000 0.000000 0.000000 0.000001 0.000001 0.000002 0.000003 0.000004 0.000005 0.000007 0.000009 0.000012 0.000016 0.000020 0.000024 0.000029 0.000034 0.000039 0.000043 0.000047 0.000050 0.000051 0.000052 0.000051 0.000050 0.000047 0.000043 0.000039 0.000034 0.000029 0.000024 0.000020 0.000016 0.000012 0.000009 0.000007 0.000005 0.000004 0.000003 0.000002 0.000001 0.000001 0.000000 0.000000 0.000000 0.000000 0.000000 0.000000 0.000000 0.000000 0.000000 0.000000 0.000000 0.000000 0.000000 0.000000 0.000000 0.000000 0.000000 0.000000 0.000000 0.000000 0.000000 0.000000 0.000000 0.000000 0.000000 0.000000 0.000000 0.000000 0.000000 0.000000 
0.000000 0.000000 0.000000 0.000000 0.000000 0.000000 0.000000 0.000000 0.000000 0.000000 0.000000 0.000000 0.000000 0.000000 0.000000 0.000000 0.000000 0.000000 0.000000 0.000000 0.000000 0.000000 0.000000 0.000000 0.000000 0.000000 0.000000 0.000000 0.000000 0.000001 0.000001 0.000002 0.000003 0.000004 0.000006 0.000008 0.000011 0.000016 0.000021 0.000028 0.000036 0.000044 0.000054 0.000065 0.000076 0.000086 0.000096 0.000104 0.000111 0.000115 0.000116 0.000115 0.000111 0.000104 0.000096 0.000086 0.000076 0.000065 0.000054 0.000044 0.000036 0.000028 0.000021 0.000016 0.000011 0.000008 0.000006 0.000004 0.000003 0.000002 0.000001 0.000001 0.000000 0.000000 0.000000 0.000000 0.000000 0.000000 0.000000 0.000000 0.000000 0.000000 0.000000 0.000000 0.000000 0.000000 0.000000 0.000000 0.000000 0.000000 0.000000 0.000000 0.000000 0.000000 0.000000 0.000000 0.000000 0.000000 0.000000 0.000000 
0.000000 0.000000 0.000000 0.000000 0.000000 0.000000 0.000000 0.000000 0.000000 0.000000 0.000000 0.000000 0.000000 0.000000 0.000000 0.000000 0.000000 0.000000 0.000000 0.000000 0.000000 0.000000 0.000000 0.000000 0.000000 0.000000 0.000000 0.000001 0.000001 0.000001 0.000002 0.000004 0.000006 0.000008 0.000012 0.000018 0.000025 0.000035 0.000046 0.000061 0.000078 0.000097 0.000119 0.000142 0.000166 0.000189 0.000210 0.000228 0.000242 0.000251 0.000254 0.000251 0.000242 0.000228 0.000210 0.000189 0.000166 0.000142 0.000119 0.000097 0.000078 0.000061 0.000046 0.000035 0.000025 0.000018 0.000012 0.000008 0.000006 0.000004 0.000002 0.000001 0.000001 0.000001 0.000000 0.000000 0.000000 0.000000 0.000000 0.000000 0.000000 0.000000 0.000000 0.000000 0.000000 0.000000 0.000000 0.000000 0.000000 0.000000 0.000000 0.000000 0.000000 0.000000 0.000000 0.000000 0.000000 0.000000 0.000000 0.000000 
0.000000 0.000000 0.000000 0.000000 0.000000 0.000000 0.000000 0.000000 0.000000 0.000000 0.000000 0.000000 0.000000 0.000000 0.000000 0.000000 0.000000 0.000000 0.000000 0.000000 0.000000 0.000000 0.000000 0.000000 0.000000 0.000000 0.000001 0.000001 0.000002 0.000003 0.000005 0.000008 0.000012 0.000018 0.000027 0.000039 0.000054 0.000074 0.000100 0.000131 0.000168 0.000209 0.000256 0.000305 0.000356 0.000405 0.000450 0.000489 0.000519 0.000538 0.000544 0.000538 0.000519 0.000489 0.000450 0.000405 0.000356 0.000305 0.000256 0.000209 0.000168 0.000131 0.000100 0.000074 0.000054 0.000039 0.000027 0.000018 0.000012 0.000008 0.000005 0.000003 0.000002 0.000001 0.000001 0.000000 0.000000 0.000000 0.000000 0.000000 0.000000 0.000000 0.000000 0.000000 0.000000 0.000000 0.000000 0.000000 0.000000 0.000000 0.000000 0.000000 0.000000 0.000000 0.000000 0.000000 0.000000 0.000000 0.000000 0.000000 
0.000000 0.000000 0.000000 0.000000 0.000000 0.000000 0.000000 0.000000 0.000000 0.000000 0.000000 0.000000 0.000000 0.000000 0.000000 0.000000 0.000000 0.000000 0.000000 0.000000 0.000000 0.000000 0.000000 0.000000 0.000000 0.000001 0.000001 0.000002 0.000004 0.000007 0.000011 0.000017 0.000026 0.000039 0.000057 0.000082 0.000115 0.000157 0.000211 0.000276 0.000353 0.000441 0.000538 0.000642 0.000748 0.000851 0.000946 0.001028 0.001090 0.001129 0.001142 0.001129 0.001090 0.001028 0.000946 0.000851 0.000748 0.000642 0.000538 0.000441 0.000353 0.000276 0.000211 0.000157 0.000115 0.000082 0.000057 0.000039 0.000026 0.000017 0.000011 0.000007 0.000004 0.000002 0.000001 0.000001 0.000000 0.000000 0.000000 0.000000 0.000000 0.000000 0.000000 0.000000 0.000000 0.000000 0.000000 0.000000 0.000000 0.000000 0.000000 0.000000 0.000000 0.000000 0.000000 0.000000 0.000000 0.000000 0.000000 0.000000 
0.000000 0.000000 0.000000 0.000000 0.000000 0.000000 0.000000 0.000000 0.000000 0.000000 0.000000 0.000000 0.000000 0.000000 0.000000 0.000000 0.000000 0.000000 0.000000 0.000000 0.000000 0.000000 0.000000 0.000001 0.000001 0.000002 0.000003 0.000005 0.000008 0.000014 0.000022 0.000035 0.000054 0.000081 0.000118 0.000170 0.000238 0.000326 0.000436 0.000570 0.000729 0.000910 0.001110 0.001324 0.001541 0.001753 0.001948 0.002115 0.002243 0.002323 0.002350 0.002323 0.002243 0.002115 0.001948 0.001753 0.001541 0.001324 0.001110 0.000910 0.000729 0.000570 0.000436 0.000326 0.000238 0.000170 0.000118 0.000081 0.000054 0.000035 0.000022 0.000014 0.000008 0.000005 0.000003 0.000002 0.000001 0.000001 0.000000 0.000000 0.000000 0.000000 0.000000 0.000000 0.000000 0.000000 0.000000 0.000000 0.000000 0.000000 0.000000 0.000000 0.000000 0.000000 0.000000 0.000000 0.000000 0.000000 0.000000 0.000000 
0.000000 0.000000 0.000000 0.000000 0.000000 0.000000 0.000000 0.000000 0.000000 0.000000 0.000000 0.000000 0.000000 0.000000 0.000000 0.000000 0.000000 0.000000 0.000000 0.000000 0.000000 0.000000 0.000001 0.000001 0.000002 0.000003 0.000006 0.000010 0.000017 0.000028 0.000046 0.000071 0.000109 0.000164 0.000241 0.000345 0.000483 0.000661 0.000883 0.001155 0.001475 0.001840 0.002244 0.002673 0.003111 0.003538 0.003930 0.004265 0.004522 0.004683 0.004738 0.004683 0.004522 0.004265 0.003930 0.003538 0.003111 0.002673 0.002244 0.001840 0.001475 0.001155 0.000883 0.000661 0.000483 0.000345 0.000241 0.000164 0.000109 0.000071 0.000046 0.000028 0.000017 0.000010 0.000006 0.000003 0.000002 0.000001 0.000001 0.000000 0.000000 0.000000 0.000000 0.000000 0.000000 0.000000 0.000000 0.000000 0.000000 0.000000 0.000000 0.000000 0.000000 0.000000 0.000000 0.000000 0.000000 0.000000 0.000000 0.000000 
0.000000 0.000000 0.000000 0.000000 0.000000 0.000000 0.000000 0.000000 0.000000 0.000000 0.000000 0.000000 0.000000 0.000000 0.000000 0.000000 0.000000 0.000000 0.000000 0.000000 0.000000 0.000001 0.000001 0.000002 0.000004 0.000007 0.000012 0.000021 0.000035 0.000057 0.000091 0.000143 0.000219 0.000327 0.000479 0.000686 0.000960 0.001312 0.001754 0.002290 0.002923 0.003645 0.004442 0.005289 0.006153 0.006994 0.007767 0.008428 0.008934 0.009252 0.009360 0.009252 0.008934 0.008428 0.007767 0.006994 0.006153 0.005289 0.004442 0.003645 0.002923 0.002290 0.001754 0.001312 0.000960 0.000686 0.000479 0.000327 0.000219 0.000143 0.000091 0.000057 0.000035 0.000021 0.000012 0.000007 0.000004 0.000002 0.000001 0.000001 0.000000 0.000000 0.000000 0.000000 0.000000 0.000000 0.000000 0.000000 0.000000 0.000000 0.000000 0.000000 0.000000 0.000000 0.000000 0.000000 0.000000 0.000000 0.000000 0.000000 
0.000000 0.000000 0.000000 0.000000 0.000000 0.000000 0.000000 0.000000 0.000000 0.000000 0.000000 0.000000 0.000000 0.000000 0.000000 0.000000 0.000000 0.000000 0.000000 0.000000 0.000001 0.000001 0.000002 0.000004 0.000008 0.000014 0.000024 0.000041 0.000068 0.000112 0.000179 0.000279 0.000428 0.000640 0.000935 0.001337 0.001869 0.002553 0.003409 0.004449 0.005675 0.007073 0.008614 0.010252 0.011922 0.013547 0.015040 0.016315 0.017291 0.017905 0.018115 0.017905 0.017291 0.016315 0.015040 0.013547 0.011922 0.010252 0.008614 0.007073 0.005675 0.004449 0.003409 0.002553 0.001869 0.001337 0.000935 0.000640 0.000428 0.000279 0.000179 0.000112 0.000068 0.000041 0.000024 0.000014 0.000008 0.000004 0.000002 0.000001 0.000001 0.000000 0.000000 0.000000 0.000000 0.000000 0.000000 0.000000 0.000000 0.000000 0.000000 0.000000 0.000000 0.000000 0.000000 0.000000 0.000000 0.000000 0.000000 0.000000 
0.000000 0.000000 0.000000 0.000000 0.000000 0.000000 0.000000 0.000000 0.000000 0.000000 0.000000 0.000000 0.000000 0.000000 0.000000 0.000000 0.000000 0.000000 0.000000 0.000001 0.000001 0.000002 0.000004 0.000008 0.000015 0.000026 0.000046 0.000079 0.000131 0.000215 0.000343 0.000536 0.000819 0.001224 0.001788 0.002554 0.003566 0.004867 0.006493 0.008468 0.010792 0.013443 0.016364 0.019466 0.022628 0.025703 0.028528 0.030940 0.032786 0.033947 0.034343 0.033947 0.032786 0.030940 0.028528 0.025703 0.022628 0.019466 0.016364 0.013443 0.010792 0.008468 0.006493 0.004867 0.003566 0.002554 0.001788 0.001224 0.000819 0.000536 0.000343 0.000215 0.000131 0.000079 0.000046 0.000026 0.000015 0.000008 0.000004 0.000002 0.000001 0.000001 0.000000 0.000000 0.000000 0.000000 0.000000 0.000000 0.000000 0.000000 0.000000 0.000000 0.000000 0.000000 0.000000 0.000000 0.000000 0.000000 0.000000 0.000000 
0.000000 0.000000 0.000000 0.000000 0.000000 0.000000 0.000000 0.000000 0.000000 0.000000 0.000000 0.000000 0.000000 0.000000 0.000000 0.000000 0.000000 0.000000 0.000001 0.000001 0.000002 0.000004 0.000008 0.000015 0.000028 0.000050 0.000087 0.000148 0.000247 0.000404 0.000644 0.001006 0.001536 0.002292 0.003346 0.004775 0.006661 0.009085 0.012111 0.015783 0.020103 0.025026 0.030448 0.036204 0.042068 0.047768 0.053004 0.057472 0.060892 0.063042 0.063775 0.063042 0.060892 0.057472 0.053004 0.047768 0.042068 0.036204 0.030448 0.025026 0.020103 0.015783 0.012111 0.009085 0.006661 0.004775 0.003346 0.002292 0.001536 0.001006 0.000644 0.000404 0.000247 0.000148 0.000087 0.000050 0.000028 0.000015 0.000008 0.000004 0.000002 0.000001 0.000001 0.000000 0.000000 0.000000 0.000000 0.000000 0.000000 0.000000 0.000000 0.000000 0.000000 0.000000 0.000000 0.000000 0.000000 0.000000 0.000000 0.000000 
0.000000 0.000000 0.000000 0.000000 0.000000 0.000000 0.000000 0.000000 0.000000 0.000000 0.000000 0.000000 0.000000 0.000000 0.000000 0.000000 0.000000 0.000001 0.000001 0.000002 0.000004 0.000008 0.000015 0.000029 0.000052 0.000092 0.000161 0.000274 0.000456 0.000744 0.001186 0.001849 0.002820 0.004205 0.006132 0.008742 0.012186 0.016606 0.022123 0.028810 0.036673 0.045628 0.055486 0.065945 0.076597 0.086948 0.096453 0.104561 0.110768 0.114668 0.115998 0.114668 0.110768 0.104561 0.096453 0.086948 0.076597 0.065945 0.055486 0.045628 0.036673 0.028810 0.022123 0.016606 0.012186 0.008742 0.006132 0.004205 0.002820 0.001849 0.001186 0.000744 0.000456 0.000274 0.000161 0.000092 0.000052 0.000029 0.000015 0.000008 0.000004 0.000002 0.000001 0.000001 0.000000 0.000000 0.000000 0.000000 0.000000 0.000000 0.000000 0.000000 0.000000 0.000000 0.000000 0.000000 0.000000 0.000000 0.000000 0.000000 
0.000000 0.000000 0.000000 0.000000 0.000000 0.000000 0.000000 0.000000 0.000000 0.000000 0.000000 0.000000 0.000000 0.000000 0.000000 0.000000 0.000000 0.000001 0.000002 0.000004 0.000008 0.000015 0.000028 0.000052 0.000094 0.000167 0.000291 0.000495 0.000824 0.001342 0.002137 0.003328 0.005069 0.007552 0.011002 0.015672 0.021828 0.029723 0.039570 0.051496 0.065512 0.081465 0.099018 0.117632 0.136583 0.154992 0.171891 0.186303 0.197333 0.204264 0.206628 0.204264 0.197333 0.186303 0.171891 0.154992 0.136583 0.117632 0.099018 0.081465 0.065512 0.051496 0.039570 0.029723 0.021828 0.015672 0.011002 0.007552 0.005069 0.003328 0.002137 0.001342 0.000824 0.000495 0.000291 0.000167 0.000094 0.000052 0.000028 0.000015 0.000008 0.000004 0.000002 0.000001 0.000000 0.000000 0.000000 0.000000 0.000000 0.000000 0.000000 0.000000 0.000000 0.000000 0.000000 0.000000 0.000000 0.000000 0.000000 0.000000 
0.000000 0.000000 0.000000 0.000000 0.000000 0.000000 0.000000 0.000000 0.000000 0.000000 0.000000 0.000000 0.000000 0.000000 0.000000 0.000000 0.000001 0.000002 0.000003 0.000007 0.000014 0.000026 0.000050 0.000092 0.000167 0.000297 0.000516 0.000876 0.001457 0.002369 0.003768 0.005863 0.008922 0.013278 0.019326 0.027507 0.038281 0.052090 0.069298 0.090128 0.114592 0.142423 0.173029 0.205472 0.238488 0.270550 0.299974 0.325062 0.344261 0.356322 0.360435 0.356322 0.344261 0.325062 0.299974 0.270550 0.238488 0.205472 0.173029 0.142423 0.114592 0.090128 0.069298 0.052090 0.038281 0.027507 0.019326 0.013278 0.008922 0.005863 0.003768 0.002369 0.001457 0.000876 0.000516 0.000297 0.000167 0.000092 0.000050 0.000026 0.000014 0.000007 0.000003 0.000002 0.000001 0.000000 0.000000 0.000000 0.000000 0.000000 0.000000 0.000000 0.000000 0.000000 0.000000 0.000000 0.000000 0.000000 0.000000 0.000000 
0.000000 0.000000 0.000000 0.000000 0.000000 0.000000 0.000000 0.000000 0.000000 0.000000 0.000000 0.000000 0.000000 0.000000 0.000000 0.000001 0.000001 0.000003 0.000006 0.000012 0.000024 0.000046 0.000087 0.000161 0.000291 0.000516 0.000895 0.001518 0.002520 0.004093 0.006504 0.010109 0.015369 0.022853 0.033234 0.047263 0.065726 0.089371 0.118816 0.154438 0.196249 0.243790 0.296045 0.351415 0.407741 0.462422 0.512592 0.555359 0.588081 0.608636 0.615646 0.608636 0.588081 0.555359 0.512592 0.462422 0.407741 0.351415 0.296045 0.243790 0.196249 0.154438 0.118816 0.089371 0.065726 0.047263 0.033234 0.022853 0.015369 0.010109 0.006504 0.004093 0.002520 0.001518 0.000895 0.000516 0.000291 0.000161 0.000087 0.000046 0.000024 0.000012 0.000006 0.000003 0.000001 0.000001 0.000000 0.000000 0.000000 0.000000 0.000000 0.000000 0.000000 0.000000 0.000000 0.000000 0.000000 0.000000 0.000000 0.000000 
0.000000 0.000000 0.000000 0.000000 0.000000 0.000000 0.000000 0.000000 0.000000 0.000000 0.000000 0.000000 0.000000 0.000000 0.000001 0.000001 0.000002 0.000005 0.000010 0.000021 0.000041 0.000079 0.000148 0.000274 0.000495 0.000876 0.001518 0.002573 0.004266 0.006922 0.010987 0.017061 0.025914 0.038500 0.055941 0.079493 0.110465 0.150103 0.199432 0.259072 0.329036 0.408547 0.495904 0.588428 0.682518 0.773833 0.857591 0.928976 0.983587 1.017888 1.029586 1.017888 0.983587 0.928976 0.857591 0.773833 0.682518 0.588428 0.495904 0.408547 0.329036 0.259072 0.199432 0.150103 0.110465 0.079493 0.055941 0.038500 0.025914 0.017061 0.010987 0.006922 0.004266 0.002573 0.001518 0.000876 0.000495 0.000274 0.000148 0.000079 0.000041 0.000021 0.000010 0.000005 0.000002 0.000001 0.000001 0.000000 0.000000 0.000000 0.000000 0.000000 0.000000 0.000000 0.000000 0.000000 0.000000 0.000000 0.000000 0.000000 
0.000000 0.000000 0.000000 0.000000 0.000000 0.000000 0.000000 0.000000 0.000000 0.000000 0.000000 0.000000 0.000000 0.000000 0.000001 0.000002 0.000004 0.000008 0.000017 0.000035 0.000068 0.000131 0.000247 0.000456 0.000824 0.001457 0.002520 0.004266 0.007067 0.011454 0.018164 0.028179 0.042763 0.063478 0.092163 0.130867 0.181727 0.246774 0.327674 0.425427 0.540040 0.670230 0.813204 0.964577 1.118458 1.267757 1.404668 1.521331 1.610567 1.666610 1.685723 1.666610 1.610567 1.521331 1.404668 1.267757 1.118458 0.964577 0.813204 0.670230 0.540040 0.425427 0.327674 0.246774 0.181727 0.130867 0.092163 0.063478 0.042763 0.028179 0.018164 0.011454 0.007067 0.004266 0.002520 0.001457 0.000824 0.000456 0.000247 0.000131 0.000068 0.000035 0.000017 0.000008 0.000004 0.000002 0.000001 0.000000 0.000000 0.000000 0.000000 0.000000 0.000000 0.000000 0.000000 0.000000 0.000000 0.000000 0.000000 0.000000 
0.000000 0.000000 0.000000 0.000000 0.000000 0.000000 0.000000 0.000000 0.000000 0.000000 0.000000 0.000000 0.000000 0.000001 0.000001 0.000003 0.000007 0.000014 0.000028 0.000057 0.000112 0.000215 0.000404 0.000744 0.001342 0.002369 0.004093 0.006922 0.011454 0.018547 0.029384 0.045544 0.069058 0.102428 0.148600 0.210854 0.292605 0.397091 0.526964 0.683804 0.867601 1.076281 1.305357 1.547798 1.794178 2.033153 2.252248 2.438907 2.581663 2.671310 2.701881 2.671310 2.581663 2.438907 2.252248 2.033153 1.794178 1.547798 1.305357 1.076281 0.867601 0.683804 0.526964 0.397091 0.292605 0.210854 0.148600 0.102428 0.069058 0.045544 0.029384 0.018547 0.011454 0.006922 0.004093 0.002369 0.001342 0.000744 0.000404 0.000215 0.000112 0.000057 0.000028 0.000014 0.000007 0.000003 0.000001 0.000001 0.000000 0.000000 0.000000 0.000000 0.000000 0.000000 0.000000 0.000000 0.000000 0.000000 0.000000 0.000000 
0.000000 0.000000 0.000000 0.000000 0.000000 0.000000 0.000000 0.000000 0.000000 0.000000 0.000000 0.000000 0.000000 0.000001 0.000002 0.000005 0.000011 0.000022 0.000046 0.000091 0.000179 0.000343 0.000644 0.001186 0.002137 0.003768 0.006504 0.010987 0.018164 0.029384 0.046511 0.072029 0.109128 0.161736 0.234472 0.332473 0.461081 0.625354 0.829423 1.075736 1.364242 1.691660 2.050937 2.431040 2.817199 3.191649 3.534875 3.827234 4.050801 4.191181 4.239051 4.191181 4.050801 3.827234 3.534875 3.191649 2.817199 2.431040 2.050937 1.691660 1.364242 1.075736 0.829423 0.625354 0.461081 0.332473 0.234472 0.161736 0.109128 0.072029 0.046511 0.029384 0.018164 0.010987 0.006504 0.003768 0.002137 0.001186 0.000644 0.000343 0.000179 0.000091 0.000046 0.000022 0.000011 0.000005 0.000002 0.000001 0.000000 0.000000 0.000000 0.000000 0.000000 0.000000 0.000000 0.000000 0.000000 0.000000 0.000000 0.000000 
0.000000 0.000000 0.000000 0.000000 0.000000 0.000000 0.000000 0.000000 0.000000 0.000000 0.000000 0.000000 0.000001 0.000002 0.000004 0.000008 0.000017 0.000035 0.000071 0.000143 0.000279 0.000536 0.001006 0.001849 0.003328 0.005863 0.010109 0.017061 0.028179 0.045544 0.072029 0.111457 0.168733 0.249892 0.362022 0.513000 0.711005 0.963771 1.277600 1.656201 2.099451 2.602272 3.153808 3.737116 4.329541 4.903859 5.430173 5.878411 6.221133 6.436315 6.509689 6.436315 6.221133 5.878411 5.430173 4.903859 4.329541 3.737116 3.153808 2.602272 2.099451 1.656201 1.277600 0.963771 0.711005 0.513000 0.362022 0.249892 0.168733 0.111457 0.072029 0.045544 0.028179 0.017061 0.010109 0.005863 0.003328 0.001849 0.001006 0.000536 0.000279 0.000143 0.000071 0.000035 0.000017 0.000008 0.000004 0.000002 0.000001 0.000000 0.000000 0.000000 0.000000 0.000000 0.000000 0.000000 0.000000 0.000000 0.000000 0.000000 
0.000000 0.000000 0.000000 0.000000 0.000000 0.000000 0.000000 0.000000 0.000000 0.000000 0.000000 0.000000 0.000001 0.000003 0.000006 0.000012 0.000026 0.000054 0.000109 0.000219 0.000428 0.000819 0.001536 0.002820 0.005069 0.008922 0.015369 0.025914 0.042763 0.069058 0.109128 0.168733 0.255254 0.377765 0.546913 0.774519 1.072841 1.453454 1.925771 2.495295 3.161776 3.917525 4.746194 5.622318 6.511884 7.374051 8.163997 8.836648 9.350895 9.673744 9.783826 9.673744 9.350895 8.836648 8.163997 7.374051 6.511884 5.622318 4.746194 3.917525 3.161776 2.495295 1.925771 1.453454 1.072841 0.774519 0.546913 0.377765 0.255254 0.168733 0.109128 0.069058 0.042763 0.025914 0.015369 0.008922 0.005069 0.002820 0.001536 0.000819 0.000428 0.000219 0.000109 0.000054 0.000026 0.000012 0.000006 0.000003 0.000001 0.000000 0.000000 0.000000 0.000000 0.000000 0.000000 0.000000 0.000000 0.000000 0.000000 0.000000 
0.000000 0.000000 0.000000 0.000000 0.000000 0.000000 0.000000 0.000000 0.000000 0.000000 0.000000 0.000001 0.000002 0.000004 0.000008 0.000018 0.000039 0.000081 0.000164 0.000327 0.000640 0.001224 0.002292 0.004205 0.007552 0.013278 0.022853 0.038500 0.063478 0.102428 0.161736 0.249892 0.377765 0.558708 0.808370 1.144114 1.583922 2.144751 2.840362 3.678754 4.659464 5.771108 6.989592 8.277462 9.584741 10.851466 12.011858 12.999799 13.755001 14.229088 14.390732 14.229088 13.755001 12.999799 12.011858 10.851466 9.584741 8.277462 6.989592 5.771108 4.659464 3.678754 2.840362 2.144751 1.583922 1.144114 0.808370 0.558708 0.377765 0.249892 0.161736 0.102428 0.063478 0.038500 0.022853 0.013278 0.007552 0.004205 0.002292 0.001224 0.000640 0.000327 0.000164 0.000081 0.000039 0.000018 0.000008 0.000004 0.000002 0.000001 0.000000 0.000000 0.000000 0.000000 0.000000 0.000000 0.000000 0.000000 0.000000 0.000000 
0.000000 0.000000 0.000000 0.000000 0.000000 0.000000 0.000000 0.000000 0.000000 0.000000 0.000000 0.000001 0.000003 0.000006 0.000012 0.000027 0.000057 0.000118 0.000241 0.000479 0.000935 0.001788 0.003346 0.006132 0.011002 0.019326 0.033234 0.055941 0.092163 0.148600 0.234472 0.362022 0.546913 0.808370 1.168907 1.653477 2.287900 3.096492 4.098942 5.306635 6.718777 8.318878 10.072197 11.924823 13.804895 15.626249 17.294412 18.714457 19.799850 20.481168 20.713462 20.481168 19.799850 18.714457 17.294412 15.626249 13.804895 11.924823 10.072197 8.318878 6.718777 5.306635 4.098942 3.096492 2.287900 1.653477 1.168907 0.808370 0.546913 0.362022 0.234472 0.148600 0.092163 0.055941 0.033234 0.019326 0.011002 0.006132 0.003346 0.001788 0.000935 0.000479 0.000241 0.000118 0.000057 0.000027 0.000012 0.000006 0.000003 0.000001 0.000000 0.000000 0.000000 0.000000 0.000000 0.000000 0.000000 0.000000 0.000000 0.000000 
0.000000 0.000000 0.000000 0.000000 0.000000 0.000000 0.000000 0.000000 0.000000 0.000000 0.000001 0.000002 0.000004 0.000008 0.000018 0.000039 0.000082 0.000170 0.000345 0.000686 0.001337 0.002554 0.004775 0.008742 0.015672 0.027507 0.047263 0.079493 0.130867 0.210854 0.332473 0.513000 0.774519 1.144114 1.653477 2.337706 3.233081 4.373725 5.787219 7.489423 9.479053 11.732742 14.201482 16.809344 19.455212 22.017922 24.364689 26.362131 27.888694 28.846878 29.173556 28.846878 27.888694 26.362131 24.364689 22.017922 19.455212 16.809344 14.201482 11.732742 9.479053 7.489423 5.787219 4.373725 3.233081 2.337706 1.653477 1.144114 0.774519 0.513000 0.332473 0.210854 0.130867 0.079493 0.047263 0.027507 0.015672 0.008742 0.004775 0.002554 0.001337 0.000686 0.000345 0.000170 0.000082 0.000039 0.000018 0.000008 0.000004 0.000002 0.000001 0.000000 0.000000 0.000000 0.000000 0.000000 0.000000 0.000000 0.000000 0.000000 
0.000000 0.000000 0.000000 0.000000 0.000000 0.000000 0.000000 0.000000 0.000000 0.000000 0.000001 0.000002 0.000005 0.000011 0.000025 0.000054 0.000115 0.000238 0.000483 0.000960 0.001869 0.003566 0.006661 0.012186 0.021828 0.038281 0.065726 0.110465 0.181727 0.292605 0.461081 0.711005 1.072841 1.583922 2.287900 3.233081 4.469349 6.043575 7.993564 10.340953 13.083756 16.189594 19.590825 23.182814 26.826340 30.354680 33.585195 36.334486 38.435457 39.754097 40.203652 39.754097 38.435457 36.334486 33.585195 30.354680 26.826340 23.182814 19.590825 16.189594 13.083756 10.340953 7.993564 6.043575 4.469349 3.233081 2.287900 1.583922 1.072841 0.711005 0.461081 0.292605 0.181727 0.110465 0.065726 0.038281 0.021828 0.012186 0.006661 0.003566 0.001869 0.000960 0.000483 0.000238 0.000115 0.000054 0.000025 0.000011 0.000005 0.000002 0.000001 0.000000 0.000000 0.000000 0.000000 0.000000 0.000000 0.000000 0.000000 0.000000 
0.000000 0.000000 0.000000 0.000000 0.000000 0.000000 0.000000 0.000000 0.000000 0.000001 0.000001 0.000003 0.000007 0.000016 0.000035 0.000074 0.000157 0.000326 0.000661 0.001312 0.002553 0.004867 0.009085 0.016606 0.029723 0.052090 0.089371 0.150103 0.246774 0.397091 0.625354 0.963771 1.453454 2.144751 3.096492 4.373725 6.043575 8.169034 10.800827 13.967849 17.667150 21.854850 26.439617 31.280374 36.189567 40.942717 45.294009 48.996685 51.825968 53.601615 54.206958 53.601615 51.825968 48.996685 45.294009 40.942717 36.189567 31.280374 26.439617 21.854850 17.667150 13.967849 10.800827 8.169034 6.043575 4.373725 3.096492 2.144751 1.453454 0.963771 0.625354 0.397091 0.246774 0.150103 0.089371 0.052090 0.029723 0.016606 0.009085 0.004867 0.002553 0.001312 0.000661 0.000326 0.000157 0.000074 0.000035 0.000016 0.000007 0.000003 0.000001 0.000001 0.000000 0.000000 0.000000 0.000000 0.000000 0.000000 0.000000 0.000000 
0.000000 0.000000 0.000000 0.000000 0.000000 0.000000 0.000000 0.000000 0.000000 0.000001 0.000002 0.000004 0.000009 0.000021 0.000046 0.000100 0.000211 0.000436 0.000883 0.001754 0.003409 0.006493 0.012111 0.022123 0.039570 0.069298 0.118816 0.199432 0.327674 0.526964 0.829423 1.277600 1.925771 2.840362 4.098942 5.787219 7.993564 10.800827 14.275614 18.455698 23.336857 28.860935 34.907302 41.289864 47.761416 54.026230 59.760594 64.639640 68.367500 70.706963 71.504496 70.706963 68.367500 64.639640 59.760594 54.026230 47.761416 41.289864 34.907302 28.860935 23.336857 18.455698 14.275614 10.800827 7.993564 5.787219 4.098942 2.840362 1.925771 1.277600 0.829423 0.526964 0.327674 0.199432 0.118816 0.069298 0.039570 0.022123 0.012111 0.006493 0.003409 0.001754 0.000883 0.000436 0.000211 0.000100 0.000046 0.000021 0.000009 0.000004 0.000002 0.000001 0.000000 0.000000 0.000000 0.000000 0.000000 0.000000 0.000000 0.000000 
0.000000 0.000000 0.000000 0.000000 0.000000 0.000000 0.000000 0.000000 0.000000 0.000001 0.000002 0.000005 0.000012 0.000028 0.000061 0.000131 0.000276 0.000570 0.001155 0.002290 0.004449 0.008468 0.015783 0.028810 0.051496 0.090128 0.154438 0.259072 0.425427 0.683804 1.075736 1.656201 2.495295 3.678754 5.306635 7.489423 10.340953 13.967849 18.455698 23.852841 30.153434 37.282110 45.083010 53.315999 61.662299 69.740744 77.134240 83.424310 88.229905 91.245559 92.273583 91.245559 88.229905 83.424310 77.134240 69.740744 61.662299 53.315999 45.083010 37.282110 30.153434 23.852841 18.455698 13.967849 10.340953 7.489423 5.306635 3.678754 2.495295 1.656201 1.075736 0.683804 0.425427 0.259072 0.154438 0.090128 0.051496 0.028810 0.015783 0.008468 0.004449 0.002290 0.001155 0.000570 0.000276 0.000131 0.000061 0.000028 0.000012 0.000005 0.000002 0.000001 0.000000 0.000000 0.000000 0.000000 0.000000 0.000000 0.000000 0.000000 
0.000000 0.000000 0.000000 0.000000 0.000000 0.000000 0.000000 0.000000 0.000001 0.000001 0.000003 0.000007 0.000016 0.000036 0.000078 0.000168 0.000353 0.000729 0.001475 0.002923 0.005675 0.010792 0.020103 0.036673 0.065512 0.114592 0.196249 0.329036 0.540040 0.867601 1.364242 2.099451 3.161776 4.659464 6.718777 9.479053 13.083756 17.667150 23.336857 30.153434 38.109052 47.108194 56.953899 67.343033 77.873449 88.064500 97.390401 105.323743 111.384372 115.187421 116.483834 115.187421 111.384372 105.323743 97.390401 88.064500 77.873449 67.343033 56.953899 47.108194 38.109052 30.153434 23.336857 17.667150 13.083756 9.479053 6.718777 4.659464 3.161776 2.099451 1.364242 0.867601 0.540040 0.329036 0.196249 0.114592 0.065512 0.036673 0.020103 0.010792 0.005675 0.002923 0.001475 0.000729 0.000353 0.000168 0.000078 0.000036 0.000016 0.000007 0.000003 0.000001 0.000001 0.000000 0.000000 0.000000 0.000000 0.000000 0.000000 0.000000 
0.000000 0.000000 0.000000 0.000000 0.000000 0.000000 0.000000 0.000000 0.000001 0.000002 0.000004 0.000009 0.000020 0.000044 0.000097 0.000209 0.000441 0.000910 0.001840 0.003645 0.007073 0.013443 0.025026 0.045628 0.081465 0.142423 0.243790 0.408547 0.670230 1.076281 1.691660 2.602272 3.917525 5.771108 8.318878 11.732742 16.189594 21.854850 28.860935 37.282110 47.108194 58.220829 70.376558 83.201070 96.198078 108.774649 120.282348 130.070877 137.548294 142.240182 143.839556 142.240182 137.548294 130.070877 120.282348 108.774649 96.198078 83.201070 70.376558 58.220829 47.108194 37.282110 28.860935 21.854850 16.189594 11.732742 8.318878 5.771108 3.917525 2.602272 1.691660 1.076281 0.670230 0.408547 0.243790 0.142423 0.081465 0.045628 0.025026 0.013443 0.007073 0.003645 0.001840 0.000910 0.000441 0.000209 0.000097 0.000044 0.000020 0.000009 0.000004 0.000002 0.000001 0.000000 0.000000 0.000000 0.000000 0.000000 0.000000 0.000000 
0.000000 0.000000 0.000000 0.000000 0.000000 0.000000 0.000000 0.000000 0.000001 0.000002 0.000005 0.000011 0.000024 0.000054 0.000119 0.000256 0.000538 0.001110 0.002244 0.004442 0.008614 0.016364 0.030448 0.055486 0.099018 0.173029 0.296045 0.495904 0.813204 1.305357 2.050937 3.153808 4.746194 6.989592 10.072197 14.201482 19.590825 26.439617 34.907302 45.083010 56.953899 70.376558 85.056671 100.542130 116.233817 131.416186 145.306917 157.121580 166.146243 171.808776 173.738987 171.808776 166.146243 157.121580 145.306917 131.416186 116.233817 100.542130 85.056671 70.376558 56.953899 45.083010 34.907302 26.439617 19.590825 14.201482 10.072197 6.989592 4.746194 3.153808 2.050937 1.305357 0.813204 0.495904 0.296045 0.173029 0.099018 0.055486 0.030448 0.016364 0.008614 0.004442 0.002244 0.001110 0.000538 0.000256 0.000119 0.000054 0.000024 0.000011 0.000005 0.000002 0.000001 0.000000 0.000000 0.000000 0.000000 0.000000 0.000000 0.000000 
0.000000 0.000000 0.000000 0.000000 0.000000 0.000000 0.000000 0.000000 0.000001 0.000002 0.000005 0.000013 0.000029 0.000065 0.000142 0.000305 0.000642 0.001324 0.002673 0.005289 0.010252 0.019466 0.036204 0.065945 0.117632 0.205472 0.351415 0.588428 0.964577 1.547798 2.431040 3.737116 5.622318 8.277462 11.924823 16.809344 23.182814 31.280374 41.289864 53.315999 67.343033 83.201070 100.542130 118.832094 137.363487 155.291608 171.693136 185.642415 196.297079 202.982136 205.260862 202.982136 196.297079 185.642415 171.693136 155.291608 137.363487 118.832094 100.542130 83.201070 67.343033 53.315999 41.289864 31.280374 23.182814 16.809344 11.924823 8.277462 5.622318 3.737116 2.431040 1.547798 0.964577 0.588428 0.351415 0.205472 0.117632 0.065945 0.036204 0.019466 0.010252 0.005289 0.002673 0.001324 0.000642 0.000305 0.000142 0.000065 0.000029 0.000013 0.000005 0.000002 0.000001 0.000000 0.000000 0.000000 0.000000 0.000000 0.000000 0.000000 
