0.000000 0.000000 0.000000 0.000000 0.000000 0.000000 0.000000 0.000000 0.000000 0.000000 0.000000 0.000000 0.000000 0.000000 0.000000 0.000000 0.000000 0.000000 0.000000 0.000000 0.000000 0.000000 0.000000 0.000000 0.000000 0.000000 0.000000 0.000000 0.000000 0.000000 0.000000 0.000000 0.000000 0.000000 0.000000 0.000000 0.000000 0.000000 0.000000 0.000000 0.000000 0.000000 0.000000 0.000000 0.000000 0.000000 0.000000 0.000000 0.000000 0.000000 0.000000 0.000000 0.000000 0.000000 0.000000 0.000000 0.000000 0.000000 0.000000 0.000000 0.000000 0.000000 0.000000 0.000000 0.000000 0.000000 0.000000 0.000000 0.000000 0.000000 0.000000 0.000000 0.000000 0.000000 0.000000 0.000000 0.000000 0.000000 0.000000 0.000000 0.000000 0.000000 0.000000 0.000000 0.000000 0.000000 0.000000 0.000000 0.000000 0.000000 0.000000 0.000000 0.000000 0.000000 0.000000 0.000000 0.000000 0.000000 0.000000 0.000000 
0.000000 0.000000 0.000000 0.000000 0.000000 0.000000 0.000000 0.000000 0.000000 0.000000 0.000000 0.000000 0.000000 0.000000 0.000000 0.000000 0.000000 0.000000 0.000000 0.000000 0.000000 0.000000 0.000000 0.000000 0.000000 0.000000 0.000000 0.000000 0.000000 0.000000 0.000000 0.000000 0.000000 0.000000 0.000000 0.000000 0.000000 0.000000 0.000000 0.000000 0.000000 0.000000 0.000000 0.000000 0.000000 0.000000 0.000000 0.000000 0.000000 0.000000 0.000000 0.000000 0.000000 0.000000 0.000000 0.000000 0.000000 0.000000 0.000000 0.000000 0.000000 0.000000 0.000000 0.000000 0.000000 0.000000 0.000000 0.000000 0.000000 0.000000 0.000000 0.000000 0.000000 0.000000 0.000000 0.000000 0.000000 0.000000 0.000000 0.000000 0.000000 0.000000 0.000000 0.000000 0.000000 0.000000 0.000000 0.000000 0.000000 0.000000 0.000000 0.000000 0.000000 0.000000 0.000000 0.000000 0.000000 0.000000 0.000000 0.000000 
0.000000 0.000000 0.000000 0.000000 0.000000 0.000000 0.000000 0.000000 0.000000 0.000000 0.000000 0.000000 0.000000 0.000000 0.000000 0.000000 0.000000 0.000000 0.000000 0.000000 0.000000 0.000000 0.000000 0.000000 0.000000 0.000000 0.000000 0.000000 0.000000 0.000000 0.000000 0.000000 0.000000 0.000000 0.000000 0.000000 0.000000 0.000000 0.000000 0.000000 0.000000 0.000000 0.000000 0.000000 0.000000 0.000000 0.000000 0.000000 0.000000 0.000000 0.000000 0.000000 0.000000 0.000000 0.000000 0.000000 0.000000 0.000000 0.000000 0.000000 0.000000 0.000000 0.000000 0.000000 0.000000 0.000000 0.000000 0.000000 0.000000 0.000000 0.000000 0.000000 0.000000 0.000000 0.000000 0.000000 0.000000 0.000000 0.000000 0.000000 0.000000 0.000000 0.000000 0.000000 0.000000 0.000000 0.000000 0.000000 0.000000 0.000000 0.000000 0.000000 0.000000 0.000000 0.000000 0.000000 0.000000 0.000000 0.000000 0.000000 
0.000000 0.000000 0.000000 0.000000 0.000000 0.000000 0.000000 0.000000 0.000000 0.000000 0.000000 0.000000 0.000000 0.000000 0.000000 0.000000 0.000000 0.000000 0.000000 0.000000 0.000000 0.000000 0.000000 0.000000 0.000000 0.000000 0.000000 0.000000 0.000000 0.000000 0.000000 0.000000 0.000000 0.000000 0.000000 0.000000 0.000000 0.000000 0.000000 0.000000 0.000000 0.000000 0.000000 0.000000 0.000000 0.000000 0.000000 0.000000 0.000000 0.000000 0.000000 0.000000 0.000000 0.000000 0.000000 0.000000 0.000000 0.000000 0.000000 0.000000 0.000000 0.000000 0.000000 0.000000 0.000000 0.000000 0.000000 0.000000 0.000000 0.000000 0.000000 0.000000 0.000000 0.000000 0.000000 0.000000 0.000000 0.000000 0.000000 0.000000 0.000000 0.000000 0.000000 0.000000 0.000000 0.000000 0.000000 0.000000 0.000000 0.000000 0.000000 0.000000 0.000000 0.000000 0.000000 0.000000 0.000000 0.000000 0.000000 0.000000 
0.000000 0.000000 0.000000 0.000000 0.000000 0.000000 0.000000 0.000000 0.000000 0.000000 0.000000 0.000000 0.000000 0.000000 0.000000 0.000000 0.000000 0.000000 0.000000 0.000000 0.000000 0.000000 0.000000 0.000000 0.000000 0.000000 0.000000 0.000000 0.000000 0.000000 0.000000 0.000000 0.000000 0.000000 0.000000 0.000000 0.000000 0.000000 0.000000 0.000000 0.000000 0.000000 0.000000 0.000000 0.000000 0.000000 0.000000 0.000000 0.000000 0.000000 0.000000 0.000000 0.000000 0.000000 0.000000 0.000000 0.000000 0.000000 0.000000 0.000000 0.000000 0.000000 0.000000 0.000000 0.000000 0.000000 0.000000 0.000000 0.000000 0.000000 0.000000 0.000000 0.000000 0.000000 0.000000 0.000000 0.000000 0.000000 0.000000 0.000000 0.000000 0.000000 0.000000 0.000000 0.000000 0.000000 0.000000 0.000000 0.000000 0.000000 0.000000 0.000000 0.000000 0.000000 0.000000 0.000000 0.000000 0.000000 0.000000 0.000000 
0.000000 0.000000 0.000000 0.000000 0.000000 0.000000 0.000000 0.000000 0.000000 0.000000 0.000000 0.000000 0.000000 0.000000 0.000000 0.000000 0.000000 0.000000 0.000000 0.000000 0.000000 0.000000 0.000000 0.000000 0.000000 0.000000 0.000000 0.000000 0.000000 0.000000 0.000000 0.000000 0.000000 0.000000 0.000000 0.000000 0.000000 0.000000 0.000000 0.000000 0.000000 0.000000 0.000001 0.000001 0.000001 0.000001 0.000001 0.000001 0.000001 0.000001 0.000001 0.000001 0.000001 0.000001 0.000001 0.000001 0.000001 0.000001 0.000001 0.000000 0.000000 0.000000 0.000000 0.000000 0.000000 0.000000 0.000000 0.000000 0.000000 0.000000 0.000000 0.000000 0.000000 0.000000 0.000000 0.000000 0.000000 0.000000 0.000000 0.000000 0.000000 0.000000 0.000000 0.000000 0.000000 0.000000 0.000000 0.000000 0.000000 0.000000 0.000000 0.000000 0.000000 0.000000 0.000000 0.000000 0.000000 0.000000 0.000000 0.000000 
0.000000 0.000000 0.000000 0.000000 0.000000 0.000000 0.000000 0.000000 0.000000 0.000000 0.000000 0.000000 0.000000 0.000000 0.000000 0.000000 0.000000 0.000000 0.000000 0.000000 0.000000 0.000000 0.000000 0.000000 0.000000 0.000000 0.000000 0.000000 0.000000 0.000000 0.000000 0.000000 0.000000 0.000000 0.000000 0.000000 0.000000 0.000000 0.000001 0.000001 0.000001 0.000001 0.000001 0.000002 0.000002 0.000002 0.000002 0.000002 0.000003 0.000003 0.000003 0.000003 0.000003 0.000002 0.000002 0.000002 0.000002 0.000002 0.000001 0.000001 0.000001 0.000001 0.000001 0.000000 0.000000 0.000000 0.000000 0.000000 0.000000 0.000000 0.000000 0.000000 0.000000 0.000000 0.000000 0.000000 0.000000 0.000000 0.000000 0.000000 0.000000 0.000000 0.000000 0.000000 0.000000 0.000000 0.000000 0.000000 0.000000 0.000000 0.000000 0.000000 0.000000 0.000000 0.000000 0.000000 0.000000 0.000000 0.000000 0.000000 
0.000000 0.000000 0.000000 0.000000 0.000000 0.000000 0.000000 0.000000 0.000000 0.000000 0.000000 0.000000 0.000000 0.000000 0.000000 0.000000 0.000000 0.000000 0.000000 0.000000 0.000000 0.000000 0.000000 0.000000 0.000000 0.000000 0.000000 0.000000 0.000000 0.000000 0.000000 0.000000 0.000000 0.000000 0.000000 0.000001 0.000001 0.000001 0.000001 0.000002 0.000002 0.000003 0.000003 0.000004 0.000004 0.000005 0.000005 0.000005 0.000006 0.000006 0.000006 0.000006 0.000006 0.000005 0.000005 0.000005 0.000004 0.000004 0.000003 0.000003 0.000002 0.000002 0.000001 0.000001 0.000001 0.000001 0.000000 0.000000 0.000000 0.000000 0.000000 0.000000 0.000000 0.000000 0.000000 0.000000 0.000000 0.000000 0.000000 0.000000 0.000000 0.000000 0.000000 0.000000 0.000000 0.000000 0.000000 0.000000 0.000000 0.000000 0.000000 0.000000 0.000000 0.000000 0.000000 0.000000 0.000000 0.000000 0.000000 0.000000 
0.000000 0.000000 0.000000 0.000000 0.000000 0.000000 0.000000 0.000000 0.000000 0.000000 0.000000 0.000000 0.000000 0.000000 0.000000 0.000000 0.000000 0.000000 0.000000 0.000000 0.000000 0.000000 0.000000 0.000000 0.000000 0.000000 0.000000 0.000000 0.000000 0.000000 0.000000 0.000000 0.000000 0.000001 0.000001 0.000001 0.000002 0.000002 0.000003 0.000004 0.000005 0.000006 0.000007 0.000008 0.000009 0.000010 0.000011 0.000012 0.000013 0.000013 0.000013 0.000013 0.000013 0.000012 0.000011 0.000010 0.000009 0.000008 0.000007 0.000006 0.000005 0.000004 0.000003 0.000002 0.000002 0.000001 0.000001 0.000001 0.000000 0.000000 0.000000 0.000000 0.000000 0.000000 0.000000 0.000000 0.000000 0.000000 0.000000 0.000000 0.000000 0.000000 0.000000 0.000000 0.000000 0.000000 0.000000 0.000000 0.000000 0.000000 0.000000 0.000000 0.000000 0.000000 0.000000 0.000000 0.000000 0.000000 0.000000 0.000000 
0.000000 0.000000 0.000000 0.000000 0.000000 0.000000 0.000000 0.000000 0.000000 0.000000 0.000000 0.000000 0.000000 0.000000 0.000000 0.000000 0.000000 0.000000 0.000000 0.000000 0.000000 0.000000 0.000000 0.000000 0.000000 0.000000 0.000000 0.000000 0.000000 0.000000 0.000000 0.000001 0.000001 0.000001 0.000002 0.000003 0.000004 0.000005 0.000007 0.000008 0.000010 0.000013 0.000015 0.000017 0.000020 0.000022 0.000025 0.000027 0.000028 0.000029 0.000029 0.000029 0.000028 0.000027 0.000025 0.000022 0.000020 0.000017 0.000015 0.000013 0.000010 0.000008 0.000007 0.000005 0.000004 0.000003 0.000002 0.000001 0.000001 0.000001 0.000000 0.000000 0.000000 0.000000 0.000000 0.000000 0.000000 0.000000 0.000000 0.000000 0.000000 0.000000 0.000000 0.000000 0.000000 0.000000 0.000000 0.000000 0.000000 0.000000 0.000000 0.000000 0.000000 0.000000 0.000000 0.000000 0.000000 0.000000 0.000000 0.000000 
0.000000 0.000000 0.000000 0.000000 0.000000 0.000000 0.000000 0.000000 0.000000 0.000000 0.000000 0.000000 0.000000 0.000000 0.000000 0.000000 0.000000 0.000000 0.000000 0.000000 0.000000 0.000000 0.000000 0.000000 0.000000 0.000000 0.000000 0.000000 0.000000 0.000001 0.000001 0.000001 0.000002 0.000003 0.000004 0.000006 0.000008 0.000011 0.000014 0.000018 0.000022 0.000027 0.000032 0.000038 0.000043 0.000048 0.000053 0.000057 0.000060 0.000062 0.000063 0.000062 0.000060 0.000057 0.000053 0.000048 0.000043 0.000038 0.000032 0.000027 0.000022 0.000018 0.000014 0.000011 0.000008 0.000006 0.000004 0.000003 0.000002 0.000001 0.000001 0.000001 0.000000 0.000000 0.000000 0.000000 0.000000 0.000000 0.000000 0.000000 0.000000 0.000000 0.000000 0.000000 0.000000 0.000000 0.000000 0.000000 0.000000 0.000000 0.000000 0.000000 0.000000 0.000000 0.000000 0.000000 0.000000 0.000000 0.000000 0.000000 
0.000000 0.000000 0.000000 0.000000 0.000000 0.000000 0.000000 0.000000 0.000000 0.000000 0.000000 0.000000 0.000000 0.000000 0.000000 0.000000 0.000000 0.000000 0.000000 0.000000 0.000000 0.000000 0.000000 0.000000 0.000000 0.000000 0.000000 0.000001 0.000001 0.000001 0.000002 0.000003 0.000005 0.000007 0.000009 0.000013 0.000017 0.000023 0.000030 0.000038 0.000047 0.000057 0.000068 0.000080 0.000091 0.000102 0.000112 0.000121 0.000127 0.000131 0.000133 0.000131 0.000127 0.000121 0.000112 0.000102 0.000091 0.000080 0.000068 0.000057 0.000047 0.000038 0.000030 0.000023 0.000017 0.000013 0.000009 0.000007 0.000005 0.000003 0.000002 0.000001 0.000001 0.000001 0.000000 0.000000 0.000000 0.000000 0.000000 0.000000 0.000000 0.000000 0.000000 0.000000 0.000000 0.000000 0.000000 0.000000 0.000000 0.000000 0.000000 0.000000 0.000000 0.000000 0.000000 0.000000 0.000000 0.000000 0.000000 0.000000 
0.000000 0.000000 0.000000 0.000000 0.000000 0.000000 0.000000 0.000000 0.000000 0.000000 0.000000 0.000000 0.000000 0.000000 0.000000 0.000000 0.000000 0.000000 0.000000 0.000000 0.000000 0.000000 0.000000 0.000000 0.000000 0.000000 0.000001 0.000001 0.000002 0.000003 0.000004 0.000007 0.000010 0.000014 0.000020 0.000027 0.000036 0.000048 0.000062 0.000079 0.000098 0.000119 0.000142 0.000166 0.000190 0.000213 0.000234 0.000251 0.000265 0.000273 0.000276 0.000273 0.000265 0.000251 0.000234 0.000213 0.000190 0.000166 0.000142 0.000119 0.000098 0.000079 0.000062 0.000048 0.000036 0.000027 0.000020 0.000014 0.000010 0.000007 0.000004 0.000003 0.000002 0.000001 0.000001 0.000000 0.000000 0.000000 0.000000 0.000000 0.000000 0.000000 0.000000 0.000000 0.000000 0.000000 0.000000 0.000000 0.000000 0.000000 0.000000 0.000000 0.000000 0.000000 0.000000 0.000000 0.000000 0.000000 0.000000 0.000000 
0.000000 0.000000 0.000000 0.000000 0.000000 0.000000 0.000000 0.000000 0.000000 0.000000 0.000000 0.000000 0.000000 0.000000 0.000000 0.000000 0.000000 0.000000 0.000000 0.000000 0.000000 0.000000 0.000000 0.000000 0.000001 0.000001 0.000002 0.000002 0.000004 0.000006 0.000009 0.000014 0.000020 0.000029 0.000040 0.000055 0.000075 0.000099 0.000127 0.000162 0.000201 0.000244 0.000291 0.000339 0.000388 0.000435 0.000477 0.000513 0.000540 0.000557 0.000563 0.000557 0.000540 0.000513 0.000477 0.000435 0.000388 0.000339 0.000291 0.000244 0.000201 0.000162 0.000127 0.000099 0.000075 0.000055 0.000040 0.000029 0.000020 0.000014 0.000009 0.000006 0.000004 0.000002 0.000002 0.000001 0.000001 0.000000 0.000000 0.000000 0.000000 0.000000 0.000000 0.000000 0.000000 0.000000 0.000000 0.000000 0.000000 0.000000 0.000000 0.000000 0.000000 0.000000 0.000000 0.000000 0.000000 0.000000 0.000000 0.000000 
0.000000 0.000000 0.000000 0.000000 0.000000 0.000000 0.000000 0.000000 0.000000 0.000000 0.000000 0.000000 0.000000 0.000000 0.000000 0.000000 0.000000 0.000000 0.000000 0.000000 0.000000 0.000000 0.000000 0.000001 0.000001 0.000002 0.000003 0.000005 0.000008 0.000012 0.000019 0.000028 0.000041 0.000058 0.000081 0.000112 0.000150 0.000198 0.000256 0.000325 0.000403 0.000490 0.000583 0.000681 0.000778 0.000872 0.000956 0.001028 0.001082 0.001116 0.001128 0.001116 0.001082 0.001028 0.000956 0.000872 0.000778 0.000681 0.000583 0.000490 0.000403 0.000325 0.000256 0.000198 0.000150 0.000112 0.000081 0.000058 0.000041 0.000028 0.000019 0.000012 0.000008 0.000005 0.000003 0.000002 0.000001 0.000001 0.000000 0.000000 0.000000 0.000000 0.000000 0.000000 0.000000 0.000000 0.000000 0.000000 0.000000 0.000000 0.000000 0.000000 0.000000 0.000000 0.000000 0.000000 0.000000 0.000000 0.000000 0.000000 
0.000000 0.000000 0.000000 0.000000 0.000000 0.000000 0.000000 0.000000 0.000000 0.000000 0.000000 0.000000 0.000000 0.000000 0.000000 0.000000 0.000000 0.000000 0.000000 0.000000 0.000000 0.000000 0.000001 0.000001 0.000002 0.000004 0.000006 0.000010 0.000016 0.000024 0.000037 0.000055 0.000081 0.000115 0.000161 0.000221 0.000297 0.000392 0.000506 0.000641 0.000795 0.000966 0.001150 0.001342 0.001533 0.001717 0.001883 0.002024 0.002130 0.002197 0.002220 0.002197 0.002130 0.002024 0.001883 0.001717 0.001533 0.001342 0.001150 0.000966 0.000795 0.000641 0.000506 0.000392 0.000297 0.000221 0.000161 0.000115 0.000081 0.000055 0.000037 0.000024 0.000016 0.000010 0.000006 0.000004 0.000002 0.000001 0.000001 0.000000 0.000000 0.000000 0.000000 0.000000 0.000000 0.000000 0.000000 0.000000 0.000000 0.000000 0.000000 0.000000 0.000000 0.000000 0.000000 0.000000 0.000000 0.000000 0.000000 0.000000 
0.000000 0.000000 0.000000 0.000000 0.000000 0.000000 0.000000 0.000000 0.000000 0.000000 0.000000 0.000000 0.000000 0.000000 0.000000 0.000000 0.000000 0.000000 0.000000 0.000000 0.000000 0.000001 0.000001 0.000003 0.000004 0.000007 0.000012 0.000020 0.000031 0.000048 0.000072 0.000108 0.000157 0.000224 0.000313 0.000430 0.000578 0.000761 0.000982 0.001243 0.001540 0.001871 0.002227 0.002596 0.002966 0.003320 0.003641 0.003912 0.004118 0.004246 0.004290 0.004246 0.004118 0.003912 0.003641 0.003320 0.002966 0.002596 0.002227 0.001871 0.001540 0.001243 0.000982 0.000761 0.000578 0.000430 0.000313 0.000224 0.000157 0.000108 0.000072 0.000048 0.000031 0.000020 0.000012 0.000007 0.000004 0.000003 0.000001 0.000001 0.000000 0.000000 0.000000 0.000000 0.000000 0.000000 0.000000 0.000000 0.000000 0.000000 0.000000 0.000000 0.000000 0.000000 0.000000 0.000000 0.000000 0.000000 0.000000 0.000000 
0.000000 0.000000 0.000000 0.000000 0.000000 0.000000 0.000000 0.000000 0.000000 0.000000 0.000000 0.000000 0.000000 0.000000 0.000000 0.000000 0.000000 0.000000 0.000000 0.000000 0.000001 0.000002 0.000003 0.000005 0.000009 0.000014 0.000023 0.000038 0.000059 0.000092 0.000139 0.000206 0.000300 0.000428 0.000599 0.000820 0.001102 0.001451 0.001871 0.002366 0.002931 0.003558 0.004233 0.004934 0.005635 0.006305 0.006913 0.007426 0.007816 0.008060 0.008143 0.008060 0.007816 0.007426 0.006913 0.006305 0.005635 0.004934 0.004233 0.003558 0.002931 0.002366 0.001871 0.001451 0.001102 0.000820 0.000599 0.000428 0.000300 0.000206 0.000139 0.000092 0.000059 0.000038 0.000023 0.000014 0.000009 0.000005 0.000003 0.000002 0.000001 0.000000 0.000000 0.000000 0.000000 0.000000 0.000000 0.000000 0.000000 0.000000 0.000000 0.000000 0.000000 0.000000 0.000000 0.000000 0.000000 0.000000 0.000000 0.000000 
0.000000 0.000000 0.000000 0.000000 0.000000 0.000000 0.000000 0.000000 0.000000 0.000000 0.000000 0.000000 0.000000 0.000000 0.000000 0.000000 0.000000 0.000000 0.000001 0.000001 0.000002 0.000003 0.000006 0.000010 0.000016 0.000027 0.000044 0.000071 0.000112 0.000173 0.000261 0.000388 0.000564 0.000803 0.001122 0.001537 0.002063 0.002714 0.003500 0.004422 0.005476 0.006644 0.007901 0.009206 0.010510 0.011758 0.012889 0.013843 0.014568 0.015021 0.015175 0.015021 0.014568 0.013843 0.012889 0.011758 0.010510 0.009206 0.007901 0.006644 0.005476 0.004422 0.003500 0.002714 0.002063 0.001537 0.001122 0.000803 0.000564 0.000388 0.000261 0.000173 0.000112 0.000071 0.000044 0.000027 0.000016 0.000010 0.000006 0.000003 0.000002 0.000001 0.000001 0.000000 0.000000 0.000000 0.000000 0.000000 0.000000 0.000000 0.000000 0.000000 0.000000 0.000000 0.000000 0.000000 0.000000 0.000000 0.000000 0.000000 
0.000000 0.000000 0.000000 0.000000 0.000000 0.000000 0.000000 0.000000 0.000000 0.000000 0.000000 0.000000 0.000000 0.000000 0.000000 0.000000 0.000000 0.000000 0.000001 0.000002 0.000003 0.000006 0.000010 0.000018 0.000030 0.000050 0.000082 0.000132 0.000207 0.000319 0.000483 0.000715 0.001039 0.001480 0.002066 0.002827 0.003793 0.004986 0.006425 0.008114 0.010043 0.012181 0.014478 0.016864 0.019249 0.021528 0.023594 0.025336 0.026660 0.027487 0.027768 0.027487 0.026660 0.025336 0.023594 0.021528 0.019249 0.016864 0.014478 0.012181 0.010043 0.008114 0.006425 0.004986 0.003793 0.002827 0.002066 0.001480 0.001039 0.000715 0.000483 0.000319 0.000207 0.000132 0.000082 0.000050 0.000030 0.000018 0.000010 0.000006 0.000003 0.000002 0.000001 0.000000 0.000000 0.000000 0.000000 0.000000 0.000000 0.000000 0.000000 0.000000 0.000000 0.000000 0.000000 0.000000 0.000000 0.000000 0.000000 0.000000 
0.000000 0.000000 0.000000 0.000000 0.000000 0.000000 0.000000 0.000000 0.000000 0.000000 0.000000 0.000000 0.000000 0.000000 0.000000 0.000000 0.000000 0.000001 0.000002 0.000003 0.000006 0.000011 0.000019 0.000032 0.000055 0.000092 0.000150 0.000240 0.000376 0.000580 0.000875 0.001296 0.001880 0.002676 0.003733 0.005105 0.006843 0.008992 0.011580 0.014617 0.018082 0.021923 0.026048 0.030330 0.034608 0.038698 0.042402 0.045526 0.047899 0.049381 0.049886 0.049381 0.047899 0.045526 0.042402 0.038698 0.034608 0.030330 0.026048 0.021923 0.018082 0.014617 0.011580 0.008992 0.006843 0.005105 0.003733 0.002676 0.001880 0.001296 0.000875 0.000580 0.000376 0.000240 0.000150 0.000092 0.000055 0.000032 0.000019 0.000011 0.000006 0.000003 0.000002 0.000001 0.000000 0.000000 0.000000 0.000000 0.000000 0.000000 0.000000 0.000000 0.000000 0.000000 0.000000 0.000000 0.000000 0.000000 0.000000 0.000000 
0.000000 0.000000 0.000000 0.000000 0.000000 0.000000 0.000000 0.000000 0.000000 0.000000 0.000000 0.000000 0.000000 0.000000 0.000000 0.000000 0.000001 0.000002 0.000003 0.000006 0.000011 0.000019 0.000034 0.000058 0.000099 0.000164 0.000267 0.000427 0.000671 0.001032 0.001557 0.002303 0.003340 0.004749 0.006621 0.009048 0.012121 0.015917 0.020488 0.025848 0.031961 0.038734 0.046005 0.053550 0.061086 0.068287 0.074809 0.080310 0.084485 0.087095 0.087982 0.087095 0.084485 0.080310 0.074809 0.068287 0.061086 0.053550 0.046005 0.038734 0.031961 0.025848 0.020488 0.015917 0.012121 0.009048 0.006621 0.004749 0.003340 0.002303 0.001557 0.001032 0.000671 0.000427 0.000267 0.000164 0.000099 0.000058 0.000034 0.000019 0.000011 0.000006 0.000003 0.000002 0.000001 0.000000 0.000000 0.000000 0.000000 0.000000 0.000000 0.000000 0.000000 0.000000 0.000000 0.000000 0.000000 0.000000 0.000000 0.000000 
0.000000 0.000000 0.000000 0.000000 0.000000 0.000000 0.000000 0.000000 0.000000 0.000000 0.000000 0.000000 0.000000 0.000000 0.000000 0.000001 0.000001 0.000003 0.000006 0.000010 0.000019 0.000034 0.000059 0.000102 0.000173 0.000287 0.000468 0.000748 0.001173 0.001803 0.002718 0.004017 0.005822 0.008273 0.011524 0.015739 0.021072 0.027656 0.035579 0.044865 0.055452 0.067175 0.079757 0.092808 0.105840 0.118290 0.129561 0.139068 0.146283 0.150792 0.152325 0.150792 0.146283 0.139068 0.129561 0.118290 0.105840 0.092808 0.079757 0.067175 0.055452 0.044865 0.035579 0.027656 0.021072 0.015739 0.011524 0.008273 0.005822 0.004017 0.002718 0.001803 0.001173 0.000748 0.000468 0.000287 0.000173 0.000102 0.000059 0.000034 0.000019 0.000010 0.000006 0.000003 0.000001 0.000001 0.000000 0.000000 0.000000 0.000000 0.000000 0.000000 0.000000 0.000000 0.000000 0.000000 0.000000 0.000000 0.000000 0.000000 
0.000000 0.000000 0.000000 0.000000 0.000000 0.000000 0.000000 0.000000 0.000000 0.000000 0.000000 0.000000 0.000000 0.000000 0.000001 0.000001 0.000003 0.000005 0.000010 0.000018 0.000032 0.000058 0.000102 0.000176 0.000298 0.000495 0.000805 0.001285 0.002013 0.003092 0.004657 0.006877 0.009959 0.014142 0.019687 0.026871 0.035955 0.047162 0.060642 0.076434 0.094430 0.114349 0.135720 0.157880 0.180001 0.201130 0.220254 0.236381 0.248621 0.256267 0.258868 0.256267 0.248621 0.236381 0.220254 0.201130 0.180001 0.157880 0.135720 0.114349 0.094430 0.076434 0.060642 0.047162 0.035955 0.026871 0.019687 0.014142 0.009959 0.006877 0.004657 0.003092 0.002013 0.001285 0.000805 0.000495 0.000298 0.000176 0.000102 0.000058 0.000032 0.000018 0.000010 0.000005 0.000003 0.000001 0.000001 0.000000 0.000000 0.000000 0.000000 0.000000 0.000000 0.000000 0.000000 0.000000 0.000000 0.000000 0.000000 0.000000 
0.000000 0.000000 0.000000 0.000000 0.000000 0.000000 0.000000 0.000000 0.000000 0.000000 0.000000 0.000000 0.000000 0.000001 0.000001 0.000002 0.000004 0.000009 0.000016 0.000030 0.000055 0.000099 0.000173 0.000298 0.000504 0.000835 0.001358 0.002166 0.003390 0.005202 0.007828 0.011553 0.016719 0.023723 0.033005 0.045020 0.060205 0.078930 0.101441 0.127799 0.157824 0.191045 0.226673 0.263606 0.300463 0.335659 0.367511 0.394365 0.414744 0.427474 0.431804 0.427474 0.414744 0.394365 0.367511 0.335659 0.300463 0.263606 0.226673 0.191045 0.157824 0.127799 0.101441 0.078930 0.060205 0.045020 0.033005 0.023723 0.016719 0.011553 0.007828 0.005202 0.003390 0.002166 0.001358 0.000835 0.000504 0.000298 0.000173 0.000099 0.000055 0.000030 0.000016 0.000009 0.000004 0.000002 0.000001 0.000001 0.000000 0.000000 0.000000 0.000000 0.000000 0.000000 0.000000 0.000000 0.000000 0.000000 0.000000 0.000000 
0.000000 0.000000 0.000000 0.000000 0.000000 0.000000 0.000000 0.000000 0.000000 0.000000 0.000000 0.000000 0.000000 0.000001 0.000002 0.000004 0.000007 0.000014 0.000027 0.000050 0.000092 0.000164 0.000287 0.000495 0.000835 0.001383 0.002247 0.003582 0.005600 0.008587 0.012913 0.019043 0.027538 0.039050 0.054295 0.074018 0.098930 0.129633 0.166525 0.209704 0.258869 0.313246 0.371543 0.431958 0.492232 0.549777 0.601844 0.645735 0.679039 0.699842 0.706917 0.699842 0.679039 0.645735 0.601844 0.549777 0.492232 0.431958 0.371543 0.313246 0.258869 0.209704 0.166525 0.129633 0.098930 0.074018 0.054295 0.039050 0.027538 0.019043 0.012913 0.008587 0.005600 0.003582 0.002247 0.001383 0.000835 0.000495 0.000287 0.000164 0.000092 0.000050 0.000027 0.000014 0.000007 0.000004 0.000002 0.000001 0.000000 0.000000 0.000000 0.000000 0.000000 0.000000 0.000000 0.000000 0.000000 0.000000 0.000000 0.000000 
0.000000 0.000000 0.000000 0.000000 0.000000 0.000000 0.000000 0.000000 0.000000 0.000000 0.000000 0.000000 0.000001 0.000002 0.000003 0.000006 0.000012 0.000023 0.000044 0.000082 0.000150 0.000267 0.000468 0.000805 0.001358 0.002247 0.003649 0.005811 0.009077 0.013907 0.020898 0.030797 0.044507 0.063072 0.087642 0.119411 0.159517 0.208921 0.268256 0.337671 0.416678 0.504029 0.597648 0.694637 0.791378 0.883717 0.967250 1.037658 1.091075 1.124439 1.135787 1.124439 1.091075 1.037658 0.967250 0.883717 0.791378 0.694637 0.597648 0.504029 0.416678 0.337671 0.268256 0.208921 0.159517 0.119411 0.087642 0.063072 0.044507 0.030797 0.020898 0.013907 0.009077 0.005811 0.003649 0.002247 0.001358 0.000805 0.000468 0.000267 0.000150 0.000082 0.000044 0.000023 0.000012 0.000006 0.000003 0.000002 0.000001 0.000000 0.000000 0.000000 0.000000 0.000000 0.000000 0.000000 0.000000 0.000000 0.000000 0.000000 
0.000000 0.000000 0.000000 0.000000 0.000000 0.000000 0.000000 0.000000 0.000000 0.000000 0.000000 0.000001 0.000001 0.000002 0.000005 0.000010 0.000020 0.000038 0.000071 0.000132 0.000240 0.000427 0.000748 0.001285 0.002166 0.003582 0.005811 0.009247 0.014433 0.022097 0.033180 0.048864 0.070571 0.099948 0.138805 0.189018 0.252374 0.330381 0.424026 0.533535 0.658128 0.795831 0.943368 1.096175 1.248551 1.393965 1.525488 1.636330 1.720414 1.772930 1.790790 1.772930 1.720414 1.636330 1.525488 1.393965 1.248551 1.096175 0.943368 0.795831 0.658128 0.533535 0.424026 0.330381 0.252374 0.189018 0.138805 0.099948 0.070571 0.048864 0.033180 0.022097 0.014433 0.009247 0.005811 0.003582 0.002166 0.001285 0.000748 0.000427 0.000240 0.000132 0.000071 0.000038 0.000020 0.000010 0.000005 0.000002 0.000001 0.000001 0.000000 0.000000 0.000000 0.000000 0.000000 0.000000 0.000000 0.000000 0.000000 0.000000 
0.000000 0.000000 0.000000 0.000000 0.000000 0.000000 0.000000 0.000000 0.000000 0.000000 0.000000 0.000001 0.000002 0.000004 0.000008 0.000016 0.000031 0.000059 0.000112 0.000207 0.000376 0.000671 0.001173 0.002013 0.003390 0.005600 0.009077 0.014433 0.022511 0.034440 0.051680 0.076059 0.109780 0.155388 0.215681 0.293551 0.391756 0.512612 0.657635 0.827157 1.019959 1.232975 1.461136 1.697382 1.932909 2.157628 2.360846 2.532085 2.661974 2.743092 2.770679 2.743092 2.661974 2.532085 2.360846 2.157628 1.932909 1.697382 1.461136 1.232975 1.019959 0.827157 0.657635 0.512612 0.391756 0.293551 0.215681 0.155388 0.109780 0.076059 0.051680 0.034440 0.022511 0.014433 0.009077 0.005600 0.003390 0.002013 0.001173 0.000671 0.000376 0.000207 0.000112 0.000059 0.000031 0.000016 0.000008 0.000004 0.000002 0.000001 0.000000 0.000000 0.000000 0.000000 0.000000 0.000000 0.000000 0.000000 0.000000 0.000000 
0.000000 0.000000 0.000000 0.000000 0.000000 0.000000 0.000000 0.000000 0.000000 0.000000 0.000001 0.000001 0.000003 0.000006 0.000012 0.000024 0.000048 0.000092 0.000173 0.000319 0.000580 0.001032 0.001803 0.003092 0.005202 0.008587 0.013907 0.022097 0.034440 0.052655 0.078961 0.116138 0.167528 0.236995 0.328779 0.447262 0.596613 0.780330 1.000692 1.258182 1.550928 1.874264 2.220488 2.578889 2.936117 3.276888 3.585004 3.844602 4.041493 4.164449 4.206262 4.164449 4.041493 3.844602 3.585004 3.276888 2.936117 2.578889 2.220488 1.874264 1.550928 1.258182 1.000692 0.780330 0.596613 0.447262 0.328779 0.236995 0.167528 0.116138 0.078961 0.052655 0.034440 0.022097 0.013907 0.008587 0.005202 0.003092 0.001803 0.001032 0.000580 0.000319 0.000173 0.000092 0.000048 0.000024 0.000012 0.000006 0.000003 0.000001 0.000001 0.000000 0.000000 0.000000 0.000000 0.000000 0.000000 0.000000 0.000000 0.000000 
0.000000 0.000000 0.000000 0.000000 0.000000 0.000000 0.000000 0.000000 0.000000 0.000000 0.000001 0.000002 0.000004 0.000009 0.000019 0.000037 0.000072 0.000139 0.000261 0.000483 0.000875 0.001557 0.002718 0.004657 0.007828 0.012913 0.020898 0.033180 0.051680 0.078961 0.118337 0.173949 0.250781 0.354580 0.491656 0.668519 0.891358 1.165355 1.493876 1.877607 2.313731 2.795282 3.310776 3.844271 4.375905 4.882954 5.341345 5.727506 6.020361 6.203234 6.265421 6.203234 6.020361 5.727506 5.341345 4.882954 4.375905 3.844271 3.310776 2.795282 2.313731 1.877607 1.493876 1.165355 0.891358 0.668519 0.491656 0.354580 0.250781 0.173949 0.118337 0.078961 0.051680 0.033180 0.020898 0.012913 0.007828 0.004657 0.002718 0.001557 0.000875 0.000483 0.000261 0.000139 0.000072 0.000037 0.000019 0.000009 0.000004 0.000002 0.000001 0.000000 0.000000 0.000000 0.000000 0.000000 0.000000 0.000000 0.000000 0.000000 
0.000000 0.000000 0.000000 0.000000 0.000000 0.000000 0.000000 0.000000 0.000000 0.000001 0.000001 0.000003 0.000007 0.000014 0.000028 0.000055 0.000108 0.000206 0.000388 0.000715 0.001296 0.002303 0.004017 0.006877 0.011553 0.019043 0.030797 0.048864 0.076059 0.116138 0.173949 0.255552 0.368229 0.520377 0.721202 0.980198 1.306380 1.707281 2.187778 2.748827 3.386278 4.089919 4.842961 5.622116 6.398396 7.138647 7.807762 8.371377 8.798772 9.065642 9.156390 9.065642 8.798772 8.371377 7.807762 7.138647 6.398396 5.622116 4.842961 4.089919 3.386278 2.748827 2.187778 1.707281 1.306380 0.980198 0.721202 0.520377 0.368229 0.255552 0.173949 0.116138 0.076059 0.048864 0.030797 0.019043 0.011553 0.006877 0.004017 0.002303 0.001296 0.000715 0.000388 0.000206 0.000108 0.000055 0.000028 0.000014 0.000007 0.000003 0.000001 0.000001 0.000000 0.000000 0.000000 0.000000 0.000000 0.000000 0.000000 0.000000 
0.000000 0.000000 0.000000 0.000000 0.000000 0.000000 0.000000 0.000000 0.000000 0.000001 0.000002 0.000005 0.000010 0.000020 0.000041 0.000081 0.000157 0.000300 0.000564 0.001039 0.001880 0.003340 0.005822 0.009959 0.016719 0.027538 0.044507 0.070571 0.109780 0.167528 0.250781 0.368229 0.530319 0.749079 1.037693 1.409744 1.878113 2.453552 3.142990 3.947743 4.861806 5.870501 6.949745 8.066167 9.178251 10.238545 11.196815 12.003904 12.615877 12.997977 13.127906 12.997977 12.615877 12.003904 11.196815 10.238545 9.178251 8.066167 6.949745 5.870501 4.861806 3.947743 3.142990 2.453552 1.878113 1.409744 1.037693 0.749079 0.530319 0.368229 0.250781 0.167528 0.109780 0.070571 0.044507 0.027538 0.016719 0.009959 0.005822 0.003340 0.001880 0.001039 0.000564 0.000300 0.000157 0.000081 0.000041 0.000020 0.000010 0.000005 0.000002 0.000001 0.000000 0.000000 0.000000 0.000000 0.000000 0.000000 0.000000 0.000000 
0.000000 0.000000 0.000000 0.000000 0.000000 0.000000 0.000000 0.000000 0.000001 0.000001 0.000003 0.000007 0.000014 0.000029 0.000058 0.000115 0.000224 0.000428 0.000803 0.001480 0.002676 0.004749 0.008273 0.014142 0.023723 0.039050 0.063072 0.099948 0.155388 0.236995 0.354580 0.520377 0.749079 1.057597 1.464450 1.988703 2.648419 3.458649 4.429065 5.561434 6.847242 8.265797 9.783209 11.352562 12.915531 14.405476 15.751878 16.885746 17.745429 18.282166 18.464672 18.282166 17.745429 16.885746 15.751878 14.405476 12.915531 11.352562 9.783209 8.265797 6.847242 5.561434 4.429065 3.458649 2.648419 1.988703 1.464450 1.057597 0.749079 0.520377 0.354580 0.236995 0.155388 0.099948 0.063072 0.039050 0.023723 0.014142 0.008273 0.004749 0.002676 0.001480 0.000803 0.000428 0.000224 0.000115 0.000058 0.000029 0.000014 0.000007 0.000003 0.000001 0.000001 0.000000 0.000000 0.000000 0.000000 0.000000 0.000000 0.000000 
0.000000 0.000000 0.000000 0.000000 0.000000 0.000000 0.000000 0.000000 0.000001 0.000002 0.000004 0.000009 0.000020 0.000040 0.000081 0.000161 0.000313 0.000599 0.001122 0.002066 0.003733 0.006621 0.011524 0.019687 0.033005 0.054295 0.087642 0.138805 0.215681 0.328779 0.491656 0.721202 1.037693 1.464450 2.026993 2.751575 3.663049 4.782088 6.121935 7.684926 9.459224 11.416216 13.509120 15.673236 17.828174 19.882123 21.737962 23.300695 24.485450 25.225106 25.476604 25.225106 24.485450 23.300695 21.737962 19.882123 17.828174 15.673236 13.509120 11.416216 9.459224 7.684926 6.121935 4.782088 3.663049 2.751575 2.026993 1.464450 1.037693 0.721202 0.491656 0.328779 0.215681 0.138805 0.087642 0.054295 0.033005 0.019687 0.011524 0.006621 0.003733 0.002066 0.001122 0.000599 0.000313 0.000161 0.000081 0.000040 0.000020 0.000009 0.000004 0.000002 0.000001 0.000000 0.000000 0.000000 0.000000 0.000000 0.000000 0.000000 
0.000000 0.000000 0.000000 0.000000 0.000000 0.000000 0.000000 0.000001 0.000001 0.000003 0.000006 0.000013 0.000027 0.000055 0.000112 0.000221 0.000430 0.000820 0.001537 0.002827 0.005105 0.009048 0.015739 0.026871 0.045020 0.074018 0.119411 0.189018 0.293551 0.447262 0.668519 0.980198 1.409744 1.988703 2.751575 3.733829 4.969005 6.484970 8.299515 10.415672 12.817306 15.465613 18.297248 21.224684 24.139229 26.916797 29.426167 31.539017 33.140720 34.140634 34.480617 34.140634 33.140720 31.539017 29.426167 26.916797 24.139229 21.224684 18.297248 15.465613 12.817306 10.415672 8.299515 6.484970 4.969005 3.733829 2.751575 1.988703 1.409744 0.980198 0.668519 0.447262 0.293551 0.189018 0.119411 0.074018 0.045020 0.026871 0.015739 0.009048 0.005105 0.002827 0.001537 0.000820 0.000430 0.000221 0.000112 0.000055 0.000027 0.000013 0.000006 0.000003 0.000001 0.000001 0.000000 0.000000 0.000000 0.000000 0.000000 0.000000 
0.000000 0.000000 0.000000 0.000000 0.000000 0.000000 0.000000 0.000001 0.000002 0.000004 0.000008 0.000017 0.000036 0.000075 0.000150 0.000297 0.000578 0.001102 0.002063 0.003793 0.006843 0.012121 0.021072 0.035955 0.060205 0.098930 0.159517 0.252374 0.391756 0.596613 0.891358 1.306380 1.878113 2.648419 3.663049 4.969005 6.610700 8.624984 11.035312 13.845551 17.034135 20.549453 24.307379 28.191766 32.058456 35.742937 39.071286 41.873457 43.997579 45.323572 45.774416 45.323572 43.997579 41.873457 39.071286 35.742937 32.058456 28.191766 24.307379 20.549453 17.034135 13.845551 11.035312 8.624984 6.610700 4.969005 3.663049 2.648419 1.878113 1.306380 0.891358 0.596613 0.391756 0.252374 0.159517 0.098930 0.060205 0.035955 0.021072 0.012121 0.006843 0.003793 0.002063 0.001102 0.000578 0.000297 0.000150 0.000075 0.000036 0.000017 0.000008 0.000004 0.000002 0.000001 0.000000 0.000000 0.000000 0.000000 0.000000 0.000000 
0.000000 0.000000 0.000000 0.000000 0.000000 0.000000 0.000000 0.000001 0.000002 0.000005 0.000011 0.000023 0.000048 0.000099 0.000198 0.000392 0.000761 0.001451 0.002714 0.004986 0.008992 0.015917 0.027656 0.047162 0.078930 0.129633 0.208921 0.330381 0.512612 0.780330 1.165355 1.707281 2.453552 3.458649 4.782088 6.484970 8.624984 11.249937 14.390176 18.050537 22.202769 26.779549 31.671297 36.726838 41.758628 46.552721 50.882986 54.528385 57.291526 59.016361 59.602800 59.016361 57.291526 54.528385 50.882986 46.552721 41.758628 36.726838 31.671297 26.779549 22.202769 18.050537 14.390176 11.249937 8.624984 6.484970 4.782088 3.458649 2.453552 1.707281 1.165355 0.780330 0.512612 0.330381 0.208921 0.129633 0.078930 0.047162 0.027656 0.015917 0.008992 0.004986 0.002714 0.001451 0.000761 0.000392 0.000198 0.000099 0.000048 0.000023 0.000011 0.000005 0.000002 0.000001 0.000000 0.000000 0.000000 0.000000 0.000000 0.000000 
0.000000 0.000000 0.000000 0.000000 0.000000 0.000000 0.000001 0.000001 0.000003 0.000007 0.000014 0.000030 0.000062 0.000127 0.000256 0.000506 0.000982 0.001871 0.003500 0.006425 0.011580 0.020488 0.035579 0.060642 0.101441 0.166525 0.268256 0.424026 0.657635 1.000692 1.493876 2.187778 3.142990 4.429065 6.121935 8.299515 11.035312 14.390176 18.402629 23.078615 28.381849 34.226216 40.471725 46.925381 53.347868 59.466269 64.992194 69.643797 73.169421 75.370137 76.118361 75.370137 73.169421 69.643797 64.992194 59.466269 53.347868 46.925381 40.471725 34.226216 28.381849 23.078615 18.402629 14.390176 11.035312 8.299515 6.121935 4.429065 3.142990 2.187778 1.493876 1.000692 0.657635 0.424026 0.268256 0.166525 0.101441 0.060642 0.035579 0.020488 0.011580 0.006425 0.003500 0.001871 0.000982 0.000506 0.000256 0.000127 0.000062 0.000030 0.000014 0.000007 0.000003 0.000001 0.000001 0.000000 0.000000 0.000000 0.000000 0.000000 
0.000000 0.000000 0.000000 0.000000 0.000000 0.000000 0.000001 0.000002 0.000004 0.000008 0.000018 0.000038 0.000079 0.000162 0.000325 0.000641 0.001243 0.002366 0.004422 0.008114 0.014617 0.025848 0.044865 0.076434 0.127799 0.209704 0.337671 0.533535 0.827157 1.258182 1.877607 2.748827 3.947743 5.561434 7.684926 10.415672 13.845551 18.050537 23.078615 28.936959 35.579890 42.899383 50.720045 58.800226 66.840404 74.499104 81.415570 87.237295 91.649568 94.403639 95.339983 94.403639 91.649568 87.237295 81.415570 74.499104 66.840404 58.800226 50.720045 42.899383 35.579890 28.936959 23.078615 18.050537 13.845551 10.415672 7.684926 5.561434 3.947743 2.748827 1.877607 1.258182 0.827157 0.533535 0.337671 0.209704 0.127799 0.076434 0.044865 0.025848 0.014617 0.008114 0.004422 0.002366 0.001243 0.000641 0.000325 0.000162 0.000079 0.000038 0.000018 0.000008 0.000004 0.000002 0.000001 0.000000 0.000000 0.000000 0.000000 0.000000 
0.000000 0.000000 0.000000 0.000000 0.000000 0.000000 0.000001 0.000002 0.000005 0.000010 0.000022 0.000047 0.000098 0.000201 0.000403 0.000795 0.001540 0.002931 0.005476 0.010043 0.018082 0.031961 0.055452 0.094430 0.157824 0.258869 0.416678 0.658128 1.019959 1.550928 2.313731 3.386278 4.861806 6.847242 9.459224 12.817306 17.034135 22.202769 28.381849 35.579890 43.740515 52.730850 62.335384 72.257374 82.129143 91.531634 100.022220 107.168456 112.584315 115.964701 117.113965 115.964701 112.584315 107.168456 100.022220 91.531634 82.129143 72.257374 62.335384 52.730850 43.740515 35.579890 28.381849 22.202769 17.034135 12.817306 9.459224 6.847242 4.861806 3.386278 2.313731 1.550928 1.019959 0.658128 0.416678 0.258869 0.157824 0.094430 0.055452 0.031961 0.018082 0.010043 0.005476 0.002931 0.001540 0.000795 0.000403 0.000201 0.000098 0.000047 0.000022 0.000010 0.000005 0.000002 0.000001 0.000000 0.000000 0.000000 0.000000 0.000000 
0.000000 0.000000 0.000000 0.000000 0.000000 0.000000 0.000001 0.000003 0.000006 0.000013 0.000027 0.000057 0.000119 0.000244 0.000490 0.000966 0.001871 0.003558 0.006644 0.012181 0.021923 0.038734 0.067175 0.114349 0.191045 0.313246 0.504029 0.795831 1.232975 1.874264 2.795282 4.089919 5.870501 8.265797 11.416216 15.465613 20.549453 26.779549 34.226216 42.899383 52.730850 63.560349 75.128200 87.077024 98.964171 110.285257 120.507625 129.110948 135.630795 139.700134 141.083607 139.700134 135.630795 129.110948 120.507625 110.285257 98.964171 87.077024 75.128200 63.560349 52.730850 42.899383 34.226216 26.779549 20.549453 15.465613 11.416216 8.265797 5.870501 4.089919 2.795282 1.874264 1.232975 0.795831 0.504029 0.313246 0.191045 0.114349 0.067175 0.038734 0.021923 0.012181 0.006644 0.003558 0.001871 0.000966 0.000490 0.000244 0.000119 0.000057 0.000027 0.000013 0.000006 0.000003 0.000001 0.000000 0.000000 0.000000 0.000000 0.000000 
0.000000 0.000000 0.000000 0.000000 0.000000 0.000001 0.000001 0.000003 0.000007 0.000015 0.000032 0.000068 0.000142 0.000291 0.000583 0.001150 0.002227 0.004233 0.007901 0.014478 0.026048 0.046005 0.079757 0.135720 0.226673 0.371543 0.597648 0.943368 1.461136 2.220488 3.310776 4.842961 6.949745 9.783209 13.509120 18.297248 24.307379 31.671297 40.471725 50.720045 62.335384 75.128200 88.791644 102.903622 116.941492 130.309851 142.380023 152.537967 160.235653 165.040011 166.673352 165.040011 160.235653 152.537967 142.380023 130.309851 116.941492 102.903622 88.791644 75.128200 62.335384 50.720045 40.471725 31.671297 24.307379 18.297248 13.509120 9.783209 6.949745 4.842961 3.310776 2.220488 1.461136 0.943368 0.597648 0.371543 0.226673 0.135720 0.079757 0.046005 0.026048 0.014478 0.007901 0.004233 0.002227 0.001150 0.000583 0.000291 0.000142 0.000068 0.000032 0.000015 0.000007 0.000003 0.000001 0.000001 0.000000 0.000000 0.000000 0.000000 
