0.000000 0.000000 0.000000 0.000000 0.000000 0.000000 0.000000 0.000000 0.000000 0.000000 0.000000 0.000000 0.000000 0.000000 0.000000 0.000000 0.000000 0.000000 0.000000 0.000000 0.000000 0.000000 0.000000 0.000000 0.000000 0.000000 0.000000 0.000000 0.000000 0.000000 0.000000 0.000000 0.000000 0.000000 0.000000 0.000000 0.000000 0.000000 0.000000 0.000000 0.000000 0.000000 0.000000 0.000000 0.000000 0.000000 0.000000 0.000000 0.000000 0.000000 0.000000 0.000000 0.000000 0.000000 0.000000 0.000000 0.000000 0.000000 0.000000 0.000000 0.000000 0.000000 0.000000 0.000000 0.000000 0.000000 0.000000 0.000000 0.000000 0.000000 0.000000 0.000000 0.000000 0.000000 0.000000 0.000000 0.000000 0.000000 0.000000 0.000000 0.000000 0.000000 0.000000 0.000000 0.000000 0.000000 0.000000 0.000000 0.000000 0.000000 0.000000 0.000000 0.000000 0.000000 0.000000 0.000000 0.000000 0.000000 0.000000 0.000000 
0.000000 0.000000 0.000000 0.000000 0.000000 0.000000 0.000000 0.000000 0.000001 0.000001 0.000001 0.000002 0.000003 0.000004 0.000005 0.000008 0.000010 0.000014 0.000019 0.000025 0.000033 0.000043 0.000056 0.000071 0.000091 0.000114 0.000143 0.000177 0.000217 0.000263 0.000317 0.000379 0.000448 0.000525 0.000610 0.000702 0.000801 0.000906 0.001015 0.001126 0.001239 0.001351 0.001460 0.001563 0.001658 0.001743 0.001816 0.001874 0.001918 0.001944 0.001953 0.001944 0.001918 0.001874 0.001816 0.001743 0.001658 0.001563 0.001460 0.001351 0.001239 0.001126 0.001015 0.000906 0.000801 0.000702 0.000610 0.000525 0.000448 0.000379 0.000317 0.000263 0.000217 0.000177 0.000143 0.000114 0.000091 0.000071 0.000056 0.000043 0.000033 0.000025 0.000019 0.000014 0.000010 0.000008 0.000005 0.000004 0.000003 0.000002 0.000001 0.000001 0.000001 0.000000 0.000000 0.000000 0.000000 0.000000 0.000000 0.000000 
0.000000 0.000000 0.000000 0.000000 0.000000 0.000000 0.000001 0.000001 0.000001 0.000002 0.000003 0.000004 0.000006 0.000009 0.000012 0.000016 0.000022 0.000030 0.000041 0.000054 0.000071 0.000093 0.000121 0.000155 0.000197 0.000248 0.000310 0.000384 0.000470 0.000572 0.000689 0.000822 0.000972 0.001140 0.001324 0.001524 0.001738 0.001965 0.002202 0.002444 0.002689 0.002931 0.003167 0.003390 0.003597 0.003781 0.003939 0.004067 0.004160 0.004217 0.004237 0.004217 0.004160 0.004067 0.003939 0.003781 0.003597 0.003390 0.003167 0.002931 0.002689 0.002444 0.002202 0.001965 0.001738 0.001524 0.001324 0.001140 0.000972 0.000822 0.000689 0.000572 0.000470 0.000384 0.000310 0.000248 0.000197 0.000155 0.000121 0.000093 0.000071 0.000054 0.000041 0.000030 0.000022 0.000016 0.000012 0.000009 0.000006 0.000004 0.000003 0.000002 0.000001 0.000001 0.000001 0.000000 0.000000 0.000000 0.000000 0.000000 
0.000000 0.000000 0.000000 0.000000 0.000000 0.000001 0.000001 0.000002 0.000002 0.000004 0.000005 0.000007 0.000010 0.000015 0.000020 0.000028 0.000038 0.000052 0.000070 0.000093 0.000122 0.000159 0.000206 0.000265 0.000336 0.000424 0.000529 0.000655 0.000803 0.000976 0.001175 0.001403 0.001659 0.001945 0.002259 0.002600 0.002966 0.003353 0.003756 0.004170 0.004587 0.005001 0.005402 0.005783 0.006135 0.006450 0.006719 0.006936 0.007096 0.007193 0.007226 0.007193 0.007096 0.006936 0.006719 0.006450 0.006135 0.005783 0.005402 0.005001 0.004587 0.004170 0.003756 0.003353 0.002966 0.002600 0.002259 0.001945 0.001659 0.001403 0.001175 0.000976 0.000803 0.000655 0.000529 0.000424 0.000336 0.000265 0.000206 0.000159 0.000122 0.000093 0.000070 0.000052 0.000038 0.000028 0.000020 0.000015 0.000010 0.000007 0.000005 0.000004 0.000002 0.000002 0.000001 0.000001 0.000000 0.000000 0.000000 0.000000 
0.000000 0.000000 0.000000 0.000000 0.000001 0.000001 0.000002 0.000003 0.000004 0.000006 0.000008 0.000012 0.000017 0.000023 0.000032 0.000044 0.000061 0.000082 0.000110 0.000146 0.000193 0.000252 0.000326 0.000418 0.000531 0.000669 0.000835 0.001033 0.001267 0.001540 0.001854 0.002212 0.002617 0.003067 0.003562 0.004100 0.004676 0.005286 0.005921 0.006572 0.007230 0.007881 0.008514 0.009114 0.009668 0.010163 0.010587 0.010929 0.011181 0.011334 0.011386 0.011334 0.011181 0.010929 0.010587 0.010163 0.009668 0.009114 0.008514 0.007881 0.007230 0.006572 0.005921 0.005286 0.004676 0.004100 0.003562 0.003067 0.002617 0.002212 0.001854 0.001540 0.001267 0.001033 0.000835 0.000669 0.000531 0.000418 0.000326 0.000252 0.000193 0.000146 0.000110 0.000082 0.000061 0.000044 0.000032 0.000023 0.000017 0.000012 0.000008 0.000006 0.000004 0.000003 0.000002 0.000001 0.000001 0.000000 0.000000 0.000000 
0.000000 0.000000 0.000000 0.000001 0.000001 0.000002 0.000003 0.000004 0.000006 0.000009 0.000013 0.000018 0.000025 0.000035 0.000049 0.000068 0.000093 0.000125 0.000168 0.000223 0.000294 0.000384 0.000497 0.000637 0.000810 0.001020 0.001273 0.001575 0.001931 0.002346 0.002824 0.003370 0.003985 0.004670 0.005424 0.006242 0.007120 0.008047 0.009013 0.010005 0.011005 0.011996 0.012958 0.013870 0.014714 0.015467 0.016112 0.016632 0.017014 0.017247 0.017326 0.017247 0.017014 0.016632 0.016112 0.015467 0.014714 0.013870 0.012958 0.011996 0.011005 0.010005 0.009013 0.008047 0.007120 0.006242 0.005424 0.004670 0.003985 0.003370 0.002824 0.002346 0.001931 0.001575 0.001273 0.001020 0.000810 0.000637 0.000497 0.000384 0.000294 0.000223 0.000168 0.000125 0.000093 0.000068 0.000049 0.000035 0.000025 0.000018 0.000013 0.000009 0.000006 0.000004 0.000003 0.000002 0.000001 0.000001 0.000000 0.000000 
0.000000 0.000000 0.000001 0.000001 0.000002 0.000003 0.000004 0.000006 0.000009 0.000013 0.000019 0.000027 0.000038 0.000053 0.000074 0.000102 0.000139 0.000188 0.000252 0.000334 0.000440 0.000575 0.000743 0.000953 0.001211 0.001525 0.001904 0.002355 0.002886 0.003506 0.004222 0.005037 0.005956 0.006979 0.008104 0.009326 0.010636 0.012020 0.013463 0.014942 0.016435 0.017914 0.019350 0.020712 0.021970 0.023094 0.024056 0.024832 0.025402 0.025750 0.025867 0.025750 0.025402 0.024832 0.024056 0.023094 0.021970 0.020712 0.019350 0.017914 0.016435 0.014942 0.013463 0.012020 0.010636 0.009326 0.008104 0.006979 0.005956 0.005037 0.004222 0.003506 0.002886 0.002355 0.001904 0.001525 0.001211 0.000953 0.000743 0.000575 0.000440 0.000334 0.000252 0.000188 0.000139 0.000102 0.000074 0.000053 0.000038 0.000027 0.000019 0.000013 0.000009 0.000006 0.000004 0.000003 0.000002 0.000001 0.000000 0.000000 
0.000000 0.000000 0.000001 0.000002 0.000003 0.000004 0.000006 0.000009 0.000013 0.000019 0.000028 0.000040 0.000056 0.000079 0.000109 0.000150 0.000205 0.000277 0.000372 0.000494 0.000651 0.000849 0.001098 0.001408 0.001789 0.002252 0.002811 0.003476 0.004260 0.005175 0.006229 0.007432 0.008786 0.010294 0.011953 0.013754 0.015685 0.017725 0.019851 0.022031 0.024230 0.026409 0.028524 0.030531 0.032384 0.034040 0.035457 0.036601 0.037440 0.037953 0.038125 0.037953 0.037440 0.036601 0.035457 0.034040 0.032384 0.030531 0.028524 0.026409 0.024230 0.022031 0.019851 0.017725 0.015685 0.013754 0.011953 0.010294 0.008786 0.007432 0.006229 0.005175 0.004260 0.003476 0.002811 0.002252 0.001789 0.001408 0.001098 0.000849 0.000651 0.000494 0.000372 0.000277 0.000205 0.000150 0.000109 0.000079 0.000056 0.000040 0.000028 0.000019 0.000013 0.000009 0.000006 0.000004 0.000003 0.000001 0.000001 0.000000 
0.000000 0.000001 0.000001 0.000002 0.000004 0.000006 0.000009 0.000013 0.000019 0.000028 0.000041 0.000058 0.000082 0.000115 0.000160 0.000220 0.000300 0.000406 0.000544 0.000723 0.000952 0.001242 0.001606 0.002058 0.002614 0.003291 0.004106 0.005078 0.006223 0.007558 0.009097 0.010851 0.012828 0.015028 0.017448 0.020075 0.022891 0.025867 0.028966 0.032146 0.035353 0.038529 0.041613 0.044539 0.047240 0.049654 0.051720 0.053387 0.054610 0.055358 0.055609 0.055358 0.054610 0.053387 0.051720 0.049654 0.047240 0.044539 0.041613 0.038529 0.035353 0.032146 0.028966 0.025867 0.022891 0.020075 0.017448 0.015028 0.012828 0.010851 0.009097 0.007558 0.006223 0.005078 0.004106 0.003291 0.002614 0.002058 0.001606 0.001242 0.000952 0.000723 0.000544 0.000406 0.000300 0.000220 0.000160 0.000115 0.000082 0.000058 0.000041 0.000028 0.000019 0.000013 0.000009 0.000006 0.000004 0.000002 0.000001 0.000000 
0.000000 0.000001 0.000002 0.000004 0.000006 0.000009 0.000013 0.000019 0.000028 0.000041 0.000059 0.000084 0.000119 0.000167 0.000232 0.000319 0.000435 0.000588 0.000789 0.001047 0.001378 0.001798 0.002325 0.002980 0.003785 0.004764 0.005943 0.007348 0.009004 0.010934 0.013159 0.015695 0.018552 0.021733 0.025230 0.029027 0.033095 0.037394 0.041872 0.046464 0.051097 0.055685 0.060139 0.064364 0.068266 0.071751 0.074736 0.077142 0.078909 0.079988 0.080351 0.079988 0.078909 0.077142 0.074736 0.071751 0.068266 0.064364 0.060139 0.055685 0.051097 0.046464 0.041872 0.037394 0.033095 0.029027 0.025230 0.021733 0.018552 0.015695 0.013159 0.010934 0.009004 0.007348 0.005943 0.004764 0.003785 0.002980 0.002325 0.001798 0.001378 0.001047 0.000789 0.000588 0.000435 0.000319 0.000232 0.000167 0.000119 0.000084 0.000059 0.000041 0.000028 0.000019 0.000013 0.000009 0.000005 0.000003 0.000001 0.000000 
0.000000 0.000001 0.000003 0.000005 0.000008 0.000013 0.000019 0.000028 0.000041 0.000059 0.000085 0.000121 0.000171 0.000240 0.000333 0.000458 0.000625 0.000845 0.001132 0.001504 0.001979 0.002581 0.003337 0.004276 0.005430 0.006834 0.008525 0.010539 0.012911 0.015677 0.018865 0.022499 0.026591 0.031146 0.036155 0.041592 0.047417 0.053573 0.059984 0.066559 0.073190 0.079758 0.086133 0.092181 0.097765 0.102753 0.107024 0.110468 0.112996 0.114541 0.115060 0.114541 0.112996 0.110468 0.107024 0.102753 0.097765 0.092181 0.086133 0.079758 0.073190 0.066559 0.059984 0.053573 0.047417 0.041592 0.036155 0.031146 0.026591 0.022499 0.018865 0.015677 0.012911 0.010539 0.008525 0.006834 0.005430 0.004276 0.003337 0.002581 0.001979 0.001504 0.001132 0.000845 0.000625 0.000458 0.000333 0.000240 0.000171 0.000121 0.000085 0.000059 0.000041 0.000028 0.000019 0.000012 0.000008 0.000005 0.000002 0.000000 
0.000000 0.000002 0.000004 0.000007 0.000012 0.000018 0.000027 0.000040 0.000058 0.000084 0.000121 0.000173 0.000244 0.000342 0.000475 0.000653 0.000890 0.001203 0.001612 0.002140 0.002816 0.003673 0.004747 0.006082 0.007722 0.009717 0.012119 0.014980 0.018351 0.022279 0.026807 0.031966 0.037777 0.044244 0.051353 0.059071 0.067339 0.076076 0.085174 0.094503 0.103912 0.113231 0.122276 0.130856 0.138778 0.145855 0.151914 0.156799 0.160385 0.162576 0.163313 0.162576 0.160385 0.156799 0.151914 0.145855 0.138778 0.130856 0.122276 0.113231 0.103912 0.094503 0.085174 0.076076 0.067339 0.059071 0.051353 0.044244 0.037777 0.031966 0.026807 0.022279 0.018351 0.014980 0.012119 0.009717 0.007722 0.006082 0.004747 0.003673 0.002816 0.002140 0.001612 0.001203 0.000890 0.000653 0.000475 0.000342 0.000244 0.000173 0.000121 0.000084 0.000058 0.000040 0.000027 0.000018 0.000011 0.000007 0.000003 0.000000 
0.000000 0.000003 0.000006 0.000010 0.000017 0.000025 0.000038 0.000056 0.000082 0.000119 0.000171 0.000244 0.000345 0.000483 0.000670 0.000922 0.001257 0.001698 0.002274 0.003019 0.003972 0.005179 0.006693 0.008574 0.010885 0.013695 0.017078 0.021107 0.025853 0.031384 0.037757 0.045019 0.053197 0.062298 0.072303 0.083162 0.094794 0.107085 0.119883 0.133006 0.146241 0.159347 0.172068 0.184134 0.195275 0.205227 0.213746 0.220616 0.225658 0.228739 0.229775 0.228739 0.225658 0.220616 0.213746 0.205227 0.195275 0.184134 0.172068 0.159347 0.146241 0.133006 0.119883 0.107085 0.094794 0.083162 0.072303 0.062298 0.053197 0.045019 0.037757 0.031384 0.025853 0.021107 0.017078 0.013695 0.010885 0.008574 0.006693 0.005179 0.003972 0.003019 0.002274 0.001698 0.001257 0.000922 0.000670 0.000483 0.000345 0.000244 0.000171 0.000119 0.000082 0.000056 0.000038 0.000025 0.000016 0.000009 0.000004 0.000000 
0.000000 0.000004 0.000009 0.000015 0.000023 0.000035 0.000053 0.000079 0.000115 0.000167 0.000240 0.000342 0.000483 0.000676 0.000938 0.001290 0.001758 0.002375 0.003180 0.004221 0.005552 0.007239 0.009355 0.011981 0.015208 0.019132 0.023855 0.029479 0.036103 0.043822 0.052715 0.062847 0.074257 0.086953 0.100908 0.116054 0.132278 0.149417 0.167264 0.185562 0.204014 0.222288 0.240022 0.256844 0.272374 0.286247 0.298122 0.307699 0.314727 0.319021 0.320465 0.319021 0.314727 0.307699 0.298122 0.286247 0.272374 0.256844 0.240022 0.222288 0.204014 0.185562 0.167264 0.149417 0.132278 0.116054 0.100908 0.086953 0.074257 0.062847 0.052715 0.043822 0.036103 0.029479 0.023855 0.019132 0.015208 0.011981 0.009355 0.007239 0.005552 0.004221 0.003180 0.002375 0.001758 0.001290 0.000938 0.000676 0.000483 0.000342 0.000240 0.000167 0.000115 0.000078 0.000053 0.000035 0.000022 0.000013 0.000006 0.000000 
0.000000 0.000005 0.000012 0.000020 0.000032 0.000049 0.000074 0.000109 0.000160 0.000232 0.000333 0.000475 0.000670 0.000938 0.001301 0.001789 0.002438 0.003293 0.004409 0.005850 0.007694 0.010030 0.012959 0.016595 0.021062 0.026493 0.033029 0.040811 0.049976 0.060654 0.072956 0.086970 0.102749 0.120305 0.139601 0.160542 0.182970 0.206664 0.231333 0.256626 0.282129 0.307384 0.331893 0.355139 0.376600 0.395771 0.412180 0.425413 0.435124 0.441057 0.443053 0.441057 0.435124 0.425413 0.412180 0.395771 0.376600 0.355139 0.331893 0.307384 0.282129 0.256626 0.231333 0.206664 0.182970 0.160542 0.139601 0.120305 0.102749 0.086970 0.072956 0.060654 0.049976 0.040811 0.033029 0.026493 0.021062 0.016595 0.012959 0.010030 0.007694 0.005850 0.004409 0.003293 0.002438 0.001789 0.001301 0.000938 0.000670 0.000475 0.000333 0.000232 0.000160 0.000109 0.000073 0.000048 0.000031 0.000018 0.000008 0.000000 
0.000000 0.000008 0.000016 0.000028 0.000044 0.000068 0.000102 0.000150 0.000220 0.000319 0.000458 0.000653 0.000922 0.001290 0.001789 0.002459 0.003351 0.004525 0.006057 0.008037 0.010569 0.013775 0.017795 0.022784 0.028914 0.036365 0.045331 0.056004 0.068574 0.083216 0.100084 0.119297 0.140929 0.164994 0.191442 0.220142 0.250879 0.283347 0.317150 0.351805 0.386747 0.421346 0.454923 0.486768 0.516166 0.542426 0.564903 0.583029 0.596331 0.604457 0.607191 0.604457 0.596331 0.583029 0.564903 0.542426 0.516166 0.486768 0.454923 0.421346 0.386747 0.351805 0.317150 0.283347 0.250879 0.220142 0.191442 0.164994 0.140929 0.119297 0.100084 0.083216 0.068574 0.056004 0.045331 0.036365 0.028914 0.022784 0.017795 0.013775 0.010569 0.008037 0.006057 0.004525 0.003351 0.002459 0.001789 0.001290 0.000922 0.000653 0.000458 0.000319 0.000220 0.000150 0.000101 0.000067 0.000042 0.000025 0.000012 0.000000 
0.000000 0.000010 0.000022 0.000038 0.000061 0.000093 0.000139 0.000205 0.000300 0.000435 0.000625 0.000890 0.001257 0.001758 0.002438 0.003351 0.004565 0.006164 0.008249 0.010943 0.014389 0.018752 0.024221 0.031008 0.039344 0.049478 0.061669 0.076180 0.093268 0.113172 0.136098 0.162209 0.191604 0.224304 0.260238 0.299229 0.340984 0.385088 0.431002 0.478070 0.525526 0.572515 0.618112 0.661356 0.701276 0.736934 0.767454 0.792065 0.810126 0.821160 0.824872 0.821160 0.810126 0.792065 0.767454 0.736934 0.701276 0.661356 0.618112 0.572515 0.525526 0.478070 0.431002 0.385088 0.340984 0.299229 0.260238 0.224304 0.191604 0.162209 0.136098 0.113172 0.093268 0.076180 0.061669 0.049478 0.039344 0.031008 0.024221 0.018752 0.014389 0.010943 0.008249 0.006164 0.004565 0.003351 0.002438 0.001758 0.001257 0.000890 0.000625 0.000435 0.000300 0.000204 0.000138 0.000091 0.000058 0.000034 0.000016 0.000000 
0.000000 0.000014 0.000030 0.000052 0.000082 0.000125 0.000188 0.000277 0.000406 0.000588 0.000845 0.001203 0.001698 0.002375 0.003293 0.004525 0.006164 0.008322 0.011136 0.014770 0.019418 0.025302 0.032677 0.041828 0.053067 0.066728 0.083159 0.102716 0.125742 0.152560 0.183448 0.218624 0.258219 0.302262 0.350658 0.403167 0.459394 0.518781 0.580601 0.643971 0.707860 0.771116 0.832498 0.890708 0.944443 0.992439 1.033520 1.066645 1.090954 1.105805 1.110800 1.105805 1.090954 1.066645 1.033520 0.992439 0.944443 0.890708 0.832498 0.771116 0.707860 0.643971 0.580601 0.518781 0.459394 0.403167 0.350658 0.302262 0.258219 0.218624 0.183448 0.152560 0.125742 0.102716 0.083159 0.066728 0.053067 0.041828 0.032677 0.025302 0.019418 0.014770 0.011136 0.008322 0.006164 0.004525 0.003293 0.002375 0.001698 0.001203 0.000845 0.000588 0.000405 0.000277 0.000186 0.000123 0.000078 0.000046 0.000021 0.000000 
0.000000 0.000019 0.000041 0.000070 0.000110 0.000168 0.000252 0.000372 0.000544 0.000789 0.001132 0.001612 0.002274 0.003180 0.004409 0.006057 0.008249 0.011136 0.014900 0.019760 0.025974 0.033840 0.043698 0.055929 0.070947 0.089200 0.111153 0.137278 0.168035 0.203853 0.245103 0.292073 0.344942 0.403745 0.468354 0.538449 0.613502 0.692767 0.775275 0.859847 0.945108 1.029521 1.111427 1.189100 1.260799 1.324839 1.379649 1.423845 1.456279 1.476093 1.482757 1.476093 1.456279 1.423845 1.379649 1.324839 1.260799 1.189100 1.111427 1.029521 0.945108 0.859847 0.775275 0.692767 0.613502 0.538449 0.468354 0.403745 0.344942 0.292073 0.245103 0.203853 0.168035 0.137278 0.111153 0.089200 0.070947 0.055929 0.043698 0.033840 0.025974 0.019760 0.014900 0.011136 0.008249 0.006057 0.004409 0.003180 0.002274 0.001612 0.001132 0.000788 0.000543 0.000371 0.000250 0.000165 0.000105 0.000062 0.000029 0.000000 
0.000000 0.000025 0.000054 0.000093 0.000146 0.000223 0.000334 0.000494 0.000723 0.001047 0.001504 0.002140 0.003019 0.004221 0.005850 0.008037 0.010943 0.014770 0.019760 0.026202 0.034437 0.044860 0.057921 0.074123 0.094017 0.118191 0.147263 0.181856 0.222579 0.269997 0.324602 0.386774 0.456746 0.534567 0.620065 0.712816 0.812121 0.916992 1.026149 1.138029 1.250816 1.362475 1.470815 1.573551 1.668383 1.753081 1.825573 1.884023 1.926918 1.953122 1.961936 1.953122 1.926918 1.884023 1.825573 1.753081 1.668383 1.573551 1.470815 1.362475 1.250816 1.138029 1.026149 0.916992 0.812121 0.712816 0.620065 0.534567 0.456746 0.386774 0.324602 0.269997 0.222579 0.181856 0.147263 0.118191 0.094017 0.074123 0.057921 0.044860 0.034437 0.026202 0.019760 0.014770 0.010943 0.008037 0.005850 0.004221 0.003019 0.002140 0.001503 0.001047 0.000722 0.000492 0.000332 0.000219 0.000140 0.000082 0.000038 0.000000 
0.000000 0.000033 0.000071 0.000122 0.000193 0.000294 0.000440 0.000651 0.000952 0.001378 0.001979 0.002816 0.003972 0.005552 0.007694 0.010569 0.014389 0.019418 0.025974 0.034437 0.045254 0.058944 0.076097 0.097371 0.123490 0.155226 0.193387 0.238790 0.292233 0.354458 0.426107 0.507678 0.599475 0.701562 0.813710 0.935364 1.065607 1.203141 1.346288 1.492998 1.640889 1.787297 1.929346 2.064043 2.188374 2.299416 2.394452 2.471079 2.527312 2.561665 2.573219 2.561665 2.527312 2.471079 2.394452 2.299416 2.188374 2.064043 1.929346 1.787297 1.640889 1.492998 1.346288 1.203141 1.065607 0.935364 0.813710 0.701562 0.599475 0.507678 0.426107 0.354458 0.292233 0.238790 0.193387 0.155226 0.123490 0.097371 0.076097 0.058944 0.045254 0.034437 0.025974 0.019418 0.014389 0.010569 0.007694 0.005552 0.003972 0.002816 0.001979 0.001378 0.000950 0.000648 0.000437 0.000289 0.000184 0.000108 0.000050 0.000000 
0.000000 0.000043 0.000093 0.000159 0.000252 0.000384 0.000575 0.000849 0.001242 0.001798 0.002581 0.003673 0.005179 0.007239 0.010030 0.013775 0.018752 0.025302 0.033840 0.044860 0.058944 0.076766 0.099093 0.126782 0.160772 0.202068 0.251719 0.310787 0.380308 0.461245 0.554431 0.660514 0.779887 0.912629 1.058445 1.216609 1.385928 1.564717 1.750791 1.941488 2.133712 2.323998 2.508614 2.683668 2.845245 2.989549 3.113050 3.212627 3.285700 3.330341 3.345355 3.330341 3.285700 3.212627 3.113050 2.989549 2.845245 2.683668 2.508614 2.323998 2.133712 1.941488 1.750791 1.564717 1.385928 1.216609 1.058445 0.912629 0.779887 0.660514 0.554431 0.461245 0.380308 0.310787 0.251719 0.202068 0.160772 0.126782 0.099093 0.076766 0.058944 0.044860 0.033840 0.025302 0.018752 0.013775 0.010030 0.007239 0.005179 0.003672 0.002581 0.001797 0.001240 0.000846 0.000570 0.000377 0.000240 0.000141 0.000065 0.000000 
0.000000 0.000056 0.000121 0.000206 0.000326 0.000497 0.000743 0.001098 0.001606 0.002325 0.003337 0.004747 0.006693 0.009355 0.012959 0.017795 0.024221 0.032677 0.043698 0.057921 0.076097 0.099093 0.127899 0.163619 0.207462 0.260724 0.324755 0.400924 0.490564 0.594914 0.715047 0.851794 1.005661 1.176749 1.364674 1.568500 1.786688 2.017066 2.256818 2.502516 2.750168 2.995316 3.233149 3.458657 3.666798 3.852683 4.011767 4.140033 4.234158 4.291658 4.310998 4.291658 4.234158 4.140033 4.011767 3.852683 3.666798 3.458657 3.233149 2.995316 2.750168 2.502516 2.256818 2.017066 1.786688 1.568500 1.364674 1.176749 1.005661 0.851794 0.715047 0.594914 0.490564 0.400924 0.324755 0.260724 0.207462 0.163619 0.127899 0.099093 0.076097 0.057921 0.043698 0.032677 0.024221 0.017795 0.012959 0.009354 0.006693 0.004747 0.003336 0.002324 0.001603 0.001095 0.000737 0.000487 0.000311 0.000183 0.000085 0.000000 
0.000000 0.000071 0.000155 0.000265 0.000418 0.000637 0.000953 0.001408 0.002058 0.002980 0.004276 0.006082 0.008574 0.011981 0.016595 0.022784 0.031008 0.041828 0.055929 0.074123 0.097371 0.126782 0.163619 0.209292 0.265347 0.333436 0.415286 0.512641 0.627204 0.760555 0.914063 1.088788 1.285373 1.503943 1.744008 2.004369 2.283061 2.577305 2.883508 3.197289 3.513553 3.826606 4.130308 4.418262 4.684032 4.921379 5.124502 5.288272 5.408449 5.481864 5.506557 5.481864 5.408449 5.288272 5.124502 4.921379 4.684032 4.418262 4.130308 3.826606 3.513553 3.197289 2.883508 2.577305 2.283061 2.004369 1.744008 1.503943 1.285373 1.088788 0.914063 0.760555 0.627204 0.512641 0.415286 0.333436 0.265347 0.209292 0.163619 0.126782 0.097371 0.074123 0.055929 0.041828 0.031008 0.022784 0.016595 0.011981 0.008573 0.006081 0.004275 0.002978 0.002055 0.001403 0.000946 0.000625 0.000399 0.000235 0.000108 0.000000 
0.000000 0.000091 0.000197 0.000336 0.000531 0.000810 0.001211 0.001789 0.002614 0.003785 0.005430 0.007722 0.010885 0.015208 0.021062 0.028914 0.039344 0.053067 0.070947 0.094017 0.123490 0.160772 0.207462 0.265347 0.336381 0.422658 0.526361 0.649698 0.794822 0.963733 1.158161 1.379444 1.628395 1.905170 2.209142 2.538795 2.891636 3.264149 3.651782 4.048990 4.449325 4.845581 5.229987 5.594449 5.930825 6.231220 6.488294 6.695560 6.847654 6.940566 6.971816 6.940566 6.847654 6.695560 6.488294 6.231220 5.930825 5.594449 5.229987 4.845581 4.449325 4.048990 3.651782 3.264149 2.891636 2.538795 2.209142 1.905170 1.628395 1.379444 1.158161 0.963733 0.794822 0.649698 0.526361 0.422658 0.336381 0.265347 0.207462 0.160772 0.123490 0.094017 0.070947 0.053067 0.039344 0.028914 0.021062 0.015207 0.010884 0.007721 0.005429 0.003783 0.002611 0.001783 0.001201 0.000794 0.000507 0.000298 0.000138 0.000000 
0.000000 0.000114 0.000248 0.000424 0.000669 0.001020 0.001525 0.002252 0.003291 0.004764 0.006834 0.009717 0.013695 0.019132 0.026493 0.036365 0.049478 0.066728 0.089200 0.118191 0.155226 0.202068 0.260724 0.333436 0.422658 0.531015 0.661245 0.816119 0.998337 1.210403 1.454488 1.732266 2.044754 2.392144 2.773648 3.187359 3.630146 4.097596 4.583998 5.082392 5.584690 6.081852 6.564130 7.021374 7.443370 7.820218 8.142715 8.402725 8.593520 8.710072 8.749274 8.710072 8.593520 8.402725 8.142715 7.820218 7.443370 7.021374 6.564130 6.081852 5.584690 5.082392 4.583998 4.097596 3.630146 3.187359 2.773648 2.392144 2.044754 1.732266 1.454488 1.210403 0.998337 0.816119 0.661245 0.531015 0.422658 0.333436 0.260724 0.202068 0.155226 0.118191 0.089200 0.066728 0.049478 0.036365 0.026493 0.019132 0.013695 0.009716 0.006833 0.004761 0.003286 0.002245 0.001513 0.001000 0.000638 0.000376 0.000174 0.000000 
0.000000 0.000143 0.000310 0.000529 0.000835 0.001273 0.001904 0.002811 0.004106 0.005943 0.008525 0.012119 0.017078 0.023855 0.033029 0.045331 0.061669 0.083159 0.111153 0.147263 0.193387 0.251719 0.324755 0.415286 0.526361 0.661245 0.823344 1.016101 1.242872 1.506770 1.810489 2.156111 2.544894 2.977073 3.451664 3.966292 4.517061 5.098478 5.703439 6.323291 6.947974 7.566248 8.165994 8.734591 9.259345 9.727947 10.128958 10.452263 10.689502 10.834426 10.883169 10.834426 10.689502 10.452263 10.128958 9.727947 9.259345 8.734591 8.165994 7.566248 6.947974 6.323291 5.703439 5.098478 4.517061 3.966292 3.451664 2.977073 2.544894 2.156111 1.810489 1.506770 1.242872 1.016101 0.823344 0.661245 0.526361 0.415286 0.324755 0.251719 0.193387 0.147263 0.111153 0.083159 0.061669 0.045331 0.033029 0.023855 0.017077 0.012118 0.008523 0.005940 0.004101 0.002801 0.001888 0.001248 0.000797 0.000469 0.000217 0.000000 
0.000000 0.000177 0.000384 0.000655 0.001033 0.001575 0.002355 0.003476 0.005078 0.007348 0.010539 0.014980 0.021107 0.029479 0.040811 0.056004 0.076180 0.102716 0.137278 0.181856 0.238790 0.310787 0.400924 0.512641 0.649698 0.816119 1.016101 1.253887 1.533612 1.859109 2.233696 2.659934 3.139371 3.672291 4.257476 4.891993 5.571037 6.287834 7.033624 7.797741 8.567786 9.329903 10.069161 10.770005 11.416793 11.994360 12.488610 12.887081 13.179474 13.358089 13.418164 13.358089 13.179474 12.887081 12.488610 11.994360 11.416793 10.770005 10.069161 9.329903 8.567786 7.797741 7.033624 6.287834 5.571037 4.891993 4.257476 3.672291 3.139371 2.659934 2.233696 1.859109 1.533612 1.253887 1.016101 0.816119 0.649698 0.512641 0.400924 0.310787 0.238790 0.181856 0.137278 0.102716 0.076180 0.056004 0.040810 0.029478 0.021106 0.014978 0.010536 0.007344 0.005070 0.003464 0.002336 0.001544 0.000985 0.000580 0.000268 0.000000 
0.000000 0.000217 0.000470 0.000803 0.001267 0.001931 0.002886 0.004260 0.006223 0.009004 0.012911 0.018351 0.025853 0.036103 0.049976 0.068574 0.093268 0.125742 0.168035 0.222579 0.292233 0.380308 0.490564 0.627204 0.794822 0.998337 1.242872 1.533612 1.875603 2.273529 2.731438 3.252453 3.838461 4.489804 5.204985 5.980419 6.810228 7.686133 8.597429 9.531083 10.471947 11.403095 12.306287 13.162526 13.952705 14.658303 15.262105 15.748893 16.106089 16.324287 16.397676 16.324287 16.106089 15.748893 15.262105 14.658303 13.952705 13.162526 12.306287 11.403095 10.471947 9.531083 8.597429 7.686133 6.810228 5.980419 5.204985 4.489804 3.838461 3.252453 2.731438 2.273529 1.875603 1.533612 1.242872 0.998337 0.794822 0.627204 0.490564 0.380308 0.292233 0.222579 0.168035 0.125742 0.093268 0.068574 0.049976 0.036102 0.025852 0.018349 0.012908 0.008999 0.006214 0.004246 0.002863 0.001893 0.001208 0.000712 0.000329 0.000000 
0.000000 0.000263 0.000572 0.000976 0.001540 0.002346 0.003506 0.005175 0.007558 0.010934 0.015677 0.022279 0.031384 0.043822 0.060654 0.083216 0.113172 0.152560 0.203853 0.269997 0.354458 0.461245 0.594914 0.760555 0.963733 1.210403 1.506770 1.859109 2.273529 2.755698 3.310513 3.941750 4.651688 5.440734 6.307071 7.246348 8.251445 9.312328 10.416034 11.546777 12.686211 13.813847 14.907596 15.944461 16.901309 17.755721 18.486856 19.076294 19.508808 19.773014 19.861877 19.773014 19.508808 19.076294 18.486856 17.755721 16.901309 15.944461 14.907596 13.813847 12.686211 11.546777 10.416034 9.312328 8.251445 7.246348 6.307071 5.440734 4.651688 3.941750 3.310513 2.755698 2.273529 1.859109 1.506770 1.210403 0.963733 0.760555 0.594914 0.461245 0.354458 0.269997 0.203853 0.152560 0.113171 0.083216 0.060653 0.043821 0.031382 0.022277 0.015673 0.010928 0.007547 0.005157 0.003478 0.002300 0.001468 0.000865 0.000400 0.000000 
0.000000 0.000317 0.000689 0.001175 0.001854 0.002824 0.004222 0.006229 0.009097 0.013159 0.018865 0.026807 0.037757 0.052715 0.072956 0.100084 0.136098 0.183448 0.245103 0.324602 0.426107 0.554431 0.715047 0.914063 1.158161 1.454488 1.810489 2.233696 2.731438 3.310513 3.976793 4.734805 5.587276 6.534689 7.574854 8.702541 9.909198 11.182777 12.507713 13.865058 15.232794 16.586326 17.899149 19.143665 20.292117 21.317601 22.195114 22.902552 23.421646 23.738740 23.845390 23.738740 23.421646 22.902552 22.195114 21.317601 20.292117 19.143665 17.899149 16.586326 15.232794 13.865058 12.507713 11.182777 9.909198 8.702541 7.574854 6.534689 5.587276 4.734805 3.976793 3.310513 2.731438 2.233696 1.810489 1.454488 1.158161 0.914063 0.715047 0.554431 0.426107 0.324602 0.245103 0.183448 0.136098 0.100084 0.072955 0.052714 0.037755 0.026804 0.018860 0.013151 0.009083 0.006208 0.004187 0.002770 0.001768 0.001041 0.000481 0.000000 
0.000000 0.000379 0.000822 0.001403 0.002212 0.003370 0.005037 0.007432 0.010851 0.015695 0.022499 0.031966 0.045019 0.062847 0.086970 0.119297 0.162209 0.218624 0.292073 0.386774 0.507678 0.660514 0.851794 1.088788 1.379444 1.732266 2.156111 2.659934 3.252453 3.941750 4.734805 5.636995 6.651559 7.779061 9.016886 10.358807 11.794639 13.310045 14.886503 16.501468 18.128746 19.739081 21.300945 22.781510 24.147763 25.367710 26.411609 27.253176 27.870685 28.247894 28.374763 28.247894 27.870685 27.253176 26.411609 25.367710 24.147763 22.781510 21.300945 19.739081 18.128746 16.501468 14.886503 13.310045 11.794639 10.358807 9.016886 7.779061 6.651559 5.636995 4.734805 3.941750 3.252453 2.659934 2.156111 1.732266 1.379444 1.088788 0.851794 0.660514 0.507678 0.386774 0.292073 0.218623 0.162209 0.119297 0.086969 0.062846 0.045017 0.031962 0.022493 0.015686 0.010835 0.007406 0.004996 0.003305 0.002110 0.001243 0.000575 0.000000 
0.000000 0.000448 0.000972 0.001659 0.002617 0.003985 0.005956 0.008786 0.012828 0.018552 0.026591 0.037777 0.053197 0.074257 0.102749 0.140929 0.191604 0.258219 0.344942 0.456746 0.599475 0.779887 1.005661 1.285373 1.628395 2.044754 2.544894 3.139371 3.838461 4.651688 5.587276 6.651559 7.848345 9.178290 10.638302 12.221027 13.914450 15.701656 17.560800 19.465297 21.384258 23.283189 25.124918 26.870744 28.481749 29.920214 31.151081 32.143369 32.871463 33.316222 33.465810 33.316222 32.871463 32.143369 31.151081 29.920214 28.481749 26.870744 25.124918 23.283189 21.384258 19.465297 17.560800 15.701656 13.914450 12.221027 10.638302 9.178290 7.848345 6.651559 5.587276 4.651688 3.838461 3.139371 2.544894 2.044754 1.628395 1.285373 1.005661 0.779887 0.599475 0.456746 0.344942 0.258219 0.191604 0.140928 0.102748 0.074256 0.053194 0.037772 0.026584 0.018541 0.012809 0.008756 0.005907 0.003908 0.002495 0.001470 0.000680 0.000000 
0.000000 0.000525 0.001140 0.001945 0.003067 0.004670 0.006979 0.010294 0.015028 0.021733 0.031146 0.044244 0.062298 0.086953 0.120305 0.164994 0.224304 0.302262 0.403745 0.534567 0.701562 0.912629 1.176749 1.503943 1.905170 2.392144 2.977073 3.672291 4.489804 5.440734 6.534689 7.779061 9.178290 10.733133 12.439966 14.290183 16.269732 18.358838 20.531965 22.758035 25.000952 27.220401 29.372945 31.413360 33.296171 34.977307 36.415806 37.575467 38.426367 38.946139 39.120956 38.946139 38.426367 37.575467 36.415806 34.977307 33.296171 31.413360 29.372945 27.220401 25.000952 22.758035 20.531965 18.358838 16.269732 14.290183 12.439966 10.733133 9.178290 7.779061 6.534689 5.440734 4.489804 3.672291 2.977073 2.392144 1.905170 1.503943 1.176749 0.912629 0.701562 0.534567 0.403745 0.302262 0.224303 0.164994 0.120304 0.086951 0.062295 0.044239 0.031138 0.021719 0.015006 0.010259 0.006922 0.004580 0.002924 0.001723 0.000797 0.000000 
0.000000 0.000610 0.001324 0.002259 0.003562 0.005424 0.008104 0.011953 0.017448 0.025230 0.036155 0.051353 0.072303 0.100908 0.139601 0.191442 0.260238 0.350658 0.468354 0.620065 0.813710 1.058445 1.364674 1.744008 2.209142 2.773648 3.451664 4.257476 5.204985 6.307071 7.574854 9.016886 10.638302 12.439966 14.417668 16.561429 18.854959 21.275345 23.792996 26.371913 28.970279 31.541397 34.034957 36.398581 38.579598 40.526971 42.193262 43.536547 44.522174 45.124241 45.326736 45.124241 44.522174 43.536547 42.193262 40.526971 38.579598 36.398581 34.034957 31.541397 28.970279 26.371913 23.792996 21.275345 18.854959 16.561429 14.417668 12.439966 10.638302 9.016886 7.574854 6.307071 5.204985 4.257476 3.451664 2.773648 2.209142 1.744008 1.364674 1.058445 0.813710 0.620065 0.468354 0.350658 0.260237 0.191441 0.139600 0.100906 0.072299 0.051348 0.036145 0.025214 0.017422 0.011912 0.008038 0.005319 0.003396 0.002001 0.000925 0.000000 
0.000000 0.000702 0.001524 0.002600 0.004100 0.006242 0.009326 0.013754 0.020075 0.029027 0.041592 0.059071 0.083162 0.116054 0.160542 0.220142 0.299229 0.403167 0.538449 0.712816 0.935364 1.216609 1.568500 2.004369 2.538795 3.187359 3.966292 4.891993 5.980419 7.246348 8.702541 10.358807 12.221027 14.290183 16.561429 19.023294 21.657064 24.436422 27.327390 30.288628 33.272126 36.224273 39.087311 41.801111 44.305213 46.541030 48.454109 49.996331 51.127917 51.819141 52.051622 51.819141 51.127917 49.996331 48.454109 46.541030 44.305213 41.801111 39.087311 36.224273 33.272126 30.288628 27.327390 24.436422 21.657064 19.023294 16.561429 14.290183 12.221027 10.358807 8.702541 7.246348 5.980419 4.891993 3.966292 3.187359 2.538795 2.004369 1.568500 1.216609 0.935364 0.712816 0.538448 0.403167 0.299228 0.220141 0.160540 0.116052 0.083158 0.059065 0.041581 0.029008 0.020046 0.013707 0.009250 0.006121 0.003909 0.002303 0.001065 0.000000 
0.000000 0.000801 0.001738 0.002966 0.004676 0.007120 0.010636 0.015685 0.022891 0.033095 0.047417 0.067339 0.094794 0.132278 0.182970 0.250879 0.340984 0.459394 0.613502 0.812121 1.065607 1.385928 1.786688 2.283061 2.891636 3.630146 4.517061 5.571037 6.810228 8.251445 9.909198 11.794639 13.914450 16.269732 18.854959 21.657064 24.654740 27.818028 31.108254 34.478372 37.873746 41.233372 44.491528 47.579799 50.429396 52.973659 55.150639 56.905589 58.193254 58.979814 59.244360 58.979814 58.193254 56.905589 55.150639 52.973659 50.429396 47.579799 44.491528 41.233372 37.873746 34.478372 31.108254 27.818028 24.654740 21.657064 18.854959 16.269732 13.914450 11.794639 9.909198 8.251445 6.810228 5.571037 4.517061 3.630146 2.891636 2.283061 1.786688 1.385928 1.065607 0.812121 0.613502 0.459394 0.340983 0.250878 0.182969 0.132275 0.094790 0.067332 0.047405 0.033074 0.022857 0.015630 0.010549 0.006981 0.004459 0.002627 0.001215 0.000000 
0.000000 0.000906 0.001965 0.003353 0.005286 0.008047 0.012020 0.017725 0.025867 0.037394 0.053573 0.076076 0.107085 0.149417 0.206664 0.283347 0.385088 0.518781 0.692767 0.916992 1.203141 1.564717 2.017066 2.577305 3.264149 4.097596 5.098478 6.287834 7.686133 9.312328 11.182777 13.310045 15.701656 18.358838 21.275345 24.436422 27.818028 31.386360 35.097792 38.899255 42.729126 46.518600 50.193559 53.676846 56.890887 59.760512 62.215861 64.195199 65.647498 66.534620 66.832987 66.534620 65.647498 64.195199 62.215861 59.760512 56.890887 53.676846 50.193559 46.518600 42.729126 38.899255 35.097792 31.386360 27.818028 24.436422 21.275345 18.358838 15.701656 13.310045 11.182777 9.312328 7.686133 6.287834 5.098478 4.097596 3.264149 2.577305 2.017066 1.564717 1.203141 0.916992 0.692766 0.518780 0.385087 0.283346 0.206662 0.149414 0.107080 0.076067 0.053559 0.037371 0.025829 0.017664 0.011922 0.007891 0.005040 0.002970 0.001373 0.000000 
0.000000 0.001015 0.002202 0.003756 0.005921 0.009013 0.013463 0.019851 0.028966 0.041872 0.059984 0.085174 0.119883 0.167264 0.231333 0.317150 0.431002 0.580601 0.775275 1.026149 1.346288 1.750791 2.256818 2.883508 3.651782 4.583998 5.703439 7.033624 8.597429 10.416034 12.507713 14.886503 17.560800 20.531965 23.792996 27.327390 31.108254 35.097792 39.247224 43.497222 47.778895 52.015331 56.123678 60.017694 63.610671 66.818592 69.563373 71.776016 73.399489 74.391168 74.724700 74.391168 73.399489 71.776016 69.563373 66.818592 63.610671 60.017694 56.123678 52.015331 47.778895 43.497222 39.247224 35.097792 31.108254 27.327390 23.792996 20.531965 17.560800 14.886503 12.507713 10.416034 8.597429 7.033624 5.703439 4.583998 3.651782 2.883508 2.256818 1.750791 1.346287 1.026149 0.775275 0.580600 0.431002 0.317149 0.231331 0.167260 0.119877 0.085164 0.059968 0.041846 0.028924 0.019782 0.013352 0.008838 0.005645 0.003327 0.001539 0.000000 
0.000000 0.001126 0.002444 0.004170 0.006572 0.010005 0.014942 0.022031 0.032146 0.046464 0.066559 0.094503 0.133006 0.185562 0.256626 0.351805 0.478070 0.643971 0.859847 1.138029 1.492998 1.941488 2.502516 3.197289 4.048990 5.082392 6.323291 7.797741 9.531083 11.546777 13.865058 16.501468 19.465297 22.758035 26.371913 30.288628 34.478372 38.899255 43.497222 48.206533 52.950856 57.644977 62.197104 66.511692 70.492681 74.046996 77.088136 79.539666 81.338408 82.437143 82.806681 82.437143 81.338408 79.539666 77.088136 74.046996 70.492681 66.511692 62.197104 57.644977 52.950856 48.206533 43.497222 38.899255 34.478372 30.288628 26.371913 22.758035 19.465297 16.501468 13.865058 11.546777 9.531083 7.797741 6.323291 5.082392 4.048990 3.197289 2.502516 1.941488 1.492998 1.138029 0.859847 0.643970 0.478069 0.351803 0.256623 0.185558 0.133000 0.094492 0.066541 0.046435 0.032098 0.021954 0.014819 0.009810 0.006266 0.003693 0.001708 0.000000 
0.000000 0.001239 0.002689 0.004587 0.007230 0.011005 0.016435 0.024230 0.035353 0.051097 0.073190 0.103912 0.146241 0.204014 0.282129 0.386747 0.525526 0.707860 0.945108 1.250816 1.640889 2.133712 2.750168 3.513553 4.449325 5.584690 6.947974 8.567786 10.471947 12.686211 15.232794 18.128746 21.384258 25.000952 28.970279 33.272126 37.873746 42.729126 47.778895 52.950856 58.161184 63.316300 68.315411 73.053601 77.425394 81.328591 84.668217 87.360348 89.335614 90.542174 90.947975 90.542174 89.335614 87.360348 84.668217 81.328591 77.425394 73.053601 68.315411 63.316300 58.161184 52.950856 47.778895 42.729126 37.873746 33.272126 28.970279 25.000952 21.384258 18.128746 15.232794 12.686211 10.471947 8.567786 6.947974 5.584690 4.449325 3.513553 2.750168 2.133712 1.640889 1.250815 0.945108 0.707859 0.525525 0.386745 0.282127 0.204010 0.146233 0.103901 0.073170 0.051064 0.035300 0.024146 0.016300 0.010790 0.006893 0.004063 0.001879 0.000000 
0.000000 0.001351 0.002931 0.005001 0.007881 0.011996 0.017914 0.026409 0.038529 0.055685 0.079758 0.113231 0.159347 0.222288 0.307384 0.421346 0.572515 0.771116 1.029521 1.362475 1.787297 2.323998 2.995316 3.826606 4.845581 6.081852 7.566248 9.329903 11.403095 13.813847 16.586326 19.739081 23.283189 27.220401 31.541397 36.224273 41.233372 46.518600 52.015331 57.644977 63.316300 68.927452 74.368730 79.525954 84.284331 88.532642 92.167528 95.097656 97.247537 98.560754 99.002426 98.560754 97.247537 95.097656 92.167528 88.532642 84.284331 79.525954 74.368730 68.927452 63.316300 57.644977 52.015331 46.518600 41.233372 36.224273 31.541397 27.220401 23.283189 19.739081 16.586326 13.813847 11.403095 9.329903 7.566248 6.081852 4.845581 3.826606 2.995316 2.323998 1.787296 1.362475 1.029520 0.771116 0.572514 0.421345 0.307381 0.222283 0.159339 0.113218 0.079736 0.055650 0.038472 0.026317 0.017766 0.011762 0.007514 0.004429 0.002048 0.000000 
0.000000 0.001460 0.003167 0.005402 0.008514 0.012958 0.019350 0.028524 0.041613 0.060139 0.086133 0.122276 0.172068 0.240022 0.331893 0.454923 0.618112 0.832498 1.111427 1.470815 1.929346 2.508614 3.233149 4.130308 5.229987 6.564130 8.165994 10.069161 12.306287 14.907596 17.899149 21.300945 25.124918 29.372945 34.034957 39.087311 44.491528 50.193559 56.123678 62.197104 68.315411 74.368730 80.238725 85.802231 90.935427 95.518345 99.439498 102.600376 104.919552 106.336177 106.812628 106.336177 104.919552 102.600376 99.439498 95.518345 90.935427 85.802231 80.238725 74.368730 68.315411 62.197104 56.123678 50.193559 44.491528 39.087311 34.034957 29.372945 25.124918 21.300945 17.899149 14.907596 12.306287 10.069161 8.165994 6.564130 5.229987 4.130308 3.233149 2.508614 1.929346 1.470815 1.111427 0.832497 0.618111 0.454921 0.331890 0.240017 0.172060 0.122262 0.086110 0.060101 0.041551 0.028425 0.019190 0.012705 0.008117 0.004784 0.002213 0.000000 
