0.000000 0.000000 0.000000 0.000000 0.000000 0.000000 0.000000 0.000000 0.000000 0.000000 0.000000 0.000000 0.000000 0.000000 0.000000 0.000000 0.000000 0.000000 0.000000 0.000000 0.000000 0.000000 0.000000 0.000000 0.000000 0.000000 0.000000 0.000000 0.000000 0.000000 0.000000 0.000000 0.000000 0.000000 0.000000 0.000000 0.000000 0.000000 0.000000 0.000000 0.000000 0.000000 0.000000 0.000000 0.000000 0.000000 0.000000 0.000000 0.000000 0.000000 0.000000 0.000000 0.000000 0.000000 0.000000 0.000000 0.000000 0.000000 0.000000 0.000000 0.000000 0.000000 0.000000 0.000000 0.000000 0.000000 0.000000 0.000000 0.000000 0.000000 0.000000 0.000000 0.000000 0.000000 0.000000 0.000000 0.000000 0.000000 0.000000 0.000000 0.000000 0.000000 0.000000 0.000000 0.000000 0.000000 0.000000 0.000000 0.000000 0.000000 0.000000 0.000000 0.000000 0.000000 0.000000 0.000000 0.000000 0.000000 0.000000 0.000000 
0.000000 0.000000 0.000000 0.000000 0.000000 0.000000 0.000000 0.000000 0.000000 0.000000 0.000000 0.000000 0.000000 0.000000 0.000000 0.000000 0.000000 0.000000 0.000000 0.000000 0.000000 0.000000 0.000000 0.000000 0.000000 0.000000 0.000000 0.000000 0.000000 0.000000 0.000000 0.000000 0.000000 0.000000 0.000000 0.000000 0.000000 0.000000 0.000000 0.000000 0.000000 0.000000 0.000000 0.000000 0.000000 0.000000 0.000000 0.000000 0.000000 0.000000 0.000000 0.000000 0.000000 0.000000 0.000000 0.000000 0.000000 0.000000 0.000000 0.000000 0.000000 0.000000 0.000000 0.000000 0.000000 0.000000 0.000000 0.000000 0.000000 0.000000 0.000000 0.000000 0.000000 0.000000 0.000000 0.000000 0.000000 0.000000 0.000000 0.000000 0.000000 0.000000 0.000000 0.000000 0.000000 0.000000 0.000000 0.000000 0.000000 0.000000 0.000000 0.000000 0.000000 0.000000 0.000000 0.000000 0.000000 0.000000 0.000000 0.000000 
0.000000 0.000000 0.000000 0.000000 0.000000 0.000000 0.000000 0.000000 0.000000 0.000000 0.000000 0.000000 0.000000 0.000000 0.000000 0.000000 0.000000 0.000000 0.000000 0.000000 0.000000 0.000000 0.000000 0.000000 0.000000 0.000000 0.000000 0.000000 0.000000 0.000000 0.000000 0.000000 0.000000 0.000000 0.000000 0.000000 0.000000 0.000000 0.000000 0.000000 0.000000 0.000000 0.000000 0.000000 0.000000 0.000000 0.000000 0.000000 0.000000 0.000000 0.000000 0.000000 0.000000 0.000000 0.000000 0.000000 0.000000 0.000000 0.000000 0.000000 0.000000 0.000000 0.000000 0.000000 0.000000 0.000000 0.000000 0.000000 0.000000 0.000000 0.000000 0.000000 0.000000 0.000000 0.000000 0.000000 0.000000 0.000000 0.000000 0.000000 0.000000 0.000000 0.000000 0.000000 0.000000 0.000000 0.000000 0.000000 0.000000 0.000000 0.000000 0.000000 0.000000 0.000000 0.000000 0.000000 0.000000 0.000000 0.000000 0.000000 
0.000000 0.000000 0.000000 0.000000 0.000000 0.000000 0.000000 0.000000 0.000000 0.000000 0.000000 0.000000 0.000000 0.000000 0.000000 0.000000 0.000000 0.000000 0.000000 0.000000 0.000000 0.000000 0.000000 0.000000 0.000000 0.000000 0.000000 0.000000 0.000000 0.000000 0.000000 0.000000 0.000000 0.000000 0.000000 0.000000 0.000000 0.000000 0.000000 0.000000 0.000000 0.000000 0.000000 0.000000 0.000000 0.000000 0.000000 0.000000 0.000000 0.000000 0.000000 0.000000 0.000000 0.000000 0.000000 0.000000 0.000000 0.000000 0.000000 0.000000 0.000000 0.000000 0.000000 0.000000 0.000000 0.000000 0.000000 0.000000 0.000000 0.000000 0.000000 0.000000 0.000000 0.000000 0.000000 0.000000 0.000000 0.000000 0.000000 0.000000 0.000000 0.000000 0.000000 0.000000 0.000000 0.000000 0.000000 0.000000 0.000000 0.000000 0.000000 0.000000 0.000000 0.000000 0.000000 0.000000 0.000000 0.000000 0.000000 0.000000 
0.000000 0.000000 0.000000 0.000000 0.000000 0.000000 0.000000 0.000000 0.000000 0.000000 0.000000 0.000000 0.000000 0.000000 0.000000 0.000000 0.000000 0.000000 0.000000 0.000000 0.000000 0.000000 0.000000 0.000000 0.000000 0.000000 0.000000 0.000000 0.000000 0.000000 0.000000 0.000000 0.000000 0.000000 0.000000 0.000000 0.000000 0.000000 0.000000 0.000000 0.000000 0.000000 0.000000 0.000000 0.000000 0.000000 0.000000 0.000000 0.000000 0.000000 0.000000 0.000000 0.000000 0.000000 0.000000 0.000000 0.000000 0.000000 0.000000 0.000000 0.000000 0.000000 0.000000 0.000000 0.000000 0.000000 0.000000 0.000000 0.000000 0.000000 0.000000 0.000000 0.000000 0.000000 0.000000 0.000000 0.000000 0.000000 0.000000 0.000000 0.000000 0.000000 0.000000 0.000000 0.000000 0.000000 0.000000 0.000000 0.000000 0.000000 0.000000 0.000000 0.000000 0.000000 0.000000 0.000000 0.000000 0.000000 0.000000 0.000000 
0.000000 0.000000 0.000000 0.000000 0.000000 0.000000 0.000000 0.000000 0.000000 0.000000 0.000000 0.000000 0.000000 0.000000 0.000000 0.000000 0.000000 0.000000 0.000000 0.000000 0.000000 0.000000 0.000000 0.000000 0.000000 0.000000 0.000000 0.000000 0.000000 0.000000 0.000000 0.000000 0.000000 0.000000 0.000000 0.000000 0.000000 0.000000 0.000000 0.000000 0.000000 0.000000 0.000000 0.000000 0.000000 0.000000 0.000000 0.000000 0.000000 0.000000 0.000000 0.000000 0.000000 0.000000 0.000000 0.000000 0.000000 0.000000 0.000000 0.000000 0.000000 0.000000 0.000000 0.000000 0.000000 0.000000 0.000000 0.000000 0.000000 0.000000 0.000000 0.000000 0.000000 0.000000 0.000000 0.000000 0.000000 0.000000 0.000000 0.000000 0.000000 0.000000 0.000000 0.000000 0.000000 0.000000 0.000000 0.000000 0.000000 0.000000 0.000000 0.000000 0.000000 0.000000 0.000000 0.000000 0.000000 0.000000 0.000000 0.000000 
0.000000 0.000000 0.000000 0.000000 0.000000 0.000000 0.000000 0.000000 0.000000 0.000000 0.000000 0.000000 0.000000 0.000000 0.000000 0.000000 0.000000 0.000000 0.000000 0.000000 0.000000 0.000000 0.000000 0.000000 0.000000 0.000000 0.000000 0.000000 0.000000 0.000000 0.000000 0.000000 0.000000 0.000000 0.000000 0.000000 0.000000 0.000000 0.000000 0.000000 0.000000 0.000000 0.000000 0.000000 0.000000 0.000000 0.000000 0.000000 0.000000 0.000000 0.000000 0.000000 0.000000 0.000000 0.000000 0.000000 0.000000 0.000000 0.000000 0.000000 0.000000 0.000000 0.000000 0.000000 0.000000 0.000000 0.000000 0.000000 0.000000 0.000000 0.000000 0.000000 0.000000 0.000000 0.000000 0.000000 0.000000 0.000000 0.000000 0.000000 0.000000 0.000000 0.000000 0.000000 0.000000 0.000000 0.000000 0.000000 0.000000 0.000000 0.000000 0.000000 0.000000 0.000000 0.000000 0.000000 0.000000 0.000000 0.000000 0.000000 
0.000000 0.000000 0.000000 0.000000 0.000000 0.000000 0.000000 0.000000 0.000000 0.000000 0.000000 0.000000 0.000000 0.000000 0.000000 0.000000 0.000000 0.000000 0.000000 0.000000 0.000000 0.000000 0.000000 0.000000 0.000000 0.000000 0.000000 0.000000 0.000000 0.000000 0.000000 0.000000 0.000000 0.000000 0.000000 0.000000 0.000000 0.000000 0.000000 0.000000 0.000000 0.000000 0.000000 0.000000 0.000000 0.000000 0.000000 0.000000 0.000000 0.000000 0.000000 0.000000 0.000000 0.000000 0.000000 0.000000 0.000000 0.000000 0.000000 0.000000 0.000000 0.000000 0.000000 0.000000 0.000000 0.000000 0.000000 0.000000 0.000000 0.000000 0.000000 0.000000 0.000000 0.000000 0.000000 0.000000 0.000000 0.000000 0.000000 0.000000 0.000000 0.000000 0.000000 0.000000 0.000000 0.000000 0.000000 0.000000 0.000000 0.000000 0.000000 0.000000 0.000000 0.000000 0.000000 0.000000 0.000000 0.000000 0.000000 0.000000 
0.000000 0.000000 0.000000 0.000000 0.000000 0.000000 0.000000 0.000000 0.000000 0.000000 0.000000 0.000000 0.000000 0.000000 0.000000 0.000000 0.000000 0.000000 0.000000 0.000000 0.000000 0.000000 0.000000 0.000000 0.000000 0.000000 0.000000 0.000000 0.000000 0.000000 0.000000 0.000000 0.000000 0.000000 0.000000 0.000000 0.000000 0.000000 0.000000 0.000000 0.000000 0.000000 0.000000 0.000000 0.000000 0.000000 0.000000 0.000000 0.000000 0.000000 0.000000 0.000000 0.000000 0.000000 0.000000 0.000000 0.000000 0.000000 0.000000 0.000000 0.000000 0.000000 0.000000 0.000000 0.000000 0.000000 0.000000 0.000000 0.000000 0.000000 0.000000 0.000000 0.000000 0.000000 0.000000 0.000000 0.000000 0.000000 0.000000 0.000000 0.000000 0.000000 0.000000 0.000000 0.000000 0.000000 0.000000 0.000000 0.000000 0.000000 0.000000 0.000000 0.000000 0.000000 0.000000 0.000000 0.000000 0.000000 0.000000 0.000000 
0.000000 0.000000 0.000000 0.000000 0.000000 0.000000 0.000000 0.000000 0.000000 0.000000 0.000000 0.000000 0.000000 0.000000 0.000000 0.000000 0.000000 0.000000 0.000000 0.000000 0.000000 0.000000 0.000000 0.000000 0.000000 0.000000 0.000000 0.000000 0.000000 0.000000 0.000000 0.000000 0.000000 0.000000 0.000000 0.000000 0.000000 0.000000 0.000000 0.000000 0.000000 0.000000 0.000000 0.000000 0.000000 0.000000 0.000000 0.000000 0.000000 0.000000 0.000000 0.000000 0.000000 0.000000 0.000000 0.000000 0.000000 0.000000 0.000000 0.000000 0.000000 0.000000 0.000000 0.000000 0.000000 0.000000 0.000000 0.000000 0.000000 0.000000 0.000000 0.000000 0.000000 0.000000 0.000000 0.000000 0.000000 0.000000 0.000000 0.000000 0.000000 0.000000 0.000000 0.000000 0.000000 0.000000 0.000000 0.000000 0.000000 0.000000 0.000000 0.000000 0.000000 0.000000 0.000000 0.000000 0.000000 0.000000 0.000000 0.000000 
0.000000 0.000000 0.000000 0.000000 0.000000 0.000000 0.000000 0.000000 0.000000 0.000000 0.000000 0.000000 0.000000 0.000000 0.000000 0.000000 0.000000 0.000000 0.000000 0.000000 0.000000 0.000000 0.000000 0.000000 0.000000 0.000000 0.000000 0.000000 0.000000 0.000000 0.000000 0.000000 0.000000 0.000000 0.000000 0.000000 0.000000 0.000000 0.000000 0.000000 0.000000 0.000000 0.000000 0.000000 0.000000 0.000000 0.000000 0.000000 0.000000 0.000000 0.000000 0.000000 0.000000 0.000000 0.000000 0.000000 0.000000 0.000000 0.000000 0.000000 0.000000 0.000000 0.000000 0.000000 0.000000 0.000000 0.000000 0.000000 0.000000 0.000000 0.000000 0.000000 0.000000 0.000000 0.000000 0.000000 0.000000 0.000000 0.000000 0.000000 0.000000 0.000000 0.000000 0.000000 0.000000 0.000000 0.000000 0.000000 0.000000 0.000000 0.000000 0.000000 0.000000 0.000000 0.000000 0.000000 0.000000 0.000000 0.000000 0.000000 
0.000000 0.000000 0.000000 0.000000 0.000000 0.000000 0.000000 0.000000 0.000000 0.000000 0.000000 0.000000 0.000000 0.000000 0.000000 0.000000 0.000000 0.000000 0.000000 0.000000 0.000000 0.000000 0.000000 0.000000 0.000000 0.000000 0.000000 0.000000 0.000000 0.000000 0.000000 0.000000 0.000000 0.000000 0.000000 0.000000 0.000000 0.000000 0.000000 0.000000 0.000000 0.000000 0.000000 0.000000 0.000000 0.000000 0.000000 0.000000 0.000000 0.000000 0.000000 0.000000 0.000000 0.000000 0.000000 0.000000 0.000000 0.000000 0.000000 0.000000 0.000000 0.000000 0.000000 0.000000 0.000000 0.000000 0.000000 0.000000 0.000000 0.000000 0.000000 0.000000 0.000000 0.000000 0.000000 0.000000 0.000000 0.000000 0.000000 0.000000 0.000000 0.000000 0.000000 0.000000 0.000000 0.000000 0.000000 0.000000 0.000000 0.000000 0.000000 0.000000 0.000000 0.000000 0.000000 0.000000 0.000000 0.000000 0.000000 0.000000 
0.000000 0.000000 0.000000 0.000000 0.000000 0.000000 0.000000 0.000000 0.000000 0.000000 0.000000 0.000000 0.000000 0.000000 0.000000 0.000000 0.000000 0.000000 0.000000 0.000000 0.000000 0.000000 0.000000 0.000000 0.000000 0.000000 0.000000 0.000000 0.000000 0.000000 0.000000 0.000000 0.000000 0.000000 0.000000 0.000000 0.000000 0.000000 0.000000 0.000000 0.000000 0.000000 0.000000 0.000000 0.000000 0.000000 0.000001 0.000001 0.000001 0.000001 0.000001 0.000001 0.000001 0.000001 0.000001 0.000000 0.000000 0.000000 0.000000 0.000000 0.000000 0.000000 0.000000 0.000000 0.000000 0.000000 0.000000 0.000000 0.000000 0.000000 0.000000 0.000000 0.000000 0.000000 0.000000 0.000000 0.000000 0.000000 0.000000 0.000000 0.000000 0.000000 0.000000 0.000000 0.000000 0.000000 0.000000 0.000000 0.000000 0.000000 0.000000 0.000000 0.000000 0.000000 0.000000 0.000000 0.000000 0.000000 0.000000 0.000000 
0.000000 0.000000 0.000000 0.000000 0.000000 0.000000 0.000000 0.000000 0.000000 0.000000 0.000000 0.000000 0.000000 0.000000 0.000000 0.000000 0.000000 0.000000 0.000000 0.000000 0.000000 0.000000 0.000000 0.000000 0.000000 0.000000 0.000000 0.000000 0.000000 0.000000 0.000000 0.000000 0.000000 0.000000 0.000000 0.000000 0.000000 0.000000 0.000000 0.000000 0.000000 0.000001 0.000001 0.000001 0.000001 0.000001 0.000001 0.000002 0.000002 0.000002 0.000002 0.000002 0.000002 0.000002 0.000001 0.000001 0.000001 0.000001 0.000001 0.000001 0.000000 0.000000 0.000000 0.000000 0.000000 0.000000 0.000000 0.000000 0.000000 0.000000 0.000000 0.000000 0.000000 0.000000 0.000000 0.000000 0.000000 0.000000 0.000000 0.000000 0.000000 0.000000 0.000000 0.000000 0.000000 0.000000 0.000000 0.000000 0.000000 0.000000 0.000000 0.000000 0.000000 0.000000 0.000000 0.000000 0.000000 0.000000 0.000000 0.000000 
0.000000 0.000000 0.000000 0.000000 0.000000 0.000000 0.000000 0.000000 0.000000 0.000000 0.000000 0.000000 0.000000 0.000000 0.000000 0.000000 0.000000 0.000000 0.000000 0.000000 0.000000 0.000000 0.000000 0.000000 0.000000 0.000000 0.000000 0.000000 0.000000 0.000000 0.000000 0.000000 0.000000 0.000000 0.000000 0.000000 0.000000 0.000000 0.000001 0.000001 0.000001 0.000001 0.000002 0.000002 0.000003 0.000004 0.000004 0.000005 0.000005 0.000005 0.000005 0.000005 0.000005 0.000005 0.000004 0.000004 0.000003 0.000002 0.000002 0.000001 0.000001 0.000001 0.000001 0.000000 0.000000 0.000000 0.000000 0.000000 0.000000 0.000000 0.000000 0.000000 0.000000 0.000000 0.000000 0.000000 0.000000 0.000000 0.000000 0.000000 0.000000 0.000000 0.000000 0.000000 0.000000 0.000000 0.000000 0.000000 0.000000 0.000000 0.000000 0.000000 0.000000 0.000000 0.000000 0.000000 0.000000 0.000000 0.000000 0.000000 
0.000000 0.000000 0.000000 0.000000 0.000000 0.000000 0.000000 0.000000 0.000000 0.000000 0.000000 0.000000 0.000000 0.000000 0.000000 0.000000 0.000000 0.000000 0.000000 0.000000 0.000000 0.000000 0.000000 0.000000 0.000000 0.000000 0.000000 0.000000 0.000000 0.000000 0.000000 0.000000 0.000000 0.000000 0.000000 0.000000 0.000001 0.000001 0.000001 0.000002 0.000003 0.000004 0.000005 0.000006 0.000008 0.000009 0.000011 0.000012 0.000013 0.000014 0.000014 0.000014 0.000013 0.000012 0.000011 0.000009 0.000008 0.000006 0.000005 0.000004 0.000003 0.000002 0.000001 0.000001 0.000001 0.000000 0.000000 0.000000 0.000000 0.000000 0.000000 0.000000 0.000000 0.000000 0.000000 0.000000 0.000000 0.000000 0.000000 0.000000 0.000000 0.000000 0.000000 0.000000 0.000000 0.000000 0.000000 0.000000 0.000000 0.000000 0.000000 0.000000 0.000000 0.000000 0.000000 0.000000 0.000000 0.000000 0.000000 0.000000 
0.000000 0.000000 0.000000 0.000000 0.000000 0.000000 0.000000 0.000000 0.000000 0.000000 0.000000 0.000000 0.000000 0.000000 0.000000 0.000000 0.000000 0.000000 0.000000 0.000000 0.000000 0.000000 0.000000 0.000000 0.000000 0.000000 0.000000 0.000000 0.000000 0.000000 0.000000 0.000000 0.000000 0.000000 0.000001 0.000001 0.000002 0.000002 0.000004 0.000005 0.000007 0.000010 0.000013 0.000017 0.000020 0.000024 0.000028 0.000031 0.000034 0.000036 0.000036 0.000036 0.000034 0.000031 0.000028 0.000024 0.000020 0.000017 0.000013 0.000010 0.000007 0.000005 0.000004 0.000002 0.000002 0.000001 0.000001 0.000000 0.000000 0.000000 0.000000 0.000000 0.000000 0.000000 0.000000 0.000000 0.000000 0.000000 0.000000 0.000000 0.000000 0.000000 0.000000 0.000000 0.000000 0.000000 0.000000 0.000000 0.000000 0.000000 0.000000 0.000000 0.000000 0.000000 0.000000 0.000000 0.000000 0.000000 0.000000 0.000000 
0.000000 0.000000 0.000000 0.000000 0.000000 0.000000 0.000000 0.000000 0.000000 0.000000 0.000000 0.000000 0.000000 0.000000 0.000000 0.000000 0.000000 0.000000 0.000000 0.000000 0.000000 0.000000 0.000000 0.000000 0.000000 0.000000 0.000000 0.000000 0.000000 0.000000 0.000000 0.000000 0.000001 0.000001 0.000002 0.000003 0.000004 0.000006 0.000009 0.000013 0.000019 0.000025 0.000033 0.000042 0.000052 0.000061 0.000071 0.000079 0.000086 0.000090 0.000091 0.000090 0.000086 0.000079 0.000071 0.000061 0.000052 0.000042 0.000033 0.000025 0.000019 0.000013 0.000009 0.000006 0.000004 0.000003 0.000002 0.000001 0.000001 0.000000 0.000000 0.000000 0.000000 0.000000 0.000000 0.000000 0.000000 0.000000 0.000000 0.000000 0.000000 0.000000 0.000000 0.000000 0.000000 0.000000 0.000000 0.000000 0.000000 0.000000 0.000000 0.000000 0.000000 0.000000 0.000000 0.000000 0.000000 0.000000 0.000000 0.000000 
0.000000 0.000000 0.000000 0.000000 0.000000 0.000000 0.000000 0.000000 0.000000 0.000000 0.000000 0.000000 0.000000 0.000000 0.000000 0.000000 0.000000 0.000000 0.000000 0.000000 0.000000 0.000000 0.000000 0.000000 0.000000 0.000000 0.000000 0.000000 0.000000 0.000000 0.000000 0.000001 0.000001 0.000002 0.000004 0.000007 0.000010 0.000016 0.000023 0.000033 0.000046 0.000063 0.000082 0.000104 0.000127 0.000151 0.000174 0.000195 0.000211 0.000221 0.000225 0.000221 0.000211 0.000195 0.000174 0.000151 0.000127 0.000104 0.000082 0.000063 0.000046 0.000033 0.000023 0.000016 0.000010 0.000007 0.000004 0.000002 0.000001 0.000001 0.000000 0.000000 0.000000 0.000000 0.000000 0.000000 0.000000 0.000000 0.000000 0.000000 0.000000 0.000000 0.000000 0.000000 0.000000 0.000000 0.000000 0.000000 0.000000 0.000000 0.000000 0.000000 0.000000 0.000000 0.000000 0.000000 0.000000 0.000000 0.000000 0.000000 
0.000000 0.000000 0.000000 0.000000 0.000000 0.000000 0.000000 0.000000 0.000000 0.000000 0.000000 0.000000 0.000000 0.000000 0.000000 0.000000 0.000000 0.000000 0.000000 0.000000 0.000000 0.000000 0.000000 0.000000 0.000000 0.000000 0.000000 0.000000 0.000000 0.000001 0.000001 0.000002 0.000003 0.000006 0.000010 0.000016 0.000025 0.000038 0.000056 0.000081 0.000112 0.000151 0.000197 0.000249 0.000306 0.000363 0.000419 0.000467 0.000506 0.000530 0.000539 0.000530 0.000506 0.000467 0.000419 0.000363 0.000306 0.000249 0.000197 0.000151 0.000112 0.000081 0.000056 0.000038 0.000025 0.000016 0.000010 0.000006 0.000003 0.000002 0.000001 0.000001 0.000000 0.000000 0.000000 0.000000 0.000000 0.000000 0.000000 0.000000 0.000000 0.000000 0.000000 0.000000 0.000000 0.000000 0.000000 0.000000 0.000000 0.000000 0.000000 0.000000 0.000000 0.000000 0.000000 0.000000 0.000000 0.000000 0.000000 0.000000 
0.000000 0.000000 0.000000 0.000000 0.000000 0.000000 0.000000 0.000000 0.000000 0.000000 0.000000 0.000000 0.000000 0.000000 0.000000 0.000000 0.000000 0.000000 0.000000 0.000000 0.000000 0.000000 0.000000 0.000000 0.000000 0.000000 0.000000 0.000000 0.000001 0.000001 0.000003 0.000005 0.000008 0.000014 0.000024 0.000038 0.000059 0.000090 0.000133 0.000190 0.000264 0.000355 0.000463 0.000585 0.000717 0.000852 0.000980 0.001094 0.001183 0.001240 0.001260 0.001240 0.001183 0.001094 0.000980 0.000852 0.000717 0.000585 0.000463 0.000355 0.000264 0.000190 0.000133 0.000090 0.000059 0.000038 0.000024 0.000014 0.000008 0.000005 0.000003 0.000001 0.000001 0.000000 0.000000 0.000000 0.000000 0.000000 0.000000 0.000000 0.000000 0.000000 0.000000 0.000000 0.000000 0.000000 0.000000 0.000000 0.000000 0.000000 0.000000 0.000000 0.000000 0.000000 0.000000 0.000000 0.000000 0.000000 0.000000 0.000000 
0.000000 0.000000 0.000000 0.000000 0.000000 0.000000 0.000000 0.000000 0.000000 0.000000 0.000000 0.000000 0.000000 0.000000 0.000000 0.000000 0.000000 0.000000 0.000000 0.000000 0.000000 0.000000 0.000000 0.000000 0.000000 0.000000 0.000000 0.000001 0.000002 0.000003 0.000006 0.000011 0.000019 0.000033 0.000055 0.000088 0.000137 0.000208 0.000307 0.000438 0.000606 0.000814 0.001060 0.001338 0.001638 0.001944 0.002237 0.002494 0.002697 0.002826 0.002870 0.002826 0.002697 0.002494 0.002237 0.001944 0.001638 0.001338 0.001060 0.000814 0.000606 0.000438 0.000307 0.000208 0.000137 0.000088 0.000055 0.000033 0.000019 0.000011 0.000006 0.000003 0.000002 0.000001 0.000000 0.000000 0.000000 0.000000 0.000000 0.000000 0.000000 0.000000 0.000000 0.000000 0.000000 0.000000 0.000000 0.000000 0.000000 0.000000 0.000000 0.000000 0.000000 0.000000 0.000000 0.000000 0.000000 0.000000 0.000000 0.000000 
0.000000 0.000000 0.000000 0.000000 0.000000 0.000000 0.000000 0.000000 0.000000 0.000000 0.000000 0.000000 0.000000 0.000000 0.000000 0.000000 0.000000 0.000000 0.000000 0.000000 0.000000 0.000000 0.000000 0.000000 0.000000 0.000000 0.000001 0.000002 0.000004 0.000007 0.000014 0.000025 0.000044 0.000074 0.000123 0.000198 0.000309 0.000468 0.000687 0.000980 0.001355 0.001817 0.002363 0.002981 0.003646 0.004324 0.004972 0.005542 0.005990 0.006275 0.006374 0.006275 0.005990 0.005542 0.004972 0.004324 0.003646 0.002981 0.002363 0.001817 0.001355 0.000980 0.000687 0.000468 0.000309 0.000198 0.000123 0.000074 0.000044 0.000025 0.000014 0.000007 0.000004 0.000002 0.000001 0.000000 0.000000 0.000000 0.000000 0.000000 0.000000 0.000000 0.000000 0.000000 0.000000 0.000000 0.000000 0.000000 0.000000 0.000000 0.000000 0.000000 0.000000 0.000000 0.000000 0.000000 0.000000 0.000000 0.000000 0.000000 
0.000000 0.000000 0.000000 0.000000 0.000000 0.000000 0.000000 0.000000 0.000000 0.000000 0.000000 0.000000 0.000000 0.000000 0.000000 0.000000 0.000000 0.000000 0.000000 0.000000 0.000000 0.000000 0.000000 0.000000 0.000000 0.000001 0.000002 0.000004 0.000009 0.000016 0.000030 0.000055 0.000096 0.000164 0.000271 0.000435 0.000677 0.001023 0.001501 0.002136 0.002950 0.003951 0.005133 0.006469 0.007905 0.009368 0.010766 0.011996 0.012960 0.013576 0.013787 0.013576 0.012960 0.011996 0.010766 0.009368 0.007905 0.006469 0.005133 0.003951 0.002950 0.002136 0.001501 0.001023 0.000677 0.000435 0.000271 0.000164 0.000096 0.000055 0.000030 0.000016 0.000009 0.000004 0.000002 0.000001 0.000000 0.000000 0.000000 0.000000 0.000000 0.000000 0.000000 0.000000 0.000000 0.000000 0.000000 0.000000 0.000000 0.000000 0.000000 0.000000 0.000000 0.000000 0.000000 0.000000 0.000000 0.000000 0.000000 0.000000 
0.000000 0.000000 0.000000 0.000000 0.000000 0.000000 0.000000 0.000000 0.000000 0.000000 0.000000 0.000000 0.000000 0.000000 0.000000 0.000000 0.000000 0.000000 0.000000 0.000000 0.000000 0.000000 0.000000 0.000000 0.000001 0.000002 0.000005 0.000009 0.000019 0.000036 0.000066 0.000118 0.000207 0.000352 0.000580 0.000929 0.001444 0.002179 0.003192 0.004536 0.006255 0.008368 0.010860 0.013672 0.016695 0.019771 0.022707 0.025290 0.027314 0.028606 0.029050 0.028606 0.027314 0.025290 0.022707 0.019771 0.016695 0.013672 0.010860 0.008368 0.006255 0.004536 0.003192 0.002179 0.001444 0.000929 0.000580 0.000352 0.000207 0.000118 0.000066 0.000036 0.000019 0.000009 0.000005 0.000002 0.000001 0.000000 0.000000 0.000000 0.000000 0.000000 0.000000 0.000000 0.000000 0.000000 0.000000 0.000000 0.000000 0.000000 0.000000 0.000000 0.000000 0.000000 0.000000 0.000000 0.000000 0.000000 0.000000 0.000000 
0.000000 0.000000 0.000000 0.000000 0.000000 0.000000 0.000000 0.000000 0.000000 0.000000 0.000000 0.000000 0.000000 0.000000 0.000000 0.000000 0.000000 0.000000 0.000000 0.000000 0.000000 0.000000 0.000000 0.000001 0.000002 0.000005 0.000010 0.000020 0.000039 0.000075 0.000138 0.000248 0.000433 0.000734 0.001209 0.001932 0.002999 0.004518 0.006607 0.009376 0.012913 0.017256 0.022373 0.028140 0.034334 0.040633 0.046642 0.051925 0.056064 0.058704 0.059612 0.058704 0.056064 0.051925 0.046642 0.040633 0.034334 0.028140 0.022373 0.017256 0.012913 0.009376 0.006607 0.004518 0.002999 0.001932 0.001209 0.000734 0.000433 0.000248 0.000138 0.000075 0.000039 0.000020 0.000010 0.000005 0.000002 0.000001 0.000000 0.000000 0.000000 0.000000 0.000000 0.000000 0.000000 0.000000 0.000000 0.000000 0.000000 0.000000 0.000000 0.000000 0.000000 0.000000 0.000000 0.000000 0.000000 0.000000 0.000000 0.000000 
0.000000 0.000000 0.000000 0.000000 0.000000 0.000000 0.000000 0.000000 0.000000 0.000000 0.000000 0.000000 0.000000 0.000000 0.000000 0.000000 0.000000 0.000000 0.000000 0.000000 0.000000 0.000000 0.000001 0.000002 0.000005 0.000010 0.000021 0.000041 0.000081 0.000153 0.000283 0.000507 0.000882 0.001492 0.002452 0.003912 0.006061 0.009117 0.013313 0.018868 0.025954 0.034644 0.044872 0.056390 0.068749 0.081311 0.093285 0.103810 0.112051 0.117308 0.119114 0.117308 0.112051 0.103810 0.093285 0.081311 0.068749 0.056390 0.044872 0.034644 0.025954 0.018868 0.013313 0.009117 0.006061 0.003912 0.002452 0.001492 0.000882 0.000507 0.000283 0.000153 0.000081 0.000041 0.000021 0.000010 0.000005 0.000002 0.000001 0.000000 0.000000 0.000000 0.000000 0.000000 0.000000 0.000000 0.000000 0.000000 0.000000 0.000000 0.000000 0.000000 0.000000 0.000000 0.000000 0.000000 0.000000 0.000000 0.000000 0.000000 
0.000000 0.000000 0.000000 0.000000 0.000000 0.000000 0.000000 0.000000 0.000000 0.000000 0.000000 0.000000 0.000000 0.000000 0.000000 0.000000 0.000000 0.000000 0.000000 0.000000 0.000000 0.000001 0.000002 0.000004 0.000009 0.000020 0.000041 0.000083 0.000161 0.000306 0.000562 0.001006 0.001748 0.002951 0.004839 0.007707 0.011922 0.017905 0.026109 0.036957 0.050775 0.067705 0.087610 0.110004 0.134016 0.158404 0.181640 0.202054 0.218032 0.228222 0.231724 0.228222 0.218032 0.202054 0.181640 0.158404 0.134016 0.110004 0.087610 0.067705 0.050775 0.036957 0.026109 0.017905 0.011922 0.007707 0.004839 0.002951 0.001748 0.001006 0.000562 0.000306 0.000161 0.000083 0.000041 0.000020 0.000009 0.000004 0.000002 0.000001 0.000000 0.000000 0.000000 0.000000 0.000000 0.000000 0.000000 0.000000 0.000000 0.000000 0.000000 0.000000 0.000000 0.000000 0.000000 0.000000 0.000000 0.000000 0.000000 0.000000 
0.000000 0.000000 0.000000 0.000000 0.000000 0.000000 0.000000 0.000000 0.000000 0.000000 0.000000 0.000000 0.000000 0.000000 0.000000 0.000000 0.000000 0.000000 0.000000 0.000000 0.000001 0.000002 0.000004 0.000009 0.000019 0.000039 0.000081 0.000161 0.000314 0.000592 0.001088 0.001942 0.003367 0.005675 0.009290 0.014773 0.022815 0.034218 0.049828 0.070444 0.096675 0.128776 0.166483 0.208869 0.254284 0.300379 0.344271 0.382819 0.412979 0.432209 0.438817 0.432209 0.412979 0.382819 0.344271 0.300379 0.254284 0.208869 0.166483 0.128776 0.096675 0.070444 0.049828 0.034218 0.022815 0.014773 0.009290 0.005675 0.003367 0.001942 0.001088 0.000592 0.000314 0.000161 0.000081 0.000039 0.000019 0.000009 0.000004 0.000002 0.000001 0.000000 0.000000 0.000000 0.000000 0.000000 0.000000 0.000000 0.000000 0.000000 0.000000 0.000000 0.000000 0.000000 0.000000 0.000000 0.000000 0.000000 0.000000 0.000000 
0.000000 0.000000 0.000000 0.000000 0.000000 0.000000 0.000000 0.000000 0.000000 0.000000 0.000000 0.000000 0.000000 0.000000 0.000000 0.000000 0.000000 0.000000 0.000000 0.000001 0.000001 0.000003 0.000007 0.000016 0.000036 0.000075 0.000153 0.000306 0.000592 0.001117 0.002046 0.003645 0.006310 0.010615 0.017349 0.027545 0.042478 0.063619 0.092524 0.130650 0.179107 0.238347 0.307866 0.385950 0.469550 0.554351 0.635059 0.705908 0.761325 0.796651 0.808788 0.796651 0.761325 0.705908 0.635059 0.554351 0.469550 0.385950 0.307866 0.238347 0.179107 0.130650 0.092524 0.063619 0.042478 0.027545 0.017349 0.010615 0.006310 0.003645 0.002046 0.001117 0.000592 0.000306 0.000153 0.000075 0.000036 0.000016 0.000007 0.000003 0.000001 0.000001 0.000000 0.000000 0.000000 0.000000 0.000000 0.000000 0.000000 0.000000 0.000000 0.000000 0.000000 0.000000 0.000000 0.000000 0.000000 0.000000 0.000000 0.000000 
0.000000 0.000000 0.000000 0.000000 0.000000 0.000000 0.000000 0.000000 0.000000 0.000000 0.000000 0.000000 0.000000 0.000000 0.000000 0.000000 0.000000 0.000000 0.000000 0.000001 0.000003 0.000006 0.000014 0.000030 0.000066 0.000138 0.000283 0.000562 0.001088 0.002046 0.003743 0.006654 0.011499 0.019311 0.031510 0.049953 0.076927 0.115061 0.167133 0.235739 0.322837 0.429215 0.553941 0.693922 0.843689 0.995517 1.139945 1.266679 1.365780 1.428940 1.450639 1.428940 1.365780 1.266679 1.139945 0.995517 0.843689 0.693922 0.553941 0.429215 0.322837 0.235739 0.167133 0.115061 0.076927 0.049953 0.031510 0.019311 0.011499 0.006654 0.003743 0.002046 0.001088 0.000562 0.000283 0.000138 0.000066 0.000030 0.000014 0.000006 0.000003 0.000001 0.000000 0.000000 0.000000 0.000000 0.000000 0.000000 0.000000 0.000000 0.000000 0.000000 0.000000 0.000000 0.000000 0.000000 0.000000 0.000000 0.000000 0.000000 
0.000000 0.000000 0.000000 0.000000 0.000000 0.000000 0.000000 0.000000 0.000000 0.000000 0.000000 0.000000 0.000000 0.000000 0.000000 0.000000 0.000000 0.000000 0.000001 0.000002 0.000005 0.000011 0.000025 0.000055 0.000118 0.000248 0.000507 0.001006 0.001942 0.003645 0.006654 0.011809 0.020373 0.034158 0.055652 0.088100 0.135488 0.202398 0.293654 0.413749 0.566059 0.751910 0.969633 1.213801 1.474867 1.739376 1.990874 2.211479 2.383933 2.493823 2.531572 2.493823 2.383933 2.211479 1.990874 1.739376 1.474867 1.213801 0.969633 0.751910 0.566059 0.413749 0.293654 0.202398 0.135488 0.088100 0.055652 0.034158 0.020373 0.011809 0.006654 0.003645 0.001942 0.001006 0.000507 0.000248 0.000118 0.000055 0.000025 0.000011 0.000005 0.000002 0.000001 0.000000 0.000000 0.000000 0.000000 0.000000 0.000000 0.000000 0.000000 0.000000 0.000000 0.000000 0.000000 0.000000 0.000000 0.000000 0.000000 0.000000 
0.000000 0.000000 0.000000 0.000000 0.000000 0.000000 0.000000 0.000000 0.000000 0.000000 0.000000 0.000000 0.000000 0.000000 0.000000 0.000000 0.000000 0.000001 0.000001 0.000003 0.000008 0.000019 0.000044 0.000096 0.000207 0.000433 0.000882 0.001748 0.003367 0.006310 0.011499 0.020373 0.035089 0.058741 0.095566 0.151079 0.232045 0.346225 0.501772 0.706258 0.965344 1.281203 1.650930 2.065271 2.508009 2.956345 3.382437 3.756055 4.048045 4.234071 4.297968 4.234071 4.048045 3.756055 3.382437 2.956345 2.508009 2.065271 1.650930 1.281203 0.965344 0.706258 0.501772 0.346225 0.232045 0.151079 0.095566 0.058741 0.035089 0.020373 0.011499 0.006310 0.003367 0.001748 0.000882 0.000433 0.000207 0.000096 0.000044 0.000019 0.000008 0.000003 0.000001 0.000001 0.000000 0.000000 0.000000 0.000000 0.000000 0.000000 0.000000 0.000000 0.000000 0.000000 0.000000 0.000000 0.000000 0.000000 0.000000 0.000000 
0.000000 0.000000 0.000000 0.000000 0.000000 0.000000 0.000000 0.000000 0.000000 0.000000 0.000000 0.000000 0.000000 0.000000 0.000000 0.000000 0.000000 0.000001 0.000002 0.000006 0.000014 0.000033 0.000074 0.000164 0.000352 0.000734 0.001492 0.002951 0.005675 0.010615 0.019311 0.034158 0.058741 0.098193 0.159533 0.251875 0.386391 0.575865 0.833702 1.172322 1.600960 2.123082 2.733786 3.417717 4.148087 4.887316 5.589569 6.205129 6.686080 6.992439 7.097660 6.992439 6.686080 6.205129 5.589569 4.887316 4.148087 3.417717 2.733786 2.123082 1.600960 1.172322 0.833702 0.575865 0.386391 0.251875 0.159533 0.098193 0.058741 0.034158 0.019311 0.010615 0.005675 0.002951 0.001492 0.000734 0.000352 0.000164 0.000074 0.000033 0.000014 0.000006 0.000002 0.000001 0.000000 0.000000 0.000000 0.000000 0.000000 0.000000 0.000000 0.000000 0.000000 0.000000 0.000000 0.000000 0.000000 0.000000 0.000000 0.000000 
0.000000 0.000000 0.000000 0.000000 0.000000 0.000000 0.000000 0.000000 0.000000 0.000000 0.000000 0.000000 0.000000 0.000000 0.000000 0.000000 0.000001 0.000002 0.000004 0.000010 0.000024 0.000055 0.000123 0.000271 0.000580 0.001209 0.002452 0.004839 0.009290 0.017349 0.031510 0.055652 0.095566 0.159533 0.258853 0.408185 0.625462 0.931171 1.346753 1.892020 2.581636 3.420985 4.402029 5.500003 6.671872 7.857384 8.983145 9.969613 10.740175 11.230935 11.399475 11.230935 10.740175 9.969613 8.983145 7.857384 6.671872 5.500003 4.402029 3.420985 2.581636 1.892020 1.346753 0.931171 0.625462 0.408185 0.258853 0.159533 0.095566 0.055652 0.031510 0.017349 0.009290 0.004839 0.002452 0.001209 0.000580 0.000271 0.000123 0.000055 0.000024 0.000010 0.000004 0.000002 0.000001 0.000000 0.000000 0.000000 0.000000 0.000000 0.000000 0.000000 0.000000 0.000000 0.000000 0.000000 0.000000 0.000000 0.000000 0.000000 
0.000000 0.000000 0.000000 0.000000 0.000000 0.000000 0.000000 0.000000 0.000000 0.000000 0.000000 0.000000 0.000000 0.000000 0.000000 0.000000 0.000001 0.000003 0.000007 0.000016 0.000038 0.000088 0.000198 0.000435 0.000929 0.001932 0.003912 0.007707 0.014773 0.027545 0.049953 0.088100 0.151079 0.251875 0.408185 0.642924 0.984089 1.463607 2.114835 2.968516 4.047303 5.359336 6.891822 8.605931 10.434436 12.283387 14.038487 15.575958 16.776654 17.541243 17.803804 17.541243 16.776654 15.575958 14.038487 12.283387 10.434436 8.605931 6.891822 5.359336 4.047303 2.968516 2.114835 1.463607 0.984089 0.642924 0.408185 0.251875 0.151079 0.088100 0.049953 0.027545 0.014773 0.007707 0.003912 0.001932 0.000929 0.000435 0.000198 0.000088 0.000038 0.000016 0.000007 0.000003 0.000001 0.000000 0.000000 0.000000 0.000000 0.000000 0.000000 0.000000 0.000000 0.000000 0.000000 0.000000 0.000000 0.000000 0.000000 0.000000 
0.000000 0.000000 0.000000 0.000000 0.000000 0.000000 0.000000 0.000000 0.000000 0.000000 0.000000 0.000000 0.000000 0.000000 0.000000 0.000001 0.000002 0.000004 0.000010 0.000025 0.000059 0.000137 0.000309 0.000677 0.001444 0.002999 0.006061 0.011922 0.022815 0.042478 0.076927 0.135488 0.232045 0.386391 0.625462 0.984089 1.504765 2.235877 3.227889 4.527205 6.167865 8.161849 10.489395 13.091318 15.865513 18.669537 21.330286 23.660447 25.479809 26.638193 27.035956 26.638193 25.479809 23.660447 21.330286 18.669537 15.865513 13.091318 10.489395 8.161849 6.167865 4.527205 3.227889 2.235877 1.504765 0.984089 0.625462 0.386391 0.232045 0.135488 0.076927 0.042478 0.022815 0.011922 0.006061 0.002999 0.001444 0.000677 0.000309 0.000137 0.000059 0.000025 0.000010 0.000004 0.000002 0.000001 0.000000 0.000000 0.000000 0.000000 0.000000 0.000000 0.000000 0.000000 0.000000 0.000000 0.000000 0.000000 0.000000 0.000000 
0.000000 0.000000 0.000000 0.000000 0.000000 0.000000 0.000000 0.000000 0.000000 0.000000 0.000000 0.000000 0.000000 0.000000 0.000000 0.000001 0.000002 0.000006 0.000016 0.000038 0.000090 0.000208 0.000468 0.001023 0.002179 0.004518 0.009117 0.017905 0.034218 0.063619 0.115061 0.202398 0.346225 0.575865 0.931171 1.463607 2.235877 3.319279 4.788050 6.710304 9.135806 12.081715 15.518392 19.358167 23.450280 27.584752 31.506672 34.940396 37.620875 39.327303 39.913214 39.327303 37.620875 34.940396 31.506672 27.584752 23.450280 19.358167 15.518392 12.081715 9.135806 6.710304 4.788050 3.319279 2.235877 1.463607 0.931171 0.575865 0.346225 0.202398 0.115061 0.063619 0.034218 0.017905 0.009117 0.004518 0.002179 0.001023 0.000468 0.000208 0.000090 0.000038 0.000016 0.000006 0.000002 0.000001 0.000000 0.000000 0.000000 0.000000 0.000000 0.000000 0.000000 0.000000 0.000000 0.000000 0.000000 0.000000 0.000000 0.000000 
0.000000 0.000000 0.000000 0.000000 0.000000 0.000000 0.000000 0.000000 0.000000 0.000000 0.000000 0.000000 0.000000 0.000000 0.000001 0.000001 0.000004 0.000009 0.000023 0.000056 0.000133 0.000307 0.000687 0.001501 0.003192 0.006607 0.013313 0.026109 0.049828 0.092524 0.167133 0.293654 0.501772 0.833702 1.346753 2.114835 3.227889 4.788050 6.901499 9.665462 13.150700 17.381140 22.313628 27.821968 33.689782 39.616155 45.236129 50.155326 53.994705 56.438604 57.277677 56.438604 53.994705 50.155326 45.236129 39.616155 33.689782 27.821968 22.313628 17.381140 13.150700 9.665462 6.901499 4.788050 3.227889 2.114835 1.346753 0.833702 0.501772 0.293654 0.167133 0.092524 0.049828 0.026109 0.013313 0.006607 0.003192 0.001501 0.000687 0.000307 0.000133 0.000056 0.000023 0.000009 0.000004 0.000001 0.000001 0.000000 0.000000 0.000000 0.000000 0.000000 0.000000 0.000000 0.000000 0.000000 0.000000 0.000000 0.000000 0.000000 
0.000000 0.000000 0.000000 0.000000 0.000000 0.000000 0.000000 0.000000 0.000000 0.000000 0.000000 0.000000 0.000000 0.000000 0.000001 0.000002 0.000005 0.000013 0.000033 0.000081 0.000190 0.000438 0.000980 0.002136 0.004536 0.009376 0.018868 0.036957 0.070444 0.130650 0.235739 0.413749 0.706258 1.172322 1.892020 2.968516 4.527205 6.710304 9.665462 13.527614 18.394620 24.298953 31.179633 38.860145 47.038656 55.295983 63.124182 69.974700 75.320545 78.722976 79.891080 78.722976 75.320545 69.974700 63.124182 55.295983 47.038656 38.860145 31.179633 24.298953 18.394620 13.527614 9.665462 6.710304 4.527205 2.968516 1.892020 1.172322 0.706258 0.413749 0.235739 0.130650 0.070444 0.036957 0.018868 0.009376 0.004536 0.002136 0.000980 0.000438 0.000190 0.000081 0.000033 0.000013 0.000005 0.000002 0.000001 0.000000 0.000000 0.000000 0.000000 0.000000 0.000000 0.000000 0.000000 0.000000 0.000000 0.000000 0.000000 0.000000 
0.000000 0.000000 0.000000 0.000000 0.000000 0.000000 0.000000 0.000000 0.000000 0.000000 0.000000 0.000000 0.000000 0.000000 0.000001 0.000003 0.000007 0.000019 0.000046 0.000112 0.000264 0.000606 0.001355 0.002950 0.006255 0.012913 0.025954 0.050775 0.096675 0.179107 0.322837 0.566059 0.965344 1.600960 2.581636 4.047303 6.167865 9.135806 13.150700 18.394620 24.999173 33.007268 42.335268 52.743289 63.822152 75.004313 85.602600 94.875322 102.110223 106.714490 108.295120 106.714490 102.110223 94.875322 85.602600 75.004313 63.822152 52.743289 42.335268 33.007268 24.999173 18.394620 13.150700 9.135806 6.167865 4.047303 2.581636 1.600960 0.965344 0.566059 0.322837 0.179107 0.096675 0.050775 0.025954 0.012913 0.006255 0.002950 0.001355 0.000606 0.000264 0.000112 0.000046 0.000019 0.000007 0.000003 0.000001 0.000000 0.000000 0.000000 0.000000 0.000000 0.000000 0.000000 0.000000 0.000000 0.000000 0.000000 0.000000 0.000000 
0.000000 0.000000 0.000000 0.000000 0.000000 0.000000 0.000000 0.000000 0.000000 0.000000 0.000000 0.000000 0.000000 0.000001 0.000001 0.000004 0.000010 0.000025 0.000063 0.000151 0.000355 0.000814 0.001817 0.003951 0.008368 0.017256 0.034644 0.067705 0.128776 0.238347 0.429215 0.751910 1.281203 2.123082 3.420985 5.359336 8.161849 12.081715 17.381140 24.298953 33.007268 43.561281 55.849660 69.555694 84.140363 98.856879 112.801704 125.000109 134.516388 140.571948 142.650703 140.571948 134.516388 125.000109 112.801704 98.856879 84.140363 69.555694 55.849660 43.561281 33.007268 24.298953 17.381140 12.081715 8.161849 5.359336 3.420985 2.123082 1.281203 0.751910 0.429215 0.238347 0.128776 0.067705 0.034644 0.017256 0.008368 0.003951 0.001817 0.000814 0.000355 0.000151 0.000063 0.000025 0.000010 0.000004 0.000001 0.000001 0.000000 0.000000 0.000000 0.000000 0.000000 0.000000 0.000000 0.000000 0.000000 0.000000 0.000000 0.000000 
0.000000 0.000000 0.000000 0.000000 0.000000 0.000000 0.000000 0.000000 0.000000 0.000000 0.000000 0.000000 0.000000 0.000001 0.000002 0.000005 0.000013 0.000033 0.000082 0.000197 0.000463 0.001060 0.002363 0.005133 0.010860 0.022373 0.044872 0.087610 0.166483 0.307866 0.553941 0.969633 1.650930 2.733786 4.402029 6.891822 10.489395 15.518392 22.313628 31.179633 42.335268 55.849660 71.578983 89.117050 107.773930 126.594726 144.424867 160.019374 172.183500 179.923331 182.580151 179.923331 172.183500 160.019374 144.424867 126.594726 107.773930 89.117050 71.578983 55.849660 42.335268 31.179633 22.313628 15.518392 10.489395 6.891822 4.402029 2.733786 1.650930 0.969633 0.553941 0.307866 0.166483 0.087610 0.044872 0.022373 0.010860 0.005133 0.002363 0.001060 0.000463 0.000197 0.000082 0.000033 0.000013 0.000005 0.000002 0.000001 0.000000 0.000000 0.000000 0.000000 0.000000 0.000000 0.000000 0.000000 0.000000 0.000000 0.000000 0.000000 
0.000000 0.000000 0.000000 0.000000 0.000000 0.000000 0.000000 0.000000 0.000000 0.000000 0.000000 0.000000 0.000000 0.000001 0.000002 0.000006 0.000017 0.000042 0.000104 0.000249 0.000585 0.001338 0.002981 0.006469 0.013672 0.028140 0.056390 0.110004 0.208869 0.385950 0.693922 1.213801 2.065271 3.417717 5.500003 8.605931 13.091318 19.358167 27.821968 38.860145 52.743289 69.555694 89.117050 110.921348 134.110598 157.498378 179.650999 199.023130 214.132217 223.745162 227.044836 223.745162 214.132217 199.023130 179.650999 157.498378 134.110598 110.921348 89.117050 69.555694 52.743289 38.860145 27.821968 19.358167 13.091318 8.605931 5.500003 3.417717 2.065271 1.213801 0.693922 0.385950 0.208869 0.110004 0.056390 0.028140 0.013672 0.006469 0.002981 0.001338 0.000585 0.000249 0.000104 0.000042 0.000017 0.000006 0.000002 0.000001 0.000000 0.000000 0.000000 0.000000 0.000000 0.000000 0.000000 0.000000 0.000000 0.000000 0.000000 0.000000 
