0.000000 0.000000 0.000000 0.000000 0.000000 0.000000 0.000000 0.000000 0.000000 0.000000 0.000000 0.000000 0.000000 0.000000 0.000000 0.000000 0.000000 0.000000 0.000000 0.000000 0.000000 0.000000 0.000000 0.000000 0.000000 0.000000 0.000000 0.000000 0.000000 0.000000 0.000000 0.000000 0.000000 0.000000 0.000000 0.000000 0.000000 0.000000 0.000000 0.000000 0.000000 0.000000 0.000000 0.000000 0.000000 0.000000 0.000000 0.000000 0.000000 0.000000 0.000000 0.000000 0.000000 0.000000 0.000000 0.000000 0.000000 0.000000 0.000000 0.000000 0.000000 0.000000 0.000000 0.000000 0.000000 0.000000 0.000000 0.000000 0.000000 0.000000 0.000000 0.000000 0.000000 0.000000 0.000000 0.000000 0.000000 0.000000 0.000000 0.000000 0.000000 0.000000 0.000000 0.000000 0.000000 0.000000 0.000000 0.000000 0.000000 0.000000 0.000000 0.000000 0.000000 0.000000 0.000000 0.000000 0.000000 0.000000 0.000000 0.000000 
0.000000 0.000000 0.000000 0.000000 0.000000 0.000000 0.000000 0.000000 0.000000 0.000000 0.000000 0.000000 0.000000 0.000000 0.000000 0.000000 0.000000 0.000000 0.000000 0.000000 0.000000 0.000000 0.000000 0.000000 0.000000 0.000000 0.000000 0.000000 0.000000 0.000000 0.000001 0.000001 0.000001 0.000001 0.000001 0.000002 0.000002 0.000003 0.000003 0.000004 0.000005 0.000005 0.000006 0.000007 0.000007 0.000008 0.000008 0.000009 0.000009 0.000009 0.000010 0.000009 0.000009 0.000009 0.000008 0.000008 0.000007 0.000007 0.000006 0.000005 0.000005 0.000004 0.000003 0.000003 0.000002 0.000002 0.000001 0.000001 0.000001 0.000001 0.000001 0.000000 0.000000 0.000000 0.000000 0.000000 0.000000 0.000000 0.000000 0.000000 0.000000 0.000000 0.000000 0.000000 0.000000 0.000000 0.000000 0.000000 0.000000 0.000000 0.000000 0.000000 0.000000 0.000000 0.000000 0.000000 0.000000 0.000000 0.000000 0.000000 
0.000000 0.000000 0.000000 0.000000 0.000000 0.000000 0.000000 0.000000 0.000000 0.000000 0.000000 0.000000 0.000000 0.000000 0.000000 0.000000 0.000000 0.000000 0.000000 0.000000 0.000000 0.000000 0.000000 0.000000 0.000000 0.000000 0.000000 0.000000 0.000001 0.000001 0.000001 0.000002 0.000002 0.000003 0.000004 0.000004 0.000005 0.000007 0.000008 0.000010 0.000011 0.000013 0.000015 0.000016 0.000018 0.000019 0.000021 0.000022 0.000023 0.000023 0.000023 0.000023 0.000023 0.000022 0.000021 0.000019 0.000018 0.000016 0.000015 0.000013 0.000011 0.000010 0.000008 0.000007 0.000005 0.000004 0.000004 0.000003 0.000002 0.000002 0.000001 0.000001 0.000001 0.000000 0.000000 0.000000 0.000000 0.000000 0.000000 0.000000 0.000000 0.000000 0.000000 0.000000 0.000000 0.000000 0.000000 0.000000 0.000000 0.000000 0.000000 0.000000 0.000000 0.000000 0.000000 0.000000 0.000000 0.000000 0.000000 0.000000 
0.000000 0.000000 0.000000 0.000000 0.000000 0.000000 0.000000 0.000000 0.000000 0.000000 0.000000 0.000000 0.000000 0.000000 0.000000 0.000000 0.000000 0.000000 0.000000 0.000000 0.000000 0.000000 0.000000 0.000000 0.000000 0.000000 0.000001 0.000001 0.000001 0.000002 0.000002 0.000003 0.000004 0.000006 0.000007 0.000009 0.000011 0.000014 0.000016 0.000019 0.000022 0.000026 0.000029 0.000033 0.000036 0.000039 0.000042 0.000044 0.000046 0.000047 0.000047 0.000047 0.000046 0.000044 0.000042 0.000039 0.000036 0.000033 0.000029 0.000026 0.000022 0.000019 0.000016 0.000014 0.000011 0.000009 0.000007 0.000006 0.000004 0.000003 0.000002 0.000002 0.000001 0.000001 0.000001 0.000000 0.000000 0.000000 0.000000 0.000000 0.000000 0.000000 0.000000 0.000000 0.000000 0.000000 0.000000 0.000000 0.000000 0.000000 0.000000 0.000000 0.000000 0.000000 0.000000 0.000000 0.000000 0.000000 0.000000 0.000000 
0.000000 0.000000 0.000000 0.000000 0.000000 0.000000 0.000000 0.000000 0.000000 0.000000 0.000000 0.000000 0.000000 0.000000 0.000000 0.000000 0.000000 0.000000 0.000000 0.000000 0.000000 0.000000 0.000000 0.000000 0.000001 0.000001 0.000001 0.000002 0.000003 0.000004 0.000005 0.000006 0.000008 0.000011 0.000014 0.000017 0.000021 0.000026 0.000031 0.000037 0.000043 0.000050 0.000056 0.000063 0.000069 0.000075 0.000080 0.000084 0.000087 0.000089 0.000090 0.000089 0.000087 0.000084 0.000080 0.000075 0.000069 0.000063 0.000056 0.000050 0.000043 0.000037 0.000031 0.000026 0.000021 0.000017 0.000014 0.000011 0.000008 0.000006 0.000005 0.000004 0.000003 0.000002 0.000001 0.000001 0.000001 0.000000 0.000000 0.000000 0.000000 0.000000 0.000000 0.000000 0.000000 0.000000 0.000000 0.000000 0.000000 0.000000 0.000000 0.000000 0.000000 0.000000 0.000000 0.000000 0.000000 0.000000 0.000000 0.000000 
0.000000 0.000000 0.000000 0.000000 0.000000 0.000000 0.000000 0.000000 0.000000 0.000000 0.000000 0.000000 0.000000 0.000000 0.000000 0.000000 0.000000 0.000000 0.000000 0.000000 0.000000 0.000000 0.000001 0.000001 0.000001 0.000002 0.000003 0.000004 0.000005 0.000007 0.000009 0.000012 0.000016 0.000020 0.000026 0.000032 0.000040 0.000049 0.000059 0.000070 0.000081 0.000093 0.000106 0.000118 0.000130 0.000140 0.000150 0.000158 0.000164 0.000168 0.000169 0.000168 0.000164 0.000158 0.000150 0.000140 0.000130 0.000118 0.000106 0.000093 0.000081 0.000070 0.000059 0.000049 0.000040 0.000032 0.000026 0.000020 0.000016 0.000012 0.000009 0.000007 0.000005 0.000004 0.000003 0.000002 0.000001 0.000001 0.000001 0.000000 0.000000 0.000000 0.000000 0.000000 0.000000 0.000000 0.000000 0.000000 0.000000 0.000000 0.000000 0.000000 0.000000 0.000000 0.000000 0.000000 0.000000 0.000000 0.000000 0.000000 
0.000000 0.000000 0.000000 0.000000 0.000000 0.000000 0.000000 0.000000 0.000000 0.000000 0.000000 0.000000 0.000000 0.000000 0.000000 0.000000 0.000000 0.000000 0.000000 0.000000 0.000000 0.000001 0.000001 0.000002 0.000002 0.000003 0.000005 0.000007 0.000009 0.000012 0.000017 0.000022 0.000029 0.000038 0.000048 0.000060 0.000074 0.000091 0.000109 0.000129 0.000150 0.000172 0.000195 0.000218 0.000239 0.000260 0.000277 0.000292 0.000303 0.000309 0.000312 0.000309 0.000303 0.000292 0.000277 0.000260 0.000239 0.000218 0.000195 0.000172 0.000150 0.000129 0.000109 0.000091 0.000074 0.000060 0.000048 0.000038 0.000029 0.000022 0.000017 0.000012 0.000009 0.000007 0.000005 0.000003 0.000002 0.000002 0.000001 0.000001 0.000000 0.000000 0.000000 0.000000 0.000000 0.000000 0.000000 0.000000 0.000000 0.000000 0.000000 0.000000 0.000000 0.000000 0.000000 0.000000 0.000000 0.000000 0.000000 0.000000 
0.000000 0.000000 0.000000 0.000000 0.000000 0.000000 0.000000 0.000000 0.000000 0.000000 0.000000 0.000000 0.000000 0.000000 0.000000 0.000000 0.000000 0.000000 0.000000 0.000001 0.000001 0.000001 0.000002 0.000003 0.000004 0.000006 0.000009 0.000012 0.000017 0.000023 0.000031 0.000041 0.000053 0.000069 0.000088 0.000110 0.000136 0.000165 0.000198 0.000235 0.000273 0.000314 0.000356 0.000397 0.000436 0.000473 0.000505 0.000531 0.000551 0.000563 0.000568 0.000563 0.000551 0.000531 0.000505 0.000473 0.000436 0.000397 0.000356 0.000314 0.000273 0.000235 0.000198 0.000165 0.000136 0.000110 0.000088 0.000069 0.000053 0.000041 0.000031 0.000023 0.000017 0.000012 0.000009 0.000006 0.000004 0.000003 0.000002 0.000001 0.000001 0.000001 0.000000 0.000000 0.000000 0.000000 0.000000 0.000000 0.000000 0.000000 0.000000 0.000000 0.000000 0.000000 0.000000 0.000000 0.000000 0.000000 0.000000 0.000000 
0.000000 0.000000 0.000000 0.000000 0.000000 0.000000 0.000000 0.000000 0.000000 0.000000 0.000000 0.000000 0.000000 0.000000 0.000000 0.000000 0.000000 0.000000 0.000001 0.000001 0.000001 0.000002 0.000003 0.000005 0.000008 0.000011 0.000016 0.000022 0.000030 0.000041 0.000056 0.000074 0.000096 0.000124 0.000158 0.000198 0.000245 0.000298 0.000357 0.000422 0.000492 0.000565 0.000640 0.000714 0.000784 0.000850 0.000908 0.000955 0.000991 0.001013 0.001020 0.001013 0.000991 0.000955 0.000908 0.000850 0.000784 0.000714 0.000640 0.000565 0.000492 0.000422 0.000357 0.000298 0.000245 0.000198 0.000158 0.000124 0.000096 0.000074 0.000056 0.000041 0.000030 0.000022 0.000016 0.000011 0.000008 0.000005 0.000003 0.000002 0.000001 0.000001 0.000001 0.000000 0.000000 0.000000 0.000000 0.000000 0.000000 0.000000 0.000000 0.000000 0.000000 0.000000 0.000000 0.000000 0.000000 0.000000 0.000000 0.000000 
0.000000 0.000000 0.000000 0.000000 0.000000 0.000000 0.000000 0.000000 0.000000 0.000000 0.000000 0.000000 0.000000 0.000000 0.000000 0.000000 0.000000 0.000001 0.000001 0.000002 0.000003 0.000004 0.000006 0.000009 0.000013 0.000019 0.000028 0.000039 0.000054 0.000073 0.000099 0.000131 0.000172 0.000221 0.000281 0.000352 0.000435 0.000529 0.000634 0.000750 0.000873 0.001003 0.001135 0.001266 0.001392 0.001508 0.001610 0.001694 0.001757 0.001796 0.001809 0.001796 0.001757 0.001694 0.001610 0.001508 0.001392 0.001266 0.001135 0.001003 0.000873 0.000750 0.000634 0.000529 0.000435 0.000352 0.000281 0.000221 0.000172 0.000131 0.000099 0.000073 0.000054 0.000039 0.000028 0.000019 0.000013 0.000009 0.000006 0.000004 0.000003 0.000002 0.000001 0.000001 0.000000 0.000000 0.000000 0.000000 0.000000 0.000000 0.000000 0.000000 0.000000 0.000000 0.000000 0.000000 0.000000 0.000000 0.000000 0.000000 
0.000000 0.000000 0.000000 0.000000 0.000000 0.000000 0.000000 0.000000 0.000000 0.000000 0.000000 0.000000 0.000000 0.000000 0.000000 0.000000 0.000001 0.000001 0.000002 0.000003 0.000005 0.000007 0.000011 0.000016 0.000024 0.000034 0.000049 0.000068 0.000095 0.000129 0.000174 0.000231 0.000301 0.000388 0.000493 0.000618 0.000762 0.000927 0.001112 0.001314 0.001530 0.001757 0.001988 0.002217 0.002437 0.002640 0.002818 0.002965 0.003075 0.003143 0.003166 0.003143 0.003075 0.002965 0.002818 0.002640 0.002437 0.002217 0.001988 0.001757 0.001530 0.001314 0.001112 0.000927 0.000762 0.000618 0.000493 0.000388 0.000301 0.000231 0.000174 0.000129 0.000095 0.000068 0.000049 0.000034 0.000024 0.000016 0.000011 0.000007 0.000005 0.000003 0.000002 0.000001 0.000001 0.000000 0.000000 0.000000 0.000000 0.000000 0.000000 0.000000 0.000000 0.000000 0.000000 0.000000 0.000000 0.000000 0.000000 0.000000 
0.000000 0.000000 0.000000 0.000000 0.000000 0.000000 0.000000 0.000000 0.000000 0.000000 0.000000 0.000000 0.000000 0.000000 0.000000 0.000001 0.000001 0.000002 0.000003 0.000005 0.000008 0.000013 0.000019 0.000028 0.000041 0.000059 0.000085 0.000119 0.000164 0.000224 0.000302 0.000400 0.000522 0.000673 0.000854 0.001069 0.001319 0.001604 0.001923 0.002272 0.002646 0.003037 0.003435 0.003830 0.004209 0.004559 0.004867 0.005121 0.005311 0.005428 0.005467 0.005428 0.005311 0.005121 0.004867 0.004559 0.004209 0.003830 0.003435 0.003037 0.002646 0.002272 0.001923 0.001604 0.001319 0.001069 0.000854 0.000673 0.000522 0.000400 0.000302 0.000224 0.000164 0.000119 0.000085 0.000059 0.000041 0.000028 0.000019 0.000013 0.000008 0.000005 0.000003 0.000002 0.000001 0.000001 0.000000 0.000000 0.000000 0.000000 0.000000 0.000000 0.000000 0.000000 0.000000 0.000000 0.000000 0.000000 0.000000 0.000000 
0.000000 0.000000 0.000000 0.000000 0.000000 0.000000 0.000000 0.000000 0.000000 0.000000 0.000000 0.000000 0.000000 0.000000 0.000001 0.000001 0.000002 0.000004 0.000006 0.000009 0.000014 0.000022 0.000033 0.000048 0.000071 0.000102 0.000145 0.000204 0.000282 0.000384 0.000516 0.000684 0.000893 0.001150 0.001460 0.001826 0.002252 0.002738 0.003282 0.003876 0.004513 0.005179 0.005858 0.006530 0.007176 0.007771 0.008295 0.008727 0.009050 0.009249 0.009316 0.009249 0.009050 0.008727 0.008295 0.007771 0.007176 0.006530 0.005858 0.005179 0.004513 0.003876 0.003282 0.002738 0.002252 0.001826 0.001460 0.001150 0.000893 0.000684 0.000516 0.000384 0.000282 0.000204 0.000145 0.000102 0.000071 0.000048 0.000033 0.000022 0.000014 0.000009 0.000006 0.000004 0.000002 0.000001 0.000001 0.000000 0.000000 0.000000 0.000000 0.000000 0.000000 0.000000 0.000000 0.000000 0.000000 0.000000 0.000000 0.000000 
0.000000 0.000000 0.000000 0.000000 0.000000 0.000000 0.000000 0.000000 0.000000 0.000000 0.000000 0.000000 0.000000 0.000001 0.000001 0.000002 0.000004 0.000006 0.000010 0.000016 0.000024 0.000037 0.000055 0.000082 0.000120 0.000173 0.000246 0.000344 0.000476 0.000648 0.000871 0.001154 0.001507 0.001939 0.002461 0.003078 0.003795 0.004612 0.005526 0.006525 0.007596 0.008715 0.009855 0.010985 0.012069 0.013070 0.013950 0.014675 0.015216 0.015551 0.015664 0.015551 0.015216 0.014675 0.013950 0.013070 0.012069 0.010985 0.009855 0.008715 0.007596 0.006525 0.005526 0.004612 0.003795 0.003078 0.002461 0.001939 0.001507 0.001154 0.000871 0.000648 0.000476 0.000344 0.000246 0.000173 0.000120 0.000082 0.000055 0.000037 0.000024 0.000016 0.000010 0.000006 0.000004 0.000002 0.000001 0.000001 0.000000 0.000000 0.000000 0.000000 0.000000 0.000000 0.000000 0.000000 0.000000 0.000000 0.000000 0.000000 
0.000000 0.000000 0.000000 0.000000 0.000000 0.000000 0.000000 0.000000 0.000000 0.000000 0.000000 0.000000 0.000001 0.000001 0.000002 0.000004 0.000006 0.000010 0.000017 0.000026 0.000040 0.000061 0.000092 0.000137 0.000200 0.000288 0.000410 0.000574 0.000793 0.001080 0.001451 0.001921 0.002507 0.003226 0.004093 0.005117 0.006308 0.007665 0.009180 0.010838 0.012613 0.014469 0.016360 0.018233 0.020030 0.021688 0.023146 0.024348 0.025244 0.025798 0.025985 0.025798 0.025244 0.024348 0.023146 0.021688 0.020030 0.018233 0.016360 0.014469 0.012613 0.010838 0.009180 0.007665 0.006308 0.005117 0.004093 0.003226 0.002507 0.001921 0.001451 0.001080 0.000793 0.000574 0.000410 0.000288 0.000200 0.000137 0.000092 0.000061 0.000040 0.000026 0.000017 0.000010 0.000006 0.000004 0.000002 0.000001 0.000001 0.000000 0.000000 0.000000 0.000000 0.000000 0.000000 0.000000 0.000000 0.000000 0.000000 0.000000 
0.000000 0.000000 0.000000 0.000000 0.000000 0.000000 0.000000 0.000000 0.000000 0.000000 0.000000 0.000001 0.000001 0.000002 0.000004 0.000007 0.000011 0.000017 0.000027 0.000043 0.000066 0.000101 0.000152 0.000225 0.000329 0.000475 0.000674 0.000945 0.001304 0.001776 0.002384 0.003156 0.004117 0.005296 0.006715 0.008395 0.010345 0.012566 0.015047 0.017761 0.020666 0.023701 0.026795 0.029858 0.032796 0.035507 0.037891 0.039856 0.041322 0.042227 0.042533 0.042227 0.041322 0.039856 0.037891 0.035507 0.032796 0.029858 0.026795 0.023701 0.020666 0.017761 0.015047 0.012566 0.010345 0.008395 0.006715 0.005296 0.004117 0.003156 0.002384 0.001776 0.001304 0.000945 0.000674 0.000475 0.000329 0.000225 0.000152 0.000101 0.000066 0.000043 0.000027 0.000017 0.000011 0.000007 0.000004 0.000002 0.000001 0.000001 0.000000 0.000000 0.000000 0.000000 0.000000 0.000000 0.000000 0.000000 0.000000 0.000000 
0.000000 0.000000 0.000000 0.000000 0.000000 0.000000 0.000000 0.000000 0.000000 0.000000 0.000001 0.000001 0.000002 0.000004 0.000006 0.000011 0.000017 0.000028 0.000045 0.000070 0.000108 0.000165 0.000248 0.000367 0.000535 0.000771 0.001095 0.001533 0.002116 0.002880 0.003865 0.005113 0.006669 0.008576 0.010871 0.013585 0.016736 0.020325 0.024333 0.028715 0.033404 0.038305 0.043297 0.048240 0.052980 0.057354 0.061199 0.064368 0.066732 0.068192 0.068686 0.068192 0.066732 0.064368 0.061199 0.057354 0.052980 0.048240 0.043297 0.038305 0.033404 0.028715 0.024333 0.020325 0.016736 0.013585 0.010871 0.008576 0.006669 0.005113 0.003865 0.002880 0.002116 0.001533 0.001095 0.000771 0.000535 0.000367 0.000248 0.000165 0.000108 0.000070 0.000045 0.000028 0.000017 0.000011 0.000006 0.000004 0.000002 0.000001 0.000001 0.000000 0.000000 0.000000 0.000000 0.000000 0.000000 0.000000 0.000000 0.000000 
0.000000 0.000000 0.000000 0.000000 0.000000 0.000000 0.000000 0.000000 0.000000 0.000001 0.000001 0.000002 0.000004 0.000006 0.000010 0.000017 0.000028 0.000045 0.000072 0.000113 0.000174 0.000265 0.000397 0.000588 0.000858 0.001236 0.001754 0.002454 0.003387 0.004608 0.006181 0.008174 0.010657 0.013699 0.017361 0.021689 0.026713 0.032433 0.038819 0.045801 0.053269 0.061073 0.069022 0.076892 0.084437 0.091398 0.097518 0.102561 0.106323 0.108645 0.109431 0.108645 0.106323 0.102561 0.097518 0.091398 0.084437 0.076892 0.069022 0.061073 0.053269 0.045801 0.038819 0.032433 0.026713 0.021689 0.017361 0.013699 0.010657 0.008174 0.006181 0.004608 0.003387 0.002454 0.001754 0.001236 0.000858 0.000588 0.000397 0.000265 0.000174 0.000113 0.000072 0.000045 0.000028 0.000017 0.000010 0.000006 0.000004 0.000002 0.000001 0.000001 0.000000 0.000000 0.000000 0.000000 0.000000 0.000000 0.000000 0.000000 
0.000000 0.000000 0.000000 0.000000 0.000000 0.000000 0.000000 0.000000 0.000001 0.000001 0.000002 0.000003 0.000006 0.000010 0.000017 0.000027 0.000045 0.000072 0.000114 0.000178 0.000275 0.000419 0.000629 0.000930 0.001357 0.001953 0.002771 0.003876 0.005346 0.007271 0.009749 0.012889 0.016800 0.021588 0.027350 0.034160 0.042061 0.051055 0.061094 0.072067 0.083803 0.096064 0.108550 0.120911 0.132760 0.143690 0.153300 0.161217 0.167122 0.170769 0.172002 0.170769 0.167122 0.161217 0.153300 0.143690 0.132760 0.120911 0.108550 0.096064 0.083803 0.072067 0.061094 0.051055 0.042061 0.034160 0.027350 0.021588 0.016800 0.012889 0.009749 0.007271 0.005346 0.003876 0.002771 0.001953 0.001357 0.000930 0.000629 0.000419 0.000275 0.000178 0.000114 0.000072 0.000045 0.000027 0.000017 0.000010 0.000006 0.000003 0.000002 0.000001 0.000001 0.000000 0.000000 0.000000 0.000000 0.000000 0.000000 0.000000 
0.000000 0.000000 0.000000 0.000000 0.000000 0.000000 0.000000 0.000001 0.000001 0.000002 0.000003 0.000005 0.000009 0.000016 0.000026 0.000043 0.000070 0.000113 0.000178 0.000279 0.000430 0.000654 0.000981 0.001452 0.002117 0.003045 0.004318 0.006038 0.008325 0.011317 0.015170 0.020048 0.026123 0.033559 0.042504 0.053072 0.065331 0.079283 0.094851 0.111865 0.130058 0.149062 0.168411 0.187565 0.205922 0.222854 0.237739 0.250003 0.259149 0.264796 0.266706 0.264796 0.259149 0.250003 0.237739 0.222854 0.205922 0.187565 0.168411 0.149062 0.130058 0.111865 0.094851 0.079283 0.065331 0.053072 0.042504 0.033559 0.026123 0.020048 0.015170 0.011317 0.008325 0.006038 0.004318 0.003045 0.002117 0.001452 0.000981 0.000654 0.000430 0.000279 0.000178 0.000113 0.000070 0.000043 0.000026 0.000016 0.000009 0.000005 0.000003 0.000002 0.000001 0.000001 0.000000 0.000000 0.000000 0.000000 0.000000 0.000000 
0.000000 0.000000 0.000000 0.000000 0.000000 0.000000 0.000000 0.000001 0.000001 0.000003 0.000005 0.000008 0.000014 0.000024 0.000040 0.000066 0.000108 0.000174 0.000275 0.000430 0.000663 0.001008 0.001511 0.002234 0.003257 0.004682 0.006637 0.009276 0.012786 0.017376 0.023283 0.030760 0.040069 0.051459 0.065157 0.081336 0.100099 0.121448 0.145265 0.171290 0.199112 0.228168 0.257750 0.287028 0.315084 0.340960 0.363708 0.382447 0.396421 0.405050 0.407968 0.405050 0.396421 0.382447 0.363708 0.340960 0.315084 0.287028 0.257750 0.228168 0.199112 0.171290 0.145265 0.121448 0.100099 0.081336 0.065157 0.051459 0.040069 0.030760 0.023283 0.017376 0.012786 0.009276 0.006637 0.004682 0.003257 0.002234 0.001511 0.001008 0.000663 0.000430 0.000275 0.000174 0.000108 0.000066 0.000040 0.000024 0.000014 0.000008 0.000005 0.000003 0.000001 0.000001 0.000000 0.000000 0.000000 0.000000 0.000000 0.000000 
0.000000 0.000000 0.000000 0.000000 0.000000 0.000000 0.000001 0.000001 0.000002 0.000004 0.000007 0.000013 0.000022 0.000037 0.000061 0.000101 0.000165 0.000265 0.000419 0.000654 0.001008 0.001532 0.002295 0.003391 0.004941 0.007100 0.010061 0.014058 0.019369 0.026313 0.035247 0.046552 0.060621 0.077832 0.098523 0.122957 0.151286 0.183511 0.219454 0.258722 0.300695 0.344521 0.389134 0.433282 0.475585 0.514595 0.548887 0.577133 0.598197 0.611203 0.615601 0.611203 0.598197 0.577133 0.548887 0.514595 0.475585 0.433282 0.389134 0.344521 0.300695 0.258722 0.219454 0.183511 0.151286 0.122957 0.098523 0.077832 0.060621 0.046552 0.035247 0.026313 0.019369 0.014058 0.010061 0.007100 0.004941 0.003391 0.002295 0.001532 0.001008 0.000654 0.000419 0.000265 0.000165 0.000101 0.000061 0.000037 0.000022 0.000013 0.000007 0.000004 0.000002 0.000001 0.000001 0.000000 0.000000 0.000000 0.000000 0.000000 
0.000000 0.000000 0.000000 0.000000 0.000000 0.000001 0.000001 0.000002 0.000003 0.000006 0.000011 0.000019 0.000033 0.000055 0.000092 0.000152 0.000248 0.000397 0.000629 0.000981 0.001511 0.002295 0.003437 0.005076 0.007394 0.010621 0.015044 0.021012 0.028940 0.039303 0.052630 0.069489 0.090464 0.116115 0.146945 0.183344 0.225533 0.273517 0.327024 0.385469 0.447930 0.513139 0.579509 0.645179 0.708097 0.766113 0.817107 0.859109 0.890428 0.909766 0.916305 0.909766 0.890428 0.859109 0.817107 0.766113 0.708097 0.645179 0.579509 0.513139 0.447930 0.385469 0.327024 0.273517 0.225533 0.183344 0.146945 0.116115 0.090464 0.069489 0.052630 0.039303 0.028940 0.021012 0.015044 0.010621 0.007394 0.005076 0.003437 0.002295 0.001511 0.000981 0.000629 0.000397 0.000248 0.000152 0.000092 0.000055 0.000033 0.000019 0.000011 0.000006 0.000003 0.000002 0.000001 0.000001 0.000000 0.000000 0.000000 0.000000 
0.000000 0.000000 0.000000 0.000000 0.000000 0.000001 0.000002 0.000003 0.000005 0.000009 0.000016 0.000028 0.000048 0.000082 0.000137 0.000225 0.000367 0.000588 0.000930 0.001452 0.002234 0.003391 0.005076 0.007495 0.010912 0.015668 0.022185 0.030975 0.042647 0.057899 0.077508 0.102308 0.133150 0.170861 0.216172 0.269654 0.331632 0.402106 0.480677 0.566484 0.658171 0.753878 0.851274 0.947633 1.039942 1.125053 1.199856 1.261465 1.307402 1.335765 1.345356 1.335765 1.307402 1.261465 1.199856 1.125053 1.039942 0.947633 0.851274 0.753878 0.658171 0.566484 0.480677 0.402106 0.331632 0.269654 0.216172 0.170861 0.133150 0.102308 0.077508 0.057899 0.042647 0.030975 0.022185 0.015668 0.010912 0.007495 0.005076 0.003391 0.002234 0.001452 0.000930 0.000588 0.000367 0.000225 0.000137 0.000082 0.000048 0.000028 0.000016 0.000009 0.000005 0.000003 0.000002 0.000001 0.000000 0.000000 0.000000 0.000000 
0.000000 0.000000 0.000000 0.000000 0.000001 0.000001 0.000002 0.000004 0.000008 0.000013 0.000024 0.000041 0.000071 0.000120 0.000200 0.000329 0.000535 0.000858 0.001357 0.002117 0.003257 0.004941 0.007394 0.010912 0.015882 0.022795 0.032264 0.045034 0.061983 0.084124 0.112581 0.148559 0.193293 0.247974 0.313659 0.391171 0.480976 0.583071 0.696874 0.821137 0.953893 1.092449 1.233432 1.372897 1.506487 1.629649 1.737886 1.827027 1.893490 1.934526 1.948401 1.934526 1.893490 1.827027 1.737886 1.629649 1.506487 1.372897 1.233432 1.092449 0.953893 0.821137 0.696874 0.583071 0.480976 0.391171 0.313659 0.247974 0.193293 0.148559 0.112581 0.084124 0.061983 0.045034 0.032264 0.022795 0.015882 0.010912 0.007394 0.004941 0.003257 0.002117 0.001357 0.000858 0.000535 0.000329 0.000200 0.000120 0.000071 0.000041 0.000024 0.000013 0.000008 0.000004 0.000002 0.000001 0.000001 0.000000 0.000000 0.000000 
0.000000 0.000000 0.000000 0.000000 0.000001 0.000002 0.000003 0.000006 0.000011 0.000019 0.000034 0.000059 0.000102 0.000173 0.000288 0.000475 0.000771 0.001236 0.001953 0.003045 0.004682 0.007100 0.010621 0.015668 0.022795 0.032706 0.046277 0.064570 0.088845 0.120544 0.161275 0.212756 0.276749 0.354950 0.448868 0.559670 0.688018 0.833902 0.996486 1.173983 1.363581 1.561436 1.762731 1.961835 2.152533 2.328330 2.482814 2.610035 2.704886 2.763447 2.783248 2.763447 2.704886 2.610035 2.482814 2.328330 2.152533 1.961835 1.762731 1.561436 1.363581 1.173983 0.996486 0.833902 0.688018 0.559670 0.448868 0.354950 0.276749 0.212756 0.161275 0.120544 0.088845 0.064570 0.046277 0.032706 0.022795 0.015668 0.010621 0.007100 0.004682 0.003045 0.001953 0.001236 0.000771 0.000475 0.000288 0.000173 0.000102 0.000059 0.000034 0.000019 0.000011 0.000006 0.000003 0.000002 0.000001 0.000000 0.000000 0.000000 
0.000000 0.000000 0.000000 0.000001 0.000001 0.000003 0.000005 0.000009 0.000016 0.000028 0.000049 0.000085 0.000145 0.000246 0.000410 0.000674 0.001095 0.001754 0.002771 0.004318 0.006637 0.010061 0.015044 0.022185 0.032264 0.046277 0.065457 0.091304 0.125590 0.170350 0.227846 0.300499 0.390785 0.501090 0.633534 0.789755 0.970677 1.176278 1.405375 1.655445 1.922525 2.201197 2.484680 2.765047 3.033551 3.281056 3.498537 3.677628 3.811147 3.893579 3.921452 3.893579 3.811147 3.677628 3.498537 3.281056 3.033551 2.765047 2.484680 2.201197 1.922525 1.655445 1.405375 1.176278 0.970677 0.789755 0.633534 0.501090 0.390785 0.300499 0.227846 0.170350 0.125590 0.091304 0.065457 0.046277 0.032264 0.022185 0.015044 0.010061 0.006637 0.004318 0.002771 0.001754 0.001095 0.000674 0.000410 0.000246 0.000145 0.000085 0.000049 0.000028 0.000016 0.000009 0.000005 0.000003 0.000001 0.000001 0.000000 0.000000 
0.000000 0.000000 0.000000 0.000001 0.000002 0.000004 0.000007 0.000012 0.000022 0.000039 0.000068 0.000119 0.000204 0.000344 0.000574 0.000945 0.001533 0.002454 0.003876 0.006038 0.009276 0.014058 0.021012 0.030975 0.045034 0.064570 0.091304 0.127318 0.175077 0.237409 0.317454 0.418573 0.544204 0.697656 0.881865 1.099098 1.350630 1.636422 1.954819 2.302311 2.673386 3.060515 3.454281 3.843679 4.216567 4.560264 4.862251 5.110916 5.296298 5.410746 5.449444 5.410746 5.296298 5.110916 4.862251 4.560264 4.216567 3.843679 3.454281 3.060515 2.673386 2.302311 1.954819 1.636422 1.350630 1.099098 0.881865 0.697656 0.544204 0.418573 0.317454 0.237409 0.175077 0.127318 0.091304 0.064570 0.045034 0.030975 0.021012 0.014058 0.009276 0.006038 0.003876 0.002454 0.001533 0.000945 0.000574 0.000344 0.000204 0.000119 0.000068 0.000039 0.000022 0.000012 0.000007 0.000004 0.000002 0.000001 0.000000 0.000000 
0.000000 0.000000 0.000001 0.000001 0.000003 0.000005 0.000009 0.000017 0.000030 0.000054 0.000095 0.000164 0.000282 0.000476 0.000793 0.001304 0.002116 0.003387 0.005346 0.008325 0.012786 0.019369 0.028940 0.042647 0.061983 0.088845 0.125590 0.175077 0.240684 0.326286 0.436186 0.574986 0.747390 0.957926 1.210607 1.508528 1.853425 2.245229 2.681661 3.157902 3.666394 4.196820 4.736279 5.269700 5.780459 6.251199 6.664785 7.005328 7.259196 7.415921 7.468912 7.415921 7.259196 7.005328 6.664785 6.251199 5.780459 5.269700 4.736279 4.196820 3.666394 3.157902 2.681661 2.245229 1.853425 1.508528 1.210607 0.957926 0.747390 0.574986 0.436186 0.326286 0.240684 0.175077 0.125590 0.088845 0.061983 0.042647 0.028940 0.019369 0.012786 0.008325 0.005346 0.003387 0.002116 0.001304 0.000793 0.000476 0.000282 0.000164 0.000095 0.000054 0.000030 0.000017 0.000009 0.000005 0.000003 0.000001 0.000001 0.000000 
0.000000 0.000000 0.000001 0.000002 0.000004 0.000007 0.000012 0.000023 0.000041 0.000073 0.000129 0.000224 0.000384 0.000648 0.001080 0.001776 0.002880 0.004608 0.007271 0.011317 0.017376 0.026313 0.039303 0.057899 0.084124 0.120544 0.170350 0.237409 0.326286 0.442219 0.591024 0.778915 1.012241 1.297114 1.638943 2.041896 2.508302 3.038053 3.628053 4.271777 4.959005 5.675789 6.404703 7.125388 7.815397 8.451298 9.009958 9.469931 9.812821 10.024497 10.096068 10.024497 9.812821 9.469931 9.009958 8.451298 7.815397 7.125388 6.404703 5.675789 4.959005 4.271777 3.628053 3.038053 2.508302 2.041896 1.638943 1.297114 1.012241 0.778915 0.591024 0.442219 0.326286 0.237409 0.170350 0.120544 0.084124 0.057899 0.039303 0.026313 0.017376 0.011317 0.007271 0.004608 0.002880 0.001776 0.001080 0.000648 0.000384 0.000224 0.000129 0.000073 0.000041 0.000023 0.000012 0.000007 0.000004 0.000002 0.000001 0.000000 
0.000000 0.000001 0.000001 0.000002 0.000005 0.000009 0.000017 0.000031 0.000056 0.000099 0.000174 0.000302 0.000516 0.000871 0.001451 0.002384 0.003865 0.006181 0.009749 0.015170 0.023283 0.035247 0.052630 0.077508 0.112581 0.161275 0.227846 0.317454 0.436186 0.591024 0.789716 1.040542 1.351955 1.732087 2.188134 2.725631 3.347660 4.054058 4.840678 5.698809 6.614818 7.570114 8.541476 9.501785 10.421145 11.268352 12.012610 12.625368 13.082135 13.364106 13.459442 13.364106 13.082135 12.625368 12.012610 11.268352 10.421145 9.501785 8.541476 7.570114 6.614818 5.698809 4.840678 4.054058 3.347660 2.725631 2.188134 1.732087 1.351955 1.040542 0.789716 0.591024 0.436186 0.317454 0.227846 0.161275 0.112581 0.077508 0.052630 0.035247 0.023283 0.015170 0.009749 0.006181 0.003865 0.002384 0.001451 0.000871 0.000516 0.000302 0.000174 0.000099 0.000056 0.000031 0.000017 0.000009 0.000005 0.000002 0.000001 0.000000 
0.000000 0.000001 0.000002 0.000003 0.000006 0.000012 0.000022 0.000041 0.000074 0.000131 0.000231 0.000400 0.000684 0.001154 0.001921 0.003156 0.005113 0.008174 0.012889 0.020048 0.030760 0.046552 0.069489 0.102308 0.148559 0.212756 0.300499 0.418573 0.574986 0.778915 1.040542 1.370745 1.780625 2.280854 2.880872 3.587930 4.406055 5.335005 6.369306 7.497486 8.701615 9.957251 11.233879 12.495870 13.703957 14.817159 15.795035 16.600099 17.200197 17.570640 17.695889 17.570640 17.200197 16.600099 15.795035 14.817159 13.703957 12.495870 11.233879 9.957251 8.701615 7.497486 6.369306 5.335005 4.406055 3.587930 2.880872 2.280854 1.780625 1.370745 1.040542 0.778915 0.574986 0.418573 0.300499 0.212756 0.148559 0.102308 0.069489 0.046552 0.030760 0.020048 0.012889 0.008174 0.005113 0.003156 0.001921 0.001154 0.000684 0.000400 0.000231 0.000131 0.000074 0.000041 0.000022 0.000012 0.000006 0.000003 0.000001 0.000000 
0.000000 0.000001 0.000002 0.000004 0.000008 0.000016 0.000029 0.000053 0.000096 0.000172 0.000301 0.000522 0.000893 0.001507 0.002507 0.004117 0.006669 0.010657 0.016800 0.026123 0.040069 0.060621 0.090464 0.133150 0.193293 0.276749 0.390785 0.544204 0.747390 1.012241 1.351955 1.780625 2.312625 2.961776 3.740287 4.657529 5.718690 6.923424 8.264607 9.727342 11.288371 12.916005 14.570697 16.206283 17.771893 19.214448 20.481575 21.524729 22.302277 22.782250 22.944530 22.782250 22.302277 21.524729 20.481575 19.214448 17.771893 16.206283 14.570697 12.916005 11.288371 9.727342 8.264607 6.923424 5.718690 4.657529 3.740287 2.961776 2.312625 1.780625 1.351955 1.012241 0.747390 0.544204 0.390785 0.276749 0.193293 0.133150 0.090464 0.060621 0.040069 0.026123 0.016800 0.010657 0.006669 0.004117 0.002507 0.001507 0.000893 0.000522 0.000301 0.000172 0.000096 0.000053 0.000029 0.000016 0.000008 0.000004 0.000002 0.000000 
0.000000 0.000001 0.000003 0.000006 0.000011 0.000020 0.000038 0.000069 0.000124 0.000221 0.000388 0.000673 0.001150 0.001939 0.003226 0.005296 0.008576 0.013699 0.021588 0.033559 0.051459 0.077832 0.116115 0.170861 0.247974 0.354950 0.501090 0.697656 0.957926 1.297114 1.732087 2.280854 2.961776 3.792496 4.788594 5.962013 7.319350 8.860121 10.575183 12.445463 14.441208 16.521904 18.637003 20.727516 22.728454 24.572013 26.191297 27.524311 28.517885 29.131198 29.338558 29.131198 28.517885 27.524311 26.191297 24.572013 22.728454 20.727516 18.637003 16.521904 14.441208 12.445463 10.575183 8.860121 7.319350 5.962013 4.788594 3.792496 2.961776 2.280854 1.732087 1.297114 0.957926 0.697656 0.501090 0.354950 0.247974 0.170861 0.116115 0.077832 0.051459 0.033559 0.021588 0.013699 0.008576 0.005296 0.003226 0.001939 0.001150 0.000673 0.000388 0.000221 0.000124 0.000069 0.000038 0.000020 0.000011 0.000005 0.000002 0.000000 
0.000000 0.000001 0.000004 0.000007 0.000014 0.000026 0.000048 0.000088 0.000158 0.000281 0.000493 0.000854 0.001460 0.002461 0.004093 0.006715 0.010871 0.017361 0.027350 0.042504 0.065157 0.098523 0.146945 0.216172 0.313659 0.448868 0.633534 0.881865 1.210607 1.638943 2.188134 2.880872 3.740287 4.788594 6.045399 7.525718 9.237821 11.181052 13.343841 15.702108 18.218320 20.841397 23.507624 26.142663 28.664633 30.988113 33.028841 34.708731 35.960818 36.733690 36.994995 36.733690 35.960818 34.708731 33.028841 30.988113 28.664633 26.142663 23.507624 20.841397 18.218320 15.702108 13.343841 11.181052 9.237821 7.525718 6.045399 4.788594 3.740287 2.880872 2.188134 1.638943 1.210607 0.881865 0.633534 0.448868 0.313659 0.216172 0.146945 0.098523 0.065157 0.042504 0.027350 0.017361 0.010871 0.006715 0.004093 0.002461 0.001460 0.000854 0.000493 0.000281 0.000158 0.000088 0.000048 0.000026 0.000014 0.000007 0.000003 0.000000 
0.000000 0.000002 0.000004 0.000009 0.000017 0.000032 0.000060 0.000110 0.000198 0.000352 0.000618 0.001069 0.001826 0.003078 0.005117 0.008395 0.013585 0.021689 0.034160 0.053072 0.081336 0.122957 0.183344 0.269654 0.391171 0.559670 0.789755 1.099098 1.508528 2.041896 2.725631 3.587930 4.657529 5.962013 7.525718 9.367263 11.496874 13.913684 16.603257 19.535615 22.664071 25.925110 29.239536 32.514964 35.649653 38.537480 41.073767 43.161518 44.717560 45.678038 46.002768 45.678038 44.717560 43.161518 41.073767 38.537480 35.649653 32.514964 29.239536 25.925110 22.664071 19.535615 16.603257 13.913684 11.496874 9.367263 7.525718 5.962013 4.657529 3.587930 2.725631 2.041896 1.508528 1.099098 0.789755 0.559670 0.391171 0.269654 0.183344 0.122957 0.081336 0.053072 0.034160 0.021689 0.013585 0.008395 0.005117 0.003078 0.001826 0.001069 0.000618 0.000352 0.000198 0.000110 0.000060 0.000032 0.000017 0.000009 0.000004 0.000000 
0.000000 0.000002 0.000005 0.000011 0.000021 0.000040 0.000074 0.000136 0.000245 0.000435 0.000762 0.001319 0.002252 0.003795 0.006308 0.010345 0.016736 0.026713 0.042061 0.065331 0.100099 0.151286 0.225533 0.331632 0.480976 0.688018 0.970677 1.350630 1.853425 2.508302 3.347660 4.406055 5.718690 7.319350 9.237821 11.496874 14.108987 17.073032 20.371254 23.966854 27.802563 31.800506 35.863601 39.878630 43.720921 47.260453 50.368985 52.927700 54.834713 56.011810 56.409776 56.011810 54.834713 52.927700 50.368985 47.260453 43.720921 39.878630 35.863601 31.800506 27.802563 23.966854 20.371254 17.073032 14.108987 11.496874 9.237821 7.319350 5.718690 4.406055 3.347660 2.508302 1.853425 1.350630 0.970677 0.688018 0.480976 0.331632 0.225533 0.151286 0.100099 0.065331 0.042061 0.026713 0.016736 0.010345 0.006308 0.003795 0.002252 0.001319 0.000762 0.000435 0.000245 0.000136 0.000074 0.000040 0.000021 0.000011 0.000004 0.000000 
0.000000 0.000003 0.000007 0.000014 0.000026 0.000049 0.000091 0.000165 0.000298 0.000529 0.000927 0.001604 0.002738 0.004612 0.007665 0.012566 0.020325 0.032433 0.051055 0.079283 0.121448 0.183511 0.273517 0.402106 0.583071 0.833902 1.176278 1.636422 2.245229 3.038053 4.054058 5.335005 6.923424 8.860121 11.181052 13.913684 17.073032 20.657665 24.646049 28.993645 33.631183 38.464502 43.376253 48.229605 52.873907 57.152059 60.909130 64.001580 66.306334 67.728915 68.209872 67.728915 66.306334 64.001580 60.909130 57.152059 52.873907 48.229605 43.376253 38.464502 33.631183 28.993645 24.646049 20.657665 17.073032 13.913684 11.181052 8.860121 6.923424 5.335005 4.054058 3.038053 2.245229 1.636422 1.176278 0.833902 0.583071 0.402106 0.273517 0.183511 0.121448 0.079283 0.051055 0.032433 0.020325 0.012566 0.007665 0.004612 0.002738 0.001604 0.000927 0.000529 0.000298 0.000165 0.000090 0.000049 0.000026 0.000013 0.000005 0.000000 
0.000000 0.000003 0.000008 0.000016 0.000031 0.000059 0.000109 0.000198 0.000357 0.000634 0.001112 0.001923 0.003282 0.005526 0.009180 0.015047 0.024333 0.038819 0.061094 0.094851 0.145265 0.219454 0.327024 0.480677 0.696874 0.996486 1.405375 1.954819 2.681661 3.628053 4.840678 6.369306 8.264607 10.575183 13.343841 16.603257 20.371254 24.646049 29.401899 34.585649 40.114677 45.876718 51.731895 57.517130 63.052905 68.152033 72.629927 76.315584 79.062389 80.757796 81.330988 80.757796 79.062389 76.315584 72.629927 68.152033 63.052905 57.517130 51.731895 45.876718 40.114677 34.585649 29.401899 24.646049 20.371254 16.603257 13.343841 10.575183 8.264607 6.369306 4.840678 3.628053 2.681661 1.954819 1.405375 0.996486 0.696874 0.480677 0.327024 0.219454 0.145265 0.094851 0.061094 0.038819 0.024333 0.015047 0.009180 0.005526 0.003282 0.001923 0.001112 0.000634 0.000357 0.000198 0.000109 0.000059 0.000031 0.000015 0.000006 0.000000 
0.000000 0.000004 0.000010 0.000019 0.000037 0.000070 0.000129 0.000235 0.000422 0.000750 0.001314 0.002272 0.003876 0.006525 0.010838 0.017761 0.028715 0.045801 0.072067 0.111865 0.171290 0.258722 0.385469 0.566484 0.821137 1.173983 1.655445 2.302311 3.157902 4.271777 5.698809 7.497486 9.727342 12.445463 15.702108 19.535615 23.966854 28.993645 34.585649 40.680311 47.180466 53.954125 60.836871 67.637052 74.143712 80.136913 85.399785 89.731428 92.959604 94.952100 95.625730 94.952100 92.959604 89.731428 85.399785 80.136913 74.143712 67.637052 60.836871 53.954125 47.180466 40.680311 34.585649 28.993645 23.966854 19.535615 15.702108 12.445463 9.727342 7.497486 5.698809 4.271777 3.157902 2.302311 1.655445 1.173983 0.821137 0.566484 0.385469 0.258722 0.171290 0.111865 0.072067 0.045801 0.028715 0.017761 0.010838 0.006525 0.003876 0.002272 0.001314 0.000750 0.000422 0.000235 0.000128 0.000069 0.000037 0.000018 0.000008 0.000000 
0.000000 0.000005 0.000011 0.000022 0.000043 0.000081 0.000150 0.000273 0.000492 0.000873 0.001530 0.002646 0.004513 0.007596 0.012613 0.020666 0.033404 0.053269 0.083803 0.130058 0.199112 0.300695 0.447930 0.658171 0.953893 1.363581 1.922525 2.673386 3.666394 4.959005 6.614818 8.701615 11.288371 14.441208 18.218320 22.664071 27.802563 33.631183 40.114677 47.180466 54.715872 62.567880 70.545918 78.427880 85.969318 92.915394 99.014843 104.034919 107.776086 110.085184 110.865847 110.085184 107.776086 104.034919 99.014843 92.915394 85.969318 78.427880 70.545918 62.567880 54.715872 47.180466 40.114677 33.631183 27.802563 22.664071 18.218320 14.441208 11.288371 8.701615 6.614818 4.959005 3.666394 2.673386 1.922525 1.363581 0.953893 0.658171 0.447930 0.300695 0.199112 0.130058 0.083803 0.053269 0.033404 0.020666 0.012613 0.007596 0.004513 0.002646 0.001530 0.000873 0.000492 0.000273 0.000150 0.000081 0.000043 0.000021 0.000009 0.000000 
0.000000 0.000005 0.000013 0.000026 0.000050 0.000093 0.000172 0.000314 0.000565 0.001003 0.001757 0.003037 0.005179 0.008715 0.014469 0.023701 0.038305 0.061073 0.096064 0.149062 0.228168 0.344521 0.513139 0.753878 1.092449 1.561436 2.201197 3.060515 4.196820 5.675789 7.570114 9.957251 12.916005 16.521904 20.841397 25.925110 31.800506 38.464502 45.876718 53.954125 62.567880 71.543065 80.661872 89.670480 98.289568 106.227964 113.198599 118.935570 123.210928 125.849708 126.741826 125.849708 123.210928 118.935570 113.198599 106.227964 98.289568 89.670480 80.661872 71.543065 62.567880 53.954125 45.876718 38.464502 31.800506 25.925110 20.841397 16.521904 12.916005 9.957251 7.570114 5.675789 4.196820 3.060515 2.201197 1.561436 1.092449 0.753878 0.513139 0.344521 0.228168 0.149062 0.096064 0.061073 0.038305 0.023701 0.014469 0.008715 0.005179 0.003037 0.001757 0.001003 0.000565 0.000314 0.000172 0.000093 0.000049 0.000025 0.000010 0.000000 
0.000000 0.000006 0.000015 0.000029 0.000056 0.000106 0.000195 0.000356 0.000640 0.001135 0.001988 0.003435 0.005858 0.009855 0.016360 0.026795 0.043297 0.069022 0.108550 0.168411 0.257750 0.389134 0.579509 0.851274 1.233432 1.762731 2.484680 3.454281 4.736279 6.404703 8.541476 11.233879 14.570697 18.637003 23.507624 29.239536 35.863601 43.376253 51.731895 60.836871 70.545918 80.661872 90.939260 101.092061 110.805544 119.751649 127.606957 134.071908 138.889709 141.863260 142.868551 141.863260 138.889709 134.071908 127.606957 119.751649 110.805544 101.092061 90.939260 80.661872 70.545918 60.836871 51.731895 43.376253 35.863601 29.239536 23.507624 18.637003 14.570697 11.233879 8.541476 6.404703 4.736279 3.454281 2.484680 1.762731 1.233432 0.851274 0.579509 0.389134 0.257750 0.168411 0.108550 0.069022 0.043297 0.026795 0.016360 0.009855 0.005858 0.003435 0.001988 0.001135 0.000640 0.000356 0.000195 0.000105 0.000055 0.000028 0.000011 0.000000 
