0.000000 0.000000 0.000000 0.000000 0.000000 0.000000 0.000000 0.000000 0.000000 0.000000 0.000000 0.000000 0.000000 0.000000 0.000000 0.000000 0.000000 0.000000 0.000000 0.000000 0.000000 0.000000 0.000000 0.000000 0.000000 0.000000 0.000000 0.000000 0.000000 0.000000 0.000000 0.000000 0.000000 0.000000 0.000000 0.000000 0.000000 0.000000 0.000000 0.000000 0.000000 0.000000 0.000000 0.000000 0.000000 0.000000 0.000000 0.000000 0.000000 0.000000 0.000000 0.000000 0.000000 0.000000 0.000000 0.000000 0.000000 0.000000 0.000000 0.000000 0.000000 0.000000 0.000000 0.000000 0.000000 0.000000 0.000000 0.000000 0.000000 0.000000 0.000000 0.000000 0.000000 0.000000 0.000000 0.000000 0.000000 0.000000 0.000000 0.000000 0.000000 0.000000 0.000000 0.000000 0.000000 0.000000 0.000000 0.000000 0.000000 0.000000 0.000000 0.000000 0.000000 0.000000 0.000000 0.000000 0.000000 0.000000 0.000000 0.000000 
0.000000 0.000000 0.000000 0.000000 0.000000 0.000000 0.000000 0.000000 0.000000 0.000000 0.000000 0.000000 0.000000 0.000000 0.000000 0.000000 0.000001 0.000001 0.000001 0.000002 0.000003 0.000004 0.000005 0.000007 0.000009 0.000012 0.000016 0.000020 0.000026 0.000033 0.000041 0.000051 0.000062 0.000075 0.000090 0.000106 0.000124 0.000144 0.000165 0.000187 0.000210 0.000232 0.000255 0.000276 0.000297 0.000315 0.000331 0.000344 0.000353 0.000359 0.000361 0.000359 0.000353 0.000344 0.000331 0.000315 0.000297 0.000276 0.000255 0.000232 0.000210 0.000187 0.000165 0.000144 0.000124 0.000106 0.000090 0.000075 0.000062 0.000051 0.000041 0.000033 0.000026 0.000020 0.000016 0.000012 0.000009 0.000007 0.000005 0.000004 0.000003 0.000002 0.000001 0.000001 0.000001 0.000000 0.000000 0.000000 0.000000 0.000000 0.000000 0.000000 0.000000 0.000000 0.000000 0.000000 0.000000 0.000000 0.000000 0.000000 
0.000000 0.000000 0.000000 0.000000 0.000000 0.000000 0.000000 0.000000 0.000000 0.000000 0.000000 0.000000 0.000000 0.000000 0.000001 0.000001 0.000002 0.000002 0.000003 0.000004 0.000006 0.000008 0.000012 0.000016 0.000021 0.000027 0.000036 0.000046 0.000059 0.000074 0.000092 0.000114 0.000139 0.000169 0.000202 0.000239 0.000279 0.000323 0.000370 0.000419 0.000470 0.000521 0.000572 0.000620 0.000666 0.000707 0.000742 0.000771 0.000792 0.000805 0.000809 0.000805 0.000792 0.000771 0.000742 0.000707 0.000666 0.000620 0.000572 0.000521 0.000470 0.000419 0.000370 0.000323 0.000279 0.000239 0.000202 0.000169 0.000139 0.000114 0.000092 0.000074 0.000059 0.000046 0.000036 0.000027 0.000021 0.000016 0.000012 0.000008 0.000006 0.000004 0.000003 0.000002 0.000002 0.000001 0.000001 0.000000 0.000000 0.000000 0.000000 0.000000 0.000000 0.000000 0.000000 0.000000 0.000000 0.000000 0.000000 0.000000 
0.000000 0.000000 0.000000 0.000000 0.000000 0.000000 0.000000 0.000000 0.000000 0.000000 0.000000 0.000000 0.000001 0.000001 0.000001 0.000002 0.000003 0.000004 0.000006 0.000008 0.000011 0.000015 0.000021 0.000028 0.000037 0.000049 0.000064 0.000082 0.000105 0.000133 0.000166 0.000205 0.000250 0.000302 0.000362 0.000428 0.000501 0.000580 0.000664 0.000752 0.000843 0.000935 0.001025 0.001112 0.001193 0.001267 0.001330 0.001382 0.001420 0.001443 0.001451 0.001443 0.001420 0.001382 0.001330 0.001267 0.001193 0.001112 0.001025 0.000935 0.000843 0.000752 0.000664 0.000580 0.000501 0.000428 0.000362 0.000302 0.000250 0.000205 0.000166 0.000133 0.000105 0.000082 0.000064 0.000049 0.000037 0.000028 0.000021 0.000015 0.000011 0.000008 0.000006 0.000004 0.000003 0.000002 0.000001 0.000001 0.000001 0.000000 0.000000 0.000000 0.000000 0.000000 0.000000 0.000000 0.000000 0.000000 0.000000 0.000000 
0.000000 0.000000 0.000000 0.000000 0.000000 0.000000 0.000000 0.000000 0.000000 0.000000 0.000000 0.000001 0.000001 0.000001 0.000002 0.000003 0.000005 0.000007 0.000010 0.000013 0.000019 0.000026 0.000035 0.000047 0.000063 0.000082 0.000107 0.000138 0.000176 0.000223 0.000278 0.000343 0.000419 0.000507 0.000606 0.000717 0.000839 0.000971 0.001112 0.001260 0.001411 0.001565 0.001716 0.001861 0.001997 0.002120 0.002226 0.002312 0.002376 0.002415 0.002428 0.002415 0.002376 0.002312 0.002226 0.002120 0.001997 0.001861 0.001716 0.001565 0.001411 0.001260 0.001112 0.000971 0.000839 0.000717 0.000606 0.000507 0.000419 0.000343 0.000278 0.000223 0.000176 0.000138 0.000107 0.000082 0.000063 0.000047 0.000035 0.000026 0.000019 0.000013 0.000010 0.000007 0.000005 0.000003 0.000002 0.000001 0.000001 0.000001 0.000000 0.000000 0.000000 0.000000 0.000000 0.000000 0.000000 0.000000 0.000000 0.000000 
0.000000 0.000000 0.000000 0.000000 0.000000 0.000000 0.000000 0.000000 0.000000 0.000000 0.000001 0.000001 0.000002 0.000002 0.000004 0.000005 0.000008 0.000011 0.000016 0.000022 0.000030 0.000042 0.000057 0.000077 0.000102 0.000134 0.000175 0.000225 0.000287 0.000363 0.000453 0.000559 0.000683 0.000825 0.000986 0.001166 0.001364 0.001579 0.001808 0.002048 0.002295 0.002543 0.002789 0.003025 0.003246 0.003445 0.003618 0.003758 0.003861 0.003924 0.003945 0.003924 0.003861 0.003758 0.003618 0.003445 0.003246 0.003025 0.002789 0.002543 0.002295 0.002048 0.001808 0.001579 0.001364 0.001166 0.000986 0.000825 0.000683 0.000559 0.000453 0.000363 0.000287 0.000225 0.000175 0.000134 0.000102 0.000077 0.000057 0.000042 0.000030 0.000022 0.000016 0.000011 0.000008 0.000005 0.000004 0.000002 0.000002 0.000001 0.000001 0.000000 0.000000 0.000000 0.000000 0.000000 0.000000 0.000000 0.000000 0.000000 
0.000000 0.000000 0.000000 0.000000 0.000000 0.000000 0.000000 0.000000 0.000000 0.000001 0.000001 0.000002 0.000003 0.000004 0.000006 0.000009 0.000012 0.000018 0.000025 0.000035 0.000049 0.000067 0.000091 0.000123 0.000163 0.000215 0.000280 0.000361 0.000460 0.000581 0.000725 0.000895 0.001093 0.001320 0.001578 0.001866 0.002182 0.002526 0.002891 0.003275 0.003669 0.004066 0.004458 0.004835 0.005188 0.005507 0.005782 0.006005 0.006170 0.006271 0.006305 0.006271 0.006170 0.006005 0.005782 0.005507 0.005188 0.004835 0.004458 0.004066 0.003669 0.003275 0.002891 0.002526 0.002182 0.001866 0.001578 0.001320 0.001093 0.000895 0.000725 0.000581 0.000460 0.000361 0.000280 0.000215 0.000163 0.000123 0.000091 0.000067 0.000049 0.000035 0.000025 0.000018 0.000012 0.000009 0.000006 0.000004 0.000003 0.000002 0.000001 0.000001 0.000000 0.000000 0.000000 0.000000 0.000000 0.000000 0.000000 0.000000 
0.000000 0.000000 0.000000 0.000000 0.000000 0.000000 0.000000 0.000000 0.000001 0.000001 0.000002 0.000003 0.000004 0.000006 0.000009 0.000014 0.000020 0.000028 0.000040 0.000056 0.000078 0.000107 0.000145 0.000195 0.000259 0.000341 0.000444 0.000572 0.000728 0.000919 0.001146 0.001414 0.001727 0.002086 0.002493 0.002948 0.003448 0.003989 0.004567 0.005171 0.005793 0.006420 0.007038 0.007633 0.008189 0.008691 0.009125 0.009477 0.009737 0.009897 0.009951 0.009897 0.009737 0.009477 0.009125 0.008691 0.008189 0.007633 0.007038 0.006420 0.005793 0.005171 0.004567 0.003989 0.003448 0.002948 0.002493 0.002086 0.001727 0.001414 0.001146 0.000919 0.000728 0.000572 0.000444 0.000341 0.000259 0.000195 0.000145 0.000107 0.000078 0.000056 0.000040 0.000028 0.000020 0.000014 0.000009 0.000006 0.000004 0.000003 0.000002 0.000001 0.000001 0.000000 0.000000 0.000000 0.000000 0.000000 0.000000 0.000000 
0.000000 0.000000 0.000000 0.000000 0.000000 0.000000 0.000000 0.000001 0.000001 0.000002 0.000003 0.000004 0.000007 0.000010 0.000015 0.000021 0.000031 0.000044 0.000063 0.000088 0.000122 0.000167 0.000227 0.000305 0.000405 0.000533 0.000694 0.000894 0.001140 0.001437 0.001792 0.002212 0.002700 0.003261 0.003897 0.004606 0.005387 0.006232 0.007133 0.008077 0.009047 0.010025 0.010990 0.011918 0.012785 0.013568 0.014245 0.014794 0.015200 0.015448 0.015532 0.015448 0.015200 0.014794 0.014245 0.013568 0.012785 0.011918 0.010990 0.010025 0.009047 0.008077 0.007133 0.006232 0.005387 0.004606 0.003897 0.003261 0.002700 0.002212 0.001792 0.001437 0.001140 0.000894 0.000694 0.000533 0.000405 0.000305 0.000227 0.000167 0.000122 0.000088 0.000063 0.000044 0.000031 0.000021 0.000015 0.000010 0.000007 0.000004 0.000003 0.000002 0.000001 0.000001 0.000000 0.000000 0.000000 0.000000 0.000000 0.000000 
0.000000 0.000000 0.000000 0.000000 0.000000 0.000000 0.000001 0.000001 0.000002 0.000003 0.000004 0.000007 0.000010 0.000015 0.000023 0.000033 0.000048 0.000068 0.000097 0.000136 0.000189 0.000259 0.000352 0.000473 0.000628 0.000827 0.001076 0.001385 0.001765 0.002224 0.002774 0.003422 0.004177 0.005044 0.006026 0.007123 0.008329 0.009634 0.011026 0.012483 0.013981 0.015491 0.016980 0.018413 0.019752 0.020961 0.022005 0.022853 0.023478 0.023862 0.023991 0.023862 0.023478 0.022853 0.022005 0.020961 0.019752 0.018413 0.016980 0.015491 0.013981 0.012483 0.011026 0.009634 0.008329 0.007123 0.006026 0.005044 0.004177 0.003422 0.002774 0.002224 0.001765 0.001385 0.001076 0.000827 0.000628 0.000473 0.000352 0.000259 0.000189 0.000136 0.000097 0.000068 0.000048 0.000033 0.000023 0.000015 0.000010 0.000007 0.000004 0.000003 0.000002 0.000001 0.000001 0.000000 0.000000 0.000000 0.000000 0.000000 
0.000000 0.000000 0.000000 0.000000 0.000000 0.000001 0.000001 0.000002 0.000003 0.000004 0.000007 0.000010 0.000016 0.000024 0.000035 0.000051 0.000074 0.000105 0.000149 0.000209 0.000290 0.000398 0.000540 0.000725 0.000964 0.001267 0.001649 0.002123 0.002704 0.003407 0.004248 0.005241 0.006396 0.007722 0.009224 0.010900 0.012744 0.014740 0.016867 0.019094 0.021383 0.023691 0.025966 0.028154 0.030200 0.032047 0.033642 0.034937 0.035893 0.036478 0.036676 0.036478 0.035893 0.034937 0.033642 0.032047 0.030200 0.028154 0.025966 0.023691 0.021383 0.019094 0.016867 0.014740 0.012744 0.010900 0.009224 0.007722 0.006396 0.005241 0.004248 0.003407 0.002704 0.002123 0.001649 0.001267 0.000964 0.000725 0.000540 0.000398 0.000290 0.000209 0.000149 0.000105 0.000074 0.000051 0.000035 0.000024 0.000016 0.000010 0.000007 0.000004 0.000003 0.000002 0.000001 0.000001 0.000000 0.000000 0.000000 0.000000 
0.000000 0.000000 0.000000 0.000000 0.000001 0.000001 0.000002 0.000003 0.000004 0.000007 0.000010 0.000016 0.000024 0.000036 0.000053 0.000077 0.000112 0.000160 0.000227 0.000318 0.000440 0.000604 0.000820 0.001101 0.001463 0.001923 0.002502 0.003220 0.004100 0.005166 0.006440 0.007943 0.009692 0.011700 0.013973 0.016511 0.019301 0.022321 0.025538 0.028907 0.032370 0.035860 0.039301 0.042610 0.045703 0.048496 0.050907 0.052865 0.054310 0.055196 0.055494 0.055196 0.054310 0.052865 0.050907 0.048496 0.045703 0.042610 0.039301 0.035860 0.032370 0.028907 0.025538 0.022321 0.019301 0.016511 0.013973 0.011700 0.009692 0.007943 0.006440 0.005166 0.004100 0.003220 0.002502 0.001923 0.001463 0.001101 0.000820 0.000604 0.000440 0.000318 0.000227 0.000160 0.000112 0.000077 0.000053 0.000036 0.000024 0.000016 0.000010 0.000007 0.000004 0.000003 0.000002 0.000001 0.000001 0.000000 0.000000 0.000000 
0.000000 0.000000 0.000000 0.000001 0.000001 0.000002 0.000003 0.000004 0.000007 0.000010 0.000016 0.000024 0.000036 0.000054 0.000080 0.000117 0.000168 0.000241 0.000341 0.000478 0.000662 0.000908 0.001232 0.001654 0.002197 0.002888 0.003756 0.004834 0.006154 0.007753 0.009662 0.011915 0.014536 0.017545 0.020951 0.024752 0.028931 0.033454 0.038272 0.043316 0.048500 0.053724 0.058875 0.063828 0.068458 0.072637 0.076245 0.079176 0.081338 0.082663 0.083110 0.082663 0.081338 0.079176 0.076245 0.072637 0.068458 0.063828 0.058875 0.053724 0.048500 0.043316 0.038272 0.033454 0.028931 0.024752 0.020951 0.017545 0.014536 0.011915 0.009662 0.007753 0.006154 0.004834 0.003756 0.002888 0.002197 0.001654 0.001232 0.000908 0.000662 0.000478 0.000341 0.000241 0.000168 0.000117 0.000080 0.000054 0.000036 0.000024 0.000016 0.000010 0.000007 0.000004 0.000003 0.000002 0.000001 0.000001 0.000000 0.000000 
0.000000 0.000000 0.000000 0.000001 0.000001 0.000002 0.000004 0.000006 0.000010 0.000015 0.000024 0.000036 0.000054 0.000081 0.000119 0.000174 0.000251 0.000359 0.000508 0.000711 0.000985 0.001351 0.001832 0.002460 0.003267 0.004293 0.005582 0.007182 0.009142 0.011514 0.014348 0.017689 0.021577 0.026040 0.031091 0.036726 0.042921 0.049626 0.056767 0.064241 0.071924 0.079664 0.087295 0.094633 0.101492 0.107682 0.113027 0.117367 0.120569 0.122532 0.123194 0.122532 0.120569 0.117367 0.113027 0.107682 0.101492 0.094633 0.087295 0.079664 0.071924 0.064241 0.056767 0.049626 0.042921 0.036726 0.031091 0.026040 0.021577 0.017689 0.014348 0.011514 0.009142 0.007182 0.005582 0.004293 0.003267 0.002460 0.001832 0.001351 0.000985 0.000711 0.000508 0.000359 0.000251 0.000174 0.000119 0.000081 0.000054 0.000036 0.000024 0.000015 0.000010 0.000006 0.000004 0.000002 0.000001 0.000001 0.000000 0.000000 
0.000000 0.000000 0.000001 0.000001 0.000002 0.000004 0.000006 0.000009 0.000015 0.000023 0.000035 0.000053 0.000080 0.000119 0.000175 0.000256 0.000370 0.000529 0.000748 0.001047 0.001451 0.001989 0.002697 0.003620 0.004807 0.006315 0.008210 0.010561 0.013441 0.016925 0.021086 0.025993 0.031700 0.038251 0.045664 0.053934 0.063024 0.072861 0.083335 0.094299 0.105566 0.116918 0.128107 0.138868 0.148923 0.157999 0.165835 0.172198 0.176892 0.179770 0.180740 0.179770 0.176892 0.172198 0.165835 0.157999 0.148923 0.138868 0.128107 0.116918 0.105566 0.094299 0.083335 0.072861 0.063024 0.053934 0.045664 0.038251 0.031700 0.025993 0.021086 0.016925 0.013441 0.010561 0.008210 0.006315 0.004807 0.003620 0.002697 0.001989 0.001451 0.001047 0.000748 0.000529 0.000370 0.000256 0.000175 0.000119 0.000080 0.000053 0.000035 0.000023 0.000015 0.000009 0.000006 0.000004 0.000002 0.000001 0.000001 0.000000 
0.000000 0.000000 0.000001 0.000002 0.000003 0.000005 0.000009 0.000014 0.000021 0.000033 0.000051 0.000077 0.000117 0.000174 0.000256 0.000374 0.000540 0.000771 0.001091 0.001527 0.002115 0.002898 0.003929 0.005272 0.006999 0.009194 0.011950 0.015369 0.019556 0.024621 0.030670 0.037800 0.046093 0.055610 0.066378 0.078389 0.091590 0.105873 0.121081 0.136997 0.153353 0.169830 0.186070 0.201687 0.216279 0.229449 0.240820 0.250053 0.256864 0.261039 0.262446 0.261039 0.256864 0.250053 0.240820 0.229449 0.216279 0.201687 0.186070 0.169830 0.153353 0.136997 0.121081 0.105873 0.091590 0.078389 0.066378 0.055610 0.046093 0.037800 0.030670 0.024621 0.019556 0.015369 0.011950 0.009194 0.006999 0.005272 0.003929 0.002898 0.002115 0.001527 0.001091 0.000771 0.000540 0.000374 0.000256 0.000174 0.000117 0.000077 0.000051 0.000033 0.000021 0.000014 0.000009 0.000005 0.000003 0.000002 0.000001 0.000000 
0.000000 0.000001 0.000002 0.000003 0.000005 0.000008 0.000012 0.000020 0.000031 0.000048 0.000074 0.000112 0.000168 0.000251 0.000370 0.000540 0.000779 0.001114 0.001575 0.002203 0.003050 0.004179 0.005665 0.007599 0.010086 0.013247 0.017215 0.022135 0.028160 0.035448 0.044149 0.054404 0.066330 0.080013 0.095495 0.112761 0.131733 0.152260 0.174113 0.196982 0.220481 0.244151 0.267480 0.289912 0.310870 0.329786 0.346116 0.359376 0.369157 0.375154 0.377174 0.375154 0.369157 0.359376 0.346116 0.329786 0.310870 0.289912 0.267480 0.244151 0.220481 0.196982 0.174113 0.152260 0.131733 0.112761 0.095495 0.080013 0.066330 0.054404 0.044149 0.035448 0.028160 0.022135 0.017215 0.013247 0.010086 0.007599 0.005665 0.004179 0.003050 0.002203 0.001575 0.001114 0.000779 0.000540 0.000370 0.000251 0.000168 0.000112 0.000074 0.000048 0.000031 0.000020 0.000012 0.000008 0.000005 0.000003 0.000001 0.000000 
0.000000 0.000001 0.000002 0.000004 0.000007 0.000011 0.000018 0.000028 0.000044 0.000068 0.000105 0.000160 0.000241 0.000359 0.000529 0.000771 0.001114 0.001591 0.002249 0.003145 0.004354 0.005963 0.008083 0.010840 0.014385 0.018889 0.024541 0.031549 0.040131 0.050508 0.062895 0.077493 0.094467 0.113938 0.135966 0.160529 0.187517 0.216714 0.247793 0.280315 0.313728 0.347383 0.380550 0.412440 0.442234 0.469122 0.492335 0.511181 0.525084 0.533607 0.536479 0.533607 0.525084 0.511181 0.492335 0.469122 0.442234 0.412440 0.380550 0.347383 0.313728 0.280315 0.247793 0.216714 0.187517 0.160529 0.135966 0.113938 0.094467 0.077493 0.062895 0.050508 0.040131 0.031549 0.024541 0.018889 0.014385 0.010840 0.008083 0.005963 0.004354 0.003145 0.002249 0.001591 0.001114 0.000771 0.000529 0.000359 0.000241 0.000160 0.000105 0.000068 0.000044 0.000028 0.000018 0.000011 0.000007 0.000004 0.000002 0.000000 
0.000000 0.000001 0.000003 0.000006 0.000010 0.000016 0.000025 0.000040 0.000063 0.000097 0.000149 0.000227 0.000341 0.000508 0.000748 0.001091 0.001575 0.002249 0.003178 0.004444 0.006150 0.008422 0.011412 0.015302 0.020302 0.026653 0.034623 0.044503 0.056598 0.071221 0.088674 0.109239 0.133147 0.160570 0.191589 0.226174 0.264169 0.305269 0.349014 0.394785 0.441808 0.489168 0.535837 0.580705 0.622623 0.660451 0.693107 0.719620 0.739178 0.751167 0.755206 0.751167 0.739178 0.719620 0.693107 0.660451 0.622623 0.580705 0.535837 0.489168 0.441808 0.394785 0.349014 0.305269 0.264169 0.226174 0.191589 0.160570 0.133147 0.109239 0.088674 0.071221 0.056598 0.044503 0.034623 0.026653 0.020302 0.015302 0.011412 0.008422 0.006150 0.004444 0.003178 0.002249 0.001575 0.001091 0.000748 0.000508 0.000341 0.000227 0.000149 0.000097 0.000062 0.000040 0.000025 0.000015 0.000009 0.000005 0.000002 0.000000 
0.000000 0.000002 0.000004 0.000008 0.000013 0.000022 0.000035 0.000056 0.000088 0.000136 0.000209 0.000318 0.000478 0.000711 0.001047 0.001527 0.002203 0.003145 0.004444 0.006214 0.008597 0.011770 0.015946 0.021376 0.028356 0.037220 0.048340 0.062123 0.078993 0.099386 0.123724 0.152394 0.185723 0.223945 0.267173 0.315367 0.368306 0.425565 0.486504 0.550259 0.615751 0.681709 0.746700 0.809179 0.867548 0.920219 0.965687 1.002601 1.029830 1.046521 1.052145 1.046521 1.029830 1.002601 0.965687 0.920219 0.867548 0.809179 0.746700 0.681709 0.615751 0.550259 0.486504 0.425565 0.368306 0.315367 0.267173 0.223945 0.185723 0.152394 0.123724 0.099386 0.078993 0.062123 0.048340 0.037220 0.028356 0.021376 0.015946 0.011770 0.008597 0.006214 0.004444 0.003145 0.002203 0.001527 0.001047 0.000711 0.000478 0.000318 0.000209 0.000136 0.000088 0.000056 0.000035 0.000022 0.000013 0.000007 0.000003 0.000000 
0.000000 0.000003 0.000006 0.000011 0.000019 0.000030 0.000049 0.000078 0.000122 0.000189 0.000290 0.000440 0.000662 0.000985 0.001451 0.002115 0.003050 0.004354 0.006150 0.008597 0.011892 0.016277 0.022048 0.029551 0.039192 0.051434 0.066790 0.085818 0.109106 0.137252 0.170837 0.210395 0.256374 0.309097 0.368718 0.435181 0.508178 0.587126 0.671139 0.759027 0.849303 0.940213 1.029786 1.115892 1.196329 1.268911 1.331564 1.382429 1.419947 1.442946 1.450695 1.442946 1.419947 1.382429 1.331564 1.268911 1.196329 1.115892 1.029786 0.940213 0.849303 0.759027 0.671139 0.587126 0.508178 0.435181 0.368718 0.309097 0.256374 0.210395 0.170837 0.137252 0.109106 0.085818 0.066790 0.051434 0.039192 0.029551 0.022048 0.016277 0.011892 0.008597 0.006150 0.004354 0.003050 0.002115 0.001451 0.000985 0.000662 0.000440 0.000290 0.000189 0.000122 0.000077 0.000049 0.000030 0.000018 0.000010 0.000005 0.000000 
0.000000 0.000004 0.000008 0.000015 0.000026 0.000042 0.000067 0.000107 0.000167 0.000259 0.000398 0.000604 0.000908 0.001351 0.001989 0.002898 0.004179 0.005963 0.008422 0.011770 0.016277 0.022276 0.030167 0.040426 0.053605 0.070336 0.091320 0.117318 0.149131 0.187573 0.233439 0.287453 0.350228 0.422200 0.503580 0.594287 0.693903 0.801629 0.916255 1.036158 1.159310 1.283319 1.405495 1.522937 1.632641 1.731627 1.817070 1.886435 1.937598 1.968961 1.979528 1.968961 1.937598 1.886435 1.817070 1.731627 1.632641 1.522937 1.405495 1.283319 1.159310 1.036158 0.916255 0.801629 0.693903 0.594287 0.503580 0.422200 0.350228 0.287453 0.233439 0.187573 0.149131 0.117318 0.091320 0.070336 0.053605 0.040426 0.030167 0.022276 0.016277 0.011770 0.008422 0.005963 0.004179 0.002898 0.001989 0.001351 0.000908 0.000604 0.000398 0.000259 0.000167 0.000106 0.000067 0.000041 0.000025 0.000014 0.000006 0.000000 
0.000000 0.000005 0.000012 0.000021 0.000035 0.000057 0.000091 0.000145 0.000227 0.000352 0.000540 0.000820 0.001232 0.001832 0.002697 0.003929 0.005665 0.008083 0.011412 0.015946 0.022048 0.030167 0.040846 0.054725 0.072554 0.095183 0.123559 0.158709 0.201716 0.253677 0.315662 0.388652 0.473467 0.570698 0.680626 0.803139 0.937672 1.083143 1.237919 1.399807 1.566069 1.733477 1.898401 2.056925 2.204998 2.338599 2.453917 2.547532 2.616582 2.658908 2.673168 2.658908 2.616582 2.547532 2.453917 2.338599 2.204998 2.056925 1.898401 1.733477 1.566069 1.399807 1.237919 1.083143 0.937672 0.803139 0.680626 0.570698 0.473467 0.388652 0.315662 0.253677 0.201716 0.158709 0.123559 0.095183 0.072554 0.054725 0.040846 0.030167 0.022048 0.015946 0.011412 0.008083 0.005665 0.003929 0.002697 0.001832 0.001232 0.000820 0.000540 0.000352 0.000227 0.000145 0.000091 0.000056 0.000034 0.000019 0.000008 0.000000 
0.000000 0.000007 0.000016 0.000028 0.000047 0.000077 0.000123 0.000195 0.000305 0.000473 0.000725 0.001101 0.001654 0.002460 0.003620 0.005272 0.007599 0.010840 0.015302 0.021376 0.029551 0.040426 0.054725 0.073309 0.097175 0.127462 0.165434 0.212465 0.269999 0.339502 0.422403 0.520007 0.633412 0.763403 0.910351 1.074107 1.253911 1.448316 1.655139 1.871449 2.093586 2.317241 2.537564 2.749326 2.947119 3.125572 3.279600 3.404636 3.496860 3.553391 3.572437 3.553391 3.496860 3.404636 3.279600 3.125572 2.947119 2.749326 2.537564 2.317241 2.093586 1.871449 1.655139 1.448316 1.253911 1.074107 0.910351 0.763403 0.633412 0.520007 0.422403 0.339502 0.269999 0.212465 0.165434 0.127462 0.097175 0.073309 0.054725 0.040426 0.029551 0.021376 0.015302 0.010840 0.007599 0.005272 0.003620 0.002459 0.001654 0.001101 0.000725 0.000473 0.000305 0.000194 0.000122 0.000076 0.000046 0.000026 0.000011 0.000000 
0.000000 0.000009 0.000021 0.000037 0.000063 0.000102 0.000163 0.000259 0.000405 0.000628 0.000964 0.001463 0.002197 0.003267 0.004807 0.006999 0.010086 0.014385 0.020302 0.028356 0.039192 0.053605 0.072554 0.097175 0.128790 0.168903 0.219188 0.281459 0.357625 0.449625 0.559344 0.688506 0.838561 1.010543 1.204938 1.421547 1.659361 1.916464 2.189968 2.475995 2.769709 3.065410 3.356689 3.636637 3.898105 4.133999 4.337600 4.502873 4.624773 4.699494 4.724669 4.699494 4.624773 4.502873 4.337600 4.133999 3.898105 3.636637 3.356689 3.065410 2.769709 2.475995 2.189968 1.916464 1.659361 1.421547 1.204938 1.010543 0.838561 0.688506 0.559344 0.449625 0.357625 0.281459 0.219188 0.168903 0.128790 0.097175 0.072554 0.053605 0.039192 0.028356 0.020302 0.014385 0.010086 0.006999 0.004807 0.003267 0.002197 0.001463 0.000964 0.000628 0.000405 0.000259 0.000163 0.000101 0.000061 0.000034 0.000015 0.000000 
0.000000 0.000012 0.000027 0.000049 0.000082 0.000134 0.000215 0.000341 0.000533 0.000827 0.001267 0.001923 0.002888 0.004293 0.006315 0.009194 0.013247 0.018889 0.026653 0.037220 0.051434 0.070336 0.095183 0.127462 0.168903 0.221476 0.287370 0.368959 0.468741 0.589249 0.732948 0.902094 1.098576 1.323744 1.578232 1.861772 2.173042 2.509531 2.867458 3.241744 3.626064 4.012961 4.394051 4.760299 5.102356 5.410946 5.677281 5.893475 6.052929 6.150668 6.183598 6.150668 6.052929 5.893475 5.677281 5.410946 5.102356 4.760299 4.394051 4.012961 3.626064 3.241744 2.867458 2.509531 2.173042 1.861772 1.578232 1.323744 1.098576 0.902094 0.732948 0.589249 0.468741 0.368959 0.287370 0.221476 0.168903 0.127462 0.095183 0.070336 0.051434 0.037220 0.026653 0.018889 0.013247 0.009194 0.006315 0.004293 0.002888 0.001923 0.001267 0.000826 0.000533 0.000340 0.000214 0.000133 0.000080 0.000045 0.000020 0.000000 
0.000000 0.000016 0.000036 0.000064 0.000107 0.000175 0.000280 0.000444 0.000694 0.001076 0.001649 0.002502 0.003756 0.005582 0.008210 0.011950 0.017215 0.024541 0.034623 0.048340 0.066790 0.091320 0.123559 0.165434 0.219188 0.287370 0.372817 0.478601 0.607954 0.764158 0.950399 1.169595 1.424187 1.715920 2.045607 2.412897 2.816073 3.251878 3.715412 4.200101 4.697751 5.198708 5.692121 6.166295 6.609131 7.008626 7.353409 7.633275 7.839688 7.966208 8.008835 7.966208 7.839688 7.633275 7.353409 7.008626 6.609131 6.166295 5.692121 5.198708 4.697751 4.200101 3.715412 3.251878 2.816073 2.412897 2.045607 1.715920 1.424187 1.169595 0.950399 0.764158 0.607954 0.478601 0.372817 0.287370 0.219188 0.165434 0.123559 0.091320 0.066790 0.048340 0.034623 0.024541 0.017215 0.011950 0.008210 0.005582 0.003756 0.002502 0.001649 0.001076 0.000694 0.000443 0.000279 0.000173 0.000104 0.000058 0.000026 0.000000 
0.000000 0.000020 0.000046 0.000082 0.000138 0.000225 0.000361 0.000572 0.000894 0.001385 0.002123 0.003220 0.004834 0.007182 0.010561 0.015369 0.022135 0.031549 0.044503 0.062123 0.085818 0.117318 0.158709 0.212465 0.281459 0.368959 0.478601 0.614320 0.780258 0.980615 1.219472 1.500562 1.827009 2.201043 2.623698 3.094518 3.611294 4.169851 4.763905 5.385028 6.022720 6.664616 7.296813 7.904333 8.471679 8.983481 9.425179 9.783704 10.048126 10.210202 10.264807 10.210202 10.048126 9.783704 9.425179 8.983481 8.471679 7.904333 7.296813 6.664616 6.022720 5.385028 4.763905 4.169851 3.611294 3.094518 2.623698 2.201043 1.827009 1.500562 1.219472 0.980615 0.780258 0.614320 0.478601 0.368959 0.281459 0.212465 0.158709 0.117318 0.085818 0.062123 0.044503 0.031549 0.022135 0.015369 0.010561 0.007182 0.004834 0.003220 0.002123 0.001385 0.000894 0.000571 0.000360 0.000223 0.000134 0.000075 0.000034 0.000000 
0.000000 0.000026 0.000059 0.000105 0.000176 0.000287 0.000460 0.000728 0.001140 0.001765 0.002704 0.004100 0.006154 0.009142 0.013441 0.019556 0.028160 0.040131 0.056598 0.078993 0.109106 0.149131 0.201716 0.269999 0.357625 0.468741 0.607954 0.780258 0.990899 1.245203 1.548339 1.905035 2.319246 2.793793 3.329976 3.927212 4.582691 5.291112 6.044501 6.832170 7.640803 8.454723 9.256307 10.026568 10.745867 11.394726 11.954691 12.409204 12.744414 12.949877 13.019099 12.949877 12.744414 12.409204 11.954691 11.394726 10.745867 10.026568 9.256307 8.454723 7.640803 6.832170 6.044501 5.291112 4.582691 3.927212 3.329976 2.793793 2.319246 1.905035 1.548339 1.245203 0.990899 0.780258 0.607954 0.468741 0.357625 0.269999 0.201716 0.149131 0.109106 0.078993 0.056598 0.040131 0.028160 0.019556 0.013441 0.009142 0.006154 0.004100 0.002704 0.001764 0.001139 0.000727 0.000459 0.000284 0.000171 0.000096 0.000043 0.000000 
0.000000 0.000033 0.000074 0.000133 0.000223 0.000363 0.000581 0.000919 0.001437 0.002224 0.003407 0.005166 0.007753 0.011514 0.016925 0.024621 0.035448 0.050508 0.071221 0.099386 0.137252 0.187573 0.253677 0.339502 0.449625 0.589249 0.764158 0.980615 1.245203 1.564600 1.945287 2.393192 2.913269 3.509047 4.182149 4.931833 5.754565 6.643683 7.589178 8.577631 9.592337 10.613625 11.619387 12.585808 13.488257 14.302304 15.004809 15.575008 15.995532 16.253284 16.340123 16.253284 15.995532 15.575008 15.004809 14.302304 13.488257 12.585808 11.619387 10.613625 9.592337 8.577631 7.589178 6.643683 5.754565 4.931833 4.182149 3.509047 2.913269 2.393192 1.945287 1.564600 1.245203 0.980615 0.764158 0.589249 0.449625 0.339502 0.253677 0.187573 0.137252 0.099386 0.071221 0.050508 0.035448 0.024621 0.016925 0.011514 0.007753 0.005166 0.003407 0.002224 0.001436 0.000917 0.000578 0.000359 0.000216 0.000121 0.000054 0.000000 
0.000000 0.000041 0.000092 0.000166 0.000278 0.000453 0.000725 0.001146 0.001792 0.002774 0.004248 0.006440 0.009662 0.014348 0.021086 0.030670 0.044149 0.062895 0.088674 0.123724 0.170837 0.233439 0.315662 0.422403 0.559344 0.732948 0.950399 1.219472 1.548339 1.945287 2.418361 2.974909 3.621077 4.361233 5.197384 6.128594 7.150466 8.254716 9.428911 10.656383 11.916389 13.184505 14.433288 15.633179 16.753604 17.764246 18.636387 19.344259 19.866309 20.186287 20.294090 20.186287 19.866309 19.344259 18.636387 17.764246 16.753604 15.633179 14.433288 13.184505 11.916389 10.656383 9.428911 8.254716 7.150466 6.128594 5.197384 4.361233 3.621077 2.974909 2.418361 1.945287 1.548339 1.219472 0.950399 0.732948 0.559344 0.422403 0.315662 0.233439 0.170837 0.123724 0.088674 0.062895 0.044149 0.030670 0.021086 0.014348 0.009662 0.006440 0.004248 0.002773 0.001791 0.001144 0.000722 0.000447 0.000269 0.000151 0.000068 0.000000 
0.000000 0.000051 0.000114 0.000205 0.000343 0.000559 0.000895 0.001414 0.002212 0.003422 0.005241 0.007943 0.011915 0.017689 0.025993 0.037800 0.054404 0.077493 0.109239 0.152394 0.210395 0.287453 0.388652 0.520007 0.688506 0.902094 1.169595 1.500562 1.905035 2.393192 2.974909 3.659209 4.453629 5.363526 6.391351 7.535943 8.791883 10.148983 11.591956 13.100319 14.648580 16.206735 17.741073 19.215282 20.591814 21.833433 22.904873 23.774490 24.415817 24.808899 24.941330 24.808899 24.415817 23.774490 22.904873 21.833433 20.591814 19.215282 17.741073 16.206735 14.648580 13.100319 11.591956 10.148983 8.791883 7.535943 6.391351 5.363526 4.453629 3.659209 2.974909 2.393192 1.905035 1.500562 1.169595 0.902094 0.688506 0.520007 0.388652 0.287453 0.210395 0.152394 0.109239 0.077493 0.054404 0.037800 0.025993 0.017689 0.011915 0.007943 0.005240 0.003421 0.002210 0.001412 0.000891 0.000553 0.000332 0.000187 0.000083 0.000000 
0.000000 0.000062 0.000139 0.000250 0.000419 0.000683 0.001093 0.001727 0.002700 0.004177 0.006396 0.009692 0.014536 0.021577 0.031700 0.046093 0.066330 0.094467 0.133147 0.185723 0.256374 0.350228 0.473467 0.633412 0.838561 1.098576 1.424187 1.827009 2.319246 2.913269 3.621077 4.453629 5.420078 6.526923 7.777129 9.169267 10.696734 12.347131 14.101859 15.936007 17.818580 19.713100 21.578587 23.370905 25.044418 26.553871 27.856406 28.913569 29.693197 30.171043 30.332031 30.171043 29.693197 28.913569 27.856406 26.553871 25.044418 23.370905 21.578587 19.713100 17.818580 15.936007 14.101859 12.347131 10.696734 9.169267 7.777129 6.526923 5.420078 4.453629 3.621077 2.913269 2.319246 1.827009 1.424187 1.098576 0.838561 0.633412 0.473467 0.350228 0.256374 0.185723 0.133147 0.094467 0.066330 0.046093 0.031700 0.021577 0.014536 0.009691 0.006395 0.004176 0.002699 0.001724 0.001088 0.000675 0.000406 0.000228 0.000102 0.000000 
0.000000 0.000075 0.000169 0.000302 0.000507 0.000825 0.001320 0.002086 0.003261 0.005044 0.007722 0.011700 0.017545 0.026040 0.038251 0.055610 0.080013 0.113938 0.160570 0.223945 0.309097 0.422200 0.570698 0.763403 1.010543 1.323744 1.715920 2.201043 2.793793 3.509047 4.361233 5.363526 6.526923 7.859227 9.363989 11.039469 12.877708 14.863770 16.975269 19.182226 21.447348 23.726749 25.971134 28.127418 30.140712 31.956591 33.523513 34.795237 35.733087 36.307904 36.501561 36.307904 35.733087 34.795237 33.523513 31.956591 30.140712 28.127418 25.971134 23.726749 21.447348 19.182226 16.975269 14.863770 12.877708 11.039469 9.363989 7.859227 6.526923 5.363526 4.361233 3.509047 2.793793 2.201043 1.715920 1.323744 1.010543 0.763403 0.570698 0.422200 0.309097 0.223945 0.160570 0.113938 0.080013 0.055610 0.038251 0.026040 0.017544 0.011699 0.007721 0.005043 0.003259 0.002083 0.001315 0.000816 0.000491 0.000276 0.000123 0.000000 
0.000000 0.000090 0.000202 0.000362 0.000606 0.000986 0.001578 0.002493 0.003897 0.006026 0.009224 0.013973 0.020951 0.031091 0.045664 0.066378 0.095495 0.135966 0.191589 0.267173 0.368718 0.503580 0.680626 0.910351 1.204938 1.578232 2.045607 2.623698 3.329976 4.182149 5.197384 6.391351 7.777129 9.363989 11.156136 13.151482 15.340529 17.705481 20.219671 22.847401 25.544268 28.258030 30.930009 33.497021 35.893740 38.055397 39.920654 41.434485 42.550866 43.235102 43.465621 43.235102 42.550866 41.434485 39.920654 38.055397 35.893740 33.497021 30.930009 28.258030 25.544268 22.847401 20.219671 17.705481 15.340529 13.151482 11.156136 9.363989 7.777129 6.391351 5.197384 4.182149 3.329976 2.623698 2.045607 1.578232 1.204938 0.910351 0.680626 0.503580 0.368718 0.267173 0.191589 0.135966 0.095495 0.066378 0.045664 0.031091 0.020951 0.013973 0.009223 0.006025 0.003895 0.002490 0.001571 0.000975 0.000587 0.000329 0.000147 0.000000 
0.000000 0.000106 0.000239 0.000428 0.000717 0.001166 0.001866 0.002948 0.004606 0.007123 0.010900 0.016511 0.024752 0.036726 0.053934 0.078389 0.112761 0.160529 0.226174 0.315367 0.435181 0.594287 0.803139 1.074107 1.421547 1.861772 2.412897 3.094518 3.927212 4.931833 6.128594 7.535943 9.169267 11.039469 13.151482 15.502821 18.082278 20.868869 23.831163 26.927095 30.104354 33.301399 36.449117 39.473089 42.296380 44.842716 47.039866 48.823033 50.138022 50.943980 51.215505 50.943980 50.138022 48.823033 47.039866 44.842716 42.296380 39.473089 36.449117 33.301399 30.104354 26.927095 23.831163 20.868869 18.082278 15.502821 13.151482 11.039469 9.169267 7.535943 6.128594 4.931833 3.927212 3.094518 2.412897 1.861772 1.421547 1.074107 0.803139 0.594287 0.435181 0.315367 0.226174 0.160529 0.112761 0.078389 0.053934 0.036726 0.024752 0.016510 0.010900 0.007121 0.004604 0.002943 0.001858 0.001153 0.000694 0.000390 0.000174 0.000000 
0.000000 0.000124 0.000279 0.000501 0.000839 0.001364 0.002182 0.003448 0.005387 0.008329 0.012744 0.019301 0.028931 0.042921 0.063024 0.091590 0.131733 0.187517 0.264169 0.368306 0.508178 0.693903 0.937672 1.253911 1.659361 2.173042 2.816073 3.611294 4.582691 5.754565 7.150466 8.791883 10.696734 12.877708 15.340529 18.082278 21.089866 24.338809 27.792454 31.401753 35.105725 38.832634 42.501927 46.026871 49.317809 52.285855 54.846842 56.925262 58.457969 59.397360 59.713838 59.397360 58.457969 56.925262 54.846842 52.285855 49.317809 46.026871 42.501927 38.832634 35.105725 31.401753 27.792454 24.338809 21.089866 18.082278 15.340529 12.877708 10.696734 8.791883 7.150466 5.754565 4.582691 3.611294 2.816073 2.173042 1.659361 1.253911 0.937672 0.693903 0.508178 0.368306 0.264169 0.187517 0.131733 0.091589 0.063023 0.042921 0.028930 0.019300 0.012743 0.008327 0.005384 0.003443 0.002174 0.001349 0.000812 0.000456 0.000204 0.000000 
0.000000 0.000144 0.000323 0.000580 0.000971 0.001579 0.002526 0.003989 0.006232 0.009634 0.014740 0.022321 0.033454 0.049626 0.072861 0.105873 0.152260 0.216714 0.305269 0.425565 0.587126 0.801629 1.083143 1.448316 1.916464 2.509531 3.251878 4.169851 5.291112 6.643683 8.254716 10.148983 12.347131 14.863770 17.705481 20.868869 24.338809 28.087041 32.071264 36.234895 40.507588 44.806601 49.039030 53.104853 56.900678 60.324008 63.277789 65.674959 67.442707 68.526147 68.891154 68.526147 67.442707 65.674959 63.277789 60.324008 56.900678 53.104853 49.039030 44.806601 40.507588 36.234895 32.071264 28.087041 24.338809 20.868869 17.705481 14.863770 12.347131 10.148983 8.254716 6.643683 5.291112 4.169851 3.251878 2.509531 1.916464 1.448316 1.083143 0.801629 0.587126 0.425565 0.305269 0.216714 0.152260 0.105873 0.072860 0.049626 0.033454 0.022320 0.014739 0.009633 0.006229 0.003983 0.002515 0.001561 0.000940 0.000528 0.000236 0.000000 
0.000000 0.000165 0.000370 0.000664 0.001112 0.001808 0.002891 0.004567 0.007133 0.011026 0.016867 0.025538 0.038272 0.056767 0.083335 0.121081 0.174113 0.247793 0.349014 0.486504 0.671139 0.916255 1.237919 1.655139 2.189968 2.867458 3.715412 4.763905 6.044501 7.589178 9.428911 11.591956 14.101859 16.975269 20.219671 23.831163 27.792454 32.071264 36.619296 41.371954 46.248943 51.155829 55.986586 60.627074 64.959311 68.866344 72.237433 74.973240 76.990692 78.227167 78.643728 78.227167 76.990692 74.973240 72.237433 68.866344 64.959311 60.627074 55.986586 51.155829 46.248943 41.371954 36.619296 32.071264 27.792454 23.831163 20.219671 16.975269 14.101859 11.591956 9.428911 7.589178 6.044501 4.763905 3.715412 2.867458 2.189968 1.655139 1.237919 0.916255 0.671139 0.486504 0.349014 0.247793 0.174113 0.121081 0.083335 0.056766 0.038272 0.025538 0.016866 0.011024 0.007129 0.004560 0.002880 0.001788 0.001077 0.000605 0.000271 0.000000 
0.000000 0.000187 0.000419 0.000752 0.001260 0.002048 0.003275 0.005171 0.008077 0.012483 0.019094 0.028907 0.043316 0.064241 0.094299 0.136997 0.196982 0.280315 0.394785 0.550259 0.759027 1.036158 1.399807 1.871449 2.475995 3.241744 4.200101 5.385028 6.832170 8.577631 10.656383 13.100319 15.936007 19.182226 22.847401 26.927095 31.401753 36.234895 41.371954 46.739965 52.248237 57.790125 63.245897 68.486668 73.379220 77.791500 81.598477 84.687996 86.966264 88.362583 88.832994 88.362583 86.966264 84.687996 81.598477 77.791500 73.379220 68.486668 63.245897 57.790125 52.248237 46.739965 41.371954 36.234895 31.401753 26.927095 22.847401 19.182226 15.936007 13.100319 10.656383 8.577631 6.832170 5.385028 4.200101 3.241744 2.475995 1.871449 1.399807 1.036158 0.759027 0.550259 0.394785 0.280315 0.196982 0.136997 0.094298 0.064241 0.043315 0.028906 0.019092 0.012480 0.008072 0.005164 0.003261 0.002025 0.001220 0.000685 0.000307 0.000000 
0.000000 0.000210 0.000470 0.000843 0.001411 0.002295 0.003669 0.005793 0.009047 0.013981 0.021383 0.032370 0.048500 0.071924 0.105566 0.153353 0.220481 0.313728 0.441808 0.615751 0.849303 1.159310 1.566069 2.093586 2.769709 3.626064 4.697751 6.022720 7.640803 9.592337 11.916389 14.648580 17.818580 21.447348 25.544268 30.104354 35.105725 40.507588 46.248943 52.248237 58.404119 64.597413 70.694332 76.550866 82.018171 86.948711 91.202795 94.655126 97.200919 98.761192 99.286837 98.761192 97.200919 94.655126 91.202795 86.948711 82.018171 76.550866 70.694332 64.597413 58.404119 52.248237 46.248943 40.507588 35.105725 30.104354 25.544268 21.447348 17.818580 14.648580 11.916389 9.592337 7.640803 6.022720 4.697751 3.626064 2.769709 2.093586 1.566069 1.159310 0.849303 0.615751 0.441808 0.313728 0.220481 0.153353 0.105566 0.071923 0.048500 0.032369 0.021382 0.013978 0.009042 0.005784 0.003654 0.002269 0.001367 0.000768 0.000344 0.000000 
0.000000 0.000232 0.000521 0.000935 0.001565 0.002543 0.004066 0.006420 0.010025 0.015491 0.023691 0.035860 0.053724 0.079664 0.116918 0.169830 0.244151 0.347383 0.489168 0.681709 0.940213 1.283319 1.733477 2.317241 3.065410 4.012961 5.198708 6.664616 8.454723 10.613625 13.184505 16.206735 19.713100 23.726749 28.258030 33.301399 38.832634 44.806601 51.155829 57.790125 64.597413 71.445917 78.187713 84.663580 90.708961 96.160749 100.864515 104.681742 107.496596 109.221763 109.802959 109.221763 107.496596 104.681742 100.864515 96.160749 90.708961 84.663580 78.187713 71.445917 64.597413 57.790125 51.155829 44.806601 38.832634 33.301399 28.258030 23.726749 19.713100 16.206735 13.184505 10.613625 8.454723 6.664616 5.198708 4.012961 3.065410 2.317241 1.733477 1.283319 0.940213 0.681709 0.489168 0.347383 0.244151 0.169830 0.116918 0.079664 0.053724 0.035859 0.023689 0.015488 0.010020 0.006410 0.004050 0.002515 0.001515 0.000851 0.000381 0.000000 
0.000000 0.000255 0.000572 0.001025 0.001716 0.002789 0.004458 0.007038 0.010990 0.016980 0.025966 0.039301 0.058875 0.087295 0.128107 0.186070 0.267480 0.380550 0.535837 0.746700 1.029786 1.405495 1.898401 2.537564 3.356689 4.394051 5.692121 7.296813 9.256307 11.619387 14.433288 17.741073 21.578587 25.971134 30.930009 36.449117 42.501927 49.039030 55.986586 63.245897 70.694332 78.187713 85.564203 92.649614 99.263925 105.228708 110.375029 114.551368 117.631015 119.518461 120.154326 119.518461 117.631015 114.551368 110.375029 105.228708 99.263925 92.649614 85.564203 78.187713 70.694332 63.245897 55.986586 49.039030 42.501927 36.449117 30.930009 25.971134 21.578587 17.741073 14.433288 11.619387 9.256307 7.296813 5.692121 4.394051 3.356689 2.537564 1.898401 1.405495 1.029786 0.746700 0.535837 0.380550 0.267480 0.186070 0.128107 0.087295 0.058874 0.039300 0.025964 0.016977 0.010984 0.007028 0.004440 0.002757 0.001662 0.000933 0.000418 0.000000 
