0.000000 0.000000 0.000000 0.000000 0.000000 0.000000 0.000000 0.000000 0.000000 0.000000 0.000000 0.000000 0.000000 0.000000 0.000000 0.000000 0.000000 0.000000 0.000000 0.000000 0.000000 0.000000 0.000000 0.000000 0.000000 0.000000 0.000000 0.000000 0.000000 0.000000 0.000000 0.000000 0.000000 0.000000 0.000000 0.000000 0.000000 0.000000 0.000000 0.000000 0.000000 0.000000 0.000000 0.000000 0.000000 0.000000 0.000000 0.000000 0.000000 0.000000 0.000000 0.000000 0.000000 0.000000 0.000000 0.000000 0.000000 0.000000 0.000000 0.000000 0.000000 0.000000 0.000000 0.000000 0.000000 0.000000 0.000000 0.000000 0.000000 0.000000 0.000000 0.000000 0.000000 0.000000 0.000000 0.000000 0.000000 0.000000 0.000000 0.000000 0.000000 0.000000 0.000000 0.000000 0.000000 0.000000 0.000000 0.000000 0.000000 0.000000 0.000000 0.000000 0.000000 0.000000 0.000000 0.000000 0.000000 0.000000 0.000000 0.000000 
0.000000 0.000000 0.000000 0.000000 0.000000 0.000000 0.000000 0.000000 0.000000 0.000000 0.000000 0.000000 0.000000 0.000000 0.000000 0.000000 0.000000 0.000000 0.000000 0.000000 0.000000 0.000000 0.000000 0.000000 0.000000 0.000000 0.000000 0.000000 0.000000 0.000000 0.000000 0.000000 0.000000 0.000000 0.000000 0.000000 0.000000 0.000000 0.000000 0.000001 0.000001 0.000001 0.000001 0.000001 0.000001 0.000001 0.000001 0.000001 0.000001 0.000002 0.000002 0.000002 0.000001 0.000001 0.000001 0.000001 0.000001 0.000001 0.000001 0.000001 0.000001 0.000001 0.000000 0.000000 0.000000 0.000000 0.000000 0.000000 0.000000 0.000000 0.000000 0.000000 0.000000 0.000000 0.000000 0.000000 0.000000 0.000000 0.000000 0.000000 0.000000 0.000000 0.000000 0.000000 0.000000 0.000000 0.000000 0.000000 0.000000 0.000000 0.000000 0.000000 0.000000 0.000000 0.000000 0.000000 0.000000 0.000000 0.000000 0.000000 
0.000000 0.000000 0.000000 0.000000 0.000000 0.000000 0.000000 0.000000 0.000000 0.000000 0.000000 0.000000 0.000000 0.000000 0.000000 0.000000 0.000000 0.000000 0.000000 0.000000 0.000000 0.000000 0.000000 0.000000 0.000000 0.000000 0.000000 0.000000 0.000000 0.000000 0.000000 0.000000 0.000000 0.000000 0.000000 0.000001 0.000001 0.000001 0.000001 0.000001 0.000002 0.000002 0.000002 0.000003 0.000003 0.000003 0.000003 0.000004 0.000004 0.000004 0.000004 0.000004 0.000004 0.000004 0.000003 0.000003 0.000003 0.000003 0.000002 0.000002 0.000002 0.000001 0.000001 0.000001 0.000001 0.000001 0.000000 0.000000 0.000000 0.000000 0.000000 0.000000 0.000000 0.000000 0.000000 0.000000 0.000000 0.000000 0.000000 0.000000 0.000000 0.000000 0.000000 0.000000 0.000000 0.000000 0.000000 0.000000 0.000000 0.000000 0.000000 0.000000 0.000000 0.000000 0.000000 0.000000 0.000000 0.000000 0.000000 0.000000 
0.000000 0.000000 0.000000 0.000000 0.000000 0.000000 0.000000 0.000000 0.000000 0.000000 0.000000 0.000000 0.000000 0.000000 0.000000 0.000000 0.000000 0.000000 0.000000 0.000000 0.000000 0.000000 0.000000 0.000000 0.000000 0.000000 0.000000 0.000000 0.000000 0.000000 0.000000 0.000000 0.000001 0.000001 0.000001 0.000001 0.000002 0.000002 0.000003 0.000003 0.000004 0.000004 0.000005 0.000006 0.000006 0.000007 0.000007 0.000008 0.000008 0.000008 0.000008 0.000008 0.000008 0.000008 0.000007 0.000007 0.000006 0.000006 0.000005 0.000004 0.000004 0.000003 0.000003 0.000002 0.000002 0.000001 0.000001 0.000001 0.000001 0.000000 0.000000 0.000000 0.000000 0.000000 0.000000 0.000000 0.000000 0.000000 0.000000 0.000000 0.000000 0.000000 0.000000 0.000000 0.000000 0.000000 0.000000 0.000000 0.000000 0.000000 0.000000 0.000000 0.000000 0.000000 0.000000 0.000000 0.000000 0.000000 0.000000 0.000000 
0.000000 0.000000 0.000000 0.000000 0.000000 0.000000 0.000000 0.000000 0.000000 0.000000 0.000000 0.000000 0.000000 0.000000 0.000000 0.000000 0.000000 0.000000 0.000000 0.000000 0.000000 0.000000 0.000000 0.000000 0.000000 0.000000 0.000000 0.000000 0.000000 0.000000 0.000001 0.000001 0.000001 0.000002 0.000002 0.000003 0.000003 0.000004 0.000005 0.000006 0.000008 0.000009 0.000010 0.000012 0.000013 0.000014 0.000015 0.000016 0.000017 0.000017 0.000017 0.000017 0.000017 0.000016 0.000015 0.000014 0.000013 0.000012 0.000010 0.000009 0.000008 0.000006 0.000005 0.000004 0.000003 0.000003 0.000002 0.000002 0.000001 0.000001 0.000001 0.000000 0.000000 0.000000 0.000000 0.000000 0.000000 0.000000 0.000000 0.000000 0.000000 0.000000 0.000000 0.000000 0.000000 0.000000 0.000000 0.000000 0.000000 0.000000 0.000000 0.000000 0.000000 0.000000 0.000000 0.000000 0.000000 0.000000 0.000000 0.000000 
0.000000 0.000000 0.000000 0.000000 0.000000 0.000000 0.000000 0.000000 0.000000 0.000000 0.000000 0.000000 0.000000 0.000000 0.000000 0.000000 0.000000 0.000000 0.000000 0.000000 0.000000 0.000000 0.000000 0.000000 0.000000 0.000000 0.000000 0.000000 0.000001 0.000001 0.000001 0.000002 0.000002 0.000003 0.000004 0.000005 0.000007 0.000009 0.000011 0.000013 0.000015 0.000018 0.000020 0.000023 0.000026 0.000028 0.000031 0.000032 0.000034 0.000035 0.000035 0.000035 0.000034 0.000032 0.000031 0.000028 0.000026 0.000023 0.000020 0.000018 0.000015 0.000013 0.000011 0.000009 0.000007 0.000005 0.000004 0.000003 0.000002 0.000002 0.000001 0.000001 0.000001 0.000000 0.000000 0.000000 0.000000 0.000000 0.000000 0.000000 0.000000 0.000000 0.000000 0.000000 0.000000 0.000000 0.000000 0.000000 0.000000 0.000000 0.000000 0.000000 0.000000 0.000000 0.000000 0.000000 0.000000 0.000000 0.000000 0.000000 
0.000000 0.000000 0.000000 0.000000 0.000000 0.000000 0.000000 0.000000 0.000000 0.000000 0.000000 0.000000 0.000000 0.000000 0.000000 0.000000 0.000000 0.000000 0.000000 0.000000 0.000000 0.000000 0.000000 0.000000 0.000000 0.000000 0.000001 0.000001 0.000001 0.000002 0.000003 0.000003 0.000005 0.000006 0.000008 0.000011 0.000014 0.000017 0.000021 0.000025 0.000030 0.000035 0.000041 0.000046 0.000051 0.000056 0.000061 0.000064 0.000067 0.000069 0.000069 0.000069 0.000067 0.000064 0.000061 0.000056 0.000051 0.000046 0.000041 0.000035 0.000030 0.000025 0.000021 0.000017 0.000014 0.000011 0.000008 0.000006 0.000005 0.000003 0.000003 0.000002 0.000001 0.000001 0.000001 0.000000 0.000000 0.000000 0.000000 0.000000 0.000000 0.000000 0.000000 0.000000 0.000000 0.000000 0.000000 0.000000 0.000000 0.000000 0.000000 0.000000 0.000000 0.000000 0.000000 0.000000 0.000000 0.000000 0.000000 0.000000 
0.000000 0.000000 0.000000 0.000000 0.000000 0.000000 0.000000 0.000000 0.000000 0.000000 0.000000 0.000000 0.000000 0.000000 0.000000 0.000000 0.000000 0.000000 0.000000 0.000000 0.000000 0.000000 0.000000 0.000000 0.000001 0.000001 0.000001 0.000002 0.000002 0.000004 0.000005 0.000007 0.000009 0.000012 0.000016 0.000021 0.000027 0.000033 0.000041 0.000050 0.000059 0.000069 0.000080 0.000090 0.000100 0.000110 0.000118 0.000125 0.000131 0.000134 0.000135 0.000134 0.000131 0.000125 0.000118 0.000110 0.000100 0.000090 0.000080 0.000069 0.000059 0.000050 0.000041 0.000033 0.000027 0.000021 0.000016 0.000012 0.000009 0.000007 0.000005 0.000004 0.000002 0.000002 0.000001 0.000001 0.000001 0.000000 0.000000 0.000000 0.000000 0.000000 0.000000 0.000000 0.000000 0.000000 0.000000 0.000000 0.000000 0.000000 0.000000 0.000000 0.000000 0.000000 0.000000 0.000000 0.000000 0.000000 0.000000 0.000000 
0.000000 0.000000 0.000000 0.000000 0.000000 0.000000 0.000000 0.000000 0.000000 0.000000 0.000000 0.000000 0.000000 0.000000 0.000000 0.000000 0.000000 0.000000 0.000000 0.000000 0.000000 0.000000 0.000000 0.000001 0.000001 0.000002 0.000002 0.000003 0.000005 0.000007 0.000010 0.000013 0.000018 0.000024 0.000031 0.000041 0.000052 0.000064 0.000079 0.000096 0.000114 0.000133 0.000153 0.000174 0.000193 0.000212 0.000228 0.000242 0.000252 0.000258 0.000260 0.000258 0.000252 0.000242 0.000228 0.000212 0.000193 0.000174 0.000153 0.000133 0.000114 0.000096 0.000079 0.000064 0.000052 0.000041 0.000031 0.000024 0.000018 0.000013 0.000010 0.000007 0.000005 0.000003 0.000002 0.000002 0.000001 0.000001 0.000000 0.000000 0.000000 0.000000 0.000000 0.000000 0.000000 0.000000 0.000000 0.000000 0.000000 0.000000 0.000000 0.000000 0.000000 0.000000 0.000000 0.000000 0.000000 0.000000 0.000000 0.000000 
0.000000 0.000000 0.000000 0.000000 0.000000 0.000000 0.000000 0.000000 0.000000 0.000000 0.000000 0.000000 0.000000 0.000000 0.000000 0.000000 0.000000 0.000000 0.000000 0.000000 0.000000 0.000001 0.000001 0.000001 0.000002 0.000003 0.000004 0.000006 0.000009 0.000013 0.000018 0.000025 0.000034 0.000046 0.000060 0.000077 0.000098 0.000123 0.000151 0.000182 0.000217 0.000253 0.000291 0.000330 0.000367 0.000402 0.000433 0.000459 0.000478 0.000490 0.000494 0.000490 0.000478 0.000459 0.000433 0.000402 0.000367 0.000330 0.000291 0.000253 0.000217 0.000182 0.000151 0.000123 0.000098 0.000077 0.000060 0.000046 0.000034 0.000025 0.000018 0.000013 0.000009 0.000006 0.000004 0.000003 0.000002 0.000001 0.000001 0.000001 0.000000 0.000000 0.000000 0.000000 0.000000 0.000000 0.000000 0.000000 0.000000 0.000000 0.000000 0.000000 0.000000 0.000000 0.000000 0.000000 0.000000 0.000000 0.000000 0.000000 
0.000000 0.000000 0.000000 0.000000 0.000000 0.000000 0.000000 0.000000 0.000000 0.000000 0.000000 0.000000 0.000000 0.000000 0.000000 0.000000 0.000000 0.000000 0.000000 0.000000 0.000001 0.000001 0.000002 0.000002 0.000004 0.000006 0.000008 0.000012 0.000017 0.000025 0.000035 0.000048 0.000064 0.000086 0.000113 0.000145 0.000184 0.000230 0.000282 0.000341 0.000405 0.000474 0.000545 0.000617 0.000686 0.000752 0.000809 0.000857 0.000893 0.000916 0.000923 0.000916 0.000893 0.000857 0.000809 0.000752 0.000686 0.000617 0.000545 0.000474 0.000405 0.000341 0.000282 0.000230 0.000184 0.000145 0.000113 0.000086 0.000064 0.000048 0.000035 0.000025 0.000017 0.000012 0.000008 0.000006 0.000004 0.000002 0.000002 0.000001 0.000001 0.000000 0.000000 0.000000 0.000000 0.000000 0.000000 0.000000 0.000000 0.000000 0.000000 0.000000 0.000000 0.000000 0.000000 0.000000 0.000000 0.000000 0.000000 0.000000 
0.000000 0.000000 0.000000 0.000000 0.000000 0.000000 0.000000 0.000000 0.000000 0.000000 0.000000 0.000000 0.000000 0.000000 0.000000 0.000000 0.000000 0.000000 0.000000 0.000001 0.000001 0.000002 0.000003 0.000004 0.000007 0.000010 0.000015 0.000022 0.000032 0.000046 0.000064 0.000088 0.000119 0.000159 0.000208 0.000268 0.000340 0.000425 0.000521 0.000630 0.000748 0.000874 0.001005 0.001137 0.001265 0.001385 0.001491 0.001580 0.001646 0.001687 0.001701 0.001687 0.001646 0.001580 0.001491 0.001385 0.001265 0.001137 0.001005 0.000874 0.000748 0.000630 0.000521 0.000425 0.000340 0.000268 0.000208 0.000159 0.000119 0.000088 0.000064 0.000046 0.000032 0.000022 0.000015 0.000010 0.000007 0.000004 0.000003 0.000002 0.000001 0.000001 0.000000 0.000000 0.000000 0.000000 0.000000 0.000000 0.000000 0.000000 0.000000 0.000000 0.000000 0.000000 0.000000 0.000000 0.000000 0.000000 0.000000 0.000000 
0.000000 0.000000 0.000000 0.000000 0.000000 0.000000 0.000000 0.000000 0.000000 0.000000 0.000000 0.000000 0.000000 0.000000 0.000000 0.000000 0.000000 0.000000 0.000001 0.000001 0.000002 0.000003 0.000005 0.000008 0.000012 0.000019 0.000028 0.000041 0.000059 0.000084 0.000117 0.000161 0.000218 0.000290 0.000379 0.000489 0.000620 0.000773 0.000948 0.001145 0.001360 0.001589 0.001826 0.002065 0.002298 0.002515 0.002708 0.002868 0.002988 0.003062 0.003088 0.003062 0.002988 0.002868 0.002708 0.002515 0.002298 0.002065 0.001826 0.001589 0.001360 0.001145 0.000948 0.000773 0.000620 0.000489 0.000379 0.000290 0.000218 0.000161 0.000117 0.000084 0.000059 0.000041 0.000028 0.000019 0.000012 0.000008 0.000005 0.000003 0.000002 0.000001 0.000001 0.000000 0.000000 0.000000 0.000000 0.000000 0.000000 0.000000 0.000000 0.000000 0.000000 0.000000 0.000000 0.000000 0.000000 0.000000 0.000000 0.000000 
0.000000 0.000000 0.000000 0.000000 0.000000 0.000000 0.000000 0.000000 0.000000 0.000000 0.000000 0.000000 0.000000 0.000000 0.000000 0.000000 0.000000 0.000001 0.000001 0.000002 0.000004 0.000006 0.000009 0.000015 0.000022 0.000034 0.000050 0.000074 0.000106 0.000151 0.000211 0.000289 0.000391 0.000520 0.000681 0.000877 0.001111 0.001385 0.001699 0.002051 0.002435 0.002845 0.003269 0.003697 0.004112 0.004499 0.004843 0.005129 0.005344 0.005477 0.005522 0.005477 0.005344 0.005129 0.004843 0.004499 0.004112 0.003697 0.003269 0.002845 0.002435 0.002051 0.001699 0.001385 0.001111 0.000877 0.000681 0.000520 0.000391 0.000289 0.000211 0.000151 0.000106 0.000074 0.000050 0.000034 0.000022 0.000015 0.000009 0.000006 0.000004 0.000002 0.000001 0.000001 0.000000 0.000000 0.000000 0.000000 0.000000 0.000000 0.000000 0.000000 0.000000 0.000000 0.000000 0.000000 0.000000 0.000000 0.000000 0.000000 
0.000000 0.000000 0.000000 0.000000 0.000000 0.000000 0.000000 0.000000 0.000000 0.000000 0.000000 0.000000 0.000000 0.000000 0.000000 0.000000 0.000001 0.000001 0.000002 0.000004 0.000007 0.000011 0.000017 0.000026 0.000040 0.000060 0.000090 0.000131 0.000189 0.000268 0.000373 0.000512 0.000692 0.000920 0.001204 0.001550 0.001963 0.002447 0.003000 0.003620 0.004297 0.005018 0.005766 0.006518 0.007248 0.007930 0.008536 0.009039 0.009416 0.009650 0.009729 0.009650 0.009416 0.009039 0.008536 0.007930 0.007248 0.006518 0.005766 0.005018 0.004297 0.003620 0.003000 0.002447 0.001963 0.001550 0.001204 0.000920 0.000692 0.000512 0.000373 0.000268 0.000189 0.000131 0.000090 0.000060 0.000040 0.000026 0.000017 0.000011 0.000007 0.000004 0.000002 0.000001 0.000001 0.000000 0.000000 0.000000 0.000000 0.000000 0.000000 0.000000 0.000000 0.000000 0.000000 0.000000 0.000000 0.000000 0.000000 0.000000 
0.000000 0.000000 0.000000 0.000000 0.000000 0.000000 0.000000 0.000000 0.000000 0.000000 0.000000 0.000000 0.000000 0.000000 0.000000 0.000001 0.000001 0.000003 0.000004 0.000007 0.000011 0.000018 0.000029 0.000046 0.000070 0.000105 0.000157 0.000229 0.000330 0.000467 0.000651 0.000894 0.001207 0.001604 0.002098 0.002699 0.003417 0.004257 0.005218 0.006294 0.007469 0.008720 0.010017 0.011321 0.012588 0.013770 0.014820 0.015691 0.016345 0.016751 0.016888 0.016751 0.016345 0.015691 0.014820 0.013770 0.012588 0.011321 0.010017 0.008720 0.007469 0.006294 0.005218 0.004257 0.003417 0.002699 0.002098 0.001604 0.001207 0.000894 0.000651 0.000467 0.000330 0.000229 0.000157 0.000105 0.000070 0.000046 0.000029 0.000018 0.000011 0.000007 0.000004 0.000003 0.000001 0.000001 0.000000 0.000000 0.000000 0.000000 0.000000 0.000000 0.000000 0.000000 0.000000 0.000000 0.000000 0.000000 0.000000 0.000000 
0.000000 0.000000 0.000000 0.000000 0.000000 0.000000 0.000000 0.000000 0.000000 0.000000 0.000000 0.000000 0.000000 0.000000 0.000001 0.000001 0.000003 0.000004 0.000007 0.000012 0.000020 0.000032 0.000050 0.000079 0.000120 0.000182 0.000270 0.000395 0.000568 0.000804 0.001120 0.001536 0.002073 0.002754 0.003599 0.004629 0.005859 0.007296 0.008941 0.010780 0.012789 0.014928 0.017144 0.019371 0.021535 0.023555 0.025347 0.026835 0.027952 0.028644 0.028878 0.028644 0.027952 0.026835 0.025347 0.023555 0.021535 0.019371 0.017144 0.014928 0.012789 0.010780 0.008941 0.007296 0.005859 0.004629 0.003599 0.002754 0.002073 0.001536 0.001120 0.000804 0.000568 0.000395 0.000270 0.000182 0.000120 0.000079 0.000050 0.000032 0.000020 0.000012 0.000007 0.000004 0.000003 0.000001 0.000001 0.000000 0.000000 0.000000 0.000000 0.000000 0.000000 0.000000 0.000000 0.000000 0.000000 0.000000 0.000000 0.000000 
0.000000 0.000000 0.000000 0.000000 0.000000 0.000000 0.000000 0.000000 0.000000 0.000000 0.000000 0.000000 0.000000 0.000001 0.000001 0.000003 0.000004 0.000007 0.000013 0.000021 0.000034 0.000054 0.000086 0.000134 0.000205 0.000309 0.000458 0.000669 0.000962 0.001362 0.001897 0.002600 0.003507 0.004656 0.006083 0.007821 0.009894 0.012318 0.015089 0.018188 0.021571 0.025172 0.028903 0.032652 0.036293 0.039691 0.042706 0.045209 0.047087 0.048251 0.048645 0.048251 0.047087 0.045209 0.042706 0.039691 0.036293 0.032652 0.028903 0.025172 0.021571 0.018188 0.015089 0.012318 0.009894 0.007821 0.006083 0.004656 0.003507 0.002600 0.001897 0.001362 0.000962 0.000669 0.000458 0.000309 0.000205 0.000134 0.000086 0.000054 0.000034 0.000021 0.000013 0.000007 0.000004 0.000003 0.000001 0.000001 0.000000 0.000000 0.000000 0.000000 0.000000 0.000000 0.000000 0.000000 0.000000 0.000000 0.000000 0.000000 
0.000000 0.000000 0.000000 0.000000 0.000000 0.000000 0.000000 0.000000 0.000000 0.000000 0.000000 0.000000 0.000001 0.000001 0.000002 0.000004 0.000007 0.000013 0.000021 0.000035 0.000057 0.000091 0.000144 0.000224 0.000343 0.000516 0.000766 0.001118 0.001606 0.002272 0.003163 0.004333 0.005843 0.007754 0.010126 0.013014 0.016459 0.020483 0.025083 0.030225 0.035838 0.041811 0.047997 0.054213 0.060249 0.065880 0.070877 0.075025 0.078136 0.080064 0.080717 0.080064 0.078136 0.075025 0.070877 0.065880 0.060249 0.054213 0.047997 0.041811 0.035838 0.030225 0.025083 0.020483 0.016459 0.013014 0.010126 0.007754 0.005843 0.004333 0.003163 0.002272 0.001606 0.001118 0.000766 0.000516 0.000343 0.000224 0.000144 0.000091 0.000057 0.000035 0.000021 0.000013 0.000007 0.000004 0.000002 0.000001 0.000001 0.000000 0.000000 0.000000 0.000000 0.000000 0.000000 0.000000 0.000000 0.000000 0.000000 0.000000 
0.000000 0.000000 0.000000 0.000000 0.000000 0.000000 0.000000 0.000000 0.000000 0.000000 0.000000 0.000001 0.000001 0.000002 0.000004 0.000007 0.000012 0.000021 0.000035 0.000058 0.000094 0.000150 0.000238 0.000369 0.000565 0.000850 0.001260 0.001839 0.002641 0.003734 0.005195 0.007114 0.009588 0.012719 0.016603 0.021329 0.026965 0.033547 0.041069 0.049474 0.058646 0.068406 0.078510 0.088661 0.098516 0.107709 0.115866 0.122636 0.127713 0.130860 0.131926 0.130860 0.127713 0.122636 0.115866 0.107709 0.098516 0.088661 0.078510 0.068406 0.058646 0.049474 0.041069 0.033547 0.026965 0.021329 0.016603 0.012719 0.009588 0.007114 0.005195 0.003734 0.002641 0.001839 0.001260 0.000850 0.000565 0.000369 0.000238 0.000150 0.000094 0.000058 0.000035 0.000021 0.000012 0.000007 0.000004 0.000002 0.000001 0.000001 0.000000 0.000000 0.000000 0.000000 0.000000 0.000000 0.000000 0.000000 0.000000 0.000000 
0.000000 0.000000 0.000000 0.000000 0.000000 0.000000 0.000000 0.000000 0.000000 0.000000 0.000001 0.000001 0.000002 0.000004 0.000007 0.000011 0.000020 0.000034 0.000057 0.000094 0.000153 0.000245 0.000386 0.000599 0.000916 0.001379 0.002043 0.002979 0.004276 0.006042 0.008403 0.011502 0.015495 0.020546 0.026810 0.034429 0.043512 0.054115 0.066229 0.079761 0.094525 0.110229 0.126486 0.142814 0.158665 0.173447 0.186563 0.197447 0.205609 0.210668 0.212382 0.210668 0.205609 0.197447 0.186563 0.173447 0.158665 0.142814 0.126486 0.110229 0.094525 0.079761 0.066229 0.054115 0.043512 0.034429 0.026810 0.020546 0.015495 0.011502 0.008403 0.006042 0.004276 0.002979 0.002043 0.001379 0.000916 0.000599 0.000386 0.000245 0.000153 0.000094 0.000057 0.000034 0.000020 0.000011 0.000007 0.000004 0.000002 0.000001 0.000001 0.000000 0.000000 0.000000 0.000000 0.000000 0.000000 0.000000 0.000000 0.000000 
0.000000 0.000000 0.000000 0.000000 0.000000 0.000000 0.000000 0.000000 0.000000 0.000001 0.000001 0.000002 0.000003 0.000006 0.000011 0.000018 0.000032 0.000054 0.000091 0.000150 0.000245 0.000392 0.000617 0.000958 0.001464 0.002202 0.003260 0.004752 0.006818 0.009629 0.013385 0.018313 0.024661 0.032685 0.042635 0.054733 0.069148 0.085971 0.105186 0.126645 0.150050 0.174942 0.200702 0.226572 0.251682 0.275095 0.295866 0.313102 0.326027 0.334037 0.336750 0.334037 0.326027 0.313102 0.295866 0.275095 0.251682 0.226572 0.200702 0.174942 0.150050 0.126645 0.105186 0.085971 0.069148 0.054733 0.042635 0.032685 0.024661 0.018313 0.013385 0.009629 0.006818 0.004752 0.003260 0.002202 0.001464 0.000958 0.000617 0.000392 0.000245 0.000150 0.000091 0.000054 0.000032 0.000018 0.000011 0.000006 0.000003 0.000002 0.000001 0.000001 0.000000 0.000000 0.000000 0.000000 0.000000 0.000000 0.000000 0.000000 
0.000000 0.000000 0.000000 0.000000 0.000000 0.000000 0.000000 0.000000 0.000000 0.000001 0.000002 0.000003 0.000005 0.000009 0.000017 0.000029 0.000050 0.000086 0.000144 0.000238 0.000386 0.000617 0.000973 0.001509 0.002303 0.003463 0.005124 0.007465 0.010704 0.015110 0.020995 0.028713 0.038651 0.051207 0.066771 0.085687 0.108219 0.134508 0.164526 0.198040 0.234585 0.273441 0.313646 0.354015 0.393191 0.429716 0.462115 0.488998 0.509155 0.521646 0.525878 0.521646 0.509155 0.488998 0.462115 0.429716 0.393191 0.354015 0.313646 0.273441 0.234585 0.198040 0.164526 0.134508 0.108219 0.085687 0.066771 0.051207 0.038651 0.028713 0.020995 0.015110 0.010704 0.007465 0.005124 0.003463 0.002303 0.001509 0.000973 0.000617 0.000386 0.000238 0.000144 0.000086 0.000050 0.000029 0.000017 0.000009 0.000005 0.000003 0.000002 0.000001 0.000000 0.000000 0.000000 0.000000 0.000000 0.000000 0.000000 0.000000 
0.000000 0.000000 0.000000 0.000000 0.000000 0.000000 0.000000 0.000000 0.000001 0.000001 0.000002 0.000004 0.000008 0.000015 0.000026 0.000046 0.000079 0.000134 0.000224 0.000369 0.000599 0.000958 0.001509 0.002338 0.003568 0.005361 0.007929 0.011546 0.016549 0.023350 0.032429 0.044332 0.059651 0.079000 0.102975 0.132103 0.166790 0.207246 0.253428 0.304978 0.361173 0.420912 0.482712 0.544753 0.604951 0.661068 0.710842 0.752137 0.783098 0.802284 0.808783 0.802284 0.783098 0.752137 0.710842 0.661068 0.604951 0.544753 0.482712 0.420912 0.361173 0.304978 0.253428 0.207246 0.166790 0.132103 0.102975 0.079000 0.059651 0.044332 0.032429 0.023350 0.016549 0.011546 0.007929 0.005361 0.003568 0.002338 0.001509 0.000958 0.000599 0.000369 0.000224 0.000134 0.000079 0.000046 0.000026 0.000015 0.000008 0.000004 0.000002 0.000001 0.000001 0.000000 0.000000 0.000000 0.000000 0.000000 0.000000 0.000000 
0.000000 0.000000 0.000000 0.000000 0.000000 0.000000 0.000000 0.000001 0.000001 0.000002 0.000004 0.000007 0.000012 0.000022 0.000040 0.000070 0.000120 0.000205 0.000343 0.000565 0.000916 0.001464 0.002303 0.003568 0.005442 0.008173 0.012082 0.017583 0.025191 0.035528 0.049322 0.067398 0.090653 0.120015 0.156382 0.200554 0.253137 0.314450 0.384421 0.462505 0.547608 0.638057 0.731609 0.825511 0.916611 1.001523 1.076829 1.139303 1.186139 1.215162 1.224994 1.215162 1.186139 1.139303 1.076829 1.001523 0.916611 0.825511 0.731609 0.638057 0.547608 0.462505 0.384421 0.314450 0.253137 0.200554 0.156382 0.120015 0.090653 0.067398 0.049322 0.035528 0.025191 0.017583 0.012082 0.008173 0.005442 0.003568 0.002303 0.001464 0.000916 0.000565 0.000343 0.000205 0.000120 0.000070 0.000040 0.000022 0.000012 0.000007 0.000004 0.000002 0.000001 0.000001 0.000000 0.000000 0.000000 0.000000 0.000000 0.000000 
0.000000 0.000000 0.000000 0.000000 0.000000 0.000000 0.000000 0.000001 0.000002 0.000003 0.000006 0.000010 0.000019 0.000034 0.000060 0.000105 0.000182 0.000309 0.000516 0.000850 0.001379 0.002202 0.003463 0.005361 0.008173 0.012266 0.018124 0.026365 0.037756 0.053225 0.073860 0.100891 0.135653 0.179527 0.233851 0.299812 0.378310 0.469815 0.574215 0.690690 0.817608 0.952472 1.091938 1.231902 1.367672 1.494204 1.606411 1.699489 1.769266 1.812502 1.827148 1.812502 1.769266 1.699489 1.606411 1.494204 1.367672 1.231902 1.091938 0.952472 0.817608 0.690690 0.574215 0.469815 0.378310 0.299812 0.233851 0.179527 0.135653 0.100891 0.073860 0.053225 0.037756 0.026365 0.018124 0.012266 0.008173 0.005361 0.003463 0.002202 0.001379 0.000850 0.000516 0.000309 0.000182 0.000105 0.000060 0.000034 0.000019 0.000010 0.000006 0.000003 0.000002 0.000001 0.000000 0.000000 0.000000 0.000000 0.000000 0.000000 
0.000000 0.000000 0.000000 0.000000 0.000000 0.000000 0.000001 0.000001 0.000002 0.000004 0.000008 0.000015 0.000028 0.000050 0.000090 0.000157 0.000270 0.000458 0.000766 0.001260 0.002043 0.003260 0.005124 0.007929 0.012082 0.018124 0.026768 0.038922 0.055714 0.078509 0.108904 0.148704 0.199869 0.264423 0.344328 0.441320 0.556713 0.691189 0.844579 1.015670 1.202061 1.400085 1.604830 1.810275 2.009535 2.195218 2.359861 2.496428 2.598799 2.662230 2.683716 2.662230 2.598799 2.496428 2.359861 2.195218 2.009535 1.810275 1.604830 1.400085 1.202061 1.015670 0.844579 0.691189 0.556713 0.441320 0.344328 0.264423 0.199869 0.148704 0.108904 0.078509 0.055714 0.038922 0.026768 0.018124 0.012082 0.007929 0.005124 0.003260 0.002043 0.001260 0.000766 0.000458 0.000270 0.000157 0.000090 0.000050 0.000028 0.000015 0.000008 0.000004 0.000002 0.000001 0.000001 0.000000 0.000000 0.000000 0.000000 0.000000 
0.000000 0.000000 0.000000 0.000000 0.000000 0.000000 0.000001 0.000002 0.000003 0.000006 0.000012 0.000022 0.000041 0.000074 0.000131 0.000229 0.000395 0.000669 0.001118 0.001839 0.002979 0.004752 0.007465 0.011546 0.017583 0.026365 0.038922 0.056569 0.080942 0.114014 0.158095 0.215795 0.289945 0.383469 0.499196 0.639628 0.806658 1.001259 1.223178 1.470653 1.740202 2.026520 2.322508 2.619464 2.907443 3.175770 3.413671 3.610987 3.758889 3.850528 3.881569 3.850528 3.758889 3.610987 3.413671 3.175770 2.907443 2.619464 2.322508 2.026520 1.740202 1.470653 1.223178 1.001259 0.806658 0.639628 0.499196 0.383469 0.289945 0.215795 0.158095 0.114014 0.080942 0.056569 0.038922 0.026365 0.017583 0.011546 0.007465 0.004752 0.002979 0.001839 0.001118 0.000669 0.000395 0.000229 0.000131 0.000074 0.000041 0.000022 0.000012 0.000006 0.000003 0.000002 0.000001 0.000000 0.000000 0.000000 0.000000 0.000000 
0.000000 0.000000 0.000000 0.000000 0.000000 0.000001 0.000001 0.000002 0.000005 0.000009 0.000017 0.000032 0.000059 0.000106 0.000189 0.000330 0.000568 0.000962 0.001606 0.002641 0.004276 0.006818 0.010704 0.016549 0.025191 0.037756 0.055714 0.080942 0.115769 0.163010 0.225952 0.308313 0.414119 0.547527 0.712557 0.912762 1.150821 1.428109 1.744249 2.096720 2.480557 2.888200 3.309544 3.732205 4.142039 4.523863 4.862363 5.143097 5.353514 5.483883 5.528042 5.483883 5.353514 5.143097 4.862363 4.523863 4.142039 3.732205 3.309544 2.888200 2.480557 2.096720 1.744249 1.428109 1.150821 0.912762 0.712557 0.547527 0.414119 0.308313 0.225952 0.163010 0.115769 0.080942 0.055714 0.037756 0.025191 0.016549 0.010704 0.006818 0.004276 0.002641 0.001606 0.000962 0.000568 0.000330 0.000189 0.000106 0.000059 0.000032 0.000017 0.000009 0.000005 0.000002 0.000001 0.000001 0.000000 0.000000 0.000000 0.000000 
0.000000 0.000000 0.000000 0.000000 0.000000 0.000001 0.000002 0.000004 0.000007 0.000013 0.000025 0.000046 0.000084 0.000151 0.000268 0.000467 0.000804 0.001362 0.002272 0.003734 0.006042 0.009629 0.015110 0.023350 0.035528 0.053225 0.078509 0.114014 0.163010 0.229443 0.317928 0.433672 0.582317 0.769682 1.001394 1.282416 1.616490 2.005522 2.448965 2.943268 3.481458 4.052932 4.643522 5.235879 5.810190 6.345196 6.819456 7.212755 7.507527 7.690155 7.752015 7.690155 7.507527 7.212755 6.819456 6.345196 5.810190 5.235879 4.643522 4.052932 3.481458 2.943268 2.448965 2.005522 1.616490 1.282416 1.001394 0.769682 0.582317 0.433672 0.317928 0.229443 0.163010 0.114014 0.078509 0.053225 0.035528 0.023350 0.015110 0.009629 0.006042 0.003734 0.002272 0.001362 0.000804 0.000467 0.000268 0.000151 0.000084 0.000046 0.000025 0.000013 0.000007 0.000004 0.000002 0.000001 0.000000 0.000000 0.000000 0.000000 
0.000000 0.000000 0.000000 0.000000 0.000001 0.000001 0.000003 0.000005 0.000010 0.000018 0.000035 0.000064 0.000117 0.000211 0.000373 0.000651 0.001120 0.001897 0.003163 0.005195 0.008403 0.013385 0.020995 0.032429 0.049322 0.073860 0.108904 0.158095 0.225952 0.317928 0.440393 0.600533 0.806131 1.065209 1.385520 1.773897 2.235480 2.772876 3.385305 4.067845 4.810852 5.599682 6.414779 7.232210 8.024648 8.762781 9.417051 9.959597 10.366207 10.618115 10.703441 10.618115 10.366207 9.959597 9.417051 8.762781 8.024648 7.232210 6.414779 5.599682 4.810852 4.067845 3.385305 2.772876 2.235480 1.773897 1.385520 1.065209 0.806131 0.600533 0.440393 0.317928 0.225952 0.158095 0.108904 0.073860 0.049322 0.032429 0.020995 0.013385 0.008403 0.005195 0.003163 0.001897 0.001120 0.000651 0.000373 0.000211 0.000117 0.000064 0.000035 0.000018 0.000010 0.000005 0.000003 0.000001 0.000001 0.000000 0.000000 0.000000 
0.000000 0.000000 0.000000 0.000000 0.000001 0.000002 0.000003 0.000007 0.000013 0.000025 0.000048 0.000088 0.000161 0.000289 0.000512 0.000894 0.001536 0.002600 0.004333 0.007114 0.011502 0.018313 0.028713 0.044332 0.067398 0.100891 0.148704 0.215795 0.308313 0.433672 0.600533 0.818660 1.098625 1.451316 1.887253 2.415696 3.043603 3.774483 4.607246 5.535171 6.545132 7.617214 8.724842 9.835505 10.912093 11.914810 12.803537 13.540456 14.092713 14.434845 14.550729 14.434845 14.092713 13.540456 12.803537 11.914810 10.912093 9.835505 8.724842 7.617214 6.545132 5.535171 4.607246 3.774483 3.043603 2.415696 1.887253 1.451316 1.098625 0.818660 0.600533 0.433672 0.308313 0.215795 0.148704 0.100891 0.067398 0.044332 0.028713 0.018313 0.011502 0.007114 0.004333 0.002600 0.001536 0.000894 0.000512 0.000289 0.000161 0.000088 0.000048 0.000025 0.000013 0.000007 0.000003 0.000002 0.000001 0.000000 0.000000 0.000000 
0.000000 0.000000 0.000000 0.000001 0.000001 0.000002 0.000005 0.000009 0.000018 0.000034 0.000064 0.000119 0.000218 0.000391 0.000692 0.001207 0.002073 0.003507 0.005843 0.009588 0.015495 0.024661 0.038651 0.059651 0.090653 0.135653 0.199869 0.289945 0.414119 0.582317 0.806131 1.098625 1.473935 1.946617 2.530721 3.238607 4.079549 5.058200 6.173061 7.415102 8.766734 10.201292 11.683219 13.169033 14.609115 15.950267 17.138868 18.124380 18.862904 19.320418 19.475380 19.320418 18.862904 18.124380 17.138868 15.950267 14.609115 13.169033 11.683219 10.201292 8.766734 7.415102 6.173061 5.058200 4.079549 3.238607 2.530721 1.946617 1.473935 1.098625 0.806131 0.582317 0.414119 0.289945 0.199869 0.135653 0.090653 0.059651 0.038651 0.024661 0.015495 0.009588 0.005843 0.003507 0.002073 0.001207 0.000692 0.000391 0.000218 0.000119 0.000064 0.000034 0.000018 0.000009 0.000005 0.000002 0.000001 0.000001 0.000000 0.000000 
0.000000 0.000000 0.000000 0.000001 0.000002 0.000003 0.000006 0.000012 0.000024 0.000046 0.000086 0.000159 0.000290 0.000520 0.000920 0.001604 0.002754 0.004656 0.007754 0.012719 0.020546 0.032685 0.051207 0.079000 0.120015 0.179527 0.264423 0.383469 0.547527 0.769682 1.065209 1.451316 1.946617 2.570266 3.340741 4.274290 5.383080 6.673192 8.142600 9.779363 11.560273 13.450185 15.402260 17.359236 19.255796 21.021920 22.587044 23.884674 24.857053 25.459422 25.663446 25.459422 24.857053 23.884674 22.587044 21.021920 19.255796 17.359236 15.402260 13.450185 11.560273 9.779363 8.142600 6.673192 5.383080 4.274290 3.340741 2.570266 1.946617 1.451316 1.065209 0.769682 0.547527 0.383469 0.264423 0.179527 0.120015 0.079000 0.051207 0.032685 0.020546 0.012719 0.007754 0.004656 0.002754 0.001604 0.000920 0.000520 0.000290 0.000159 0.000086 0.000046 0.000024 0.000012 0.000006 0.000003 0.000002 0.000001 0.000000 0.000000 
0.000000 0.000000 0.000000 0.000001 0.000002 0.000004 0.000008 0.000016 0.000031 0.000060 0.000113 0.000208 0.000379 0.000681 0.001204 0.002098 0.003599 0.006083 0.010126 0.016603 0.026810 0.042635 0.066771 0.102975 0.156382 0.233851 0.344328 0.499196 0.712557 1.001394 1.385520 1.887253 2.530721 3.340741 4.341246 5.553257 6.992502 8.666803 10.573470 12.696960 15.007131 17.458378 19.989953 22.527620 24.986717 27.276511 29.305574 30.987764 32.248263 33.029097 33.293563 33.029097 32.248263 30.987764 29.305574 27.276511 24.986717 22.527620 19.989953 17.458378 15.007131 12.696960 10.573470 8.666803 6.992502 5.553257 4.341246 3.340741 2.530721 1.887253 1.385520 1.001394 0.712557 0.499196 0.344328 0.233851 0.156382 0.102975 0.066771 0.042635 0.026810 0.016603 0.010126 0.006083 0.003599 0.002098 0.001204 0.000681 0.000379 0.000208 0.000113 0.000060 0.000031 0.000016 0.000008 0.000004 0.000002 0.000001 0.000000 0.000000 
0.000000 0.000000 0.000001 0.000001 0.000003 0.000005 0.000011 0.000021 0.000041 0.000077 0.000145 0.000268 0.000489 0.000877 0.001550 0.002699 0.004629 0.007821 0.013014 0.021329 0.034429 0.054733 0.085687 0.132103 0.200554 0.299812 0.441320 0.639628 0.912762 1.282416 1.773897 2.415696 3.238607 4.274290 5.553257 7.102296 8.941418 11.080537 13.516143 16.228325 19.178541 22.308536 25.540744 28.780412 31.919505 34.842262 37.432057 39.579014 41.187713 42.184220 42.521729 42.184220 41.187713 39.579014 37.432057 34.842262 31.919505 28.780412 25.540744 22.308536 19.178541 16.228325 13.516143 11.080537 8.941418 7.102296 5.553257 4.274290 3.238607 2.415696 1.773897 1.282416 0.912762 0.639628 0.441320 0.299812 0.200554 0.132103 0.085687 0.054733 0.034429 0.021329 0.013014 0.007821 0.004629 0.002699 0.001550 0.000877 0.000489 0.000268 0.000145 0.000077 0.000041 0.000021 0.000011 0.000005 0.000003 0.000001 0.000000 0.000000 
0.000000 0.000000 0.000001 0.000002 0.000003 0.000007 0.000014 0.000027 0.000052 0.000098 0.000184 0.000340 0.000620 0.001111 0.001963 0.003417 0.005859 0.009894 0.016459 0.026965 0.043512 0.069148 0.108219 0.166790 0.253137 0.378310 0.556713 0.806658 1.150821 1.616490 2.235480 3.043603 4.079549 5.383080 6.992502 8.941418 11.254903 13.945332 17.008205 20.418412 24.127447 28.062050 32.124720 36.196393 40.141343 43.814168 47.068394 49.766045 51.787305 53.039343 53.463395 53.039343 51.787305 49.766045 47.068394 43.814168 40.141343 36.196393 32.124720 28.062050 24.127447 20.418412 17.008205 13.945332 11.254903 8.941418 6.992502 5.383080 4.079549 3.043603 2.235480 1.616490 1.150821 0.806658 0.556713 0.378310 0.253137 0.166790 0.108219 0.069148 0.043512 0.026965 0.016459 0.009894 0.005859 0.003417 0.001963 0.001111 0.000620 0.000340 0.000184 0.000098 0.000052 0.000027 0.000014 0.000007 0.000003 0.000002 0.000001 0.000000 
0.000000 0.000000 0.000001 0.000002 0.000004 0.000009 0.000017 0.000033 0.000064 0.000123 0.000230 0.000425 0.000773 0.001385 0.002447 0.004257 0.007296 0.012318 0.020483 0.033547 0.054115 0.085971 0.134508 0.207246 0.314450 0.469815 0.691189 1.001259 1.428109 2.005522 2.772876 3.774483 5.058200 6.673192 8.666803 11.080537 13.945332 17.276400 21.068069 25.289179 29.879634 34.748739 39.775845 44.813658 49.694313 54.238004 58.263627 61.600598 64.100799 65.649476 66.173991 65.649476 64.100799 61.600598 58.263627 54.238004 49.694313 44.813658 39.775845 34.748739 29.879634 25.289179 21.068069 17.276400 13.945332 11.080537 8.666803 6.673192 5.058200 3.774483 2.772876 2.005522 1.428109 1.001259 0.691189 0.469815 0.314450 0.207246 0.134508 0.085971 0.054115 0.033547 0.020483 0.012318 0.007296 0.004257 0.002447 0.001385 0.000773 0.000425 0.000230 0.000123 0.000064 0.000033 0.000017 0.000009 0.000004 0.000002 0.000001 0.000000 
0.000000 0.000000 0.000001 0.000003 0.000005 0.000011 0.000021 0.000041 0.000079 0.000151 0.000282 0.000521 0.000948 0.001699 0.003000 0.005218 0.008941 0.015089 0.025083 0.041069 0.066229 0.105186 0.164526 0.253428 0.384421 0.574215 0.844579 1.223178 1.744249 2.448965 3.385305 4.607246 6.173061 8.142600 10.573470 13.516143 17.008205 21.068069 25.688715 30.832079 36.424875 42.356576 48.480213 54.616405 60.560761 66.094385 70.996825 75.060457 78.105013 79.990837 80.629532 79.990837 78.105013 75.060457 70.996825 66.094385 60.560761 54.616405 48.480213 42.356576 36.424875 30.832079 25.688715 21.068069 17.008205 13.516143 10.573470 8.142600 6.173061 4.607246 3.385305 2.448965 1.744249 1.223178 0.844579 0.574215 0.384421 0.253428 0.164526 0.105186 0.066229 0.041069 0.025083 0.015089 0.008941 0.005218 0.003000 0.001699 0.000948 0.000521 0.000282 0.000151 0.000079 0.000041 0.000021 0.000011 0.000005 0.000002 0.000001 0.000000 
0.000000 0.000001 0.000001 0.000003 0.000006 0.000013 0.000025 0.000050 0.000096 0.000182 0.000341 0.000630 0.001145 0.002051 0.003620 0.006294 0.010780 0.018188 0.030225 0.049474 0.079761 0.126645 0.198040 0.304978 0.462505 0.690690 1.015670 1.470653 2.096720 2.943268 4.067845 5.535171 7.415102 9.779363 12.696960 16.228325 20.418412 25.289179 30.832079 37.001353 43.709031 50.822523 58.165587 65.523168 72.650272 79.284558 85.161845 90.033350 93.683080 95.943713 96.709342 95.943713 93.683080 90.033350 85.161845 79.284558 72.650272 65.523168 58.165587 50.822523 43.709031 37.001353 30.832079 25.289179 20.418412 16.228325 12.696960 9.779363 7.415102 5.535171 4.067845 2.943268 2.096720 1.470653 1.015670 0.690690 0.462505 0.304978 0.198040 0.126645 0.079761 0.049474 0.030225 0.018188 0.010780 0.006294 0.003620 0.002051 0.001145 0.000630 0.000341 0.000182 0.000096 0.000050 0.000025 0.000013 0.000006 0.000003 0.000001 0.000000 
0.000000 0.000001 0.000002 0.000004 0.000008 0.000015 0.000030 0.000059 0.000114 0.000217 0.000405 0.000748 0.001360 0.002435 0.004297 0.007469 0.012789 0.021571 0.035838 0.058646 0.094525 0.150050 0.234585 0.361173 0.547608 0.817608 1.202061 1.740202 2.480557 3.481458 4.810852 6.545132 8.766734 11.560273 15.007131 19.178541 24.127447 29.879634 36.424875 43.709031 51.628162 60.025701 68.693599 77.378053 85.789975 93.619844 100.556004 106.304985 110.612010 113.279727 114.183219 113.279727 110.612010 106.304985 100.556004 93.619844 85.789975 77.378053 68.693599 60.025701 51.628162 43.709031 36.424875 29.879634 24.127447 19.178541 15.007131 11.560273 8.766734 6.545132 4.810852 3.481458 2.480557 1.740202 1.202061 0.817608 0.547608 0.361173 0.234585 0.150050 0.094525 0.058646 0.035838 0.021571 0.012789 0.007469 0.004297 0.002435 0.001360 0.000748 0.000405 0.000217 0.000114 0.000059 0.000030 0.000015 0.000007 0.000004 0.000001 0.000000 
0.000000 0.000001 0.000002 0.000004 0.000009 0.000018 0.000035 0.000069 0.000133 0.000253 0.000474 0.000874 0.001589 0.002845 0.005018 0.008720 0.014928 0.025172 0.041811 0.068406 0.110229 0.174942 0.273441 0.420912 0.638057 0.952472 1.400085 2.026520 2.888200 4.052932 5.599682 7.617214 10.201292 13.450185 17.458378 22.308536 28.062050 34.748739 42.356576 50.822523 60.025701 69.784120 79.856028 89.946563 99.719924 108.816615 116.874696 123.553370 128.556791 131.655798 132.705350 131.655798 128.556791 123.553370 116.874696 108.816615 99.719924 89.946563 79.856028 69.784120 60.025701 50.822523 42.356576 34.748739 28.062050 22.308536 17.458378 13.450185 10.201292 7.617214 5.599682 4.052932 2.888200 2.026520 1.400085 0.952472 0.638057 0.420912 0.273441 0.174942 0.110229 0.068406 0.041811 0.025172 0.014928 0.008720 0.005018 0.002845 0.001589 0.000874 0.000474 0.000253 0.000133 0.000069 0.000035 0.000018 0.000009 0.000004 0.000002 0.000000 
0.000000 0.000001 0.000002 0.000005 0.000010 0.000020 0.000041 0.000080 0.000153 0.000291 0.000545 0.001005 0.001826 0.003269 0.005766 0.010017 0.017144 0.028903 0.047997 0.078510 0.126486 0.200702 0.313646 0.482712 0.731609 1.091938 1.604830 2.322508 3.309544 4.643522 6.414779 8.724842 11.683219 15.402260 19.989953 25.540744 32.124720 39.775845 48.480213 58.165587 68.693599 79.856028 91.376347 102.917348 114.095054 124.498435 133.713704 141.351267 147.072937 150.616764 151.816956 150.616764 147.072937 141.351267 133.713704 124.498435 114.095054 102.917348 91.376347 79.856028 68.693599 58.165587 48.480213 39.775845 32.124720 25.540744 19.989953 15.402260 11.683219 8.724842 6.414779 4.643522 3.309544 2.322508 1.604830 1.091938 0.731609 0.482712 0.313646 0.200702 0.126486 0.078510 0.047997 0.028903 0.017144 0.010017 0.005766 0.003269 0.001826 0.001005 0.000545 0.000291 0.000153 0.000080 0.000041 0.000020 0.000010 0.000005 0.000002 0.000000 
