0.000000 0.000000 0.000000 0.000000 0.000000 0.000000 0.000000 0.000000 0.000000 0.000000 0.000000 0.000000 0.000000 0.000000 0.000000 0.000000 0.000000 0.000000 0.000000 0.000000 0.000000 0.000000 0.000000 0.000000 0.000000 0.000000 0.000000 0.000000 0.000000 0.000000 0.000000 0.000000 0.000000 0.000000 0.000000 0.000000 0.000000 0.000000 0.000000 0.000000 0.000000 0.000000 0.000000 0.000000 0.000000 0.000000 0.000000 0.000000 0.000000 0.000000 0.000000 0.000000 0.000000 0.000000 0.000000 0.000000 0.000000 0.000000 0.000000 0.000000 0.000000 0.000000 0.000000 0.000000 0.000000 0.000000 0.000000 0.000000 0.000000 0.000000 0.000000 0.000000 0.000000 0.000000 0.000000 0.000000 0.000000 0.000000 0.000000 0.000000 0.000000 0.000000 0.000000 0.000000 0.000000 0.000000 0.000000 0.000000 0.000000 0.000000 0.000000 0.000000 0.000000 0.000000 0.000000 0.000000 0.000000 0.000000 0.000000 0.000000 
0.000000 0.000000 0.000000 0.000000 0.000000 0.000000 0.000000 0.000000 0.000001 0.000001 0.000001 0.000002 0.000003 0.000004 0.000005 0.000007 0.000009 0.000013 0.000017 0.000023 0.000030 0.000039 0.000051 0.000065 0.000083 0.000105 0.000131 0.000163 0.000200 0.000243 0.000293 0.000351 0.000415 0.000488 0.000567 0.000653 0.000746 0.000844 0.000947 0.001052 0.001158 0.001263 0.001366 0.001463 0.001553 0.001633 0.001702 0.001757 0.001798 0.001823 0.001831 0.001823 0.001798 0.001757 0.001702 0.001633 0.001553 0.001463 0.001366 0.001263 0.001158 0.001052 0.000947 0.000844 0.000746 0.000653 0.000567 0.000488 0.000415 0.000351 0.000293 0.000243 0.000200 0.000163 0.000131 0.000105 0.000083 0.000065 0.000051 0.000039 0.000030 0.000023 0.000017 0.000013 0.000009 0.000007 0.000005 0.000004 0.000003 0.000002 0.000001 0.000001 0.000001 0.000000 0.000000 0.000000 0.000000 0.000000 0.000000 0.000000 
0.000000 0.000000 0.000000 0.000000 0.000000 0.000000 0.000001 0.000001 0.000001 0.000002 0.000003 0.000004 0.000005 0.000008 0.000011 0.000015 0.000020 0.000028 0.000037 0.000049 0.000065 0.000085 0.000110 0.000142 0.000181 0.000228 0.000285 0.000354 0.000434 0.000529 0.000638 0.000762 0.000903 0.001059 0.001232 0.001420 0.001621 0.001835 0.002057 0.002285 0.002516 0.002745 0.002967 0.003178 0.003373 0.003547 0.003696 0.003817 0.003905 0.003959 0.003977 0.003959 0.003905 0.003817 0.003696 0.003547 0.003373 0.003178 0.002967 0.002745 0.002516 0.002285 0.002057 0.001835 0.001621 0.001420 0.001232 0.001059 0.000903 0.000762 0.000638 0.000529 0.000434 0.000354 0.000285 0.000228 0.000181 0.000142 0.000110 0.000085 0.000065 0.000049 0.000037 0.000028 0.000020 0.000015 0.000011 0.000008 0.000005 0.000004 0.000003 0.000002 0.000001 0.000001 0.000001 0.000000 0.000000 0.000000 0.000000 0.000000 
0.000000 0.000000 0.000000 0.000000 0.000000 0.000001 0.000001 0.000001 0.000002 0.000003 0.000005 0.000007 0.000009 0.000013 0.000018 0.000025 0.000035 0.000047 0.000063 0.000084 0.000111 0.000146 0.000189 0.000243 0.000309 0.000390 0.000488 0.000605 0.000743 0.000904 0.001091 0.001303 0.001544 0.001811 0.002106 0.002427 0.002772 0.003136 0.003516 0.003906 0.004300 0.004691 0.005070 0.005431 0.005764 0.006061 0.006316 0.006522 0.006673 0.006765 0.006796 0.006765 0.006673 0.006522 0.006316 0.006061 0.005764 0.005431 0.005070 0.004691 0.004300 0.003906 0.003516 0.003136 0.002772 0.002427 0.002106 0.001811 0.001544 0.001303 0.001091 0.000904 0.000743 0.000605 0.000488 0.000390 0.000309 0.000243 0.000189 0.000146 0.000111 0.000084 0.000063 0.000047 0.000035 0.000025 0.000018 0.000013 0.000009 0.000007 0.000005 0.000003 0.000002 0.000001 0.000001 0.000001 0.000000 0.000000 0.000000 0.000000 
0.000000 0.000000 0.000000 0.000000 0.000001 0.000001 0.000002 0.000002 0.000003 0.000005 0.000007 0.000010 0.000015 0.000021 0.000029 0.000040 0.000055 0.000075 0.000100 0.000134 0.000176 0.000231 0.000299 0.000384 0.000489 0.000618 0.000772 0.000957 0.001175 0.001430 0.001724 0.002060 0.002440 0.002863 0.003329 0.003835 0.004379 0.004954 0.005554 0.006170 0.006792 0.007409 0.008008 0.008577 0.009103 0.009572 0.009975 0.010300 0.010538 0.010684 0.010733 0.010684 0.010538 0.010300 0.009975 0.009572 0.009103 0.008577 0.008008 0.007409 0.006792 0.006170 0.005554 0.004954 0.004379 0.003835 0.003329 0.002863 0.002440 0.002060 0.001724 0.001430 0.001175 0.000957 0.000772 0.000618 0.000489 0.000384 0.000299 0.000231 0.000176 0.000134 0.000100 0.000075 0.000055 0.000040 0.000029 0.000021 0.000015 0.000010 0.000007 0.000005 0.000003 0.000002 0.000002 0.000001 0.000001 0.000000 0.000000 0.000000 
0.000000 0.000000 0.000000 0.000001 0.000001 0.000002 0.000002 0.000004 0.000005 0.000008 0.000011 0.000016 0.000023 0.000032 0.000045 0.000062 0.000084 0.000114 0.000153 0.000204 0.000270 0.000353 0.000457 0.000588 0.000748 0.000944 0.001180 0.001462 0.001795 0.002184 0.002633 0.003146 0.003725 0.004371 0.005081 0.005854 0.006684 0.007561 0.008476 0.009416 0.010364 0.011305 0.012218 0.013086 0.013887 0.014604 0.015217 0.015712 0.016076 0.016298 0.016372 0.016298 0.016076 0.015712 0.015217 0.014604 0.013887 0.013086 0.012218 0.011305 0.010364 0.009416 0.008476 0.007561 0.006684 0.005854 0.005081 0.004371 0.003725 0.003146 0.002633 0.002184 0.001795 0.001462 0.001180 0.000944 0.000748 0.000588 0.000457 0.000353 0.000270 0.000204 0.000153 0.000114 0.000084 0.000062 0.000045 0.000032 0.000023 0.000016 0.000011 0.000008 0.000005 0.000004 0.000002 0.000002 0.000001 0.000001 0.000000 0.000000 
0.000000 0.000000 0.000001 0.000001 0.000002 0.000002 0.000004 0.000005 0.000008 0.000012 0.000017 0.000024 0.000034 0.000048 0.000067 0.000092 0.000126 0.000171 0.000230 0.000307 0.000405 0.000529 0.000686 0.000881 0.001122 0.001415 0.001769 0.002192 0.002691 0.003273 0.003946 0.004715 0.005581 0.006548 0.007612 0.008769 0.010011 0.011324 0.012693 0.014099 0.015519 0.016926 0.018293 0.019591 0.020790 0.021861 0.022779 0.023520 0.024064 0.024396 0.024508 0.024396 0.024064 0.023520 0.022779 0.021861 0.020790 0.019591 0.018293 0.016926 0.015519 0.014099 0.012693 0.011324 0.010011 0.008769 0.007612 0.006548 0.005581 0.004715 0.003946 0.003273 0.002691 0.002192 0.001769 0.001415 0.001122 0.000881 0.000686 0.000529 0.000405 0.000307 0.000230 0.000171 0.000126 0.000092 0.000067 0.000048 0.000034 0.000024 0.000017 0.000012 0.000008 0.000005 0.000004 0.000002 0.000002 0.000001 0.000000 0.000000 
0.000000 0.000000 0.000001 0.000001 0.000002 0.000004 0.000005 0.000008 0.000012 0.000017 0.000025 0.000036 0.000051 0.000071 0.000099 0.000137 0.000187 0.000254 0.000341 0.000455 0.000600 0.000784 0.001016 0.001305 0.001661 0.002095 0.002619 0.003244 0.003982 0.004844 0.005839 0.006975 0.008256 0.009685 0.011258 0.012967 0.014802 0.016742 0.018766 0.020843 0.022940 0.025018 0.027038 0.028954 0.030725 0.032308 0.033664 0.034757 0.035560 0.036051 0.036216 0.036051 0.035560 0.034757 0.033664 0.032308 0.030725 0.028954 0.027038 0.025018 0.022940 0.020843 0.018766 0.016742 0.014802 0.012967 0.011258 0.009685 0.008256 0.006975 0.005839 0.004844 0.003982 0.003244 0.002619 0.002095 0.001661 0.001305 0.001016 0.000784 0.000600 0.000455 0.000341 0.000254 0.000187 0.000137 0.000099 0.000071 0.000051 0.000036 0.000025 0.000017 0.000012 0.000008 0.000005 0.000004 0.000002 0.000001 0.000001 0.000000 
0.000000 0.000001 0.000001 0.000002 0.000003 0.000005 0.000008 0.000012 0.000018 0.000026 0.000037 0.000053 0.000075 0.000105 0.000146 0.000201 0.000275 0.000373 0.000501 0.000667 0.000880 0.001150 0.001490 0.001913 0.002434 0.003070 0.003837 0.004752 0.005832 0.007093 0.008549 0.010211 0.012085 0.014175 0.016476 0.018977 0.021659 0.024497 0.027455 0.030492 0.033557 0.036596 0.039548 0.042349 0.044938 0.047251 0.049233 0.050831 0.052004 0.052721 0.052962 0.052721 0.052004 0.050831 0.049233 0.047251 0.044938 0.042349 0.039548 0.036596 0.033557 0.030492 0.027455 0.024497 0.021659 0.018977 0.016476 0.014175 0.012085 0.010211 0.008549 0.007093 0.005832 0.004752 0.003837 0.003070 0.002434 0.001913 0.001490 0.001150 0.000880 0.000667 0.000501 0.000373 0.000275 0.000201 0.000146 0.000105 0.000075 0.000053 0.000037 0.000025 0.000017 0.000012 0.000008 0.000005 0.000003 0.000002 0.000001 0.000000 
0.000000 0.000001 0.000002 0.000003 0.000005 0.000008 0.000012 0.000017 0.000026 0.000037 0.000054 0.000077 0.000109 0.000152 0.000212 0.000293 0.000400 0.000542 0.000728 0.000969 0.001277 0.001670 0.002163 0.002777 0.003534 0.004455 0.005567 0.006894 0.008460 0.010288 0.012399 0.014808 0.017524 0.020553 0.023886 0.027509 0.031395 0.035505 0.039790 0.044188 0.048628 0.053028 0.057302 0.061359 0.065106 0.068456 0.071324 0.073638 0.075337 0.076375 0.076724 0.076375 0.075337 0.073638 0.071324 0.068456 0.065106 0.061359 0.057302 0.053028 0.048628 0.044188 0.039790 0.035505 0.031395 0.027509 0.023886 0.020553 0.017524 0.014808 0.012399 0.010288 0.008460 0.006894 0.005567 0.004455 0.003534 0.002777 0.002163 0.001670 0.001277 0.000969 0.000728 0.000542 0.000400 0.000293 0.000212 0.000152 0.000108 0.000077 0.000054 0.000037 0.000025 0.000017 0.000012 0.000008 0.000005 0.000003 0.000001 0.000000 
0.000000 0.000001 0.000003 0.000005 0.000007 0.000011 0.000017 0.000025 0.000037 0.000054 0.000077 0.000110 0.000156 0.000220 0.000306 0.000421 0.000576 0.000780 0.001048 0.001394 0.001839 0.002403 0.003113 0.003996 0.005083 0.006408 0.008006 0.009912 0.012163 0.014789 0.017821 0.021280 0.025182 0.029530 0.034316 0.039518 0.045096 0.050996 0.057147 0.063459 0.069830 0.076145 0.082278 0.088099 0.093476 0.098282 0.102398 0.105718 0.108155 0.109645 0.110146 0.109645 0.108155 0.105718 0.102398 0.098282 0.093476 0.088099 0.082278 0.076145 0.069830 0.063459 0.057147 0.050996 0.045096 0.039518 0.034316 0.029530 0.025182 0.021280 0.017821 0.014789 0.012163 0.009912 0.008006 0.006408 0.005083 0.003996 0.003113 0.002403 0.001839 0.001394 0.001048 0.000780 0.000576 0.000421 0.000306 0.000220 0.000156 0.000110 0.000077 0.000054 0.000037 0.000025 0.000017 0.000011 0.000007 0.000004 0.000002 0.000000 
0.000000 0.000002 0.000004 0.000007 0.000010 0.000016 0.000024 0.000036 0.000053 0.000077 0.000110 0.000158 0.000223 0.000314 0.000436 0.000602 0.000822 0.001114 0.001495 0.001989 0.002623 0.003428 0.004439 0.005697 0.007246 0.009134 0.011410 0.014125 0.017330 0.021069 0.025386 0.030310 0.035864 0.042052 0.048864 0.056265 0.064202 0.072597 0.081347 0.090326 0.099389 0.108370 0.117094 0.125372 0.133020 0.139855 0.145708 0.150429 0.153895 0.156012 0.156725 0.156012 0.153895 0.150429 0.145708 0.139855 0.133020 0.125372 0.117094 0.108370 0.099389 0.090326 0.081347 0.072597 0.064202 0.056265 0.048864 0.042052 0.035864 0.030310 0.025386 0.021069 0.017330 0.014125 0.011410 0.009134 0.007246 0.005697 0.004439 0.003428 0.002623 0.001989 0.001495 0.001114 0.000822 0.000602 0.000436 0.000314 0.000223 0.000158 0.000110 0.000077 0.000053 0.000036 0.000024 0.000016 0.000010 0.000006 0.000003 0.000000 
0.000000 0.000003 0.000005 0.000009 0.000015 0.000023 0.000034 0.000051 0.000075 0.000109 0.000156 0.000223 0.000316 0.000444 0.000618 0.000852 0.001164 0.001576 0.002115 0.002813 0.003709 0.004845 0.006274 0.008051 0.010239 0.012905 0.016118 0.019951 0.024474 0.029752 0.035843 0.042792 0.050627 0.059357 0.068965 0.079404 0.090598 0.102437 0.114775 0.127436 0.140214 0.152877 0.165174 0.176845 0.187626 0.197261 0.205511 0.212165 0.217051 0.220036 0.221040 0.220036 0.217051 0.212165 0.205511 0.197261 0.187626 0.176845 0.165174 0.152877 0.140214 0.127436 0.114775 0.102437 0.090598 0.079404 0.068965 0.059357 0.050627 0.042792 0.035843 0.029752 0.024474 0.019951 0.016118 0.012905 0.010239 0.008051 0.006274 0.004845 0.003709 0.002813 0.002115 0.001576 0.001164 0.000852 0.000618 0.000444 0.000316 0.000223 0.000156 0.000108 0.000074 0.000051 0.000034 0.000022 0.000014 0.000008 0.000004 0.000000 
0.000000 0.000004 0.000008 0.000013 0.000021 0.000032 0.000048 0.000071 0.000105 0.000152 0.000220 0.000314 0.000444 0.000623 0.000867 0.001195 0.001632 0.002209 0.002965 0.003943 0.005197 0.006789 0.008790 0.011278 0.014340 0.018071 0.022568 0.027932 0.034259 0.041643 0.050162 0.059880 0.070838 0.083045 0.096479 0.111074 0.126723 0.143271 0.160516 0.178212 0.196070 0.213766 0.230952 0.247260 0.262324 0.275786 0.287313 0.296611 0.303437 0.307607 0.309010 0.307607 0.303437 0.296611 0.287313 0.275786 0.262324 0.247260 0.230952 0.213766 0.196070 0.178212 0.160516 0.143271 0.126723 0.111074 0.096479 0.083045 0.070838 0.059880 0.050162 0.041643 0.034259 0.027932 0.022568 0.018071 0.014340 0.011278 0.008790 0.006789 0.005197 0.003943 0.002965 0.002209 0.001632 0.001195 0.000867 0.000623 0.000444 0.000314 0.000220 0.000152 0.000105 0.000071 0.000048 0.000031 0.000020 0.000012 0.000005 0.000000 
0.000000 0.000005 0.000011 0.000018 0.000029 0.000045 0.000067 0.000099 0.000146 0.000212 0.000306 0.000436 0.000618 0.000867 0.001205 0.001661 0.002268 0.003070 0.004120 0.005478 0.007219 0.009429 0.012205 0.015658 0.019907 0.025082 0.031321 0.038759 0.047534 0.057772 0.069584 0.083056 0.098245 0.115165 0.133782 0.154008 0.175692 0.198621 0.222514 0.247030 0.271769 0.296282 0.320087 0.342676 0.363541 0.382186 0.398151 0.411028 0.420481 0.426257 0.428200 0.426257 0.420481 0.411028 0.398151 0.382186 0.363541 0.342676 0.320087 0.296282 0.271769 0.247030 0.222514 0.198621 0.175692 0.154008 0.133782 0.115165 0.098245 0.083056 0.069584 0.057772 0.047534 0.038759 0.031321 0.025082 0.019907 0.015658 0.012205 0.009429 0.007219 0.005478 0.004120 0.003070 0.002268 0.001661 0.001205 0.000867 0.000618 0.000436 0.000306 0.000212 0.000146 0.000099 0.000066 0.000044 0.000028 0.000016 0.000008 0.000000 
0.000000 0.000007 0.000015 0.000025 0.000040 0.000062 0.000092 0.000137 0.000201 0.000293 0.000421 0.000602 0.000852 0.001195 0.001661 0.002288 0.003125 0.004229 0.005673 0.007543 0.009939 0.012979 0.016798 0.021546 0.027390 0.034507 0.043084 0.053310 0.065371 0.079442 0.095674 0.114187 0.135056 0.158301 0.183876 0.211659 0.241442 0.272932 0.305745 0.339411 0.373382 0.407041 0.439725 0.470740 0.499385 0.524982 0.546900 0.564578 0.577555 0.585484 0.588151 0.585484 0.577555 0.564578 0.546900 0.524982 0.499385 0.470740 0.439725 0.407041 0.373382 0.339411 0.305745 0.272932 0.241442 0.211659 0.183876 0.158301 0.135056 0.114187 0.095674 0.079442 0.065371 0.053310 0.043084 0.034507 0.027390 0.021546 0.016798 0.012979 0.009939 0.007543 0.005673 0.004229 0.003125 0.002288 0.001661 0.001195 0.000852 0.000602 0.000421 0.000292 0.000201 0.000137 0.000092 0.000060 0.000038 0.000023 0.000010 0.000000 
0.000000 0.000009 0.000020 0.000035 0.000055 0.000084 0.000126 0.000187 0.000275 0.000400 0.000576 0.000822 0.001164 0.001632 0.002268 0.003125 0.004266 0.005774 0.007744 0.010294 0.013561 0.017707 0.022915 0.029388 0.037354 0.047053 0.058741 0.072675 0.089109 0.108277 0.130387 0.155602 0.184023 0.215678 0.250502 0.288329 0.328877 0.371745 0.416412 0.462238 0.508475 0.554286 0.598768 0.640975 0.679958 0.714791 0.744616 0.768673 0.786330 0.797120 0.800749 0.797120 0.786330 0.768673 0.744616 0.714791 0.679958 0.640975 0.598768 0.554286 0.508475 0.462238 0.416412 0.371745 0.328877 0.288329 0.250502 0.215678 0.184023 0.155602 0.130387 0.108277 0.089109 0.072675 0.058741 0.047053 0.037354 0.029388 0.022915 0.017707 0.013561 0.010294 0.007744 0.005774 0.004266 0.003125 0.002268 0.001632 0.001164 0.000822 0.000576 0.000400 0.000275 0.000187 0.000125 0.000083 0.000053 0.000031 0.000014 0.000000 
0.000000 0.000013 0.000028 0.000047 0.000075 0.000114 0.000171 0.000254 0.000373 0.000542 0.000780 0.001114 0.001576 0.002209 0.003070 0.004229 0.005774 0.007812 0.010476 0.013923 0.018341 0.023945 0.030982 0.039729 0.050491 0.063594 0.079382 0.098200 0.120392 0.146275 0.176127 0.210167 0.248533 0.291259 0.338260 0.389309 0.444027 0.501872 0.562140 0.623968 0.686347 0.748150 0.808156 0.865092 0.917676 0.964661 1.004891 1.037338 1.061154 1.075706 1.080601 1.075706 1.061154 1.037338 1.004891 0.964661 0.917676 0.865092 0.808156 0.748150 0.686347 0.623968 0.562140 0.501872 0.444027 0.389309 0.338260 0.291259 0.248533 0.210167 0.176127 0.146275 0.120392 0.098200 0.079382 0.063594 0.050491 0.039729 0.030982 0.023945 0.018341 0.013923 0.010476 0.007812 0.005774 0.004229 0.003070 0.002209 0.001576 0.001114 0.000780 0.000542 0.000372 0.000253 0.000170 0.000112 0.000071 0.000042 0.000019 0.000000 
0.000000 0.000017 0.000037 0.000063 0.000100 0.000153 0.000230 0.000341 0.000501 0.000728 0.001048 0.001495 0.002115 0.002965 0.004120 0.005673 0.007744 0.010476 0.014046 0.018666 0.024585 0.032092 0.041518 0.053233 0.067644 0.085189 0.106325 0.131517 0.161220 0.195861 0.235810 0.281359 0.332691 0.389854 0.452730 0.521016 0.594205 0.671573 0.752175 0.834859 0.918276 1.000918 1.081155 1.157283 1.227590 1.290410 1.344195 1.387575 1.419417 1.438871 1.445416 1.438871 1.419417 1.387575 1.344195 1.290410 1.227590 1.157283 1.081155 1.000918 0.918276 0.834859 0.752175 0.671573 0.594205 0.521016 0.452730 0.389854 0.332691 0.281359 0.235810 0.195861 0.161220 0.131517 0.106325 0.085189 0.067644 0.053233 0.041518 0.032092 0.024585 0.018666 0.014046 0.010476 0.007744 0.005673 0.004120 0.002965 0.002115 0.001495 0.001048 0.000727 0.000500 0.000340 0.000229 0.000151 0.000096 0.000056 0.000026 0.000000 
0.000000 0.000023 0.000049 0.000084 0.000134 0.000204 0.000307 0.000455 0.000667 0.000969 0.001394 0.001989 0.002813 0.003943 0.005478 0.007543 0.010294 0.013923 0.018666 0.024802 0.032662 0.042629 0.055143 0.070694 0.089822 0.113105 0.141152 0.174577 0.213983 0.259935 0.312925 0.373336 0.441412 0.517213 0.600584 0.691123 0.788156 0.890722 0.997570 1.107170 1.217738 1.327273 1.433616 1.534510 1.627685 1.710936 1.782213 1.839699 1.881894 1.907675 1.916347 1.907675 1.881894 1.839699 1.782213 1.710936 1.627685 1.534510 1.433616 1.327273 1.217738 1.107170 0.997570 0.890722 0.788156 0.691123 0.600584 0.517213 0.441412 0.373336 0.312925 0.259935 0.213983 0.174577 0.141152 0.113105 0.089822 0.070694 0.055143 0.042629 0.032662 0.024802 0.018666 0.013923 0.010294 0.007543 0.005478 0.003943 0.002813 0.001989 0.001394 0.000968 0.000666 0.000453 0.000304 0.000201 0.000128 0.000075 0.000035 0.000000 
0.000000 0.000030 0.000065 0.000111 0.000176 0.000270 0.000405 0.000600 0.000880 0.001277 0.001839 0.002623 0.003709 0.005197 0.007219 0.009939 0.013561 0.018341 0.024585 0.032662 0.043006 0.056123 0.072589 0.093049 0.118212 0.148838 0.185725 0.229681 0.281499 0.341917 0.411581 0.490996 0.580480 0.680109 0.789681 0.908664 1.036173 1.170944 1.311334 1.455333 1.600596 1.744496 1.884195 2.016733 2.139128 2.248483 2.342107 2.417615 2.473038 2.506900 2.518290 2.506900 2.473038 2.417615 2.342107 2.248483 2.139128 2.016733 1.884195 1.744496 1.600596 1.455333 1.311334 1.170944 1.036173 0.908664 0.789681 0.680109 0.580480 0.490996 0.411581 0.341917 0.281499 0.229681 0.185725 0.148838 0.118212 0.093049 0.072589 0.056123 0.043006 0.032662 0.024585 0.018341 0.013561 0.009939 0.007219 0.005197 0.003709 0.002623 0.001838 0.001277 0.000878 0.000598 0.000402 0.000265 0.000168 0.000099 0.000046 0.000000 
0.000000 0.000039 0.000085 0.000146 0.000231 0.000353 0.000529 0.000784 0.001150 0.001670 0.002403 0.003428 0.004845 0.006789 0.009429 0.012979 0.017707 0.023945 0.032092 0.042629 0.056123 0.073232 0.094706 0.121386 0.154194 0.194121 0.242205 0.299499 0.367032 0.445768 0.536544 0.640018 0.756600 0.886392 1.029125 1.184108 1.350184 1.525709 1.708543 1.896066 2.085227 2.272605 2.454506 2.627076 2.786434 2.928812 3.050704 3.149011 3.221165 3.265250 3.280079 3.265250 3.221165 3.149011 3.050704 2.928812 2.786434 2.627076 2.454506 2.272605 2.085227 1.896066 1.708543 1.525709 1.350184 1.184108 1.029125 0.886392 0.756600 0.640018 0.536544 0.445768 0.367032 0.299499 0.242205 0.194121 0.154194 0.121386 0.094706 0.073232 0.056123 0.042629 0.032092 0.023945 0.017707 0.012979 0.009429 0.006789 0.004845 0.003427 0.002403 0.001669 0.001148 0.000782 0.000525 0.000346 0.000220 0.000129 0.000060 0.000000 
0.000000 0.000051 0.000110 0.000189 0.000299 0.000457 0.000686 0.001016 0.001490 0.002163 0.003113 0.004439 0.006274 0.008790 0.012205 0.016798 0.022915 0.030982 0.041518 0.055143 0.072589 0.094706 0.122462 0.156943 0.199340 0.250932 0.313056 0.387072 0.474308 0.576005 0.693244 0.826872 0.977416 1.145005 1.329290 1.529379 1.743777 1.970359 2.206363 2.448409 2.692557 2.934394 3.169154 3.391864 3.597517 3.781253 3.938549 4.065407 4.158516 4.215404 4.234539 4.215404 4.158516 4.065407 3.938549 3.781253 3.597517 3.391864 3.169154 2.934394 2.692557 2.448409 2.206363 1.970359 1.743777 1.529379 1.329290 1.145005 0.977416 0.826872 0.693244 0.576005 0.474308 0.387072 0.313056 0.250932 0.199340 0.156943 0.122462 0.094706 0.072589 0.055143 0.041518 0.030982 0.022915 0.016798 0.012205 0.008790 0.006274 0.004438 0.003112 0.002162 0.001488 0.001013 0.000681 0.000449 0.000286 0.000168 0.000077 0.000000 
0.000000 0.000065 0.000142 0.000243 0.000384 0.000588 0.000881 0.001305 0.001913 0.002777 0.003996 0.005697 0.008051 0.011278 0.015658 0.021546 0.029388 0.039729 0.053233 0.070694 0.093049 0.121386 0.156943 0.201111 0.255412 0.321483 0.401035 0.495805 0.607493 0.737683 0.887758 1.058797 1.251474 1.465951 1.701780 1.957816 2.232145 2.522050 2.823993 3.133651 3.445985 3.755349 4.055650 4.340528 4.603580 4.838592 5.039782 5.202037 5.321125 5.393884 5.418358 5.393884 5.321125 5.202037 5.039782 4.838592 4.603580 4.340528 4.055650 3.755349 3.445985 3.133651 2.823993 2.522050 2.232145 1.957816 1.701780 1.465951 1.251474 1.058797 0.887758 0.737683 0.607493 0.495805 0.401035 0.321483 0.255412 0.201111 0.156943 0.121386 0.093049 0.070694 0.053233 0.039729 0.029388 0.021546 0.015657 0.011277 0.008051 0.005696 0.003995 0.002776 0.001910 0.001301 0.000874 0.000576 0.000367 0.000216 0.000100 0.000000 
0.000000 0.000083 0.000181 0.000309 0.000489 0.000748 0.001122 0.001661 0.002434 0.003534 0.005083 0.007246 0.010239 0.014340 0.019907 0.027390 0.037354 0.050491 0.067644 0.089822 0.118212 0.154194 0.199340 0.255412 0.324342 0.408205 0.509168 0.629435 0.771158 0.936346 1.126748 1.343731 1.588146 1.860197 2.159313 2.484037 2.831943 3.199581 3.582466 3.975117 4.371143 4.763391 5.144132 5.505308 5.838804 6.136744 6.391801 6.597494 6.748463 6.840700 6.871726 6.840700 6.748463 6.597494 6.391801 6.136744 5.838804 5.505308 5.144132 4.763391 4.371143 3.975117 3.582466 3.199581 2.831943 2.484037 2.159313 1.860197 1.588146 1.343731 1.126748 0.936346 0.771158 0.629435 0.509168 0.408205 0.324342 0.255412 0.199340 0.154194 0.118212 0.089822 0.067644 0.050491 0.037354 0.027390 0.019907 0.014340 0.010239 0.007245 0.005082 0.003532 0.002431 0.001656 0.001113 0.000734 0.000467 0.000275 0.000127 0.000000 
0.000000 0.000105 0.000228 0.000390 0.000618 0.000944 0.001415 0.002095 0.003070 0.004455 0.006408 0.009134 0.012905 0.018071 0.025082 0.034507 0.047053 0.063594 0.085189 0.113105 0.148838 0.194121 0.250932 0.321483 0.408205 0.513702 0.640701 0.791967 0.970206 1.177937 1.417359 1.690184 1.997480 2.339499 2.715519 3.123708 3.561013 4.023096 4.504321 4.997798 5.495496 5.988427 6.466883 6.920739 7.339800 7.714175 8.034659 8.293113 8.482805 8.598698 8.637681 8.598698 8.482805 8.293113 8.034659 7.714175 7.339800 6.920739 6.466883 5.988427 5.495496 4.997798 4.504321 4.023096 3.561013 3.123708 2.715519 2.339499 1.997480 1.690184 1.417359 1.177937 0.970206 0.791967 0.640701 0.513702 0.408205 0.321483 0.250932 0.194121 0.148838 0.113105 0.085189 0.063594 0.047053 0.034507 0.025082 0.018071 0.012904 0.009133 0.006406 0.004453 0.003066 0.002088 0.001404 0.000926 0.000589 0.000346 0.000160 0.000000 
0.000000 0.000131 0.000285 0.000488 0.000772 0.001180 0.001769 0.002619 0.003837 0.005567 0.008006 0.011410 0.016118 0.022568 0.031321 0.043084 0.058741 0.079382 0.106325 0.141152 0.185725 0.242205 0.313056 0.401035 0.509168 0.640701 0.799028 0.987592 1.209760 1.468671 1.767057 2.107049 2.489972 2.916136 3.384639 3.893193 4.437994 5.013635 5.613093 6.227788 6.847717 7.461686 8.057606 8.622871 9.144787 9.611039 10.010167 10.332040 10.568274 10.712602 10.761149 10.712602 10.568274 10.332040 10.010167 9.611039 9.144787 8.622871 8.057606 7.461686 6.847717 6.227788 5.613093 5.013635 4.437994 3.893193 3.384639 2.916136 2.489972 2.107049 1.767057 1.468671 1.209760 0.987592 0.799028 0.640701 0.509168 0.401035 0.313056 0.242205 0.185725 0.141152 0.106325 0.079381 0.058741 0.043084 0.031320 0.022568 0.016118 0.011409 0.008004 0.005564 0.003831 0.002610 0.001755 0.001158 0.000737 0.000433 0.000200 0.000000 
0.000000 0.000163 0.000354 0.000605 0.000957 0.001462 0.002192 0.003244 0.004752 0.006894 0.009912 0.014125 0.019951 0.027932 0.038759 0.053310 0.072675 0.098200 0.131517 0.174577 0.229681 0.299499 0.387072 0.495805 0.629435 0.791967 0.987592 1.220558 1.495019 1.814848 2.183412 2.603341 3.076264 3.602558 4.181104 4.809076 5.481770 6.192511 6.932627 7.691522 8.456852 9.214797 9.950438 10.648218 11.292471 11.868000 12.360666 12.757965 13.049554 13.227701 13.287623 13.227701 13.049554 12.757965 12.360666 11.868000 11.292471 10.648218 9.950438 9.214797 8.456852 7.691522 6.932627 6.192511 5.481770 4.809076 4.181104 3.602558 3.076264 2.603341 2.183412 1.814848 1.495019 1.220558 0.987592 0.791967 0.629435 0.495805 0.387072 0.299499 0.229681 0.174577 0.131517 0.098200 0.072675 0.053310 0.038759 0.027931 0.019950 0.014124 0.009910 0.006890 0.004745 0.003233 0.002174 0.001434 0.000913 0.000537 0.000248 0.000000 
0.000000 0.000200 0.000434 0.000743 0.001175 0.001795 0.002691 0.003982 0.005832 0.008460 0.012163 0.017330 0.024474 0.034259 0.047534 0.065371 0.089109 0.120392 0.161220 0.213983 0.281499 0.367032 0.474308 0.607493 0.771158 0.970206 1.209760 1.495019 1.831063 2.222625 2.673824 3.187869 3.766749 4.410921 5.119008 5.887548 6.710781 7.580535 8.486198 9.414803 10.351249 11.278628 12.178691 13.032409 13.820619 14.524735 15.127465 15.613516 15.970239 16.188178 16.261484 16.188178 15.970239 15.613516 15.127465 14.524735 13.820619 13.032409 12.178691 11.278628 10.351249 9.414803 8.486198 7.580535 6.710781 5.887548 5.119008 4.410921 3.766749 3.187869 2.673824 2.222625 1.831063 1.495019 1.209760 0.970206 0.771158 0.607493 0.474308 0.367032 0.281499 0.213983 0.161220 0.120392 0.089108 0.065371 0.047534 0.034259 0.024473 0.017328 0.012159 0.008455 0.005823 0.003969 0.002669 0.001761 0.001121 0.000659 0.000304 0.000000 
0.000000 0.000243 0.000529 0.000904 0.001430 0.002184 0.003273 0.004844 0.007093 0.010288 0.014789 0.021069 0.029752 0.041643 0.057772 0.079442 0.108277 0.146275 0.195861 0.259935 0.341917 0.445768 0.576005 0.737683 0.936346 1.177937 1.468671 1.814848 2.222625 2.697740 3.245180 3.868833 4.571105 5.352540 6.211467 7.143676 8.142179 9.197062 10.295452 11.421625 12.557267 13.681878 14.773334 15.808562 16.764336 17.618121 18.348958 18.938309 19.370842 19.635096 19.723980 19.635096 19.370842 18.938309 18.348958 17.618121 16.764336 15.808562 14.773334 13.681878 12.557267 11.421625 10.295452 9.197062 8.142179 7.143676 6.211467 5.352540 4.571105 3.868833 3.245180 2.697740 2.222625 1.814848 1.468671 1.177937 0.936346 0.737683 0.576005 0.445768 0.341917 0.259935 0.195861 0.146275 0.108277 0.079442 0.057772 0.041642 0.029751 0.021067 0.014785 0.010282 0.007083 0.004827 0.003247 0.002143 0.001365 0.000802 0.000370 0.000000 
0.000000 0.000293 0.000638 0.001091 0.001724 0.002633 0.003946 0.005839 0.008549 0.012399 0.017821 0.025386 0.035843 0.050162 0.069584 0.095674 0.130387 0.176127 0.235810 0.312925 0.411581 0.536544 0.693244 0.887758 1.126748 1.417359 1.767057 2.183412 2.673824 3.245180 3.903472 4.653364 5.497741 6.437250 7.469874 8.590545 9.790861 11.058898 12.379182 13.732814 15.097782 16.449452 17.761237 19.005414 20.154076 21.180148 22.058449 22.766707 23.286503 23.604068 23.710883 23.604068 23.286503 22.766707 22.058449 21.180148 20.154076 19.005414 17.761237 16.449452 15.097782 13.732814 12.379182 11.058898 9.790861 8.590545 7.469874 6.437250 5.497741 4.653364 3.903472 3.245180 2.673824 2.183412 1.767057 1.417359 1.126748 0.887758 0.693244 0.536544 0.411581 0.312925 0.235810 0.176127 0.130387 0.095674 0.069583 0.050161 0.035841 0.025383 0.017816 0.012392 0.008537 0.005819 0.003915 0.002583 0.001645 0.000967 0.000447 0.000000 
0.000000 0.000351 0.000762 0.001303 0.002060 0.003146 0.004715 0.006975 0.010211 0.014808 0.021280 0.030310 0.042792 0.059880 0.083056 0.114187 0.155602 0.210167 0.281359 0.373336 0.490996 0.640018 0.826872 1.058797 1.343731 1.690184 2.107049 2.603341 3.187869 3.868833 4.653364 5.547011 6.553200 7.672697 8.903086 10.238326 11.668398 13.179094 14.751977 16.364533 17.990544 19.600668 21.163239 22.645245 24.013449 25.235613 26.281750 27.125341 27.744454 28.122693 28.249917 28.122693 27.744454 27.125341 26.281750 25.235613 24.013449 22.645245 21.163239 19.600668 17.990544 16.364533 14.751977 13.179094 11.668398 10.238326 8.903086 7.672697 6.553200 5.547011 4.653364 3.868833 3.187869 2.603341 2.107049 1.690184 1.343731 1.058797 0.826872 0.640018 0.490996 0.373336 0.281359 0.210167 0.155602 0.114187 0.083056 0.059879 0.042790 0.030307 0.021275 0.014799 0.010196 0.006951 0.004677 0.003087 0.001966 0.001156 0.000534 0.000000 
0.000000 0.000415 0.000903 0.001544 0.002440 0.003725 0.005581 0.008256 0.012085 0.017524 0.025182 0.035864 0.050627 0.070838 0.098245 0.135056 0.184023 0.248533 0.332691 0.441412 0.580480 0.756600 0.977416 1.251474 1.588146 1.997480 2.489972 3.076264 3.766749 4.571105 5.497741 6.553200 7.741520 9.063593 10.516558 12.093274 13.781904 15.565668 17.422794 19.326701 21.246437 23.147365 24.992108 26.741698 28.356909 29.799692 31.034654 32.030501 32.761350 33.207850 33.358033 33.207850 32.761350 32.030501 31.034654 29.799692 28.356909 26.741698 24.992108 23.147365 21.246437 19.326701 17.422794 15.565668 13.781904 12.093274 10.516558 9.063593 7.741520 6.553200 5.497741 4.571105 3.766749 3.076264 2.489972 1.997480 1.588146 1.251474 0.977416 0.756600 0.580480 0.441412 0.332691 0.248532 0.184023 0.135056 0.098244 0.070837 0.050625 0.035860 0.025176 0.017514 0.012068 0.008228 0.005537 0.003654 0.002328 0.001369 0.000632 0.000000 
0.000000 0.000488 0.001059 0.001811 0.002863 0.004371 0.006548 0.009685 0.014175 0.020553 0.029530 0.042052 0.059357 0.083045 0.115165 0.158301 0.215678 0.291259 0.389854 0.517213 0.680109 0.886392 1.145005 1.465951 1.860197 2.339499 2.916136 3.602558 4.410921 5.352540 6.437250 7.672697 9.063593 10.610972 12.311477 14.156741 16.132904 18.220326 20.393527 22.621404 24.867738 27.092009 29.250489 31.297591 33.187429 34.875496 36.320394 37.485516 38.340589 38.862978 39.038687 38.862978 38.340589 37.485516 36.320394 34.875496 33.187429 31.297591 29.250489 27.092009 24.867738 22.621404 20.393527 18.220326 16.132904 14.156741 12.311477 10.610972 9.063593 7.672697 6.437250 5.352540 4.410921 3.602558 2.916136 2.339499 1.860197 1.465951 1.145005 0.886392 0.680109 0.517213 0.389854 0.291259 0.215677 0.158301 0.115164 0.083044 0.059354 0.042048 0.029523 0.020540 0.014155 0.009652 0.006496 0.004288 0.002732 0.001607 0.000742 0.000000 
0.000000 0.000567 0.001232 0.002106 0.003329 0.005081 0.007612 0.011258 0.016476 0.023886 0.034316 0.048864 0.068965 0.096479 0.133782 0.183876 0.250502 0.338260 0.452730 0.600584 0.789681 1.029125 1.329290 1.701780 2.159313 2.715519 3.384639 4.181104 5.119008 6.211467 7.469874 8.903086 10.516558 12.311477 14.283937 16.424225 18.716258 21.137252 23.657653 26.241391 28.846467 31.425893 33.928968 36.302840 38.494308 40.451771 42.127239 43.478273 44.469777 45.075513 45.279256 45.075513 44.469777 43.478273 42.127239 40.451771 38.494308 36.302840 33.928968 31.425893 28.846467 26.241391 23.657653 21.137252 18.716258 16.424225 14.283937 12.311477 10.516558 8.903086 7.469874 6.211467 5.119008 4.181104 3.384639 2.715519 2.159313 1.701780 1.329290 1.029125 0.789681 0.600584 0.452730 0.338259 0.250502 0.183876 0.133781 0.096477 0.068962 0.048858 0.034308 0.023872 0.016453 0.011220 0.007551 0.004985 0.003176 0.001868 0.000863 0.000000 
0.000000 0.000653 0.001420 0.002427 0.003835 0.005854 0.008769 0.012967 0.018977 0.027509 0.039518 0.056265 0.079404 0.111074 0.154008 0.211659 0.288329 0.389309 0.521016 0.691123 0.908664 1.184108 1.529379 1.957816 2.484037 3.123708 3.893193 4.809076 5.887548 7.143676 8.590545 10.238326 12.093274 14.156741 16.424225 18.884549 21.519221 24.302044 27.199046 30.168769 33.162942 36.127568 39.004382 41.732652 44.251246 46.500876 48.426398 49.979052 51.118515 51.814640 52.048785 51.814640 51.118515 49.979052 48.426398 46.500876 44.251246 41.732652 39.004382 36.127568 33.162942 30.168769 27.199046 24.302044 21.519221 18.884549 16.424225 14.156741 12.093274 10.238326 8.590545 7.143676 5.887548 4.809076 3.893193 3.123708 2.484037 1.957816 1.529379 1.184108 0.908664 0.691123 0.521016 0.389308 0.288328 0.211658 0.154007 0.111072 0.079401 0.056259 0.039508 0.027492 0.018950 0.012924 0.008699 0.005743 0.003660 0.002153 0.000994 0.000000 
0.000000 0.000746 0.001621 0.002772 0.004379 0.006684 0.010011 0.014802 0.021659 0.031395 0.045096 0.064202 0.090598 0.126723 0.175692 0.241442 0.328877 0.444027 0.594205 0.788156 1.036173 1.350184 1.743777 2.232145 2.831943 3.561013 4.437994 5.481770 6.710781 8.142179 9.790861 11.668398 13.781904 16.132904 18.716258 21.519221 24.520716 27.690897 30.991059 34.373976 37.784666 41.161627 44.438501 47.546121 50.414869 52.977227 55.170397 56.938857 58.236686 59.029558 59.296244 59.029558 58.236686 56.938857 55.170397 52.977227 50.414869 47.546121 44.438501 41.161627 37.784666 34.373976 30.991059 27.690897 24.520716 21.519221 18.716258 16.132904 13.781904 11.668398 9.790861 8.142179 6.710781 5.481770 4.437994 3.561013 2.831943 2.232145 1.743777 1.350184 1.036173 0.788156 0.594205 0.444026 0.328876 0.241441 0.175691 0.126720 0.090594 0.064196 0.045085 0.031376 0.021628 0.014752 0.009931 0.006556 0.004178 0.002458 0.001135 0.000000 
0.000000 0.000844 0.001835 0.003136 0.004954 0.007561 0.011324 0.016742 0.024497 0.035505 0.050996 0.072597 0.102437 0.143271 0.198621 0.272932 0.371745 0.501872 0.671573 0.890722 1.170944 1.525709 1.970359 2.522050 3.199581 4.023096 5.013635 6.192511 7.580535 9.197062 11.058898 13.179094 15.565668 18.220326 21.137252 24.302044 27.690897 31.270105 34.995972 38.815177 42.665654 46.477978 50.177246 53.685388 56.923826 59.816356 62.292103 64.288401 65.753428 66.648441 66.949481 66.648441 65.753428 64.288401 62.292103 59.816356 56.923826 53.685388 50.177246 46.477978 42.665654 38.815177 34.995972 31.270105 27.690897 24.302044 21.137252 18.220326 15.565668 13.179094 11.058898 9.197062 7.580535 6.192511 5.013635 4.023096 3.199581 2.522050 1.970359 1.525709 1.170944 0.890722 0.671573 0.501872 0.371745 0.272931 0.198619 0.143268 0.102432 0.072589 0.050983 0.035484 0.024462 0.016686 0.011233 0.007417 0.004727 0.002781 0.001285 0.000000 
0.000000 0.000947 0.002057 0.003516 0.005554 0.008476 0.012693 0.018766 0.027455 0.039790 0.057147 0.081347 0.114775 0.160516 0.222514 0.305745 0.416412 0.562140 0.752175 0.997570 1.311334 1.708543 2.206363 2.823993 3.582466 4.504321 5.613093 6.932627 8.486198 10.295452 12.379182 14.751977 17.422794 20.393527 23.657653 27.199046 30.991059 34.995972 39.164887 43.438145 47.746308 52.011705 56.150541 60.075484 63.698633 66.934746 69.704545 71.937933 73.576944 74.578244 74.915033 74.578244 73.576944 71.937933 69.704545 66.934746 63.698633 60.075484 56.150541 52.011705 47.746308 43.438145 39.164887 34.995972 30.991059 27.199046 23.657653 20.393527 17.422794 14.751977 12.379182 10.295452 8.486198 6.932627 5.613093 4.504321 3.582466 2.823993 2.206363 1.708543 1.311334 0.997570 0.752175 0.562140 0.416412 0.305744 0.222512 0.160513 0.114770 0.081338 0.057132 0.039766 0.027416 0.018703 0.012592 0.008315 0.005299 0.003118 0.001440 0.000000 
0.000000 0.001052 0.002285 0.003906 0.006170 0.009416 0.014099 0.020843 0.030492 0.044188 0.063459 0.090326 0.127436 0.178212 0.247030 0.339411 0.462238 0.623968 0.834859 1.107170 1.455333 1.896066 2.448409 3.133651 3.975117 4.997798 6.227788 7.691522 9.414803 11.421625 13.732814 16.364533 19.326701 22.621404 26.241391 30.168769 34.373976 38.815177 43.438145 48.176727 52.953925 57.683623 62.272914 66.624974 70.642351 74.230544 77.301662 79.777999 81.595293 82.705505 83.078926 82.705505 81.595293 79.777999 77.301662 74.230544 70.642351 66.624974 62.272914 57.683623 52.953925 48.176727 43.438145 38.815177 34.373976 30.168769 26.241391 22.621404 19.326701 16.364533 13.732814 11.421625 9.414803 7.691522 6.227788 4.997798 3.975117 3.133651 2.448409 1.896066 1.455333 1.107170 0.834859 0.623967 0.462237 0.339410 0.247028 0.178209 0.127430 0.090316 0.063443 0.044162 0.030449 0.020773 0.013987 0.009236 0.005887 0.003463 0.001600 0.000000 
0.000000 0.001158 0.002516 0.004300 0.006792 0.010364 0.015519 0.022940 0.033557 0.048628 0.069830 0.099389 0.140214 0.196070 0.271769 0.373382 0.508475 0.686347 0.918276 1.217738 1.600596 2.085227 2.692557 3.445985 4.371143 5.495496 6.847717 8.456852 10.351249 12.557267 15.097782 17.990544 21.246437 24.867738 28.846467 33.162942 37.784666 42.665654 47.746308 52.953925 58.203893 63.401580 68.444898 73.227456 77.642179 81.585231 84.960046 87.681246 89.678227 90.898209 91.308551 90.898209 89.678227 87.681246 84.960046 81.585231 77.642179 73.227456 68.444898 63.401580 58.203893 52.953925 47.746308 42.665654 37.784666 33.162942 28.846467 24.867738 21.246437 17.990544 15.097782 12.557267 10.351249 8.456852 6.847717 5.495496 4.371143 3.445985 2.692557 2.085227 1.600596 1.217738 0.918276 0.686347 0.508474 0.373380 0.271766 0.196066 0.140207 0.099378 0.069812 0.048598 0.033510 0.022862 0.015395 0.010167 0.006480 0.003813 0.001761 0.000000 
0.000000 0.001263 0.002745 0.004691 0.007409 0.011305 0.016926 0.025018 0.036596 0.053028 0.076145 0.108370 0.152877 0.213766 0.296282 0.407041 0.554286 0.748150 1.000918 1.327273 1.744496 2.272605 2.934394 3.755349 4.763391 5.988427 7.461686 9.214797 11.278628 13.681878 16.449452 19.600668 23.147365 27.092009 31.425893 36.127568 41.161627 46.477978 52.011705 57.683623 63.401580 69.062517 74.555259 79.763945 84.571976 88.866279 92.541700 95.505270 97.680108 99.008741 99.455628 99.008741 97.680108 95.505270 92.541700 88.866279 84.571976 79.763945 74.555259 69.062517 63.401580 57.683623 52.011705 46.477978 41.161627 36.127568 31.425893 27.092009 23.147365 19.600668 16.449452 13.681878 11.278628 9.214797 7.461686 5.988427 4.763391 3.755349 2.934394 2.272605 1.744496 1.327273 1.000918 0.748149 0.554285 0.407040 0.296280 0.213762 0.152870 0.108359 0.076125 0.052996 0.036544 0.024934 0.016790 0.011089 0.007069 0.004159 0.001921 0.000000 
0.000000 0.001366 0.002967 0.005070 0.008008 0.012218 0.018293 0.027038 0.039548 0.057302 0.082278 0.117094 0.165174 0.230952 0.320087 0.439725 0.598768 0.808156 1.081155 1.433616 1.884195 2.454506 3.169154 4.055650 5.144132 6.466883 8.057606 9.950438 12.178691 14.773334 17.761237 21.163239 24.992108 29.250489 33.928968 39.004382 44.438501 50.177246 56.150541 62.272914 68.444898 74.555259 80.484005 86.106092 91.295678 95.930735 99.897777 103.096471 105.443848 106.877883 107.360221 106.877883 105.443848 103.096471 99.897777 95.930735 91.295678 86.106092 80.484005 74.555259 68.444898 62.272914 56.150541 50.177246 44.438501 39.004382 33.928968 29.250489 24.992108 21.163239 17.761237 14.773334 12.178691 9.950438 8.057606 6.466883 5.144132 4.055650 3.169154 2.454506 1.884195 1.433615 1.081154 0.808155 0.598767 0.439724 0.320084 0.230947 0.165167 0.117081 0.082257 0.057267 0.039491 0.026946 0.018146 0.011985 0.007640 0.004495 0.002077 0.000000 
