0.000000 0.000000 0.000000 0.000000 0.000000 0.000000 0.000000 0.000000 0.000000 0.000000 0.000000 0.000000 0.000000 0.000000 0.000000 0.000000 0.000000 0.000000 0.000000 0.000000 0.000000 0.000000 0.000000 0.000000 0.000000 0.000000 0.000000 0.000000 0.000000 0.000000 0.000000 0.000000 0.000000 0.000000 0.000000 0.000000 0.000000 0.000000 0.000000 0.000000 0.000000 0.000000 0.000000 0.000000 0.000000 0.000000 0.000000 0.000000 0.000000 0.000000 0.000000 0.000000 0.000000 0.000000 0.000000 0.000000 0.000000 0.000000 0.000000 0.000000 0.000000 0.000000 0.000000 0.000000 0.000000 0.000000 0.000000 0.000000 0.000000 0.000000 0.000000 0.000000 0.000000 0.000000 0.000000 0.000000 0.000000 0.000000 0.000000 0.000000 0.000000 0.000000 0.000000 0.000000 0.000000 0.000000 0.000000 0.000000 0.000000 0.000000 0.000000 0.000000 0.000000 0.000000 0.000000 0.000000 0.000000 0.000000 0.000000 0.000000 
0.000000 0.000000 0.000000 0.000000 0.000000 0.000000 0.000000 0.000000 0.000000 0.000000 0.000000 0.000000 0.000000 0.000000 0.000000 0.000000 0.000000 0.000000 0.000000 0.000000 0.000000 0.000000 0.000000 0.000000 0.000000 0.000000 0.000000 0.000000 0.000000 0.000000 0.000000 0.000000 0.000000 0.000000 0.000000 0.000000 0.000000 0.000000 0.000000 0.000000 0.000000 0.000000 0.000000 0.000000 0.000000 0.000000 0.000000 0.000000 0.000000 0.000000 0.000000 0.000000 0.000000 0.000000 0.000000 0.000000 0.000000 0.000000 0.000000 0.000000 0.000000 0.000000 0.000000 0.000000 0.000000 0.000000 0.000000 0.000000 0.000000 0.000000 0.000000 0.000000 0.000000 0.000000 0.000000 0.000000 0.000000 0.000000 0.000000 0.000000 0.000000 0.000000 0.000000 0.000000 0.000000 0.000000 0.000000 0.000000 0.000000 0.000000 0.000000 0.000000 0.000000 0.000000 0.000000 0.000000 0.000000 0.000000 0.000000 0.000000 
0.000000 0.000000 0.000000 0.000000 0.000000 0.000000 0.000000 0.000000 0.000000 0.000000 0.000000 0.000000 0.000000 0.000000 0.000000 0.000000 0.000000 0.000000 0.000000 0.000000 0.000000 0.000000 0.000000 0.000000 0.000000 0.000000 0.000000 0.000000 0.000000 0.000000 0.000000 0.000000 0.000000 0.000000 0.000000 0.000000 0.000000 0.000000 0.000000 0.000000 0.000000 0.000000 0.000000 0.000000 0.000000 0.000000 0.000000 0.000000 0.000000 0.000000 0.000000 0.000000 0.000000 0.000000 0.000000 0.000000 0.000000 0.000000 0.000000 0.000000 0.000000 0.000000 0.000000 0.000000 0.000000 0.000000 0.000000 0.000000 0.000000 0.000000 0.000000 0.000000 0.000000 0.000000 0.000000 0.000000 0.000000 0.000000 0.000000 0.000000 0.000000 0.000000 0.000000 0.000000 0.000000 0.000000 0.000000 0.000000 0.000000 0.000000 0.000000 0.000000 0.000000 0.000000 0.000000 0.000000 0.000000 0.000000 0.000000 0.000000 
0.000000 0.000000 0.000000 0.000000 0.000000 0.000000 0.000000 0.000000 0.000000 0.000000 0.000000 0.000000 0.000000 0.000000 0.000000 0.000000 0.000000 0.000000 0.000000 0.000000 0.000000 0.000000 0.000000 0.000000 0.000000 0.000000 0.000000 0.000000 0.000000 0.000000 0.000000 0.000000 0.000000 0.000000 0.000000 0.000000 0.000000 0.000000 0.000000 0.000000 0.000000 0.000000 0.000000 0.000000 0.000000 0.000001 0.000001 0.000001 0.000001 0.000001 0.000001 0.000001 0.000001 0.000001 0.000001 0.000001 0.000000 0.000000 0.000000 0.000000 0.000000 0.000000 0.000000 0.000000 0.000000 0.000000 0.000000 0.000000 0.000000 0.000000 0.000000 0.000000 0.000000 0.000000 0.000000 0.000000 0.000000 0.000000 0.000000 0.000000 0.000000 0.000000 0.000000 0.000000 0.000000 0.000000 0.000000 0.000000 0.000000 0.000000 0.000000 0.000000 0.000000 0.000000 0.000000 0.000000 0.000000 0.000000 0.000000 0.000000 
0.000000 0.000000 0.000000 0.000000 0.000000 0.000000 0.000000 0.000000 0.000000 0.000000 0.000000 0.000000 0.000000 0.000000 0.000000 0.000000 0.000000 0.000000 0.000000 0.000000 0.000000 0.000000 0.000000 0.000000 0.000000 0.000000 0.000000 0.000000 0.000000 0.000000 0.000000 0.000000 0.000000 0.000000 0.000000 0.000000 0.000000 0.000000 0.000000 0.000000 0.000001 0.000001 0.000001 0.000001 0.000001 0.000001 0.000001 0.000001 0.000001 0.000002 0.000002 0.000002 0.000001 0.000001 0.000001 0.000001 0.000001 0.000001 0.000001 0.000001 0.000001 0.000000 0.000000 0.000000 0.000000 0.000000 0.000000 0.000000 0.000000 0.000000 0.000000 0.000000 0.000000 0.000000 0.000000 0.000000 0.000000 0.000000 0.000000 0.000000 0.000000 0.000000 0.000000 0.000000 0.000000 0.000000 0.000000 0.000000 0.000000 0.000000 0.000000 0.000000 0.000000 0.000000 0.000000 0.000000 0.000000 0.000000 0.000000 0.000000 
0.000000 0.000000 0.000000 0.000000 0.000000 0.000000 0.000000 0.000000 0.000000 0.000000 0.000000 0.000000 0.000000 0.000000 0.000000 0.000000 0.000000 0.000000 0.000000 0.000000 0.000000 0.000000 0.000000 0.000000 0.000000 0.000000 0.000000 0.000000 0.000000 0.000000 0.000000 0.000000 0.000000 0.000000 0.000000 0.000000 0.000001 0.000001 0.000001 0.000001 0.000001 0.000002 0.000002 0.000002 0.000002 0.000003 0.000003 0.000003 0.000003 0.000003 0.000003 0.000003 0.000003 0.000003 0.000003 0.000003 0.000002 0.000002 0.000002 0.000002 0.000001 0.000001 0.000001 0.000001 0.000001 0.000000 0.000000 0.000000 0.000000 0.000000 0.000000 0.000000 0.000000 0.000000 0.000000 0.000000 0.000000 0.000000 0.000000 0.000000 0.000000 0.000000 0.000000 0.000000 0.000000 0.000000 0.000000 0.000000 0.000000 0.000000 0.000000 0.000000 0.000000 0.000000 0.000000 0.000000 0.000000 0.000000 0.000000 0.000000 
0.000000 0.000000 0.000000 0.000000 0.000000 0.000000 0.000000 0.000000 0.000000 0.000000 0.000000 0.000000 0.000000 0.000000 0.000000 0.000000 0.000000 0.000000 0.000000 0.000000 0.000000 0.000000 0.000000 0.000000 0.000000 0.000000 0.000000 0.000000 0.000000 0.000000 0.000000 0.000000 0.000000 0.000000 0.000001 0.000001 0.000001 0.000001 0.000002 0.000002 0.000003 0.000003 0.000004 0.000005 0.000005 0.000006 0.000006 0.000007 0.000007 0.000007 0.000008 0.000007 0.000007 0.000007 0.000006 0.000006 0.000005 0.000005 0.000004 0.000003 0.000003 0.000002 0.000002 0.000001 0.000001 0.000001 0.000001 0.000000 0.000000 0.000000 0.000000 0.000000 0.000000 0.000000 0.000000 0.000000 0.000000 0.000000 0.000000 0.000000 0.000000 0.000000 0.000000 0.000000 0.000000 0.000000 0.000000 0.000000 0.000000 0.000000 0.000000 0.000000 0.000000 0.000000 0.000000 0.000000 0.000000 0.000000 0.000000 0.000000 
0.000000 0.000000 0.000000 0.000000 0.000000 0.000000 0.000000 0.000000 0.000000 0.000000 0.000000 0.000000 0.000000 0.000000 0.000000 0.000000 0.000000 0.000000 0.000000 0.000000 0.000000 0.000000 0.000000 0.000000 0.000000 0.000000 0.000000 0.000000 0.000000 0.000000 0.000000 0.000000 0.000001 0.000001 0.000001 0.000002 0.000002 0.000003 0.000004 0.000005 0.000006 0.000007 0.000009 0.000010 0.000012 0.000013 0.000014 0.000015 0.000016 0.000016 0.000016 0.000016 0.000016 0.000015 0.000014 0.000013 0.000012 0.000010 0.000009 0.000007 0.000006 0.000005 0.000004 0.000003 0.000002 0.000002 0.000001 0.000001 0.000001 0.000000 0.000000 0.000000 0.000000 0.000000 0.000000 0.000000 0.000000 0.000000 0.000000 0.000000 0.000000 0.000000 0.000000 0.000000 0.000000 0.000000 0.000000 0.000000 0.000000 0.000000 0.000000 0.000000 0.000000 0.000000 0.000000 0.000000 0.000000 0.000000 0.000000 0.000000 
0.000000 0.000000 0.000000 0.000000 0.000000 0.000000 0.000000 0.000000 0.000000 0.000000 0.000000 0.000000 0.000000 0.000000 0.000000 0.000000 0.000000 0.000000 0.000000 0.000000 0.000000 0.000000 0.000000 0.000000 0.000000 0.000000 0.000000 0.000000 0.000000 0.000000 0.000001 0.000001 0.000001 0.000002 0.000003 0.000004 0.000005 0.000007 0.000009 0.000011 0.000013 0.000016 0.000019 0.000022 0.000025 0.000027 0.000030 0.000032 0.000033 0.000034 0.000035 0.000034 0.000033 0.000032 0.000030 0.000027 0.000025 0.000022 0.000019 0.000016 0.000013 0.000011 0.000009 0.000007 0.000005 0.000004 0.000003 0.000002 0.000001 0.000001 0.000001 0.000000 0.000000 0.000000 0.000000 0.000000 0.000000 0.000000 0.000000 0.000000 0.000000 0.000000 0.000000 0.000000 0.000000 0.000000 0.000000 0.000000 0.000000 0.000000 0.000000 0.000000 0.000000 0.000000 0.000000 0.000000 0.000000 0.000000 0.000000 0.000000 
0.000000 0.000000 0.000000 0.000000 0.000000 0.000000 0.000000 0.000000 0.000000 0.000000 0.000000 0.000000 0.000000 0.000000 0.000000 0.000000 0.000000 0.000000 0.000000 0.000000 0.000000 0.000000 0.000000 0.000000 0.000000 0.000000 0.000000 0.000000 0.000001 0.000001 0.000002 0.000002 0.000003 0.000004 0.000006 0.000008 0.000011 0.000014 0.000018 0.000023 0.000028 0.000033 0.000039 0.000045 0.000051 0.000057 0.000062 0.000067 0.000070 0.000072 0.000073 0.000072 0.000070 0.000067 0.000062 0.000057 0.000051 0.000045 0.000039 0.000033 0.000028 0.000023 0.000018 0.000014 0.000011 0.000008 0.000006 0.000004 0.000003 0.000002 0.000002 0.000001 0.000001 0.000000 0.000000 0.000000 0.000000 0.000000 0.000000 0.000000 0.000000 0.000000 0.000000 0.000000 0.000000 0.000000 0.000000 0.000000 0.000000 0.000000 0.000000 0.000000 0.000000 0.000000 0.000000 0.000000 0.000000 0.000000 0.000000 0.000000 
0.000000 0.000000 0.000000 0.000000 0.000000 0.000000 0.000000 0.000000 0.000000 0.000000 0.000000 0.000000 0.000000 0.000000 0.000000 0.000000 0.000000 0.000000 0.000000 0.000000 0.000000 0.000000 0.000000 0.000000 0.000000 0.000000 0.000001 0.000001 0.000001 0.000002 0.000003 0.000005 0.000007 0.000009 0.000013 0.000017 0.000022 0.000029 0.000037 0.000046 0.000057 0.000068 0.000081 0.000093 0.000106 0.000118 0.000128 0.000137 0.000144 0.000148 0.000150 0.000148 0.000144 0.000137 0.000128 0.000118 0.000106 0.000093 0.000081 0.000068 0.000057 0.000046 0.000037 0.000029 0.000022 0.000017 0.000013 0.000009 0.000007 0.000005 0.000003 0.000002 0.000001 0.000001 0.000001 0.000000 0.000000 0.000000 0.000000 0.000000 0.000000 0.000000 0.000000 0.000000 0.000000 0.000000 0.000000 0.000000 0.000000 0.000000 0.000000 0.000000 0.000000 0.000000 0.000000 0.000000 0.000000 0.000000 0.000000 0.000000 
0.000000 0.000000 0.000000 0.000000 0.000000 0.000000 0.000000 0.000000 0.000000 0.000000 0.000000 0.000000 0.000000 0.000000 0.000000 0.000000 0.000000 0.000000 0.000000 0.000000 0.000000 0.000000 0.000000 0.000000 0.000000 0.000001 0.000001 0.000002 0.000003 0.000004 0.000006 0.000009 0.000013 0.000019 0.000026 0.000035 0.000046 0.000059 0.000075 0.000094 0.000115 0.000139 0.000163 0.000189 0.000214 0.000238 0.000260 0.000278 0.000292 0.000300 0.000303 0.000300 0.000292 0.000278 0.000260 0.000238 0.000214 0.000189 0.000163 0.000139 0.000115 0.000094 0.000075 0.000059 0.000046 0.000035 0.000026 0.000019 0.000013 0.000009 0.000006 0.000004 0.000003 0.000002 0.000001 0.000001 0.000000 0.000000 0.000000 0.000000 0.000000 0.000000 0.000000 0.000000 0.000000 0.000000 0.000000 0.000000 0.000000 0.000000 0.000000 0.000000 0.000000 0.000000 0.000000 0.000000 0.000000 0.000000 0.000000 0.000000 
0.000000 0.000000 0.000000 0.000000 0.000000 0.000000 0.000000 0.000000 0.000000 0.000000 0.000000 0.000000 0.000000 0.000000 0.000000 0.000000 0.000000 0.000000 0.000000 0.000000 0.000000 0.000000 0.000000 0.000001 0.000001 0.000002 0.000002 0.000004 0.000006 0.000009 0.000013 0.000019 0.000027 0.000037 0.000051 0.000069 0.000091 0.000118 0.000151 0.000188 0.000230 0.000276 0.000325 0.000376 0.000426 0.000474 0.000517 0.000553 0.000580 0.000597 0.000603 0.000597 0.000580 0.000553 0.000517 0.000474 0.000426 0.000376 0.000325 0.000276 0.000230 0.000188 0.000151 0.000118 0.000091 0.000069 0.000051 0.000037 0.000027 0.000019 0.000013 0.000009 0.000006 0.000004 0.000002 0.000002 0.000001 0.000001 0.000000 0.000000 0.000000 0.000000 0.000000 0.000000 0.000000 0.000000 0.000000 0.000000 0.000000 0.000000 0.000000 0.000000 0.000000 0.000000 0.000000 0.000000 0.000000 0.000000 0.000000 0.000000 
0.000000 0.000000 0.000000 0.000000 0.000000 0.000000 0.000000 0.000000 0.000000 0.000000 0.000000 0.000000 0.000000 0.000000 0.000000 0.000000 0.000000 0.000000 0.000000 0.000000 0.000000 0.000000 0.000001 0.000001 0.000002 0.000003 0.000005 0.000007 0.000011 0.000017 0.000026 0.000037 0.000053 0.000074 0.000101 0.000136 0.000179 0.000233 0.000296 0.000369 0.000451 0.000541 0.000637 0.000736 0.000834 0.000927 0.001011 0.001082 0.001135 0.001169 0.001180 0.001169 0.001135 0.001082 0.001011 0.000927 0.000834 0.000736 0.000637 0.000541 0.000451 0.000369 0.000296 0.000233 0.000179 0.000136 0.000101 0.000074 0.000053 0.000037 0.000026 0.000017 0.000011 0.000007 0.000005 0.000003 0.000002 0.000001 0.000001 0.000000 0.000000 0.000000 0.000000 0.000000 0.000000 0.000000 0.000000 0.000000 0.000000 0.000000 0.000000 0.000000 0.000000 0.000000 0.000000 0.000000 0.000000 0.000000 0.000000 0.000000 
0.000000 0.000000 0.000000 0.000000 0.000000 0.000000 0.000000 0.000000 0.000000 0.000000 0.000000 0.000000 0.000000 0.000000 0.000000 0.000000 0.000000 0.000000 0.000000 0.000000 0.000000 0.000001 0.000001 0.000002 0.000004 0.000006 0.000009 0.000015 0.000022 0.000034 0.000049 0.000072 0.000102 0.000143 0.000195 0.000263 0.000347 0.000449 0.000570 0.000711 0.000869 0.001043 0.001227 0.001417 0.001606 0.001784 0.001945 0.002081 0.002183 0.002247 0.002269 0.002247 0.002183 0.002081 0.001945 0.001784 0.001606 0.001417 0.001227 0.001043 0.000869 0.000711 0.000570 0.000449 0.000347 0.000263 0.000195 0.000143 0.000102 0.000072 0.000049 0.000034 0.000022 0.000015 0.000009 0.000006 0.000004 0.000002 0.000001 0.000001 0.000000 0.000000 0.000000 0.000000 0.000000 0.000000 0.000000 0.000000 0.000000 0.000000 0.000000 0.000000 0.000000 0.000000 0.000000 0.000000 0.000000 0.000000 0.000000 0.000000 
0.000000 0.000000 0.000000 0.000000 0.000000 0.000000 0.000000 0.000000 0.000000 0.000000 0.000000 0.000000 0.000000 0.000000 0.000000 0.000000 0.000000 0.000000 0.000000 0.000000 0.000001 0.000001 0.000002 0.000004 0.000007 0.000011 0.000018 0.000028 0.000043 0.000064 0.000094 0.000137 0.000194 0.000271 0.000371 0.000499 0.000658 0.000851 0.001081 0.001347 0.001646 0.001974 0.002323 0.002682 0.003037 0.003375 0.003679 0.003934 0.004127 0.004248 0.004289 0.004248 0.004127 0.003934 0.003679 0.003375 0.003037 0.002682 0.002323 0.001974 0.001646 0.001347 0.001081 0.000851 0.000658 0.000499 0.000371 0.000271 0.000194 0.000137 0.000094 0.000064 0.000043 0.000028 0.000018 0.000011 0.000007 0.000004 0.000002 0.000001 0.000001 0.000000 0.000000 0.000000 0.000000 0.000000 0.000000 0.000000 0.000000 0.000000 0.000000 0.000000 0.000000 0.000000 0.000000 0.000000 0.000000 0.000000 0.000000 0.000000 
0.000000 0.000000 0.000000 0.000000 0.000000 0.000000 0.000000 0.000000 0.000000 0.000000 0.000000 0.000000 0.000000 0.000000 0.000000 0.000000 0.000000 0.000000 0.000000 0.000001 0.000002 0.000003 0.000005 0.000008 0.000013 0.000021 0.000033 0.000052 0.000080 0.000120 0.000177 0.000256 0.000364 0.000507 0.000694 0.000932 0.001228 0.001588 0.002015 0.002509 0.003065 0.003675 0.004323 0.004989 0.005648 0.006275 0.006839 0.007312 0.007670 0.007893 0.007969 0.007893 0.007670 0.007312 0.006839 0.006275 0.005648 0.004989 0.004323 0.003675 0.003065 0.002509 0.002015 0.001588 0.001228 0.000932 0.000694 0.000507 0.000364 0.000256 0.000177 0.000120 0.000080 0.000052 0.000033 0.000021 0.000013 0.000008 0.000005 0.000003 0.000002 0.000001 0.000000 0.000000 0.000000 0.000000 0.000000 0.000000 0.000000 0.000000 0.000000 0.000000 0.000000 0.000000 0.000000 0.000000 0.000000 0.000000 0.000000 0.000000 
0.000000 0.000000 0.000000 0.000000 0.000000 0.000000 0.000000 0.000000 0.000000 0.000000 0.000000 0.000000 0.000000 0.000000 0.000000 0.000000 0.000000 0.000001 0.000001 0.000002 0.000003 0.000005 0.000009 0.000015 0.000024 0.000039 0.000062 0.000096 0.000147 0.000221 0.000326 0.000471 0.000668 0.000931 0.001274 0.001709 0.002251 0.002910 0.003691 0.004594 0.005611 0.006724 0.007906 0.009121 0.010325 0.011467 0.012495 0.013359 0.014011 0.014418 0.014557 0.014418 0.014011 0.013359 0.012495 0.011467 0.010325 0.009121 0.007906 0.006724 0.005611 0.004594 0.003691 0.002910 0.002251 0.001709 0.001274 0.000931 0.000668 0.000471 0.000326 0.000221 0.000147 0.000096 0.000062 0.000039 0.000024 0.000015 0.000009 0.000005 0.000003 0.000002 0.000001 0.000001 0.000000 0.000000 0.000000 0.000000 0.000000 0.000000 0.000000 0.000000 0.000000 0.000000 0.000000 0.000000 0.000000 0.000000 0.000000 0.000000 
0.000000 0.000000 0.000000 0.000000 0.000000 0.000000 0.000000 0.000000 0.000000 0.000000 0.000000 0.000000 0.000000 0.000000 0.000000 0.000000 0.000000 0.000001 0.000002 0.000003 0.000005 0.000009 0.000016 0.000027 0.000044 0.000071 0.000112 0.000175 0.000267 0.000400 0.000589 0.000851 0.001208 0.001682 0.002298 0.003083 0.004058 0.005242 0.006646 0.008268 0.010094 0.012091 0.014213 0.016392 0.018551 0.020599 0.022441 0.023988 0.025158 0.025887 0.026135 0.025887 0.025158 0.023988 0.022441 0.020599 0.018551 0.016392 0.014213 0.012091 0.010094 0.008268 0.006646 0.005242 0.004058 0.003083 0.002298 0.001682 0.001208 0.000851 0.000589 0.000400 0.000267 0.000175 0.000112 0.000071 0.000044 0.000027 0.000016 0.000009 0.000005 0.000003 0.000002 0.000001 0.000000 0.000000 0.000000 0.000000 0.000000 0.000000 0.000000 0.000000 0.000000 0.000000 0.000000 0.000000 0.000000 0.000000 0.000000 0.000000 
0.000000 0.000000 0.000000 0.000000 0.000000 0.000000 0.000000 0.000000 0.000000 0.000000 0.000000 0.000000 0.000000 0.000000 0.000000 0.000000 0.000001 0.000002 0.000003 0.000005 0.000010 0.000017 0.000029 0.000048 0.000078 0.000126 0.000200 0.000311 0.000475 0.000712 0.001048 0.001513 0.002145 0.002984 0.004075 0.005463 0.007188 0.009280 0.011760 0.014624 0.017845 0.021370 0.025111 0.028953 0.032758 0.036366 0.039612 0.042337 0.044398 0.045682 0.046118 0.045682 0.044398 0.042337 0.039612 0.036366 0.032758 0.028953 0.025111 0.021370 0.017845 0.014624 0.011760 0.009280 0.007188 0.005463 0.004075 0.002984 0.002145 0.001513 0.001048 0.000712 0.000475 0.000311 0.000200 0.000126 0.000078 0.000048 0.000029 0.000017 0.000010 0.000005 0.000003 0.000002 0.000001 0.000000 0.000000 0.000000 0.000000 0.000000 0.000000 0.000000 0.000000 0.000000 0.000000 0.000000 0.000000 0.000000 0.000000 0.000000 
0.000000 0.000000 0.000000 0.000000 0.000000 0.000000 0.000000 0.000000 0.000000 0.000000 0.000000 0.000000 0.000000 0.000000 0.000000 0.000001 0.000002 0.000003 0.000005 0.000010 0.000017 0.000030 0.000050 0.000084 0.000138 0.000222 0.000351 0.000545 0.000832 0.001245 0.001830 0.002641 0.003742 0.005203 0.007102 0.009514 0.012510 0.016145 0.020449 0.025418 0.031006 0.037116 0.043600 0.050259 0.056849 0.063097 0.068719 0.073436 0.077003 0.079226 0.079981 0.079226 0.077003 0.073436 0.068719 0.063097 0.056849 0.050259 0.043600 0.037116 0.031006 0.025418 0.020449 0.016145 0.012510 0.009514 0.007102 0.005203 0.003742 0.002641 0.001830 0.001245 0.000832 0.000545 0.000351 0.000222 0.000138 0.000084 0.000050 0.000030 0.000017 0.000010 0.000005 0.000003 0.000002 0.000001 0.000000 0.000000 0.000000 0.000000 0.000000 0.000000 0.000000 0.000000 0.000000 0.000000 0.000000 0.000000 0.000000 0.000000 
0.000000 0.000000 0.000000 0.000000 0.000000 0.000000 0.000000 0.000000 0.000000 0.000000 0.000000 0.000000 0.000000 0.000000 0.000001 0.000001 0.000003 0.000005 0.000009 0.000017 0.000030 0.000051 0.000087 0.000145 0.000238 0.000382 0.000604 0.000938 0.001430 0.002139 0.003142 0.004531 0.006414 0.008913 0.012159 0.016281 0.021397 0.027600 0.034942 0.043415 0.052939 0.063350 0.074394 0.085732 0.096951 0.107586 0.117152 0.125178 0.131246 0.135028 0.136312 0.135028 0.131246 0.125178 0.117152 0.107586 0.096951 0.085732 0.074394 0.063350 0.052939 0.043415 0.034942 0.027600 0.021397 0.016281 0.012159 0.008913 0.006414 0.004531 0.003142 0.002139 0.001430 0.000938 0.000604 0.000382 0.000238 0.000145 0.000087 0.000051 0.000030 0.000017 0.000009 0.000005 0.000003 0.000001 0.000001 0.000000 0.000000 0.000000 0.000000 0.000000 0.000000 0.000000 0.000000 0.000000 0.000000 0.000000 0.000000 0.000000 
0.000000 0.000000 0.000000 0.000000 0.000000 0.000000 0.000000 0.000000 0.000000 0.000000 0.000000 0.000000 0.000000 0.000001 0.000001 0.000002 0.000005 0.000009 0.000016 0.000029 0.000050 0.000087 0.000147 0.000246 0.000403 0.000647 0.001022 0.001586 0.002414 0.003610 0.005298 0.007636 0.010803 0.015003 0.020455 0.027374 0.035958 0.046361 0.058668 0.072865 0.088817 0.106249 0.124735 0.143707 0.162475 0.180263 0.196260 0.209681 0.219826 0.226148 0.228296 0.226148 0.219826 0.209681 0.196260 0.180263 0.162475 0.143707 0.124735 0.106249 0.088817 0.072865 0.058668 0.046361 0.035958 0.027374 0.020455 0.015003 0.010803 0.007636 0.005298 0.003610 0.002414 0.001586 0.001022 0.000647 0.000403 0.000246 0.000147 0.000087 0.000050 0.000029 0.000016 0.000009 0.000005 0.000002 0.000001 0.000001 0.000000 0.000000 0.000000 0.000000 0.000000 0.000000 0.000000 0.000000 0.000000 0.000000 0.000000 0.000000 
0.000000 0.000000 0.000000 0.000000 0.000000 0.000000 0.000000 0.000000 0.000000 0.000000 0.000000 0.000000 0.000001 0.000001 0.000002 0.000004 0.000008 0.000015 0.000027 0.000048 0.000084 0.000145 0.000246 0.000410 0.000670 0.001077 0.001699 0.002633 0.004006 0.005984 0.008778 0.012642 0.017875 0.024811 0.033808 0.045220 0.059372 0.076514 0.096784 0.120159 0.146413 0.175092 0.205497 0.236694 0.267548 0.296784 0.323073 0.345124 0.361792 0.372178 0.375706 0.372178 0.361792 0.345124 0.323073 0.296784 0.267548 0.236694 0.205497 0.175092 0.146413 0.120159 0.096784 0.076514 0.059372 0.045220 0.033808 0.024811 0.017875 0.012642 0.008778 0.005984 0.004006 0.002633 0.001699 0.001077 0.000670 0.000410 0.000246 0.000145 0.000084 0.000048 0.000027 0.000015 0.000008 0.000004 0.000002 0.000001 0.000001 0.000000 0.000000 0.000000 0.000000 0.000000 0.000000 0.000000 0.000000 0.000000 0.000000 0.000000 
0.000000 0.000000 0.000000 0.000000 0.000000 0.000000 0.000000 0.000000 0.000000 0.000000 0.000000 0.000000 0.000001 0.000002 0.000004 0.000007 0.000013 0.000024 0.000044 0.000078 0.000138 0.000238 0.000403 0.000670 0.001095 0.001759 0.002773 0.004293 0.006528 0.009746 0.014287 0.020563 0.029056 0.040308 0.054895 0.073389 0.096311 0.124065 0.156869 0.194682 0.237138 0.283501 0.332639 0.383043 0.432883 0.480101 0.522551 0.558153 0.585062 0.601828 0.607523 0.601828 0.585062 0.558153 0.522551 0.480101 0.432883 0.383043 0.332639 0.283501 0.237138 0.194682 0.156869 0.124065 0.096311 0.073389 0.054895 0.040308 0.029056 0.020563 0.014287 0.009746 0.006528 0.004293 0.002773 0.001759 0.001095 0.000670 0.000403 0.000238 0.000138 0.000078 0.000044 0.000024 0.000013 0.000007 0.000004 0.000002 0.000001 0.000000 0.000000 0.000000 0.000000 0.000000 0.000000 0.000000 0.000000 0.000000 0.000000 0.000000 
0.000000 0.000000 0.000000 0.000000 0.000000 0.000000 0.000000 0.000000 0.000000 0.000000 0.000000 0.000001 0.000002 0.000003 0.000006 0.000011 0.000021 0.000039 0.000071 0.000126 0.000222 0.000382 0.000647 0.001077 0.001759 0.002821 0.004445 0.006877 0.010450 0.015590 0.022840 0.032853 0.046397 0.064330 0.087564 0.117008 0.153484 0.197630 0.249787 0.309887 0.377344 0.450984 0.529010 0.609027 0.688130 0.763059 0.830410 0.886890 0.929575 0.956169 0.965202 0.956169 0.929575 0.886890 0.830410 0.763059 0.688130 0.609027 0.529010 0.450984 0.377344 0.309887 0.249787 0.197630 0.153484 0.117008 0.087564 0.064330 0.046397 0.032853 0.022840 0.015590 0.010450 0.006877 0.004445 0.002821 0.001759 0.001077 0.000647 0.000382 0.000222 0.000126 0.000071 0.000039 0.000021 0.000011 0.000006 0.000003 0.000002 0.000001 0.000000 0.000000 0.000000 0.000000 0.000000 0.000000 0.000000 0.000000 0.000000 0.000000 
0.000000 0.000000 0.000000 0.000000 0.000000 0.000000 0.000000 0.000000 0.000000 0.000000 0.000001 0.000001 0.000002 0.000005 0.000009 0.000018 0.000033 0.000062 0.000112 0.000200 0.000351 0.000604 0.001022 0.001699 0.002773 0.004445 0.006998 0.010820 0.016429 0.024496 0.035865 0.051559 0.072773 0.100848 0.137205 0.183255 0.240279 0.309264 0.390737 0.484582 0.589881 0.704797 0.826525 0.951329 1.074680 1.191501 1.296493 1.384526 1.451053 1.492498 1.506575 1.492498 1.451053 1.384526 1.296493 1.191501 1.074680 0.951329 0.826525 0.704797 0.589881 0.484582 0.390737 0.309264 0.240279 0.183255 0.137205 0.100848 0.072773 0.051559 0.035865 0.024496 0.016429 0.010820 0.006998 0.004445 0.002773 0.001699 0.001022 0.000604 0.000351 0.000200 0.000112 0.000062 0.000033 0.000018 0.000009 0.000005 0.000002 0.000001 0.000001 0.000000 0.000000 0.000000 0.000000 0.000000 0.000000 0.000000 0.000000 0.000000 
0.000000 0.000000 0.000000 0.000000 0.000000 0.000000 0.000000 0.000000 0.000000 0.000000 0.000001 0.000002 0.000004 0.000007 0.000015 0.000028 0.000052 0.000096 0.000175 0.000311 0.000545 0.000938 0.001586 0.002633 0.004293 0.006877 0.010820 0.016719 0.025369 0.037803 0.055315 0.079474 0.112116 0.155291 0.211174 0.281926 0.369499 0.475399 0.600423 0.744381 0.905859 1.082035 1.268605 1.459845 1.648821 1.827762 1.988560 2.123370 2.225237 2.288695 2.310248 2.288695 2.225237 2.123370 1.988560 1.827762 1.648821 1.459845 1.268605 1.082035 0.905859 0.744381 0.600423 0.475399 0.369499 0.281926 0.211174 0.155291 0.112116 0.079474 0.055315 0.037803 0.025369 0.016719 0.010820 0.006877 0.004293 0.002633 0.001586 0.000938 0.000545 0.000311 0.000175 0.000096 0.000052 0.000028 0.000015 0.000007 0.000004 0.000002 0.000001 0.000000 0.000000 0.000000 0.000000 0.000000 0.000000 0.000000 0.000000 0.000000 
0.000000 0.000000 0.000000 0.000000 0.000000 0.000000 0.000000 0.000000 0.000000 0.000001 0.000001 0.000003 0.000006 0.000011 0.000022 0.000043 0.000080 0.000147 0.000267 0.000475 0.000832 0.001430 0.002414 0.004006 0.006528 0.010450 0.016429 0.025369 0.038472 0.057294 0.083787 0.120319 0.169651 0.234868 0.319243 0.426020 0.558127 0.717822 0.906286 1.123222 1.366484 1.631814 1.912728 2.200611 2.485030 2.754301 2.996238 3.199049 3.352288 3.447742 3.480162 3.447742 3.352288 3.199049 2.996238 2.754301 2.485030 2.200611 1.912728 1.631814 1.366484 1.123222 0.906286 0.717822 0.558127 0.426020 0.319243 0.234868 0.169651 0.120319 0.083787 0.057294 0.038472 0.025369 0.016429 0.010450 0.006528 0.004006 0.002414 0.001430 0.000832 0.000475 0.000267 0.000147 0.000080 0.000043 0.000022 0.000011 0.000006 0.000003 0.000001 0.000001 0.000000 0.000000 0.000000 0.000000 0.000000 0.000000 0.000000 0.000000 
0.000000 0.000000 0.000000 0.000000 0.000000 0.000000 0.000000 0.000000 0.000000 0.000001 0.000002 0.000004 0.000009 0.000017 0.000034 0.000064 0.000120 0.000221 0.000400 0.000712 0.001245 0.002139 0.003610 0.005984 0.009746 0.015590 0.024496 0.037803 0.057294 0.085276 0.124642 0.178895 0.252121 0.348881 0.474008 0.632291 0.828046 1.064591 1.343656 1.664776 2.024761 2.417300 2.832797 3.258508 3.679021 4.077074 4.434671 4.734407 4.960862 5.101915 5.149821 5.101915 4.960862 4.734407 4.434671 4.077074 3.679021 3.258508 2.832797 2.417300 2.024761 1.664776 1.343656 1.064591 0.828046 0.632291 0.474008 0.348881 0.252121 0.178895 0.124642 0.085276 0.057294 0.037803 0.024496 0.015590 0.009746 0.005984 0.003610 0.002139 0.001245 0.000712 0.000400 0.000221 0.000120 0.000064 0.000034 0.000017 0.000009 0.000004 0.000002 0.000001 0.000000 0.000000 0.000000 0.000000 0.000000 0.000000 0.000000 0.000000 
0.000000 0.000000 0.000000 0.000000 0.000000 0.000000 0.000000 0.000000 0.000001 0.000002 0.000003 0.000006 0.000013 0.000026 0.000049 0.000094 0.000177 0.000326 0.000589 0.001048 0.001830 0.003142 0.005298 0.008778 0.014287 0.022840 0.035865 0.055315 0.083787 0.124642 0.182087 0.261216 0.367967 0.508964 0.691218 0.921673 1.206578 1.550730 1.956609 2.423515 2.946785 3.517229 4.120899 4.739284 5.350011 5.928030 6.447236 6.882388 7.211127 7.415880 7.485418 7.415880 7.211127 6.882388 6.447236 5.928030 5.350011 4.739284 4.120899 3.517229 2.946785 2.423515 1.956609 1.550730 1.206578 0.921673 0.691218 0.508964 0.367967 0.261216 0.182087 0.124642 0.083787 0.055315 0.035865 0.022840 0.014287 0.008778 0.005298 0.003142 0.001830 0.001048 0.000589 0.000326 0.000177 0.000094 0.000049 0.000026 0.000013 0.000006 0.000003 0.000002 0.000001 0.000000 0.000000 0.000000 0.000000 0.000000 0.000000 0.000000 
0.000000 0.000000 0.000000 0.000000 0.000000 0.000000 0.000000 0.000000 0.000001 0.000002 0.000005 0.000009 0.000019 0.000037 0.000072 0.000137 0.000256 0.000471 0.000851 0.001513 0.002641 0.004531 0.007636 0.012642 0.020563 0.032853 0.051559 0.079474 0.120319 0.178895 0.261216 0.374559 0.527396 0.729176 0.989894 1.319438 1.726699 2.218485 2.798297 3.465095 4.212190 5.026443 5.887935 6.770257 7.641505 8.465973 9.206463 9.827016 10.295784 10.587738 10.686889 10.587738 10.295784 9.827016 9.206463 8.465973 7.641505 6.770257 5.887935 5.026443 4.212190 3.465095 2.798297 2.218485 1.726699 1.319438 0.989894 0.729176 0.527396 0.374559 0.261216 0.178895 0.120319 0.079474 0.051559 0.032853 0.020563 0.012642 0.007636 0.004531 0.002641 0.001513 0.000851 0.000471 0.000256 0.000137 0.000072 0.000037 0.000019 0.000009 0.000005 0.000002 0.000001 0.000000 0.000000 0.000000 0.000000 0.000000 0.000000 0.000000 
0.000000 0.000000 0.000000 0.000000 0.000000 0.000000 0.000000 0.000001 0.000001 0.000003 0.000007 0.000013 0.000027 0.000053 0.000102 0.000194 0.000364 0.000668 0.001208 0.002145 0.003742 0.006414 0.010803 0.017875 0.029056 0.046397 0.072773 0.112116 0.169651 0.252121 0.367967 0.527396 0.742286 1.025874 1.392154 1.854959 2.426713 3.116911 3.930408 4.865694 5.913346 7.054913 8.262458 9.498975 10.719777 11.874870 12.912191 13.781417 14.437988 14.846890 14.985754 14.846890 14.437988 13.781417 12.912191 11.874870 10.719777 9.498975 8.262458 7.054913 5.913346 4.865694 3.930408 3.116911 2.426713 1.854959 1.392154 1.025874 0.742286 0.527396 0.367967 0.252121 0.169651 0.112116 0.072773 0.046397 0.029056 0.017875 0.010803 0.006414 0.003742 0.002145 0.001208 0.000668 0.000364 0.000194 0.000102 0.000053 0.000027 0.000013 0.000007 0.000003 0.000001 0.000001 0.000000 0.000000 0.000000 0.000000 0.000000 0.000000 
0.000000 0.000000 0.000000 0.000000 0.000000 0.000000 0.000000 0.000001 0.000002 0.000004 0.000009 0.000019 0.000037 0.000074 0.000143 0.000271 0.000507 0.000931 0.001682 0.002984 0.005203 0.008913 0.015003 0.024811 0.040308 0.064330 0.100848 0.155291 0.234868 0.348881 0.508964 0.729176 1.025874 1.417272 1.922615 2.560909 3.349209 4.300524 5.421472 6.709902 8.152783 9.724667 11.387077 13.089076 14.769189 16.358665 17.785924 18.981796 19.885040 20.447542 20.638566 20.447542 19.885040 18.981796 17.785924 16.358665 14.769189 13.089076 11.387077 9.724667 8.152783 6.709902 5.421472 4.300524 3.349209 2.560909 1.922615 1.417272 1.025874 0.729176 0.508964 0.348881 0.234868 0.155291 0.100848 0.064330 0.040308 0.024811 0.015003 0.008913 0.005203 0.002984 0.001682 0.000931 0.000507 0.000271 0.000143 0.000074 0.000037 0.000019 0.000009 0.000004 0.000002 0.000001 0.000000 0.000000 0.000000 0.000000 0.000000 0.000000 
0.000000 0.000000 0.000000 0.000000 0.000000 0.000000 0.000001 0.000001 0.000003 0.000006 0.000013 0.000026 0.000051 0.000101 0.000195 0.000371 0.000694 0.001274 0.002298 0.004075 0.007102 0.012159 0.020455 0.033808 0.054895 0.087564 0.137205 0.211174 0.319243 0.474008 0.691218 0.989894 1.392154 1.922615 2.607268 3.471765 4.539103 5.826794 7.343694 9.086811 11.038445 13.164134 15.411829 17.712677 19.983610 22.131769 24.060498 25.676408 26.896833 27.656830 27.914918 27.656830 26.896833 25.676408 24.060498 22.131769 19.983610 17.712677 15.411829 13.164134 11.038445 9.086811 7.343694 5.826794 4.539103 3.471765 2.607268 1.922615 1.392154 0.989894 0.691218 0.474008 0.319243 0.211174 0.137205 0.087564 0.054895 0.033808 0.020455 0.012159 0.007102 0.004075 0.002298 0.001274 0.000694 0.000371 0.000195 0.000101 0.000051 0.000026 0.000013 0.000006 0.000003 0.000001 0.000001 0.000000 0.000000 0.000000 0.000000 0.000000 
0.000000 0.000000 0.000000 0.000000 0.000000 0.000000 0.000001 0.000002 0.000004 0.000008 0.000017 0.000035 0.000069 0.000136 0.000263 0.000499 0.000932 0.001709 0.003083 0.005463 0.009514 0.016281 0.027374 0.045220 0.073389 0.117008 0.183255 0.281926 0.426020 0.632291 0.921673 1.319438 1.854959 2.560909 3.471765 4.621533 6.040670 7.752328 9.768162 12.084085 14.676499 17.499571 20.484162 23.538860 26.553437 29.404707 31.964477 34.108916 35.728421 36.736900 37.079363 36.736900 35.728421 34.108916 31.964477 29.404707 26.553437 23.538860 20.484162 17.499571 14.676499 12.084085 9.768162 7.752328 6.040670 4.621533 3.471765 2.560909 1.854959 1.319438 0.921673 0.632291 0.426020 0.281926 0.183255 0.117008 0.073389 0.045220 0.027374 0.016281 0.009514 0.005463 0.003083 0.001709 0.000932 0.000499 0.000263 0.000136 0.000069 0.000035 0.000017 0.000008 0.000004 0.000002 0.000001 0.000000 0.000000 0.000000 0.000000 0.000000 
0.000000 0.000000 0.000000 0.000000 0.000000 0.000001 0.000001 0.000002 0.000005 0.000011 0.000022 0.000046 0.000091 0.000179 0.000347 0.000658 0.001228 0.002251 0.004058 0.007188 0.012510 0.021397 0.035958 0.059372 0.096311 0.153484 0.240279 0.369499 0.558127 0.828046 1.206578 1.726699 2.426713 3.349209 4.539103 6.040670 7.893527 10.127746 12.758391 15.779997 19.161674 22.843573 26.735496 30.718264 34.648226 38.364891 41.701282 44.496129 46.606717 47.920950 48.367232 47.920950 46.606717 44.496129 41.701282 38.364891 34.648226 30.718264 26.735496 22.843573 19.161674 15.779997 12.758391 10.127746 7.893527 6.040670 4.539103 3.349209 2.426713 1.726699 1.206578 0.828046 0.558127 0.369499 0.240279 0.153484 0.096311 0.059372 0.035958 0.021397 0.012510 0.007188 0.004058 0.002251 0.001228 0.000658 0.000347 0.000179 0.000091 0.000046 0.000022 0.000011 0.000005 0.000002 0.000001 0.000001 0.000000 0.000000 0.000000 0.000000 
0.000000 0.000000 0.000000 0.000000 0.000000 0.000001 0.000001 0.000003 0.000007 0.000014 0.000029 0.000059 0.000118 0.000233 0.000449 0.000851 0.001588 0.002910 0.005242 0.009280 0.016145 0.027600 0.046361 0.076514 0.124065 0.197630 0.309264 0.475399 0.717822 1.064591 1.550730 2.218485 3.116911 4.300524 5.826794 7.752328 10.127746 12.991412 16.362455 20.233719 24.565505 29.281071 34.264872 39.364321 44.395566 49.153262 53.423810 57.000949 59.702163 61.384114 61.955256 61.384114 59.702163 57.000949 53.423810 49.153262 44.395566 39.364321 34.264872 29.281071 24.565505 20.233719 16.362455 12.991412 10.127746 7.752328 5.826794 4.300524 3.116911 2.218485 1.550730 1.064591 0.717822 0.475399 0.309264 0.197630 0.124065 0.076514 0.046361 0.027600 0.016145 0.009280 0.005242 0.002910 0.001588 0.000851 0.000449 0.000233 0.000118 0.000059 0.000029 0.000014 0.000007 0.000003 0.000001 0.000001 0.000000 0.000000 0.000000 0.000000 
0.000000 0.000000 0.000000 0.000000 0.000000 0.000001 0.000002 0.000004 0.000009 0.000018 0.000037 0.000075 0.000151 0.000296 0.000570 0.001081 0.002015 0.003691 0.006646 0.011760 0.020449 0.034942 0.058668 0.096784 0.156869 0.249787 0.390737 0.600423 0.906286 1.343656 1.956609 2.798297 3.930408 5.421472 7.343694 9.768162 12.758391 16.362455 20.604223 25.474511 30.923233 36.853771 43.120777 49.532409 55.857598 61.838328 67.206263 71.702325 75.097291 77.211150 77.928944 77.211150 75.097291 71.702325 67.206263 61.838328 55.857598 49.532409 43.120777 36.853771 30.923233 25.474511 20.604223 16.362455 12.758391 9.768162 7.343694 5.421472 3.930408 2.798297 1.956609 1.343656 0.906286 0.600423 0.390737 0.249787 0.156869 0.096784 0.058668 0.034942 0.020449 0.011760 0.006646 0.003691 0.002015 0.001081 0.000570 0.000296 0.000151 0.000075 0.000037 0.000018 0.000009 0.000004 0.000002 0.000001 0.000000 0.000000 0.000000 0.000000 
0.000000 0.000000 0.000000 0.000000 0.000000 0.000001 0.000002 0.000005 0.000011 0.000023 0.000046 0.000094 0.000188 0.000369 0.000711 0.001347 0.002509 0.004594 0.008268 0.014624 0.025418 0.043415 0.072865 0.120159 0.194682 0.309887 0.484582 0.744381 1.123222 1.664776 2.423515 3.465095 4.865694 6.709902 9.086811 12.084085 15.779997 20.233719 25.474511 31.490820 38.220617 45.544463 53.282830 61.198872 69.007402 76.390060 83.015804 88.565059 92.755108 95.363946 96.249806 95.363946 92.755108 88.565059 83.015804 76.390060 69.007402 61.198872 53.282830 45.544463 38.220617 31.490820 25.474511 20.233719 15.779997 12.084085 9.086811 6.709902 4.865694 3.465095 2.423515 1.664776 1.123222 0.744381 0.484582 0.309887 0.194682 0.120159 0.072865 0.043415 0.025418 0.014624 0.008268 0.004594 0.002509 0.001347 0.000711 0.000369 0.000188 0.000094 0.000046 0.000023 0.000011 0.000005 0.000002 0.000001 0.000000 0.000000 0.000000 0.000000 
0.000000 0.000000 0.000000 0.000000 0.000001 0.000001 0.000003 0.000006 0.000013 0.000028 0.000057 0.000115 0.000230 0.000451 0.000869 0.001646 0.003065 0.005611 0.010094 0.017845 0.031006 0.052939 0.088817 0.146413 0.237138 0.377344 0.589881 0.905859 1.366484 2.024761 2.946785 4.212190 5.913346 8.152783 11.038445 14.676499 19.161674 24.565505 30.923233 38.220617 46.382240 55.263143 64.645588 74.242452 83.708109 92.656810 100.687512 107.413108 112.491171 115.652828 116.726389 115.652828 112.491171 107.413108 100.687512 92.656810 83.708109 74.242452 64.645588 55.263143 46.382240 38.220617 30.923233 24.565505 19.161674 14.676499 11.038445 8.152783 5.913346 4.212190 2.946785 2.024761 1.366484 0.905859 0.589881 0.377344 0.237138 0.146413 0.088817 0.052939 0.031006 0.017845 0.010094 0.005611 0.003065 0.001646 0.000869 0.000451 0.000230 0.000115 0.000057 0.000028 0.000013 0.000006 0.000003 0.000001 0.000001 0.000000 0.000000 0.000000 
0.000000 0.000000 0.000000 0.000000 0.000001 0.000002 0.000003 0.000007 0.000016 0.000033 0.000068 0.000139 0.000276 0.000541 0.001043 0.001974 0.003675 0.006724 0.012091 0.021370 0.037116 0.063350 0.106249 0.175092 0.283501 0.450984 0.704797 1.082035 1.631814 2.417300 3.517229 5.026443 7.054913 9.724667 13.164134 17.499571 22.843573 29.281071 36.853771 45.544463 55.263143 65.837072 77.006966 88.431045 99.698000 110.348866 119.906549 127.910590 133.953708 137.716130 138.993669 137.716130 133.953708 127.910590 119.906549 110.348866 99.698000 88.431045 77.006966 65.837072 55.263143 45.544463 36.853771 29.281071 22.843573 17.499571 13.164134 9.724667 7.054913 5.026443 3.517229 2.417300 1.631814 1.082035 0.704797 0.450984 0.283501 0.175092 0.106249 0.063350 0.037116 0.021370 0.012091 0.006724 0.003675 0.001974 0.001043 0.000541 0.000276 0.000139 0.000068 0.000033 0.000016 0.000007 0.000003 0.000002 0.000001 0.000000 0.000000 0.000000 
0.000000 0.000000 0.000000 0.000000 0.000001 0.000002 0.000004 0.000009 0.000019 0.000039 0.000081 0.000163 0.000325 0.000637 0.001227 0.002323 0.004323 0.007906 0.014213 0.025111 0.043600 0.074394 0.124735 0.205497 0.332639 0.529010 0.826525 1.268605 1.912728 2.832797 4.120899 5.887935 8.262458 11.387077 15.411829 20.484162 26.735496 34.264872 43.120777 53.282830 64.645588 77.006966 90.063807 103.416638 116.584841 129.032198 140.201391 149.554586 156.616102 161.012481 162.505266 161.012481 156.616102 149.554586 140.201391 129.032198 116.584841 103.416638 90.063807 77.006966 64.645588 53.282830 43.120777 34.264872 26.735496 20.484162 15.411829 11.387077 8.262458 5.887935 4.120899 2.832797 1.912728 1.268605 0.826525 0.529010 0.332639 0.205497 0.124735 0.074394 0.043600 0.025111 0.014213 0.007906 0.004323 0.002323 0.001227 0.000637 0.000325 0.000163 0.000081 0.000039 0.000019 0.000009 0.000004 0.000002 0.000001 0.000000 0.000000 0.000000 
