0.000000 0.000000 0.000000 0.000000 0.000000 0.000000 0.000000 0.000000 0.000000 0.000000 0.000000 0.000000 0.000000 0.000000 0.000000 0.000000 0.000000 0.000000 0.000000 0.000000 0.000000 0.000000 0.000000 0.000000 0.000000 0.000000 0.000000 0.000000 0.000000 0.000000 0.000000 0.000000 0.000000 0.000000 0.000000 0.000000 0.000000 0.000000 0.000000 0.000000 0.000000 0.000000 0.000000 0.000000 0.000000 0.000000 0.000000 0.000000 0.000000 0.000000 0.000000 0.000000 0.000000 0.000000 0.000000 0.000000 0.000000 0.000000 0.000000 0.000000 0.000000 0.000000 0.000000 0.000000 0.000000 0.000000 0.000000 0.000000 0.000000 0.000000 0.000000 0.000000 0.000000 0.000000 0.000000 0.000000 0.000000 0.000000 0.000000 0.000000 0.000000 0.000000 0.000000 0.000000 0.000000 0.000000 0.000000 0.000000 0.000000 0.000000 0.000000 0.000000 0.000000 0.000000 0.000000 0.000000 0.000000 0.000000 0.000000 0.000000 
0.000000 0.000000 0.000000 0.000000 0.000000 0.000000 0.000000 0.000000 0.000000 0.000000 0.000000 0.000000 0.000000 0.000000 0.000000 0.000000 0.000000 0.000000 0.000000 0.000000 0.000000 0.000000 0.000000 0.000000 0.000000 0.000000 0.000000 0.000000 0.000000 0.000000 0.000000 0.000000 0.000000 0.000000 0.000000 0.000000 0.000000 0.000000 0.000000 0.000000 0.000000 0.000000 0.000000 0.000000 0.000000 0.000000 0.000000 0.000000 0.000000 0.000000 0.000000 0.000000 0.000000 0.000000 0.000000 0.000000 0.000000 0.000000 0.000000 0.000000 0.000000 0.000000 0.000000 0.000000 0.000000 0.000000 0.000000 0.000000 0.000000 0.000000 0.000000 0.000000 0.000000 0.000000 0.000000 0.000000 0.000000 0.000000 0.000000 0.000000 0.000000 0.000000 0.000000 0.000000 0.000000 0.000000 0.000000 0.000000 0.000000 0.000000 0.000000 0.000000 0.000000 0.000000 0.000000 0.000000 0.000000 0.000000 0.000000 0.000000 
0.000000 0.000000 0.000000 0.000000 0.000000 0.000000 0.000000 0.000000 0.000000 0.000000 0.000000 0.000000 0.000000 0.000000 0.000000 0.000000 0.000000 0.000000 0.000000 0.000000 0.000000 0.000000 0.000000 0.000000 0.000000 0.000000 0.000000 0.000000 0.000000 0.000000 0.000000 0.000000 0.000000 0.000000 0.000000 0.000000 0.000000 0.000000 0.000000 0.000000 0.000000 0.000000 0.000000 0.000000 0.000000 0.000000 0.000000 0.000000 0.000000 0.000000 0.000000 0.000000 0.000000 0.000000 0.000000 0.000000 0.000000 0.000000 0.000000 0.000000 0.000000 0.000000 0.000000 0.000000 0.000000 0.000000 0.000000 0.000000 0.000000 0.000000 0.000000 0.000000 0.000000 0.000000 0.000000 0.000000 0.000000 0.000000 0.000000 0.000000 0.000000 0.000000 0.000000 0.000000 0.000000 0.000000 0.000000 0.000000 0.000000 0.000000 0.000000 0.000000 0.000000 0.000000 0.000000 0.000000 0.000000 0.000000 0.000000 0.000000 
0.000000 0.000000 0.000000 0.000000 0.000000 0.000000 0.000000 0.000000 0.000000 0.000000 0.000000 0.000000 0.000000 0.000000 0.000000 0.000000 0.000000 0.000000 0.000000 0.000000 0.000000 0.000000 0.000000 0.000000 0.000000 0.000000 0.000000 0.000000 0.000000 0.000000 0.000000 0.000000 0.000000 0.000000 0.000000 0.000000 0.000000 0.000000 0.000000 0.000000 0.000000 0.000000 0.000001 0.000001 0.000001 0.000001 0.000001 0.000001 0.000001 0.000001 0.000001 0.000001 0.000001 0.000001 0.000001 0.000001 0.000001 0.000001 0.000001 0.000000 0.000000 0.000000 0.000000 0.000000 0.000000 0.000000 0.000000 0.000000 0.000000 0.000000 0.000000 0.000000 0.000000 0.000000 0.000000 0.000000 0.000000 0.000000 0.000000 0.000000 0.000000 0.000000 0.000000 0.000000 0.000000 0.000000 0.000000 0.000000 0.000000 0.000000 0.000000 0.000000 0.000000 0.000000 0.000000 0.000000 0.000000 0.000000 0.000000 0.000000 
0.000000 0.000000 0.000000 0.000000 0.000000 0.000000 0.000000 0.000000 0.000000 0.000000 0.000000 0.000000 0.000000 0.000000 0.000000 0.000000 0.000000 0.000000 0.000000 0.000000 0.000000 0.000000 0.000000 0.000000 0.000000 0.000000 0.000000 0.000000 0.000000 0.000000 0.000000 0.000000 0.000000 0.000000 0.000000 0.000000 0.000000 0.000000 0.000001 0.000001 0.000001 0.000001 0.000001 0.000001 0.000002 0.000002 0.000002 0.000002 0.000002 0.000002 0.000002 0.000002 0.000002 0.000002 0.000002 0.000002 0.000002 0.000001 0.000001 0.000001 0.000001 0.000001 0.000001 0.000000 0.000000 0.000000 0.000000 0.000000 0.000000 0.000000 0.000000 0.000000 0.000000 0.000000 0.000000 0.000000 0.000000 0.000000 0.000000 0.000000 0.000000 0.000000 0.000000 0.000000 0.000000 0.000000 0.000000 0.000000 0.000000 0.000000 0.000000 0.000000 0.000000 0.000000 0.000000 0.000000 0.000000 0.000000 0.000000 0.000000 
0.000000 0.000000 0.000000 0.000000 0.000000 0.000000 0.000000 0.000000 0.000000 0.000000 0.000000 0.000000 0.000000 0.000000 0.000000 0.000000 0.000000 0.000000 0.000000 0.000000 0.000000 0.000000 0.000000 0.000000 0.000000 0.000000 0.000000 0.000000 0.000000 0.000000 0.000000 0.000000 0.000000 0.000000 0.000000 0.000001 0.000001 0.000001 0.000001 0.000002 0.000002 0.000002 0.000003 0.000003 0.000003 0.000004 0.000004 0.000005 0.000005 0.000005 0.000005 0.000005 0.000005 0.000005 0.000004 0.000004 0.000003 0.000003 0.000003 0.000002 0.000002 0.000002 0.000001 0.000001 0.000001 0.000001 0.000000 0.000000 0.000000 0.000000 0.000000 0.000000 0.000000 0.000000 0.000000 0.000000 0.000000 0.000000 0.000000 0.000000 0.000000 0.000000 0.000000 0.000000 0.000000 0.000000 0.000000 0.000000 0.000000 0.000000 0.000000 0.000000 0.000000 0.000000 0.000000 0.000000 0.000000 0.000000 0.000000 0.000000 
0.000000 0.000000 0.000000 0.000000 0.000000 0.000000 0.000000 0.000000 0.000000 0.000000 0.000000 0.000000 0.000000 0.000000 0.000000 0.000000 0.000000 0.000000 0.000000 0.000000 0.000000 0.000000 0.000000 0.000000 0.000000 0.000000 0.000000 0.000000 0.000000 0.000000 0.000000 0.000000 0.000000 0.000001 0.000001 0.000001 0.000002 0.000002 0.000003 0.000003 0.000004 0.000005 0.000006 0.000007 0.000008 0.000008 0.000009 0.000010 0.000010 0.000011 0.000011 0.000011 0.000010 0.000010 0.000009 0.000008 0.000008 0.000007 0.000006 0.000005 0.000004 0.000003 0.000003 0.000002 0.000002 0.000001 0.000001 0.000001 0.000000 0.000000 0.000000 0.000000 0.000000 0.000000 0.000000 0.000000 0.000000 0.000000 0.000000 0.000000 0.000000 0.000000 0.000000 0.000000 0.000000 0.000000 0.000000 0.000000 0.000000 0.000000 0.000000 0.000000 0.000000 0.000000 0.000000 0.000000 0.000000 0.000000 0.000000 0.000000 
0.000000 0.000000 0.000000 0.000000 0.000000 0.000000 0.000000 0.000000 0.000000 0.000000 0.000000 0.000000 0.000000 0.000000 0.000000 0.000000 0.000000 0.000000 0.000000 0.000000 0.000000 0.000000 0.000000 0.000000 0.000000 0.000000 0.000000 0.000000 0.000000 0.000000 0.000001 0.000001 0.000001 0.000001 0.000002 0.000003 0.000004 0.000005 0.000006 0.000007 0.000009 0.000010 0.000012 0.000014 0.000016 0.000018 0.000019 0.000021 0.000022 0.000022 0.000023 0.000022 0.000022 0.000021 0.000019 0.000018 0.000016 0.000014 0.000012 0.000010 0.000009 0.000007 0.000006 0.000005 0.000004 0.000003 0.000002 0.000001 0.000001 0.000001 0.000001 0.000000 0.000000 0.000000 0.000000 0.000000 0.000000 0.000000 0.000000 0.000000 0.000000 0.000000 0.000000 0.000000 0.000000 0.000000 0.000000 0.000000 0.000000 0.000000 0.000000 0.000000 0.000000 0.000000 0.000000 0.000000 0.000000 0.000000 0.000000 0.000000 
0.000000 0.000000 0.000000 0.000000 0.000000 0.000000 0.000000 0.000000 0.000000 0.000000 0.000000 0.000000 0.000000 0.000000 0.000000 0.000000 0.000000 0.000000 0.000000 0.000000 0.000000 0.000000 0.000000 0.000000 0.000000 0.000000 0.000000 0.000000 0.000000 0.000001 0.000001 0.000002 0.000002 0.000003 0.000004 0.000006 0.000007 0.000010 0.000012 0.000015 0.000018 0.000022 0.000026 0.000030 0.000034 0.000037 0.000041 0.000044 0.000046 0.000047 0.000048 0.000047 0.000046 0.000044 0.000041 0.000037 0.000034 0.000030 0.000026 0.000022 0.000018 0.000015 0.000012 0.000010 0.000007 0.000006 0.000004 0.000003 0.000002 0.000002 0.000001 0.000001 0.000000 0.000000 0.000000 0.000000 0.000000 0.000000 0.000000 0.000000 0.000000 0.000000 0.000000 0.000000 0.000000 0.000000 0.000000 0.000000 0.000000 0.000000 0.000000 0.000000 0.000000 0.000000 0.000000 0.000000 0.000000 0.000000 0.000000 0.000000 
0.000000 0.000000 0.000000 0.000000 0.000000 0.000000 0.000000 0.000000 0.000000 0.000000 0.000000 0.000000 0.000000 0.000000 0.000000 0.000000 0.000000 0.000000 0.000000 0.000000 0.000000 0.000000 0.000000 0.000000 0.000000 0.000000 0.000000 0.000001 0.000001 0.000002 0.000002 0.000003 0.000005 0.000006 0.000009 0.000012 0.000015 0.000020 0.000025 0.000031 0.000038 0.000045 0.000053 0.000062 0.000070 0.000077 0.000084 0.000090 0.000094 0.000097 0.000098 0.000097 0.000094 0.000090 0.000084 0.000077 0.000070 0.000062 0.000053 0.000045 0.000038 0.000031 0.000025 0.000020 0.000015 0.000012 0.000009 0.000006 0.000005 0.000003 0.000002 0.000002 0.000001 0.000001 0.000000 0.000000 0.000000 0.000000 0.000000 0.000000 0.000000 0.000000 0.000000 0.000000 0.000000 0.000000 0.000000 0.000000 0.000000 0.000000 0.000000 0.000000 0.000000 0.000000 0.000000 0.000000 0.000000 0.000000 0.000000 0.000000 
0.000000 0.000000 0.000000 0.000000 0.000000 0.000000 0.000000 0.000000 0.000000 0.000000 0.000000 0.000000 0.000000 0.000000 0.000000 0.000000 0.000000 0.000000 0.000000 0.000000 0.000000 0.000000 0.000000 0.000000 0.000000 0.000001 0.000001 0.000001 0.000002 0.000003 0.000005 0.000007 0.000009 0.000013 0.000018 0.000024 0.000031 0.000040 0.000051 0.000063 0.000077 0.000092 0.000108 0.000125 0.000141 0.000157 0.000171 0.000182 0.000191 0.000197 0.000199 0.000197 0.000191 0.000182 0.000171 0.000157 0.000141 0.000125 0.000108 0.000092 0.000077 0.000063 0.000051 0.000040 0.000031 0.000024 0.000018 0.000013 0.000009 0.000007 0.000005 0.000003 0.000002 0.000001 0.000001 0.000001 0.000000 0.000000 0.000000 0.000000 0.000000 0.000000 0.000000 0.000000 0.000000 0.000000 0.000000 0.000000 0.000000 0.000000 0.000000 0.000000 0.000000 0.000000 0.000000 0.000000 0.000000 0.000000 0.000000 0.000000 
0.000000 0.000000 0.000000 0.000000 0.000000 0.000000 0.000000 0.000000 0.000000 0.000000 0.000000 0.000000 0.000000 0.000000 0.000000 0.000000 0.000000 0.000000 0.000000 0.000000 0.000000 0.000000 0.000000 0.000000 0.000001 0.000001 0.000002 0.000003 0.000004 0.000006 0.000009 0.000013 0.000019 0.000026 0.000036 0.000048 0.000062 0.000081 0.000102 0.000127 0.000154 0.000184 0.000217 0.000249 0.000282 0.000313 0.000341 0.000364 0.000382 0.000393 0.000396 0.000393 0.000382 0.000364 0.000341 0.000313 0.000282 0.000249 0.000217 0.000184 0.000154 0.000127 0.000102 0.000081 0.000062 0.000048 0.000036 0.000026 0.000019 0.000013 0.000009 0.000006 0.000004 0.000003 0.000002 0.000001 0.000001 0.000000 0.000000 0.000000 0.000000 0.000000 0.000000 0.000000 0.000000 0.000000 0.000000 0.000000 0.000000 0.000000 0.000000 0.000000 0.000000 0.000000 0.000000 0.000000 0.000000 0.000000 0.000000 0.000000 
0.000000 0.000000 0.000000 0.000000 0.000000 0.000000 0.000000 0.000000 0.000000 0.000000 0.000000 0.000000 0.000000 0.000000 0.000000 0.000000 0.000000 0.000000 0.000000 0.000000 0.000000 0.000000 0.000001 0.000001 0.000001 0.000002 0.000004 0.000005 0.000008 0.000012 0.000018 0.000026 0.000037 0.000051 0.000070 0.000094 0.000123 0.000159 0.000200 0.000249 0.000303 0.000362 0.000425 0.000490 0.000554 0.000614 0.000668 0.000714 0.000748 0.000770 0.000777 0.000770 0.000748 0.000714 0.000668 0.000614 0.000554 0.000490 0.000425 0.000362 0.000303 0.000249 0.000200 0.000159 0.000123 0.000094 0.000070 0.000051 0.000037 0.000026 0.000018 0.000012 0.000008 0.000005 0.000004 0.000002 0.000001 0.000001 0.000001 0.000000 0.000000 0.000000 0.000000 0.000000 0.000000 0.000000 0.000000 0.000000 0.000000 0.000000 0.000000 0.000000 0.000000 0.000000 0.000000 0.000000 0.000000 0.000000 0.000000 0.000000 
0.000000 0.000000 0.000000 0.000000 0.000000 0.000000 0.000000 0.000000 0.000000 0.000000 0.000000 0.000000 0.000000 0.000000 0.000000 0.000000 0.000000 0.000000 0.000000 0.000000 0.000000 0.000001 0.000001 0.000002 0.000003 0.000004 0.000007 0.000011 0.000016 0.000024 0.000035 0.000051 0.000072 0.000100 0.000136 0.000182 0.000238 0.000307 0.000388 0.000481 0.000586 0.000700 0.000822 0.000946 0.001069 0.001185 0.001290 0.001378 0.001444 0.001485 0.001499 0.001485 0.001444 0.001378 0.001290 0.001185 0.001069 0.000946 0.000822 0.000700 0.000586 0.000481 0.000388 0.000307 0.000238 0.000182 0.000136 0.000100 0.000072 0.000051 0.000035 0.000024 0.000016 0.000011 0.000007 0.000004 0.000003 0.000002 0.000001 0.000001 0.000000 0.000000 0.000000 0.000000 0.000000 0.000000 0.000000 0.000000 0.000000 0.000000 0.000000 0.000000 0.000000 0.000000 0.000000 0.000000 0.000000 0.000000 0.000000 0.000000 
0.000000 0.000000 0.000000 0.000000 0.000000 0.000000 0.000000 0.000000 0.000000 0.000000 0.000000 0.000000 0.000000 0.000000 0.000000 0.000000 0.000000 0.000000 0.000000 0.000000 0.000001 0.000001 0.000002 0.000003 0.000005 0.000008 0.000013 0.000020 0.000031 0.000046 0.000068 0.000097 0.000138 0.000191 0.000259 0.000346 0.000454 0.000584 0.000738 0.000915 0.001114 0.001331 0.001561 0.001796 0.002029 0.002250 0.002448 0.002614 0.002739 0.002818 0.002844 0.002818 0.002739 0.002614 0.002448 0.002250 0.002029 0.001796 0.001561 0.001331 0.001114 0.000915 0.000738 0.000584 0.000454 0.000346 0.000259 0.000191 0.000138 0.000097 0.000068 0.000046 0.000031 0.000020 0.000013 0.000008 0.000005 0.000003 0.000002 0.000001 0.000001 0.000000 0.000000 0.000000 0.000000 0.000000 0.000000 0.000000 0.000000 0.000000 0.000000 0.000000 0.000000 0.000000 0.000000 0.000000 0.000000 0.000000 0.000000 0.000000 
0.000000 0.000000 0.000000 0.000000 0.000000 0.000000 0.000000 0.000000 0.000000 0.000000 0.000000 0.000000 0.000000 0.000000 0.000000 0.000000 0.000000 0.000000 0.000000 0.000001 0.000001 0.000002 0.000004 0.000006 0.000010 0.000016 0.000025 0.000039 0.000059 0.000087 0.000127 0.000183 0.000258 0.000358 0.000486 0.000649 0.000850 0.001094 0.001381 0.001712 0.002083 0.002487 0.002916 0.003355 0.003789 0.004199 0.004568 0.004878 0.005111 0.005257 0.005306 0.005257 0.005111 0.004878 0.004568 0.004199 0.003789 0.003355 0.002916 0.002487 0.002083 0.001712 0.001381 0.001094 0.000850 0.000649 0.000486 0.000358 0.000258 0.000183 0.000127 0.000087 0.000059 0.000039 0.000025 0.000016 0.000010 0.000006 0.000004 0.000002 0.000001 0.000001 0.000000 0.000000 0.000000 0.000000 0.000000 0.000000 0.000000 0.000000 0.000000 0.000000 0.000000 0.000000 0.000000 0.000000 0.000000 0.000000 0.000000 0.000000 
0.000000 0.000000 0.000000 0.000000 0.000000 0.000000 0.000000 0.000000 0.000000 0.000000 0.000000 0.000000 0.000000 0.000000 0.000000 0.000000 0.000000 0.000000 0.000001 0.000001 0.000002 0.000004 0.000007 0.000011 0.000018 0.000029 0.000046 0.000071 0.000108 0.000161 0.000236 0.000338 0.000477 0.000660 0.000896 0.001196 0.001566 0.002013 0.002541 0.003148 0.003828 0.004571 0.005356 0.006161 0.006956 0.007708 0.008384 0.008950 0.009378 0.009645 0.009735 0.009645 0.009378 0.008950 0.008384 0.007708 0.006956 0.006161 0.005356 0.004571 0.003828 0.003148 0.002541 0.002013 0.001566 0.001196 0.000896 0.000660 0.000477 0.000338 0.000236 0.000161 0.000108 0.000071 0.000046 0.000029 0.000018 0.000011 0.000007 0.000004 0.000002 0.000001 0.000001 0.000000 0.000000 0.000000 0.000000 0.000000 0.000000 0.000000 0.000000 0.000000 0.000000 0.000000 0.000000 0.000000 0.000000 0.000000 0.000000 0.000000 
0.000000 0.000000 0.000000 0.000000 0.000000 0.000000 0.000000 0.000000 0.000000 0.000000 0.000000 0.000000 0.000000 0.000000 0.000000 0.000000 0.000000 0.000001 0.000001 0.000002 0.000004 0.000007 0.000012 0.000021 0.000034 0.000054 0.000084 0.000130 0.000197 0.000293 0.000428 0.000615 0.000865 0.001197 0.001625 0.002166 0.002835 0.003643 0.004596 0.005692 0.006920 0.008258 0.009674 0.011124 0.012556 0.013911 0.015129 0.016149 0.016920 0.017399 0.017562 0.017399 0.016920 0.016149 0.015129 0.013911 0.012556 0.011124 0.009674 0.008258 0.006920 0.005692 0.004596 0.003643 0.002835 0.002166 0.001625 0.001197 0.000865 0.000615 0.000428 0.000293 0.000197 0.000130 0.000084 0.000054 0.000034 0.000021 0.000012 0.000007 0.000004 0.000002 0.000001 0.000001 0.000000 0.000000 0.000000 0.000000 0.000000 0.000000 0.000000 0.000000 0.000000 0.000000 0.000000 0.000000 0.000000 0.000000 0.000000 0.000000 
0.000000 0.000000 0.000000 0.000000 0.000000 0.000000 0.000000 0.000000 0.000000 0.000000 0.000000 0.000000 0.000000 0.000000 0.000000 0.000000 0.000001 0.000001 0.000003 0.000004 0.000008 0.000013 0.000022 0.000037 0.000060 0.000097 0.000151 0.000233 0.000353 0.000525 0.000766 0.001097 0.001544 0.002134 0.002896 0.003859 0.005047 0.006483 0.008174 0.010118 0.012296 0.014669 0.017179 0.019749 0.022286 0.024687 0.026842 0.028649 0.030013 0.030863 0.031151 0.030863 0.030013 0.028649 0.026842 0.024687 0.022286 0.019749 0.017179 0.014669 0.012296 0.010118 0.008174 0.006483 0.005047 0.003859 0.002896 0.002134 0.001544 0.001097 0.000766 0.000525 0.000353 0.000233 0.000151 0.000097 0.000060 0.000037 0.000022 0.000013 0.000008 0.000004 0.000003 0.000001 0.000001 0.000000 0.000000 0.000000 0.000000 0.000000 0.000000 0.000000 0.000000 0.000000 0.000000 0.000000 0.000000 0.000000 0.000000 0.000000 
0.000000 0.000000 0.000000 0.000000 0.000000 0.000000 0.000000 0.000000 0.000000 0.000000 0.000000 0.000000 0.000000 0.000000 0.000000 0.000001 0.000001 0.000002 0.000004 0.000008 0.000014 0.000024 0.000040 0.000066 0.000107 0.000170 0.000267 0.000411 0.000621 0.000922 0.001345 0.001926 0.002709 0.003741 0.005074 0.006756 0.008833 0.011339 0.014292 0.017684 0.021482 0.025619 0.029993 0.034471 0.038890 0.043071 0.046824 0.049968 0.052343 0.053822 0.054325 0.053822 0.052343 0.049968 0.046824 0.043071 0.038890 0.034471 0.029993 0.025619 0.021482 0.017684 0.014292 0.011339 0.008833 0.006756 0.005074 0.003741 0.002709 0.001926 0.001345 0.000922 0.000621 0.000411 0.000267 0.000170 0.000107 0.000066 0.000040 0.000024 0.000014 0.000008 0.000004 0.000002 0.000001 0.000001 0.000000 0.000000 0.000000 0.000000 0.000000 0.000000 0.000000 0.000000 0.000000 0.000000 0.000000 0.000000 0.000000 0.000000 
0.000000 0.000000 0.000000 0.000000 0.000000 0.000000 0.000000 0.000000 0.000000 0.000000 0.000000 0.000000 0.000000 0.000000 0.000001 0.000001 0.000002 0.000004 0.000008 0.000014 0.000024 0.000041 0.000069 0.000114 0.000185 0.000295 0.000462 0.000711 0.001074 0.001593 0.002322 0.003323 0.004670 0.006446 0.008737 0.011629 0.015196 0.019498 0.024564 0.030383 0.036895 0.043985 0.051480 0.059150 0.066718 0.073876 0.080301 0.085683 0.089748 0.092278 0.093138 0.092278 0.089748 0.085683 0.080301 0.073876 0.066718 0.059150 0.051480 0.043985 0.036895 0.030383 0.024564 0.019498 0.015196 0.011629 0.008737 0.006446 0.004670 0.003323 0.002322 0.001593 0.001074 0.000711 0.000462 0.000295 0.000185 0.000114 0.000069 0.000041 0.000024 0.000014 0.000008 0.000004 0.000002 0.000001 0.000001 0.000000 0.000000 0.000000 0.000000 0.000000 0.000000 0.000000 0.000000 0.000000 0.000000 0.000000 0.000000 0.000000 
0.000000 0.000000 0.000000 0.000000 0.000000 0.000000 0.000000 0.000000 0.000000 0.000000 0.000000 0.000000 0.000000 0.000001 0.000001 0.000002 0.000004 0.000007 0.000013 0.000024 0.000041 0.000070 0.000118 0.000195 0.000316 0.000503 0.000786 0.001208 0.001824 0.002705 0.003939 0.005635 0.007915 0.010918 0.014790 0.019674 0.025697 0.032957 0.041502 0.051313 0.062290 0.074236 0.086861 0.099777 0.112519 0.124566 0.135379 0.144436 0.151275 0.155533 0.156979 0.155533 0.151275 0.144436 0.135379 0.124566 0.112519 0.099777 0.086861 0.074236 0.062290 0.051313 0.041502 0.032957 0.025697 0.019674 0.014790 0.010918 0.007915 0.005635 0.003939 0.002705 0.001824 0.001208 0.000786 0.000503 0.000316 0.000195 0.000118 0.000070 0.000041 0.000024 0.000013 0.000007 0.000004 0.000002 0.000001 0.000001 0.000000 0.000000 0.000000 0.000000 0.000000 0.000000 0.000000 0.000000 0.000000 0.000000 0.000000 0.000000 
0.000000 0.000000 0.000000 0.000000 0.000000 0.000000 0.000000 0.000000 0.000000 0.000000 0.000000 0.000000 0.000001 0.000001 0.000002 0.000004 0.000007 0.000012 0.000022 0.000040 0.000069 0.000118 0.000198 0.000326 0.000529 0.000841 0.001315 0.002019 0.003046 0.004514 0.006570 0.009391 0.013183 0.018175 0.024607 0.032716 0.042712 0.054756 0.068924 0.085185 0.103372 0.123160 0.144064 0.165445 0.186533 0.206469 0.224359 0.239341 0.250653 0.257696 0.260087 0.257696 0.250653 0.239341 0.224359 0.206469 0.186533 0.165445 0.144064 0.123160 0.103372 0.085185 0.068924 0.054756 0.042712 0.032716 0.024607 0.018175 0.013183 0.009391 0.006570 0.004514 0.003046 0.002019 0.001315 0.000841 0.000529 0.000326 0.000198 0.000118 0.000069 0.000040 0.000022 0.000012 0.000007 0.000004 0.000002 0.000001 0.000001 0.000000 0.000000 0.000000 0.000000 0.000000 0.000000 0.000000 0.000000 0.000000 0.000000 0.000000 
0.000000 0.000000 0.000000 0.000000 0.000000 0.000000 0.000000 0.000000 0.000000 0.000000 0.000000 0.000000 0.000001 0.000002 0.000003 0.000006 0.000011 0.000021 0.000037 0.000066 0.000114 0.000195 0.000326 0.000538 0.000870 0.001383 0.002161 0.003316 0.004999 0.007403 0.010767 0.015381 0.021579 0.029735 0.040237 0.053470 0.069777 0.089413 0.112505 0.138999 0.168618 0.200835 0.234861 0.269654 0.303962 0.336389 0.365484 0.389847 0.408240 0.419690 0.423578 0.419690 0.408240 0.389847 0.365484 0.336389 0.303962 0.269654 0.234861 0.200835 0.168618 0.138999 0.112505 0.089413 0.069777 0.053470 0.040237 0.029735 0.021579 0.015381 0.010767 0.007403 0.004999 0.003316 0.002161 0.001383 0.000870 0.000538 0.000326 0.000195 0.000114 0.000066 0.000037 0.000021 0.000011 0.000006 0.000003 0.000002 0.000001 0.000000 0.000000 0.000000 0.000000 0.000000 0.000000 0.000000 0.000000 0.000000 0.000000 0.000000 
0.000000 0.000000 0.000000 0.000000 0.000000 0.000000 0.000000 0.000000 0.000000 0.000000 0.000000 0.000001 0.000001 0.000003 0.000005 0.000010 0.000018 0.000034 0.000060 0.000107 0.000185 0.000316 0.000529 0.000870 0.001407 0.002235 0.003490 0.005351 0.008061 0.011929 0.017340 0.024756 0.034714 0.047808 0.064661 0.085888 0.112031 0.143499 0.180491 0.222916 0.270331 0.321889 0.376327 0.431978 0.486842 0.538689 0.585201 0.624143 0.653540 0.671841 0.678054 0.671841 0.653540 0.624143 0.585201 0.538689 0.486842 0.431978 0.376327 0.321889 0.270331 0.222916 0.180491 0.143499 0.112031 0.085888 0.064661 0.047808 0.034714 0.024756 0.017340 0.011929 0.008061 0.005351 0.003490 0.002235 0.001407 0.000870 0.000529 0.000316 0.000185 0.000107 0.000060 0.000034 0.000018 0.000010 0.000005 0.000003 0.000001 0.000001 0.000000 0.000000 0.000000 0.000000 0.000000 0.000000 0.000000 0.000000 0.000000 0.000000 
0.000000 0.000000 0.000000 0.000000 0.000000 0.000000 0.000000 0.000000 0.000000 0.000000 0.000001 0.000001 0.000002 0.000004 0.000008 0.000016 0.000029 0.000054 0.000097 0.000170 0.000295 0.000503 0.000841 0.001383 0.002235 0.003549 0.005536 0.008485 0.012773 0.018890 0.027441 0.039156 0.054876 0.075537 0.102117 0.135577 0.176770 0.226334 0.284575 0.351347 0.425948 0.507046 0.592648 0.680139 0.766376 0.847854 0.920939 0.982122 1.028304 1.057052 1.066813 1.057052 1.028304 0.982122 0.920939 0.847854 0.766376 0.680139 0.592648 0.507046 0.425948 0.351347 0.284575 0.226334 0.176770 0.135577 0.102117 0.075537 0.054876 0.039156 0.027441 0.018890 0.012773 0.008485 0.005536 0.003549 0.002235 0.001383 0.000841 0.000503 0.000295 0.000170 0.000097 0.000054 0.000029 0.000016 0.000008 0.000004 0.000002 0.000001 0.000001 0.000000 0.000000 0.000000 0.000000 0.000000 0.000000 0.000000 0.000000 0.000000 
0.000000 0.000000 0.000000 0.000000 0.000000 0.000000 0.000000 0.000000 0.000000 0.000000 0.000001 0.000002 0.000004 0.000007 0.000013 0.000025 0.000046 0.000084 0.000151 0.000267 0.000462 0.000786 0.001315 0.002161 0.003490 0.005536 0.008630 0.013217 0.019886 0.029391 0.042672 0.060855 0.085243 0.117279 0.158474 0.210309 0.274097 0.350817 0.440935 0.544219 0.659577 0.784945 0.917245 1.052432 1.185654 1.311505 1.424375 1.518854 1.590162 1.634548 1.649618 1.634548 1.590162 1.518854 1.424375 1.311505 1.185654 1.052432 0.917245 0.784945 0.659577 0.544219 0.440935 0.350817 0.274097 0.210309 0.158474 0.117279 0.085243 0.060855 0.042672 0.029391 0.019886 0.013217 0.008630 0.005536 0.003490 0.002161 0.001315 0.000786 0.000462 0.000267 0.000151 0.000084 0.000046 0.000025 0.000013 0.000007 0.000004 0.000002 0.000001 0.000000 0.000000 0.000000 0.000000 0.000000 0.000000 0.000000 0.000000 0.000000 
0.000000 0.000000 0.000000 0.000000 0.000000 0.000000 0.000000 0.000000 0.000000 0.000001 0.000001 0.000003 0.000005 0.000011 0.000020 0.000039 0.000071 0.000130 0.000233 0.000411 0.000711 0.001208 0.002019 0.003316 0.005351 0.008485 0.013217 0.020229 0.030418 0.044931 0.065197 0.092930 0.130109 0.178922 0.241662 0.320573 0.417640 0.534343 0.671379 0.828384 1.003692 1.194160 1.395109 1.600400 1.802669 1.993715 2.165032 2.308419 2.416632 2.483986 2.506853 2.483986 2.416632 2.308419 2.165032 1.993715 1.802669 1.600400 1.395109 1.194160 1.003692 0.828384 0.671379 0.534343 0.417640 0.320573 0.241662 0.178922 0.130109 0.092930 0.065197 0.044931 0.030418 0.020229 0.013217 0.008485 0.005351 0.003316 0.002019 0.001208 0.000711 0.000411 0.000233 0.000130 0.000071 0.000039 0.000020 0.000011 0.000005 0.000003 0.000001 0.000001 0.000000 0.000000 0.000000 0.000000 0.000000 0.000000 0.000000 0.000000 
0.000000 0.000000 0.000000 0.000000 0.000000 0.000000 0.000000 0.000000 0.000000 0.000001 0.000002 0.000004 0.000008 0.000016 0.000031 0.000059 0.000108 0.000197 0.000353 0.000621 0.001074 0.001824 0.003046 0.004999 0.008061 0.012773 0.019886 0.030418 0.045710 0.067483 0.097871 0.139432 0.195121 0.268204 0.362097 0.480142 0.625291 0.799740 1.004513 1.239054 1.500860 1.785234 2.085187 2.391557 2.693361 2.978377 3.233925 3.447790 3.609178 3.709624 3.743725 3.709624 3.609178 3.447790 3.233925 2.978377 2.693361 2.391557 2.085187 1.785234 1.500860 1.239054 1.004513 0.799740 0.625291 0.480142 0.362097 0.268204 0.195121 0.139432 0.097871 0.067483 0.045710 0.030418 0.019886 0.012773 0.008061 0.004999 0.003046 0.001824 0.001074 0.000621 0.000353 0.000197 0.000108 0.000059 0.000031 0.000016 0.000008 0.000004 0.000002 0.000001 0.000000 0.000000 0.000000 0.000000 0.000000 0.000000 0.000000 0.000000 
0.000000 0.000000 0.000000 0.000000 0.000000 0.000000 0.000000 0.000000 0.000001 0.000002 0.000003 0.000006 0.000012 0.000024 0.000046 0.000087 0.000161 0.000293 0.000525 0.000922 0.001593 0.002705 0.004514 0.007403 0.011929 0.018890 0.029391 0.044931 0.067483 0.099575 0.144340 0.205536 0.287497 0.395008 0.533077 0.706590 0.919866 1.176104 1.476788 1.821078 2.205288 2.622513 3.062497 3.511806 3.954341 4.372196 4.746803 5.060275 5.296813 5.444024 5.494000 5.444024 5.296813 5.060275 4.746803 4.372196 3.954341 3.511806 3.062497 2.622513 2.205288 1.821078 1.476788 1.176104 0.919866 0.706590 0.533077 0.395008 0.287497 0.205536 0.144340 0.099575 0.067483 0.044931 0.029391 0.018890 0.011929 0.007403 0.004514 0.002705 0.001593 0.000922 0.000525 0.000293 0.000161 0.000087 0.000046 0.000024 0.000012 0.000006 0.000003 0.000002 0.000001 0.000000 0.000000 0.000000 0.000000 0.000000 0.000000 0.000000 
0.000000 0.000000 0.000000 0.000000 0.000000 0.000000 0.000000 0.000001 0.000001 0.000002 0.000005 0.000009 0.000018 0.000035 0.000068 0.000127 0.000236 0.000428 0.000766 0.001345 0.002322 0.003939 0.006570 0.010767 0.017340 0.027441 0.042672 0.065197 0.097871 0.144340 0.209130 0.297658 0.416172 0.571567 0.771048 1.021646 1.329562 1.699383 2.133217 2.629828 3.183875 3.785389 4.419579 5.067086 5.704726 6.306720 6.846343 7.297859 7.638536 7.850548 7.922522 7.850548 7.638536 7.297859 6.846343 6.306720 5.704726 5.067086 4.419579 3.785389 3.183875 2.629828 2.133217 1.699383 1.329562 1.021646 0.771048 0.571567 0.416172 0.297658 0.209130 0.144340 0.097871 0.065197 0.042672 0.027441 0.017340 0.010767 0.006570 0.003939 0.002322 0.001345 0.000766 0.000428 0.000236 0.000127 0.000068 0.000035 0.000018 0.000009 0.000005 0.000002 0.000001 0.000001 0.000000 0.000000 0.000000 0.000000 0.000000 0.000000 
0.000000 0.000000 0.000000 0.000000 0.000000 0.000000 0.000000 0.000001 0.000002 0.000003 0.000007 0.000013 0.000026 0.000051 0.000097 0.000183 0.000338 0.000615 0.001097 0.001926 0.003323 0.005635 0.009391 0.015381 0.024756 0.039156 0.060855 0.092930 0.139432 0.205536 0.297658 0.423476 0.591841 0.812510 1.095676 1.451275 1.888061 2.412497 3.027528 3.731365 4.516411 5.368522 6.266740 7.183654 8.086452 8.938665 9.702498 10.341556 10.823705 11.123745 11.225600 11.123745 10.823705 10.341556 9.702498 8.938665 8.086452 7.183654 6.266740 5.368522 4.516411 3.731365 3.027528 2.412497 1.888061 1.451275 1.095676 0.812510 0.591841 0.423476 0.297658 0.205536 0.139432 0.092930 0.060855 0.039156 0.024756 0.015381 0.009391 0.005635 0.003323 0.001926 0.001097 0.000615 0.000338 0.000183 0.000097 0.000051 0.000026 0.000013 0.000007 0.000003 0.000002 0.000001 0.000000 0.000000 0.000000 0.000000 0.000000 0.000000 
0.000000 0.000000 0.000000 0.000000 0.000000 0.000000 0.000000 0.000001 0.000002 0.000005 0.000009 0.000019 0.000037 0.000072 0.000138 0.000258 0.000477 0.000865 0.001544 0.002709 0.004670 0.007915 0.013183 0.021579 0.034714 0.054876 0.085243 0.130109 0.195121 0.287497 0.416172 0.591841 0.826819 1.134677 1.529582 2.025334 2.634078 3.364758 4.221425 5.201535 6.294475 7.480528 8.730517 10.006304 11.262261 12.447694 13.510074 14.398835 15.069333 15.486565 15.628201 15.486565 15.069333 14.398835 13.510074 12.447694 11.262261 10.006304 8.730517 7.480528 6.294475 5.201535 4.221425 3.364758 2.634078 2.025334 1.529582 1.134677 0.826819 0.591841 0.416172 0.287497 0.195121 0.130109 0.085243 0.054876 0.034714 0.021579 0.013183 0.007915 0.004670 0.002709 0.001544 0.000865 0.000477 0.000258 0.000138 0.000072 0.000037 0.000019 0.000009 0.000005 0.000002 0.000001 0.000000 0.000000 0.000000 0.000000 0.000000 0.000000 
0.000000 0.000000 0.000000 0.000000 0.000000 0.000000 0.000001 0.000001 0.000003 0.000006 0.000013 0.000026 0.000051 0.000100 0.000191 0.000358 0.000660 0.001197 0.002134 0.003741 0.006446 0.010918 0.018175 0.029735 0.047808 0.075537 0.117279 0.178922 0.268204 0.395008 0.571567 0.812510 1.134677 1.556612 2.097666 2.776669 3.610177 4.610362 5.782693 7.123629 8.618600 10.240606 11.949734 13.693855 15.410622 17.030791 18.482634 19.697110 20.613278 21.183360 21.376878 21.183360 20.613278 19.697110 18.482634 17.030791 15.410622 13.693855 11.949734 10.240606 8.618600 7.123629 5.782693 4.610362 3.610177 2.776669 2.097666 1.556612 1.134677 0.812510 0.571567 0.395008 0.268204 0.178922 0.117279 0.075537 0.047808 0.029735 0.018175 0.010918 0.006446 0.003741 0.002134 0.001197 0.000660 0.000358 0.000191 0.000100 0.000051 0.000026 0.000013 0.000006 0.000003 0.000001 0.000001 0.000000 0.000000 0.000000 0.000000 0.000000 
0.000000 0.000000 0.000000 0.000000 0.000000 0.000000 0.000001 0.000002 0.000004 0.000009 0.000018 0.000036 0.000070 0.000136 0.000259 0.000486 0.000896 0.001625 0.002896 0.005074 0.008737 0.014790 0.024607 0.040237 0.064661 0.102117 0.158474 0.241662 0.362097 0.533077 0.771048 1.095676 1.529582 2.097666 2.825893 3.739514 4.860704 6.205741 7.781886 9.584299 11.593335 13.772671 16.068671 18.411317 20.716915 22.892532 24.841927 26.472484 27.702461 28.467781 28.727570 28.467781 27.702461 26.472484 24.841927 22.892532 20.716915 18.411317 16.068671 13.772671 11.593335 9.584299 7.781886 6.205741 4.860704 3.739514 2.825893 2.097666 1.529582 1.095676 0.771048 0.533077 0.362097 0.241662 0.158474 0.102117 0.064661 0.040237 0.024607 0.014790 0.008737 0.005074 0.002896 0.001625 0.000896 0.000486 0.000259 0.000136 0.000070 0.000036 0.000018 0.000009 0.000004 0.000002 0.000001 0.000000 0.000000 0.000000 0.000000 0.000000 
0.000000 0.000000 0.000000 0.000000 0.000000 0.000001 0.000001 0.000003 0.000006 0.000012 0.000024 0.000048 0.000094 0.000182 0.000346 0.000649 0.001196 0.002166 0.003859 0.006756 0.011629 0.019674 0.032716 0.053470 0.085888 0.135577 0.210309 0.320573 0.480142 0.706590 1.021646 1.451275 2.025334 2.776669 3.739514 4.947134 6.428722 8.205663 10.287438 12.667555 15.319995 18.196757 21.227026 24.318414 27.360529 30.230829 32.802442 34.953293 36.575656 37.585090 37.927737 37.585090 36.575656 34.953293 32.802442 30.230829 27.360529 24.318414 21.227026 18.196757 15.319995 12.667555 10.287438 8.205663 6.428722 4.947134 3.739514 2.776669 2.025334 1.451275 1.021646 0.706590 0.480142 0.320573 0.210309 0.135577 0.085888 0.053470 0.032716 0.019674 0.011629 0.006756 0.003859 0.002166 0.001196 0.000649 0.000346 0.000182 0.000094 0.000048 0.000024 0.000012 0.000006 0.000003 0.000001 0.000001 0.000000 0.000000 0.000000 0.000000 
0.000000 0.000000 0.000000 0.000000 0.000000 0.000001 0.000002 0.000004 0.000007 0.000015 0.000031 0.000062 0.000123 0.000238 0.000454 0.000850 0.001566 0.002835 0.005047 0.008833 0.015196 0.025697 0.042712 0.069777 0.112031 0.176770 0.274097 0.417640 0.625291 0.919866 1.329562 1.888061 2.634078 3.610177 4.860704 6.428722 8.351985 10.658105 13.359251 16.446877 19.887139 23.617723 27.546777 31.554537 35.497952 39.218271 42.551167 45.338554 47.440941 48.749003 49.193009 48.749003 47.440941 45.338554 42.551167 39.218271 35.497952 31.554537 27.546777 23.617723 19.887139 16.446877 13.359251 10.658105 8.351985 6.428722 4.860704 3.610177 2.634078 1.888061 1.329562 0.919866 0.625291 0.417640 0.274097 0.176770 0.112031 0.069777 0.042712 0.025697 0.015196 0.008833 0.005047 0.002835 0.001566 0.000850 0.000454 0.000238 0.000123 0.000062 0.000031 0.000015 0.000007 0.000004 0.000002 0.000001 0.000000 0.000000 0.000000 0.000000 
0.000000 0.000000 0.000000 0.000000 0.000000 0.000001 0.000002 0.000005 0.000010 0.000020 0.000040 0.000081 0.000159 0.000307 0.000584 0.001094 0.002013 0.003643 0.006483 0.011339 0.019498 0.032957 0.054756 0.089413 0.143499 0.226334 0.350817 0.534343 0.799740 1.176104 1.699383 2.412497 3.364758 4.610362 6.205741 8.205663 10.658105 13.598103 17.041005 20.975776 25.359180 30.111749 35.116451 40.220765 45.242574 49.979831 54.223430 57.772237 60.448800 62.114049 62.679290 62.114049 60.448800 57.772237 54.223430 49.979831 45.242574 40.220765 35.116451 30.111749 25.359180 20.975776 17.041005 13.598103 10.658105 8.205663 6.205741 4.610362 3.364758 2.412497 1.699383 1.176104 0.799740 0.534343 0.350817 0.226334 0.143499 0.089413 0.054756 0.032957 0.019498 0.011339 0.006483 0.003643 0.002013 0.001094 0.000584 0.000307 0.000159 0.000081 0.000040 0.000020 0.000010 0.000005 0.000002 0.000001 0.000000 0.000000 0.000000 0.000000 
0.000000 0.000000 0.000000 0.000000 0.000001 0.000001 0.000003 0.000006 0.000012 0.000025 0.000051 0.000102 0.000200 0.000388 0.000738 0.001381 0.002541 0.004596 0.008174 0.014292 0.024564 0.041502 0.068924 0.112505 0.180491 0.284575 0.440935 0.671379 1.004513 1.476788 2.133217 3.027528 4.221425 5.782693 7.781886 10.287438 13.359251 17.041005 21.351730 26.277447 31.763904 37.711559 43.973927 50.360195 56.642596 62.568496 67.876486 72.315155 75.662718 77.745375 78.452288 77.745375 75.662718 72.315155 67.876486 62.568496 56.642596 50.360195 43.973927 37.711559 31.763904 26.277447 21.351730 17.041005 13.359251 10.287438 7.781886 5.782693 4.221425 3.027528 2.133217 1.476788 1.004513 0.671379 0.440935 0.284575 0.180491 0.112505 0.068924 0.041502 0.024564 0.014292 0.008174 0.004596 0.002541 0.001381 0.000738 0.000388 0.000200 0.000102 0.000051 0.000025 0.000012 0.000006 0.000003 0.000001 0.000001 0.000000 0.000000 0.000000 
0.000000 0.000000 0.000000 0.000000 0.000001 0.000002 0.000003 0.000007 0.000015 0.000031 0.000063 0.000127 0.000249 0.000481 0.000915 0.001712 0.003148 0.005692 0.010118 0.017684 0.030383 0.051313 0.085185 0.138999 0.222916 0.351347 0.544219 0.828384 1.239054 1.821078 2.629828 3.731365 5.201535 7.123629 9.584299 12.667555 16.446877 20.975776 26.277447 32.334512 39.080114 46.391780 54.089405 61.938483 69.659177 76.941167 83.463404 88.917163 93.030123 95.588896 96.457405 95.588896 93.030123 88.917163 83.463404 76.941167 69.659177 61.938483 54.089405 46.391780 39.080114 32.334512 26.277447 20.975776 16.446877 12.667555 9.584299 7.123629 5.201535 3.731365 2.629828 1.821078 1.239054 0.828384 0.544219 0.351347 0.222916 0.138999 0.085185 0.051313 0.030383 0.017684 0.010118 0.005692 0.003148 0.001712 0.000915 0.000481 0.000249 0.000127 0.000063 0.000031 0.000015 0.000007 0.000003 0.000002 0.000001 0.000000 0.000000 0.000000 
0.000000 0.000000 0.000000 0.000000 0.000001 0.000002 0.000004 0.000009 0.000018 0.000038 0.000077 0.000154 0.000303 0.000586 0.001114 0.002083 0.003828 0.006920 0.012296 0.021482 0.036895 0.062290 0.103372 0.168618 0.270331 0.425948 0.659577 1.003692 1.500860 2.205288 3.183875 4.516411 6.294475 8.618600 11.593335 15.319995 19.887139 25.359180 31.763904 39.080114 47.226899 56.056247 65.350644 74.826981 84.147518 92.937796 100.810475 107.393121 112.357249 115.445480 116.493687 115.445480 112.357249 107.393121 100.810475 92.937796 84.147518 74.826981 65.350644 56.056247 47.226899 39.080114 31.763904 25.359180 19.887139 15.319995 11.593335 8.618600 6.294475 4.516411 3.183875 2.205288 1.500860 1.003692 0.659577 0.425948 0.270331 0.168618 0.103372 0.062290 0.036895 0.021482 0.012296 0.006920 0.003828 0.002083 0.001114 0.000586 0.000303 0.000154 0.000077 0.000038 0.000018 0.000009 0.000004 0.000002 0.000001 0.000000 0.000000 0.000000 
0.000000 0.000000 0.000000 0.000000 0.000001 0.000002 0.000005 0.000010 0.000022 0.000045 0.000092 0.000184 0.000362 0.000700 0.001331 0.002487 0.004571 0.008258 0.014669 0.025619 0.043985 0.074236 0.123160 0.200835 0.321889 0.507046 0.784945 1.194160 1.785234 2.622513 3.785389 5.368522 7.480528 10.240606 13.772671 18.196757 23.617723 30.111749 37.711559 46.391780 56.056247 66.529274 77.552821 88.791160 99.843870 110.267082 119.601716 127.406411 133.291920 136.953268 138.195988 136.953268 133.291920 127.406411 119.601716 110.267082 99.843870 88.791160 77.552821 66.529274 56.056247 46.391780 37.711559 30.111749 23.617723 18.196757 13.772671 10.240606 7.480528 5.368522 3.785389 2.622513 1.785234 1.194160 0.784945 0.507046 0.321889 0.200835 0.123160 0.074236 0.043985 0.025619 0.014669 0.008258 0.004571 0.002487 0.001331 0.000700 0.000362 0.000184 0.000092 0.000045 0.000022 0.000010 0.000005 0.000002 0.000001 0.000000 0.000000 0.000000 
0.000000 0.000000 0.000000 0.000001 0.000001 0.000003 0.000006 0.000012 0.000026 0.000053 0.000108 0.000217 0.000425 0.000822 0.001561 0.002916 0.005356 0.009674 0.017179 0.029993 0.051480 0.086861 0.144064 0.234861 0.376327 0.592648 0.917245 1.395109 2.085187 3.062497 4.419579 6.266740 8.730517 11.949734 16.068671 21.227026 27.546777 35.116451 43.973927 54.089405 65.350644 77.552821 90.395265 103.486901 116.361401 128.501919 139.373966 148.463732 155.318106 159.582096 161.029348 159.582096 155.318106 148.463732 139.373966 128.501919 116.361401 103.486901 90.395265 77.552821 65.350644 54.089405 43.973927 35.116451 27.546777 21.227026 16.068671 11.949734 8.730517 6.266740 4.419579 3.062497 2.085187 1.395109 0.917245 0.592648 0.376327 0.234861 0.144064 0.086861 0.051480 0.029993 0.017179 0.009674 0.005356 0.002916 0.001561 0.000822 0.000425 0.000217 0.000108 0.000053 0.000026 0.000012 0.000006 0.000003 0.000001 0.000001 0.000000 0.000000 
