0.000000 0.000000 0.000000 0.000000 0.000000 0.000000 0.000000 0.000000 0.000000 0.000000 0.000000 0.000000 0.000000 0.000000 0.000000 0.000000 0.000000 0.000000 0.000000 0.000000 0.000000 0.000000 0.000000 0.000000 0.000000 0.000000 0.000000 0.000000 0.000000 0.000000 0.000000 0.000000 0.000000 0.000000 0.000000 0.000000 0.000000 0.000000 0.000000 0.000000 0.000000 0.000000 0.000000 0.000000 0.000000 0.000000 0.000000 0.000000 0.000000 0.000000 0.000000 0.000000 0.000000 0.000000 0.000000 0.000000 0.000000 0.000000 0.000000 0.000000 0.000000 0.000000 0.000000 0.000000 0.000000 0.000000 0.000000 0.000000 0.000000 0.000000 0.000000 0.000000 0.000000 0.000000 0.000000 0.000000 0.000000 0.000000 0.000000 0.000000 0.000000 0.000000 0.000000 0.000000 0.000000 0.000000 0.000000 0.000000 0.000000 0.000000 0.000000 0.000000 0.000000 0.000000 0.000000 0.000000 0.000000 0.000000 0.000000 0.000000 
0.000000 0.000000 0.000000 0.000000 0.000000 0.000000 0.000000 0.000000 0.000000 0.000000 0.000000 0.000000 0.000000 0.000000 0.000000 0.000000 0.000000 0.000000 0.000000 0.000000 0.000000 0.000000 0.000000 0.000000 0.000000 0.000000 0.000000 0.000000 0.000000 0.000000 0.000000 0.000000 0.000001 0.000001 0.000001 0.000001 0.000002 0.000002 0.000002 0.000003 0.000003 0.000004 0.000004 0.000005 0.000005 0.000006 0.000006 0.000007 0.000007 0.000007 0.000007 0.000007 0.000007 0.000007 0.000006 0.000006 0.000005 0.000005 0.000004 0.000004 0.000003 0.000003 0.000002 0.000002 0.000002 0.000001 0.000001 0.000001 0.000001 0.000000 0.000000 0.000000 0.000000 0.000000 0.000000 0.000000 0.000000 0.000000 0.000000 0.000000 0.000000 0.000000 0.000000 0.000000 0.000000 0.000000 0.000000 0.000000 0.000000 0.000000 0.000000 0.000000 0.000000 0.000000 0.000000 0.000000 0.000000 0.000000 0.000000 0.000000 
0.000000 0.000000 0.000000 0.000000 0.000000 0.000000 0.000000 0.000000 0.000000 0.000000 0.000000 0.000000 0.000000 0.000000 0.000000 0.000000 0.000000 0.000000 0.000000 0.000000 0.000000 0.000000 0.000000 0.000000 0.000000 0.000000 0.000000 0.000000 0.000000 0.000001 0.000001 0.000001 0.000002 0.000002 0.000003 0.000003 0.000004 0.000005 0.000006 0.000007 0.000008 0.000009 0.000011 0.000012 0.000013 0.000014 0.000015 0.000016 0.000017 0.000017 0.000017 0.000017 0.000017 0.000016 0.000015 0.000014 0.000013 0.000012 0.000011 0.000009 0.000008 0.000007 0.000006 0.000005 0.000004 0.000003 0.000003 0.000002 0.000002 0.000001 0.000001 0.000001 0.000000 0.000000 0.000000 0.000000 0.000000 0.000000 0.000000 0.000000 0.000000 0.000000 0.000000 0.000000 0.000000 0.000000 0.000000 0.000000 0.000000 0.000000 0.000000 0.000000 0.000000 0.000000 0.000000 0.000000 0.000000 0.000000 0.000000 0.000000 
0.000000 0.000000 0.000000 0.000000 0.000000 0.000000 0.000000 0.000000 0.000000 0.000000 0.000000 0.000000 0.000000 0.000000 0.000000 0.000000 0.000000 0.000000 0.000000 0.000000 0.000000 0.000000 0.000000 0.000000 0.000000 0.000000 0.000000 0.000001 0.000001 0.000001 0.000002 0.000002 0.000003 0.000004 0.000005 0.000007 0.000008 0.000010 0.000012 0.000014 0.000017 0.000019 0.000022 0.000025 0.000027 0.000029 0.000031 0.000033 0.000034 0.000035 0.000035 0.000035 0.000034 0.000033 0.000031 0.000029 0.000027 0.000025 0.000022 0.000019 0.000017 0.000014 0.000012 0.000010 0.000008 0.000007 0.000005 0.000004 0.000003 0.000002 0.000002 0.000001 0.000001 0.000001 0.000000 0.000000 0.000000 0.000000 0.000000 0.000000 0.000000 0.000000 0.000000 0.000000 0.000000 0.000000 0.000000 0.000000 0.000000 0.000000 0.000000 0.000000 0.000000 0.000000 0.000000 0.000000 0.000000 0.000000 0.000000 0.000000 
0.000000 0.000000 0.000000 0.000000 0.000000 0.000000 0.000000 0.000000 0.000000 0.000000 0.000000 0.000000 0.000000 0.000000 0.000000 0.000000 0.000000 0.000000 0.000000 0.000000 0.000000 0.000000 0.000000 0.000000 0.000000 0.000001 0.000001 0.000001 0.000002 0.000003 0.000003 0.000005 0.000006 0.000008 0.000010 0.000013 0.000016 0.000019 0.000023 0.000028 0.000032 0.000037 0.000043 0.000048 0.000053 0.000057 0.000061 0.000064 0.000067 0.000068 0.000069 0.000068 0.000067 0.000064 0.000061 0.000057 0.000053 0.000048 0.000043 0.000037 0.000032 0.000028 0.000023 0.000019 0.000016 0.000013 0.000010 0.000008 0.000006 0.000005 0.000003 0.000003 0.000002 0.000001 0.000001 0.000001 0.000000 0.000000 0.000000 0.000000 0.000000 0.000000 0.000000 0.000000 0.000000 0.000000 0.000000 0.000000 0.000000 0.000000 0.000000 0.000000 0.000000 0.000000 0.000000 0.000000 0.000000 0.000000 0.000000 0.000000 
0.000000 0.000000 0.000000 0.000000 0.000000 0.000000 0.000000 0.000000 0.000000 0.000000 0.000000 0.000000 0.000000 0.000000 0.000000 0.000000 0.000000 0.000000 0.000000 0.000000 0.000000 0.000000 0.000000 0.000001 0.000001 0.000001 0.000002 0.000003 0.000004 0.000005 0.000007 0.000009 0.000012 0.000015 0.000019 0.000024 0.000030 0.000037 0.000044 0.000053 0.000062 0.000071 0.000081 0.000090 0.000100 0.000108 0.000116 0.000122 0.000127 0.000130 0.000131 0.000130 0.000127 0.000122 0.000116 0.000108 0.000100 0.000090 0.000081 0.000071 0.000062 0.000053 0.000044 0.000037 0.000030 0.000024 0.000019 0.000015 0.000012 0.000009 0.000007 0.000005 0.000004 0.000003 0.000002 0.000001 0.000001 0.000001 0.000000 0.000000 0.000000 0.000000 0.000000 0.000000 0.000000 0.000000 0.000000 0.000000 0.000000 0.000000 0.000000 0.000000 0.000000 0.000000 0.000000 0.000000 0.000000 0.000000 0.000000 0.000000 
0.000000 0.000000 0.000000 0.000000 0.000000 0.000000 0.000000 0.000000 0.000000 0.000000 0.000000 0.000000 0.000000 0.000000 0.000000 0.000000 0.000000 0.000000 0.000000 0.000000 0.000000 0.000000 0.000001 0.000001 0.000002 0.000002 0.000003 0.000005 0.000007 0.000009 0.000012 0.000017 0.000022 0.000028 0.000036 0.000045 0.000056 0.000069 0.000083 0.000099 0.000115 0.000133 0.000151 0.000169 0.000186 0.000202 0.000216 0.000228 0.000237 0.000242 0.000244 0.000242 0.000237 0.000228 0.000216 0.000202 0.000186 0.000169 0.000151 0.000133 0.000115 0.000099 0.000083 0.000069 0.000056 0.000045 0.000036 0.000028 0.000022 0.000017 0.000012 0.000009 0.000007 0.000005 0.000003 0.000002 0.000002 0.000001 0.000001 0.000000 0.000000 0.000000 0.000000 0.000000 0.000000 0.000000 0.000000 0.000000 0.000000 0.000000 0.000000 0.000000 0.000000 0.000000 0.000000 0.000000 0.000000 0.000000 0.000000 0.000000 
0.000000 0.000000 0.000000 0.000000 0.000000 0.000000 0.000000 0.000000 0.000000 0.000000 0.000000 0.000000 0.000000 0.000000 0.000000 0.000000 0.000000 0.000000 0.000000 0.000000 0.000001 0.000001 0.000001 0.000002 0.000003 0.000004 0.000006 0.000009 0.000012 0.000017 0.000023 0.000031 0.000040 0.000052 0.000067 0.000084 0.000104 0.000127 0.000153 0.000182 0.000213 0.000245 0.000279 0.000312 0.000343 0.000373 0.000399 0.000420 0.000436 0.000446 0.000449 0.000446 0.000436 0.000420 0.000399 0.000373 0.000343 0.000312 0.000279 0.000245 0.000213 0.000182 0.000153 0.000127 0.000104 0.000084 0.000067 0.000052 0.000040 0.000031 0.000023 0.000017 0.000012 0.000009 0.000006 0.000004 0.000003 0.000002 0.000001 0.000001 0.000001 0.000000 0.000000 0.000000 0.000000 0.000000 0.000000 0.000000 0.000000 0.000000 0.000000 0.000000 0.000000 0.000000 0.000000 0.000000 0.000000 0.000000 0.000000 0.000000 
0.000000 0.000000 0.000000 0.000000 0.000000 0.000000 0.000000 0.000000 0.000000 0.000000 0.000000 0.000000 0.000000 0.000000 0.000000 0.000000 0.000000 0.000000 0.000000 0.000001 0.000001 0.000002 0.000002 0.000004 0.000005 0.000008 0.000011 0.000016 0.000022 0.000031 0.000042 0.000056 0.000073 0.000095 0.000122 0.000153 0.000190 0.000232 0.000279 0.000332 0.000388 0.000447 0.000507 0.000567 0.000624 0.000678 0.000725 0.000764 0.000793 0.000811 0.000817 0.000811 0.000793 0.000764 0.000725 0.000678 0.000624 0.000567 0.000507 0.000447 0.000388 0.000332 0.000279 0.000232 0.000190 0.000153 0.000122 0.000095 0.000073 0.000056 0.000042 0.000031 0.000022 0.000016 0.000011 0.000008 0.000005 0.000004 0.000002 0.000002 0.000001 0.000001 0.000000 0.000000 0.000000 0.000000 0.000000 0.000000 0.000000 0.000000 0.000000 0.000000 0.000000 0.000000 0.000000 0.000000 0.000000 0.000000 0.000000 0.000000 
0.000000 0.000000 0.000000 0.000000 0.000000 0.000000 0.000000 0.000000 0.000000 0.000000 0.000000 0.000000 0.000000 0.000000 0.000000 0.000000 0.000000 0.000000 0.000001 0.000001 0.000002 0.000003 0.000004 0.000007 0.000010 0.000014 0.000020 0.000029 0.000040 0.000056 0.000075 0.000100 0.000132 0.000171 0.000219 0.000275 0.000341 0.000417 0.000502 0.000596 0.000696 0.000802 0.000910 0.001017 0.001120 0.001216 0.001300 0.001370 0.001421 0.001454 0.001464 0.001454 0.001421 0.001370 0.001300 0.001216 0.001120 0.001017 0.000910 0.000802 0.000696 0.000596 0.000502 0.000417 0.000341 0.000275 0.000219 0.000171 0.000132 0.000100 0.000075 0.000056 0.000040 0.000029 0.000020 0.000014 0.000010 0.000007 0.000004 0.000003 0.000002 0.000001 0.000001 0.000000 0.000000 0.000000 0.000000 0.000000 0.000000 0.000000 0.000000 0.000000 0.000000 0.000000 0.000000 0.000000 0.000000 0.000000 0.000000 0.000000 
0.000000 0.000000 0.000000 0.000000 0.000000 0.000000 0.000000 0.000000 0.000000 0.000000 0.000000 0.000000 0.000000 0.000000 0.000000 0.000000 0.000001 0.000001 0.000001 0.000002 0.000003 0.000005 0.000008 0.000012 0.000017 0.000025 0.000036 0.000052 0.000072 0.000099 0.000134 0.000178 0.000235 0.000304 0.000388 0.000488 0.000605 0.000739 0.000890 0.001055 0.001233 0.001420 0.001611 0.001800 0.001983 0.002152 0.002300 0.002423 0.002515 0.002572 0.002591 0.002572 0.002515 0.002423 0.002300 0.002152 0.001983 0.001800 0.001611 0.001420 0.001233 0.001055 0.000890 0.000739 0.000605 0.000488 0.000388 0.000304 0.000235 0.000178 0.000134 0.000099 0.000072 0.000052 0.000036 0.000025 0.000017 0.000012 0.000008 0.000005 0.000003 0.000002 0.000001 0.000001 0.000001 0.000000 0.000000 0.000000 0.000000 0.000000 0.000000 0.000000 0.000000 0.000000 0.000000 0.000000 0.000000 0.000000 0.000000 0.000000 
0.000000 0.000000 0.000000 0.000000 0.000000 0.000000 0.000000 0.000000 0.000000 0.000000 0.000000 0.000000 0.000000 0.000000 0.000000 0.000001 0.000001 0.000001 0.000002 0.000004 0.000006 0.000009 0.000014 0.000021 0.000031 0.000045 0.000064 0.000091 0.000126 0.000173 0.000235 0.000313 0.000411 0.000532 0.000679 0.000854 0.001058 0.001293 0.001555 0.001844 0.002154 0.002480 0.002813 0.003144 0.003462 0.003756 0.004016 0.004230 0.004389 0.004488 0.004522 0.004488 0.004389 0.004230 0.004016 0.003756 0.003462 0.003144 0.002813 0.002480 0.002154 0.001844 0.001555 0.001293 0.001058 0.000854 0.000679 0.000532 0.000411 0.000313 0.000235 0.000173 0.000126 0.000091 0.000064 0.000045 0.000031 0.000021 0.000014 0.000009 0.000006 0.000004 0.000002 0.000001 0.000001 0.000001 0.000000 0.000000 0.000000 0.000000 0.000000 0.000000 0.000000 0.000000 0.000000 0.000000 0.000000 0.000000 0.000000 0.000000 
0.000000 0.000000 0.000000 0.000000 0.000000 0.000000 0.000000 0.000000 0.000000 0.000000 0.000000 0.000000 0.000000 0.000000 0.000001 0.000001 0.000002 0.000003 0.000004 0.000007 0.000010 0.000016 0.000024 0.000036 0.000053 0.000078 0.000111 0.000157 0.000219 0.000300 0.000406 0.000541 0.000710 0.000919 0.001173 0.001474 0.001826 0.002230 0.002682 0.003179 0.003713 0.004274 0.004847 0.005416 0.005963 0.006469 0.006915 0.007283 0.007558 0.007727 0.007785 0.007727 0.007558 0.007283 0.006915 0.006469 0.005963 0.005416 0.004847 0.004274 0.003713 0.003179 0.002682 0.002230 0.001826 0.001474 0.001173 0.000919 0.000710 0.000541 0.000406 0.000300 0.000219 0.000157 0.000111 0.000078 0.000053 0.000036 0.000024 0.000016 0.000010 0.000007 0.000004 0.000003 0.000002 0.000001 0.000001 0.000000 0.000000 0.000000 0.000000 0.000000 0.000000 0.000000 0.000000 0.000000 0.000000 0.000000 0.000000 0.000000 
0.000000 0.000000 0.000000 0.000000 0.000000 0.000000 0.000000 0.000000 0.000000 0.000000 0.000000 0.000000 0.000000 0.000001 0.000001 0.000002 0.000003 0.000004 0.000007 0.000011 0.000018 0.000027 0.000041 0.000062 0.000091 0.000133 0.000190 0.000268 0.000373 0.000512 0.000692 0.000922 0.001210 0.001566 0.001997 0.002510 0.003109 0.003794 0.004563 0.005407 0.006314 0.007265 0.008238 0.009204 0.010132 0.010990 0.011747 0.012371 0.012837 0.013125 0.013222 0.013125 0.012837 0.012371 0.011747 0.010990 0.010132 0.009204 0.008238 0.007265 0.006314 0.005407 0.004563 0.003794 0.003109 0.002510 0.001997 0.001566 0.001210 0.000922 0.000692 0.000512 0.000373 0.000268 0.000190 0.000133 0.000091 0.000062 0.000041 0.000027 0.000018 0.000011 0.000007 0.000004 0.000003 0.000002 0.000001 0.000001 0.000000 0.000000 0.000000 0.000000 0.000000 0.000000 0.000000 0.000000 0.000000 0.000000 0.000000 0.000000 
0.000000 0.000000 0.000000 0.000000 0.000000 0.000000 0.000000 0.000000 0.000000 0.000000 0.000000 0.000000 0.000001 0.000001 0.000002 0.000003 0.000005 0.000008 0.000012 0.000019 0.000030 0.000046 0.000070 0.000104 0.000154 0.000224 0.000320 0.000452 0.000628 0.000861 0.001164 0.001550 0.002035 0.002632 0.003355 0.004216 0.005219 0.006368 0.007656 0.009070 0.010590 0.012183 0.013811 0.015428 0.016981 0.018418 0.019684 0.020728 0.021508 0.021989 0.022152 0.021989 0.021508 0.020728 0.019684 0.018418 0.016981 0.015428 0.013811 0.012183 0.010590 0.009070 0.007656 0.006368 0.005219 0.004216 0.003355 0.002632 0.002035 0.001550 0.001164 0.000861 0.000628 0.000452 0.000320 0.000224 0.000154 0.000104 0.000070 0.000046 0.000030 0.000019 0.000012 0.000008 0.000005 0.000003 0.000002 0.000001 0.000001 0.000000 0.000000 0.000000 0.000000 0.000000 0.000000 0.000000 0.000000 0.000000 0.000000 0.000000 
0.000000 0.000000 0.000000 0.000000 0.000000 0.000000 0.000000 0.000000 0.000000 0.000000 0.000000 0.000001 0.000001 0.000002 0.000003 0.000005 0.000008 0.000013 0.000020 0.000032 0.000050 0.000077 0.000116 0.000174 0.000256 0.000372 0.000532 0.000751 0.001044 0.001430 0.001932 0.002572 0.003374 0.004363 0.005560 0.006983 0.008643 0.010542 0.012671 0.015009 0.017519 0.020150 0.022839 0.025509 0.028074 0.030446 0.032535 0.034258 0.035545 0.036340 0.036609 0.036340 0.035545 0.034258 0.032535 0.030446 0.028074 0.025509 0.022839 0.020150 0.017519 0.015009 0.012671 0.010542 0.008643 0.006983 0.005560 0.004363 0.003374 0.002572 0.001932 0.001430 0.001044 0.000751 0.000532 0.000372 0.000256 0.000174 0.000116 0.000077 0.000050 0.000032 0.000020 0.000013 0.000008 0.000005 0.000003 0.000002 0.000001 0.000001 0.000000 0.000000 0.000000 0.000000 0.000000 0.000000 0.000000 0.000000 0.000000 0.000000 
0.000000 0.000000 0.000000 0.000000 0.000000 0.000000 0.000000 0.000000 0.000000 0.000000 0.000001 0.000001 0.000002 0.000003 0.000005 0.000008 0.000013 0.000021 0.000033 0.000053 0.000082 0.000126 0.000191 0.000286 0.000420 0.000610 0.000872 0.001230 0.001709 0.002342 0.003162 0.004207 0.005518 0.007133 0.009087 0.011408 0.014116 0.017213 0.020685 0.024495 0.028586 0.032874 0.037254 0.041602 0.045780 0.049641 0.053043 0.055849 0.057944 0.059238 0.059676 0.059238 0.057944 0.055849 0.053043 0.049641 0.045780 0.041602 0.037254 0.032874 0.028586 0.024495 0.020685 0.017213 0.014116 0.011408 0.009087 0.007133 0.005518 0.004207 0.003162 0.002342 0.001709 0.001230 0.000872 0.000610 0.000420 0.000286 0.000191 0.000126 0.000082 0.000053 0.000033 0.000021 0.000013 0.000008 0.000005 0.000003 0.000002 0.000001 0.000001 0.000000 0.000000 0.000000 0.000000 0.000000 0.000000 0.000000 0.000000 0.000000 
0.000000 0.000000 0.000000 0.000000 0.000000 0.000000 0.000000 0.000000 0.000000 0.000000 0.000001 0.000001 0.000003 0.000004 0.000008 0.000013 0.000021 0.000034 0.000054 0.000086 0.000133 0.000205 0.000310 0.000462 0.000680 0.000987 0.001411 0.001988 0.002762 0.003781 0.005103 0.006788 0.008900 0.011500 0.014646 0.018383 0.022740 0.027721 0.033304 0.039430 0.046006 0.052897 0.059935 0.066920 0.073631 0.079833 0.085296 0.089802 0.093166 0.095244 0.095947 0.095244 0.093166 0.089802 0.085296 0.079833 0.073631 0.066920 0.059935 0.052897 0.046006 0.039430 0.033304 0.027721 0.022740 0.018383 0.014646 0.011500 0.008900 0.006788 0.005103 0.003781 0.002762 0.001988 0.001411 0.000987 0.000680 0.000462 0.000310 0.000205 0.000133 0.000086 0.000054 0.000034 0.000021 0.000013 0.000008 0.000004 0.000003 0.000001 0.000001 0.000000 0.000000 0.000000 0.000000 0.000000 0.000000 0.000000 0.000000 0.000000 
0.000000 0.000000 0.000000 0.000000 0.000000 0.000000 0.000000 0.000000 0.000000 0.000001 0.000001 0.000002 0.000004 0.000007 0.000012 0.000020 0.000033 0.000054 0.000087 0.000137 0.000213 0.000327 0.000495 0.000738 0.001086 0.001574 0.002249 0.003168 0.004399 0.006021 0.008123 0.010802 0.014157 0.018287 0.023282 0.029214 0.036127 0.044030 0.052885 0.062600 0.073024 0.083947 0.095101 0.106170 0.116803 0.126629 0.135281 0.142418 0.147746 0.151038 0.152152 0.151038 0.147746 0.142418 0.135281 0.126629 0.116803 0.106170 0.095101 0.083947 0.073024 0.062600 0.052885 0.044030 0.036127 0.029214 0.023282 0.018287 0.014157 0.010802 0.008123 0.006021 0.004399 0.003168 0.002249 0.001574 0.001086 0.000738 0.000495 0.000327 0.000213 0.000137 0.000087 0.000054 0.000033 0.000020 0.000012 0.000007 0.000004 0.000002 0.000001 0.000001 0.000000 0.000000 0.000000 0.000000 0.000000 0.000000 0.000000 0.000000 
0.000000 0.000000 0.000000 0.000000 0.000000 0.000000 0.000000 0.000000 0.000001 0.000001 0.000002 0.000004 0.000007 0.000011 0.000019 0.000032 0.000053 0.000086 0.000137 0.000216 0.000336 0.000516 0.000780 0.001163 0.001709 0.002476 0.003536 0.004979 0.006911 0.009456 0.012752 0.016950 0.022208 0.028678 0.036500 0.045786 0.056606 0.068971 0.082823 0.098017 0.114316 0.131393 0.148827 0.166127 0.182742 0.198094 0.211612 0.222762 0.231085 0.236228 0.237967 0.236228 0.231085 0.222762 0.211612 0.198094 0.182742 0.166127 0.148827 0.131393 0.114316 0.098017 0.082823 0.068971 0.056606 0.045786 0.036500 0.028678 0.022208 0.016950 0.012752 0.009456 0.006911 0.004979 0.003536 0.002476 0.001709 0.001163 0.000780 0.000516 0.000336 0.000216 0.000137 0.000086 0.000053 0.000032 0.000019 0.000011 0.000007 0.000004 0.000002 0.000001 0.000001 0.000000 0.000000 0.000000 0.000000 0.000000 0.000000 0.000000 
0.000000 0.000000 0.000000 0.000000 0.000000 0.000000 0.000000 0.000001 0.000001 0.000002 0.000003 0.000006 0.000010 0.000018 0.000030 0.000050 0.000082 0.000133 0.000213 0.000336 0.000523 0.000801 0.001211 0.001805 0.002652 0.003840 0.005483 0.007717 0.010707 0.014643 0.019740 0.026230 0.034354 0.044349 0.056429 0.070766 0.087467 0.106549 0.127919 0.151354 0.176490 0.202819 0.229697 0.256362 0.281968 0.305627 0.326457 0.343636 0.356459 0.364382 0.367062 0.364382 0.356459 0.343636 0.326457 0.305627 0.281968 0.256362 0.229697 0.202819 0.176490 0.151354 0.127919 0.106549 0.087467 0.070766 0.056429 0.044349 0.034354 0.026230 0.019740 0.014643 0.010707 0.007717 0.005483 0.003840 0.002652 0.001805 0.001211 0.000801 0.000523 0.000336 0.000213 0.000133 0.000082 0.000050 0.000030 0.000018 0.000010 0.000006 0.000003 0.000002 0.000001 0.000001 0.000000 0.000000 0.000000 0.000000 0.000000 0.000000 
0.000000 0.000000 0.000000 0.000000 0.000000 0.000000 0.000000 0.000001 0.000002 0.000003 0.000005 0.000009 0.000016 0.000027 0.000046 0.000077 0.000126 0.000205 0.000327 0.000516 0.000801 0.001228 0.001855 0.002763 0.004057 0.005873 0.008382 0.011793 0.016355 0.022360 0.030132 0.040026 0.052407 0.067634 0.086032 0.107861 0.133282 0.162321 0.194835 0.230483 0.268712 0.308749 0.349613 0.390148 0.429069 0.465026 0.496681 0.522786 0.542271 0.554309 0.558381 0.554309 0.542271 0.522786 0.496681 0.465026 0.429069 0.390148 0.349613 0.308749 0.268712 0.230483 0.194835 0.162321 0.133282 0.107861 0.086032 0.067634 0.052407 0.040026 0.030132 0.022360 0.016355 0.011793 0.008382 0.005873 0.004057 0.002763 0.001855 0.001228 0.000801 0.000516 0.000327 0.000205 0.000126 0.000077 0.000046 0.000027 0.000016 0.000009 0.000005 0.000003 0.000002 0.000001 0.000000 0.000000 0.000000 0.000000 0.000000 0.000000 
0.000000 0.000000 0.000000 0.000000 0.000000 0.000000 0.000001 0.000001 0.000002 0.000004 0.000008 0.000014 0.000024 0.000041 0.000070 0.000116 0.000191 0.000310 0.000495 0.000780 0.001211 0.001855 0.002801 0.004170 0.006121 0.008857 0.012636 0.017770 0.024636 0.033668 0.045355 0.060228 0.078834 0.101709 0.129341 0.162118 0.200278 0.243859 0.292643 0.346121 0.403459 0.463498 0.524768 0.585538 0.643881 0.697776 0.745218 0.784340 0.813539 0.831578 0.837680 0.831578 0.813539 0.784340 0.745218 0.697776 0.643881 0.585538 0.524768 0.463498 0.403459 0.346121 0.292643 0.243859 0.200278 0.162118 0.129341 0.101709 0.078834 0.060228 0.045355 0.033668 0.024636 0.017770 0.012636 0.008857 0.006121 0.004170 0.002801 0.001855 0.001211 0.000780 0.000495 0.000310 0.000191 0.000116 0.000070 0.000041 0.000024 0.000014 0.000008 0.000004 0.000002 0.000001 0.000001 0.000000 0.000000 0.000000 0.000000 0.000000 
0.000000 0.000000 0.000000 0.000000 0.000000 0.000001 0.000001 0.000002 0.000004 0.000007 0.000012 0.000021 0.000036 0.000062 0.000104 0.000174 0.000286 0.000462 0.000738 0.001163 0.001805 0.002763 0.004170 0.006206 0.009105 0.013170 0.018780 0.026402 0.036589 0.049986 0.067316 0.089362 0.116934 0.150822 0.191746 0.240276 0.296765 0.361262 0.433446 0.512559 0.597367 0.686156 0.776754 0.866599 0.952847 1.032511 1.102631 1.160451 1.203602 1.230261 1.239278 1.230261 1.203602 1.160451 1.102631 1.032511 0.952847 0.866599 0.776754 0.686156 0.597367 0.512559 0.433446 0.361262 0.296765 0.240276 0.191746 0.150822 0.116934 0.089362 0.067316 0.049986 0.036589 0.026402 0.018780 0.013170 0.009105 0.006206 0.004170 0.002763 0.001805 0.001163 0.000738 0.000462 0.000286 0.000174 0.000104 0.000062 0.000036 0.000021 0.000012 0.000007 0.000004 0.000002 0.000001 0.000001 0.000000 0.000000 0.000000 0.000000 
0.000000 0.000000 0.000000 0.000000 0.000000 0.000001 0.000002 0.000003 0.000005 0.000010 0.000017 0.000031 0.000053 0.000091 0.000154 0.000256 0.000420 0.000680 0.001086 0.001709 0.002652 0.004057 0.006121 0.009105 0.013353 0.019307 0.027521 0.038676 0.053580 0.073175 0.098513 0.130737 0.171024 0.220529 0.280294 0.351151 0.433608 0.527736 0.633060 0.748472 0.872172 1.001657 1.133762 1.264753 1.390486 1.506610 1.608814 1.693085 1.755973 1.794824 1.807965 1.794824 1.755973 1.693085 1.608814 1.506610 1.390486 1.264753 1.133762 1.001657 0.872172 0.748472 0.633060 0.527736 0.433608 0.351151 0.280294 0.220529 0.171024 0.130737 0.098513 0.073175 0.053580 0.038676 0.027521 0.019307 0.013353 0.009105 0.006121 0.004057 0.002652 0.001709 0.001086 0.000680 0.000420 0.000256 0.000154 0.000091 0.000053 0.000031 0.000017 0.000010 0.000005 0.000003 0.000002 0.000001 0.000000 0.000000 0.000000 0.000000 
0.000000 0.000000 0.000000 0.000000 0.000001 0.000001 0.000002 0.000004 0.000008 0.000014 0.000025 0.000045 0.000078 0.000133 0.000224 0.000372 0.000610 0.000987 0.001574 0.002476 0.003840 0.005873 0.008857 0.013170 0.019307 0.027905 0.039763 0.055859 0.077360 0.105618 0.142147 0.188587 0.246634 0.317942 0.404007 0.506021 0.624708 0.760166 0.911707 1.077731 1.255650 1.441862 1.631815 1.820144 2.000894 2.167816 2.314717 2.435835 2.526218 2.582052 2.600937 2.582052 2.526218 2.435835 2.314717 2.167816 2.000894 1.820144 1.631815 1.441862 1.255650 1.077731 0.911707 0.760166 0.624708 0.506021 0.404007 0.317942 0.246634 0.188587 0.142147 0.105618 0.077360 0.055859 0.039763 0.027905 0.019307 0.013170 0.008857 0.005873 0.003840 0.002476 0.001574 0.000987 0.000610 0.000372 0.000224 0.000133 0.000078 0.000045 0.000025 0.000014 0.000008 0.000004 0.000002 0.000001 0.000001 0.000000 0.000000 0.000000 
0.000000 0.000000 0.000000 0.000000 0.000001 0.000002 0.000003 0.000006 0.000011 0.000020 0.000036 0.000064 0.000111 0.000190 0.000320 0.000532 0.000872 0.001411 0.002249 0.003536 0.005483 0.008382 0.012636 0.018780 0.027521 0.039763 0.056641 0.079542 0.110123 0.150301 0.202226 0.268219 0.350683 0.451960 0.574167 0.718986 0.887440 1.079656 1.294654 1.530160 1.782498 2.046561 2.315893 2.582892 2.839119 3.075725 3.283935 3.455594 3.583685 3.662812 3.689575 3.662812 3.583685 3.455594 3.283935 3.075725 2.839119 2.582892 2.315893 2.046561 1.782498 1.530160 1.294654 1.079656 0.887440 0.718986 0.574167 0.451960 0.350683 0.268219 0.202226 0.150301 0.110123 0.079542 0.056641 0.039763 0.027521 0.018780 0.012636 0.008382 0.005483 0.003536 0.002249 0.001411 0.000872 0.000532 0.000320 0.000190 0.000111 0.000064 0.000036 0.000020 0.000011 0.000006 0.000003 0.000002 0.000001 0.000000 0.000000 0.000000 
0.000000 0.000000 0.000000 0.000001 0.000001 0.000003 0.000005 0.000009 0.000016 0.000029 0.000052 0.000091 0.000157 0.000268 0.000452 0.000751 0.001230 0.001988 0.003168 0.004979 0.007717 0.011793 0.017770 0.026402 0.038676 0.055859 0.079542 0.111668 0.154552 0.210877 0.283649 0.376112 0.491622 0.633449 0.804546 1.007256 1.243000 1.511947 1.812715 2.142118 2.495010 2.864248 3.240807 3.614063 3.972226 4.302932 4.593931 4.833831 5.012836 5.123411 5.160810 5.123411 5.012836 4.833831 4.593931 4.302932 3.972226 3.614063 3.240807 2.864248 2.495010 2.142118 1.812715 1.511947 1.243000 1.007256 0.804546 0.633449 0.491622 0.376112 0.283649 0.210877 0.154552 0.111668 0.079542 0.055859 0.038676 0.026402 0.017770 0.011793 0.007717 0.004979 0.003168 0.001988 0.001230 0.000751 0.000452 0.000268 0.000157 0.000091 0.000052 0.000029 0.000016 0.000009 0.000005 0.000003 0.000001 0.000001 0.000000 0.000000 
0.000000 0.000000 0.000000 0.000001 0.000002 0.000004 0.000007 0.000012 0.000022 0.000040 0.000072 0.000126 0.000219 0.000373 0.000628 0.001044 0.001709 0.002762 0.004399 0.006911 0.010707 0.016355 0.024636 0.036589 0.053580 0.077360 0.110123 0.154552 0.213842 0.291693 0.392246 0.519976 0.679502 0.875329 1.111515 1.391282 1.716574 2.087614 2.502483 2.956778 3.443396 3.952487 4.471610 4.986123 5.479787 5.935570 6.336601 6.667194 6.913861 7.066229 7.117762 7.066229 6.913861 6.667194 6.336601 5.935570 5.479787 4.986123 4.471610 3.952487 3.443396 2.956778 2.502483 2.087614 1.716574 1.391282 1.111515 0.875329 0.679502 0.519976 0.392246 0.291693 0.213842 0.154552 0.110123 0.077360 0.053580 0.036589 0.024636 0.016355 0.010707 0.006911 0.004399 0.002762 0.001709 0.001044 0.000628 0.000373 0.000219 0.000126 0.000072 0.000040 0.000022 0.000012 0.000007 0.000004 0.000002 0.000001 0.000000 0.000000 
0.000000 0.000000 0.000001 0.000001 0.000003 0.000005 0.000009 0.000017 0.000031 0.000056 0.000099 0.000173 0.000300 0.000512 0.000861 0.001430 0.002342 0.003781 0.006021 0.009456 0.014643 0.022360 0.033668 0.049986 0.073175 0.105618 0.150301 0.210877 0.291693 0.397776 0.534761 0.708725 0.925941 1.192524 1.513982 1.894676 2.337236 2.841947 3.406182 4.023945 4.685569 5.377659 6.083307 6.782618 7.453532 8.072916 8.617861 9.067067 9.402223 9.609246 9.679264 9.609246 9.402223 9.067067 8.617861 8.072916 7.453532 6.782618 6.083307 5.377659 4.685569 4.023945 3.406182 2.841947 2.337236 1.894676 1.513982 1.192524 0.925941 0.708725 0.534761 0.397776 0.291693 0.210877 0.150301 0.105618 0.073175 0.049986 0.033668 0.022360 0.014643 0.009456 0.006021 0.003781 0.002342 0.001430 0.000861 0.000512 0.000300 0.000173 0.000099 0.000056 0.000031 0.000017 0.000009 0.000005 0.000003 0.000001 0.000001 0.000000 
0.000000 0.000000 0.000001 0.000002 0.000003 0.000007 0.000012 0.000023 0.000042 0.000075 0.000134 0.000235 0.000406 0.000692 0.001164 0.001932 0.003162 0.005103 0.008123 0.012752 0.019740 0.030132 0.045355 0.067316 0.098513 0.142147 0.202226 0.283649 0.392246 0.534761 0.718742 0.952333 1.243935 1.601732 2.033090 2.543838 3.137480 3.814373 4.570980 5.399243 6.286195 7.213876 8.159629 9.096796 9.995830 10.825755 11.555892 12.157725 12.606741 12.884088 12.977889 12.884088 12.606741 12.157725 11.555892 10.825755 9.995830 9.096796 8.159629 7.213876 6.286195 5.399243 4.570980 3.814373 3.137480 2.543838 2.033090 1.601732 1.243935 0.952333 0.718742 0.534761 0.392246 0.283649 0.202226 0.142147 0.098513 0.067316 0.045355 0.030132 0.019740 0.012752 0.008123 0.005103 0.003162 0.001932 0.001164 0.000692 0.000406 0.000235 0.000134 0.000075 0.000042 0.000023 0.000012 0.000007 0.000003 0.000002 0.000001 0.000000 
0.000000 0.000000 0.000001 0.000002 0.000005 0.000009 0.000017 0.000031 0.000056 0.000100 0.000178 0.000313 0.000541 0.000922 0.001550 0.002572 0.004207 0.006788 0.010802 0.016950 0.026230 0.040026 0.060228 0.089362 0.130737 0.188587 0.268219 0.376112 0.519976 0.708725 0.952333 1.261559 1.647495 2.120941 2.691615 3.367196 4.152286 5.047332 6.047633 7.142518 8.314835 9.540844 10.790606 12.028908 13.216729 14.313165 15.277713 16.072728 16.665853 17.032204 17.156105 17.032204 16.665853 16.072728 15.277713 14.313165 13.216729 12.028908 10.790606 9.540844 8.314835 7.142518 6.047633 5.047332 4.152286 3.367196 2.691615 2.120941 1.647495 1.261559 0.952333 0.708725 0.519976 0.376112 0.268219 0.188587 0.130737 0.089362 0.060228 0.040026 0.026230 0.016950 0.010802 0.006788 0.004207 0.002572 0.001550 0.000922 0.000541 0.000313 0.000178 0.000100 0.000056 0.000031 0.000016 0.000009 0.000005 0.000002 0.000001 0.000000 
0.000000 0.000001 0.000002 0.000003 0.000006 0.000012 0.000022 0.000040 0.000073 0.000132 0.000235 0.000411 0.000710 0.001210 0.002035 0.003374 0.005518 0.008900 0.014157 0.022208 0.034354 0.052407 0.078834 0.116934 0.171024 0.246634 0.350683 0.491622 0.679502 0.925941 1.243935 1.647495 2.151060 2.768690 3.513017 4.394021 5.417664 6.584496 7.888358 9.315320 10.843015 12.440503 14.068781 15.681987 17.229309 18.657494 19.913817 20.949278 21.721763 22.198888 22.360251 22.198888 21.721763 20.949278 19.913817 18.657494 17.229309 15.681987 14.068781 12.440503 10.843015 9.315320 7.888358 6.584496 5.417664 4.394021 3.513017 2.768690 2.151060 1.647495 1.243935 0.925941 0.679502 0.491622 0.350683 0.246634 0.171024 0.116934 0.078834 0.052407 0.034354 0.022208 0.014157 0.008900 0.005518 0.003374 0.002035 0.001210 0.000710 0.000411 0.000235 0.000132 0.000073 0.000040 0.000022 0.000012 0.000006 0.000003 0.000001 0.000000 
0.000000 0.000001 0.000002 0.000004 0.000008 0.000015 0.000028 0.000052 0.000095 0.000171 0.000304 0.000532 0.000919 0.001566 0.002632 0.004363 0.007133 0.011500 0.018287 0.028678 0.044349 0.067634 0.101709 0.150822 0.220529 0.317942 0.451960 0.633449 0.875329 1.192524 1.601732 2.120941 2.768690 3.563013 4.520113 5.652772 6.968610 8.468293 10.143869 11.977412 13.940166 15.992376 18.083944 20.155981 22.143249 23.977393 25.590739 26.920403 27.912342 28.525000 28.732199 28.525000 27.912342 26.920403 25.590739 23.977393 22.143249 20.155981 18.083944 15.992376 13.940166 11.977412 10.143869 8.468293 6.968610 5.652772 4.520113 3.563013 2.768690 2.120941 1.601732 1.192524 0.875329 0.633449 0.451960 0.317942 0.220529 0.150822 0.101709 0.067634 0.044349 0.028678 0.018287 0.011500 0.007133 0.004363 0.002632 0.001566 0.000919 0.000532 0.000304 0.000171 0.000095 0.000052 0.000028 0.000015 0.000008 0.000004 0.000002 0.000000 
0.000000 0.000001 0.000003 0.000005 0.000010 0.000019 0.000036 0.000067 0.000122 0.000219 0.000388 0.000679 0.001173 0.001997 0.003355 0.005560 0.009087 0.014646 0.023282 0.036500 0.056429 0.086032 0.129341 0.191746 0.280294 0.404007 0.574167 0.804546 1.111515 1.513982 2.033090 2.691615 3.513017 4.520113 5.733386 7.168985 8.836510 10.736757 12.859610 15.182324 17.668454 20.267640 22.916440 25.540300 28.056644 30.378960 32.421611 34.105028 35.360831 36.136446 36.398754 36.136446 35.360831 34.105028 32.421611 30.378960 28.056644 25.540300 22.916440 20.267640 17.668454 15.182324 12.859610 10.736757 8.836510 7.168985 5.733386 4.520113 3.513017 2.691615 2.033090 1.513982 1.111515 0.804546 0.574167 0.404007 0.280294 0.191746 0.129341 0.086032 0.056429 0.036500 0.023282 0.014646 0.009087 0.005560 0.003355 0.001997 0.001173 0.000679 0.000388 0.000219 0.000122 0.000067 0.000036 0.000019 0.000010 0.000005 0.000002 0.000000 
0.000000 0.000001 0.000003 0.000007 0.000013 0.000024 0.000045 0.000084 0.000153 0.000275 0.000488 0.000854 0.001474 0.002510 0.004216 0.006983 0.011408 0.018383 0.029214 0.045786 0.070766 0.107861 0.162118 0.240276 0.351151 0.506021 0.718986 1.007256 1.391282 1.894676 2.543838 3.367196 4.394021 5.652772 7.168985 8.962771 11.046065 13.419800 16.071291 18.972095 22.076671 25.322129 28.629264 31.905018 35.046342 37.945287 40.495010 42.596243 44.163689 45.131763 45.459157 45.131763 44.163689 42.596243 40.495010 37.945287 35.046342 31.905018 28.629264 25.322129 22.076671 18.972095 16.071291 13.419800 11.046065 8.962771 7.168985 5.652772 4.394021 3.367196 2.543838 1.894676 1.391282 1.007256 0.718986 0.506021 0.351151 0.240276 0.162118 0.107861 0.070766 0.045786 0.029214 0.018383 0.011408 0.006983 0.004216 0.002510 0.001474 0.000854 0.000488 0.000275 0.000153 0.000084 0.000045 0.000024 0.000013 0.000006 0.000003 0.000000 
0.000000 0.000002 0.000004 0.000008 0.000016 0.000030 0.000056 0.000104 0.000190 0.000341 0.000605 0.001058 0.001826 0.003109 0.005219 0.008643 0.014116 0.022740 0.036127 0.056606 0.087467 0.133282 0.200278 0.296765 0.433608 0.624708 0.887440 1.243000 1.716574 2.337236 3.137480 4.152286 5.417664 6.968610 8.836510 11.046065 13.611898 16.535096 19.799978 23.371479 27.193506 31.188628 35.259357 39.291182 43.157317 46.724963 49.862696 52.448420 54.377229 55.568466 55.971328 55.568466 54.377229 52.448420 49.862696 46.724963 43.157317 39.291182 35.259357 31.188628 27.193506 23.371479 19.799978 16.535096 13.611898 11.046065 8.836510 6.968610 5.417664 4.152286 3.137480 2.337236 1.716574 1.243000 0.887440 0.624708 0.433608 0.296765 0.200278 0.133282 0.087467 0.056606 0.036127 0.022740 0.014116 0.008643 0.005219 0.003109 0.001826 0.001058 0.000605 0.000341 0.000190 0.000104 0.000056 0.000030 0.000016 0.000008 0.000003 0.000000 
0.000000 0.000002 0.000005 0.000010 0.000019 0.000037 0.000069 0.000127 0.000232 0.000417 0.000739 0.001293 0.002230 0.003794 0.006368 0.010542 0.017213 0.027721 0.044030 0.068971 0.106549 0.162321 0.243859 0.361262 0.527736 0.760166 1.079656 1.511947 2.087614 2.841947 3.814373 5.047332 6.584496 8.468293 10.736757 13.419800 16.535096 20.083886 24.047071 28.382040 33.020680 37.869008 42.808735 47.700938 52.391830 56.720347 60.527112 63.664067 66.004008 67.449137 67.937858 67.449137 66.004008 63.664067 60.527112 56.720347 52.391830 47.700938 42.808735 37.869008 33.020680 28.382040 24.047071 20.083886 16.535096 13.419800 10.736757 8.468293 6.584496 5.047332 3.814373 2.841947 2.087614 1.511947 1.079656 0.760166 0.527736 0.361262 0.243859 0.162321 0.106549 0.068971 0.044030 0.027721 0.017213 0.010542 0.006368 0.003794 0.002230 0.001293 0.000739 0.000417 0.000232 0.000127 0.000069 0.000037 0.000019 0.000009 0.000004 0.000000 
0.000000 0.000002 0.000006 0.000012 0.000023 0.000044 0.000083 0.000153 0.000279 0.000502 0.000890 0.001555 0.002682 0.004563 0.007656 0.012671 0.020685 0.033304 0.052885 0.082823 0.127919 0.194835 0.292643 0.433446 0.633060 0.911707 1.294654 1.812715 2.502483 3.406182 4.570980 6.047633 7.888358 10.143869 12.859610 16.071291 19.799978 24.047071 28.789645 33.976652 39.526565 45.326929 51.236244 57.088359 62.699370 67.876696 72.429786 76.181637 78.980182 80.708517 81.293009 80.708517 78.980182 76.181637 72.429786 67.876696 62.699370 57.088359 51.236244 45.326929 39.526565 33.976652 28.789645 24.047071 19.799978 16.071291 12.859610 10.143869 7.888358 6.047633 4.570980 3.406182 2.502483 1.812715 1.294654 0.911707 0.633060 0.433446 0.292643 0.194835 0.127919 0.082823 0.052885 0.033304 0.020685 0.012671 0.007656 0.004563 0.002682 0.001555 0.000890 0.000502 0.000279 0.000153 0.000083 0.000044 0.000023 0.000011 0.000005 0.000000 
0.000000 0.000003 0.000007 0.000014 0.000028 0.000053 0.000099 0.000182 0.000332 0.000596 0.001055 0.001844 0.003179 0.005407 0.009070 0.015009 0.024495 0.039430 0.062600 0.098017 0.151354 0.230483 0.346121 0.512559 0.748472 1.077731 1.530160 2.142118 2.956778 4.023945 5.399243 7.142518 9.315320 11.977412 15.182324 18.972095 23.371479 28.382040 33.976652 40.095044 46.641012 53.481913 60.450879 67.352012 73.968504 80.073345 85.441934 89.865655 93.165287 95.203056 95.892189 95.203056 93.165287 89.865655 85.441934 80.073345 73.968504 67.352012 60.450879 53.481913 46.641012 40.095044 33.976652 28.382040 23.371479 18.972095 15.182324 11.977412 9.315320 7.142518 5.399243 4.023945 2.956778 2.142118 1.530160 1.077731 0.748472 0.512559 0.346121 0.230483 0.151354 0.098017 0.062600 0.039430 0.024495 0.015009 0.009070 0.005407 0.003179 0.001844 0.001055 0.000596 0.000332 0.000182 0.000099 0.000053 0.000027 0.000014 0.000006 0.000000 
0.000000 0.000003 0.000008 0.000017 0.000032 0.000062 0.000115 0.000213 0.000388 0.000696 0.001233 0.002154 0.003713 0.006314 0.010590 0.017519 0.028586 0.046006 0.073024 0.114316 0.176490 0.268712 0.403459 0.597367 0.872172 1.255650 1.782498 2.495010 3.443396 4.685569 6.286195 8.314835 10.843015 13.940166 17.668454 22.076671 27.193506 33.020680 39.526565 46.641012 54.252121 62.205656 70.307630 78.330341 86.021814 93.118243 99.358637 104.500597 108.335889 110.704438 111.505429 110.704438 108.335889 104.500597 99.358637 93.118243 86.021814 78.330341 70.307630 62.205656 54.252121 46.641012 39.526565 33.020680 27.193506 22.076671 17.668454 13.940166 10.843015 8.314835 6.286195 4.685569 3.443396 2.495010 1.782498 1.255650 0.872172 0.597367 0.403459 0.268712 0.176490 0.114316 0.073024 0.046006 0.028586 0.017519 0.010590 0.006314 0.003713 0.002154 0.001233 0.000696 0.000388 0.000213 0.000115 0.000062 0.000032 0.000016 0.000007 0.000000 
0.000000 0.000004 0.000009 0.000019 0.000037 0.000071 0.000133 0.000245 0.000447 0.000802 0.001420 0.002480 0.004274 0.007265 0.012183 0.020150 0.032874 0.052897 0.083947 0.131393 0.202819 0.308749 0.463498 0.686156 1.001657 1.441862 2.046561 2.864248 3.952487 5.377659 7.213876 9.540844 12.440503 15.992376 20.267640 25.322129 31.188628 37.869008 45.326929 53.481913 62.205656 71.321367 80.606735 89.800847 98.615008 106.746991 113.897820 119.789827 124.184489 126.898456 127.816255 126.898456 124.184489 119.789827 113.897820 106.746991 98.615008 89.800847 80.606735 71.321367 62.205656 53.481913 45.326929 37.869008 31.188628 25.322129 20.267640 15.992376 12.440503 9.540844 7.213876 5.377659 3.952487 2.864248 2.046561 1.441862 1.001657 0.686156 0.463498 0.308749 0.202819 0.131393 0.083947 0.052897 0.032874 0.020150 0.012183 0.007265 0.004274 0.002480 0.001420 0.000802 0.000447 0.000245 0.000133 0.000071 0.000037 0.000018 0.000008 0.000000 
0.000000 0.000004 0.000011 0.000022 0.000043 0.000081 0.000151 0.000279 0.000507 0.000910 0.001611 0.002813 0.004847 0.008238 0.013811 0.022839 0.037254 0.059935 0.095101 0.148827 0.229697 0.349613 0.524768 0.776754 1.133762 1.631815 2.315893 3.240807 4.471610 6.083307 8.159629 10.790606 14.068781 18.083944 22.916440 28.629264 35.259357 42.808735 51.236244 60.450879 70.307630 80.606735 91.097044 101.483834 111.441031 120.627306 128.705017 135.360604 140.324721 143.390330 144.427040 143.390330 140.324721 135.360604 128.705017 120.627306 111.441031 101.483834 91.097044 80.606735 70.307630 60.450879 51.236244 42.808735 35.259357 28.629264 22.916440 18.083944 14.068781 10.790606 8.159629 6.083307 4.471610 3.240807 2.315893 1.631815 1.133762 0.776754 0.524768 0.349613 0.229697 0.148827 0.095101 0.059935 0.037254 0.022839 0.013811 0.008238 0.004847 0.002813 0.001611 0.000910 0.000507 0.000279 0.000151 0.000081 0.000042 0.000021 0.000009 0.000000 
