0.000000 0.000000 0.000000 0.000000 0.000000 0.000000 0.000000 0.000000 0.000000 0.000000 0.000000 0.000000 0.000000 0.000000 0.000000 0.000000 0.000000 0.000000 0.000000 0.000000 0.000000 0.000000 0.000000 0.000000 0.000000 0.000000 0.000000 0.000000 0.000000 0.000000 0.000000 0.000000 0.000000 0.000000 0.000000 0.000000 0.000000 0.000000 0.000000 0.000000 0.000000 0.000000 0.000000 0.000000 0.000000 0.000000 0.000000 0.000000 0.000000 0.000000 0.000000 0.000000 0.000000 0.000000 0.000000 0.000000 0.000000 0.000000 0.000000 0.000000 0.000000 0.000000 0.000000 0.000000 0.000000 0.000000 0.000000 0.000000 0.000000 0.000000 0.000000 0.000000 0.000000 0.000000 0.000000 0.000000 0.000000 0.000000 0.000000 0.000000 0.000000 0.000000 0.000000 0.000000 0.000000 0.000000 0.000000 0.000000 0.000000 0.000000 0.000000 0.000000 0.000000 0.000000 0.000000 0.000000 0.000000 0.000000 0.000000 0.000000 
0.000000 0.000000 0.000000 0.000000 0.000000 0.000000 0.000000 0.000000 0.000000 0.000000 0.000000 0.000000 0.000000 0.000000 0.000000 0.000000 0.000000 0.000000 0.000000 0.000000 0.000000 0.000000 0.000000 0.000000 0.000001 0.000001 0.000001 0.000002 0.000002 0.000003 0.000004 0.000005 0.000006 0.000007 0.000009 0.000011 0.000014 0.000016 0.000019 0.000022 0.000025 0.000029 0.000032 0.000035 0.000038 0.000041 0.000044 0.000046 0.000047 0.000048 0.000048 0.000048 0.000047 0.000046 0.000044 0.000041 0.000038 0.000035 0.000032 0.000029 0.000025 0.000022 0.000019 0.000016 0.000014 0.000011 0.000009 0.000007 0.000006 0.000005 0.000004 0.000003 0.000002 0.000002 0.000001 0.000001 0.000001 0.000000 0.000000 0.000000 0.000000 0.000000 0.000000 0.000000 0.000000 0.000000 0.000000 0.000000 0.000000 0.000000 0.000000 0.000000 0.000000 0.000000 0.000000 0.000000 0.000000 0.000000 0.000000 0.000000 
0.000000 0.000000 0.000000 0.000000 0.000000 0.000000 0.000000 0.000000 0.000000 0.000000 0.000000 0.000000 0.000000 0.000000 0.000000 0.000000 0.000000 0.000000 0.000000 0.000000 0.000000 0.000000 0.000001 0.000001 0.000001 0.000002 0.000003 0.000004 0.000005 0.000007 0.000009 0.000011 0.000014 0.000017 0.000022 0.000026 0.000032 0.000038 0.000045 0.000052 0.000059 0.000067 0.000075 0.000083 0.000090 0.000097 0.000102 0.000107 0.000111 0.000113 0.000114 0.000113 0.000111 0.000107 0.000102 0.000097 0.000090 0.000083 0.000075 0.000067 0.000059 0.000052 0.000045 0.000038 0.000032 0.000026 0.000022 0.000017 0.000014 0.000011 0.000009 0.000007 0.000005 0.000004 0.000003 0.000002 0.000001 0.000001 0.000001 0.000000 0.000000 0.000000 0.000000 0.000000 0.000000 0.000000 0.000000 0.000000 0.000000 0.000000 0.000000 0.000000 0.000000 0.000000 0.000000 0.000000 0.000000 0.000000 0.000000 0.000000 
0.000000 0.000000 0.000000 0.000000 0.000000 0.000000 0.000000 0.000000 0.000000 0.000000 0.000000 0.000000 0.000000 0.000000 0.000000 0.000000 0.000000 0.000000 0.000000 0.000000 0.000001 0.000001 0.000001 0.000002 0.000003 0.000004 0.000005 0.000007 0.000009 0.000013 0.000016 0.000021 0.000027 0.000033 0.000041 0.000051 0.000061 0.000073 0.000085 0.000099 0.000114 0.000128 0.000143 0.000158 0.000172 0.000185 0.000196 0.000205 0.000212 0.000216 0.000217 0.000216 0.000212 0.000205 0.000196 0.000185 0.000172 0.000158 0.000143 0.000128 0.000114 0.000099 0.000085 0.000073 0.000061 0.000051 0.000041 0.000033 0.000027 0.000021 0.000016 0.000013 0.000009 0.000007 0.000005 0.000004 0.000003 0.000002 0.000001 0.000001 0.000001 0.000000 0.000000 0.000000 0.000000 0.000000 0.000000 0.000000 0.000000 0.000000 0.000000 0.000000 0.000000 0.000000 0.000000 0.000000 0.000000 0.000000 0.000000 0.000000 
0.000000 0.000000 0.000000 0.000000 0.000000 0.000000 0.000000 0.000000 0.000000 0.000000 0.000000 0.000000 0.000000 0.000000 0.000000 0.000000 0.000000 0.000000 0.000001 0.000001 0.000001 0.000002 0.000002 0.000004 0.000005 0.000007 0.000009 0.000013 0.000017 0.000023 0.000029 0.000038 0.000048 0.000060 0.000075 0.000091 0.000110 0.000131 0.000154 0.000179 0.000205 0.000232 0.000259 0.000285 0.000310 0.000333 0.000353 0.000369 0.000382 0.000389 0.000392 0.000389 0.000382 0.000369 0.000353 0.000333 0.000310 0.000285 0.000259 0.000232 0.000205 0.000179 0.000154 0.000131 0.000110 0.000091 0.000075 0.000060 0.000048 0.000038 0.000029 0.000023 0.000017 0.000013 0.000009 0.000007 0.000005 0.000004 0.000002 0.000002 0.000001 0.000001 0.000001 0.000000 0.000000 0.000000 0.000000 0.000000 0.000000 0.000000 0.000000 0.000000 0.000000 0.000000 0.000000 0.000000 0.000000 0.000000 0.000000 0.000000 
0.000000 0.000000 0.000000 0.000000 0.000000 0.000000 0.000000 0.000000 0.000000 0.000000 0.000000 0.000000 0.000000 0.000000 0.000000 0.000000 0.000000 0.000001 0.000001 0.000001 0.000002 0.000003 0.000004 0.000006 0.000009 0.000012 0.000017 0.000023 0.000030 0.000040 0.000052 0.000067 0.000085 0.000106 0.000132 0.000161 0.000194 0.000231 0.000271 0.000315 0.000361 0.000408 0.000455 0.000502 0.000546 0.000586 0.000621 0.000650 0.000671 0.000684 0.000689 0.000684 0.000671 0.000650 0.000621 0.000586 0.000546 0.000502 0.000455 0.000408 0.000361 0.000315 0.000271 0.000231 0.000194 0.000161 0.000132 0.000106 0.000085 0.000067 0.000052 0.000040 0.000030 0.000023 0.000017 0.000012 0.000009 0.000006 0.000004 0.000003 0.000002 0.000001 0.000001 0.000001 0.000000 0.000000 0.000000 0.000000 0.000000 0.000000 0.000000 0.000000 0.000000 0.000000 0.000000 0.000000 0.000000 0.000000 0.000000 0.000000 
0.000000 0.000000 0.000000 0.000000 0.000000 0.000000 0.000000 0.000000 0.000000 0.000000 0.000000 0.000000 0.000000 0.000000 0.000000 0.000000 0.000001 0.000001 0.000002 0.000002 0.000004 0.000005 0.000008 0.000011 0.000015 0.000021 0.000029 0.000039 0.000053 0.000069 0.000090 0.000116 0.000148 0.000185 0.000229 0.000279 0.000337 0.000401 0.000471 0.000546 0.000625 0.000707 0.000789 0.000869 0.000945 0.001015 0.001076 0.001126 0.001162 0.001185 0.001193 0.001185 0.001162 0.001126 0.001076 0.001015 0.000945 0.000869 0.000789 0.000707 0.000625 0.000546 0.000471 0.000401 0.000337 0.000279 0.000229 0.000185 0.000148 0.000116 0.000090 0.000069 0.000053 0.000039 0.000029 0.000021 0.000015 0.000011 0.000008 0.000005 0.000004 0.000002 0.000002 0.000001 0.000001 0.000000 0.000000 0.000000 0.000000 0.000000 0.000000 0.000000 0.000000 0.000000 0.000000 0.000000 0.000000 0.000000 0.000000 0.000000 
0.000000 0.000000 0.000000 0.000000 0.000000 0.000000 0.000000 0.000000 0.000000 0.000000 0.000000 0.000000 0.000000 0.000000 0.000001 0.000001 0.000001 0.000002 0.000003 0.000004 0.000006 0.000009 0.000013 0.000019 0.000026 0.000037 0.000050 0.000068 0.000090 0.000119 0.000155 0.000199 0.000253 0.000317 0.000392 0.000478 0.000576 0.000686 0.000806 0.000934 0.001070 0.001209 0.001349 0.001486 0.001616 0.001735 0.001839 0.001924 0.001987 0.002026 0.002039 0.002026 0.001987 0.001924 0.001839 0.001735 0.001616 0.001486 0.001349 0.001209 0.001070 0.000934 0.000806 0.000686 0.000576 0.000478 0.000392 0.000317 0.000253 0.000199 0.000155 0.000119 0.000090 0.000068 0.000050 0.000037 0.000026 0.000019 0.000013 0.000009 0.000006 0.000004 0.000003 0.000002 0.000001 0.000001 0.000001 0.000000 0.000000 0.000000 0.000000 0.000000 0.000000 0.000000 0.000000 0.000000 0.000000 0.000000 0.000000 0.000000 
0.000000 0.000000 0.000000 0.000000 0.000000 0.000000 0.000000 0.000000 0.000000 0.000000 0.000000 0.000000 0.000000 0.000001 0.000001 0.000001 0.000002 0.000003 0.000005 0.000007 0.000011 0.000016 0.000022 0.000032 0.000045 0.000062 0.000085 0.000115 0.000153 0.000202 0.000263 0.000337 0.000428 0.000536 0.000663 0.000809 0.000975 0.001159 0.001362 0.001579 0.001808 0.002043 0.002279 0.002511 0.002730 0.002931 0.003106 0.003249 0.003355 0.003421 0.003443 0.003421 0.003355 0.003249 0.003106 0.002931 0.002730 0.002511 0.002279 0.002043 0.001808 0.001579 0.001362 0.001159 0.000975 0.000809 0.000663 0.000536 0.000428 0.000337 0.000263 0.000202 0.000153 0.000115 0.000085 0.000062 0.000045 0.000032 0.000022 0.000016 0.000011 0.000007 0.000005 0.000003 0.000002 0.000001 0.000001 0.000001 0.000000 0.000000 0.000000 0.000000 0.000000 0.000000 0.000000 0.000000 0.000000 0.000000 0.000000 0.000000 
0.000000 0.000000 0.000000 0.000000 0.000000 0.000000 0.000000 0.000000 0.000000 0.000000 0.000000 0.000000 0.000001 0.000001 0.000001 0.000002 0.000004 0.000005 0.000008 0.000012 0.000018 0.000026 0.000038 0.000054 0.000075 0.000104 0.000142 0.000192 0.000257 0.000338 0.000440 0.000565 0.000716 0.000896 0.001108 0.001352 0.001628 0.001937 0.002275 0.002637 0.003018 0.003411 0.003805 0.004191 0.004556 0.004890 0.005182 0.005421 0.005598 0.005707 0.005744 0.005707 0.005598 0.005421 0.005182 0.004890 0.004556 0.004191 0.003805 0.003411 0.003018 0.002637 0.002275 0.001937 0.001628 0.001352 0.001108 0.000896 0.000716 0.000565 0.000440 0.000338 0.000257 0.000192 0.000142 0.000104 0.000075 0.000054 0.000038 0.000026 0.000018 0.000012 0.000008 0.000005 0.000004 0.000002 0.000001 0.000001 0.000001 0.000000 0.000000 0.000000 0.000000 0.000000 0.000000 0.000000 0.000000 0.000000 0.000000 0.000000 
0.000000 0.000000 0.000000 0.000000 0.000000 0.000000 0.000000 0.000000 0.000000 0.000000 0.000000 0.000001 0.000001 0.000002 0.000002 0.000004 0.000006 0.000009 0.000014 0.000020 0.000030 0.000043 0.000063 0.000089 0.000125 0.000172 0.000236 0.000319 0.000425 0.000559 0.000727 0.000934 0.001183 0.001481 0.001830 0.002232 0.002689 0.003197 0.003754 0.004352 0.004980 0.005626 0.006276 0.006911 0.007513 0.008064 0.008544 0.008937 0.009229 0.009409 0.009470 0.009409 0.009229 0.008937 0.008544 0.008064 0.007513 0.006911 0.006276 0.005626 0.004980 0.004352 0.003754 0.003197 0.002689 0.002232 0.001830 0.001481 0.001183 0.000934 0.000727 0.000559 0.000425 0.000319 0.000236 0.000172 0.000125 0.000089 0.000063 0.000043 0.000030 0.000020 0.000014 0.000009 0.000006 0.000004 0.000002 0.000002 0.000001 0.000001 0.000000 0.000000 0.000000 0.000000 0.000000 0.000000 0.000000 0.000000 0.000000 0.000000 
0.000000 0.000000 0.000000 0.000000 0.000000 0.000000 0.000000 0.000000 0.000000 0.000000 0.000001 0.000001 0.000002 0.000002 0.000004 0.000006 0.000010 0.000015 0.000022 0.000033 0.000049 0.000071 0.000102 0.000145 0.000204 0.000282 0.000386 0.000521 0.000694 0.000914 0.001188 0.001525 0.001932 0.002417 0.002986 0.003642 0.004386 0.005215 0.006122 0.007095 0.008118 0.009170 0.010227 0.011261 0.012241 0.013137 0.013919 0.014559 0.015034 0.015326 0.015425 0.015326 0.015034 0.014559 0.013919 0.013137 0.012241 0.011261 0.010227 0.009170 0.008118 0.007095 0.006122 0.005215 0.004386 0.003642 0.002986 0.002417 0.001932 0.001525 0.001188 0.000914 0.000694 0.000521 0.000386 0.000282 0.000204 0.000145 0.000102 0.000071 0.000049 0.000033 0.000022 0.000015 0.000010 0.000006 0.000004 0.000002 0.000002 0.000001 0.000001 0.000000 0.000000 0.000000 0.000000 0.000000 0.000000 0.000000 0.000000 0.000000 
0.000000 0.000000 0.000000 0.000000 0.000000 0.000000 0.000000 0.000000 0.000000 0.000001 0.000001 0.000002 0.000003 0.000004 0.000006 0.000010 0.000016 0.000024 0.000036 0.000054 0.000079 0.000115 0.000166 0.000235 0.000330 0.000456 0.000624 0.000842 0.001122 0.001476 0.001918 0.002461 0.003117 0.003899 0.004815 0.005872 0.007070 0.008404 0.009863 0.011429 0.013075 0.014768 0.016468 0.018131 0.019707 0.021148 0.022404 0.023433 0.024197 0.024667 0.024826 0.024667 0.024197 0.023433 0.022404 0.021148 0.019707 0.018131 0.016468 0.014768 0.013075 0.011429 0.009863 0.008404 0.007070 0.005872 0.004815 0.003899 0.003117 0.002461 0.001918 0.001476 0.001122 0.000842 0.000624 0.000456 0.000330 0.000235 0.000166 0.000115 0.000079 0.000054 0.000036 0.000024 0.000016 0.000010 0.000006 0.000004 0.000003 0.000002 0.000001 0.000001 0.000000 0.000000 0.000000 0.000000 0.000000 0.000000 0.000000 0.000000 
0.000000 0.000000 0.000000 0.000000 0.000000 0.000000 0.000000 0.000000 0.000001 0.000001 0.000002 0.000002 0.000004 0.000007 0.000010 0.000016 0.000025 0.000038 0.000058 0.000086 0.000127 0.000185 0.000265 0.000376 0.000527 0.000729 0.000996 0.001344 0.001790 0.002355 0.003059 0.003923 0.004969 0.006213 0.007672 0.009353 0.011258 0.013380 0.015701 0.018190 0.020807 0.023498 0.026201 0.028842 0.031347 0.033635 0.035632 0.037266 0.038479 0.039226 0.039478 0.039226 0.038479 0.037266 0.035632 0.033635 0.031347 0.028842 0.026201 0.023498 0.020807 0.018190 0.015701 0.013380 0.011258 0.009353 0.007672 0.006213 0.004969 0.003923 0.003059 0.002355 0.001790 0.001344 0.000996 0.000729 0.000527 0.000376 0.000265 0.000185 0.000127 0.000086 0.000058 0.000038 0.000025 0.000016 0.000010 0.000007 0.000004 0.000002 0.000002 0.000001 0.000001 0.000000 0.000000 0.000000 0.000000 0.000000 0.000000 0.000000 
0.000000 0.000000 0.000000 0.000000 0.000000 0.000000 0.000000 0.000001 0.000001 0.000001 0.000002 0.000004 0.000006 0.000010 0.000016 0.000026 0.000040 0.000061 0.000091 0.000136 0.000201 0.000292 0.000419 0.000594 0.000832 0.001151 0.001571 0.002119 0.002822 0.003711 0.004820 0.006180 0.007825 0.009782 0.012076 0.014719 0.017713 0.021048 0.024694 0.028605 0.032715 0.036941 0.041184 0.045332 0.049263 0.052856 0.055989 0.058555 0.060459 0.061631 0.062027 0.061631 0.060459 0.058555 0.055989 0.052856 0.049263 0.045332 0.041184 0.036941 0.032715 0.028605 0.024694 0.021048 0.017713 0.014719 0.012076 0.009782 0.007825 0.006180 0.004820 0.003711 0.002822 0.002119 0.001571 0.001151 0.000832 0.000594 0.000419 0.000292 0.000201 0.000136 0.000091 0.000061 0.000040 0.000026 0.000016 0.000010 0.000006 0.000004 0.000002 0.000001 0.000001 0.000001 0.000000 0.000000 0.000000 0.000000 0.000000 0.000000 
0.000000 0.000000 0.000000 0.000000 0.000000 0.000000 0.000000 0.000001 0.000001 0.000002 0.000004 0.000006 0.000010 0.000016 0.000026 0.000040 0.000062 0.000095 0.000143 0.000213 0.000313 0.000456 0.000654 0.000927 0.001298 0.001794 0.002449 0.003302 0.004396 0.005779 0.007502 0.009617 0.012174 0.015216 0.018778 0.022883 0.027534 0.032711 0.038371 0.044440 0.050818 0.057376 0.063959 0.070393 0.076491 0.082063 0.086923 0.090901 0.093854 0.095672 0.096285 0.095672 0.093854 0.090901 0.086923 0.082063 0.076491 0.070393 0.063959 0.057376 0.050818 0.044440 0.038371 0.032711 0.027534 0.022883 0.018778 0.015216 0.012174 0.009617 0.007502 0.005779 0.004396 0.003302 0.002449 0.001794 0.001298 0.000927 0.000654 0.000456 0.000313 0.000213 0.000143 0.000095 0.000062 0.000040 0.000026 0.000016 0.000010 0.000006 0.000004 0.000002 0.000001 0.000001 0.000000 0.000000 0.000000 0.000000 0.000000 0.000000 
0.000000 0.000000 0.000000 0.000000 0.000000 0.000000 0.000001 0.000001 0.000002 0.000004 0.000006 0.000010 0.000016 0.000025 0.000040 0.000062 0.000096 0.000146 0.000221 0.000329 0.000484 0.000703 0.001008 0.001428 0.001999 0.002763 0.003770 0.005082 0.006763 0.008889 0.011537 0.014785 0.018710 0.023381 0.028849 0.035148 0.042283 0.050224 0.058904 0.068211 0.077990 0.088043 0.098133 0.107993 0.117339 0.125877 0.133323 0.139419 0.143943 0.146727 0.147668 0.146727 0.143943 0.139419 0.133323 0.125877 0.117339 0.107993 0.098133 0.088043 0.077990 0.068211 0.058904 0.050224 0.042283 0.035148 0.028849 0.023381 0.018710 0.014785 0.011537 0.008889 0.006763 0.005082 0.003770 0.002763 0.001999 0.001428 0.001008 0.000703 0.000484 0.000329 0.000221 0.000146 0.000096 0.000062 0.000040 0.000025 0.000016 0.000010 0.000006 0.000004 0.000002 0.000001 0.000001 0.000000 0.000000 0.000000 0.000000 0.000000 
0.000000 0.000000 0.000000 0.000000 0.000000 0.000001 0.000001 0.000002 0.000003 0.000005 0.000009 0.000015 0.000024 0.000038 0.000061 0.000095 0.000146 0.000223 0.000337 0.000501 0.000737 0.001070 0.001535 0.002175 0.003042 0.004203 0.005734 0.007726 0.010280 0.013507 0.017525 0.022455 0.028409 0.035492 0.043784 0.053333 0.064148 0.076182 0.089334 0.103433 0.118245 0.133470 0.148750 0.163681 0.177830 0.190756 0.202028 0.211255 0.218103 0.222318 0.223742 0.222318 0.218103 0.211255 0.202028 0.190756 0.177830 0.163681 0.148750 0.133470 0.118245 0.103433 0.089334 0.076182 0.064148 0.053333 0.043784 0.035492 0.028409 0.022455 0.017525 0.013507 0.010280 0.007726 0.005734 0.004203 0.003042 0.002175 0.001535 0.001070 0.000737 0.000501 0.000337 0.000223 0.000146 0.000095 0.000061 0.000038 0.000024 0.000015 0.000009 0.000005 0.000003 0.000002 0.000001 0.000001 0.000000 0.000000 0.000000 0.000000 
0.000000 0.000000 0.000000 0.000000 0.000001 0.000001 0.000002 0.000003 0.000005 0.000008 0.000014 0.000022 0.000036 0.000058 0.000091 0.000143 0.000221 0.000337 0.000507 0.000755 0.001110 0.001611 0.002310 0.003270 0.004573 0.006316 0.008615 0.011604 0.015435 0.020275 0.026300 0.033689 0.042613 0.053225 0.065646 0.079948 0.096141 0.114158 0.133844 0.154946 0.177112 0.199892 0.222752 0.245087 0.266252 0.285585 0.302444 0.316243 0.326484 0.332787 0.334915 0.332787 0.326484 0.316243 0.302444 0.285585 0.266252 0.245087 0.222752 0.199892 0.177112 0.154946 0.133844 0.114158 0.096141 0.079948 0.065646 0.053225 0.042613 0.033689 0.026300 0.020275 0.015435 0.011604 0.008615 0.006316 0.004573 0.003270 0.002310 0.001611 0.001110 0.000755 0.000507 0.000337 0.000221 0.000143 0.000091 0.000058 0.000036 0.000022 0.000014 0.000008 0.000005 0.000003 0.000002 0.000001 0.000001 0.000000 0.000000 0.000000 
0.000000 0.000000 0.000000 0.000000 0.000001 0.000001 0.000002 0.000004 0.000007 0.000012 0.000020 0.000033 0.000054 0.000086 0.000136 0.000213 0.000329 0.000501 0.000755 0.001123 0.001650 0.002394 0.003432 0.004858 0.006791 0.009376 0.012784 0.017215 0.022893 0.030064 0.038988 0.049929 0.063141 0.078848 0.097229 0.118389 0.142343 0.168991 0.198102 0.229303 0.262071 0.295744 0.329531 0.362541 0.393817 0.422383 0.447294 0.467681 0.482811 0.492124 0.495268 0.492124 0.482811 0.467681 0.447294 0.422383 0.393817 0.362541 0.329531 0.295744 0.262071 0.229303 0.198102 0.168991 0.142343 0.118389 0.097229 0.078848 0.063141 0.049929 0.038988 0.030064 0.022893 0.017215 0.012784 0.009376 0.006791 0.004858 0.003432 0.002394 0.001650 0.001123 0.000755 0.000501 0.000329 0.000213 0.000136 0.000086 0.000054 0.000033 0.000020 0.000012 0.000007 0.000004 0.000002 0.000001 0.000001 0.000000 0.000000 0.000000 
0.000000 0.000000 0.000000 0.000001 0.000001 0.000002 0.000004 0.000006 0.000011 0.000018 0.000030 0.000049 0.000079 0.000127 0.000201 0.000313 0.000484 0.000737 0.001110 0.001650 0.002423 0.003515 0.005037 0.007127 0.009960 0.013748 0.018740 0.025228 0.033540 0.044034 0.057092 0.073097 0.092419 0.115386 0.142256 0.173183 0.208187 0.247123 0.289650 0.335224 0.383081 0.432254 0.481587 0.529780 0.575440 0.617140 0.653501 0.683259 0.705342 0.718934 0.723523 0.718934 0.705342 0.683259 0.653501 0.617140 0.575440 0.529780 0.481587 0.432254 0.383081 0.335224 0.289650 0.247123 0.208187 0.173183 0.142256 0.115386 0.092419 0.073097 0.057092 0.044034 0.033540 0.025228 0.018740 0.013748 0.009960 0.007127 0.005037 0.003515 0.002423 0.001650 0.001110 0.000737 0.000484 0.000313 0.000201 0.000127 0.000079 0.000049 0.000030 0.000018 0.000011 0.000006 0.000004 0.000002 0.000001 0.000001 0.000000 0.000000 
0.000000 0.000000 0.000000 0.000001 0.000002 0.000003 0.000005 0.000009 0.000016 0.000026 0.000043 0.000071 0.000115 0.000185 0.000292 0.000456 0.000703 0.001070 0.001611 0.002394 0.003515 0.005098 0.007301 0.010329 0.014430 0.019912 0.027134 0.036519 0.048537 0.063709 0.082581 0.105709 0.133623 0.166796 0.205599 0.250253 0.300785 0.356982 0.418355 0.484115 0.553161 0.624097 0.695257 0.764767 0.830616 0.890752 0.943185 0.986094 1.017936 1.037533 1.044149 1.037533 1.017936 0.986094 0.943185 0.890752 0.830616 0.764767 0.695257 0.624097 0.553161 0.484115 0.418355 0.356982 0.300785 0.250253 0.205599 0.166796 0.133623 0.105709 0.082581 0.063709 0.048537 0.036519 0.027134 0.019912 0.014430 0.010329 0.007301 0.005098 0.003515 0.002394 0.001611 0.001070 0.000703 0.000456 0.000292 0.000185 0.000115 0.000071 0.000043 0.000026 0.000016 0.000009 0.000005 0.000003 0.000002 0.000001 0.000000 0.000000 
0.000000 0.000000 0.000001 0.000001 0.000002 0.000004 0.000008 0.000013 0.000022 0.000038 0.000063 0.000102 0.000166 0.000265 0.000419 0.000654 0.001008 0.001535 0.002310 0.003432 0.005037 0.007301 0.010454 0.014784 0.020649 0.028485 0.038807 0.052214 0.069382 0.091047 0.117991 0.151002 0.190837 0.238168 0.293521 0.357209 0.429269 0.509395 0.596888 0.690622 0.789030 0.890118 0.991516 1.090554 1.184369 1.270039 1.344730 1.405852 1.451207 1.479121 1.488545 1.479121 1.451207 1.405852 1.344730 1.270039 1.184369 1.090554 0.991516 0.890118 0.789030 0.690622 0.596888 0.509395 0.429269 0.357209 0.293521 0.238168 0.190837 0.151002 0.117991 0.091047 0.069382 0.052214 0.038807 0.028485 0.020649 0.014784 0.010454 0.007301 0.005037 0.003432 0.002310 0.001535 0.001008 0.000654 0.000419 0.000265 0.000166 0.000102 0.000063 0.000038 0.000022 0.000013 0.000008 0.000004 0.000002 0.000001 0.000001 0.000000 
0.000000 0.000000 0.000001 0.000002 0.000004 0.000006 0.000011 0.000019 0.000032 0.000054 0.000089 0.000145 0.000235 0.000376 0.000594 0.000927 0.001428 0.002175 0.003270 0.004858 0.007127 0.010329 0.014784 0.020901 0.029185 0.040248 0.054819 0.073740 0.097961 0.128521 0.166518 0.213061 0.269215 0.335922 0.413920 0.503649 0.605156 0.718008 0.841219 0.973202 1.111749 1.254055 1.396784 1.536178 1.668211 1.788772 1.893878 1.979886 2.043706 2.082983 2.096242 2.082983 2.043706 1.979886 1.893878 1.788772 1.668211 1.536178 1.396784 1.254055 1.111749 0.973202 0.841219 0.718008 0.605156 0.503649 0.413920 0.335922 0.269215 0.213061 0.166518 0.128521 0.097961 0.073740 0.054819 0.040248 0.029185 0.020901 0.014784 0.010329 0.007127 0.004858 0.003270 0.002175 0.001428 0.000927 0.000594 0.000376 0.000235 0.000145 0.000089 0.000054 0.000032 0.000019 0.000011 0.000006 0.000003 0.000002 0.000001 0.000000 
0.000000 0.000001 0.000001 0.000003 0.000005 0.000009 0.000015 0.000026 0.000045 0.000075 0.000125 0.000204 0.000330 0.000527 0.000832 0.001298 0.001999 0.003042 0.004573 0.006791 0.009960 0.014430 0.020649 0.029185 0.040741 0.056170 0.076485 0.102859 0.136613 0.179192 0.232120 0.296940 0.375128 0.467994 0.576560 0.701433 0.842675 0.999681 1.171076 1.354650 1.547332 1.745222 1.943680 2.137486 2.321044 2.488643 2.634750 2.754303 2.843012 2.897605 2.916035 2.897605 2.843012 2.754303 2.634750 2.488643 2.321044 2.137486 1.943680 1.745222 1.547332 1.354650 1.171076 0.999681 0.842675 0.701433 0.576560 0.467994 0.375128 0.296940 0.232120 0.179192 0.136613 0.102859 0.076485 0.056170 0.040741 0.029185 0.020649 0.014430 0.009960 0.006791 0.004573 0.003042 0.001999 0.001298 0.000832 0.000527 0.000330 0.000204 0.000125 0.000075 0.000045 0.000026 0.000015 0.000009 0.000005 0.000003 0.000001 0.000000 
0.000000 0.000001 0.000002 0.000004 0.000007 0.000012 0.000021 0.000037 0.000062 0.000104 0.000172 0.000282 0.000456 0.000729 0.001151 0.001794 0.002763 0.004203 0.006316 0.009376 0.013748 0.019912 0.028485 0.040248 0.056170 0.077423 0.105399 0.141711 0.188172 0.246767 0.319590 0.408757 0.516294 0.643994 0.793258 0.964915 1.159044 1.374810 1.610320 1.862535 2.127234 2.399060 2.671643 2.937814 3.189893 3.420043 3.620667 3.784825 3.906626 3.981584 4.006888 3.981584 3.906626 3.784825 3.620667 3.420043 3.189893 2.937814 2.671643 2.399060 2.127234 1.862535 1.610320 1.374810 1.159044 0.964915 0.793258 0.643994 0.516294 0.408757 0.319590 0.246767 0.188172 0.141711 0.105399 0.077423 0.056170 0.040248 0.028485 0.019912 0.013748 0.009376 0.006316 0.004203 0.002763 0.001794 0.001151 0.000729 0.000456 0.000282 0.000172 0.000104 0.000062 0.000037 0.000021 0.000012 0.000007 0.000004 0.000002 0.000000 
0.000000 0.000001 0.000003 0.000005 0.000009 0.000017 0.000029 0.000050 0.000085 0.000142 0.000236 0.000386 0.000624 0.000996 0.001571 0.002449 0.003770 0.005734 0.008615 0.012784 0.018740 0.027134 0.038807 0.054819 0.076485 0.105399 0.143452 0.192830 0.255996 0.335642 0.434607 0.555760 0.701846 0.875295 1.077998 1.311077 1.574631 1.867520 2.187171 2.529455 2.888643 3.257467 3.627286 3.988379 4.330330 4.642517 4.914641 5.137293 5.302491 5.404153 5.438473 5.404153 5.302491 5.137293 4.914641 4.642517 4.330330 3.988379 3.627286 3.257467 2.888643 2.529455 2.187171 1.867520 1.574631 1.311077 1.077998 0.875295 0.701846 0.555760 0.434607 0.335642 0.255996 0.192830 0.143452 0.105399 0.076485 0.054819 0.038807 0.027134 0.018740 0.012784 0.008615 0.005734 0.003770 0.002449 0.001571 0.000996 0.000624 0.000386 0.000236 0.000142 0.000085 0.000050 0.000029 0.000017 0.000009 0.000005 0.000002 0.000000 
0.000000 0.000002 0.000004 0.000007 0.000013 0.000023 0.000039 0.000068 0.000115 0.000192 0.000319 0.000521 0.000842 0.001344 0.002119 0.003302 0.005082 0.007726 0.011604 0.017215 0.025228 0.036519 0.052214 0.073740 0.102859 0.141711 0.192830 0.259148 0.343967 0.450894 0.583732 0.746323 0.942340 1.175032 1.446931 1.759526 2.112946 2.505653 2.934191 3.393021 3.874463 4.368774 4.864378 5.348251 5.806446 6.224733 6.589326 6.887626 7.108944 7.245140 7.291117 7.245140 7.108944 6.887626 6.589326 6.224733 5.806446 5.348251 4.864378 4.368774 3.874463 3.393021 2.934191 2.505653 2.112946 1.759526 1.446931 1.175032 0.942340 0.746323 0.583732 0.450894 0.343967 0.259148 0.192830 0.141711 0.102859 0.073740 0.052214 0.036519 0.025228 0.017215 0.011604 0.007726 0.005082 0.003302 0.002119 0.001344 0.000842 0.000521 0.000319 0.000192 0.000115 0.000068 0.000039 0.000023 0.000013 0.000007 0.000003 0.000000 
0.000000 0.000002 0.000005 0.000009 0.000017 0.000030 0.000053 0.000090 0.000153 0.000257 0.000425 0.000694 0.001122 0.001790 0.002822 0.004396 0.006763 0.010280 0.015435 0.022893 0.033540 0.048537 0.069382 0.097961 0.136613 0.188172 0.255996 0.343967 0.456458 0.598241 0.774349 0.989864 1.249642 1.557977 1.918209 2.332300 2.800410 3.320491 3.887960 4.495479 5.132874 5.787248 6.443283 7.083745 7.690180 8.243768 8.726272 9.121028 9.413903 9.594131 9.654972 9.594131 9.413903 9.121028 8.726272 8.243768 7.690180 7.083745 6.443283 5.787248 5.132874 4.495479 3.887960 3.320491 2.800410 2.332300 1.918209 1.557977 1.249642 0.989864 0.774349 0.598241 0.456458 0.343967 0.255996 0.188172 0.136613 0.097961 0.069382 0.048537 0.033540 0.022893 0.015435 0.010280 0.006763 0.004396 0.002822 0.001790 0.001122 0.000694 0.000425 0.000257 0.000153 0.000090 0.000053 0.000030 0.000017 0.000009 0.000004 0.000000 
0.000000 0.000003 0.000007 0.000013 0.000023 0.000040 0.000069 0.000119 0.000202 0.000338 0.000559 0.000914 0.001476 0.002355 0.003711 0.005779 0.008889 0.013507 0.020275 0.030064 0.044034 0.063709 0.091047 0.128521 0.179192 0.246767 0.335642 0.450894 0.598241 0.783923 1.014517 1.296661 1.636700 2.040236 2.511626 3.053422 3.665817 4.346123 5.088335 5.882848 6.716357 7.571997 8.429742 9.267070 10.059865 10.783537 11.414257 11.930258 12.313077 12.548650 12.628173 12.548650 12.313077 11.930258 11.414257 10.783537 10.059865 9.267070 8.429742 7.571997 6.716357 5.882848 5.088335 4.346123 3.665817 3.053422 2.511626 2.040236 1.636700 1.296661 1.014517 0.783923 0.598241 0.450894 0.335642 0.246767 0.179192 0.128521 0.091047 0.063709 0.044034 0.030064 0.020275 0.013507 0.008889 0.005779 0.003711 0.002355 0.001476 0.000914 0.000559 0.000338 0.000202 0.000119 0.000069 0.000040 0.000022 0.000012 0.000005 0.000000 
0.000000 0.000004 0.000009 0.000016 0.000029 0.000052 0.000090 0.000155 0.000263 0.000440 0.000727 0.001188 0.001918 0.003059 0.004820 0.007502 0.011537 0.017525 0.026300 0.038988 0.057092 0.082581 0.117991 0.166518 0.232120 0.319590 0.434607 0.583732 0.774349 1.014517 1.312724 1.677540 2.117146 2.638768 3.248014 3.948169 4.739462 5.618405 6.577230 7.603519 8.680086 9.785148 10.892850 11.974114 12.997814 13.932213 14.746561 15.412769 15.907013 16.211149 16.313816 16.211149 15.907013 15.412769 14.746561 13.932213 12.997814 11.974114 10.892850 9.785148 8.680086 7.603519 6.577230 5.618405 4.739462 3.948169 3.248014 2.638768 2.117146 1.677540 1.312724 1.014517 0.774349 0.583732 0.434607 0.319590 0.232120 0.166518 0.117991 0.082581 0.057092 0.038988 0.026300 0.017525 0.011537 0.007502 0.004820 0.003059 0.001918 0.001188 0.000727 0.000440 0.000263 0.000155 0.000090 0.000052 0.000029 0.000015 0.000007 0.000000 
0.000000 0.000005 0.000011 0.000021 0.000038 0.000067 0.000116 0.000199 0.000337 0.000565 0.000934 0.001525 0.002461 0.003923 0.006180 0.009617 0.014785 0.022455 0.033689 0.049929 0.073097 0.105709 0.151002 0.213061 0.296940 0.408757 0.555760 0.746323 0.989864 1.296661 1.677540 2.143421 2.704731 3.370670 4.148377 5.042018 6.051869 7.173458 8.396860 9.706223 11.079614 12.489250 13.902155 15.281253 16.586862 17.778522 18.817039 19.666611 20.296875 20.684704 20.815623 20.684704 20.296875 19.666611 18.817039 17.778522 16.586862 15.281253 13.902155 12.489250 11.079614 9.706223 8.396860 7.173458 6.051869 5.042018 4.148377 3.370670 2.704731 2.143421 1.677540 1.296661 0.989864 0.746323 0.555760 0.408757 0.296940 0.213061 0.151002 0.105709 0.073097 0.049929 0.033689 0.022455 0.014785 0.009617 0.006180 0.003923 0.002461 0.001525 0.000934 0.000565 0.000337 0.000199 0.000116 0.000067 0.000037 0.000020 0.000008 0.000000 
0.000000 0.000006 0.000014 0.000027 0.000048 0.000085 0.000148 0.000253 0.000428 0.000716 0.001183 0.001932 0.003117 0.004969 0.007825 0.012174 0.018710 0.028409 0.042613 0.063141 0.092419 0.133623 0.190837 0.269215 0.375128 0.516294 0.701846 0.942340 1.249642 1.636700 2.117146 2.704731 3.412575 4.252255 5.232740 6.359258 7.632130 9.045700 10.587441 12.237368 13.967837 15.743846 17.523857 19.261175 20.905832 22.406884 23.714984 24.785061 25.578891 26.067362 26.232254 26.067362 25.578891 24.785061 23.714984 22.406884 20.905832 19.261175 17.523857 15.743846 13.967837 12.237368 10.587441 9.045700 7.632130 6.359258 5.232740 4.252255 3.412575 2.704731 2.117146 1.636700 1.249642 0.942340 0.701846 0.516294 0.375128 0.269215 0.190837 0.133623 0.092419 0.063141 0.042613 0.028409 0.018710 0.012174 0.007825 0.004969 0.003117 0.001932 0.001183 0.000716 0.000428 0.000253 0.000147 0.000084 0.000047 0.000025 0.000011 0.000000 
0.000000 0.000007 0.000017 0.000033 0.000060 0.000106 0.000185 0.000317 0.000536 0.000896 0.001481 0.002417 0.003899 0.006213 0.009782 0.015216 0.023381 0.035492 0.053225 0.078848 0.115386 0.166796 0.238168 0.335922 0.467994 0.643994 0.875295 1.175032 1.557977 2.040236 2.638768 3.370670 4.252255 5.297904 6.518756 7.921286 9.505865 11.265427 13.184362 15.237780 17.391275 19.601289 21.816146 23.977762 26.023988 27.891467 29.518836 30.850052 31.837585 32.445240 32.650363 32.445240 31.837585 30.850052 29.518836 27.891467 26.023988 23.977762 21.816146 19.601289 17.391275 15.237780 13.184362 11.265427 9.505865 7.921286 6.518756 5.297904 4.252255 3.370670 2.638768 2.040236 1.557977 1.175032 0.875295 0.643994 0.467994 0.335922 0.238168 0.166796 0.115386 0.078848 0.053225 0.035492 0.023381 0.015216 0.009782 0.006213 0.003899 0.002417 0.001481 0.000896 0.000536 0.000316 0.000184 0.000106 0.000059 0.000031 0.000013 0.000000 
0.000000 0.000009 0.000022 0.000041 0.000075 0.000132 0.000229 0.000392 0.000663 0.001108 0.001830 0.002986 0.004815 0.007672 0.012076 0.018778 0.028849 0.043784 0.065646 0.097229 0.142256 0.205599 0.293521 0.413920 0.576560 0.793258 1.077998 1.446931 1.918209 2.511626 3.248014 4.148377 5.232740 6.518756 8.020084 9.744648 11.692874 13.856042 16.214941 18.738960 21.385803 24.101936 26.823862 29.480220 31.994663 34.289369 36.288970 37.924634 39.137992 39.884594 40.136619 39.884594 39.137992 37.924634 36.288970 34.289369 31.994663 29.480220 26.823862 24.101936 21.385803 18.738960 16.214941 13.856042 11.692874 9.744648 8.020084 6.518756 5.232740 4.148377 3.248014 2.511626 1.918209 1.446931 1.077998 0.793258 0.576560 0.413920 0.293521 0.205599 0.142256 0.097229 0.065646 0.043784 0.028849 0.018778 0.012076 0.007672 0.004815 0.002986 0.001830 0.001108 0.000662 0.000391 0.000228 0.000131 0.000073 0.000039 0.000017 0.000000 
0.000000 0.000011 0.000026 0.000051 0.000091 0.000161 0.000279 0.000478 0.000809 0.001352 0.002232 0.003642 0.005872 0.009353 0.014719 0.022883 0.035148 0.053333 0.079948 0.118389 0.173183 0.250253 0.357209 0.503649 0.701433 0.964915 1.311077 1.759526 2.332300 3.053422 3.948169 5.042018 6.359258 7.921286 9.744648 11.838928 14.204601 16.831049 19.694920 22.759033 25.972036 29.268950 32.572714 35.796736 38.848385 41.633249 44.059899 46.044838 47.517266 48.423268 48.729098 48.423268 47.517266 46.044838 44.059899 41.633249 38.848385 35.796736 32.572714 29.268950 25.972036 22.759033 19.694920 16.831049 14.204601 11.838928 9.744648 7.921286 6.359258 5.042018 3.948169 3.053422 2.332300 1.759526 1.311077 0.964915 0.701433 0.503649 0.357209 0.250253 0.173183 0.118389 0.079948 0.053333 0.035148 0.022883 0.014719 0.009353 0.005872 0.003642 0.002232 0.001352 0.000809 0.000478 0.000279 0.000160 0.000090 0.000047 0.000020 0.000000 
0.000000 0.000014 0.000032 0.000061 0.000110 0.000194 0.000337 0.000576 0.000975 0.001628 0.002689 0.004386 0.007070 0.011258 0.017713 0.027534 0.042283 0.064148 0.096141 0.142343 0.208187 0.300785 0.429269 0.605156 0.842675 1.159044 1.574631 2.112946 2.800410 3.665817 4.739462 6.051869 7.632130 9.505865 11.692874 14.204601 17.041575 20.191025 23.624921 27.298664 31.150678 35.103065 39.063460 42.928088 46.585947 49.923908 52.832428 55.211470 56.976214 58.062068 58.428607 58.062068 56.976214 55.211470 52.832428 49.923908 46.585947 42.928088 39.063460 35.103065 31.150678 27.298664 23.624921 20.191025 17.041575 14.204601 11.692874 9.505865 7.632130 6.051869 4.739462 3.665817 2.800410 2.112946 1.574631 1.159044 0.842675 0.605156 0.429269 0.300785 0.208187 0.142343 0.096141 0.064148 0.042283 0.027534 0.017713 0.011258 0.007070 0.004386 0.002689 0.001628 0.000974 0.000576 0.000336 0.000193 0.000108 0.000057 0.000024 0.000000 
0.000000 0.000016 0.000038 0.000073 0.000131 0.000231 0.000401 0.000686 0.001159 0.001937 0.003197 0.005215 0.008404 0.013380 0.021048 0.032711 0.050224 0.076182 0.114158 0.168991 0.247123 0.356982 0.509395 0.718008 0.999681 1.374810 1.867520 2.505653 3.320491 4.346123 5.618405 7.173458 9.045700 11.265427 13.856042 16.831049 20.191025 23.920807 27.987165 32.337269 36.898197 41.577722 46.266503 50.841709 55.171966 59.123396 62.566366 65.382506 67.471450 68.756772 69.190641 68.756772 67.471450 65.382506 62.566366 59.123396 55.171966 50.841709 46.266503 41.577722 36.898197 32.337269 27.987165 23.920807 20.191025 16.831049 13.856042 11.265427 9.045700 7.173458 5.618405 4.346123 3.320491 2.505653 1.867520 1.374810 0.999681 0.718008 0.509395 0.356982 0.247123 0.168991 0.114158 0.076182 0.050224 0.032711 0.021048 0.013380 0.008404 0.005215 0.003197 0.001937 0.001159 0.000685 0.000400 0.000230 0.000129 0.000068 0.000029 0.000000 
0.000000 0.000019 0.000045 0.000085 0.000154 0.000271 0.000471 0.000806 0.001362 0.002275 0.003754 0.006122 0.009863 0.015701 0.024694 0.038371 0.058904 0.089334 0.133844 0.198102 0.289650 0.418355 0.596888 0.841219 1.171076 1.610320 2.187171 2.934191 3.887960 5.088335 6.577230 8.396860 10.587441 13.184362 16.214941 19.694920 23.624921 27.987165 32.742755 37.829884 43.163267 48.635063 54.117439 59.466805 64.529601 69.149347 73.174537 76.466833 78.908940 80.411549 80.918761 80.411549 78.908940 76.466833 73.174537 69.149347 64.529601 59.466805 54.117439 48.635063 43.163267 37.829884 32.742755 27.987165 23.624921 19.694920 16.214941 13.184362 10.587441 8.396860 6.577230 5.088335 3.887960 2.934191 2.187171 1.610320 1.171076 0.841219 0.596888 0.418355 0.289650 0.198102 0.133844 0.089334 0.058904 0.038371 0.024694 0.015701 0.009863 0.006122 0.003754 0.002275 0.001362 0.000805 0.000470 0.000270 0.000151 0.000080 0.000034 0.000000 
0.000000 0.000022 0.000052 0.000099 0.000179 0.000315 0.000546 0.000934 0.001579 0.002637 0.004352 0.007095 0.011429 0.018190 0.028605 0.044440 0.068211 0.103433 0.154946 0.229303 0.335224 0.484115 0.690622 0.973202 1.354650 1.862535 2.529455 3.393021 4.495479 5.882848 7.603519 9.706223 12.237368 15.237780 18.738960 22.759033 27.298664 32.337269 37.829884 43.705100 49.864412 56.183285 62.514117 68.691130 74.537050 79.871242 84.518824 88.320119 91.139746 92.874624 93.460237 92.874624 91.139746 88.320119 84.518824 79.871242 74.537050 68.691130 62.514117 56.183285 49.864412 43.705100 37.829884 32.337269 27.298664 22.759033 18.738960 15.237780 12.237368 9.706223 7.603519 5.882848 4.495479 3.393021 2.529455 1.862535 1.354650 0.973202 0.690622 0.484115 0.335224 0.229303 0.154946 0.103433 0.068211 0.044440 0.028605 0.018190 0.011429 0.007095 0.004351 0.002637 0.001579 0.000934 0.000545 0.000313 0.000175 0.000093 0.000040 0.000000 
0.000000 0.000025 0.000059 0.000114 0.000205 0.000361 0.000625 0.001070 0.001808 0.003018 0.004980 0.008118 0.013075 0.020807 0.032715 0.050818 0.077990 0.118245 0.177112 0.262071 0.383081 0.553161 0.789030 1.111749 1.547332 2.127234 2.888643 3.874463 5.132874 6.716357 8.680086 11.079614 13.967837 17.391275 21.385803 25.972036 31.150678 36.898197 43.163267 49.864412 56.889270 64.095814 71.315727 78.359986 85.026472 91.109250 96.408951 100.743549 103.958715 105.936945 106.604700 105.936945 103.958715 100.743549 96.408951 91.109250 85.026472 78.359986 71.315727 64.095814 56.889270 49.864412 43.163267 36.898197 31.150678 25.972036 21.385803 17.391275 13.967837 11.079614 8.680086 6.716357 5.132874 3.874463 2.888643 2.127234 1.547332 1.111749 0.789030 0.553161 0.383081 0.262071 0.177112 0.118245 0.077990 0.050818 0.032715 0.020807 0.013075 0.008118 0.004980 0.003018 0.001807 0.001069 0.000624 0.000359 0.000201 0.000106 0.000045 0.000000 
0.000000 0.000029 0.000067 0.000128 0.000232 0.000408 0.000707 0.001209 0.002043 0.003411 0.005626 0.009170 0.014768 0.023498 0.036941 0.057376 0.088043 0.133470 0.199892 0.295744 0.432254 0.624097 0.890118 1.254055 1.745222 2.399060 3.257467 4.368774 5.787248 7.571997 9.785148 12.489250 15.743846 19.601289 24.101936 29.268950 35.103065 41.577722 48.635063 56.183285 64.095814 72.212681 80.344332 88.277909 95.785823 102.636201 108.604571 113.485996 117.106728 119.334479 120.086456 119.334479 117.106728 113.485996 108.604571 102.636201 95.785823 88.277909 80.344332 72.212681 64.095814 56.183285 48.635063 41.577722 35.103065 29.268950 24.101936 19.601289 15.743846 12.489250 9.785148 7.571997 5.787248 4.368774 3.257467 2.399060 1.745222 1.254055 0.890118 0.624097 0.432254 0.295744 0.199892 0.133470 0.088043 0.057376 0.036941 0.023498 0.014768 0.009170 0.005626 0.003411 0.002043 0.001208 0.000706 0.000406 0.000227 0.000120 0.000051 0.000000 
0.000000 0.000032 0.000075 0.000143 0.000259 0.000455 0.000789 0.001349 0.002279 0.003805 0.006276 0.010227 0.016468 0.026201 0.041184 0.063959 0.098133 0.148750 0.222752 0.329531 0.481587 0.695257 0.991516 1.396784 1.943680 2.671643 3.627286 4.864378 6.443283 8.429742 10.892850 13.902155 17.523857 21.816146 26.823862 32.572714 39.063460 46.266503 54.117439 62.514117 71.315727 80.344332 89.389109 98.213332 106.563909 114.182996 120.820992 126.250018 130.276884 132.754504 133.590822 132.754504 130.276884 126.250018 120.820992 114.182996 106.563909 98.213332 89.389109 80.344332 71.315727 62.514117 54.117439 46.266503 39.063460 32.572714 26.823862 21.816146 17.523857 13.902155 10.892850 8.429742 6.443283 4.864378 3.627286 2.671643 1.943680 1.396784 0.991516 0.695257 0.481587 0.329531 0.222752 0.148750 0.098133 0.063959 0.041184 0.026201 0.016468 0.010227 0.006276 0.003805 0.002279 0.001349 0.000787 0.000453 0.000254 0.000134 0.000057 0.000000 
