0.000000 0.000000 0.000000 0.000000 0.000000 0.000000 0.000000 0.000000 0.000000 0.000000 0.000000 0.000000 0.000000 0.000000 0.000000 0.000000 0.000000 0.000000 0.000000 0.000000 0.000000 0.000000 0.000000 0.000000 0.000000 0.000000 0.000000 0.000000 0.000000 0.000000 0.000000 0.000000 0.000000 0.000000 0.000000 0.000000 0.000000 0.000000 0.000000 0.000000 0.000000 0.000000 0.000000 0.000000 0.000000 0.000000 0.000000 0.000000 0.000000 0.000000 0.000000 0.000000 0.000000 0.000000 0.000000 0.000000 0.000000 0.000000 0.000000 0.000000 0.000000 0.000000 0.000000 0.000000 0.000000 0.000000 0.000000 0.000000 0.000000 0.000000 0.000000 0.000000 0.000000 0.000000 0.000000 0.000000 0.000000 0.000000 0.000000 0.000000 0.000000 0.000000 0.000000 0.000000 0.000000 0.000000 0.000000 0.000000 0.000000 0.000000 0.000000 0.000000 0.000000 0.000000 0.000000 0.000000 0.000000 0.000000 0.000000 0.000000 
0.000000 0.000000 0.000000 0.000000 0.000000 0.000000 0.000000 0.000001 0.000001 0.000001 0.000002 0.000002 0.000003 0.000005 0.000006 0.000009 0.000012 0.000016 0.000021 0.000028 0.000037 0.000048 0.000062 0.000080 0.000101 0.000127 0.000158 0.000195 0.000239 0.000290 0.000349 0.000416 0.000491 0.000575 0.000667 0.000767 0.000874 0.000987 0.001105 0.001225 0.001347 0.001467 0.001584 0.001695 0.001797 0.001888 0.001966 0.002029 0.002075 0.002104 0.002113 0.002104 0.002075 0.002029 0.001966 0.001888 0.001797 0.001695 0.001584 0.001467 0.001347 0.001225 0.001105 0.000987 0.000874 0.000767 0.000667 0.000575 0.000491 0.000416 0.000349 0.000290 0.000239 0.000195 0.000158 0.000127 0.000101 0.000080 0.000062 0.000048 0.000037 0.000028 0.000021 0.000016 0.000012 0.000009 0.000006 0.000005 0.000003 0.000002 0.000002 0.000001 0.000001 0.000001 0.000000 0.000000 0.000000 0.000000 0.000000 0.000000 
0.000000 0.000000 0.000000 0.000000 0.000000 0.000001 0.000001 0.000001 0.000002 0.000002 0.000003 0.000005 0.000007 0.000010 0.000014 0.000019 0.000025 0.000034 0.000046 0.000061 0.000080 0.000104 0.000135 0.000173 0.000219 0.000275 0.000343 0.000424 0.000519 0.000629 0.000757 0.000902 0.001065 0.001246 0.001446 0.001662 0.001894 0.002139 0.002393 0.002655 0.002918 0.003178 0.003431 0.003671 0.003893 0.004090 0.004260 0.004396 0.004496 0.004557 0.004578 0.004557 0.004496 0.004396 0.004260 0.004090 0.003893 0.003671 0.003431 0.003178 0.002918 0.002655 0.002393 0.002139 0.001894 0.001662 0.001446 0.001246 0.001065 0.000902 0.000757 0.000629 0.000519 0.000424 0.000343 0.000275 0.000219 0.000173 0.000135 0.000104 0.000080 0.000061 0.000046 0.000034 0.000025 0.000019 0.000014 0.000010 0.000007 0.000005 0.000003 0.000002 0.000002 0.000001 0.000001 0.000001 0.000000 0.000000 0.000000 0.000000 
0.000000 0.000000 0.000000 0.000000 0.000001 0.000001 0.000001 0.000002 0.000003 0.000004 0.000006 0.000008 0.000012 0.000017 0.000023 0.000032 0.000043 0.000059 0.000078 0.000104 0.000137 0.000178 0.000230 0.000294 0.000373 0.000469 0.000584 0.000722 0.000883 0.001072 0.001289 0.001535 0.001813 0.002122 0.002462 0.002830 0.003224 0.003641 0.004074 0.004519 0.004967 0.005410 0.005840 0.006248 0.006625 0.006961 0.007249 0.007481 0.007652 0.007756 0.007791 0.007756 0.007652 0.007481 0.007249 0.006961 0.006625 0.006248 0.005840 0.005410 0.004967 0.004519 0.004074 0.003641 0.003224 0.002830 0.002462 0.002122 0.001813 0.001535 0.001289 0.001072 0.000883 0.000722 0.000584 0.000469 0.000373 0.000294 0.000230 0.000178 0.000137 0.000104 0.000078 0.000059 0.000043 0.000032 0.000023 0.000017 0.000012 0.000008 0.000006 0.000004 0.000003 0.000002 0.000001 0.000001 0.000001 0.000000 0.000000 0.000000 
0.000000 0.000000 0.000000 0.000001 0.000001 0.000001 0.000002 0.000003 0.000005 0.000007 0.000009 0.000013 0.000019 0.000026 0.000037 0.000050 0.000068 0.000092 0.000123 0.000164 0.000215 0.000280 0.000362 0.000463 0.000587 0.000738 0.000920 0.001136 0.001390 0.001686 0.002027 0.002415 0.002851 0.003337 0.003871 0.004449 0.005069 0.005723 0.006405 0.007103 0.007806 0.008503 0.009179 0.009820 0.010411 0.010940 0.011392 0.011756 0.012024 0.012187 0.012242 0.012187 0.012024 0.011756 0.011392 0.010940 0.010411 0.009820 0.009179 0.008503 0.007806 0.007103 0.006405 0.005723 0.005069 0.004449 0.003871 0.003337 0.002851 0.002415 0.002027 0.001686 0.001390 0.001136 0.000920 0.000738 0.000587 0.000463 0.000362 0.000280 0.000215 0.000164 0.000123 0.000092 0.000068 0.000050 0.000037 0.000026 0.000019 0.000013 0.000009 0.000007 0.000005 0.000003 0.000002 0.000001 0.000001 0.000001 0.000000 0.000000 
0.000000 0.000000 0.000001 0.000001 0.000001 0.000002 0.000003 0.000005 0.000007 0.000010 0.000014 0.000020 0.000029 0.000040 0.000056 0.000076 0.000104 0.000140 0.000188 0.000249 0.000327 0.000426 0.000550 0.000704 0.000893 0.001122 0.001397 0.001725 0.002111 0.002561 0.003078 0.003667 0.004330 0.005067 0.005876 0.006754 0.007694 0.008687 0.009720 0.010779 0.011846 0.012903 0.013928 0.014899 0.015797 0.016598 0.017283 0.017836 0.018242 0.018490 0.018573 0.018490 0.018242 0.017836 0.017283 0.016598 0.015797 0.014899 0.013928 0.012903 0.011846 0.010779 0.009720 0.008687 0.007694 0.006754 0.005876 0.005067 0.004330 0.003667 0.003078 0.002561 0.002111 0.001725 0.001397 0.001122 0.000893 0.000704 0.000550 0.000426 0.000327 0.000249 0.000188 0.000140 0.000104 0.000076 0.000056 0.000040 0.000029 0.000020 0.000014 0.000010 0.000007 0.000005 0.000003 0.000002 0.000001 0.000001 0.000000 0.000000 
0.000000 0.000000 0.000001 0.000001 0.000002 0.000003 0.000005 0.000007 0.000010 0.000015 0.000021 0.000030 0.000043 0.000060 0.000083 0.000114 0.000155 0.000210 0.000280 0.000372 0.000488 0.000636 0.000821 0.001050 0.001331 0.001672 0.002083 0.002572 0.003147 0.003816 0.004586 0.005463 0.006450 0.007547 0.008752 0.010059 0.011458 0.012935 0.014472 0.016047 0.017635 0.019207 0.020732 0.022178 0.023512 0.024704 0.025724 0.026546 0.027149 0.027518 0.027642 0.027518 0.027149 0.026546 0.025724 0.024704 0.023512 0.022178 0.020732 0.019207 0.017635 0.016047 0.014472 0.012935 0.011458 0.010059 0.008752 0.007547 0.006450 0.005463 0.004586 0.003816 0.003147 0.002572 0.002083 0.001672 0.001331 0.001050 0.000821 0.000636 0.000488 0.000372 0.000280 0.000210 0.000155 0.000114 0.000083 0.000060 0.000043 0.000030 0.000021 0.000015 0.000010 0.000007 0.000005 0.000003 0.000002 0.000001 0.000001 0.000000 
0.000000 0.000001 0.000001 0.000002 0.000003 0.000005 0.000007 0.000010 0.000015 0.000022 0.000032 0.000045 0.000063 0.000089 0.000123 0.000168 0.000229 0.000309 0.000413 0.000547 0.000719 0.000936 0.001208 0.001545 0.001959 0.002462 0.003066 0.003784 0.004629 0.005613 0.006745 0.008034 0.009484 0.011097 0.012867 0.014787 0.016843 0.019012 0.021270 0.023584 0.025916 0.028224 0.030463 0.032586 0.034546 0.036296 0.037793 0.039000 0.039886 0.040427 0.040610 0.040427 0.039886 0.039000 0.037793 0.036296 0.034546 0.032586 0.030463 0.028224 0.025916 0.023584 0.021270 0.019012 0.016843 0.014787 0.012867 0.011097 0.009484 0.008034 0.006745 0.005613 0.004629 0.003784 0.003066 0.002462 0.001959 0.001545 0.001208 0.000936 0.000719 0.000547 0.000413 0.000309 0.000229 0.000168 0.000123 0.000089 0.000063 0.000045 0.000032 0.000022 0.000015 0.000010 0.000007 0.000005 0.000003 0.000002 0.000001 0.000000 
0.000000 0.000001 0.000002 0.000003 0.000005 0.000007 0.000010 0.000015 0.000022 0.000032 0.000046 0.000066 0.000093 0.000129 0.000179 0.000246 0.000334 0.000451 0.000602 0.000798 0.001048 0.001364 0.001761 0.002251 0.002854 0.003585 0.004464 0.005510 0.006740 0.008171 0.009819 0.011693 0.013802 0.016147 0.018721 0.021513 0.024501 0.027656 0.030938 0.034301 0.037690 0.041045 0.044299 0.047384 0.050232 0.052774 0.054950 0.056705 0.057992 0.058778 0.059043 0.058778 0.057992 0.056705 0.054950 0.052774 0.050232 0.047384 0.044299 0.041045 0.037690 0.034301 0.030938 0.027656 0.024501 0.021513 0.018721 0.016147 0.013802 0.011693 0.009819 0.008171 0.006740 0.005510 0.004464 0.003585 0.002854 0.002251 0.001761 0.001364 0.001048 0.000798 0.000602 0.000451 0.000334 0.000246 0.000179 0.000129 0.000093 0.000066 0.000046 0.000032 0.000022 0.000015 0.000010 0.000007 0.000004 0.000003 0.000001 0.000000 
0.000000 0.000001 0.000002 0.000004 0.000007 0.000010 0.000015 0.000022 0.000032 0.000047 0.000067 0.000095 0.000134 0.000187 0.000259 0.000355 0.000483 0.000651 0.000870 0.001153 0.001514 0.001970 0.002541 0.003249 0.004118 0.005173 0.006441 0.007948 0.009721 0.011784 0.014158 0.016860 0.019898 0.023276 0.026985 0.031007 0.035310 0.039853 0.044580 0.049423 0.054303 0.059133 0.063818 0.068260 0.072359 0.076019 0.079151 0.081677 0.083530 0.084662 0.085042 0.084662 0.083530 0.081677 0.079151 0.076019 0.072359 0.068260 0.063818 0.059133 0.054303 0.049423 0.044580 0.039853 0.035310 0.031007 0.026985 0.023276 0.019898 0.016860 0.014158 0.011784 0.009721 0.007948 0.006441 0.005173 0.004118 0.003249 0.002541 0.001970 0.001514 0.001153 0.000870 0.000651 0.000483 0.000355 0.000259 0.000187 0.000134 0.000095 0.000067 0.000047 0.000032 0.000022 0.000015 0.000010 0.000006 0.000004 0.000002 0.000000 
0.000000 0.000002 0.000003 0.000006 0.000009 0.000014 0.000021 0.000032 0.000046 0.000067 0.000096 0.000136 0.000192 0.000268 0.000371 0.000508 0.000692 0.000932 0.001246 0.001650 0.002166 0.002819 0.003636 0.004648 0.005890 0.007398 0.009209 0.011362 0.013895 0.016842 0.020234 0.024092 0.028431 0.033254 0.038549 0.044290 0.050434 0.056918 0.063664 0.070576 0.077540 0.084433 0.091118 0.097456 0.103304 0.108526 0.112995 0.116598 0.119242 0.120857 0.121400 0.120857 0.119242 0.116598 0.112995 0.108526 0.103304 0.097456 0.091118 0.084433 0.077540 0.070576 0.063664 0.056918 0.050434 0.044290 0.038549 0.033254 0.028431 0.024092 0.020234 0.016842 0.013895 0.011362 0.009209 0.007398 0.005890 0.004648 0.003636 0.002819 0.002166 0.001650 0.001246 0.000932 0.000692 0.000508 0.000371 0.000268 0.000192 0.000136 0.000096 0.000067 0.000046 0.000032 0.000021 0.000014 0.000009 0.000005 0.000002 0.000000 
0.000000 0.000002 0.000005 0.000008 0.000013 0.000020 0.000030 0.000045 0.000066 0.000095 0.000136 0.000193 0.000272 0.000380 0.000526 0.000722 0.000982 0.001323 0.001768 0.002341 0.003073 0.003998 0.005156 0.006590 0.008350 0.010486 0.013051 0.016101 0.019688 0.023861 0.028663 0.034124 0.040267 0.047093 0.054587 0.062711 0.071404 0.080579 0.090123 0.099901 0.109753 0.119503 0.128959 0.137923 0.146195 0.153581 0.159901 0.164997 0.168735 0.171019 0.171787 0.171019 0.168735 0.164997 0.159901 0.153581 0.146195 0.137923 0.128959 0.119503 0.109753 0.099901 0.090123 0.080579 0.071404 0.062711 0.054587 0.047093 0.040267 0.034124 0.028663 0.023861 0.019688 0.016101 0.013051 0.010486 0.008350 0.006590 0.005156 0.003998 0.003073 0.002341 0.001768 0.001323 0.000982 0.000722 0.000526 0.000380 0.000272 0.000193 0.000136 0.000095 0.000066 0.000045 0.000030 0.000020 0.000013 0.000008 0.000003 0.000000 
0.000000 0.000003 0.000007 0.000012 0.000019 0.000029 0.000043 0.000063 0.000093 0.000134 0.000192 0.000272 0.000384 0.000535 0.000741 0.001016 0.001381 0.001861 0.002486 0.003292 0.004321 0.005621 0.007247 0.009263 0.011734 0.014733 0.018336 0.022618 0.027654 0.033511 0.040250 0.047915 0.056534 0.066112 0.076625 0.088023 0.100216 0.113085 0.126472 0.140184 0.154000 0.167672 0.180932 0.193501 0.205099 0.215455 0.224316 0.231460 0.236701 0.239903 0.240980 0.239903 0.236701 0.231460 0.224316 0.215455 0.205099 0.193501 0.180932 0.167672 0.154000 0.140184 0.126472 0.113085 0.100216 0.088023 0.076625 0.066112 0.056534 0.047915 0.040250 0.033511 0.027654 0.022618 0.018336 0.014733 0.011734 0.009263 0.007247 0.005621 0.004321 0.003292 0.002486 0.001861 0.001381 0.001016 0.000741 0.000535 0.000384 0.000272 0.000192 0.000134 0.000092 0.000063 0.000043 0.000028 0.000018 0.000011 0.000005 0.000000 
0.000000 0.000005 0.000010 0.000017 0.000026 0.000040 0.000060 0.000089 0.000129 0.000187 0.000268 0.000380 0.000535 0.000747 0.001034 0.001417 0.001926 0.002596 0.003467 0.004589 0.006022 0.007833 0.010099 0.012905 0.016346 0.020522 0.025537 0.031497 0.038505 0.046656 0.056031 0.066695 0.078685 0.092006 0.106629 0.122480 0.139436 0.157330 0.175943 0.195008 0.214216 0.233222 0.251654 0.269126 0.285247 0.299641 0.311958 0.321886 0.329171 0.333622 0.335118 0.333622 0.329171 0.321886 0.311958 0.299641 0.285247 0.269126 0.251654 0.233222 0.214216 0.195008 0.175943 0.157330 0.139436 0.122480 0.106629 0.092006 0.078685 0.066695 0.056031 0.046656 0.038505 0.031497 0.025537 0.020522 0.016346 0.012905 0.010099 0.007833 0.006022 0.004589 0.003467 0.002596 0.001926 0.001417 0.001034 0.000747 0.000535 0.000380 0.000268 0.000187 0.000129 0.000088 0.000060 0.000039 0.000025 0.000015 0.000007 0.000000 
0.000000 0.000006 0.000014 0.000023 0.000037 0.000056 0.000083 0.000123 0.000179 0.000259 0.000371 0.000526 0.000741 0.001034 0.001430 0.001960 0.002664 0.003588 0.004792 0.006342 0.008321 0.010822 0.013950 0.017824 0.022573 0.028336 0.035257 0.043481 0.053149 0.064392 0.077324 0.092031 0.108565 0.126935 0.147097 0.168949 0.192325 0.216992 0.242647 0.268924 0.295397 0.321591 0.346993 0.371069 0.393284 0.413119 0.430090 0.443770 0.453808 0.459940 0.462002 0.459940 0.453808 0.443770 0.430090 0.413119 0.393284 0.371069 0.346993 0.321591 0.295397 0.268924 0.242647 0.216992 0.192325 0.168949 0.147097 0.126935 0.108565 0.092031 0.077324 0.064392 0.053149 0.043481 0.035257 0.028336 0.022573 0.017824 0.013950 0.010822 0.008321 0.006342 0.004792 0.003588 0.002664 0.001960 0.001430 0.001034 0.000741 0.000526 0.000371 0.000259 0.000179 0.000122 0.000082 0.000055 0.000035 0.000021 0.000010 0.000000 
0.000000 0.000009 0.000019 0.000032 0.000050 0.000076 0.000114 0.000168 0.000246 0.000355 0.000508 0.000722 0.001016 0.001417 0.001960 0.002687 0.003651 0.004917 0.006565 0.008688 0.011398 0.014820 0.019102 0.024403 0.030902 0.038787 0.048254 0.059502 0.072724 0.088099 0.105782 0.125889 0.148493 0.173604 0.201163 0.231030 0.262977 0.296685 0.331743 0.367648 0.403818 0.439605 0.474309 0.507201 0.537549 0.564644 0.587827 0.606514 0.620226 0.628601 0.631418 0.628601 0.620226 0.606514 0.587827 0.564644 0.537549 0.507201 0.474309 0.439605 0.403818 0.367648 0.331743 0.296685 0.262977 0.231030 0.201163 0.173604 0.148493 0.125889 0.105782 0.088099 0.072724 0.059502 0.048254 0.038787 0.030902 0.024403 0.019102 0.014820 0.011398 0.008688 0.006565 0.004917 0.003651 0.002687 0.001960 0.001417 0.001016 0.000722 0.000508 0.000355 0.000245 0.000168 0.000113 0.000075 0.000048 0.000028 0.000013 0.000000 
0.000000 0.000012 0.000025 0.000043 0.000068 0.000104 0.000155 0.000229 0.000334 0.000483 0.000692 0.000982 0.001381 0.001926 0.002664 0.003651 0.004960 0.006679 0.008916 0.011798 0.015475 0.020120 0.025929 0.033121 0.041935 0.052629 0.065467 0.080718 0.098645 0.119488 0.143457 0.170710 0.201344 0.235373 0.272715 0.313182 0.356465 0.402131 0.449622 0.498258 0.547251 0.595723 0.642724 0.687271 0.728371 0.765064 0.796458 0.821765 0.840333 0.851674 0.855489 0.851674 0.840333 0.821765 0.796458 0.765064 0.728371 0.687271 0.642724 0.595723 0.547251 0.498258 0.449622 0.402131 0.356465 0.313182 0.272715 0.235373 0.201344 0.170710 0.143457 0.119488 0.098645 0.080718 0.065467 0.052629 0.041935 0.033121 0.025929 0.020120 0.015475 0.011798 0.008916 0.006679 0.004960 0.003651 0.002664 0.001926 0.001381 0.000982 0.000691 0.000483 0.000334 0.000228 0.000154 0.000102 0.000065 0.000038 0.000018 0.000000 
0.000000 0.000016 0.000034 0.000059 0.000092 0.000140 0.000210 0.000309 0.000451 0.000651 0.000932 0.001323 0.001861 0.002596 0.003588 0.004917 0.006679 0.008994 0.012004 0.015882 0.020829 0.027076 0.034888 0.044560 0.056413 0.070789 0.088047 0.108548 0.132641 0.160652 0.192859 0.229477 0.270634 0.316347 0.366509 0.420863 0.478996 0.540326 0.604102 0.669412 0.735199 0.800283 0.863390 0.923198 0.978378 1.027640 1.069786 1.103760 1.128686 1.143912 1.149032 1.143912 1.128686 1.103760 1.069786 1.027640 0.978378 0.923198 0.863390 0.800283 0.735199 0.669412 0.604102 0.540326 0.478996 0.420863 0.366509 0.316347 0.270634 0.229477 0.192859 0.160652 0.132641 0.108548 0.088047 0.070789 0.056413 0.044560 0.034888 0.027076 0.020829 0.015882 0.012004 0.008994 0.006679 0.004917 0.003588 0.002596 0.001861 0.001323 0.000932 0.000651 0.000450 0.000308 0.000208 0.000138 0.000088 0.000052 0.000024 0.000000 
0.000000 0.000021 0.000046 0.000078 0.000123 0.000188 0.000280 0.000413 0.000602 0.000870 0.001246 0.001768 0.002486 0.003467 0.004792 0.006565 0.008916 0.012004 0.016020 0.021192 0.027789 0.036119 0.046535 0.059428 0.075226 0.094387 0.117385 0.144701 0.176801 0.214117 0.257019 0.305792 0.360606 0.421484 0.488280 0.560655 0.638055 0.719707 0.804610 0.891552 0.979124 1.065755 1.149753 1.229357 1.302797 1.368360 1.424452 1.469665 1.502838 1.523100 1.529915 1.523100 1.502838 1.469665 1.424452 1.368360 1.302797 1.229357 1.149753 1.065755 0.979124 0.891552 0.804610 0.719707 0.638055 0.560655 0.488280 0.421484 0.360606 0.305792 0.257019 0.214117 0.176801 0.144701 0.117385 0.094387 0.075226 0.059428 0.046535 0.036119 0.027789 0.021192 0.016020 0.012004 0.008916 0.006565 0.004792 0.003467 0.002486 0.001767 0.001245 0.000870 0.000601 0.000412 0.000278 0.000184 0.000118 0.000069 0.000032 0.000000 
0.000000 0.000028 0.000061 0.000104 0.000164 0.000249 0.000372 0.000547 0.000798 0.001153 0.001650 0.002341 0.003292 0.004589 0.006342 0.008688 0.011798 0.015882 0.021192 0.028030 0.036751 0.047762 0.061527 0.078565 0.099439 0.124752 0.155133 0.191214 0.233610 0.282889 0.339540 0.403939 0.476307 0.556676 0.644851 0.740384 0.842543 0.950307 1.062356 1.177090 1.292650 1.406963 1.517797 1.622830 1.719727 1.806228 1.880232 1.939883 1.983648 2.010380 2.019370 2.010380 1.983648 1.939883 1.880232 1.806228 1.719727 1.622830 1.517797 1.406963 1.292650 1.177090 1.062356 0.950307 0.842543 0.740384 0.644851 0.556676 0.476307 0.403939 0.339540 0.282889 0.233610 0.191214 0.155133 0.124752 0.099439 0.078565 0.061527 0.047762 0.036751 0.028030 0.021192 0.015882 0.011798 0.008688 0.006342 0.004589 0.003292 0.002341 0.001650 0.001152 0.000797 0.000546 0.000369 0.000244 0.000156 0.000092 0.000043 0.000000 
0.000000 0.000037 0.000080 0.000137 0.000215 0.000327 0.000488 0.000719 0.001048 0.001514 0.002166 0.003073 0.004321 0.006022 0.008321 0.011398 0.015475 0.020829 0.027789 0.036751 0.048178 0.062604 0.080638 0.102956 0.130296 0.163448 0.203231 0.250473 0.305979 0.370491 0.444648 0.528938 0.623652 0.728829 0.844214 0.969218 1.102885 1.243876 1.390467 1.540562 1.691730 1.841261 1.986236 2.123618 2.250355 2.363491 2.460281 2.538297 2.595535 2.630496 2.642254 2.630496 2.595535 2.538297 2.460281 2.363491 2.250355 2.123618 1.986236 1.841261 1.691730 1.540562 1.390467 1.243876 1.102885 0.969218 0.844214 0.728829 0.623652 0.528938 0.444648 0.370491 0.305979 0.250473 0.203231 0.163448 0.130296 0.102956 0.080638 0.062604 0.048178 0.036751 0.027789 0.020828 0.015475 0.011398 0.008321 0.006022 0.004320 0.003072 0.002166 0.001513 0.001047 0.000717 0.000484 0.000321 0.000205 0.000121 0.000056 0.000000 
0.000000 0.000048 0.000104 0.000178 0.000280 0.000426 0.000636 0.000936 0.001364 0.001970 0.002819 0.003998 0.005621 0.007833 0.010822 0.014820 0.020120 0.027076 0.036119 0.047762 0.062604 0.081342 0.104761 0.133740 0.169237 0.212274 0.263915 0.325233 0.397270 0.480986 0.577212 0.686578 0.809458 0.945903 1.095581 1.257726 1.431097 1.613957 1.804070 1.998718 2.194749 2.388649 2.576634 2.754768 2.919094 3.065782 3.191273 3.292422 3.366631 3.411958 3.427202 3.411958 3.366631 3.292422 3.191273 3.065782 2.919094 2.754768 2.576634 2.388649 2.194749 1.998718 1.804070 1.613957 1.431097 1.257726 1.095581 0.945903 0.809458 0.686578 0.577212 0.480986 0.397270 0.325233 0.263915 0.212274 0.169237 0.133740 0.104761 0.081342 0.062604 0.047762 0.036119 0.027076 0.020120 0.014820 0.010822 0.007833 0.005620 0.003997 0.002818 0.001969 0.001362 0.000933 0.000630 0.000418 0.000267 0.000158 0.000073 0.000000 
0.000000 0.000062 0.000135 0.000230 0.000362 0.000550 0.000821 0.001208 0.001761 0.002541 0.003636 0.005156 0.007247 0.010099 0.013950 0.019102 0.025929 0.034888 0.046535 0.061527 0.080638 0.104761 0.134908 0.172208 0.217892 0.273275 0.339723 0.418616 0.511290 0.618983 0.742755 0.883420 1.041454 1.216921 1.409392 1.617882 1.840794 2.075893 2.320305 2.570534 2.822532 3.071780 3.313415 3.542381 3.753593 3.942131 4.103420 4.233422 4.328797 4.387052 4.406644 4.387052 4.328797 4.233422 4.103420 3.942131 3.753593 3.542381 3.313415 3.071780 2.822532 2.570534 2.320305 2.075893 1.840794 1.617882 1.409392 1.216921 1.041454 0.883420 0.742755 0.618983 0.511290 0.418616 0.339723 0.273275 0.217892 0.172208 0.134908 0.104761 0.080638 0.061527 0.046535 0.034888 0.025929 0.019102 0.013950 0.010099 0.007247 0.005155 0.003635 0.002540 0.001758 0.001204 0.000814 0.000539 0.000345 0.000203 0.000094 0.000000 
0.000000 0.000080 0.000173 0.000294 0.000463 0.000704 0.001050 0.001545 0.002251 0.003249 0.004648 0.006590 0.009263 0.012905 0.017824 0.024403 0.033121 0.044560 0.059428 0.078565 0.102956 0.133740 0.172208 0.219797 0.278078 0.348725 0.433480 0.534097 0.652282 0.789606 0.947424 1.126765 1.328238 1.551920 1.797263 2.063008 2.347120 2.646750 2.958232 3.277114 3.598236 3.915842 4.223738 4.515480 4.784595 5.024813 5.230309 5.395940 5.517454 5.591673 5.616634 5.591673 5.517454 5.395940 5.230309 5.024813 4.784595 4.515480 4.223738 3.915842 3.598236 3.277114 2.958232 2.646750 2.347120 2.063008 1.797263 1.551920 1.328238 1.126765 0.947424 0.789606 0.652282 0.534097 0.433480 0.348725 0.278078 0.219797 0.172208 0.133740 0.102956 0.078565 0.059428 0.044560 0.033121 0.024403 0.017824 0.012905 0.009262 0.006589 0.004647 0.003247 0.002248 0.001540 0.001041 0.000690 0.000441 0.000260 0.000120 0.000000 
0.000000 0.000101 0.000219 0.000373 0.000587 0.000893 0.001331 0.001959 0.002854 0.004118 0.005890 0.008350 0.011734 0.016346 0.022573 0.030902 0.041935 0.056413 0.075226 0.099439 0.130296 0.169237 0.217892 0.278078 0.351779 0.441108 0.548267 0.675470 0.824870 0.998451 1.197919 1.424576 1.679186 1.961843 2.271854 2.607625 2.966582 3.345126 3.738624 4.141455 4.547097 4.948284 5.337192 5.705686 6.045590 6.348990 6.608532 6.817720 6.971187 7.064922 7.096447 7.064922 6.971187 6.817720 6.608532 6.348990 6.045590 5.705686 5.337192 4.948284 4.547097 4.141455 3.738624 3.345126 2.966582 2.607625 2.271854 1.961843 1.679186 1.424576 1.197919 0.998451 0.824870 0.675470 0.548267 0.441108 0.351779 0.278078 0.217892 0.169237 0.130296 0.099439 0.075226 0.056413 0.041935 0.030902 0.022573 0.016346 0.011733 0.008349 0.005888 0.004116 0.002849 0.001952 0.001320 0.000875 0.000560 0.000330 0.000153 0.000000 
0.000000 0.000127 0.000275 0.000469 0.000738 0.001122 0.001672 0.002462 0.003585 0.005173 0.007398 0.010486 0.014733 0.020522 0.028336 0.038787 0.052629 0.070789 0.094387 0.124752 0.163448 0.212274 0.273275 0.348725 0.441108 0.553073 0.687372 0.846779 1.033986 1.251478 1.501387 1.785340 2.104290 2.458354 2.846658 3.267203 3.716765 4.190835 4.683611 5.188051 5.695993 6.198338 6.685293 7.146673 7.572248 7.952109 8.277053 8.538951 8.731086 8.848438 8.887906 8.848438 8.731086 8.538951 8.277053 7.952109 7.572248 7.146673 6.685293 6.198338 5.695993 5.188051 4.683611 4.190835 3.716765 3.267203 2.846658 2.458354 2.104290 1.785340 1.501387 1.251478 1.033986 0.846779 0.687372 0.553073 0.441108 0.348725 0.273275 0.212274 0.163448 0.124752 0.094387 0.070789 0.052629 0.038786 0.028336 0.020521 0.014733 0.010484 0.007395 0.005170 0.003580 0.002453 0.001658 0.001100 0.000703 0.000415 0.000192 0.000000 
0.000000 0.000158 0.000343 0.000584 0.000920 0.001397 0.002083 0.003066 0.004464 0.006441 0.009209 0.013051 0.018336 0.025537 0.035257 0.048254 0.065467 0.088047 0.117385 0.155133 0.203231 0.263915 0.339723 0.433480 0.548267 0.687372 0.854210 1.052225 1.284755 1.554880 1.865247 2.217870 2.613927 3.053560 3.535681 4.057804 4.615925 5.204444 5.816157 6.442324 7.072816 7.696338 8.300739 8.873382 9.401572 9.873016 10.276297 10.601328 10.839776 10.985415 11.034395 10.985415 10.839776 10.601328 10.276297 9.873016 9.401572 8.873382 8.300739 7.696338 7.072816 6.442324 5.816157 5.204444 4.615925 4.057804 3.535681 3.053560 2.613927 2.217870 1.865247 1.554880 1.284755 1.052225 0.854210 0.687372 0.548267 0.433480 0.339723 0.263915 0.203231 0.155133 0.117385 0.088047 0.065467 0.048253 0.035257 0.025537 0.018335 0.013050 0.009206 0.006436 0.004458 0.003055 0.002066 0.001370 0.000876 0.000517 0.000239 0.000000 
0.000000 0.000195 0.000424 0.000722 0.001136 0.001725 0.002572 0.003784 0.005510 0.007948 0.011362 0.016101 0.022618 0.031497 0.043481 0.059502 0.080718 0.108548 0.144701 0.191214 0.250473 0.325233 0.418616 0.534097 0.675470 0.846779 1.052225 1.296042 1.582337 1.914898 2.296974 2.731041 3.218544 3.759653 4.353023 4.995594 5.682433 6.406647 7.159371 7.929852 8.705626 9.472800 10.216425 10.920958 11.570786 12.150788 12.646923 13.046786 13.340130 13.519296 13.579552 13.519296 13.340130 13.046786 12.646923 12.150788 11.570786 10.920958 10.216425 9.472800 8.705626 7.929852 7.159371 6.406647 5.682433 4.995594 4.353023 3.759653 3.218544 2.731041 2.296974 1.914898 1.582337 1.296042 1.052225 0.846779 0.675470 0.534097 0.418616 0.325233 0.250473 0.191214 0.144701 0.108548 0.080718 0.059502 0.043480 0.031497 0.022617 0.016100 0.011359 0.007943 0.005501 0.003770 0.002550 0.001691 0.001082 0.000639 0.000296 0.000000 
0.000000 0.000239 0.000519 0.000883 0.001390 0.002111 0.003147 0.004629 0.006740 0.009721 0.013895 0.019688 0.027654 0.038505 0.053149 0.072724 0.098645 0.132641 0.176801 0.233610 0.305979 0.397270 0.511290 0.652282 0.824870 1.033986 1.284755 1.582337 1.931740 2.337578 2.803812 3.333454 3.928265 4.588444 5.312346 6.096232 6.934083 7.817488 8.735633 9.675402 10.621595 11.557268 12.464196 13.323425 14.115920 14.823246 15.428285 15.915913 16.273639 16.492127 16.565607 16.492127 16.273639 15.915913 15.428285 14.823246 14.115920 13.323425 12.464196 11.557268 10.621595 9.675402 8.735633 7.817488 6.934083 6.096232 5.312346 4.588444 3.928265 3.333454 2.803812 2.337578 1.931740 1.582337 1.284755 1.033986 0.824870 0.652282 0.511290 0.397269 0.305979 0.233609 0.176801 0.132641 0.098645 0.072724 0.053148 0.038504 0.027653 0.019686 0.013891 0.009715 0.006729 0.004613 0.003120 0.002070 0.001324 0.000782 0.000362 0.000000 
0.000000 0.000290 0.000629 0.001072 0.001686 0.002561 0.003816 0.005613 0.008171 0.011784 0.016842 0.023861 0.033511 0.046656 0.064392 0.088099 0.119488 0.160652 0.214117 0.282889 0.370491 0.480986 0.618983 0.789606 0.998451 1.251478 1.554880 1.914898 2.337578 2.828497 3.392439 4.033040 4.752420 5.550816 6.426232 7.374142 8.387264 9.455424 10.565547 11.701774 12.845730 13.976935 15.073358 16.112092 17.070129 17.925192 18.656591 19.246054 19.678481 19.942592 20.031416 19.942592 19.678481 19.246054 18.656591 17.925192 17.070129 16.112092 15.073358 13.976935 12.845730 11.701774 10.565547 9.455424 8.387264 7.374142 6.426232 5.550816 4.752420 4.033040 3.392439 2.828497 2.337578 1.914898 1.554880 1.251478 0.998451 0.789606 0.618983 0.480986 0.370491 0.282889 0.214117 0.160652 0.119488 0.088099 0.064391 0.046655 0.033510 0.023859 0.016838 0.011776 0.008159 0.005593 0.003784 0.002510 0.001606 0.000948 0.000439 0.000000 
0.000000 0.000349 0.000757 0.001289 0.002027 0.003078 0.004586 0.006745 0.009819 0.014158 0.020234 0.028663 0.040250 0.056031 0.077324 0.105782 0.143457 0.192859 0.257019 0.339540 0.444648 0.577212 0.742755 0.947424 1.197919 1.501387 1.865247 2.296974 2.803812 3.392439 4.068581 4.836592 5.699005 6.656094 7.705461 8.841677 10.056006 11.336253 12.666747 14.028480 15.399433 16.755066 18.068983 19.313739 20.461769 21.486387 22.362807 23.069138 23.587296 23.903767 24.010199 23.903767 23.587296 23.069138 22.362807 21.486387 20.461769 19.313739 18.068983 16.755066 15.399433 14.028480 12.666747 11.336253 10.056006 8.841677 7.705461 6.656094 5.699005 4.836592 4.068581 3.392439 2.803812 2.296974 1.865247 1.501387 1.197919 0.947424 0.742755 0.577212 0.444648 0.339540 0.257019 0.192859 0.143457 0.105781 0.077323 0.056030 0.040248 0.028659 0.020228 0.014149 0.009804 0.006721 0.004548 0.003017 0.001931 0.001140 0.000528 0.000000 
0.000000 0.000416 0.000902 0.001535 0.002415 0.003667 0.005463 0.008034 0.011693 0.016860 0.024092 0.034124 0.047915 0.066695 0.092031 0.125889 0.170710 0.229477 0.305792 0.403939 0.528938 0.686578 0.883420 1.126765 1.424576 1.785340 2.217870 2.731041 3.333454 4.033040 4.836592 5.749275 6.774089 7.911354 9.158210 10.508201 11.950945 13.471949 15.052591 16.670295 18.298903 19.909268 21.470040 22.948626 24.312291 25.529342 26.570348 27.409315 28.024768 28.400661 28.527078 28.400661 28.024768 27.409315 26.570348 25.529342 24.312291 22.948626 21.470040 19.909268 18.298903 16.670295 15.052591 13.471949 11.950945 10.508201 9.158210 7.911354 6.774089 5.749275 4.836592 4.033040 3.333454 2.731041 2.217870 1.785340 1.424576 1.126765 0.883420 0.686578 0.528938 0.403939 0.305792 0.229477 0.170710 0.125889 0.092030 0.066693 0.047913 0.034120 0.024085 0.016849 0.011675 0.008005 0.005417 0.003594 0.002301 0.001358 0.000629 0.000000 
0.000000 0.000491 0.001065 0.001813 0.002851 0.004330 0.006450 0.009484 0.013802 0.019898 0.028431 0.040267 0.056534 0.078685 0.108565 0.148493 0.201344 0.270634 0.360606 0.476307 0.623652 0.809458 1.041454 1.328238 1.679186 2.104290 2.613927 3.218544 3.928265 4.752420 5.699005 6.774089 7.981199 9.320700 10.789218 12.379140 14.078234 15.869429 17.730795 19.635745 21.553482 23.449689 25.287458 27.028418 28.634036 30.067005 31.292680 32.280466 33.005085 33.447649 33.596488 33.447649 33.005085 32.280466 31.292680 30.067005 28.634036 27.028418 25.287458 23.449689 21.553482 19.635745 17.730795 15.869429 14.078234 12.379140 10.789218 9.320700 7.981199 6.774089 5.699005 4.752420 3.928265 3.218544 2.613927 2.104290 1.679186 1.328238 1.041454 0.809458 0.623652 0.476307 0.360606 0.270633 0.201344 0.148493 0.108564 0.078683 0.056531 0.040262 0.028423 0.019885 0.013781 0.009450 0.006395 0.004244 0.002717 0.001604 0.000743 0.000000 
0.000000 0.000575 0.001246 0.002122 0.003337 0.005067 0.007547 0.011097 0.016147 0.023276 0.033254 0.047093 0.066112 0.092006 0.126935 0.173604 0.235373 0.316347 0.421484 0.556676 0.728829 0.945903 1.216921 1.551920 1.961843 2.458354 3.053560 3.759653 4.588444 5.550816 6.656094 7.911354 9.320700 10.884550 12.598955 14.455020 16.438459 18.529341 20.702066 22.925602 25.164002 27.377219 29.522180 31.554113 33.428050 35.100462 36.530925 37.683741 38.529416 39.045914 39.219616 39.045914 38.529416 37.683741 36.530925 35.100462 33.428050 31.554113 29.522180 27.377219 25.164002 22.925602 20.702066 18.529341 16.438459 14.455020 12.598955 10.884550 9.320700 7.911354 6.656094 5.550816 4.588444 3.759653 3.053560 2.458354 1.961843 1.551920 1.216921 0.945903 0.728829 0.556676 0.421484 0.316347 0.235372 0.173603 0.126933 0.092004 0.066108 0.047087 0.033245 0.023261 0.016122 0.011057 0.007483 0.004966 0.003179 0.001877 0.000869 0.000000 
0.000000 0.000667 0.001446 0.002462 0.003871 0.005876 0.008752 0.012867 0.018721 0.026985 0.038549 0.054587 0.076625 0.106629 0.147097 0.201163 0.272715 0.366509 0.488280 0.644851 0.844214 1.095581 1.409392 1.797263 2.271854 2.846658 3.535681 4.353023 5.312346 6.426232 7.705461 9.158210 10.789218 12.598955 14.582842 16.730577 19.025623 21.444916 23.958831 26.531465 29.121232 31.681804 34.163357 36.514101 38.682025 40.616782 42.271618 43.605245 44.583550 45.181050 45.381993 45.181050 44.583550 43.605245 42.271618 40.616782 38.682025 36.514101 34.163357 31.681804 29.121232 26.531465 23.958831 21.444916 19.025623 16.730577 14.582842 12.598955 10.789218 9.158210 7.705461 6.426232 5.312346 4.353023 3.535681 2.846658 2.271854 1.797263 1.409392 1.095581 0.844214 0.644851 0.488280 0.366509 0.272715 0.201162 0.147095 0.106627 0.076621 0.054580 0.038538 0.026967 0.018693 0.012821 0.008678 0.005759 0.003687 0.002177 0.001008 0.000000 
0.000000 0.000767 0.001662 0.002830 0.004449 0.006754 0.010059 0.014787 0.021513 0.031007 0.044290 0.062711 0.088023 0.122480 0.168949 0.231030 0.313182 0.420863 0.560655 0.740384 0.969218 1.257726 1.617882 2.063008 2.607625 3.267203 4.057804 4.995594 6.096232 7.374142 8.841677 10.508201 12.379140 14.455020 16.730577 19.193986 21.826274 24.600981 27.484132 30.434549 33.404545 36.340996 39.186774 41.882497 44.368533 46.587160 48.484775 50.014043 51.135857 51.821002 52.051420 51.821002 51.135857 50.014043 48.484775 46.587160 44.368533 41.882497 39.186774 36.340996 33.404545 30.434549 27.484132 24.600981 21.826274 19.193986 16.730577 14.455020 12.379140 10.508201 8.841677 7.374142 6.096232 4.995594 4.057804 3.267203 2.607624 2.063008 1.617882 1.257726 0.969218 0.740384 0.560655 0.420863 0.313182 0.231029 0.168947 0.122477 0.088018 0.062704 0.044278 0.030986 0.021480 0.014734 0.009974 0.006620 0.004239 0.002503 0.001159 0.000000 
0.000000 0.000874 0.001894 0.003224 0.005069 0.007694 0.011458 0.016843 0.024501 0.035310 0.050434 0.071404 0.100216 0.139436 0.192325 0.262977 0.356465 0.478996 0.638055 0.842543 1.102885 1.431097 1.840794 2.347120 2.966582 3.716765 4.615925 5.682433 6.934083 8.387264 10.056006 11.950945 14.078234 16.438459 19.025623 21.826274 24.818832 27.973213 31.250791 34.604756 37.980904 41.318852 44.553670 47.617871 50.443683 52.965507 55.122428 56.860654 58.135745 58.914500 59.176399 58.914500 58.135745 56.860654 55.122428 52.965507 50.443683 47.617871 44.553670 41.318852 37.980904 34.604756 31.250791 27.973213 24.818832 21.826274 19.025623 16.438459 14.078234 11.950945 10.056006 8.387264 6.934083 5.682433 4.615925 3.716765 2.966582 2.347120 1.840794 1.431097 1.102885 0.842543 0.638055 0.478996 0.356465 0.262976 0.192323 0.139433 0.100211 0.071396 0.050419 0.035287 0.024464 0.016782 0.011361 0.007541 0.004829 0.002852 0.001321 0.000000 
0.000000 0.000987 0.002139 0.003641 0.005723 0.008687 0.012935 0.019012 0.027656 0.039853 0.056918 0.080579 0.113085 0.157330 0.216992 0.296685 0.402131 0.540326 0.719707 0.950307 1.243876 1.613957 2.075893 2.646750 3.345126 4.190835 5.204444 6.406647 7.817488 9.455424 11.336253 13.471949 15.869429 18.529341 21.444916 24.600981 27.973213 31.527706 35.220932 39.000147 42.804280 46.565300 50.210057 53.662522 56.846352 59.687647 62.117790 64.076185 65.512775 66.390162 66.685231 66.390162 65.512775 64.076185 62.117790 59.687647 56.846352 53.662522 50.210057 46.565300 42.804280 39.000147 35.220932 31.527706 27.973213 24.600981 21.444916 18.529341 15.869429 13.471949 11.336253 9.455424 7.817488 6.406647 5.204444 4.190835 3.345126 2.646750 2.075893 1.613957 1.243876 0.950307 0.719706 0.540325 0.402131 0.296684 0.216990 0.157327 0.113079 0.080569 0.056902 0.039827 0.027613 0.018944 0.012825 0.008514 0.005452 0.003220 0.001491 0.000000 
0.000000 0.001105 0.002393 0.004074 0.006405 0.009720 0.014472 0.021270 0.030938 0.044580 0.063664 0.090123 0.126472 0.175943 0.242647 0.331743 0.449622 0.604102 0.804610 1.062356 1.390467 1.804070 2.320305 2.958232 3.738624 4.683611 5.816157 7.159371 8.735633 10.565547 12.666747 15.052591 17.730795 20.702066 23.958831 27.484132 31.250791 35.220932 39.345936 43.566895 47.815602 52.016085 56.086657 59.942418 63.498120 66.671246 69.385178 71.572258 73.176591 74.156423 74.485944 74.156423 73.176591 71.572258 69.385178 66.671246 63.498120 59.942418 56.086657 52.016085 47.815602 43.566895 39.345936 35.220932 31.250791 27.484132 23.958831 20.702066 17.730795 15.052591 12.666747 10.565547 8.735633 7.159371 5.816157 4.683611 3.738624 2.958232 2.320305 1.804070 1.390467 1.062356 0.804610 0.604101 0.449621 0.331741 0.242645 0.175939 0.126465 0.090112 0.063646 0.044550 0.030890 0.021193 0.014349 0.009526 0.006101 0.003603 0.001669 0.000000 
0.000000 0.001225 0.002655 0.004519 0.007103 0.010779 0.016047 0.023584 0.034301 0.049423 0.070576 0.099901 0.140184 0.195008 0.268924 0.367648 0.498258 0.669412 0.891552 1.177090 1.540562 1.998718 2.570534 3.277114 4.141455 5.188051 6.442324 7.929852 9.675402 11.701774 14.028480 16.670295 19.635745 22.925602 26.531465 30.434549 34.604756 39.000147 43.566895 48.239784 52.943309 57.593373 62.099556 66.367887 70.304007 73.816587 76.820825 79.241839 81.017767 82.102394 82.467158 82.102394 81.017767 79.241839 76.820825 73.816587 70.304007 66.367887 62.099556 57.593373 52.943309 48.239784 43.566895 39.000147 34.604756 30.434549 26.531465 22.925602 19.635745 16.670295 14.028480 11.701774 9.675402 7.929852 6.442324 5.188051 4.141455 3.277114 2.570534 1.998718 1.540562 1.177090 0.891552 0.669412 0.498257 0.367646 0.268922 0.195003 0.140177 0.099889 0.070556 0.049390 0.034248 0.023499 0.015911 0.010564 0.006766 0.003996 0.001851 0.000000 
0.000000 0.001347 0.002918 0.004967 0.007806 0.011846 0.017635 0.025916 0.037690 0.054303 0.077540 0.109753 0.154000 0.214216 0.295397 0.403818 0.547251 0.735199 0.979124 1.292650 1.691730 2.194749 2.822532 3.598236 4.547097 5.695993 7.072816 8.705626 10.621595 12.845730 15.399433 18.298903 21.553482 25.164002 29.121232 33.404545 37.980904 42.804280 47.815602 52.943309 58.104551 63.207055 68.151614 72.835126 77.154070 81.008247 84.304621 86.961043 88.909644 90.099727 90.499955 90.099727 88.909644 86.961043 84.304621 81.008247 77.154070 72.835126 68.151614 63.207055 58.104551 52.943309 47.815602 42.804280 37.980904 33.404545 29.121232 25.164002 21.553482 18.298903 15.399433 12.845730 10.621595 8.705626 7.072816 5.695993 4.547097 3.598236 2.822532 2.194749 1.691730 1.292650 0.979124 0.735199 0.547250 0.403817 0.295395 0.214211 0.153992 0.109740 0.077518 0.054267 0.037632 0.025822 0.017485 0.011609 0.007436 0.004392 0.002034 0.000000 
0.000000 0.001467 0.003178 0.005410 0.008503 0.012903 0.019207 0.028224 0.041045 0.059133 0.084433 0.119503 0.167672 0.233222 0.321591 0.439605 0.595723 0.800283 1.065755 1.406963 1.841261 2.388649 3.071780 3.915842 4.948284 6.198338 7.696338 9.472800 11.557268 13.976935 16.755066 19.909268 23.449689 27.377219 31.681804 36.340996 41.318852 46.565300 52.016085 57.593373 63.207055 68.756777 74.134646 79.228538 83.925874 88.117690 91.702816 94.591915 96.711187 98.005501 98.440782 98.005501 96.711187 94.591915 91.702816 88.117690 83.925874 79.228538 74.134646 68.756777 63.207055 57.593373 52.016085 46.565300 41.318852 36.340996 31.681804 27.377219 23.449689 19.909268 16.755066 13.976935 11.557268 9.472800 7.696338 6.198338 4.948284 3.915842 3.071780 2.388649 1.841261 1.406963 1.065755 0.800282 0.595721 0.439604 0.321588 0.233217 0.167664 0.119488 0.084409 0.059094 0.040981 0.028122 0.019044 0.012645 0.008099 0.004784 0.002216 0.000000 
0.000000 0.001584 0.003431 0.005840 0.009179 0.013928 0.020732 0.030463 0.044299 0.063818 0.091118 0.128959 0.180932 0.251654 0.346993 0.474309 0.642724 0.863390 1.149753 1.517797 1.986236 2.576634 3.313415 4.223738 5.337192 6.685293 8.300739 10.216425 12.464196 15.073358 18.068983 21.470040 25.287458 29.522180 34.163357 39.186774 44.553670 50.210057 56.086657 62.099556 68.151614 74.134646 79.932346 85.423848 90.487798 95.006742 98.871626 101.986156 104.270783 105.666082 106.135324 105.666082 104.270783 101.986156 98.871626 95.006742 90.487798 85.423848 79.932346 74.134646 68.151614 62.099556 56.086657 50.210057 44.553670 39.186774 34.163357 29.522180 25.287458 21.470040 18.068983 15.073358 12.464196 10.216425 8.300739 6.685293 5.337192 4.223738 3.313415 2.576634 1.986236 1.517797 1.149753 0.863389 0.642723 0.474307 0.346989 0.251649 0.180922 0.128943 0.091092 0.063776 0.044230 0.030353 0.020555 0.013649 0.008743 0.005164 0.002392 0.000000 
