0.000000 0.000000 0.000000 0.000000 0.000000 0.000000 0.000000 0.000000 0.000000 0.000000 0.000000 0.000000 0.000000 0.000000 0.000000 0.000000 0.000000 0.000000 0.000000 0.000000 0.000000 0.000000 0.000000 0.000000 0.000000 0.000000 0.000000 0.000000 0.000000 0.000000 0.000000 0.000000 0.000000 0.000000 0.000000 0.000000 0.000000 0.000000 0.000000 0.000000 0.000000 0.000000 0.000000 0.000000 0.000000 0.000000 0.000000 0.000000 0.000000 0.000000 0.000000 0.000000 0.000000 0.000000 0.000000 0.000000 0.000000 0.000000 0.000000 0.000000 0.000000 0.000000 0.000000 0.000000 0.000000 0.000000 0.000000 0.000000 0.000000 0.000000 0.000000 0.000000 0.000000 0.000000 0.000000 0.000000 0.000000 0.000000 0.000000 0.000000 0.000000 0.000000 0.000000 0.000000 0.000000 0.000000 0.000000 0.000000 0.000000 0.000000 0.000000 0.000000 0.000000 0.000000 0.000000 0.000000 0.000000 0.000000 0.000000 0.000000 
0.000000 0.000000 0.000000 0.000000 0.000000 0.000000 0.000000 0.000000 0.000000 0.000000 0.000000 0.000000 0.000000 0.000000 0.000000 0.000000 0.000000 0.000000 0.000000 0.000000 0.000000 0.000000 0.000000 0.000000 0.000000 0.000000 0.000000 0.000001 0.000001 0.000001 0.000001 0.000002 0.000002 0.000003 0.000004 0.000005 0.000006 0.000007 0.000008 0.000010 0.000011 0.000013 0.000015 0.000016 0.000018 0.000019 0.000020 0.000021 0.000022 0.000022 0.000023 0.000022 0.000022 0.000021 0.000020 0.000019 0.000018 0.000016 0.000015 0.000013 0.000011 0.000010 0.000008 0.000007 0.000006 0.000005 0.000004 0.000003 0.000002 0.000002 0.000001 0.000001 0.000001 0.000001 0.000000 0.000000 0.000000 0.000000 0.000000 0.000000 0.000000 0.000000 0.000000 0.000000 0.000000 0.000000 0.000000 0.000000 0.000000 0.000000 0.000000 0.000000 0.000000 0.000000 0.000000 0.000000 0.000000 0.000000 0.000000 0.000000 
0.000000 0.000000 0.000000 0.000000 0.000000 0.000000 0.000000 0.000000 0.000000 0.000000 0.000000 0.000000 0.000000 0.000000 0.000000 0.000000 0.000000 0.000000 0.000000 0.000000 0.000000 0.000000 0.000000 0.000000 0.000001 0.000001 0.000001 0.000001 0.000002 0.000003 0.000003 0.000004 0.000006 0.000007 0.000009 0.000011 0.000014 0.000017 0.000020 0.000023 0.000027 0.000031 0.000035 0.000038 0.000042 0.000045 0.000048 0.000051 0.000052 0.000054 0.000054 0.000054 0.000052 0.000051 0.000048 0.000045 0.000042 0.000038 0.000035 0.000031 0.000027 0.000023 0.000020 0.000017 0.000014 0.000011 0.000009 0.000007 0.000006 0.000004 0.000003 0.000003 0.000002 0.000001 0.000001 0.000001 0.000001 0.000000 0.000000 0.000000 0.000000 0.000000 0.000000 0.000000 0.000000 0.000000 0.000000 0.000000 0.000000 0.000000 0.000000 0.000000 0.000000 0.000000 0.000000 0.000000 0.000000 0.000000 0.000000 0.000000 
0.000000 0.000000 0.000000 0.000000 0.000000 0.000000 0.000000 0.000000 0.000000 0.000000 0.000000 0.000000 0.000000 0.000000 0.000000 0.000000 0.000000 0.000000 0.000000 0.000000 0.000000 0.000000 0.000000 0.000001 0.000001 0.000001 0.000002 0.000003 0.000004 0.000005 0.000007 0.000009 0.000011 0.000014 0.000018 0.000022 0.000027 0.000033 0.000039 0.000046 0.000053 0.000060 0.000068 0.000075 0.000082 0.000089 0.000095 0.000099 0.000103 0.000105 0.000106 0.000105 0.000103 0.000099 0.000095 0.000089 0.000082 0.000075 0.000068 0.000060 0.000053 0.000046 0.000039 0.000033 0.000027 0.000022 0.000018 0.000014 0.000011 0.000009 0.000007 0.000005 0.000004 0.000003 0.000002 0.000001 0.000001 0.000001 0.000000 0.000000 0.000000 0.000000 0.000000 0.000000 0.000000 0.000000 0.000000 0.000000 0.000000 0.000000 0.000000 0.000000 0.000000 0.000000 0.000000 0.000000 0.000000 0.000000 0.000000 0.000000 
0.000000 0.000000 0.000000 0.000000 0.000000 0.000000 0.000000 0.000000 0.000000 0.000000 0.000000 0.000000 0.000000 0.000000 0.000000 0.000000 0.000000 0.000000 0.000000 0.000000 0.000000 0.000001 0.000001 0.000001 0.000002 0.000003 0.000004 0.000005 0.000007 0.000009 0.000013 0.000016 0.000021 0.000027 0.000034 0.000042 0.000051 0.000061 0.000073 0.000085 0.000099 0.000112 0.000126 0.000140 0.000153 0.000165 0.000176 0.000184 0.000191 0.000195 0.000196 0.000195 0.000191 0.000184 0.000176 0.000165 0.000153 0.000140 0.000126 0.000112 0.000099 0.000085 0.000073 0.000061 0.000051 0.000042 0.000034 0.000027 0.000021 0.000016 0.000013 0.000009 0.000007 0.000005 0.000004 0.000003 0.000002 0.000001 0.000001 0.000001 0.000000 0.000000 0.000000 0.000000 0.000000 0.000000 0.000000 0.000000 0.000000 0.000000 0.000000 0.000000 0.000000 0.000000 0.000000 0.000000 0.000000 0.000000 0.000000 0.000000 
0.000000 0.000000 0.000000 0.000000 0.000000 0.000000 0.000000 0.000000 0.000000 0.000000 0.000000 0.000000 0.000000 0.000000 0.000000 0.000000 0.000000 0.000000 0.000000 0.000000 0.000001 0.000001 0.000002 0.000002 0.000003 0.000005 0.000007 0.000009 0.000013 0.000017 0.000023 0.000030 0.000038 0.000049 0.000061 0.000076 0.000093 0.000111 0.000132 0.000155 0.000179 0.000204 0.000229 0.000254 0.000278 0.000299 0.000318 0.000334 0.000346 0.000353 0.000355 0.000353 0.000346 0.000334 0.000318 0.000299 0.000278 0.000254 0.000229 0.000204 0.000179 0.000155 0.000132 0.000111 0.000093 0.000076 0.000061 0.000049 0.000038 0.000030 0.000023 0.000017 0.000013 0.000009 0.000007 0.000005 0.000003 0.000002 0.000002 0.000001 0.000001 0.000000 0.000000 0.000000 0.000000 0.000000 0.000000 0.000000 0.000000 0.000000 0.000000 0.000000 0.000000 0.000000 0.000000 0.000000 0.000000 0.000000 0.000000 0.000000 
0.000000 0.000000 0.000000 0.000000 0.000000 0.000000 0.000000 0.000000 0.000000 0.000000 0.000000 0.000000 0.000000 0.000000 0.000000 0.000000 0.000000 0.000000 0.000001 0.000001 0.000001 0.000002 0.000003 0.000004 0.000006 0.000009 0.000012 0.000017 0.000023 0.000031 0.000041 0.000054 0.000069 0.000088 0.000110 0.000136 0.000165 0.000199 0.000236 0.000277 0.000319 0.000364 0.000409 0.000453 0.000496 0.000534 0.000568 0.000596 0.000617 0.000630 0.000634 0.000630 0.000617 0.000596 0.000568 0.000534 0.000496 0.000453 0.000409 0.000364 0.000319 0.000277 0.000236 0.000199 0.000165 0.000136 0.000110 0.000088 0.000069 0.000054 0.000041 0.000031 0.000023 0.000017 0.000012 0.000009 0.000006 0.000004 0.000003 0.000002 0.000001 0.000001 0.000001 0.000000 0.000000 0.000000 0.000000 0.000000 0.000000 0.000000 0.000000 0.000000 0.000000 0.000000 0.000000 0.000000 0.000000 0.000000 0.000000 0.000000 
0.000000 0.000000 0.000000 0.000000 0.000000 0.000000 0.000000 0.000000 0.000000 0.000000 0.000000 0.000000 0.000000 0.000000 0.000000 0.000000 0.000000 0.000001 0.000001 0.000002 0.000002 0.000004 0.000005 0.000008 0.000011 0.000016 0.000022 0.000030 0.000041 0.000055 0.000072 0.000095 0.000122 0.000155 0.000194 0.000240 0.000292 0.000351 0.000417 0.000488 0.000563 0.000641 0.000721 0.000799 0.000873 0.000941 0.001001 0.001051 0.001087 0.001110 0.001117 0.001110 0.001087 0.001051 0.001001 0.000941 0.000873 0.000799 0.000721 0.000641 0.000563 0.000488 0.000417 0.000351 0.000292 0.000240 0.000194 0.000155 0.000122 0.000095 0.000072 0.000055 0.000041 0.000030 0.000022 0.000016 0.000011 0.000008 0.000005 0.000004 0.000002 0.000002 0.000001 0.000001 0.000000 0.000000 0.000000 0.000000 0.000000 0.000000 0.000000 0.000000 0.000000 0.000000 0.000000 0.000000 0.000000 0.000000 0.000000 0.000000 
0.000000 0.000000 0.000000 0.000000 0.000000 0.000000 0.000000 0.000000 0.000000 0.000000 0.000000 0.000000 0.000000 0.000000 0.000000 0.000000 0.000001 0.000001 0.000002 0.000003 0.000004 0.000006 0.000009 0.000014 0.000019 0.000027 0.000038 0.000053 0.000071 0.000096 0.000127 0.000165 0.000212 0.000270 0.000338 0.000417 0.000509 0.000612 0.000726 0.000849 0.000980 0.001116 0.001254 0.001390 0.001519 0.001638 0.001742 0.001827 0.001891 0.001930 0.001943 0.001930 0.001891 0.001827 0.001742 0.001638 0.001519 0.001390 0.001254 0.001116 0.000980 0.000849 0.000726 0.000612 0.000509 0.000417 0.000338 0.000270 0.000212 0.000165 0.000127 0.000096 0.000071 0.000053 0.000038 0.000027 0.000019 0.000014 0.000009 0.000006 0.000004 0.000003 0.000002 0.000001 0.000001 0.000000 0.000000 0.000000 0.000000 0.000000 0.000000 0.000000 0.000000 0.000000 0.000000 0.000000 0.000000 0.000000 0.000000 0.000000 
0.000000 0.000000 0.000000 0.000000 0.000000 0.000000 0.000000 0.000000 0.000000 0.000000 0.000000 0.000000 0.000000 0.000000 0.000001 0.000001 0.000001 0.000002 0.000003 0.000005 0.000007 0.000011 0.000016 0.000023 0.000033 0.000047 0.000066 0.000091 0.000123 0.000165 0.000218 0.000284 0.000366 0.000464 0.000582 0.000718 0.000875 0.001052 0.001248 0.001460 0.001685 0.001919 0.002155 0.002387 0.002609 0.002813 0.002991 0.003138 0.003247 0.003314 0.003337 0.003314 0.003247 0.003138 0.002991 0.002813 0.002609 0.002387 0.002155 0.001919 0.001685 0.001460 0.001248 0.001052 0.000875 0.000718 0.000582 0.000464 0.000366 0.000284 0.000218 0.000165 0.000123 0.000091 0.000066 0.000047 0.000033 0.000023 0.000016 0.000011 0.000007 0.000005 0.000003 0.000002 0.000001 0.000001 0.000001 0.000000 0.000000 0.000000 0.000000 0.000000 0.000000 0.000000 0.000000 0.000000 0.000000 0.000000 0.000000 0.000000 
0.000000 0.000000 0.000000 0.000000 0.000000 0.000000 0.000000 0.000000 0.000000 0.000000 0.000000 0.000000 0.000000 0.000001 0.000001 0.000001 0.000002 0.000004 0.000005 0.000008 0.000013 0.000019 0.000028 0.000040 0.000057 0.000081 0.000112 0.000155 0.000210 0.000281 0.000371 0.000484 0.000622 0.000790 0.000988 0.001221 0.001487 0.001787 0.002119 0.002479 0.002860 0.003256 0.003656 0.004050 0.004426 0.004771 0.005073 0.005321 0.005506 0.005620 0.005658 0.005620 0.005506 0.005321 0.005073 0.004771 0.004426 0.004050 0.003656 0.003256 0.002860 0.002479 0.002119 0.001787 0.001487 0.001221 0.000988 0.000790 0.000622 0.000484 0.000371 0.000281 0.000210 0.000155 0.000112 0.000081 0.000057 0.000040 0.000028 0.000019 0.000013 0.000008 0.000005 0.000004 0.000002 0.000001 0.000001 0.000001 0.000000 0.000000 0.000000 0.000000 0.000000 0.000000 0.000000 0.000000 0.000000 0.000000 0.000000 0.000000 
0.000000 0.000000 0.000000 0.000000 0.000000 0.000000 0.000000 0.000000 0.000000 0.000000 0.000000 0.000000 0.000001 0.000001 0.000001 0.000002 0.000004 0.000006 0.000009 0.000014 0.000021 0.000032 0.000046 0.000067 0.000096 0.000136 0.000189 0.000260 0.000353 0.000473 0.000624 0.000813 0.001045 0.001326 0.001659 0.002048 0.002494 0.002997 0.003553 0.004155 0.004794 0.005456 0.006126 0.006785 0.007413 0.007990 0.008495 0.008910 0.009219 0.009410 0.009474 0.009410 0.009219 0.008910 0.008495 0.007990 0.007413 0.006785 0.006126 0.005456 0.004794 0.004155 0.003553 0.002997 0.002494 0.002048 0.001659 0.001326 0.001045 0.000813 0.000624 0.000473 0.000353 0.000260 0.000189 0.000136 0.000096 0.000067 0.000046 0.000032 0.000021 0.000014 0.000009 0.000006 0.000004 0.000002 0.000001 0.000001 0.000001 0.000000 0.000000 0.000000 0.000000 0.000000 0.000000 0.000000 0.000000 0.000000 0.000000 0.000000 
0.000000 0.000000 0.000000 0.000000 0.000000 0.000000 0.000000 0.000000 0.000000 0.000000 0.000000 0.000001 0.000001 0.000002 0.000002 0.000004 0.000006 0.000010 0.000015 0.000023 0.000035 0.000053 0.000077 0.000112 0.000160 0.000226 0.000315 0.000432 0.000586 0.000784 0.001035 0.001349 0.001733 0.002198 0.002749 0.003393 0.004131 0.004963 0.005882 0.006877 0.007933 0.009027 0.010134 0.011223 0.012260 0.013214 0.014048 0.014734 0.015244 0.015559 0.015665 0.015559 0.015244 0.014734 0.014048 0.013214 0.012260 0.011223 0.010134 0.009027 0.007933 0.006877 0.005882 0.004963 0.004131 0.003393 0.002749 0.002198 0.001733 0.001349 0.001035 0.000784 0.000586 0.000432 0.000315 0.000226 0.000160 0.000112 0.000077 0.000053 0.000035 0.000023 0.000015 0.000010 0.000006 0.000004 0.000002 0.000002 0.000001 0.000001 0.000000 0.000000 0.000000 0.000000 0.000000 0.000000 0.000000 0.000000 0.000000 0.000000 
0.000000 0.000000 0.000000 0.000000 0.000000 0.000000 0.000000 0.000000 0.000000 0.000000 0.000001 0.000001 0.000002 0.000002 0.000004 0.000007 0.000010 0.000016 0.000025 0.000039 0.000058 0.000086 0.000127 0.000184 0.000263 0.000371 0.000516 0.000709 0.000961 0.001285 0.001696 0.002209 0.002837 0.003597 0.004498 0.005550 0.006756 0.008115 0.009615 0.011240 0.012963 0.014748 0.016554 0.018330 0.020023 0.021577 0.022938 0.024056 0.024888 0.025401 0.025574 0.025401 0.024888 0.024056 0.022938 0.021577 0.020023 0.018330 0.016554 0.014748 0.012963 0.011240 0.009615 0.008115 0.006756 0.005550 0.004498 0.003597 0.002837 0.002209 0.001696 0.001285 0.000961 0.000709 0.000516 0.000371 0.000263 0.000184 0.000127 0.000086 0.000058 0.000039 0.000025 0.000016 0.000010 0.000007 0.000004 0.000002 0.000002 0.000001 0.000001 0.000000 0.000000 0.000000 0.000000 0.000000 0.000000 0.000000 0.000000 0.000000 
0.000000 0.000000 0.000000 0.000000 0.000000 0.000000 0.000000 0.000000 0.000000 0.000001 0.000001 0.000001 0.000002 0.000004 0.000007 0.000011 0.000017 0.000027 0.000041 0.000063 0.000094 0.000140 0.000206 0.000298 0.000426 0.000601 0.000836 0.001148 0.001555 0.002080 0.002743 0.003571 0.004586 0.005812 0.007266 0.008964 0.010909 0.013099 0.015518 0.018137 0.020913 0.023790 0.026699 0.029560 0.032286 0.034790 0.036982 0.038782 0.040121 0.040947 0.041226 0.040947 0.040121 0.038782 0.036982 0.034790 0.032286 0.029560 0.026699 0.023790 0.020913 0.018137 0.015518 0.013099 0.010909 0.008964 0.007266 0.005812 0.004586 0.003571 0.002743 0.002080 0.001555 0.001148 0.000836 0.000601 0.000426 0.000298 0.000206 0.000140 0.000094 0.000063 0.000041 0.000027 0.000017 0.000011 0.000007 0.000004 0.000002 0.000001 0.000001 0.000001 0.000000 0.000000 0.000000 0.000000 0.000000 0.000000 0.000000 0.000000 
0.000000 0.000000 0.000000 0.000000 0.000000 0.000000 0.000000 0.000000 0.000000 0.000001 0.000001 0.000002 0.000004 0.000007 0.000011 0.000017 0.000027 0.000043 0.000066 0.000100 0.000151 0.000225 0.000330 0.000477 0.000682 0.000961 0.001337 0.001835 0.002485 0.003322 0.004381 0.005700 0.007319 0.009272 0.011590 0.014293 0.017391 0.020878 0.024728 0.028896 0.033313 0.037890 0.042517 0.047067 0.051403 0.055384 0.058869 0.061731 0.063860 0.065173 0.065617 0.065173 0.063860 0.061731 0.058869 0.055384 0.051403 0.047067 0.042517 0.037890 0.033313 0.028896 0.024728 0.020878 0.017391 0.014293 0.011590 0.009272 0.007319 0.005700 0.004381 0.003322 0.002485 0.001835 0.001337 0.000961 0.000682 0.000477 0.000330 0.000225 0.000151 0.000100 0.000066 0.000043 0.000027 0.000017 0.000011 0.000007 0.000004 0.000002 0.000001 0.000001 0.000000 0.000000 0.000000 0.000000 0.000000 0.000000 0.000000 0.000000 
0.000000 0.000000 0.000000 0.000000 0.000000 0.000000 0.000000 0.000000 0.000001 0.000001 0.000002 0.000004 0.000006 0.000010 0.000017 0.000027 0.000043 0.000068 0.000104 0.000159 0.000239 0.000356 0.000522 0.000755 0.001077 0.001518 0.002110 0.002896 0.003921 0.005238 0.006906 0.008984 0.011531 0.014604 0.018250 0.022501 0.027372 0.032853 0.038904 0.045453 0.052392 0.059581 0.066847 0.073992 0.080801 0.087050 0.092522 0.097015 0.100357 0.102417 0.103114 0.102417 0.100357 0.097015 0.092522 0.087050 0.080801 0.073992 0.066847 0.059581 0.052392 0.045453 0.038904 0.032853 0.027372 0.022501 0.018250 0.014604 0.011531 0.008984 0.006906 0.005238 0.003921 0.002896 0.002110 0.001518 0.001077 0.000755 0.000522 0.000356 0.000239 0.000159 0.000104 0.000068 0.000043 0.000027 0.000017 0.000010 0.000006 0.000004 0.000002 0.000001 0.000001 0.000000 0.000000 0.000000 0.000000 0.000000 0.000000 0.000000 
0.000000 0.000000 0.000000 0.000000 0.000000 0.000000 0.000000 0.000001 0.000001 0.000002 0.000004 0.000006 0.000010 0.000016 0.000027 0.000043 0.000068 0.000106 0.000163 0.000249 0.000374 0.000556 0.000814 0.001177 0.001680 0.002366 0.003289 0.004511 0.006106 0.008155 0.010748 0.013977 0.017935 0.022709 0.028370 0.034971 0.042532 0.051038 0.060427 0.070586 0.081349 0.092498 0.103765 0.114843 0.125398 0.135085 0.143566 0.150529 0.155709 0.158902 0.159981 0.158902 0.155709 0.150529 0.143566 0.135085 0.125398 0.114843 0.103765 0.092498 0.081349 0.070586 0.060427 0.051038 0.042532 0.034971 0.028370 0.022709 0.017935 0.013977 0.010748 0.008155 0.006106 0.004511 0.003289 0.002366 0.001680 0.001177 0.000814 0.000556 0.000374 0.000249 0.000163 0.000106 0.000068 0.000043 0.000027 0.000016 0.000010 0.000006 0.000004 0.000002 0.000001 0.000001 0.000000 0.000000 0.000000 0.000000 0.000000 0.000000 
0.000000 0.000000 0.000000 0.000000 0.000000 0.000000 0.000001 0.000001 0.000002 0.000003 0.000005 0.000009 0.000015 0.000025 0.000041 0.000066 0.000104 0.000163 0.000252 0.000384 0.000577 0.000856 0.001254 0.001813 0.002586 0.003642 0.005060 0.006937 0.009387 0.012533 0.016512 0.021467 0.027540 0.034860 0.043540 0.053658 0.065246 0.078278 0.092660 0.108219 0.124702 0.141771 0.159020 0.175977 0.192132 0.206957 0.219935 0.230591 0.238517 0.243403 0.245054 0.243403 0.238517 0.230591 0.219935 0.206957 0.192132 0.175977 0.159020 0.141771 0.124702 0.108219 0.092660 0.078278 0.065246 0.053658 0.043540 0.034860 0.027540 0.021467 0.016512 0.012533 0.009387 0.006937 0.005060 0.003642 0.002586 0.001813 0.001254 0.000856 0.000577 0.000384 0.000252 0.000163 0.000104 0.000066 0.000041 0.000025 0.000015 0.000009 0.000005 0.000003 0.000002 0.000001 0.000001 0.000000 0.000000 0.000000 0.000000 0.000000 
0.000000 0.000000 0.000000 0.000000 0.000000 0.000000 0.000001 0.000002 0.000003 0.000005 0.000008 0.000014 0.000023 0.000039 0.000063 0.000100 0.000159 0.000249 0.000384 0.000584 0.000878 0.001303 0.001907 0.002756 0.003931 0.005532 0.007683 0.010531 0.014245 0.019013 0.025043 0.032549 0.041744 0.052827 0.065965 0.081276 0.098807 0.118520 0.140271 0.163798 0.188716 0.214518 0.240588 0.266214 0.290626 0.313026 0.332633 0.348731 0.360705 0.368086 0.370579 0.368086 0.360705 0.348731 0.332633 0.313026 0.290626 0.266214 0.240588 0.214518 0.188716 0.163798 0.140271 0.118520 0.098807 0.081276 0.065965 0.052827 0.041744 0.032549 0.025043 0.019013 0.014245 0.010531 0.007683 0.005532 0.003931 0.002756 0.001907 0.001303 0.000878 0.000584 0.000384 0.000249 0.000159 0.000100 0.000063 0.000039 0.000023 0.000014 0.000008 0.000005 0.000003 0.000002 0.000001 0.000000 0.000000 0.000000 0.000000 0.000000 
0.000000 0.000000 0.000000 0.000000 0.000000 0.000001 0.000001 0.000002 0.000004 0.000007 0.000013 0.000021 0.000035 0.000058 0.000094 0.000151 0.000239 0.000374 0.000577 0.000878 0.001319 0.001956 0.002863 0.004136 0.005896 0.008295 0.011517 0.015781 0.021339 0.028474 0.037493 0.048717 0.062463 0.079028 0.098659 0.121531 0.147716 0.177153 0.209626 0.244746 0.281936 0.320442 0.359341 0.397574 0.433991 0.467404 0.496651 0.520660 0.538518 0.549526 0.553245 0.549526 0.538518 0.520660 0.496651 0.467404 0.433991 0.397574 0.359341 0.320442 0.281936 0.244746 0.209626 0.177153 0.147716 0.121531 0.098659 0.079028 0.062463 0.048717 0.037493 0.028474 0.021339 0.015781 0.011517 0.008295 0.005896 0.004136 0.002863 0.001956 0.001319 0.000878 0.000577 0.000374 0.000239 0.000151 0.000094 0.000058 0.000035 0.000021 0.000013 0.000007 0.000004 0.000002 0.000001 0.000001 0.000000 0.000000 0.000000 0.000000 
0.000000 0.000000 0.000000 0.000000 0.000001 0.000001 0.000002 0.000004 0.000006 0.000011 0.000019 0.000032 0.000053 0.000086 0.000140 0.000225 0.000356 0.000556 0.000856 0.001303 0.001956 0.002900 0.004243 0.006126 0.008730 0.012277 0.017041 0.023342 0.031553 0.042091 0.055408 0.071976 0.092263 0.116702 0.145659 0.179389 0.217996 0.261391 0.309253 0.361007 0.415805 0.472533 0.529832 0.586145 0.639779 0.688984 0.732050 0.767402 0.793696 0.809904 0.815380 0.809904 0.793696 0.767402 0.732050 0.688984 0.639779 0.586145 0.529832 0.472533 0.415805 0.361007 0.309253 0.261391 0.217996 0.179389 0.145659 0.116702 0.092263 0.071976 0.055408 0.042091 0.031553 0.023342 0.017041 0.012277 0.008730 0.006126 0.004243 0.002900 0.001956 0.001303 0.000856 0.000556 0.000356 0.000225 0.000140 0.000086 0.000053 0.000032 0.000019 0.000011 0.000006 0.000004 0.000002 0.000001 0.000001 0.000000 0.000000 0.000000 
0.000000 0.000000 0.000000 0.000000 0.000001 0.000002 0.000003 0.000005 0.000009 0.000016 0.000028 0.000046 0.000077 0.000127 0.000206 0.000330 0.000522 0.000814 0.001254 0.001907 0.002863 0.004243 0.006204 0.008955 0.012757 0.017936 0.024887 0.034079 0.046053 0.061417 0.080827 0.104969 0.134521 0.170115 0.212279 0.261383 0.317577 0.380726 0.450365 0.525654 0.605360 0.687863 0.771186 0.853067 0.931045 1.002578 1.065183 1.116571 1.154790 1.178348 1.186308 1.178348 1.154790 1.116571 1.065183 1.002578 0.931045 0.853067 0.771186 0.687863 0.605360 0.525654 0.450365 0.380726 0.317577 0.261383 0.212279 0.170115 0.134521 0.104969 0.080827 0.061417 0.046053 0.034079 0.024887 0.017936 0.012757 0.008955 0.006204 0.004243 0.002863 0.001907 0.001254 0.000814 0.000522 0.000330 0.000206 0.000127 0.000077 0.000046 0.000028 0.000016 0.000009 0.000005 0.000003 0.000002 0.000001 0.000000 0.000000 0.000000 
0.000000 0.000000 0.000000 0.000001 0.000001 0.000002 0.000004 0.000008 0.000014 0.000023 0.000040 0.000067 0.000112 0.000184 0.000298 0.000477 0.000755 0.001177 0.001813 0.002756 0.004136 0.006126 0.008955 0.012921 0.018401 0.025862 0.035874 0.049110 0.066346 0.088456 0.116381 0.151105 0.193602 0.244774 0.305378 0.375944 0.456681 0.547397 0.647420 0.755540 0.869988 0.988436 1.108049 1.225580 1.337497 1.440157 1.529998 1.603739 1.658581 1.692384 1.703804 1.692384 1.658581 1.603739 1.529998 1.440157 1.337497 1.225580 1.108049 0.988436 0.869988 0.755540 0.647420 0.547397 0.456681 0.375944 0.305378 0.244774 0.193602 0.151105 0.116381 0.088456 0.066346 0.049110 0.035874 0.025862 0.018401 0.012921 0.008955 0.006126 0.004136 0.002756 0.001813 0.001177 0.000755 0.000477 0.000298 0.000184 0.000112 0.000067 0.000040 0.000023 0.000014 0.000008 0.000004 0.000002 0.000001 0.000001 0.000000 0.000000 
0.000000 0.000000 0.000001 0.000001 0.000002 0.000003 0.000006 0.000011 0.000019 0.000033 0.000057 0.000096 0.000160 0.000263 0.000426 0.000682 0.001077 0.001680 0.002586 0.003931 0.005896 0.008730 0.012757 0.018401 0.026196 0.036807 0.051040 0.069851 0.094342 0.125747 0.165404 0.214704 0.275024 0.347642 0.433629 0.533729 0.648237 0.776875 0.918687 1.071959 1.234178 1.402045 1.571547 1.738080 1.896645 2.042086 2.169356 2.273813 2.351497 2.399378 2.415554 2.399378 2.351497 2.273813 2.169356 2.042086 1.896645 1.738080 1.571547 1.402045 1.234178 1.071959 0.918687 0.776875 0.648237 0.533729 0.433629 0.347642 0.275024 0.214704 0.165404 0.125747 0.094342 0.069851 0.051040 0.036807 0.026196 0.018401 0.012757 0.008730 0.005896 0.003931 0.002586 0.001680 0.001077 0.000682 0.000426 0.000263 0.000160 0.000096 0.000057 0.000033 0.000019 0.000011 0.000006 0.000003 0.000002 0.000001 0.000000 0.000000 
0.000000 0.000000 0.000001 0.000001 0.000003 0.000005 0.000009 0.000016 0.000027 0.000047 0.000081 0.000136 0.000226 0.000371 0.000601 0.000961 0.001518 0.002366 0.003642 0.005532 0.008295 0.012277 0.017936 0.025862 0.036807 0.051700 0.071672 0.098059 0.132406 0.176437 0.232025 0.301112 0.385625 0.487346 0.607769 0.747931 0.908238 1.088298 1.286768 1.501245 1.728213 1.963057 2.200160 2.433090 2.654857 2.858253 3.036228 3.182294 3.290918 3.357867 3.380485 3.357867 3.290918 3.182294 3.036228 2.858253 2.654857 2.433090 2.200160 1.963057 1.728213 1.501245 1.286768 1.088298 0.908238 0.747931 0.607769 0.487346 0.385625 0.301112 0.232025 0.176437 0.132406 0.098059 0.071672 0.051700 0.036807 0.025862 0.017936 0.012277 0.008295 0.005532 0.003642 0.002366 0.001518 0.000961 0.000601 0.000371 0.000226 0.000136 0.000081 0.000047 0.000027 0.000016 0.000009 0.000005 0.000003 0.000001 0.000001 0.000000 
0.000000 0.000000 0.000001 0.000002 0.000004 0.000007 0.000012 0.000022 0.000038 0.000066 0.000112 0.000189 0.000315 0.000516 0.000836 0.001337 0.002110 0.003289 0.005060 0.007683 0.011517 0.017041 0.024887 0.035874 0.051040 0.071672 0.099331 0.135866 0.183408 0.244341 0.321247 0.416809 0.533682 0.674325 0.840792 1.034511 1.256036 1.504817 1.778994 2.075243 2.388706 2.713009 3.040399 3.361997 3.668159 3.948939 4.194613 4.396231 4.546162 4.638568 4.669786 4.638568 4.546162 4.396231 4.194613 3.948939 3.668159 3.361997 3.040399 2.713009 2.388706 2.075243 1.778994 1.504817 1.256036 1.034511 0.840792 0.674325 0.533682 0.416809 0.321247 0.244341 0.183408 0.135866 0.099331 0.071672 0.051040 0.035874 0.024887 0.017041 0.011517 0.007683 0.005060 0.003289 0.002110 0.001337 0.000836 0.000516 0.000315 0.000189 0.000112 0.000066 0.000038 0.000022 0.000012 0.000007 0.000004 0.000002 0.000001 0.000000 
0.000000 0.000001 0.000001 0.000003 0.000005 0.000009 0.000017 0.000030 0.000053 0.000091 0.000155 0.000260 0.000432 0.000709 0.001148 0.001835 0.002896 0.004511 0.006937 0.010531 0.015781 0.023342 0.034079 0.049110 0.069851 0.098059 0.135866 0.185792 0.250742 0.333968 0.438986 0.569451 0.728979 0.920913 1.148049 1.412321 1.714477 2.053758 2.427620 2.831527 3.258851 3.700906 4.147124 4.585410 5.002627 5.385230 5.719977 5.994684 6.198959 6.324856 6.367389 6.324856 6.198959 5.994684 5.719977 5.385230 5.002627 4.585410 4.147124 3.700906 3.258851 2.831527 2.427620 2.053758 1.714477 1.412321 1.148049 0.920913 0.728979 0.569451 0.438986 0.333968 0.250742 0.185792 0.135866 0.098059 0.069851 0.049110 0.034079 0.023342 0.015781 0.010531 0.006937 0.004511 0.002896 0.001835 0.001148 0.000709 0.000432 0.000260 0.000155 0.000091 0.000053 0.000030 0.000017 0.000009 0.000005 0.000003 0.000001 0.000000 
0.000000 0.000001 0.000002 0.000004 0.000007 0.000013 0.000023 0.000041 0.000071 0.000123 0.000210 0.000353 0.000586 0.000961 0.001555 0.002485 0.003921 0.006106 0.009387 0.014245 0.021339 0.031553 0.046053 0.066346 0.094342 0.132406 0.183408 0.250742 0.338319 0.450513 0.592053 0.767853 0.982772 1.241301 1.547191 1.903035 2.309826 2.766531 3.269717 3.813273 4.388277 4.983039 5.583348 6.172934 6.734138 7.248750 7.698971 8.068424 8.343145 8.512456 8.569654 8.512456 8.343145 8.068424 7.698971 7.248750 6.734138 6.172934 5.583348 4.983039 4.388277 3.813273 3.269717 2.766531 2.309826 1.903035 1.547191 1.241301 0.982772 0.767853 0.592053 0.450513 0.338319 0.250742 0.183408 0.132406 0.094342 0.066346 0.046053 0.031553 0.021339 0.014245 0.009387 0.006106 0.003921 0.002485 0.001555 0.000961 0.000586 0.000353 0.000210 0.000123 0.000071 0.000041 0.000023 0.000013 0.000007 0.000004 0.000002 0.000000 
0.000000 0.000001 0.000003 0.000005 0.000009 0.000017 0.000031 0.000055 0.000096 0.000165 0.000281 0.000473 0.000784 0.001285 0.002080 0.003322 0.005238 0.008155 0.012533 0.019013 0.028474 0.042091 0.061417 0.088456 0.125747 0.176437 0.244341 0.333968 0.450513 0.599784 0.788060 1.021863 1.307638 1.651337 2.057933 2.530852 3.071400 3.678189 4.346647 5.068648 5.832337 6.622189 7.419334 8.202179 8.947287 9.630493 10.228182 10.718629 11.083309 11.308057 11.383983 11.308057 11.083309 10.718629 10.228182 9.630493 8.947287 8.202179 7.419334 6.622189 5.832337 5.068648 4.346647 3.678189 3.071400 2.530852 2.057933 1.651337 1.307638 1.021863 0.788060 0.599784 0.450513 0.333968 0.244341 0.176437 0.125747 0.088456 0.061417 0.042091 0.028474 0.019013 0.012533 0.008155 0.005238 0.003322 0.002080 0.001285 0.000784 0.000473 0.000281 0.000165 0.000096 0.000055 0.000031 0.000017 0.000009 0.000005 0.000002 0.000000 
0.000000 0.000001 0.000003 0.000007 0.000013 0.000023 0.000041 0.000072 0.000127 0.000218 0.000371 0.000624 0.001035 0.001696 0.002743 0.004381 0.006906 0.010748 0.016512 0.025043 0.037493 0.055408 0.080827 0.116381 0.165404 0.232025 0.321247 0.438986 0.592053 0.788060 1.035236 1.342123 1.717159 2.168136 2.701554 3.321889 4.030831 4.826545 5.703020 6.649592 7.650714 8.686033 9.730823 10.756791 11.733236 12.628511 13.411686 14.054313 14.532135 14.826605 14.926085 14.826605 14.532135 14.054313 13.411686 12.628511 11.733236 10.756791 9.730823 8.686033 7.650714 6.649592 5.703020 4.826545 4.030831 3.321889 2.701554 2.168136 1.717159 1.342123 1.035236 0.788060 0.592053 0.438986 0.321247 0.232025 0.165404 0.116381 0.080827 0.055408 0.037493 0.025043 0.016512 0.010748 0.006906 0.004381 0.002743 0.001696 0.001035 0.000624 0.000371 0.000218 0.000127 0.000072 0.000041 0.000023 0.000012 0.000006 0.000003 0.000000 
0.000000 0.000002 0.000004 0.000009 0.000016 0.000030 0.000054 0.000095 0.000165 0.000284 0.000484 0.000813 0.001349 0.002209 0.003571 0.005700 0.008984 0.013977 0.021467 0.032549 0.048717 0.071976 0.104969 0.151105 0.214704 0.301112 0.416809 0.569451 0.767853 1.021863 1.342123 1.739677 2.225430 2.809449 3.500123 4.303222 5.220909 6.250787 7.385057 8.609909 9.905219 11.244653 12.596230 13.923361 15.186353 16.344290 17.357193 18.188292 18.806233 19.187049 19.315697 19.187049 18.806233 18.188292 17.357193 16.344290 15.186353 13.923361 12.596230 11.244653 9.905219 8.609909 7.385057 6.250787 5.220909 4.303222 3.500123 2.809449 2.225430 1.739677 1.342123 1.021863 0.767853 0.569451 0.416809 0.301112 0.214704 0.151105 0.104969 0.071976 0.048717 0.032549 0.021467 0.013977 0.008984 0.005700 0.003571 0.002209 0.001349 0.000813 0.000484 0.000284 0.000165 0.000095 0.000053 0.000030 0.000016 0.000008 0.000003 0.000000 
0.000000 0.000002 0.000006 0.000011 0.000021 0.000038 0.000069 0.000122 0.000212 0.000366 0.000622 0.001045 0.001733 0.002837 0.004586 0.007319 0.011531 0.017935 0.027540 0.041744 0.062463 0.092263 0.134521 0.193602 0.275024 0.385625 0.533682 0.728979 0.982772 1.307638 1.717159 2.225430 2.846363 3.592793 4.475409 5.501551 6.673955 7.989531 9.438297 11.002598 12.656727 14.367055 16.092755 17.787126 19.399511 20.877703 22.170692 23.231567 24.020333 24.506414 24.670621 24.506414 24.020333 23.231567 22.170692 20.877703 19.399511 17.787126 16.092755 14.367055 12.656727 11.002598 9.438297 7.989531 6.673955 5.501551 4.475409 3.592793 2.846363 2.225430 1.717159 1.307638 0.982772 0.728979 0.533682 0.385625 0.275024 0.193602 0.134521 0.092263 0.062463 0.041744 0.027540 0.017935 0.011531 0.007319 0.004586 0.002837 0.001733 0.001045 0.000622 0.000366 0.000212 0.000122 0.000069 0.000038 0.000021 0.000011 0.000005 0.000000 
0.000000 0.000003 0.000007 0.000014 0.000027 0.000049 0.000088 0.000155 0.000270 0.000464 0.000790 0.001326 0.002198 0.003597 0.005812 0.009272 0.014604 0.022709 0.034860 0.052827 0.079028 0.116702 0.170115 0.244774 0.347642 0.487346 0.674325 0.920913 1.241301 1.651337 2.168136 2.809449 3.592793 4.534321 5.647476 6.941478 8.419741 10.078337 11.904659 13.876431 15.961242 18.116709 20.291388 22.426449 24.458083 26.320540 27.949584 29.286142 30.279856 30.892226 31.099094 30.892226 30.279856 29.286142 27.949584 26.320540 24.458083 22.426449 20.291388 18.116709 15.961242 13.876431 11.904659 10.078337 8.419741 6.941478 5.647476 4.534321 3.592793 2.809449 2.168136 1.651337 1.241301 0.920913 0.674325 0.487346 0.347642 0.244774 0.170115 0.116702 0.079028 0.052827 0.034860 0.022709 0.014604 0.009272 0.005812 0.003597 0.002198 0.001326 0.000790 0.000464 0.000270 0.000155 0.000087 0.000049 0.000026 0.000014 0.000006 0.000000 
0.000000 0.000004 0.000009 0.000018 0.000034 0.000061 0.000110 0.000194 0.000338 0.000582 0.000988 0.001659 0.002749 0.004498 0.007266 0.011590 0.018250 0.028370 0.043540 0.065965 0.098659 0.145659 0.212279 0.305378 0.433629 0.607769 0.840792 1.148049 1.547191 2.057933 2.701554 3.500123 4.475409 5.647476 7.033012 8.643451 10.482999 12.546731 14.818930 17.271863 19.865200 22.546221 25.250952 27.906242 30.432771 32.748803 34.774499 36.436443 37.672048 38.433470 38.690689 38.433470 37.672048 36.436443 34.774499 32.748803 30.432771 27.906242 25.250952 22.546221 19.865200 17.271863 14.818930 12.546731 10.482999 8.643451 7.033012 5.647476 4.475409 3.500123 2.701554 2.057933 1.547191 1.148049 0.840792 0.607769 0.433629 0.305378 0.212279 0.145659 0.098659 0.065965 0.043540 0.028370 0.018250 0.011590 0.007266 0.004498 0.002749 0.001659 0.000988 0.000581 0.000338 0.000194 0.000110 0.000061 0.000033 0.000017 0.000007 0.000000 
0.000000 0.000005 0.000011 0.000022 0.000042 0.000076 0.000136 0.000240 0.000417 0.000718 0.001221 0.002048 0.003393 0.005550 0.008964 0.014293 0.022501 0.034971 0.053658 0.081276 0.121531 0.179389 0.261383 0.375944 0.533729 0.747931 1.034511 1.412321 1.903035 2.530852 3.321889 4.303222 5.501551 6.941478 8.643451 10.621463 12.880632 15.414867 18.204835 21.216460 24.400215 27.691379 31.011430 34.270607 37.371579 40.214073 42.700143 44.739733 46.256073 47.190481 47.506133 47.190481 46.256073 44.739733 42.700143 40.214073 37.371579 34.270607 31.011430 27.691379 24.400215 21.216460 18.204835 15.414867 12.880632 10.621463 8.643451 6.941478 5.501551 4.303222 3.321889 2.530852 1.903035 1.412321 1.034511 0.747931 0.533729 0.375944 0.261383 0.179389 0.121531 0.081276 0.053658 0.034971 0.022501 0.014293 0.008964 0.005550 0.003393 0.002048 0.001221 0.000718 0.000417 0.000239 0.000136 0.000075 0.000041 0.000021 0.000009 0.000000 
0.000000 0.000006 0.000014 0.000027 0.000051 0.000093 0.000165 0.000292 0.000509 0.000875 0.001487 0.002494 0.004131 0.006756 0.010909 0.017391 0.027372 0.042532 0.065246 0.098807 0.147716 0.217996 0.317577 0.456681 0.648237 0.908238 1.256036 1.714477 2.309826 3.071400 4.030831 5.220909 6.673955 8.419741 10.482999 12.880632 15.618789 18.690042 22.070921 25.720109 29.577577 33.564914 37.587004 41.535132 45.291436 48.734496 51.745725 54.216092 56.052657 57.184381 57.566686 57.184381 56.052657 54.216092 51.745725 48.734496 45.291436 41.535132 37.587004 33.564914 29.577577 25.720109 22.070921 18.690042 15.618789 12.880632 10.482999 8.419741 6.673955 5.220909 4.030831 3.071400 2.309826 1.714477 1.256036 0.908238 0.648237 0.456681 0.317577 0.217996 0.147716 0.098807 0.065246 0.042532 0.027372 0.017391 0.010909 0.006756 0.004131 0.002494 0.001487 0.000875 0.000509 0.000292 0.000165 0.000092 0.000050 0.000026 0.000011 0.000000 
0.000000 0.000007 0.000017 0.000033 0.000061 0.000111 0.000199 0.000351 0.000612 0.001052 0.001787 0.002997 0.004963 0.008115 0.013099 0.020878 0.032853 0.051038 0.078278 0.118520 0.177153 0.261391 0.380726 0.547397 0.776875 1.088298 1.504817 2.053758 2.766531 3.678189 4.826545 6.250787 7.989531 10.078337 12.546731 15.414867 18.690042 22.363317 26.406579 30.770386 35.382942 40.150487 44.959312 49.679470 54.170094 58.286083 61.885729 64.838748 67.034094 68.386888 68.843870 68.386888 67.034094 64.838748 61.885729 58.286083 54.170094 49.679470 44.959312 40.150487 35.382942 30.770386 26.406579 22.363317 18.690042 15.414867 12.546731 10.078337 7.989531 6.250787 4.826545 3.678189 2.766531 2.053758 1.504817 1.088298 0.776875 0.547397 0.380726 0.261391 0.177153 0.118520 0.078278 0.051038 0.032853 0.020878 0.013099 0.008115 0.004963 0.002997 0.001787 0.001052 0.000612 0.000351 0.000199 0.000111 0.000060 0.000031 0.000013 0.000000 
0.000000 0.000008 0.000020 0.000039 0.000073 0.000132 0.000236 0.000417 0.000726 0.001248 0.002119 0.003553 0.005882 0.009615 0.015518 0.024728 0.038904 0.060427 0.092660 0.140271 0.209626 0.309253 0.450365 0.647420 0.918687 1.286768 1.778994 2.427620 3.269717 4.346647 5.703020 7.385057 9.438297 11.904659 14.818930 18.204835 22.070921 26.406579 31.178579 36.328538 41.771708 47.397448 53.071601 58.640870 63.939098 68.795145 73.041885 76.525677 79.115566 80.711462 81.250562 80.711462 79.115566 76.525677 73.041885 68.795145 63.939098 58.640870 53.071601 47.397448 41.771708 36.328538 31.178579 26.406579 22.070921 18.204835 14.818930 11.904659 9.438297 7.385057 5.703020 4.346647 3.269717 2.427620 1.778994 1.286768 0.918687 0.647420 0.450365 0.309253 0.209626 0.140271 0.092660 0.060427 0.038904 0.024728 0.015518 0.009615 0.005882 0.003553 0.002119 0.001248 0.000726 0.000417 0.000236 0.000132 0.000072 0.000037 0.000016 0.000000 
0.000000 0.000010 0.000023 0.000046 0.000085 0.000155 0.000277 0.000488 0.000849 0.001460 0.002479 0.004155 0.006877 0.011240 0.018137 0.028896 0.045453 0.070586 0.108219 0.163798 0.244746 0.361007 0.525654 0.755540 1.071959 1.501245 2.075243 2.831527 3.813273 5.068648 6.649592 8.609909 11.002598 13.876431 17.271863 21.216460 25.720109 30.770386 36.328538 42.326527 48.665635 55.217011 61.824445 68.309465 74.478645 80.132773 85.077322 89.133470 92.148807 94.006844 94.634494 94.006844 92.148807 89.133470 85.077322 80.132773 74.478645 68.309465 61.824445 55.217011 48.665635 42.326527 36.328538 30.770386 25.720109 21.216460 17.271863 13.876431 11.002598 8.609909 6.649592 5.068648 3.813273 2.831527 2.075243 1.501245 1.071959 0.755540 0.525654 0.361007 0.244746 0.163798 0.108219 0.070586 0.045453 0.028896 0.018137 0.011240 0.006877 0.004155 0.002479 0.001460 0.000849 0.000488 0.000276 0.000154 0.000084 0.000043 0.000018 0.000000 
0.000000 0.000011 0.000027 0.000053 0.000099 0.000179 0.000319 0.000563 0.000980 0.001685 0.002860 0.004794 0.007933 0.012963 0.020913 0.033313 0.052392 0.081349 0.124702 0.188716 0.281936 0.415805 0.605360 0.869988 1.234178 1.728213 2.388706 3.258851 4.388277 5.832337 7.650714 9.905219 12.656727 15.961242 19.865200 24.400215 29.577577 35.382942 41.771708 48.665635 55.951241 63.480439 71.073726 78.526041 85.615162 92.112235 97.793802 102.454454 105.919128 108.054024 108.775193 108.054024 105.919128 102.454454 97.793802 92.112235 85.615162 78.526041 71.073726 63.480439 55.951241 48.665635 41.771708 35.382942 29.577577 24.400215 19.865200 15.961242 12.656727 9.905219 7.650714 5.832337 4.388277 3.258851 2.388706 1.728213 1.234178 0.869988 0.605360 0.415805 0.281936 0.188716 0.124702 0.081349 0.052392 0.033313 0.020913 0.012963 0.007933 0.004794 0.002860 0.001685 0.000980 0.000563 0.000319 0.000178 0.000097 0.000050 0.000021 0.000000 
0.000000 0.000013 0.000031 0.000060 0.000112 0.000204 0.000364 0.000641 0.001116 0.001919 0.003256 0.005456 0.009027 0.014748 0.023790 0.037890 0.059581 0.092498 0.141771 0.214518 0.320442 0.472533 0.687863 0.988436 1.402045 1.963057 2.713009 3.700906 4.983039 6.622189 8.686033 11.244653 14.367055 18.116709 22.546221 27.691379 33.564914 40.150487 47.397448 55.217011 63.480439 72.019772 80.631448 89.082945 97.122301 104.490053 110.932869 116.217888 120.146656 122.567501 123.385260 122.567501 120.146656 116.217888 110.932869 104.490053 97.122301 89.082945 80.631448 72.019772 63.480439 55.217011 47.397448 40.150487 33.564914 27.691379 22.546221 18.116709 14.367055 11.244653 8.686033 6.622189 4.983039 3.700906 2.713009 1.963057 1.402045 0.988436 0.687863 0.472533 0.320442 0.214518 0.141771 0.092498 0.059581 0.037890 0.023790 0.014748 0.009027 0.005456 0.003256 0.001919 0.001116 0.000641 0.000363 0.000203 0.000110 0.000057 0.000024 0.000000 
0.000000 0.000015 0.000035 0.000068 0.000126 0.000229 0.000409 0.000721 0.001254 0.002155 0.003656 0.006126 0.010134 0.016554 0.026699 0.042517 0.066847 0.103765 0.159020 0.240588 0.359341 0.529832 0.771186 1.108049 1.571547 2.200160 3.040399 4.147124 5.583348 7.419334 9.730823 12.596230 16.092755 20.291388 25.250952 31.011430 37.587004 44.959312 53.071601 61.824445 71.073726 80.631448 90.269796 99.728566 108.725823 116.971258 124.181430 130.095814 134.492386 137.201462 138.116582 137.201462 134.492386 130.095814 124.181430 116.971258 108.725823 99.728566 90.269796 80.631448 71.073726 61.824445 53.071601 44.959312 37.587004 31.011430 25.250952 20.291388 16.092755 12.596230 9.730823 7.419334 5.583348 4.147124 3.040399 2.200160 1.571547 1.108049 0.771186 0.529832 0.359341 0.240588 0.159020 0.103765 0.066847 0.042517 0.026699 0.016554 0.010134 0.006125 0.003656 0.002155 0.001254 0.000720 0.000408 0.000228 0.000124 0.000064 0.000027 0.000000 
