0.000000 0.000000 0.000000 0.000000 0.000000 0.000000 0.000000 0.000000 0.000000 0.000000 0.000000 0.000000 0.000000 0.000000 0.000000 0.000000 0.000000 0.000000 0.000000 0.000000 0.000000 0.000000 0.000000 0.000000 0.000000 0.000000 0.000000 0.000000 0.000000 0.000000 0.000000 0.000000 0.000000 0.000000 0.000000 0.000000 0.000000 0.000000 0.000000 0.000000 0.000000 0.000000 0.000000 0.000000 0.000000 0.000000 0.000000 0.000000 0.000000 0.000000 0.000000 0.000000 0.000000 0.000000 0.000000 0.000000 0.000000 0.000000 0.000000 0.000000 0.000000 0.000000 0.000000 0.000000 0.000000 0.000000 0.000000 0.000000 0.000000 0.000000 0.000000 0.000000 0.000000 0.000000 0.000000 0.000000 0.000000 0.000000 0.000000 0.000000 0.000000 0.000000 0.000000 0.000000 0.000000 0.000000 0.000000 0.000000 0.000000 0.000000 0.000000 0.000000 0.000000 0.000000 0.000000 0.000000 0.000000 0.000000 0.000000 0.000000 
0.000000 0.000000 0.000000 0.000000 0.000000 0.000000 0.000000 0.000000 0.000000 0.000000 0.000000 0.000000 0.000000 0.000000 0.000000 0.000000 0.000001 0.000001 0.000001 0.000002 0.000002 0.000003 0.000004 0.000006 0.000007 0.000010 0.000013 0.000017 0.000021 0.000027 0.000034 0.000042 0.000051 0.000062 0.000075 0.000088 0.000104 0.000120 0.000138 0.000157 0.000176 0.000196 0.000215 0.000234 0.000251 0.000267 0.000280 0.000291 0.000300 0.000305 0.000306 0.000305 0.000300 0.000291 0.000280 0.000267 0.000251 0.000234 0.000215 0.000196 0.000176 0.000157 0.000138 0.000120 0.000104 0.000088 0.000075 0.000062 0.000051 0.000042 0.000034 0.000027 0.000021 0.000017 0.000013 0.000010 0.000007 0.000006 0.000004 0.000003 0.000002 0.000002 0.000001 0.000001 0.000001 0.000000 0.000000 0.000000 0.000000 0.000000 0.000000 0.000000 0.000000 0.000000 0.000000 0.000000 0.000000 0.000000 0.000000 0.000000 
0.000000 0.000000 0.000000 0.000000 0.000000 0.000000 0.000000 0.000000 0.000000 0.000000 0.000000 0.000000 0.000000 0.000000 0.000001 0.000001 0.000001 0.000002 0.000002 0.000003 0.000005 0.000007 0.000009 0.000012 0.000017 0.000022 0.000029 0.000037 0.000048 0.000061 0.000076 0.000094 0.000116 0.000140 0.000168 0.000199 0.000234 0.000271 0.000311 0.000354 0.000397 0.000441 0.000484 0.000526 0.000565 0.000601 0.000631 0.000656 0.000674 0.000686 0.000689 0.000686 0.000674 0.000656 0.000631 0.000601 0.000565 0.000526 0.000484 0.000441 0.000397 0.000354 0.000311 0.000271 0.000234 0.000199 0.000168 0.000140 0.000116 0.000094 0.000076 0.000061 0.000048 0.000037 0.000029 0.000022 0.000017 0.000012 0.000009 0.000007 0.000005 0.000003 0.000002 0.000002 0.000001 0.000001 0.000001 0.000000 0.000000 0.000000 0.000000 0.000000 0.000000 0.000000 0.000000 0.000000 0.000000 0.000000 0.000000 0.000000 
0.000000 0.000000 0.000000 0.000000 0.000000 0.000000 0.000000 0.000000 0.000000 0.000000 0.000000 0.000000 0.000000 0.000001 0.000001 0.000001 0.000002 0.000003 0.000004 0.000006 0.000009 0.000012 0.000017 0.000023 0.000030 0.000040 0.000052 0.000068 0.000086 0.000109 0.000137 0.000170 0.000208 0.000253 0.000303 0.000359 0.000422 0.000489 0.000562 0.000637 0.000716 0.000795 0.000873 0.000948 0.001018 0.001082 0.001137 0.001182 0.001215 0.001235 0.001242 0.001235 0.001215 0.001182 0.001137 0.001082 0.001018 0.000948 0.000873 0.000795 0.000716 0.000637 0.000562 0.000489 0.000422 0.000359 0.000303 0.000253 0.000208 0.000170 0.000137 0.000109 0.000086 0.000068 0.000052 0.000040 0.000030 0.000023 0.000017 0.000012 0.000009 0.000006 0.000004 0.000003 0.000002 0.000001 0.000001 0.000001 0.000000 0.000000 0.000000 0.000000 0.000000 0.000000 0.000000 0.000000 0.000000 0.000000 0.000000 0.000000 
0.000000 0.000000 0.000000 0.000000 0.000000 0.000000 0.000000 0.000000 0.000000 0.000000 0.000000 0.000001 0.000001 0.000001 0.000002 0.000003 0.000004 0.000005 0.000008 0.000011 0.000015 0.000021 0.000028 0.000038 0.000051 0.000067 0.000088 0.000114 0.000146 0.000185 0.000231 0.000287 0.000351 0.000426 0.000511 0.000606 0.000710 0.000824 0.000946 0.001074 0.001205 0.001338 0.001470 0.001596 0.001715 0.001822 0.001915 0.001990 0.002046 0.002080 0.002091 0.002080 0.002046 0.001990 0.001915 0.001822 0.001715 0.001596 0.001470 0.001338 0.001205 0.001074 0.000946 0.000824 0.000710 0.000606 0.000511 0.000426 0.000351 0.000287 0.000231 0.000185 0.000146 0.000114 0.000088 0.000067 0.000051 0.000038 0.000028 0.000021 0.000015 0.000011 0.000008 0.000005 0.000004 0.000003 0.000002 0.000001 0.000001 0.000001 0.000000 0.000000 0.000000 0.000000 0.000000 0.000000 0.000000 0.000000 0.000000 0.000000 
0.000000 0.000000 0.000000 0.000000 0.000000 0.000000 0.000000 0.000000 0.000000 0.000000 0.000001 0.000001 0.000001 0.000002 0.000003 0.000004 0.000006 0.000009 0.000012 0.000018 0.000024 0.000034 0.000046 0.000062 0.000083 0.000110 0.000144 0.000187 0.000239 0.000303 0.000379 0.000470 0.000576 0.000698 0.000836 0.000992 0.001163 0.001349 0.001548 0.001757 0.001972 0.002190 0.002404 0.002611 0.002805 0.002980 0.003132 0.003255 0.003346 0.003401 0.003420 0.003401 0.003346 0.003255 0.003132 0.002980 0.002805 0.002611 0.002404 0.002190 0.001972 0.001757 0.001548 0.001349 0.001163 0.000992 0.000836 0.000698 0.000576 0.000470 0.000379 0.000303 0.000239 0.000187 0.000144 0.000110 0.000083 0.000062 0.000046 0.000034 0.000024 0.000018 0.000012 0.000009 0.000006 0.000004 0.000003 0.000002 0.000001 0.000001 0.000001 0.000000 0.000000 0.000000 0.000000 0.000000 0.000000 0.000000 0.000000 0.000000 
0.000000 0.000000 0.000000 0.000000 0.000000 0.000000 0.000000 0.000000 0.000000 0.000001 0.000001 0.000001 0.000002 0.000003 0.000005 0.000007 0.000010 0.000014 0.000020 0.000028 0.000040 0.000055 0.000075 0.000101 0.000135 0.000178 0.000233 0.000301 0.000386 0.000488 0.000611 0.000757 0.000927 0.001124 0.001347 0.001597 0.001873 0.002172 0.002492 0.002828 0.003174 0.003524 0.003869 0.004202 0.004513 0.004795 0.005038 0.005236 0.005382 0.005471 0.005501 0.005471 0.005382 0.005236 0.005038 0.004795 0.004513 0.004202 0.003869 0.003524 0.003174 0.002828 0.002492 0.002172 0.001873 0.001597 0.001347 0.001124 0.000927 0.000757 0.000611 0.000488 0.000386 0.000301 0.000233 0.000178 0.000135 0.000101 0.000075 0.000055 0.000040 0.000028 0.000020 0.000014 0.000010 0.000007 0.000005 0.000003 0.000002 0.000001 0.000001 0.000001 0.000000 0.000000 0.000000 0.000000 0.000000 0.000000 0.000000 0.000000 
0.000000 0.000000 0.000000 0.000000 0.000000 0.000000 0.000000 0.000000 0.000001 0.000001 0.000001 0.000002 0.000003 0.000005 0.000007 0.000011 0.000016 0.000023 0.000032 0.000045 0.000063 0.000087 0.000119 0.000161 0.000215 0.000284 0.000371 0.000480 0.000614 0.000777 0.000973 0.001205 0.001476 0.001788 0.002143 0.002540 0.002978 0.003454 0.003962 0.004496 0.005045 0.005600 0.006148 0.006677 0.007171 0.007618 0.008004 0.008318 0.008550 0.008692 0.008740 0.008692 0.008550 0.008318 0.008004 0.007618 0.007171 0.006677 0.006148 0.005600 0.005045 0.004496 0.003962 0.003454 0.002978 0.002540 0.002143 0.001788 0.001476 0.001205 0.000973 0.000777 0.000614 0.000480 0.000371 0.000284 0.000215 0.000161 0.000119 0.000087 0.000063 0.000045 0.000032 0.000023 0.000016 0.000011 0.000007 0.000005 0.000003 0.000002 0.000001 0.000001 0.000001 0.000000 0.000000 0.000000 0.000000 0.000000 0.000000 0.000000 
0.000000 0.000000 0.000000 0.000000 0.000000 0.000000 0.000000 0.000001 0.000001 0.000001 0.000002 0.000003 0.000005 0.000008 0.000012 0.000017 0.000025 0.000036 0.000051 0.000072 0.000100 0.000138 0.000188 0.000254 0.000339 0.000447 0.000585 0.000756 0.000967 0.001224 0.001532 0.001897 0.002323 0.002813 0.003371 0.003995 0.004684 0.005431 0.006230 0.007067 0.007930 0.008802 0.009663 0.010492 0.011268 0.011970 0.012576 0.013069 0.013433 0.013656 0.013731 0.013656 0.013433 0.013069 0.012576 0.011970 0.011268 0.010492 0.009663 0.008802 0.007930 0.007067 0.006230 0.005431 0.004684 0.003995 0.003371 0.002813 0.002323 0.001897 0.001532 0.001224 0.000967 0.000756 0.000585 0.000447 0.000339 0.000254 0.000188 0.000138 0.000100 0.000072 0.000051 0.000036 0.000025 0.000017 0.000012 0.000008 0.000005 0.000003 0.000002 0.000001 0.000001 0.000001 0.000000 0.000000 0.000000 0.000000 0.000000 0.000000 
0.000000 0.000000 0.000000 0.000000 0.000000 0.000000 0.000001 0.000001 0.000001 0.000002 0.000003 0.000005 0.000008 0.000012 0.000018 0.000027 0.000039 0.000056 0.000079 0.000112 0.000156 0.000215 0.000293 0.000396 0.000528 0.000698 0.000912 0.001179 0.001507 0.001907 0.002386 0.002954 0.003616 0.004380 0.005247 0.006218 0.007288 0.008450 0.009691 0.010993 0.012334 0.013688 0.015026 0.016314 0.017519 0.018609 0.019551 0.020316 0.020881 0.021228 0.021345 0.021228 0.020881 0.020316 0.019551 0.018609 0.017519 0.016314 0.015026 0.013688 0.012334 0.010993 0.009691 0.008450 0.007288 0.006218 0.005247 0.004380 0.003616 0.002954 0.002386 0.001907 0.001507 0.001179 0.000912 0.000698 0.000528 0.000396 0.000293 0.000215 0.000156 0.000112 0.000079 0.000056 0.000039 0.000027 0.000018 0.000012 0.000008 0.000005 0.000003 0.000002 0.000001 0.000001 0.000001 0.000000 0.000000 0.000000 0.000000 0.000000 
0.000000 0.000000 0.000000 0.000000 0.000000 0.000001 0.000001 0.000001 0.000002 0.000003 0.000005 0.000008 0.000013 0.000019 0.000028 0.000041 0.000060 0.000086 0.000123 0.000173 0.000241 0.000332 0.000453 0.000611 0.000815 0.001077 0.001407 0.001818 0.002325 0.002940 0.003678 0.004552 0.005572 0.006747 0.008082 0.009576 0.011223 0.013010 0.014918 0.016921 0.018983 0.021065 0.023121 0.025102 0.026955 0.028630 0.030078 0.031254 0.032122 0.032655 0.032834 0.032655 0.032122 0.031254 0.030078 0.028630 0.026955 0.025102 0.023121 0.021065 0.018983 0.016921 0.014918 0.013010 0.011223 0.009576 0.008082 0.006747 0.005572 0.004552 0.003678 0.002940 0.002325 0.001818 0.001407 0.001077 0.000815 0.000611 0.000453 0.000332 0.000241 0.000173 0.000123 0.000086 0.000060 0.000041 0.000028 0.000019 0.000013 0.000008 0.000005 0.000003 0.000002 0.000001 0.000001 0.000001 0.000000 0.000000 0.000000 0.000000 
0.000000 0.000000 0.000000 0.000000 0.000001 0.000001 0.000001 0.000002 0.000003 0.000005 0.000008 0.000013 0.000019 0.000029 0.000043 0.000063 0.000092 0.000132 0.000187 0.000264 0.000368 0.000507 0.000692 0.000933 0.001245 0.001644 0.002148 0.002775 0.003547 0.004485 0.005610 0.006941 0.008496 0.010286 0.012319 0.014594 0.017101 0.019822 0.022727 0.025775 0.028913 0.032081 0.035210 0.038223 0.041042 0.043590 0.045792 0.047582 0.048903 0.049713 0.049986 0.049713 0.048903 0.047582 0.045792 0.043590 0.041042 0.038223 0.035210 0.032081 0.028913 0.025775 0.022727 0.019822 0.017101 0.014594 0.012319 0.010286 0.008496 0.006941 0.005610 0.004485 0.003547 0.002775 0.002148 0.001644 0.001245 0.000933 0.000692 0.000507 0.000368 0.000264 0.000187 0.000132 0.000092 0.000063 0.000043 0.000029 0.000019 0.000013 0.000008 0.000005 0.000003 0.000002 0.000001 0.000001 0.000000 0.000000 0.000000 0.000000 
0.000000 0.000000 0.000000 0.000000 0.000001 0.000001 0.000002 0.000003 0.000005 0.000008 0.000013 0.000019 0.000029 0.000044 0.000065 0.000095 0.000139 0.000199 0.000284 0.000400 0.000557 0.000767 0.001046 0.001411 0.001882 0.002484 0.003244 0.004191 0.005356 0.006771 0.008468 0.010476 0.012819 0.015518 0.018582 0.022010 0.025788 0.029888 0.034263 0.038853 0.043580 0.048351 0.053062 0.057599 0.061844 0.065680 0.068995 0.071688 0.073677 0.074896 0.075307 0.074896 0.073677 0.071688 0.068995 0.065680 0.061844 0.057599 0.053062 0.048351 0.043580 0.038853 0.034263 0.029888 0.025788 0.022010 0.018582 0.015518 0.012819 0.010476 0.008468 0.006771 0.005356 0.004191 0.003244 0.002484 0.001882 0.001411 0.001046 0.000767 0.000557 0.000400 0.000284 0.000199 0.000139 0.000095 0.000065 0.000044 0.000029 0.000019 0.000013 0.000008 0.000005 0.000003 0.000002 0.000001 0.000001 0.000000 0.000000 0.000000 
0.000000 0.000000 0.000000 0.000001 0.000001 0.000002 0.000003 0.000005 0.000008 0.000012 0.000019 0.000029 0.000044 0.000066 0.000097 0.000143 0.000208 0.000299 0.000425 0.000598 0.000833 0.001148 0.001565 0.002110 0.002815 0.003715 0.004850 0.006264 0.008003 0.010116 0.012648 0.015644 0.019142 0.023168 0.027738 0.032850 0.038484 0.044596 0.051119 0.057961 0.065006 0.072116 0.079136 0.085896 0.092221 0.097936 0.102874 0.106887 0.109849 0.111666 0.112278 0.111666 0.109849 0.106887 0.102874 0.097936 0.092221 0.085896 0.079136 0.072116 0.065006 0.057961 0.051119 0.044596 0.038484 0.032850 0.027738 0.023168 0.019142 0.015644 0.012648 0.010116 0.008003 0.006264 0.004850 0.003715 0.002815 0.002110 0.001565 0.001148 0.000833 0.000598 0.000425 0.000299 0.000208 0.000143 0.000097 0.000066 0.000044 0.000029 0.000019 0.000012 0.000008 0.000005 0.000003 0.000002 0.000001 0.000001 0.000000 0.000000 
0.000000 0.000000 0.000001 0.000001 0.000002 0.000003 0.000005 0.000007 0.000012 0.000018 0.000028 0.000043 0.000065 0.000097 0.000145 0.000212 0.000308 0.000443 0.000630 0.000887 0.001235 0.001700 0.002317 0.003123 0.004166 0.005496 0.007174 0.009264 0.011834 0.014955 0.018696 0.023120 0.028284 0.034227 0.040972 0.048517 0.056831 0.065849 0.075472 0.085565 0.095956 0.106443 0.116795 0.126763 0.136090 0.144516 0.151797 0.157714 0.162080 0.164759 0.165661 0.164759 0.162080 0.157714 0.151797 0.144516 0.136090 0.126763 0.116795 0.106443 0.095956 0.085565 0.075472 0.065849 0.056831 0.048517 0.040972 0.034227 0.028284 0.023120 0.018696 0.014955 0.011834 0.009264 0.007174 0.005496 0.004166 0.003123 0.002317 0.001700 0.001235 0.000887 0.000630 0.000443 0.000308 0.000212 0.000145 0.000097 0.000065 0.000043 0.000028 0.000018 0.000012 0.000007 0.000005 0.000003 0.000002 0.000001 0.000000 0.000000 
0.000000 0.000000 0.000001 0.000001 0.000003 0.000004 0.000007 0.000011 0.000017 0.000027 0.000041 0.000063 0.000095 0.000143 0.000212 0.000311 0.000452 0.000650 0.000924 0.001300 0.001810 0.002492 0.003395 0.004575 0.006100 0.008047 0.010502 0.013558 0.017316 0.021878 0.027345 0.033811 0.041355 0.050038 0.059891 0.070910 0.083050 0.096217 0.110266 0.124999 0.140166 0.155472 0.170580 0.185127 0.198736 0.211031 0.221655 0.230287 0.236658 0.240565 0.241882 0.240565 0.236658 0.230287 0.221655 0.211031 0.198736 0.185127 0.170580 0.155472 0.140166 0.124999 0.110266 0.096217 0.083050 0.070910 0.059891 0.050038 0.041355 0.033811 0.027345 0.021878 0.017316 0.013558 0.010502 0.008047 0.006100 0.004575 0.003395 0.002492 0.001810 0.001300 0.000924 0.000650 0.000452 0.000311 0.000212 0.000143 0.000095 0.000063 0.000041 0.000027 0.000017 0.000011 0.000007 0.000004 0.000002 0.000001 0.000001 0.000000 
0.000000 0.000001 0.000001 0.000002 0.000004 0.000006 0.000010 0.000016 0.000025 0.000039 0.000060 0.000092 0.000139 0.000208 0.000308 0.000452 0.000657 0.000944 0.001341 0.001886 0.002625 0.003613 0.004921 0.006631 0.008840 0.011658 0.015211 0.019634 0.025071 0.031671 0.039578 0.048928 0.059836 0.072388 0.086630 0.102555 0.120098 0.139123 0.159420 0.180702 0.202611 0.224717 0.246536 0.267543 0.287195 0.304948 0.320288 0.332751 0.341950 0.347591 0.349492 0.347591 0.341950 0.332751 0.320288 0.304948 0.287195 0.267543 0.246536 0.224717 0.202611 0.180702 0.159420 0.139123 0.120098 0.102555 0.086630 0.072388 0.059836 0.048928 0.039578 0.031671 0.025071 0.019634 0.015211 0.011658 0.008840 0.006631 0.004921 0.003613 0.002625 0.001886 0.001341 0.000944 0.000657 0.000452 0.000308 0.000208 0.000139 0.000092 0.000060 0.000039 0.000025 0.000016 0.000010 0.000006 0.000004 0.000002 0.000001 0.000000 
0.000000 0.000001 0.000002 0.000003 0.000005 0.000009 0.000014 0.000023 0.000036 0.000056 0.000086 0.000132 0.000199 0.000299 0.000443 0.000650 0.000944 0.001355 0.001926 0.002708 0.003767 0.005184 0.007059 0.009510 0.012674 0.016712 0.021800 0.028134 0.035919 0.045366 0.056683 0.070062 0.085669 0.103625 0.123995 0.146771 0.171857 0.199058 0.228076 0.258500 0.289815 0.321410 0.352593 0.382614 0.410695 0.436063 0.457981 0.475789 0.488931 0.496991 0.499707 0.496991 0.488931 0.475789 0.457981 0.436063 0.410695 0.382614 0.352593 0.321410 0.289815 0.258500 0.228076 0.199058 0.171857 0.146771 0.123995 0.103625 0.085669 0.070062 0.056683 0.045366 0.035919 0.028134 0.021800 0.016712 0.012674 0.009510 0.007059 0.005184 0.003767 0.002708 0.001926 0.001355 0.000944 0.000650 0.000443 0.000299 0.000199 0.000132 0.000086 0.000056 0.000036 0.000023 0.000014 0.000009 0.000005 0.000003 0.000001 0.000000 
0.000000 0.000001 0.000002 0.000004 0.000008 0.000012 0.000020 0.000032 0.000051 0.000079 0.000123 0.000187 0.000284 0.000425 0.000630 0.000924 0.001341 0.001926 0.002736 0.003846 0.005349 0.007360 0.010019 0.013494 0.017981 0.023705 0.030916 0.039890 0.050919 0.064300 0.080328 0.099273 0.121368 0.146787 0.175618 0.207850 0.243346 0.281832 0.322884 0.365921 0.410215 0.454901 0.499001 0.541455 0.581164 0.617034 0.648025 0.673203 0.691785 0.703180 0.707020 0.703180 0.691785 0.673203 0.648025 0.617034 0.581164 0.541455 0.499001 0.454901 0.410215 0.365921 0.322884 0.281832 0.243346 0.207850 0.175618 0.146787 0.121368 0.099273 0.080328 0.064300 0.050919 0.039890 0.030916 0.023705 0.017981 0.013494 0.010019 0.007360 0.005349 0.003846 0.002736 0.001926 0.001341 0.000924 0.000630 0.000425 0.000284 0.000187 0.000123 0.000079 0.000051 0.000032 0.000020 0.000012 0.000007 0.000004 0.000002 0.000000 
0.000000 0.000002 0.000003 0.000006 0.000011 0.000018 0.000028 0.000045 0.000072 0.000112 0.000173 0.000264 0.000400 0.000598 0.000887 0.001300 0.001886 0.002708 0.003846 0.005405 0.007515 0.010338 0.014070 0.018946 0.025241 0.033269 0.043381 0.055964 0.071424 0.090179 0.112639 0.139184 0.170138 0.205742 0.246121 0.291258 0.340960 0.394844 0.452312 0.512555 0.574552 0.637093 0.698808 0.758218 0.813782 0.863972 0.907334 0.942561 0.968559 0.984502 0.989874 0.984502 0.968559 0.942561 0.907334 0.863972 0.813782 0.758218 0.698808 0.637093 0.574552 0.512555 0.452312 0.394844 0.340960 0.291258 0.246121 0.205742 0.170138 0.139184 0.112639 0.090179 0.071424 0.055964 0.043381 0.033269 0.025241 0.018946 0.014070 0.010338 0.007515 0.005405 0.003846 0.002708 0.001886 0.001300 0.000887 0.000598 0.000400 0.000264 0.000173 0.000112 0.000071 0.000045 0.000028 0.000017 0.000010 0.000006 0.000003 0.000000 
0.000000 0.000002 0.000005 0.000009 0.000015 0.000024 0.000040 0.000063 0.000100 0.000156 0.000241 0.000368 0.000557 0.000833 0.001235 0.001810 0.002625 0.003767 0.005349 0.007515 0.010446 0.014367 0.019550 0.026320 0.035058 0.046199 0.060231 0.077687 0.099131 0.125141 0.156285 0.193087 0.235996 0.285345 0.341305 0.403850 0.472714 0.547363 0.626972 0.710416 0.796282 0.882895 0.968360 1.050625 1.127563 1.197056 1.257093 1.305865 1.341858 1.363929 1.371367 1.363929 1.341858 1.305865 1.257093 1.197056 1.127563 1.050625 0.968360 0.882895 0.796282 0.710416 0.626972 0.547363 0.472714 0.403850 0.341305 0.285345 0.235996 0.193087 0.156285 0.125141 0.099131 0.077687 0.060231 0.046199 0.035058 0.026320 0.019550 0.014367 0.010446 0.007515 0.005349 0.003767 0.002625 0.001810 0.001235 0.000833 0.000557 0.000368 0.000241 0.000156 0.000100 0.000063 0.000039 0.000024 0.000014 0.000008 0.000004 0.000000 
0.000000 0.000003 0.000007 0.000012 0.000021 0.000034 0.000055 0.000087 0.000138 0.000215 0.000332 0.000507 0.000767 0.001148 0.001700 0.002492 0.003613 0.005184 0.007360 0.010338 0.014367 0.019756 0.026877 0.036177 0.048178 0.063476 0.082742 0.106703 0.136135 0.171827 0.214557 0.265044 0.323901 0.391580 0.468319 0.554077 0.648489 0.750822 0.859943 0.974311 1.091991 1.210684 1.327797 1.440519 1.545935 1.641147 1.723399 1.790217 1.839527 1.869763 1.879952 1.869763 1.839527 1.790217 1.723399 1.641147 1.545935 1.440519 1.327797 1.210684 1.091991 0.974311 0.859943 0.750822 0.648489 0.554077 0.468319 0.391580 0.323901 0.265044 0.214557 0.171827 0.136135 0.106703 0.082742 0.063476 0.048178 0.036177 0.026877 0.019756 0.014367 0.010338 0.007360 0.005184 0.003613 0.002492 0.001700 0.001148 0.000767 0.000507 0.000332 0.000215 0.000138 0.000087 0.000054 0.000033 0.000020 0.000011 0.000005 0.000000 
0.000000 0.000004 0.000009 0.000017 0.000028 0.000046 0.000075 0.000119 0.000188 0.000293 0.000453 0.000692 0.001046 0.001565 0.002317 0.003395 0.004921 0.007059 0.010019 0.014070 0.019550 0.026877 0.036558 0.049199 0.065507 0.086293 0.112463 0.145009 0.184976 0.233439 0.291449 0.359979 0.439861 0.531705 0.635829 0.752180 0.880258 1.019067 1.167071 1.322179 1.481764 1.642714 1.801509 1.954343 2.097265 2.226346 2.337853 2.428434 2.495279 2.536267 2.550079 2.536267 2.495279 2.428434 2.337853 2.226346 2.097265 1.954343 1.801509 1.642714 1.481764 1.322179 1.167071 1.019067 0.880258 0.752180 0.635829 0.531705 0.439861 0.359979 0.291449 0.233439 0.184976 0.145009 0.112463 0.086293 0.065507 0.049199 0.036558 0.026877 0.019550 0.014070 0.010019 0.007059 0.004921 0.003395 0.002317 0.001565 0.001046 0.000692 0.000453 0.000293 0.000188 0.000119 0.000074 0.000046 0.000027 0.000015 0.000007 0.000000 
0.000000 0.000006 0.000012 0.000023 0.000038 0.000062 0.000101 0.000161 0.000254 0.000396 0.000611 0.000933 0.001411 0.002110 0.003123 0.004575 0.006631 0.009510 0.013494 0.018946 0.026320 0.036177 0.049199 0.066198 0.088125 0.116068 0.151243 0.194980 0.248683 0.313791 0.391714 0.483756 0.591029 0.714353 0.854150 1.010344 1.182265 1.368572 1.567202 1.775350 1.989490 2.205447 2.418499 2.623543 2.815279 2.988438 3.138019 3.259525 3.349189 3.404169 3.422696 3.404169 3.349189 3.259525 3.138019 2.988438 2.815279 2.623543 2.418499 2.205447 1.989490 1.775350 1.567202 1.368572 1.182265 1.010344 0.854150 0.714353 0.591029 0.483756 0.391714 0.313791 0.248683 0.194980 0.151243 0.116068 0.088125 0.066198 0.049199 0.036177 0.026320 0.018946 0.013494 0.009510 0.006631 0.004575 0.003123 0.002110 0.001411 0.000933 0.000611 0.000396 0.000253 0.000161 0.000100 0.000062 0.000037 0.000021 0.000009 0.000000 
0.000000 0.000007 0.000017 0.000030 0.000051 0.000083 0.000135 0.000215 0.000339 0.000528 0.000815 0.001245 0.001882 0.002815 0.004166 0.006100 0.008840 0.012674 0.017981 0.025241 0.035058 0.048178 0.065507 0.088125 0.117295 0.154461 0.201240 0.259394 0.330790 0.417336 0.520902 0.643217 0.785756 0.949602 1.135314 1.342787 1.571127 1.818552 2.082320 2.358705 2.643027 2.929741 3.212583 3.484777 3.739295 3.969144 4.167689 4.328965 4.447975 4.520948 4.545537 4.520948 4.447975 4.328965 4.167689 3.969144 3.739295 3.484777 3.212583 2.929741 2.643027 2.358705 2.082320 1.818552 1.571127 1.342787 1.135314 0.949602 0.785756 0.643217 0.520902 0.417336 0.330790 0.259394 0.201240 0.154461 0.117295 0.088125 0.065507 0.048178 0.035058 0.025241 0.017981 0.012674 0.008840 0.006100 0.004166 0.002815 0.001882 0.001245 0.000815 0.000528 0.000338 0.000215 0.000134 0.000083 0.000049 0.000028 0.000012 0.000000 
0.000000 0.000010 0.000022 0.000040 0.000067 0.000110 0.000178 0.000284 0.000447 0.000698 0.001077 0.001644 0.002484 0.003715 0.005496 0.008047 0.011658 0.016712 0.023705 0.033269 0.046199 0.063476 0.086293 0.116068 0.154461 0.203371 0.264921 0.341428 0.435341 0.549167 0.685359 0.846188 1.033585 1.248971 1.493075 1.765753 2.065829 2.390958 2.737532 3.100657 3.474184 3.850830 4.222368 4.579902 4.914202 5.216090 5.476854 5.688664 5.844961 5.940796 5.973090 5.940796 5.844961 5.688664 5.476854 5.216090 4.914202 4.579902 4.222368 3.850830 3.474184 3.100657 2.737532 2.390958 2.065829 1.765753 1.493075 1.248971 1.033585 0.846188 0.685359 0.549167 0.435341 0.341428 0.264921 0.203371 0.154461 0.116068 0.086293 0.063476 0.046199 0.033269 0.023705 0.016712 0.011658 0.008047 0.005496 0.003715 0.002484 0.001644 0.001077 0.000698 0.000447 0.000284 0.000177 0.000109 0.000065 0.000036 0.000016 0.000000 
0.000000 0.000013 0.000029 0.000052 0.000088 0.000144 0.000233 0.000371 0.000585 0.000912 0.001407 0.002148 0.003244 0.004850 0.007174 0.010502 0.015211 0.021800 0.030916 0.043381 0.060231 0.082742 0.112463 0.151243 0.201240 0.264921 0.345050 0.444633 0.566857 0.714976 0.892178 1.101409 1.345177 1.625322 1.942786 2.297378 2.687564 3.110288 3.560860 4.032915 4.518460 5.008030 5.490933 5.955613 6.390077 6.782403 7.121275 7.396523 7.599629 7.724163 7.766127 7.724163 7.599629 7.396523 7.121275 6.782403 6.390077 5.955613 5.490933 5.008030 4.518460 4.032915 3.560860 3.110288 2.687564 2.297378 1.942786 1.625322 1.345177 1.101409 0.892178 0.714976 0.566857 0.444633 0.345050 0.264921 0.201240 0.151243 0.112463 0.082742 0.060231 0.043381 0.030916 0.021800 0.015211 0.010502 0.007174 0.004850 0.003244 0.002148 0.001407 0.000912 0.000585 0.000371 0.000232 0.000143 0.000085 0.000048 0.000021 0.000000 
0.000000 0.000017 0.000037 0.000068 0.000114 0.000187 0.000301 0.000480 0.000756 0.001179 0.001818 0.002775 0.004191 0.006264 0.009264 0.013558 0.019634 0.028134 0.039890 0.055964 0.077687 0.106703 0.145009 0.194980 0.259394 0.341428 0.444633 0.572879 0.730261 0.920962 1.149079 1.418397 1.732135 2.092655 2.501159 2.957398 3.459388 4.003196 4.582786 5.189967 5.814460 6.444092 7.065118 7.662680 8.221363 8.725843 9.161575 9.515489 9.776638 9.936760 9.990715 9.936760 9.776638 9.515489 9.161575 8.725843 8.221363 7.662680 7.065118 6.444092 5.814460 5.189967 4.582786 4.003196 3.459388 2.957398 2.501159 2.092655 1.732135 1.418397 1.149079 0.920962 0.730261 0.572879 0.444633 0.341428 0.259394 0.194980 0.145009 0.106703 0.077687 0.055964 0.039890 0.028134 0.019634 0.013558 0.009264 0.006264 0.004191 0.002775 0.001818 0.001179 0.000756 0.000479 0.000300 0.000185 0.000111 0.000062 0.000027 0.000000 
0.000000 0.000021 0.000048 0.000086 0.000146 0.000239 0.000386 0.000614 0.000967 0.001507 0.002325 0.003547 0.005356 0.008003 0.011834 0.017316 0.025071 0.035919 0.050919 0.071424 0.099131 0.136135 0.184976 0.248683 0.330790 0.435341 0.566857 0.730261 0.930762 1.173682 1.464228 1.807214 2.206728 2.665766 3.185854 3.766663 4.405661 5.097837 5.835503 6.608233 7.402948 8.204157 8.994376 9.754703 10.465534 11.107379 11.661742 12.112001 12.444235 12.647941 12.716582 12.647941 12.444235 12.112001 11.661742 11.107379 10.465534 9.754703 8.994376 8.204157 7.402948 6.608233 5.835503 5.097837 4.405661 3.766663 3.185854 2.665766 2.206728 1.807214 1.464228 1.173682 0.930762 0.730261 0.566857 0.435341 0.330790 0.248683 0.184976 0.136135 0.099131 0.071424 0.050919 0.035919 0.025071 0.017316 0.011834 0.008003 0.005356 0.003547 0.002324 0.001507 0.000967 0.000613 0.000384 0.000237 0.000141 0.000079 0.000035 0.000000 
0.000000 0.000027 0.000061 0.000109 0.000185 0.000303 0.000488 0.000777 0.001224 0.001907 0.002940 0.004485 0.006771 0.010116 0.014955 0.021878 0.031671 0.045366 0.064300 0.090179 0.125141 0.171827 0.233439 0.313791 0.417336 0.549167 0.714976 0.920962 1.173682 1.479832 1.845965 2.278133 2.781477 3.359760 4.014892 4.746448 5.551234 6.422928 7.351845 8.324857 9.325491 10.334249 11.329122 12.286322 13.181175 13.989157 14.686994 15.253771 15.671975 15.928389 16.014791 15.928389 15.671975 15.253771 14.686994 13.989157 13.181175 12.286322 11.329122 10.334249 9.325491 8.324857 7.351845 6.422928 5.551234 4.746448 4.014892 3.359760 2.781477 2.278133 1.845965 1.479832 1.173682 0.920962 0.714976 0.549167 0.417336 0.313791 0.233439 0.171827 0.125141 0.090179 0.064300 0.045366 0.031671 0.021878 0.014955 0.010116 0.006771 0.004485 0.002940 0.001907 0.001223 0.000776 0.000486 0.000300 0.000179 0.000100 0.000045 0.000000 
0.000000 0.000034 0.000076 0.000137 0.000231 0.000379 0.000611 0.000973 0.001532 0.002386 0.003678 0.005610 0.008468 0.012648 0.018696 0.027345 0.039578 0.056683 0.080328 0.112639 0.156285 0.214557 0.291449 0.391714 0.520902 0.685359 0.892178 1.149079 1.464228 1.845965 2.302445 2.841201 3.468625 4.189397 5.005883 5.917541 6.920381 8.006517 9.163878 10.376103 11.622671 12.879296 14.118567 15.310862 16.425457 17.431818 18.300969 19.006872 19.527723 19.847070 19.954677 19.847070 19.527723 19.006872 18.300969 17.431818 16.425457 15.310862 14.118567 12.879296 11.622671 10.376103 9.163878 8.006517 6.920381 5.917541 5.005883 4.189397 3.468625 2.841201 2.302445 1.845965 1.464228 1.149079 0.892178 0.685359 0.520902 0.391714 0.291449 0.214557 0.156285 0.112639 0.080328 0.056683 0.039578 0.027345 0.018696 0.012648 0.008468 0.005610 0.003678 0.002386 0.001531 0.000972 0.000609 0.000375 0.000224 0.000125 0.000056 0.000000 
0.000000 0.000042 0.000094 0.000170 0.000287 0.000470 0.000757 0.001205 0.001897 0.002954 0.004552 0.006941 0.010476 0.015644 0.023120 0.033811 0.048928 0.070062 0.099273 0.139184 0.193087 0.265044 0.359979 0.483756 0.643217 0.846188 1.101409 1.418397 1.807214 2.278133 2.841201 3.505691 4.279472 5.168298 6.175072 7.299112 8.535485 9.874462 11.301154 12.795389 14.331877 15.880684 17.408037 18.877435 20.251030 21.491204 22.562262 23.432133 24.073959 24.467474 24.600073 24.467474 24.073959 23.432133 22.562262 21.491204 20.251030 18.877435 17.408037 15.880684 14.331877 12.795389 11.301154 9.874462 8.535485 7.299112 6.175072 5.168298 4.279472 3.505691 2.841201 2.278133 1.807214 1.418397 1.101409 0.846188 0.643217 0.483756 0.359979 0.265044 0.193087 0.139184 0.099273 0.070062 0.048928 0.033811 0.023120 0.015644 0.010475 0.006941 0.004551 0.002953 0.001896 0.001203 0.000754 0.000465 0.000278 0.000155 0.000069 0.000000 
0.000000 0.000051 0.000116 0.000208 0.000351 0.000576 0.000927 0.001476 0.002323 0.003616 0.005572 0.008496 0.012819 0.019142 0.028284 0.041355 0.059836 0.085669 0.121368 0.170138 0.235996 0.323901 0.439861 0.591029 0.785756 1.033585 1.345177 1.732135 2.206728 2.781477 3.468625 4.279472 5.223599 6.308009 7.536224 8.907398 10.415499 12.048648 13.788679 15.610988 17.484731 19.373411 21.235851 23.027556 24.702390 26.214500 27.520383 28.580949 29.363466 29.843239 30.004901 29.843239 29.363466 28.580949 27.520383 26.214500 24.702390 23.027556 21.235851 19.373411 17.484731 15.610988 13.788679 12.048648 10.415499 8.907398 7.536224 6.308009 5.223599 4.279472 3.468625 2.781477 2.206728 1.732135 1.345177 1.033585 0.785756 0.591029 0.439861 0.323901 0.235996 0.170138 0.121368 0.085669 0.059836 0.041355 0.028284 0.019142 0.012819 0.008496 0.005572 0.003616 0.002321 0.001474 0.000924 0.000569 0.000341 0.000190 0.000085 0.000000 
0.000000 0.000062 0.000140 0.000253 0.000426 0.000698 0.001124 0.001788 0.002813 0.004380 0.006747 0.010286 0.015518 0.023168 0.034227 0.050038 0.072388 0.103625 0.146787 0.205742 0.285345 0.391580 0.531705 0.714353 0.949602 1.248971 1.625322 2.092655 2.665766 3.359760 4.189397 5.168298 6.308009 7.616960 9.099385 10.754242 12.574236 14.545020 16.644664 18.843474 21.104238 23.382924 25.629865 27.791391 29.811861 31.635979 33.211282 34.490634 35.434566 36.013299 36.208306 36.013299 35.434566 34.490634 33.211282 31.635979 29.811861 27.791391 25.629865 23.382924 21.104238 18.843474 16.644664 14.545020 12.574236 10.754242 9.099385 7.616960 6.308009 5.168298 4.189397 3.359760 2.665766 2.092655 1.625322 1.248971 0.949602 0.714353 0.531705 0.391580 0.285345 0.205742 0.146787 0.103625 0.072388 0.050038 0.034227 0.023168 0.015518 0.010286 0.006747 0.004379 0.002812 0.001786 0.001120 0.000690 0.000413 0.000231 0.000103 0.000000 
0.000000 0.000075 0.000168 0.000303 0.000511 0.000836 0.001347 0.002143 0.003371 0.005247 0.008082 0.012319 0.018582 0.027738 0.040972 0.059891 0.086630 0.123995 0.175618 0.246121 0.341305 0.468319 0.635829 0.854150 1.135314 1.493075 1.942786 2.501159 3.185854 4.014892 5.005883 6.175072 7.536224 9.099385 10.869586 12.845562 15.018587 17.371516 19.878157 22.503058 25.201796 27.921816 30.603844 33.183833 35.595388 37.772532 39.652668 41.179560 42.306118 42.996814 43.229547 42.996814 42.306118 41.179560 39.652668 37.772532 35.595388 33.183833 30.603844 27.921816 25.201796 22.503058 19.878157 17.371516 15.018587 12.845562 10.869586 9.099385 7.536224 6.175072 5.005883 4.014892 3.185854 2.501159 1.942786 1.493075 1.135314 0.854150 0.635829 0.468319 0.341305 0.246121 0.175618 0.123995 0.086630 0.059891 0.040972 0.027737 0.018582 0.012319 0.008082 0.005246 0.003369 0.002140 0.001342 0.000827 0.000495 0.000277 0.000123 0.000000 
0.000000 0.000088 0.000199 0.000359 0.000606 0.000992 0.001597 0.002540 0.003995 0.006218 0.009576 0.014594 0.022010 0.032850 0.048517 0.070910 0.102555 0.146771 0.207850 0.291258 0.403850 0.554077 0.752180 1.010344 1.342787 1.765753 2.297378 2.957398 3.766663 4.746448 5.917541 7.299112 8.907398 10.754242 12.845562 15.179843 17.746754 20.526029 23.486720 26.586950 29.774252 32.986565 36.153898 39.200636 42.048391 44.619275 46.839395 48.642365 49.972601 50.788167 51.062973 50.788167 49.972601 48.642365 46.839395 44.619275 42.048391 39.200636 36.153898 32.986565 29.774252 26.586950 23.486720 20.526029 17.746754 15.179843 12.845562 10.754242 8.907398 7.299112 5.917541 4.746448 3.766663 2.957398 2.297378 1.765753 1.342787 1.010344 0.752180 0.554077 0.403850 0.291258 0.207850 0.146771 0.102555 0.070910 0.048517 0.032850 0.022010 0.014594 0.009575 0.006217 0.003994 0.002537 0.001591 0.000981 0.000587 0.000328 0.000146 0.000000 
0.000000 0.000104 0.000234 0.000422 0.000710 0.001163 0.001873 0.002978 0.004684 0.007288 0.011223 0.017101 0.025788 0.038484 0.056831 0.083050 0.120098 0.171857 0.243346 0.340960 0.472714 0.648489 0.880258 1.182265 1.571127 2.065829 2.687564 3.459388 4.405661 5.551234 6.920381 8.535485 10.415499 12.574236 15.018587 17.746754 20.746643 23.994554 27.454308 31.076964 34.801218 38.554560 42.255228 45.814890 49.141986 52.145542 54.739254 56.845590 58.399633 59.352409 59.673447 59.352409 58.399633 56.845590 54.739254 52.145542 49.141986 45.814890 42.255228 38.554560 34.801218 31.076964 27.454308 23.994554 20.746643 17.746754 15.018587 12.574236 10.415499 8.535485 6.920381 5.551234 4.405661 3.459388 2.687564 2.065829 1.571127 1.182265 0.880258 0.648489 0.472714 0.340960 0.243346 0.171857 0.120098 0.083050 0.056831 0.038484 0.025788 0.017101 0.011222 0.007287 0.004682 0.002974 0.001866 0.001151 0.000689 0.000385 0.000172 0.000000 
0.000000 0.000120 0.000271 0.000489 0.000824 0.001349 0.002172 0.003454 0.005431 0.008450 0.013010 0.019822 0.029888 0.044596 0.065849 0.096217 0.139123 0.199058 0.281832 0.394844 0.547363 0.750822 1.019067 1.368572 1.818552 2.390958 3.110288 4.003196 5.097837 6.422928 8.006517 9.874462 12.048648 14.545020 17.371516 20.526029 23.994554 27.749668 31.749533 35.937563 40.242886 44.581691 48.859475 52.974153 56.819913 60.291626 63.289563 65.724135 67.520331 68.621561 68.992620 68.621561 67.520331 65.724135 63.289563 60.291626 56.819913 52.974153 48.859475 44.581691 40.242886 35.937563 31.749533 27.749668 23.994554 20.526029 17.371516 14.545020 12.048648 9.874462 8.006517 6.422928 5.097837 4.003196 3.110288 2.390958 1.818552 1.368572 1.019067 0.750822 0.547363 0.394844 0.281832 0.199058 0.139123 0.096217 0.065849 0.044596 0.029888 0.019822 0.013009 0.008449 0.005429 0.003449 0.002164 0.001335 0.000799 0.000447 0.000199 0.000000 
0.000000 0.000138 0.000311 0.000562 0.000946 0.001548 0.002492 0.003962 0.006230 0.009691 0.014918 0.022727 0.034263 0.051119 0.075472 0.110266 0.159420 0.228076 0.322884 0.452312 0.626972 0.859943 1.167071 1.567202 2.082320 2.737532 3.560860 4.582786 5.835503 7.351845 9.163878 11.301154 13.788679 16.644664 19.878157 23.486720 27.454308 31.749533 36.324528 41.114564 46.038584 51.000744 55.892978 60.598561 64.996511 68.966633 72.394908 75.178916 77.232901 78.492172 78.916482 78.492172 77.232901 75.178916 72.394908 68.966633 64.996511 60.598561 55.892978 51.000744 46.038584 41.114564 36.324528 31.749533 27.454308 23.486720 19.878157 16.644664 13.788679 11.301154 9.163878 7.351845 5.835503 4.582786 3.560860 2.737532 2.082320 1.567202 1.167071 0.859943 0.626972 0.452312 0.322884 0.228076 0.159420 0.110266 0.075472 0.051118 0.034263 0.022727 0.014918 0.009689 0.006227 0.003957 0.002483 0.001532 0.000917 0.000513 0.000229 0.000000 
0.000000 0.000157 0.000354 0.000637 0.001074 0.001757 0.002828 0.004496 0.007067 0.010993 0.016921 0.025775 0.038853 0.057961 0.085565 0.124999 0.180702 0.258500 0.365921 0.512555 0.710416 0.974311 1.322179 1.775350 2.358705 3.100657 4.032915 5.189967 6.608233 8.324857 10.376103 12.795389 15.610988 18.843474 22.503058 26.586950 31.076964 35.937563 41.114564 46.534716 52.106302 57.720882 63.256200 68.580210 73.556056 78.047779 81.926412 85.076106 87.399868 88.824526 89.304562 88.824526 87.399868 85.076106 81.926412 78.047779 73.556056 68.580210 63.256200 57.720882 52.106302 46.534716 41.114564 35.937563 31.076964 26.586950 22.503058 18.843474 15.610988 12.795389 10.376103 8.324857 6.608233 5.189967 4.032915 3.100657 2.358705 1.775350 1.322179 0.974311 0.710416 0.512555 0.365921 0.258500 0.180702 0.124999 0.085564 0.057960 0.038853 0.025774 0.016920 0.010991 0.007064 0.004489 0.002817 0.001738 0.001041 0.000582 0.000260 0.000000 
0.000000 0.000176 0.000397 0.000716 0.001205 0.001972 0.003174 0.005045 0.007930 0.012334 0.018983 0.028913 0.043580 0.065006 0.095956 0.140166 0.202611 0.289815 0.410215 0.574552 0.796282 1.091991 1.481764 1.989490 2.643027 3.474184 4.518460 5.814460 7.402948 9.325491 11.622671 14.331877 17.484731 21.104238 25.201796 29.774252 34.801218 40.242886 46.038584 52.106302 58.343368 64.628397 70.824553 76.784049 82.353722 87.381416 91.722807 95.248252 97.849213 99.443810 99.981104 99.443810 97.849213 95.248252 91.722807 87.381416 82.353722 76.784049 70.824553 64.628397 58.343368 52.106302 46.038584 40.242886 34.801218 29.774252 25.201796 21.104238 17.484731 14.331877 11.622671 9.325491 7.402948 5.814460 4.518460 3.474184 2.643027 1.989490 1.481764 1.091991 0.796282 0.574552 0.410215 0.289815 0.202611 0.140166 0.095956 0.065005 0.043580 0.028912 0.018982 0.012332 0.007927 0.005038 0.003162 0.001951 0.001169 0.000653 0.000292 0.000000 
0.000000 0.000196 0.000441 0.000795 0.001338 0.002190 0.003524 0.005600 0.008802 0.013688 0.021065 0.032081 0.048351 0.072116 0.106443 0.155472 0.224717 0.321410 0.454901 0.637093 0.882895 1.210684 1.642714 2.205447 2.929741 3.850830 5.008030 6.444092 8.204157 10.334249 12.879296 15.880684 19.373411 23.382924 27.921816 32.986565 38.554560 44.581691 51.000744 57.720882 64.628397 71.588866 78.450765 85.050451 91.218335 96.785950 101.593503 105.497460 108.377655 110.143435 110.738408 110.143435 108.377655 105.497460 101.593503 96.785950 91.218335 85.050451 78.450765 71.588866 64.628397 57.720882 51.000744 44.581691 38.554560 32.986565 27.921816 23.382924 19.373411 15.880684 12.879296 10.334249 8.204157 6.444092 5.008030 3.850830 2.929741 2.205447 1.642714 1.210684 0.882895 0.637093 0.454901 0.321410 0.224717 0.155472 0.106442 0.072116 0.048351 0.032081 0.021064 0.013686 0.008798 0.005592 0.003510 0.002166 0.001298 0.000725 0.000324 0.000000 
0.000000 0.000215 0.000484 0.000873 0.001470 0.002404 0.003869 0.006148 0.009663 0.015026 0.023121 0.035210 0.053062 0.079136 0.116795 0.170580 0.246536 0.352593 0.499001 0.698808 0.968360 1.327797 1.801509 2.418499 3.212583 4.222368 5.490933 7.065118 8.994376 11.329122 14.118567 17.408037 21.235851 25.629865 30.603844 36.153898 42.255228 48.859475 55.892978 63.256200 70.824553 78.450765 85.968836 93.199495 99.956971 106.056719 111.323705 115.600707 118.756100 120.690590 121.342408 120.690590 118.756100 115.600707 111.323705 106.056719 99.956971 93.199495 85.968836 78.450765 70.824553 63.256200 55.892978 48.859475 42.255228 36.153898 30.603844 25.629865 21.235851 17.408037 14.118567 11.329122 8.994376 7.065118 5.490933 4.222368 3.212583 2.418499 1.801509 1.327797 0.968360 0.698808 0.499001 0.352593 0.246536 0.170580 0.116795 0.079136 0.053062 0.035209 0.023120 0.015023 0.009658 0.006140 0.003854 0.002378 0.001425 0.000796 0.000356 0.000000 
