0.000000 0.000000 0.000000 0.000000 0.000000 0.000000 0.000000 0.000000 0.000000 0.000000 0.000000 0.000000 0.000000 0.000000 0.000000 0.000000 0.000000 0.000000 0.000000 0.000000 0.000000 0.000000 0.000000 0.000000 0.000000 0.000000 0.000000 0.000000 0.000000 0.000000 0.000000 0.000000 0.000000 0.000000 0.000000 0.000000 0.000000 0.000000 0.000000 0.000000 0.000000 0.000000 0.000000 0.000000 0.000000 0.000000 0.000000 0.000000 0.000000 0.000000 0.000000 0.000000 0.000000 0.000000 0.000000 0.000000 0.000000 0.000000 0.000000 0.000000 0.000000 0.000000 0.000000 0.000000 0.000000 0.000000 0.000000 0.000000 0.000000 0.000000 0.000000 0.000000 0.000000 0.000000 0.000000 0.000000 0.000000 0.000000 0.000000 0.000000 0.000000 0.000000 0.000000 0.000000 0.000000 0.000000 0.000000 0.000000 0.000000 0.000000 0.000000 0.000000 0.000000 0.000000 0.000000 0.000000 0.000000 0.000000 0.000000 0.000000 
0.000000 0.000000 0.000000 0.000000 0.000000 0.000000 0.000000 0.000000 0.000000 0.000000 0.000000 0.000000 0.000000 0.000000 0.000000 0.000000 0.000000 0.000000 0.000000 0.000000 0.000000 0.000000 0.000000 0.000000 0.000000 0.000000 0.000000 0.000000 0.000000 0.000000 0.000000 0.000000 0.000000 0.000000 0.000000 0.000000 0.000000 0.000000 0.000000 0.000000 0.000000 0.000000 0.000000 0.000000 0.000000 0.000000 0.000000 0.000000 0.000000 0.000000 0.000000 0.000000 0.000000 0.000000 0.000000 0.000000 0.000000 0.000000 0.000000 0.000000 0.000000 0.000000 0.000000 0.000000 0.000000 0.000000 0.000000 0.000000 0.000000 0.000000 0.000000 0.000000 0.000000 0.000000 0.000000 0.000000 0.000000 0.000000 0.000000 0.000000 0.000000 0.000000 0.000000 0.000000 0.000000 0.000000 0.000000 0.000000 0.000000 0.000000 0.000000 0.000000 0.000000 0.000000 0.000000 0.000000 0.000000 0.000000 0.000000 0.000000 
0.000000 0.000000 0.000000 0.000000 0.000000 0.000000 0.000000 0.000000 0.000000 0.000000 0.000000 0.000000 0.000000 0.000000 0.000000 0.000000 0.000000 0.000000 0.000000 0.000000 0.000000 0.000000 0.000000 0.000000 0.000000 0.000000 0.000000 0.000000 0.000000 0.000000 0.000000 0.000000 0.000000 0.000000 0.000000 0.000000 0.000000 0.000000 0.000000 0.000000 0.000000 0.000000 0.000000 0.000000 0.000000 0.000000 0.000000 0.000000 0.000000 0.000000 0.000000 0.000000 0.000000 0.000000 0.000000 0.000000 0.000000 0.000000 0.000000 0.000000 0.000000 0.000000 0.000000 0.000000 0.000000 0.000000 0.000000 0.000000 0.000000 0.000000 0.000000 0.000000 0.000000 0.000000 0.000000 0.000000 0.000000 0.000000 0.000000 0.000000 0.000000 0.000000 0.000000 0.000000 0.000000 0.000000 0.000000 0.000000 0.000000 0.000000 0.000000 0.000000 0.000000 0.000000 0.000000 0.000000 0.000000 0.000000 0.000000 0.000000 
0.000000 0.000000 0.000000 0.000000 0.000000 0.000000 0.000000 0.000000 0.000000 0.000000 0.000000 0.000000 0.000000 0.000000 0.000000 0.000000 0.000000 0.000000 0.000000 0.000000 0.000000 0.000000 0.000000 0.000000 0.000000 0.000000 0.000000 0.000000 0.000000 0.000000 0.000000 0.000000 0.000000 0.000000 0.000000 0.000000 0.000000 0.000000 0.000000 0.000000 0.000000 0.000000 0.000000 0.000000 0.000000 0.000000 0.000000 0.000000 0.000000 0.000000 0.000000 0.000000 0.000000 0.000000 0.000000 0.000000 0.000000 0.000000 0.000000 0.000000 0.000000 0.000000 0.000000 0.000000 0.000000 0.000000 0.000000 0.000000 0.000000 0.000000 0.000000 0.000000 0.000000 0.000000 0.000000 0.000000 0.000000 0.000000 0.000000 0.000000 0.000000 0.000000 0.000000 0.000000 0.000000 0.000000 0.000000 0.000000 0.000000 0.000000 0.000000 0.000000 0.000000 0.000000 0.000000 0.000000 0.000000 0.000000 0.000000 0.000000 
0.000000 0.000000 0.000000 0.000000 0.000000 0.000000 0.000000 0.000000 0.000000 0.000000 0.000000 0.000000 0.000000 0.000000 0.000000 0.000000 0.000000 0.000000 0.000000 0.000000 0.000000 0.000000 0.000000 0.000000 0.000000 0.000000 0.000000 0.000000 0.000000 0.000000 0.000000 0.000000 0.000000 0.000000 0.000000 0.000000 0.000000 0.000000 0.000000 0.000000 0.000000 0.000000 0.000000 0.000000 0.000000 0.000000 0.000000 0.000000 0.000000 0.000000 0.000000 0.000000 0.000000 0.000000 0.000000 0.000000 0.000000 0.000000 0.000000 0.000000 0.000000 0.000000 0.000000 0.000000 0.000000 0.000000 0.000000 0.000000 0.000000 0.000000 0.000000 0.000000 0.000000 0.000000 0.000000 0.000000 0.000000 0.000000 0.000000 0.000000 0.000000 0.000000 0.000000 0.000000 0.000000 0.000000 0.000000 0.000000 0.000000 0.000000 0.000000 0.000000 0.000000 0.000000 0.000000 0.000000 0.000000 0.000000 0.000000 0.000000 
0.000000 0.000000 0.000000 0.000000 0.000000 0.000000 0.000000 0.000000 0.000000 0.000000 0.000000 0.000000 0.000000 0.000000 0.000000 0.000000 0.000000 0.000000 0.000000 0.000000 0.000000 0.000000 0.000000 0.000000 0.000000 0.000000 0.000000 0.000000 0.000000 0.000000 0.000000 0.000000 0.000000 0.000000 0.000000 0.000000 0.000000 0.000000 0.000000 0.000000 0.000000 0.000000 0.000000 0.000000 0.000000 0.000000 0.000000 0.000000 0.000000 0.000000 0.000000 0.000000 0.000000 0.000000 0.000000 0.000000 0.000000 0.000000 0.000000 0.000000 0.000000 0.000000 0.000000 0.000000 0.000000 0.000000 0.000000 0.000000 0.000000 0.000000 0.000000 0.000000 0.000000 0.000000 0.000000 0.000000 0.000000 0.000000 0.000000 0.000000 0.000000 0.000000 0.000000 0.000000 0.000000 0.000000 0.000000 0.000000 0.000000 0.000000 0.000000 0.000000 0.000000 0.000000 0.000000 0.000000 0.000000 0.000000 0.000000 0.000000 
0.000000 0.000000 0.000000 0.000000 0.000000 0.000000 0.000000 0.000000 0.000000 0.000000 0.000000 0.000000 0.000000 0.000000 0.000000 0.000000 0.000000 0.000000 0.000000 0.000000 0.000000 0.000000 0.000000 0.000000 0.000000 0.000000 0.000000 0.000000 0.000000 0.000000 0.000000 0.000000 0.000000 0.000000 0.000000 0.000000 0.000000 0.000000 0.000000 0.000000 0.000000 0.000000 0.000000 0.000000 0.000000 0.000000 0.000000 0.000000 0.000000 0.000000 0.000000 0.000000 0.000000 0.000000 0.000000 0.000000 0.000000 0.000000 0.000000 0.000000 0.000000 0.000000 0.000000 0.000000 0.000000 0.000000 0.000000 0.000000 0.000000 0.000000 0.000000 0.000000 0.000000 0.000000 0.000000 0.000000 0.000000 0.000000 0.000000 0.000000 0.000000 0.000000 0.000000 0.000000 0.000000 0.000000 0.000000 0.000000 0.000000 0.000000 0.000000 0.000000 0.000000 0.000000 0.000000 0.000000 0.000000 0.000000 0.000000 0.000000 
0.000000 0.000000 0.000000 0.000000 0.000000 0.000000 0.000000 0.000000 0.000000 0.000000 0.000000 0.000000 0.000000 0.000000 0.000000 0.000000 0.000000 0.000000 0.000000 0.000000 0.000000 0.000000 0.000000 0.000000 0.000000 0.000000 0.000000 0.000000 0.000000 0.000000 0.000000 0.000000 0.000000 0.000000 0.000000 0.000000 0.000000 0.000000 0.000000 0.000000 0.000000 0.000000 0.000000 0.000000 0.000000 0.000000 0.000000 0.000000 0.000000 0.000001 0.000001 0.000001 0.000000 0.000000 0.000000 0.000000 0.000000 0.000000 0.000000 0.000000 0.000000 0.000000 0.000000 0.000000 0.000000 0.000000 0.000000 0.000000 0.000000 0.000000 0.000000 0.000000 0.000000 0.000000 0.000000 0.000000 0.000000 0.000000 0.000000 0.000000 0.000000 0.000000 0.000000 0.000000 0.000000 0.000000 0.000000 0.000000 0.000000 0.000000 0.000000 0.000000 0.000000 0.000000 0.000000 0.000000 0.000000 0.000000 0.000000 0.000000 
0.000000 0.000000 0.000000 0.000000 0.000000 0.000000 0.000000 0.000000 0.000000 0.000000 0.000000 0.000000 0.000000 0.000000 0.000000 0.000000 0.000000 0.000000 0.000000 0.000000 0.000000 0.000000 0.000000 0.000000 0.000000 0.000000 0.000000 0.000000 0.000000 0.000000 0.000000 0.000000 0.000000 0.000000 0.000000 0.000000 0.000000 0.000000 0.000000 0.000000 0.000000 0.000000 0.000001 0.000001 0.000001 0.000001 0.000001 0.000001 0.000001 0.000001 0.000001 0.000001 0.000001 0.000001 0.000001 0.000001 0.000001 0.000001 0.000001 0.000000 0.000000 0.000000 0.000000 0.000000 0.000000 0.000000 0.000000 0.000000 0.000000 0.000000 0.000000 0.000000 0.000000 0.000000 0.000000 0.000000 0.000000 0.000000 0.000000 0.000000 0.000000 0.000000 0.000000 0.000000 0.000000 0.000000 0.000000 0.000000 0.000000 0.000000 0.000000 0.000000 0.000000 0.000000 0.000000 0.000000 0.000000 0.000000 0.000000 0.000000 
0.000000 0.000000 0.000000 0.000000 0.000000 0.000000 0.000000 0.000000 0.000000 0.000000 0.000000 0.000000 0.000000 0.000000 0.000000 0.000000 0.000000 0.000000 0.000000 0.000000 0.000000 0.000000 0.000000 0.000000 0.000000 0.000000 0.000000 0.000000 0.000000 0.000000 0.000000 0.000000 0.000000 0.000000 0.000000 0.000000 0.000000 0.000000 0.000001 0.000001 0.000001 0.000001 0.000001 0.000002 0.000002 0.000002 0.000003 0.000003 0.000003 0.000003 0.000003 0.000003 0.000003 0.000003 0.000003 0.000002 0.000002 0.000002 0.000001 0.000001 0.000001 0.000001 0.000001 0.000000 0.000000 0.000000 0.000000 0.000000 0.000000 0.000000 0.000000 0.000000 0.000000 0.000000 0.000000 0.000000 0.000000 0.000000 0.000000 0.000000 0.000000 0.000000 0.000000 0.000000 0.000000 0.000000 0.000000 0.000000 0.000000 0.000000 0.000000 0.000000 0.000000 0.000000 0.000000 0.000000 0.000000 0.000000 0.000000 0.000000 
0.000000 0.000000 0.000000 0.000000 0.000000 0.000000 0.000000 0.000000 0.000000 0.000000 0.000000 0.000000 0.000000 0.000000 0.000000 0.000000 0.000000 0.000000 0.000000 0.000000 0.000000 0.000000 0.000000 0.000000 0.000000 0.000000 0.000000 0.000000 0.000000 0.000000 0.000000 0.000000 0.000000 0.000000 0.000000 0.000000 0.000001 0.000001 0.000001 0.000002 0.000002 0.000003 0.000003 0.000004 0.000005 0.000005 0.000006 0.000007 0.000007 0.000007 0.000007 0.000007 0.000007 0.000007 0.000006 0.000005 0.000005 0.000004 0.000003 0.000003 0.000002 0.000002 0.000001 0.000001 0.000001 0.000000 0.000000 0.000000 0.000000 0.000000 0.000000 0.000000 0.000000 0.000000 0.000000 0.000000 0.000000 0.000000 0.000000 0.000000 0.000000 0.000000 0.000000 0.000000 0.000000 0.000000 0.000000 0.000000 0.000000 0.000000 0.000000 0.000000 0.000000 0.000000 0.000000 0.000000 0.000000 0.000000 0.000000 0.000000 
0.000000 0.000000 0.000000 0.000000 0.000000 0.000000 0.000000 0.000000 0.000000 0.000000 0.000000 0.000000 0.000000 0.000000 0.000000 0.000000 0.000000 0.000000 0.000000 0.000000 0.000000 0.000000 0.000000 0.000000 0.000000 0.000000 0.000000 0.000000 0.000000 0.000000 0.000000 0.000000 0.000000 0.000001 0.000001 0.000001 0.000002 0.000002 0.000003 0.000004 0.000005 0.000007 0.000008 0.000010 0.000011 0.000013 0.000014 0.000016 0.000017 0.000017 0.000017 0.000017 0.000017 0.000016 0.000014 0.000013 0.000011 0.000010 0.000008 0.000007 0.000005 0.000004 0.000003 0.000002 0.000002 0.000001 0.000001 0.000001 0.000000 0.000000 0.000000 0.000000 0.000000 0.000000 0.000000 0.000000 0.000000 0.000000 0.000000 0.000000 0.000000 0.000000 0.000000 0.000000 0.000000 0.000000 0.000000 0.000000 0.000000 0.000000 0.000000 0.000000 0.000000 0.000000 0.000000 0.000000 0.000000 0.000000 0.000000 0.000000 
0.000000 0.000000 0.000000 0.000000 0.000000 0.000000 0.000000 0.000000 0.000000 0.000000 0.000000 0.000000 0.000000 0.000000 0.000000 0.000000 0.000000 0.000000 0.000000 0.000000 0.000000 0.000000 0.000000 0.000000 0.000000 0.000000 0.000000 0.000000 0.000000 0.000000 0.000000 0.000001 0.000001 0.000001 0.000002 0.000003 0.000004 0.000005 0.000007 0.000009 0.000012 0.000015 0.000019 0.000022 0.000026 0.000030 0.000033 0.000036 0.000038 0.000040 0.000040 0.000040 0.000038 0.000036 0.000033 0.000030 0.000026 0.000022 0.000019 0.000015 0.000012 0.000009 0.000007 0.000005 0.000004 0.000003 0.000002 0.000001 0.000001 0.000001 0.000000 0.000000 0.000000 0.000000 0.000000 0.000000 0.000000 0.000000 0.000000 0.000000 0.000000 0.000000 0.000000 0.000000 0.000000 0.000000 0.000000 0.000000 0.000000 0.000000 0.000000 0.000000 0.000000 0.000000 0.000000 0.000000 0.000000 0.000000 0.000000 0.000000 
0.000000 0.000000 0.000000 0.000000 0.000000 0.000000 0.000000 0.000000 0.000000 0.000000 0.000000 0.000000 0.000000 0.000000 0.000000 0.000000 0.000000 0.000000 0.000000 0.000000 0.000000 0.000000 0.000000 0.000000 0.000000 0.000000 0.000000 0.000000 0.000000 0.000000 0.000001 0.000001 0.000002 0.000003 0.000004 0.000006 0.000009 0.000012 0.000016 0.000021 0.000027 0.000034 0.000042 0.000050 0.000059 0.000067 0.000075 0.000082 0.000087 0.000090 0.000091 0.000090 0.000087 0.000082 0.000075 0.000067 0.000059 0.000050 0.000042 0.000034 0.000027 0.000021 0.000016 0.000012 0.000009 0.000006 0.000004 0.000003 0.000002 0.000001 0.000001 0.000000 0.000000 0.000000 0.000000 0.000000 0.000000 0.000000 0.000000 0.000000 0.000000 0.000000 0.000000 0.000000 0.000000 0.000000 0.000000 0.000000 0.000000 0.000000 0.000000 0.000000 0.000000 0.000000 0.000000 0.000000 0.000000 0.000000 0.000000 0.000000 
0.000000 0.000000 0.000000 0.000000 0.000000 0.000000 0.000000 0.000000 0.000000 0.000000 0.000000 0.000000 0.000000 0.000000 0.000000 0.000000 0.000000 0.000000 0.000000 0.000000 0.000000 0.000000 0.000000 0.000000 0.000000 0.000000 0.000000 0.000000 0.000001 0.000001 0.000002 0.000003 0.000004 0.000006 0.000009 0.000013 0.000019 0.000026 0.000036 0.000047 0.000060 0.000076 0.000093 0.000112 0.000131 0.000149 0.000166 0.000181 0.000192 0.000200 0.000202 0.000200 0.000192 0.000181 0.000166 0.000149 0.000131 0.000112 0.000093 0.000076 0.000060 0.000047 0.000036 0.000026 0.000019 0.000013 0.000009 0.000006 0.000004 0.000003 0.000002 0.000001 0.000001 0.000000 0.000000 0.000000 0.000000 0.000000 0.000000 0.000000 0.000000 0.000000 0.000000 0.000000 0.000000 0.000000 0.000000 0.000000 0.000000 0.000000 0.000000 0.000000 0.000000 0.000000 0.000000 0.000000 0.000000 0.000000 0.000000 0.000000 
0.000000 0.000000 0.000000 0.000000 0.000000 0.000000 0.000000 0.000000 0.000000 0.000000 0.000000 0.000000 0.000000 0.000000 0.000000 0.000000 0.000000 0.000000 0.000000 0.000000 0.000000 0.000000 0.000000 0.000000 0.000000 0.000000 0.000000 0.000001 0.000001 0.000002 0.000004 0.000006 0.000009 0.000014 0.000020 0.000030 0.000042 0.000058 0.000078 0.000102 0.000132 0.000166 0.000203 0.000243 0.000284 0.000324 0.000362 0.000393 0.000418 0.000433 0.000438 0.000433 0.000418 0.000393 0.000362 0.000324 0.000284 0.000243 0.000203 0.000166 0.000132 0.000102 0.000078 0.000058 0.000042 0.000030 0.000020 0.000014 0.000009 0.000006 0.000004 0.000002 0.000001 0.000001 0.000000 0.000000 0.000000 0.000000 0.000000 0.000000 0.000000 0.000000 0.000000 0.000000 0.000000 0.000000 0.000000 0.000000 0.000000 0.000000 0.000000 0.000000 0.000000 0.000000 0.000000 0.000000 0.000000 0.000000 0.000000 0.000000 
0.000000 0.000000 0.000000 0.000000 0.000000 0.000000 0.000000 0.000000 0.000000 0.000000 0.000000 0.000000 0.000000 0.000000 0.000000 0.000000 0.000000 0.000000 0.000000 0.000000 0.000000 0.000000 0.000000 0.000000 0.000000 0.000001 0.000001 0.000002 0.000003 0.000005 0.000008 0.000013 0.000020 0.000030 0.000044 0.000063 0.000089 0.000123 0.000166 0.000219 0.000281 0.000353 0.000433 0.000518 0.000605 0.000690 0.000769 0.000836 0.000888 0.000921 0.000932 0.000921 0.000888 0.000836 0.000769 0.000690 0.000605 0.000518 0.000433 0.000353 0.000281 0.000219 0.000166 0.000123 0.000089 0.000063 0.000044 0.000030 0.000020 0.000013 0.000008 0.000005 0.000003 0.000002 0.000001 0.000001 0.000000 0.000000 0.000000 0.000000 0.000000 0.000000 0.000000 0.000000 0.000000 0.000000 0.000000 0.000000 0.000000 0.000000 0.000000 0.000000 0.000000 0.000000 0.000000 0.000000 0.000000 0.000000 0.000000 0.000000 
0.000000 0.000000 0.000000 0.000000 0.000000 0.000000 0.000000 0.000000 0.000000 0.000000 0.000000 0.000000 0.000000 0.000000 0.000000 0.000000 0.000000 0.000000 0.000000 0.000000 0.000000 0.000000 0.000000 0.000000 0.000001 0.000001 0.000002 0.000004 0.000006 0.000010 0.000017 0.000027 0.000041 0.000062 0.000092 0.000133 0.000188 0.000259 0.000348 0.000458 0.000588 0.000738 0.000903 0.001081 0.001262 0.001439 0.001603 0.001743 0.001850 0.001918 0.001941 0.001918 0.001850 0.001743 0.001603 0.001439 0.001262 0.001081 0.000903 0.000738 0.000588 0.000458 0.000348 0.000259 0.000188 0.000133 0.000092 0.000062 0.000041 0.000027 0.000017 0.000010 0.000006 0.000004 0.000002 0.000001 0.000001 0.000000 0.000000 0.000000 0.000000 0.000000 0.000000 0.000000 0.000000 0.000000 0.000000 0.000000 0.000000 0.000000 0.000000 0.000000 0.000000 0.000000 0.000000 0.000000 0.000000 0.000000 0.000000 0.000000 
0.000000 0.000000 0.000000 0.000000 0.000000 0.000000 0.000000 0.000000 0.000000 0.000000 0.000000 0.000000 0.000000 0.000000 0.000000 0.000000 0.000000 0.000000 0.000000 0.000000 0.000000 0.000000 0.000000 0.000001 0.000001 0.000002 0.000004 0.000008 0.000013 0.000021 0.000035 0.000055 0.000085 0.000128 0.000190 0.000274 0.000386 0.000531 0.000714 0.000938 0.001204 0.001509 0.001848 0.002209 0.002579 0.002940 0.003273 0.003557 0.003776 0.003913 0.003960 0.003913 0.003776 0.003557 0.003273 0.002940 0.002579 0.002209 0.001848 0.001509 0.001204 0.000938 0.000714 0.000531 0.000386 0.000274 0.000190 0.000128 0.000085 0.000055 0.000035 0.000021 0.000013 0.000008 0.000004 0.000002 0.000001 0.000001 0.000000 0.000000 0.000000 0.000000 0.000000 0.000000 0.000000 0.000000 0.000000 0.000000 0.000000 0.000000 0.000000 0.000000 0.000000 0.000000 0.000000 0.000000 0.000000 0.000000 0.000000 0.000000 
0.000000 0.000000 0.000000 0.000000 0.000000 0.000000 0.000000 0.000000 0.000000 0.000000 0.000000 0.000000 0.000000 0.000000 0.000000 0.000000 0.000000 0.000000 0.000000 0.000000 0.000000 0.000000 0.000001 0.000002 0.000003 0.000005 0.000009 0.000016 0.000026 0.000044 0.000070 0.000111 0.000172 0.000259 0.000382 0.000551 0.000776 0.001068 0.001435 0.001883 0.002415 0.003025 0.003701 0.004422 0.005160 0.005880 0.006544 0.007112 0.007547 0.007822 0.007915 0.007822 0.007547 0.007112 0.006544 0.005880 0.005160 0.004422 0.003701 0.003025 0.002415 0.001883 0.001435 0.001068 0.000776 0.000551 0.000382 0.000259 0.000172 0.000111 0.000070 0.000044 0.000026 0.000016 0.000009 0.000005 0.000003 0.000002 0.000001 0.000000 0.000000 0.000000 0.000000 0.000000 0.000000 0.000000 0.000000 0.000000 0.000000 0.000000 0.000000 0.000000 0.000000 0.000000 0.000000 0.000000 0.000000 0.000000 0.000000 0.000000 
0.000000 0.000000 0.000000 0.000000 0.000000 0.000000 0.000000 0.000000 0.000000 0.000000 0.000000 0.000000 0.000000 0.000000 0.000000 0.000000 0.000000 0.000000 0.000000 0.000000 0.000000 0.000001 0.000002 0.000003 0.000006 0.000010 0.000018 0.000031 0.000052 0.000086 0.000140 0.000220 0.000340 0.000512 0.000755 0.001087 0.001529 0.002102 0.002822 0.003702 0.004744 0.005938 0.007260 0.008671 0.010113 0.011520 0.012816 0.013925 0.014775 0.015310 0.015493 0.015310 0.014775 0.013925 0.012816 0.011520 0.010113 0.008671 0.007260 0.005938 0.004744 0.003702 0.002822 0.002102 0.001529 0.001087 0.000755 0.000512 0.000340 0.000220 0.000140 0.000086 0.000052 0.000031 0.000018 0.000010 0.000006 0.000003 0.000002 0.000001 0.000000 0.000000 0.000000 0.000000 0.000000 0.000000 0.000000 0.000000 0.000000 0.000000 0.000000 0.000000 0.000000 0.000000 0.000000 0.000000 0.000000 0.000000 0.000000 0.000000 
0.000000 0.000000 0.000000 0.000000 0.000000 0.000000 0.000000 0.000000 0.000000 0.000000 0.000000 0.000000 0.000000 0.000000 0.000000 0.000000 0.000000 0.000000 0.000000 0.000000 0.000001 0.000002 0.000003 0.000006 0.000011 0.000020 0.000035 0.000060 0.000102 0.000168 0.000271 0.000427 0.000659 0.000992 0.001460 0.002099 0.002950 0.004051 0.005436 0.007125 0.009124 0.011414 0.013947 0.016647 0.019409 0.022101 0.024580 0.026700 0.028326 0.029349 0.029698 0.029349 0.028326 0.026700 0.024580 0.022101 0.019409 0.016647 0.013947 0.011414 0.009124 0.007125 0.005436 0.004051 0.002950 0.002099 0.001460 0.000992 0.000659 0.000427 0.000271 0.000168 0.000102 0.000060 0.000035 0.000020 0.000011 0.000006 0.000003 0.000002 0.000001 0.000000 0.000000 0.000000 0.000000 0.000000 0.000000 0.000000 0.000000 0.000000 0.000000 0.000000 0.000000 0.000000 0.000000 0.000000 0.000000 0.000000 0.000000 0.000000 
0.000000 0.000000 0.000000 0.000000 0.000000 0.000000 0.000000 0.000000 0.000000 0.000000 0.000000 0.000000 0.000000 0.000000 0.000000 0.000000 0.000000 0.000000 0.000000 0.000001 0.000002 0.000003 0.000006 0.000011 0.000021 0.000038 0.000067 0.000115 0.000194 0.000320 0.000516 0.000812 0.001249 0.001879 0.002762 0.003969 0.005573 0.007646 0.010250 0.013426 0.017181 0.021479 0.026233 0.031297 0.036472 0.041517 0.046162 0.050131 0.053175 0.055089 0.055743 0.055089 0.053175 0.050131 0.046162 0.041517 0.036472 0.031297 0.026233 0.021479 0.017181 0.013426 0.010250 0.007646 0.005573 0.003969 0.002762 0.001879 0.001249 0.000812 0.000516 0.000320 0.000194 0.000115 0.000067 0.000038 0.000021 0.000011 0.000006 0.000003 0.000002 0.000001 0.000000 0.000000 0.000000 0.000000 0.000000 0.000000 0.000000 0.000000 0.000000 0.000000 0.000000 0.000000 0.000000 0.000000 0.000000 0.000000 0.000000 0.000000 
0.000000 0.000000 0.000000 0.000000 0.000000 0.000000 0.000000 0.000000 0.000000 0.000000 0.000000 0.000000 0.000000 0.000000 0.000000 0.000000 0.000000 0.000000 0.000001 0.000002 0.000003 0.000006 0.000011 0.000022 0.000040 0.000071 0.000125 0.000216 0.000363 0.000596 0.000959 0.001508 0.002319 0.003484 0.005117 0.007345 0.010304 0.014126 0.018922 0.024767 0.031674 0.039575 0.048307 0.057605 0.067105 0.076360 0.084878 0.092157 0.097737 0.101246 0.102444 0.101246 0.097737 0.092157 0.084878 0.076360 0.067105 0.057605 0.048307 0.039575 0.031674 0.024767 0.018922 0.014126 0.010304 0.007345 0.005117 0.003484 0.002319 0.001508 0.000959 0.000596 0.000363 0.000216 0.000125 0.000071 0.000040 0.000022 0.000011 0.000006 0.000003 0.000002 0.000001 0.000000 0.000000 0.000000 0.000000 0.000000 0.000000 0.000000 0.000000 0.000000 0.000000 0.000000 0.000000 0.000000 0.000000 0.000000 0.000000 0.000000 
0.000000 0.000000 0.000000 0.000000 0.000000 0.000000 0.000000 0.000000 0.000000 0.000000 0.000000 0.000000 0.000000 0.000000 0.000000 0.000000 0.000000 0.000001 0.000001 0.000003 0.000006 0.000011 0.000021 0.000040 0.000073 0.000131 0.000229 0.000394 0.000662 0.001087 0.001747 0.002744 0.004213 0.006323 0.009278 0.013306 0.018649 0.025545 0.034194 0.044725 0.057162 0.071380 0.087085 0.103800 0.120870 0.137496 0.152792 0.165861 0.175876 0.182174 0.184324 0.182174 0.175876 0.165861 0.152792 0.137496 0.120870 0.103800 0.087085 0.071380 0.057162 0.044725 0.034194 0.025545 0.018649 0.013306 0.009278 0.006323 0.004213 0.002744 0.001747 0.001087 0.000662 0.000394 0.000229 0.000131 0.000073 0.000040 0.000021 0.000011 0.000006 0.000003 0.000001 0.000001 0.000000 0.000000 0.000000 0.000000 0.000000 0.000000 0.000000 0.000000 0.000000 0.000000 0.000000 0.000000 0.000000 0.000000 0.000000 0.000000 
0.000000 0.000000 0.000000 0.000000 0.000000 0.000000 0.000000 0.000000 0.000000 0.000000 0.000000 0.000000 0.000000 0.000000 0.000000 0.000000 0.000001 0.000001 0.000002 0.000005 0.000010 0.000020 0.000038 0.000071 0.000131 0.000234 0.000411 0.000705 0.001182 0.001940 0.003112 0.004883 0.007490 0.011231 0.016463 0.023589 0.033035 0.045215 0.060480 0.079055 0.100975 0.126022 0.153675 0.183091 0.213119 0.242357 0.269248 0.292218 0.309818 0.320885 0.324662 0.320885 0.309818 0.292218 0.269248 0.242357 0.213119 0.183091 0.153675 0.126022 0.100975 0.079055 0.060480 0.045215 0.033035 0.023589 0.016463 0.011231 0.007490 0.004883 0.003112 0.001940 0.001182 0.000705 0.000411 0.000234 0.000131 0.000071 0.000038 0.000020 0.000010 0.000005 0.000002 0.000001 0.000001 0.000000 0.000000 0.000000 0.000000 0.000000 0.000000 0.000000 0.000000 0.000000 0.000000 0.000000 0.000000 0.000000 0.000000 0.000000 
0.000000 0.000000 0.000000 0.000000 0.000000 0.000000 0.000000 0.000000 0.000000 0.000000 0.000000 0.000000 0.000000 0.000000 0.000000 0.000000 0.000001 0.000002 0.000004 0.000009 0.000018 0.000035 0.000067 0.000125 0.000229 0.000411 0.000719 0.001233 0.002066 0.003385 0.005426 0.008503 0.013030 0.019520 0.028587 0.040925 0.057267 0.078324 0.104693 0.136760 0.174579 0.217768 0.265427 0.316102 0.367812 0.418143 0.464423 0.503944 0.534222 0.553258 0.559754 0.553258 0.534222 0.503944 0.464423 0.418143 0.367812 0.316102 0.265427 0.217768 0.174579 0.136760 0.104693 0.078324 0.057267 0.040925 0.028587 0.019520 0.013030 0.008503 0.005426 0.003385 0.002066 0.001233 0.000719 0.000411 0.000229 0.000125 0.000067 0.000035 0.000018 0.000009 0.000004 0.000002 0.000001 0.000000 0.000000 0.000000 0.000000 0.000000 0.000000 0.000000 0.000000 0.000000 0.000000 0.000000 0.000000 0.000000 0.000000 0.000000 
0.000000 0.000000 0.000000 0.000000 0.000000 0.000000 0.000000 0.000000 0.000000 0.000000 0.000000 0.000000 0.000000 0.000000 0.000000 0.000001 0.000002 0.000004 0.000008 0.000016 0.000031 0.000060 0.000115 0.000216 0.000394 0.000705 0.001233 0.002109 0.003531 0.005780 0.009254 0.014488 0.022178 0.033194 0.048571 0.069477 0.097147 0.132770 0.177353 0.231532 0.295393 0.368283 0.448678 0.534125 0.621283 0.706091 0.784051 0.850611 0.901597 0.933649 0.944585 0.933649 0.901597 0.850611 0.784051 0.706091 0.621283 0.534125 0.448678 0.368283 0.295393 0.231532 0.177353 0.132770 0.097147 0.069477 0.048571 0.033194 0.022178 0.014488 0.009254 0.005780 0.003531 0.002109 0.001233 0.000705 0.000394 0.000216 0.000115 0.000060 0.000031 0.000016 0.000008 0.000004 0.000002 0.000001 0.000000 0.000000 0.000000 0.000000 0.000000 0.000000 0.000000 0.000000 0.000000 0.000000 0.000000 0.000000 0.000000 0.000000 
0.000000 0.000000 0.000000 0.000000 0.000000 0.000000 0.000000 0.000000 0.000000 0.000000 0.000000 0.000000 0.000000 0.000000 0.000001 0.000001 0.000003 0.000006 0.000013 0.000026 0.000052 0.000102 0.000194 0.000363 0.000662 0.001182 0.002066 0.003531 0.005903 0.009654 0.015440 0.024148 0.036932 0.055228 0.080744 0.115407 0.161248 0.220226 0.293987 0.383572 0.489104 0.609496 0.742223 0.883233 1.027015 1.166876 1.295411 1.405127 1.489159 1.541980 1.560001 1.541980 1.489159 1.405127 1.295411 1.166876 1.027015 0.883233 0.742223 0.609496 0.489104 0.383572 0.293987 0.220226 0.161248 0.115407 0.080744 0.055228 0.036932 0.024148 0.015440 0.009654 0.005903 0.003531 0.002066 0.001182 0.000662 0.000363 0.000194 0.000102 0.000052 0.000026 0.000013 0.000006 0.000003 0.000001 0.000001 0.000000 0.000000 0.000000 0.000000 0.000000 0.000000 0.000000 0.000000 0.000000 0.000000 0.000000 0.000000 0.000000 
0.000000 0.000000 0.000000 0.000000 0.000000 0.000000 0.000000 0.000000 0.000000 0.000000 0.000000 0.000000 0.000000 0.000000 0.000001 0.000002 0.000005 0.000010 0.000021 0.000044 0.000086 0.000168 0.000320 0.000596 0.001087 0.001940 0.003385 0.005780 0.009654 0.015771 0.025198 0.039374 0.060164 0.089892 0.131318 0.187550 0.261862 0.357405 0.476819 0.621767 0.792426 0.987018 1.201455 1.429182 1.661307 1.887036 2.094434 2.271432 2.406975 2.492166 2.521230 2.492166 2.406975 2.271432 2.094434 1.887036 1.661307 1.429182 1.201455 0.987018 0.792426 0.621767 0.476819 0.357405 0.261862 0.187550 0.131318 0.089892 0.060164 0.039374 0.025198 0.015771 0.009654 0.005780 0.003385 0.001940 0.001087 0.000596 0.000320 0.000168 0.000086 0.000044 0.000021 0.000010 0.000005 0.000002 0.000001 0.000000 0.000000 0.000000 0.000000 0.000000 0.000000 0.000000 0.000000 0.000000 0.000000 0.000000 0.000000 0.000000 
0.000000 0.000000 0.000000 0.000000 0.000000 0.000000 0.000000 0.000000 0.000000 0.000000 0.000000 0.000000 0.000000 0.000001 0.000002 0.000004 0.000008 0.000017 0.000035 0.000070 0.000140 0.000271 0.000516 0.000959 0.001747 0.003112 0.005426 0.009254 0.015440 0.025198 0.040223 0.062795 0.095870 0.143124 0.208921 0.298170 0.416030 0.567464 0.756620 0.986093 1.256132 1.563897 1.902905 2.262789 2.629501 2.986009 3.313489 3.592915 3.806866 3.941325 3.987195 3.941325 3.806866 3.592915 3.313489 2.986009 2.629501 2.262789 1.902905 1.563897 1.256132 0.986093 0.756620 0.567464 0.416030 0.298170 0.208921 0.143124 0.095870 0.062795 0.040223 0.025198 0.015440 0.009254 0.005426 0.003112 0.001747 0.000959 0.000516 0.000271 0.000140 0.000070 0.000035 0.000017 0.000008 0.000004 0.000002 0.000001 0.000000 0.000000 0.000000 0.000000 0.000000 0.000000 0.000000 0.000000 0.000000 0.000000 0.000000 0.000000 
0.000000 0.000000 0.000000 0.000000 0.000000 0.000000 0.000000 0.000000 0.000000 0.000000 0.000000 0.000000 0.000001 0.000001 0.000003 0.000006 0.000013 0.000027 0.000055 0.000111 0.000220 0.000427 0.000812 0.001508 0.002744 0.004883 0.008503 0.014488 0.024148 0.039374 0.062795 0.097949 0.149418 0.222893 0.325125 0.463696 0.646569 0.881390 1.174534 1.529970 1.948033 2.424291 2.948685 3.505173 4.072042 4.622988 5.128962 5.560611 5.891073 6.098734 6.169574 6.098734 5.891073 5.560611 5.128962 4.622988 4.072042 3.505173 2.948685 2.424291 1.948033 1.529970 1.174534 0.881390 0.646569 0.463696 0.325125 0.222893 0.149418 0.097949 0.062795 0.039374 0.024148 0.014488 0.008503 0.004883 0.002744 0.001508 0.000812 0.000427 0.000220 0.000111 0.000055 0.000027 0.000013 0.000006 0.000003 0.000001 0.000001 0.000000 0.000000 0.000000 0.000000 0.000000 0.000000 0.000000 0.000000 0.000000 0.000000 0.000000 
0.000000 0.000000 0.000000 0.000000 0.000000 0.000000 0.000000 0.000000 0.000000 0.000000 0.000000 0.000000 0.000001 0.000002 0.000004 0.000009 0.000020 0.000041 0.000085 0.000172 0.000340 0.000659 0.001249 0.002319 0.004213 0.007490 0.013030 0.022178 0.036932 0.060164 0.095870 0.149418 0.227755 0.339502 0.494874 0.705332 0.982901 1.339105 1.783538 2.322137 2.955342 3.676384 4.470000 5.311900 6.169249 7.002305 7.767197 8.419620 8.919038 9.232844 9.339888 9.232844 8.919038 8.419620 7.767197 7.002305 6.169249 5.311900 4.470000 3.676384 2.955342 2.322137 1.783538 1.339105 0.982901 0.705332 0.494874 0.339502 0.227755 0.149418 0.095870 0.060164 0.036932 0.022178 0.013030 0.007490 0.004213 0.002319 0.001249 0.000659 0.000340 0.000172 0.000085 0.000041 0.000020 0.000009 0.000004 0.000002 0.000001 0.000000 0.000000 0.000000 0.000000 0.000000 0.000000 0.000000 0.000000 0.000000 0.000000 0.000000 
0.000000 0.000000 0.000000 0.000000 0.000000 0.000000 0.000000 0.000000 0.000000 0.000000 0.000000 0.000001 0.000001 0.000003 0.000006 0.000014 0.000030 0.000062 0.000128 0.000259 0.000512 0.000992 0.001879 0.003484 0.006323 0.011231 0.019520 0.033194 0.055228 0.089892 0.143124 0.222893 0.339502 0.505725 0.736684 1.049328 1.461421 1.989965 2.649082 3.447467 4.385678 5.453605 6.628595 7.874673 9.143258 10.375599 11.506876 12.471656 13.210088 13.674039 13.832294 13.674039 13.210088 12.471656 11.506876 10.375599 9.143258 7.874673 6.628595 5.453605 4.385678 3.447467 2.649082 1.989965 1.461421 1.049328 0.736684 0.505725 0.339502 0.222893 0.143124 0.089892 0.055228 0.033194 0.019520 0.011231 0.006323 0.003484 0.001879 0.000992 0.000512 0.000259 0.000128 0.000062 0.000030 0.000014 0.000006 0.000003 0.000001 0.000001 0.000000 0.000000 0.000000 0.000000 0.000000 0.000000 0.000000 0.000000 0.000000 0.000000 
0.000000 0.000000 0.000000 0.000000 0.000000 0.000000 0.000000 0.000000 0.000000 0.000000 0.000000 0.000001 0.000002 0.000004 0.000009 0.000020 0.000044 0.000092 0.000190 0.000382 0.000755 0.001460 0.002762 0.005117 0.009278 0.016463 0.028587 0.048571 0.080744 0.131318 0.208921 0.325125 0.494874 0.736684 1.072452 1.526700 2.125103 2.892201 3.848333 5.005968 6.365777 7.913006 9.614768 11.418937 13.255207 15.038607 16.675438 18.071153 19.139296 19.810351 20.039241 19.810351 19.139296 18.071153 16.675438 15.038607 13.255207 11.418937 9.614768 7.913006 6.365777 5.005968 3.848333 2.892201 2.125103 1.526700 1.072452 0.736684 0.494874 0.325125 0.208921 0.131318 0.080744 0.048571 0.028587 0.016463 0.009278 0.005117 0.002762 0.001460 0.000755 0.000382 0.000190 0.000092 0.000044 0.000020 0.000009 0.000004 0.000002 0.000001 0.000000 0.000000 0.000000 0.000000 0.000000 0.000000 0.000000 0.000000 0.000000 0.000000 
0.000000 0.000000 0.000000 0.000000 0.000000 0.000000 0.000000 0.000000 0.000000 0.000000 0.000000 0.000001 0.000003 0.000006 0.000013 0.000030 0.000063 0.000133 0.000274 0.000551 0.001087 0.002099 0.003969 0.007345 0.013306 0.023589 0.040925 0.069477 0.115407 0.187550 0.298170 0.463696 0.705332 1.049328 1.526700 2.172156 3.021992 4.110864 5.467438 7.109203 9.036939 11.229589 13.640459 16.195678 18.795709 21.320335 23.637061 25.612235 27.123676 28.073163 28.397012 28.073163 27.123676 25.612235 23.637061 21.320335 18.795709 16.195678 13.640459 11.229589 9.036939 7.109203 5.467438 4.110864 3.021992 2.172156 1.526700 1.049328 0.705332 0.463696 0.298170 0.187550 0.115407 0.069477 0.040925 0.023589 0.013306 0.007345 0.003969 0.002099 0.001087 0.000551 0.000274 0.000133 0.000063 0.000030 0.000013 0.000006 0.000003 0.000001 0.000000 0.000000 0.000000 0.000000 0.000000 0.000000 0.000000 0.000000 0.000000 0.000000 
0.000000 0.000000 0.000000 0.000000 0.000000 0.000000 0.000000 0.000000 0.000000 0.000000 0.000001 0.000002 0.000004 0.000009 0.000019 0.000042 0.000089 0.000188 0.000386 0.000776 0.001529 0.002950 0.005573 0.010304 0.018649 0.033035 0.057267 0.097147 0.161248 0.261862 0.416030 0.646569 0.982901 1.461421 2.125103 3.021992 4.202290 5.713868 7.596258 9.873470 12.546355 15.585538 18.926184 22.465902 26.066851 29.562664 32.770062 35.504229 37.596256 38.910378 39.358581 38.910378 37.596256 35.504229 32.770062 29.562664 26.066851 22.465902 18.926184 15.585538 12.546355 9.873470 7.596258 5.713868 4.202290 3.021992 2.125103 1.461421 0.982901 0.646569 0.416030 0.261862 0.161248 0.097147 0.057267 0.033035 0.018649 0.010304 0.005573 0.002950 0.001529 0.000776 0.000386 0.000188 0.000089 0.000042 0.000019 0.000009 0.000004 0.000002 0.000001 0.000000 0.000000 0.000000 0.000000 0.000000 0.000000 0.000000 0.000000 0.000000 
0.000000 0.000000 0.000000 0.000000 0.000000 0.000000 0.000000 0.000000 0.000000 0.000000 0.000001 0.000002 0.000005 0.000012 0.000026 0.000058 0.000123 0.000259 0.000531 0.001068 0.002102 0.004051 0.007646 0.014126 0.025545 0.045215 0.078324 0.132770 0.220226 0.357405 0.567464 0.881390 1.339105 1.989965 2.892201 4.110864 5.713868 7.765906 10.320306 13.409327 17.033835 21.153768 25.681096 30.477011 35.354820 40.089326 44.432539 48.134477 50.966720 52.745702 53.352433 52.745702 50.966720 48.134477 44.432539 40.089326 35.354820 30.477011 25.681096 21.153768 17.033835 13.409327 10.320306 7.765906 5.713868 4.110864 2.892201 1.989965 1.339105 0.881390 0.567464 0.357405 0.220226 0.132770 0.078324 0.045215 0.025545 0.014126 0.007646 0.004051 0.002102 0.001068 0.000531 0.000259 0.000123 0.000058 0.000026 0.000012 0.000005 0.000002 0.000001 0.000000 0.000000 0.000000 0.000000 0.000000 0.000000 0.000000 0.000000 0.000000 
0.000000 0.000000 0.000000 0.000000 0.000000 0.000000 0.000000 0.000000 0.000000 0.000001 0.000001 0.000003 0.000007 0.000016 0.000036 0.000078 0.000166 0.000348 0.000714 0.001435 0.002822 0.005436 0.010250 0.018922 0.034194 0.060480 0.104693 0.177353 0.293987 0.476819 0.756620 1.174534 1.783538 2.649082 3.848333 5.467438 7.596258 10.320306 13.709964 17.807640 22.614128 28.076026 34.076454 40.431391 46.893533 53.164733 58.916804 63.819012 67.569219 69.924654 70.727964 69.924654 67.569219 63.819012 58.916804 53.164733 46.893533 40.431391 34.076454 28.076026 22.614128 17.807640 13.709964 10.320306 7.596258 5.467438 3.848333 2.649082 1.783538 1.174534 0.756620 0.476819 0.293987 0.177353 0.104693 0.060480 0.034194 0.018922 0.010250 0.005436 0.002822 0.001435 0.000714 0.000348 0.000166 0.000078 0.000036 0.000016 0.000007 0.000003 0.000001 0.000001 0.000000 0.000000 0.000000 0.000000 0.000000 0.000000 0.000000 0.000000 
0.000000 0.000000 0.000000 0.000000 0.000000 0.000000 0.000000 0.000000 0.000000 0.000001 0.000002 0.000004 0.000009 0.000021 0.000047 0.000102 0.000219 0.000458 0.000938 0.001883 0.003702 0.007125 0.013426 0.024767 0.044725 0.079055 0.136760 0.231532 0.383572 0.621767 0.986093 1.529970 2.322137 3.447467 5.005968 7.109203 9.873470 13.409327 17.807640 23.122961 29.355898 36.436869 44.214143 52.449145 60.821504 68.945176 76.395376 82.744137 87.600572 90.650645 91.690831 90.650645 87.600572 82.744137 76.395376 68.945176 60.821504 52.449145 44.214143 36.436869 29.355898 23.122961 17.807640 13.409327 9.873470 7.109203 5.005968 3.447467 2.322137 1.529970 0.986093 0.621767 0.383572 0.231532 0.136760 0.079055 0.044725 0.024767 0.013426 0.007125 0.003702 0.001883 0.000938 0.000458 0.000219 0.000102 0.000047 0.000021 0.000009 0.000004 0.000002 0.000001 0.000000 0.000000 0.000000 0.000000 0.000000 0.000000 0.000000 0.000000 
0.000000 0.000000 0.000000 0.000000 0.000000 0.000000 0.000000 0.000000 0.000000 0.000001 0.000002 0.000005 0.000012 0.000027 0.000060 0.000132 0.000281 0.000588 0.001204 0.002415 0.004744 0.009124 0.017181 0.031674 0.057162 0.100975 0.174579 0.295393 0.489104 0.792426 1.256132 1.948033 2.955342 4.385678 6.365777 9.036939 12.546355 17.033835 22.614128 29.355898 37.259428 46.236104 56.093334 66.528672 77.136255 87.427251 96.863946 104.904731 111.055016 114.917499 116.234714 114.917499 111.055016 104.904731 96.863946 87.427251 77.136255 66.528672 56.093334 46.236104 37.259428 29.355898 22.614128 17.033835 12.546355 9.036939 6.365777 4.385678 2.955342 1.948033 1.256132 0.792426 0.489104 0.295393 0.174579 0.100975 0.057162 0.031674 0.017181 0.009124 0.004744 0.002415 0.001204 0.000588 0.000281 0.000132 0.000060 0.000027 0.000012 0.000005 0.000002 0.000001 0.000000 0.000000 0.000000 0.000000 0.000000 0.000000 0.000000 0.000000 
0.000000 0.000000 0.000000 0.000000 0.000000 0.000000 0.000000 0.000000 0.000000 0.000001 0.000003 0.000007 0.000015 0.000034 0.000076 0.000166 0.000353 0.000738 0.001509 0.003025 0.005938 0.011414 0.021479 0.039575 0.071380 0.126022 0.217768 0.368283 0.609496 0.987018 1.563897 2.424291 3.676384 5.453605 7.913006 11.229589 15.585538 21.153768 28.076026 36.436869 46.236104 57.363432 69.579854 82.510462 95.652469 108.400556 120.089074 130.047704 137.664415 142.447627 144.078800 142.447627 137.664415 130.047704 120.089074 108.400556 95.652469 82.510462 69.579854 57.363432 46.236104 36.436869 28.076026 21.153768 15.585538 11.229589 7.913006 5.453605 3.676384 2.424291 1.563897 0.987018 0.609496 0.368283 0.217768 0.126022 0.071380 0.039575 0.021479 0.011414 0.005938 0.003025 0.001509 0.000738 0.000353 0.000166 0.000076 0.000034 0.000015 0.000007 0.000003 0.000001 0.000000 0.000000 0.000000 0.000000 0.000000 0.000000 0.000000 0.000000 
0.000000 0.000000 0.000000 0.000000 0.000000 0.000000 0.000000 0.000000 0.000001 0.000001 0.000003 0.000008 0.000019 0.000042 0.000093 0.000203 0.000433 0.000903 0.001848 0.003701 0.007260 0.013947 0.026233 0.048307 0.087085 0.153675 0.265427 0.448678 0.742223 1.201455 1.902905 2.948685 4.470000 6.628595 9.614768 13.640459 18.926184 25.681096 34.076454 44.214143 56.093334 69.579854 84.383743 100.050606 115.971397 131.413141 145.570027 157.630752 166.854671 172.646963 174.622213 172.646963 166.854671 157.630752 145.570027 131.413141 115.971397 100.050606 84.383743 69.579854 56.093334 44.214143 34.076454 25.681096 18.926184 13.640459 9.614768 6.628595 4.470000 2.948685 1.902905 1.201455 0.742223 0.448678 0.265427 0.153675 0.087085 0.048307 0.026233 0.013947 0.007260 0.003701 0.001848 0.000903 0.000433 0.000203 0.000093 0.000042 0.000019 0.000008 0.000003 0.000001 0.000001 0.000000 0.000000 0.000000 0.000000 0.000000 0.000000 0.000000 
0.000000 0.000000 0.000000 0.000000 0.000000 0.000000 0.000000 0.000000 0.000001 0.000002 0.000004 0.000010 0.000022 0.000050 0.000112 0.000243 0.000518 0.001081 0.002209 0.004422 0.008671 0.016647 0.031297 0.057605 0.103800 0.183091 0.316102 0.534125 0.883233 1.429182 2.262789 3.505173 5.311900 7.874673 11.418937 16.195678 22.465902 30.477011 40.431391 52.449145 66.528672 82.510462 100.050606 118.610638 137.469182 155.758365 172.524297 186.806755 197.729259 204.587960 206.926830 204.587960 197.729259 186.806755 172.524297 155.758365 137.469182 118.610638 100.050606 82.510462 66.528672 52.449145 40.431391 30.477011 22.465902 16.195678 11.418937 7.874673 5.311900 3.505173 2.262789 1.429182 0.883233 0.534125 0.316102 0.183091 0.103800 0.057605 0.031297 0.016647 0.008671 0.004422 0.002209 0.001081 0.000518 0.000243 0.000112 0.000050 0.000022 0.000010 0.000004 0.000002 0.000001 0.000000 0.000000 0.000000 0.000000 0.000000 0.000000 0.000000 
