0.000000 0.000000 0.000000 0.000000 0.000000 0.000000 0.000000 0.000000 0.000000 0.000000 0.000000 0.000000 0.000000 0.000000 0.000000 0.000000 0.000000 0.000000 0.000000 0.000000 0.000000 0.000000 0.000000 0.000000 0.000000 0.000000 0.000000 0.000000 0.000000 0.000000 0.000000 0.000000 0.000000 0.000000 0.000000 0.000000 0.000000 0.000000 0.000000 0.000000 0.000000 0.000000 0.000000 0.000000 0.000000 0.000000 0.000000 0.000000 0.000000 0.000000 0.000000 0.000000 0.000000 0.000000 0.000000 0.000000 0.000000 0.000000 0.000000 0.000000 0.000000 0.000000 0.000000 0.000000 0.000000 0.000000 0.000000 0.000000 0.000000 0.000000 0.000000 0.000000 0.000000 0.000000 0.000000 0.000000 0.000000 0.000000 0.000000 0.000000 0.000000 0.000000 0.000000 0.000000 0.000000 0.000000 0.000000 0.000000 0.000000 0.000000 0.000000 0.000000 0.000000 0.000000 0.000000 0.000000 0.000000 0.000000 0.000000 0.000000 
0.000000 0.000000 0.000000 0.000000 0.000000 0.000000 0.000000 0.000000 0.000000 0.000000 0.000000 0.000000 0.000000 0.000000 0.000000 0.000000 0.000000 0.000000 0.000000 0.000000 0.000000 0.000000 0.000000 0.000000 0.000000 0.000000 0.000000 0.000000 0.000000 0.000000 0.000000 0.000000 0.000000 0.000000 0.000000 0.000000 0.000000 0.000000 0.000000 0.000000 0.000000 0.000000 0.000000 0.000000 0.000000 0.000000 0.000000 0.000000 0.000000 0.000000 0.000000 0.000000 0.000000 0.000000 0.000000 0.000000 0.000000 0.000000 0.000000 0.000000 0.000000 0.000000 0.000000 0.000000 0.000000 0.000000 0.000000 0.000000 0.000000 0.000000 0.000000 0.000000 0.000000 0.000000 0.000000 0.000000 0.000000 0.000000 0.000000 0.000000 0.000000 0.000000 0.000000 0.000000 0.000000 0.000000 0.000000 0.000000 0.000000 0.000000 0.000000 0.000000 0.000000 0.000000 0.000000 0.000000 0.000000 0.000000 0.000000 0.000000 
0.000000 0.000000 0.000000 0.000000 0.000000 0.000000 0.000000 0.000000 0.000000 0.000000 0.000000 0.000000 0.000000 0.000000 0.000000 0.000000 0.000000 0.000000 0.000000 0.000000 0.000000 0.000000 0.000000 0.000000 0.000000 0.000000 0.000000 0.000000 0.000000 0.000000 0.000000 0.000000 0.000000 0.000000 0.000000 0.000000 0.000000 0.000000 0.000000 0.000000 0.000000 0.000000 0.000000 0.000000 0.000000 0.000000 0.000000 0.000000 0.000000 0.000000 0.000000 0.000000 0.000000 0.000000 0.000000 0.000000 0.000000 0.000000 0.000000 0.000000 0.000000 0.000000 0.000000 0.000000 0.000000 0.000000 0.000000 0.000000 0.000000 0.000000 0.000000 0.000000 0.000000 0.000000 0.000000 0.000000 0.000000 0.000000 0.000000 0.000000 0.000000 0.000000 0.000000 0.000000 0.000000 0.000000 0.000000 0.000000 0.000000 0.000000 0.000000 0.000000 0.000000 0.000000 0.000000 0.000000 0.000000 0.000000 0.000000 0.000000 
0.000000 0.000000 0.000000 0.000000 0.000000 0.000000 0.000000 0.000000 0.000000 0.000000 0.000000 0.000000 0.000000 0.000000 0.000000 0.000000 0.000000 0.000000 0.000000 0.000000 0.000000 0.000000 0.000000 0.000000 0.000000 0.000000 0.000000 0.000000 0.000000 0.000000 0.000000 0.000000 0.000000 0.000000 0.000000 0.000000 0.000000 0.000000 0.000000 0.000000 0.000000 0.000000 0.000000 0.000000 0.000000 0.000000 0.000000 0.000000 0.000000 0.000000 0.000000 0.000000 0.000000 0.000000 0.000000 0.000000 0.000000 0.000000 0.000000 0.000000 0.000000 0.000000 0.000000 0.000000 0.000000 0.000000 0.000000 0.000000 0.000000 0.000000 0.000000 0.000000 0.000000 0.000000 0.000000 0.000000 0.000000 0.000000 0.000000 0.000000 0.000000 0.000000 0.000000 0.000000 0.000000 0.000000 0.000000 0.000000 0.000000 0.000000 0.000000 0.000000 0.000000 0.000000 0.000000 0.000000 0.000000 0.000000 0.000000 0.000000 
0.000000 0.000000 0.000000 0.000000 0.000000 0.000000 0.000000 0.000000 0.000000 0.000000 0.000000 0.000000 0.000000 0.000000 0.000000 0.000000 0.000000 0.000000 0.000000 0.000000 0.000000 0.000000 0.000000 0.000000 0.000000 0.000000 0.000000 0.000000 0.000000 0.000000 0.000000 0.000000 0.000000 0.000000 0.000000 0.000000 0.000000 0.000000 0.000000 0.000000 0.000000 0.000000 0.000000 0.000000 0.000000 0.000000 0.000000 0.000000 0.000000 0.000000 0.000000 0.000000 0.000000 0.000000 0.000000 0.000000 0.000000 0.000000 0.000000 0.000000 0.000000 0.000000 0.000000 0.000000 0.000000 0.000000 0.000000 0.000000 0.000000 0.000000 0.000000 0.000000 0.000000 0.000000 0.000000 0.000000 0.000000 0.000000 0.000000 0.000000 0.000000 0.000000 0.000000 0.000000 0.000000 0.000000 0.000000 0.000000 0.000000 0.000000 0.000000 0.000000 0.000000 0.000000 0.000000 0.000000 0.000000 0.000000 0.000000 0.000000 
0.000000 0.000000 0.000000 0.000000 0.000000 0.000000 0.000000 0.000000 0.000000 0.000000 0.000000 0.000000 0.000000 0.000000 0.000000 0.000000 0.000000 0.000000 0.000000 0.000000 0.000000 0.000000 0.000000 0.000000 0.000000 0.000000 0.000000 0.000000 0.000000 0.000000 0.000000 0.000000 0.000000 0.000000 0.000000 0.000000 0.000000 0.000000 0.000000 0.000000 0.000000 0.000000 0.000000 0.000000 0.000000 0.000000 0.000000 0.000000 0.000000 0.000000 0.000000 0.000000 0.000000 0.000000 0.000000 0.000000 0.000000 0.000000 0.000000 0.000000 0.000000 0.000000 0.000000 0.000000 0.000000 0.000000 0.000000 0.000000 0.000000 0.000000 0.000000 0.000000 0.000000 0.000000 0.000000 0.000000 0.000000 0.000000 0.000000 0.000000 0.000000 0.000000 0.000000 0.000000 0.000000 0.000000 0.000000 0.000000 0.000000 0.000000 0.000000 0.000000 0.000000 0.000000 0.000000 0.000000 0.000000 0.000000 0.000000 0.000000 
0.000000 0.000000 0.000000 0.000000 0.000000 0.000000 0.000000 0.000000 0.000000 0.000000 0.000000 0.000000 0.000000 0.000000 0.000000 0.000000 0.000000 0.000000 0.000000 0.000000 0.000000 0.000000 0.000000 0.000000 0.000000 0.000000 0.000000 0.000000 0.000000 0.000000 0.000000 0.000000 0.000000 0.000000 0.000000 0.000000 0.000000 0.000000 0.000000 0.000000 0.000000 0.000000 0.000000 0.000000 0.000000 0.000000 0.000000 0.000000 0.000000 0.000000 0.000000 0.000000 0.000000 0.000000 0.000000 0.000000 0.000000 0.000000 0.000000 0.000000 0.000000 0.000000 0.000000 0.000000 0.000000 0.000000 0.000000 0.000000 0.000000 0.000000 0.000000 0.000000 0.000000 0.000000 0.000000 0.000000 0.000000 0.000000 0.000000 0.000000 0.000000 0.000000 0.000000 0.000000 0.000000 0.000000 0.000000 0.000000 0.000000 0.000000 0.000000 0.000000 0.000000 0.000000 0.000000 0.000000 0.000000 0.000000 0.000000 0.000000 
0.000000 0.000000 0.000000 0.000000 0.000000 0.000000 0.000000 0.000000 0.000000 0.000000 0.000000 0.000000 0.000000 0.000000 0.000000 0.000000 0.000000 0.000000 0.000000 0.000000 0.000000 0.000000 0.000000 0.000000 0.000000 0.000000 0.000000 0.000000 0.000000 0.000000 0.000000 0.000000 0.000000 0.000000 0.000000 0.000000 0.000000 0.000000 0.000000 0.000000 0.000000 0.000000 0.000000 0.000000 0.000000 0.000000 0.000000 0.000000 0.000000 0.000000 0.000000 0.000000 0.000000 0.000000 0.000000 0.000000 0.000000 0.000000 0.000000 0.000000 0.000000 0.000000 0.000000 0.000000 0.000000 0.000000 0.000000 0.000000 0.000000 0.000000 0.000000 0.000000 0.000000 0.000000 0.000000 0.000000 0.000000 0.000000 0.000000 0.000000 0.000000 0.000000 0.000000 0.000000 0.000000 0.000000 0.000000 0.000000 0.000000 0.000000 0.000000 0.000000 0.000000 0.000000 0.000000 0.000000 0.000000 0.000000 0.000000 0.000000 
0.000000 0.000000 0.000000 0.000000 0.000000 0.000000 0.000000 0.000000 0.000000 0.000000 0.000000 0.000000 0.000000 0.000000 0.000000 0.000000 0.000000 0.000000 0.000000 0.000000 0.000000 0.000000 0.000000 0.000000 0.000000 0.000000 0.000000 0.000000 0.000000 0.000000 0.000000 0.000000 0.000000 0.000000 0.000000 0.000000 0.000000 0.000000 0.000000 0.000000 0.000000 0.000000 0.000000 0.000000 0.000000 0.000000 0.000000 0.000000 0.000000 0.000000 0.000000 0.000000 0.000000 0.000000 0.000000 0.000000 0.000000 0.000000 0.000000 0.000000 0.000000 0.000000 0.000000 0.000000 0.000000 0.000000 0.000000 0.000000 0.000000 0.000000 0.000000 0.000000 0.000000 0.000000 0.000000 0.000000 0.000000 0.000000 0.000000 0.000000 0.000000 0.000000 0.000000 0.000000 0.000000 0.000000 0.000000 0.000000 0.000000 0.000000 0.000000 0.000000 0.000000 0.000000 0.000000 0.000000 0.000000 0.000000 0.000000 0.000000 
0.000000 0.000000 0.000000 0.000000 0.000000 0.000000 0.000000 0.000000 0.000000 0.000000 0.000000 0.000000 0.000000 0.000000 0.000000 0.000000 0.000000 0.000000 0.000000 0.000000 0.000000 0.000000 0.000000 0.000000 0.000000 0.000000 0.000000 0.000000 0.000000 0.000000 0.000000 0.000000 0.000000 0.000000 0.000000 0.000000 0.000000 0.000000 0.000000 0.000000 0.000000 0.000000 0.000000 0.000001 0.000001 0.000001 0.000001 0.000001 0.000001 0.000001 0.000001 0.000001 0.000001 0.000001 0.000001 0.000001 0.000001 0.000001 0.000000 0.000000 0.000000 0.000000 0.000000 0.000000 0.000000 0.000000 0.000000 0.000000 0.000000 0.000000 0.000000 0.000000 0.000000 0.000000 0.000000 0.000000 0.000000 0.000000 0.000000 0.000000 0.000000 0.000000 0.000000 0.000000 0.000000 0.000000 0.000000 0.000000 0.000000 0.000000 0.000000 0.000000 0.000000 0.000000 0.000000 0.000000 0.000000 0.000000 0.000000 0.000000 
0.000000 0.000000 0.000000 0.000000 0.000000 0.000000 0.000000 0.000000 0.000000 0.000000 0.000000 0.000000 0.000000 0.000000 0.000000 0.000000 0.000000 0.000000 0.000000 0.000000 0.000000 0.000000 0.000000 0.000000 0.000000 0.000000 0.000000 0.000000 0.000000 0.000000 0.000000 0.000000 0.000000 0.000000 0.000000 0.000000 0.000000 0.000000 0.000000 0.000001 0.000001 0.000001 0.000001 0.000001 0.000002 0.000002 0.000002 0.000002 0.000002 0.000003 0.000003 0.000003 0.000002 0.000002 0.000002 0.000002 0.000002 0.000001 0.000001 0.000001 0.000001 0.000001 0.000000 0.000000 0.000000 0.000000 0.000000 0.000000 0.000000 0.000000 0.000000 0.000000 0.000000 0.000000 0.000000 0.000000 0.000000 0.000000 0.000000 0.000000 0.000000 0.000000 0.000000 0.000000 0.000000 0.000000 0.000000 0.000000 0.000000 0.000000 0.000000 0.000000 0.000000 0.000000 0.000000 0.000000 0.000000 0.000000 0.000000 0.000000 
0.000000 0.000000 0.000000 0.000000 0.000000 0.000000 0.000000 0.000000 0.000000 0.000000 0.000000 0.000000 0.000000 0.000000 0.000000 0.000000 0.000000 0.000000 0.000000 0.000000 0.000000 0.000000 0.000000 0.000000 0.000000 0.000000 0.000000 0.000000 0.000000 0.000000 0.000000 0.000000 0.000000 0.000000 0.000000 0.000000 0.000000 0.000001 0.000001 0.000001 0.000002 0.000002 0.000003 0.000003 0.000004 0.000005 0.000005 0.000006 0.000006 0.000006 0.000006 0.000006 0.000006 0.000006 0.000005 0.000005 0.000004 0.000003 0.000003 0.000002 0.000002 0.000001 0.000001 0.000001 0.000000 0.000000 0.000000 0.000000 0.000000 0.000000 0.000000 0.000000 0.000000 0.000000 0.000000 0.000000 0.000000 0.000000 0.000000 0.000000 0.000000 0.000000 0.000000 0.000000 0.000000 0.000000 0.000000 0.000000 0.000000 0.000000 0.000000 0.000000 0.000000 0.000000 0.000000 0.000000 0.000000 0.000000 0.000000 0.000000 
0.000000 0.000000 0.000000 0.000000 0.000000 0.000000 0.000000 0.000000 0.000000 0.000000 0.000000 0.000000 0.000000 0.000000 0.000000 0.000000 0.000000 0.000000 0.000000 0.000000 0.000000 0.000000 0.000000 0.000000 0.000000 0.000000 0.000000 0.000000 0.000000 0.000000 0.000000 0.000000 0.000000 0.000000 0.000001 0.000001 0.000001 0.000002 0.000002 0.000003 0.000004 0.000005 0.000007 0.000008 0.000010 0.000011 0.000012 0.000014 0.000014 0.000015 0.000015 0.000015 0.000014 0.000014 0.000012 0.000011 0.000010 0.000008 0.000007 0.000005 0.000004 0.000003 0.000002 0.000002 0.000001 0.000001 0.000001 0.000000 0.000000 0.000000 0.000000 0.000000 0.000000 0.000000 0.000000 0.000000 0.000000 0.000000 0.000000 0.000000 0.000000 0.000000 0.000000 0.000000 0.000000 0.000000 0.000000 0.000000 0.000000 0.000000 0.000000 0.000000 0.000000 0.000000 0.000000 0.000000 0.000000 0.000000 0.000000 0.000000 
0.000000 0.000000 0.000000 0.000000 0.000000 0.000000 0.000000 0.000000 0.000000 0.000000 0.000000 0.000000 0.000000 0.000000 0.000000 0.000000 0.000000 0.000000 0.000000 0.000000 0.000000 0.000000 0.000000 0.000000 0.000000 0.000000 0.000000 0.000000 0.000000 0.000000 0.000000 0.000000 0.000001 0.000001 0.000001 0.000002 0.000003 0.000004 0.000006 0.000008 0.000010 0.000013 0.000016 0.000019 0.000023 0.000026 0.000029 0.000032 0.000034 0.000036 0.000036 0.000036 0.000034 0.000032 0.000029 0.000026 0.000023 0.000019 0.000016 0.000013 0.000010 0.000008 0.000006 0.000004 0.000003 0.000002 0.000001 0.000001 0.000001 0.000000 0.000000 0.000000 0.000000 0.000000 0.000000 0.000000 0.000000 0.000000 0.000000 0.000000 0.000000 0.000000 0.000000 0.000000 0.000000 0.000000 0.000000 0.000000 0.000000 0.000000 0.000000 0.000000 0.000000 0.000000 0.000000 0.000000 0.000000 0.000000 0.000000 0.000000 
0.000000 0.000000 0.000000 0.000000 0.000000 0.000000 0.000000 0.000000 0.000000 0.000000 0.000000 0.000000 0.000000 0.000000 0.000000 0.000000 0.000000 0.000000 0.000000 0.000000 0.000000 0.000000 0.000000 0.000000 0.000000 0.000000 0.000000 0.000000 0.000000 0.000000 0.000000 0.000001 0.000001 0.000002 0.000003 0.000005 0.000007 0.000009 0.000013 0.000018 0.000023 0.000030 0.000037 0.000045 0.000053 0.000061 0.000069 0.000075 0.000080 0.000083 0.000085 0.000083 0.000080 0.000075 0.000069 0.000061 0.000053 0.000045 0.000037 0.000030 0.000023 0.000018 0.000013 0.000009 0.000007 0.000005 0.000003 0.000002 0.000001 0.000001 0.000000 0.000000 0.000000 0.000000 0.000000 0.000000 0.000000 0.000000 0.000000 0.000000 0.000000 0.000000 0.000000 0.000000 0.000000 0.000000 0.000000 0.000000 0.000000 0.000000 0.000000 0.000000 0.000000 0.000000 0.000000 0.000000 0.000000 0.000000 0.000000 0.000000 
0.000000 0.000000 0.000000 0.000000 0.000000 0.000000 0.000000 0.000000 0.000000 0.000000 0.000000 0.000000 0.000000 0.000000 0.000000 0.000000 0.000000 0.000000 0.000000 0.000000 0.000000 0.000000 0.000000 0.000000 0.000000 0.000000 0.000000 0.000000 0.000000 0.000001 0.000001 0.000002 0.000003 0.000005 0.000007 0.000011 0.000015 0.000022 0.000030 0.000040 0.000053 0.000068 0.000084 0.000102 0.000121 0.000139 0.000157 0.000171 0.000183 0.000190 0.000193 0.000190 0.000183 0.000171 0.000157 0.000139 0.000121 0.000102 0.000084 0.000068 0.000053 0.000040 0.000030 0.000022 0.000015 0.000011 0.000007 0.000005 0.000003 0.000002 0.000001 0.000001 0.000000 0.000000 0.000000 0.000000 0.000000 0.000000 0.000000 0.000000 0.000000 0.000000 0.000000 0.000000 0.000000 0.000000 0.000000 0.000000 0.000000 0.000000 0.000000 0.000000 0.000000 0.000000 0.000000 0.000000 0.000000 0.000000 0.000000 0.000000 
0.000000 0.000000 0.000000 0.000000 0.000000 0.000000 0.000000 0.000000 0.000000 0.000000 0.000000 0.000000 0.000000 0.000000 0.000000 0.000000 0.000000 0.000000 0.000000 0.000000 0.000000 0.000000 0.000000 0.000000 0.000000 0.000000 0.000000 0.000000 0.000001 0.000002 0.000003 0.000004 0.000007 0.000011 0.000016 0.000024 0.000035 0.000049 0.000067 0.000090 0.000118 0.000151 0.000188 0.000228 0.000270 0.000311 0.000349 0.000383 0.000408 0.000424 0.000430 0.000424 0.000408 0.000383 0.000349 0.000311 0.000270 0.000228 0.000188 0.000151 0.000118 0.000090 0.000067 0.000049 0.000035 0.000024 0.000016 0.000011 0.000007 0.000004 0.000003 0.000002 0.000001 0.000000 0.000000 0.000000 0.000000 0.000000 0.000000 0.000000 0.000000 0.000000 0.000000 0.000000 0.000000 0.000000 0.000000 0.000000 0.000000 0.000000 0.000000 0.000000 0.000000 0.000000 0.000000 0.000000 0.000000 0.000000 0.000000 0.000000 
0.000000 0.000000 0.000000 0.000000 0.000000 0.000000 0.000000 0.000000 0.000000 0.000000 0.000000 0.000000 0.000000 0.000000 0.000000 0.000000 0.000000 0.000000 0.000000 0.000000 0.000000 0.000000 0.000000 0.000000 0.000000 0.000000 0.000001 0.000001 0.000002 0.000003 0.000006 0.000009 0.000015 0.000023 0.000035 0.000053 0.000076 0.000107 0.000148 0.000198 0.000260 0.000331 0.000412 0.000499 0.000590 0.000680 0.000763 0.000835 0.000890 0.000926 0.000938 0.000926 0.000890 0.000835 0.000763 0.000680 0.000590 0.000499 0.000412 0.000331 0.000260 0.000198 0.000148 0.000107 0.000076 0.000053 0.000035 0.000023 0.000015 0.000009 0.000006 0.000003 0.000002 0.000001 0.000001 0.000000 0.000000 0.000000 0.000000 0.000000 0.000000 0.000000 0.000000 0.000000 0.000000 0.000000 0.000000 0.000000 0.000000 0.000000 0.000000 0.000000 0.000000 0.000000 0.000000 0.000000 0.000000 0.000000 0.000000 0.000000 
0.000000 0.000000 0.000000 0.000000 0.000000 0.000000 0.000000 0.000000 0.000000 0.000000 0.000000 0.000000 0.000000 0.000000 0.000000 0.000000 0.000000 0.000000 0.000000 0.000000 0.000000 0.000000 0.000000 0.000000 0.000000 0.000001 0.000001 0.000002 0.000004 0.000007 0.000012 0.000020 0.000032 0.000050 0.000076 0.000113 0.000164 0.000231 0.000318 0.000426 0.000557 0.000710 0.000882 0.001069 0.001262 0.001453 0.001630 0.001783 0.001901 0.001976 0.002001 0.001976 0.001901 0.001783 0.001630 0.001453 0.001262 0.001069 0.000882 0.000710 0.000557 0.000426 0.000318 0.000231 0.000164 0.000113 0.000076 0.000050 0.000032 0.000020 0.000012 0.000007 0.000004 0.000002 0.000001 0.000001 0.000000 0.000000 0.000000 0.000000 0.000000 0.000000 0.000000 0.000000 0.000000 0.000000 0.000000 0.000000 0.000000 0.000000 0.000000 0.000000 0.000000 0.000000 0.000000 0.000000 0.000000 0.000000 0.000000 0.000000 
0.000000 0.000000 0.000000 0.000000 0.000000 0.000000 0.000000 0.000000 0.000000 0.000000 0.000000 0.000000 0.000000 0.000000 0.000000 0.000000 0.000000 0.000000 0.000000 0.000000 0.000000 0.000000 0.000000 0.000000 0.000001 0.000002 0.000003 0.000005 0.000009 0.000016 0.000026 0.000043 0.000068 0.000106 0.000161 0.000239 0.000345 0.000486 0.000668 0.000894 0.001168 0.001487 0.001847 0.002236 0.002640 0.003038 0.003408 0.003726 0.003972 0.004127 0.004180 0.004127 0.003972 0.003726 0.003408 0.003038 0.002640 0.002236 0.001847 0.001487 0.001168 0.000894 0.000668 0.000486 0.000345 0.000239 0.000161 0.000106 0.000068 0.000043 0.000026 0.000016 0.000009 0.000005 0.000003 0.000002 0.000001 0.000000 0.000000 0.000000 0.000000 0.000000 0.000000 0.000000 0.000000 0.000000 0.000000 0.000000 0.000000 0.000000 0.000000 0.000000 0.000000 0.000000 0.000000 0.000000 0.000000 0.000000 0.000000 0.000000 
0.000000 0.000000 0.000000 0.000000 0.000000 0.000000 0.000000 0.000000 0.000000 0.000000 0.000000 0.000000 0.000000 0.000000 0.000000 0.000000 0.000000 0.000000 0.000000 0.000000 0.000000 0.000000 0.000000 0.000001 0.000002 0.000003 0.000006 0.000011 0.000019 0.000033 0.000055 0.000089 0.000142 0.000220 0.000333 0.000493 0.000711 0.001000 0.001372 0.001836 0.002396 0.003049 0.003784 0.004579 0.005402 0.006213 0.006967 0.007616 0.008117 0.008433 0.008541 0.008433 0.008117 0.007616 0.006967 0.006213 0.005402 0.004579 0.003784 0.003049 0.002396 0.001836 0.001372 0.001000 0.000711 0.000493 0.000333 0.000220 0.000142 0.000089 0.000055 0.000033 0.000019 0.000011 0.000006 0.000003 0.000002 0.000001 0.000000 0.000000 0.000000 0.000000 0.000000 0.000000 0.000000 0.000000 0.000000 0.000000 0.000000 0.000000 0.000000 0.000000 0.000000 0.000000 0.000000 0.000000 0.000000 0.000000 0.000000 0.000000 
0.000000 0.000000 0.000000 0.000000 0.000000 0.000000 0.000000 0.000000 0.000000 0.000000 0.000000 0.000000 0.000000 0.000000 0.000000 0.000000 0.000000 0.000000 0.000000 0.000000 0.000000 0.000000 0.000001 0.000002 0.000004 0.000007 0.000012 0.000022 0.000039 0.000066 0.000111 0.000180 0.000287 0.000445 0.000673 0.000994 0.001432 0.002012 0.002758 0.003687 0.004808 0.006114 0.007582 0.009169 0.010811 0.012429 0.013932 0.015227 0.016224 0.016854 0.017069 0.016854 0.016224 0.015227 0.013932 0.012429 0.010811 0.009169 0.007582 0.006114 0.004808 0.003687 0.002758 0.002012 0.001432 0.000994 0.000673 0.000445 0.000287 0.000180 0.000111 0.000066 0.000039 0.000022 0.000012 0.000007 0.000004 0.000002 0.000001 0.000000 0.000000 0.000000 0.000000 0.000000 0.000000 0.000000 0.000000 0.000000 0.000000 0.000000 0.000000 0.000000 0.000000 0.000000 0.000000 0.000000 0.000000 0.000000 0.000000 0.000000 
0.000000 0.000000 0.000000 0.000000 0.000000 0.000000 0.000000 0.000000 0.000000 0.000000 0.000000 0.000000 0.000000 0.000000 0.000000 0.000000 0.000000 0.000000 0.000000 0.000000 0.000000 0.000001 0.000002 0.000004 0.000007 0.000013 0.000025 0.000044 0.000077 0.000132 0.000220 0.000358 0.000567 0.000879 0.001329 0.001960 0.002820 0.003958 0.005421 0.007241 0.009434 0.011988 0.014857 0.017955 0.021160 0.024317 0.027248 0.029771 0.031716 0.032943 0.033363 0.032943 0.031716 0.029771 0.027248 0.024317 0.021160 0.017955 0.014857 0.011988 0.009434 0.007241 0.005421 0.003958 0.002820 0.001960 0.001329 0.000879 0.000567 0.000358 0.000220 0.000132 0.000077 0.000044 0.000025 0.000013 0.000007 0.000004 0.000002 0.000001 0.000000 0.000000 0.000000 0.000000 0.000000 0.000000 0.000000 0.000000 0.000000 0.000000 0.000000 0.000000 0.000000 0.000000 0.000000 0.000000 0.000000 0.000000 0.000000 0.000000 
0.000000 0.000000 0.000000 0.000000 0.000000 0.000000 0.000000 0.000000 0.000000 0.000000 0.000000 0.000000 0.000000 0.000000 0.000000 0.000000 0.000000 0.000000 0.000000 0.000000 0.000001 0.000002 0.000004 0.000007 0.000014 0.000026 0.000048 0.000086 0.000150 0.000256 0.000427 0.000693 0.001098 0.001698 0.002564 0.003777 0.005429 0.007614 0.010418 0.013904 0.018101 0.022984 0.028466 0.034382 0.040500 0.046522 0.052112 0.056923 0.060629 0.062968 0.063767 0.062968 0.060629 0.056923 0.052112 0.046522 0.040500 0.034382 0.028466 0.022984 0.018101 0.013904 0.010418 0.007614 0.005429 0.003777 0.002564 0.001698 0.001098 0.000693 0.000427 0.000256 0.000150 0.000086 0.000048 0.000026 0.000014 0.000007 0.000004 0.000002 0.000001 0.000000 0.000000 0.000000 0.000000 0.000000 0.000000 0.000000 0.000000 0.000000 0.000000 0.000000 0.000000 0.000000 0.000000 0.000000 0.000000 0.000000 0.000000 0.000000 
0.000000 0.000000 0.000000 0.000000 0.000000 0.000000 0.000000 0.000000 0.000000 0.000000 0.000000 0.000000 0.000000 0.000000 0.000000 0.000000 0.000000 0.000000 0.000000 0.000001 0.000002 0.000004 0.000007 0.000014 0.000027 0.000050 0.000092 0.000164 0.000286 0.000487 0.000809 0.001312 0.002076 0.003208 0.004837 0.007117 0.010220 0.014318 0.019572 0.026100 0.033952 0.043083 0.053324 0.064373 0.075790 0.087026 0.097451 0.106418 0.113327 0.117686 0.119176 0.117686 0.113327 0.106418 0.097451 0.087026 0.075790 0.064373 0.053324 0.043083 0.033952 0.026100 0.019572 0.014318 0.010220 0.007117 0.004837 0.003208 0.002076 0.001312 0.000809 0.000487 0.000286 0.000164 0.000092 0.000050 0.000027 0.000014 0.000007 0.000004 0.000002 0.000001 0.000000 0.000000 0.000000 0.000000 0.000000 0.000000 0.000000 0.000000 0.000000 0.000000 0.000000 0.000000 0.000000 0.000000 0.000000 0.000000 0.000000 0.000000 
0.000000 0.000000 0.000000 0.000000 0.000000 0.000000 0.000000 0.000000 0.000000 0.000000 0.000000 0.000000 0.000000 0.000000 0.000000 0.000000 0.000000 0.000000 0.000001 0.000002 0.000003 0.000007 0.000013 0.000026 0.000050 0.000094 0.000172 0.000306 0.000532 0.000903 0.001499 0.002427 0.003837 0.005921 0.008917 0.013108 0.018803 0.026319 0.035944 0.047894 0.062258 0.078948 0.097656 0.117827 0.138663 0.159156 0.178166 0.194513 0.207103 0.215047 0.217762 0.215047 0.207103 0.194513 0.178166 0.159156 0.138663 0.117827 0.097656 0.078948 0.062258 0.047894 0.035944 0.026319 0.018803 0.013108 0.008917 0.005921 0.003837 0.002427 0.001499 0.000903 0.000532 0.000306 0.000172 0.000094 0.000050 0.000026 0.000013 0.000007 0.000003 0.000002 0.000001 0.000000 0.000000 0.000000 0.000000 0.000000 0.000000 0.000000 0.000000 0.000000 0.000000 0.000000 0.000000 0.000000 0.000000 0.000000 0.000000 0.000000 
0.000000 0.000000 0.000000 0.000000 0.000000 0.000000 0.000000 0.000000 0.000000 0.000000 0.000000 0.000000 0.000000 0.000000 0.000000 0.000000 0.000000 0.000001 0.000001 0.000003 0.000006 0.000012 0.000025 0.000048 0.000092 0.000172 0.000312 0.000556 0.000965 0.001638 0.002713 0.004388 0.006928 0.010679 0.016067 0.023593 0.033810 0.047282 0.064520 0.085904 0.111588 0.141412 0.174822 0.210824 0.247995 0.284542 0.318430 0.347564 0.369998 0.384150 0.388987 0.384150 0.369998 0.347564 0.318430 0.284542 0.247995 0.210824 0.174822 0.141412 0.111588 0.085904 0.064520 0.047282 0.033810 0.023593 0.016067 0.010679 0.006928 0.004388 0.002713 0.001638 0.000965 0.000556 0.000312 0.000172 0.000092 0.000048 0.000025 0.000012 0.000006 0.000003 0.000001 0.000001 0.000000 0.000000 0.000000 0.000000 0.000000 0.000000 0.000000 0.000000 0.000000 0.000000 0.000000 0.000000 0.000000 0.000000 0.000000 0.000000 
0.000000 0.000000 0.000000 0.000000 0.000000 0.000000 0.000000 0.000000 0.000000 0.000000 0.000000 0.000000 0.000000 0.000000 0.000000 0.000000 0.000000 0.000001 0.000002 0.000005 0.000011 0.000022 0.000044 0.000086 0.000164 0.000306 0.000556 0.000987 0.001712 0.002901 0.004799 0.007752 0.012225 0.018822 0.028288 0.041497 0.059413 0.083014 0.113187 0.150587 0.195478 0.247571 0.305893 0.368708 0.433532 0.497242 0.556298 0.607057 0.646134 0.670782 0.679206 0.670782 0.646134 0.607057 0.556298 0.497242 0.433532 0.368708 0.305893 0.247571 0.195478 0.150587 0.113187 0.083014 0.059413 0.041497 0.028288 0.018822 0.012225 0.007752 0.004799 0.002901 0.001712 0.000987 0.000556 0.000306 0.000164 0.000086 0.000044 0.000022 0.000011 0.000005 0.000002 0.000001 0.000000 0.000000 0.000000 0.000000 0.000000 0.000000 0.000000 0.000000 0.000000 0.000000 0.000000 0.000000 0.000000 0.000000 0.000000 0.000000 
0.000000 0.000000 0.000000 0.000000 0.000000 0.000000 0.000000 0.000000 0.000000 0.000000 0.000000 0.000000 0.000000 0.000000 0.000000 0.000000 0.000001 0.000002 0.000004 0.000009 0.000019 0.000039 0.000077 0.000150 0.000286 0.000532 0.000965 0.001712 0.002966 0.005018 0.008292 0.013378 0.021074 0.032412 0.048663 0.071318 0.102016 0.142421 0.194036 0.257968 0.334651 0.423582 0.523089 0.630210 0.740709 0.849268 0.949866 1.036308 1.102845 1.144807 1.159148 1.144807 1.102845 1.036308 0.949866 0.849268 0.740709 0.630210 0.523089 0.423582 0.334651 0.257968 0.194036 0.142421 0.102016 0.071318 0.048663 0.032412 0.021074 0.013378 0.008292 0.005018 0.002966 0.001712 0.000965 0.000532 0.000286 0.000150 0.000077 0.000039 0.000019 0.000009 0.000004 0.000002 0.000001 0.000000 0.000000 0.000000 0.000000 0.000000 0.000000 0.000000 0.000000 0.000000 0.000000 0.000000 0.000000 0.000000 0.000000 0.000000 
0.000000 0.000000 0.000000 0.000000 0.000000 0.000000 0.000000 0.000000 0.000000 0.000000 0.000000 0.000000 0.000000 0.000000 0.000000 0.000001 0.000002 0.000003 0.000007 0.000016 0.000033 0.000066 0.000132 0.000256 0.000487 0.000903 0.001638 0.002901 0.005018 0.008480 0.013994 0.022552 0.035489 0.054525 0.081784 0.119748 0.171146 0.238741 0.325023 0.431817 0.559828 0.708196 0.874120 1.052656 1.236744 1.417535 1.585019 1.728900 1.839629 1.909454 1.933315 1.909454 1.839629 1.728900 1.585019 1.417535 1.236744 1.052656 0.874120 0.708196 0.559828 0.431817 0.325023 0.238741 0.171146 0.119748 0.081784 0.054525 0.035489 0.022552 0.013994 0.008480 0.005018 0.002901 0.001638 0.000903 0.000487 0.000256 0.000132 0.000066 0.000033 0.000016 0.000007 0.000003 0.000002 0.000001 0.000000 0.000000 0.000000 0.000000 0.000000 0.000000 0.000000 0.000000 0.000000 0.000000 0.000000 0.000000 0.000000 0.000000 
0.000000 0.000000 0.000000 0.000000 0.000000 0.000000 0.000000 0.000000 0.000000 0.000000 0.000000 0.000000 0.000000 0.000000 0.000000 0.000001 0.000003 0.000006 0.000012 0.000026 0.000055 0.000111 0.000220 0.000427 0.000809 0.001499 0.002713 0.004799 0.008292 0.013994 0.023068 0.037135 0.058375 0.089600 0.134269 0.196425 0.280504 0.390991 0.531920 0.706233 0.915047 1.156929 1.427296 1.718080 2.017786 2.312026 2.584529 2.818575 2.998664 3.112213 3.151014 3.112213 2.998664 2.818575 2.584529 2.312026 2.017786 1.718080 1.427296 1.156929 0.915047 0.706233 0.531920 0.390991 0.280504 0.196425 0.134269 0.089600 0.058375 0.037135 0.023068 0.013994 0.008292 0.004799 0.002713 0.001499 0.000809 0.000427 0.000220 0.000111 0.000055 0.000026 0.000012 0.000006 0.000003 0.000001 0.000000 0.000000 0.000000 0.000000 0.000000 0.000000 0.000000 0.000000 0.000000 0.000000 0.000000 0.000000 0.000000 0.000000 
0.000000 0.000000 0.000000 0.000000 0.000000 0.000000 0.000000 0.000000 0.000000 0.000000 0.000000 0.000000 0.000000 0.000000 0.000001 0.000002 0.000004 0.000009 0.000020 0.000043 0.000089 0.000180 0.000358 0.000693 0.001312 0.002427 0.004388 0.007752 0.013378 0.022552 0.037135 0.059718 0.093783 0.143811 0.215316 0.314730 0.449097 0.625534 0.850426 1.128412 1.461222 1.846527 2.276996 2.739770 3.216564 3.684507 4.117765 4.489797 4.776015 4.956461 5.018117 4.956461 4.776015 4.489797 4.117765 3.684507 3.216564 2.739770 2.276996 1.846527 1.461222 1.128412 0.850426 0.625534 0.449097 0.314730 0.215316 0.143811 0.093783 0.059718 0.037135 0.022552 0.013378 0.007752 0.004388 0.002427 0.001312 0.000693 0.000358 0.000180 0.000089 0.000043 0.000020 0.000009 0.000004 0.000002 0.000001 0.000000 0.000000 0.000000 0.000000 0.000000 0.000000 0.000000 0.000000 0.000000 0.000000 0.000000 0.000000 0.000000 
0.000000 0.000000 0.000000 0.000000 0.000000 0.000000 0.000000 0.000000 0.000000 0.000000 0.000000 0.000000 0.000000 0.000001 0.000001 0.000003 0.000007 0.000015 0.000032 0.000068 0.000142 0.000287 0.000567 0.001098 0.002076 0.003837 0.006928 0.012225 0.021074 0.035489 0.058375 0.093783 0.147140 0.225431 0.337234 0.492548 0.702310 0.977549 1.328144 1.761244 2.279465 2.879118 3.548748 4.268336 5.009455 5.736592 6.409657 6.987488 7.431964 7.712156 7.807889 7.712156 7.431964 6.987488 6.409657 5.736592 5.009455 4.268336 3.548748 2.879118 2.279465 1.761244 1.328144 0.977549 0.702310 0.492548 0.337234 0.225431 0.147140 0.093783 0.058375 0.035489 0.021074 0.012225 0.006928 0.003837 0.002076 0.001098 0.000567 0.000287 0.000142 0.000068 0.000032 0.000015 0.000007 0.000003 0.000001 0.000001 0.000000 0.000000 0.000000 0.000000 0.000000 0.000000 0.000000 0.000000 0.000000 0.000000 0.000000 0.000000 
0.000000 0.000000 0.000000 0.000000 0.000000 0.000000 0.000000 0.000000 0.000000 0.000000 0.000000 0.000000 0.000000 0.000001 0.000002 0.000005 0.000011 0.000023 0.000050 0.000106 0.000220 0.000445 0.000879 0.001698 0.003208 0.005921 0.010679 0.018822 0.032412 0.054525 0.089600 0.143811 0.225431 0.345087 0.515823 0.752820 1.072669 1.492074 2.025969 2.685119 3.473394 4.385093 5.402736 6.495873 7.621332 8.725235 9.746796 10.623643 11.298027 11.723107 11.868337 11.723107 11.298027 10.623643 9.746796 8.725235 7.621332 6.495873 5.402736 4.385093 3.473394 2.685119 2.025969 1.492074 1.072669 0.752820 0.515823 0.345087 0.225431 0.143811 0.089600 0.054525 0.032412 0.018822 0.010679 0.005921 0.003208 0.001698 0.000879 0.000445 0.000220 0.000106 0.000050 0.000023 0.000011 0.000005 0.000002 0.000001 0.000000 0.000000 0.000000 0.000000 0.000000 0.000000 0.000000 0.000000 0.000000 0.000000 0.000000 0.000000 
0.000000 0.000000 0.000000 0.000000 0.000000 0.000000 0.000000 0.000000 0.000000 0.000000 0.000000 0.000000 0.000001 0.000001 0.000003 0.000007 0.000016 0.000035 0.000076 0.000161 0.000333 0.000673 0.001329 0.002564 0.004837 0.008917 0.016067 0.028288 0.048663 0.081784 0.134269 0.215316 0.337234 0.515823 0.770451 1.123641 1.599975 2.224172 3.018291 3.998174 5.169421 6.523430 8.034156 9.656355 11.325979 12.963169 14.477890 15.777792 16.777410 17.407435 17.622676 17.407435 16.777410 15.777792 14.477890 12.963169 11.325979 9.656355 8.034156 6.523430 5.169421 3.998174 3.018291 2.224172 1.599975 1.123641 0.770451 0.515823 0.337234 0.215316 0.134269 0.081784 0.048663 0.028288 0.016067 0.008917 0.004837 0.002564 0.001329 0.000673 0.000333 0.000161 0.000076 0.000035 0.000016 0.000007 0.000003 0.000001 0.000001 0.000000 0.000000 0.000000 0.000000 0.000000 0.000000 0.000000 0.000000 0.000000 0.000000 0.000000 
0.000000 0.000000 0.000000 0.000000 0.000000 0.000000 0.000000 0.000000 0.000000 0.000000 0.000000 0.000000 0.000001 0.000002 0.000005 0.000011 0.000024 0.000053 0.000113 0.000239 0.000493 0.000994 0.001960 0.003777 0.007117 0.013108 0.023593 0.041497 0.071318 0.119748 0.196425 0.314730 0.492548 0.752820 1.123641 1.637646 2.330419 3.237694 4.391305 5.814035 7.513804 9.477955 11.668586 14.020041 16.439505 18.811348 21.005287 22.887754 24.335172 25.247349 25.558970 25.247349 24.335172 22.887754 21.005287 18.811348 16.439505 14.020041 11.668586 9.477955 7.513804 5.814035 4.391305 3.237694 2.330419 1.637646 1.123641 0.752820 0.492548 0.314730 0.196425 0.119748 0.071318 0.041497 0.023593 0.013108 0.007117 0.003777 0.001960 0.000994 0.000493 0.000239 0.000113 0.000053 0.000024 0.000011 0.000005 0.000002 0.000001 0.000000 0.000000 0.000000 0.000000 0.000000 0.000000 0.000000 0.000000 0.000000 0.000000 0.000000 
0.000000 0.000000 0.000000 0.000000 0.000000 0.000000 0.000000 0.000000 0.000000 0.000000 0.000000 0.000000 0.000001 0.000003 0.000007 0.000015 0.000035 0.000076 0.000164 0.000345 0.000711 0.001432 0.002820 0.005429 0.010220 0.018803 0.033810 0.059413 0.102016 0.171146 0.280504 0.449097 0.702310 1.072669 1.599975 2.330419 3.314312 4.602117 6.238717 8.256127 10.665301 13.448066 16.550567 19.879752 23.304247 26.660518 29.764413 32.427214 34.474376 35.764413 36.205101 35.764413 34.474376 32.427214 29.764413 26.660518 23.304247 19.879752 16.550567 13.448066 10.665301 8.256127 6.238717 4.602117 3.314312 2.330419 1.599975 1.072669 0.702310 0.449097 0.280504 0.171146 0.102016 0.059413 0.033810 0.018803 0.010220 0.005429 0.002820 0.001432 0.000711 0.000345 0.000164 0.000076 0.000035 0.000015 0.000007 0.000003 0.000001 0.000000 0.000000 0.000000 0.000000 0.000000 0.000000 0.000000 0.000000 0.000000 0.000000 0.000000 
0.000000 0.000000 0.000000 0.000000 0.000000 0.000000 0.000000 0.000000 0.000000 0.000000 0.000000 0.000001 0.000002 0.000004 0.000009 0.000022 0.000049 0.000107 0.000231 0.000486 0.001000 0.002012 0.003958 0.007614 0.014318 0.026319 0.047282 0.083014 0.142421 0.238741 0.390991 0.625534 0.977549 1.492074 2.224172 3.237694 4.602117 6.387053 8.654317 11.447869 14.782519 18.632813 22.924037 27.527400 32.261291 36.899814 41.188726 44.867580 47.695559 49.477500 50.086203 49.477500 47.695559 44.867580 41.188726 36.899814 32.261291 27.527400 22.924037 18.632813 14.782519 11.447869 8.654317 6.387053 4.602117 3.237694 2.224172 1.492074 0.977549 0.625534 0.390991 0.238741 0.142421 0.083014 0.047282 0.026319 0.014318 0.007614 0.003958 0.002012 0.001000 0.000486 0.000231 0.000107 0.000049 0.000022 0.000009 0.000004 0.000002 0.000001 0.000000 0.000000 0.000000 0.000000 0.000000 0.000000 0.000000 0.000000 0.000000 0.000000 
0.000000 0.000000 0.000000 0.000000 0.000000 0.000000 0.000000 0.000000 0.000000 0.000000 0.000000 0.000001 0.000002 0.000006 0.000013 0.000030 0.000067 0.000148 0.000318 0.000668 0.001372 0.002758 0.005421 0.010418 0.019572 0.035944 0.064520 0.113187 0.194036 0.325023 0.531920 0.850426 1.328144 2.025969 3.018291 4.391305 6.238717 8.654317 11.721267 15.498547 20.005728 25.208037 31.004272 37.220368 43.611144 49.871847 55.659652 60.623494 64.438855 66.842785 67.663929 66.842785 64.438855 60.623494 55.659652 49.871847 43.611144 37.220368 31.004272 25.208037 20.005728 15.498547 11.721267 8.654317 6.238717 4.391305 3.018291 2.025969 1.328144 0.850426 0.531920 0.325023 0.194036 0.113187 0.064520 0.035944 0.019572 0.010418 0.005421 0.002758 0.001372 0.000668 0.000318 0.000148 0.000067 0.000030 0.000013 0.000006 0.000002 0.000001 0.000000 0.000000 0.000000 0.000000 0.000000 0.000000 0.000000 0.000000 0.000000 0.000000 
0.000000 0.000000 0.000000 0.000000 0.000000 0.000000 0.000000 0.000000 0.000000 0.000000 0.000001 0.000001 0.000003 0.000008 0.000018 0.000040 0.000090 0.000198 0.000426 0.000894 0.001836 0.003687 0.007241 0.013904 0.026100 0.047894 0.085904 0.150587 0.257968 0.431817 0.706233 1.128412 1.761244 2.685119 3.998174 5.814035 8.256127 11.447869 15.498547 20.485462 26.433906 33.297538 40.942533 49.139181 57.564250 65.816233 73.443666 79.984394 85.011306 88.178387 89.260176 88.178387 85.011306 79.984394 73.443666 65.816233 57.564250 49.139181 40.942533 33.297538 26.433906 20.485462 15.498547 11.447869 8.256127 5.814035 3.998174 2.685119 1.761244 1.128412 0.706233 0.431817 0.257968 0.150587 0.085904 0.047894 0.026100 0.013904 0.007241 0.003687 0.001836 0.000894 0.000426 0.000198 0.000090 0.000040 0.000018 0.000008 0.000003 0.000001 0.000001 0.000000 0.000000 0.000000 0.000000 0.000000 0.000000 0.000000 0.000000 0.000000 
0.000000 0.000000 0.000000 0.000000 0.000000 0.000000 0.000000 0.000000 0.000000 0.000000 0.000001 0.000002 0.000004 0.000010 0.000023 0.000053 0.000118 0.000260 0.000557 0.001168 0.002396 0.004808 0.009434 0.018101 0.033952 0.062258 0.111588 0.195478 0.334651 0.559828 0.915047 1.461222 2.279465 3.473394 5.169421 7.513804 10.665301 14.782519 20.005728 26.433906 34.099011 42.940804 52.786531 63.340208 74.185739 84.806563 94.622094 103.038172 109.505817 113.580354 114.972064 113.580354 109.505817 103.038172 94.622094 84.806563 74.185739 63.340208 52.786531 42.940804 34.099011 26.433906 20.005728 14.782519 10.665301 7.513804 5.169421 3.473394 2.279465 1.461222 0.915047 0.559828 0.334651 0.195478 0.111588 0.062258 0.033952 0.018101 0.009434 0.004808 0.002396 0.001168 0.000557 0.000260 0.000118 0.000053 0.000023 0.000010 0.000004 0.000002 0.000001 0.000000 0.000000 0.000000 0.000000 0.000000 0.000000 0.000000 0.000000 0.000000 
0.000000 0.000000 0.000000 0.000000 0.000000 0.000000 0.000000 0.000000 0.000000 0.000000 0.000001 0.000002 0.000005 0.000013 0.000030 0.000068 0.000151 0.000331 0.000710 0.001487 0.003049 0.006114 0.011988 0.022984 0.043083 0.078948 0.141412 0.247571 0.423582 0.708196 1.156929 1.846527 2.879118 4.385093 6.523430 9.477955 13.448066 18.632813 25.208037 33.297538 42.940804 54.061449 66.441789 79.709478 93.341508 106.688944 119.022688 129.596804 137.722217 142.840850 144.589137 142.840850 137.722217 129.596804 119.022688 106.688944 93.341508 79.709478 66.441789 54.061449 42.940804 33.297538 25.208037 18.632813 13.448066 9.477955 6.523430 4.385093 2.879118 1.846527 1.156929 0.708196 0.423582 0.247571 0.141412 0.078948 0.043083 0.022984 0.011988 0.006114 0.003049 0.001487 0.000710 0.000331 0.000151 0.000068 0.000030 0.000013 0.000005 0.000002 0.000001 0.000000 0.000000 0.000000 0.000000 0.000000 0.000000 0.000000 0.000000 0.000000 
0.000000 0.000000 0.000000 0.000000 0.000000 0.000000 0.000000 0.000000 0.000000 0.000000 0.000001 0.000003 0.000007 0.000016 0.000037 0.000084 0.000188 0.000412 0.000882 0.001847 0.003784 0.007582 0.014857 0.028466 0.053324 0.097656 0.174822 0.305893 0.523089 0.874120 1.427296 2.276996 3.548748 5.402736 8.034156 11.668586 16.550567 22.924037 31.004272 40.942533 52.786531 66.441789 81.640563 97.925561 114.654937 131.032688 146.164781 159.136758 169.104025 175.382638 177.527068 175.382638 169.104025 159.136758 146.164781 131.032688 114.654937 97.925561 81.640563 66.441789 52.786531 40.942533 31.004272 22.924037 16.550567 11.668586 8.034156 5.402736 3.548748 2.276996 1.427296 0.874120 0.523089 0.305893 0.174822 0.097656 0.053324 0.028466 0.014857 0.007582 0.003784 0.001847 0.000882 0.000412 0.000188 0.000084 0.000037 0.000016 0.000007 0.000003 0.000001 0.000000 0.000000 0.000000 0.000000 0.000000 0.000000 0.000000 0.000000 0.000000 
0.000000 0.000000 0.000000 0.000000 0.000000 0.000000 0.000000 0.000000 0.000000 0.000001 0.000001 0.000003 0.000008 0.000019 0.000045 0.000102 0.000228 0.000499 0.001069 0.002236 0.004579 0.009169 0.017955 0.034382 0.064373 0.117827 0.210824 0.368708 0.630210 1.052656 1.718080 2.739770 4.268336 6.495873 9.656355 14.020041 19.879752 27.527400 37.220368 49.139181 63.340208 79.709478 97.925561 117.440191 137.484343 157.104693 175.230829 190.768123 202.705736 210.225195 212.793376 210.225195 202.705736 190.768123 175.230829 157.104693 137.484343 117.440191 97.925561 79.709478 63.340208 49.139181 37.220368 27.527400 19.879752 14.020041 9.656355 6.495873 4.268336 2.739770 1.718080 1.052656 0.630210 0.368708 0.210824 0.117827 0.064373 0.034382 0.017955 0.009169 0.004579 0.002236 0.001069 0.000499 0.000228 0.000102 0.000045 0.000019 0.000008 0.000003 0.000001 0.000001 0.000000 0.000000 0.000000 0.000000 0.000000 0.000000 0.000000 0.000000 
