0.000000 0.000000 0.000000 0.000000 0.000000 0.000000 0.000000 0.000000 0.000000 0.000000 0.000000 0.000000 0.000000 0.000000 0.000000 0.000000 0.000000 0.000000 0.000000 0.000000 0.000000 0.000000 0.000000 0.000000 0.000000 0.000000 0.000000 0.000000 0.000000 0.000000 0.000000 0.000000 0.000000 0.000000 0.000000 0.000000 0.000000 0.000000 0.000000 0.000000 0.000000 0.000000 0.000000 0.000000 0.000000 0.000000 0.000000 0.000000 0.000000 0.000000 0.000000 0.000000 0.000000 0.000000 0.000000 0.000000 0.000000 0.000000 0.000000 0.000000 0.000000 0.000000 0.000000 0.000000 0.000000 0.000000 0.000000 0.000000 0.000000 0.000000 0.000000 0.000000 0.000000 0.000000 0.000000 0.000000 0.000000 0.000000 0.000000 0.000000 0.000000 0.000000 0.000000 0.000000 0.000000 0.000000 0.000000 0.000000 0.000000 0.000000 0.000000 0.000000 0.000000 0.000000 0.000000 0.000000 0.000000 0.000000 0.000000 0.000000 
0.000000 0.000000 0.000000 0.000000 0.000000 0.000000 0.000001 0.000001 0.000001 0.000002 0.000003 0.000004 0.000005 0.000007 0.000010 0.000014 0.000019 0.000025 0.000033 0.000043 0.000056 0.000073 0.000093 0.000118 0.000149 0.000186 0.000230 0.000282 0.000343 0.000413 0.000494 0.000585 0.000687 0.000800 0.000924 0.001057 0.001199 0.001349 0.001504 0.001662 0.001821 0.001978 0.002130 0.002274 0.002406 0.002525 0.002625 0.002707 0.002766 0.002803 0.002815 0.002803 0.002766 0.002707 0.002625 0.002525 0.002406 0.002274 0.002130 0.001978 0.001821 0.001662 0.001504 0.001349 0.001199 0.001057 0.000924 0.000800 0.000687 0.000585 0.000494 0.000413 0.000343 0.000282 0.000230 0.000186 0.000149 0.000118 0.000093 0.000073 0.000056 0.000043 0.000033 0.000025 0.000019 0.000014 0.000010 0.000007 0.000005 0.000004 0.000003 0.000002 0.000001 0.000001 0.000001 0.000000 0.000000 0.000000 0.000000 0.000000 
0.000000 0.000000 0.000000 0.000000 0.000001 0.000001 0.000001 0.000002 0.000003 0.000004 0.000006 0.000008 0.000012 0.000016 0.000022 0.000030 0.000040 0.000054 0.000071 0.000093 0.000122 0.000157 0.000201 0.000255 0.000321 0.000401 0.000496 0.000608 0.000739 0.000891 0.001065 0.001262 0.001482 0.001725 0.001991 0.002279 0.002585 0.002907 0.003241 0.003583 0.003925 0.004264 0.004591 0.004901 0.005186 0.005441 0.005658 0.005833 0.005961 0.006040 0.006066 0.006040 0.005961 0.005833 0.005658 0.005441 0.005186 0.004901 0.004591 0.004264 0.003925 0.003583 0.003241 0.002907 0.002585 0.002279 0.001991 0.001725 0.001482 0.001262 0.001065 0.000891 0.000739 0.000608 0.000496 0.000401 0.000321 0.000255 0.000201 0.000157 0.000122 0.000093 0.000071 0.000054 0.000040 0.000030 0.000022 0.000016 0.000012 0.000008 0.000006 0.000004 0.000003 0.000002 0.000001 0.000001 0.000001 0.000000 0.000000 0.000000 
0.000000 0.000000 0.000000 0.000001 0.000001 0.000002 0.000002 0.000003 0.000005 0.000007 0.000010 0.000014 0.000020 0.000027 0.000037 0.000050 0.000068 0.000091 0.000120 0.000158 0.000206 0.000266 0.000340 0.000431 0.000543 0.000677 0.000838 0.001028 0.001249 0.001506 0.001799 0.002131 0.002503 0.002914 0.003364 0.003849 0.004366 0.004910 0.005474 0.006050 0.006628 0.007199 0.007752 0.008275 0.008756 0.009186 0.009553 0.009848 0.010065 0.010197 0.010241 0.010197 0.010065 0.009848 0.009553 0.009186 0.008756 0.008275 0.007752 0.007199 0.006628 0.006050 0.005474 0.004910 0.004366 0.003849 0.003364 0.002914 0.002503 0.002131 0.001799 0.001506 0.001249 0.001028 0.000838 0.000677 0.000543 0.000431 0.000340 0.000266 0.000206 0.000158 0.000120 0.000091 0.000068 0.000050 0.000037 0.000027 0.000020 0.000014 0.000010 0.000007 0.000005 0.000003 0.000002 0.000002 0.000001 0.000001 0.000000 0.000000 
0.000000 0.000000 0.000001 0.000001 0.000002 0.000002 0.000004 0.000005 0.000008 0.000011 0.000016 0.000022 0.000030 0.000042 0.000058 0.000079 0.000106 0.000141 0.000187 0.000246 0.000321 0.000414 0.000530 0.000672 0.000846 0.001056 0.001305 0.001601 0.001946 0.002345 0.002802 0.003319 0.003897 0.004537 0.005237 0.005992 0.006796 0.007642 0.008520 0.009416 0.010316 0.011204 0.012064 0.012877 0.013626 0.014293 0.014864 0.015324 0.015661 0.015866 0.015935 0.015866 0.015661 0.015324 0.014864 0.014293 0.013626 0.012877 0.012064 0.011204 0.010316 0.009416 0.008520 0.007642 0.006796 0.005992 0.005237 0.004537 0.003897 0.003319 0.002802 0.002345 0.001946 0.001601 0.001305 0.001056 0.000846 0.000672 0.000530 0.000414 0.000321 0.000246 0.000187 0.000141 0.000106 0.000079 0.000058 0.000042 0.000030 0.000022 0.000016 0.000011 0.000008 0.000005 0.000004 0.000002 0.000002 0.000001 0.000000 0.000000 
0.000000 0.000000 0.000001 0.000002 0.000002 0.000004 0.000005 0.000008 0.000012 0.000017 0.000023 0.000033 0.000046 0.000063 0.000087 0.000118 0.000159 0.000213 0.000282 0.000370 0.000482 0.000622 0.000797 0.001011 0.001272 0.001586 0.001962 0.002405 0.002923 0.003523 0.004209 0.004985 0.005853 0.006813 0.007863 0.008996 0.010203 0.011473 0.012789 0.014133 0.015483 0.016816 0.018105 0.019325 0.020448 0.021450 0.022305 0.022995 0.023500 0.023808 0.023912 0.023808 0.023500 0.022995 0.022305 0.021450 0.020448 0.019325 0.018105 0.016816 0.015483 0.014133 0.012789 0.011473 0.010203 0.008996 0.007863 0.006813 0.005853 0.004985 0.004209 0.003523 0.002923 0.002405 0.001962 0.001586 0.001272 0.001011 0.000797 0.000622 0.000482 0.000370 0.000282 0.000213 0.000159 0.000118 0.000087 0.000063 0.000046 0.000033 0.000023 0.000016 0.000012 0.000008 0.000005 0.000004 0.000002 0.000001 0.000001 0.000000 
0.000000 0.000001 0.000001 0.000002 0.000004 0.000005 0.000008 0.000012 0.000017 0.000024 0.000035 0.000049 0.000068 0.000094 0.000128 0.000174 0.000235 0.000314 0.000416 0.000546 0.000711 0.000918 0.001174 0.001490 0.001874 0.002338 0.002890 0.003543 0.004306 0.005189 0.006198 0.007340 0.008618 0.010031 0.011575 0.013242 0.015019 0.016886 0.018822 0.020799 0.022785 0.024745 0.026641 0.028435 0.030087 0.031559 0.032818 0.033831 0.034574 0.035028 0.035180 0.035028 0.034574 0.033831 0.032818 0.031559 0.030087 0.028435 0.026641 0.024745 0.022785 0.020799 0.018822 0.016886 0.015019 0.013242 0.011575 0.010031 0.008618 0.007340 0.006198 0.005189 0.004306 0.003543 0.002890 0.002338 0.001874 0.001490 0.001174 0.000918 0.000711 0.000546 0.000416 0.000314 0.000235 0.000174 0.000128 0.000094 0.000068 0.000049 0.000035 0.000024 0.000017 0.000012 0.000008 0.000005 0.000003 0.000002 0.000001 0.000000 
0.000000 0.000001 0.000002 0.000003 0.000005 0.000008 0.000012 0.000017 0.000025 0.000036 0.000050 0.000071 0.000099 0.000137 0.000187 0.000254 0.000342 0.000457 0.000605 0.000795 0.001035 0.001335 0.001709 0.002167 0.002726 0.003400 0.004203 0.005152 0.006261 0.007543 0.009009 0.010668 0.012524 0.014576 0.016819 0.019239 0.021818 0.024530 0.027340 0.030210 0.033093 0.035937 0.038690 0.041293 0.043690 0.045828 0.047654 0.049124 0.050203 0.050861 0.051082 0.050861 0.050203 0.049124 0.047654 0.045828 0.043690 0.041293 0.038690 0.035937 0.033093 0.030210 0.027340 0.024530 0.021818 0.019239 0.016819 0.014576 0.012524 0.010668 0.009009 0.007543 0.006261 0.005152 0.004203 0.003400 0.002726 0.002167 0.001709 0.001335 0.001035 0.000795 0.000605 0.000457 0.000342 0.000254 0.000187 0.000137 0.000099 0.000071 0.000050 0.000036 0.000025 0.000017 0.000012 0.000008 0.000005 0.000003 0.000001 0.000000 
0.000000 0.000001 0.000003 0.000005 0.000008 0.000012 0.000017 0.000025 0.000036 0.000051 0.000073 0.000102 0.000142 0.000197 0.000270 0.000366 0.000493 0.000659 0.000872 0.001145 0.001490 0.001923 0.002460 0.003121 0.003924 0.004893 0.006049 0.007413 0.009008 0.010851 0.012959 0.015344 0.018012 0.020962 0.024185 0.027663 0.031369 0.035265 0.039303 0.043426 0.047567 0.051653 0.055607 0.059346 0.062789 0.065859 0.068482 0.070594 0.072143 0.073088 0.073406 0.073088 0.072143 0.070594 0.068482 0.065859 0.062789 0.059346 0.055607 0.051653 0.047567 0.043426 0.039303 0.035265 0.031369 0.027663 0.024185 0.020962 0.018012 0.015344 0.012959 0.010851 0.009008 0.007413 0.006049 0.004893 0.003924 0.003121 0.002460 0.001923 0.001490 0.001145 0.000872 0.000659 0.000493 0.000366 0.000270 0.000197 0.000142 0.000102 0.000073 0.000051 0.000036 0.000025 0.000017 0.000011 0.000007 0.000004 0.000002 0.000000 
0.000000 0.000002 0.000004 0.000007 0.000011 0.000017 0.000024 0.000036 0.000051 0.000073 0.000104 0.000146 0.000204 0.000281 0.000385 0.000523 0.000705 0.000941 0.001245 0.001634 0.002127 0.002744 0.003510 0.004451 0.005597 0.006978 0.008625 0.010569 0.012841 0.015467 0.018471 0.021868 0.025667 0.029868 0.034457 0.039410 0.044686 0.050233 0.055981 0.061849 0.067744 0.073560 0.079186 0.084508 0.089409 0.093777 0.097510 0.100515 0.102719 0.104064 0.104516 0.104064 0.102719 0.100515 0.097510 0.093777 0.089409 0.084508 0.079186 0.073560 0.067744 0.061849 0.055981 0.050233 0.044686 0.039410 0.034457 0.029868 0.025667 0.021868 0.018471 0.015467 0.012841 0.010569 0.008625 0.006978 0.005597 0.004451 0.003510 0.002744 0.002127 0.001634 0.001245 0.000941 0.000705 0.000523 0.000385 0.000281 0.000204 0.000146 0.000104 0.000073 0.000051 0.000035 0.000024 0.000016 0.000010 0.000006 0.000003 0.000000 
0.000000 0.000003 0.000006 0.000010 0.000016 0.000023 0.000035 0.000050 0.000073 0.000104 0.000147 0.000207 0.000288 0.000398 0.000546 0.000741 0.000997 0.001331 0.001762 0.002312 0.003008 0.003881 0.004964 0.006294 0.007914 0.009865 0.012191 0.014938 0.018146 0.021855 0.026096 0.030893 0.036257 0.042187 0.048665 0.055655 0.063102 0.070929 0.079041 0.087322 0.095639 0.103845 0.111783 0.119291 0.126205 0.132367 0.137633 0.141872 0.144981 0.146878 0.147516 0.146878 0.144981 0.141872 0.137633 0.132367 0.126205 0.119291 0.111783 0.103845 0.095639 0.087322 0.079041 0.070929 0.063102 0.055655 0.048665 0.042187 0.036257 0.030893 0.026096 0.021855 0.018146 0.014938 0.012191 0.009865 0.007914 0.006294 0.004964 0.003881 0.003008 0.002312 0.001762 0.001331 0.000997 0.000741 0.000546 0.000398 0.000288 0.000207 0.000147 0.000104 0.000073 0.000050 0.000034 0.000023 0.000015 0.000009 0.000004 0.000000 
0.000000 0.000004 0.000008 0.000014 0.000022 0.000033 0.000049 0.000071 0.000102 0.000146 0.000207 0.000291 0.000405 0.000559 0.000766 0.001040 0.001400 0.001868 0.002472 0.003243 0.004219 0.005442 0.006959 0.008824 0.011093 0.013826 0.017085 0.020931 0.025425 0.030618 0.036555 0.043270 0.050779 0.059079 0.068146 0.077929 0.088349 0.099301 0.110651 0.122236 0.133872 0.145352 0.156457 0.166959 0.176629 0.185249 0.192614 0.198544 0.202892 0.205546 0.206438 0.205546 0.202892 0.198544 0.192614 0.185249 0.176629 0.166959 0.156457 0.145352 0.133872 0.122236 0.110651 0.099301 0.088349 0.077929 0.068146 0.059079 0.050779 0.043270 0.036555 0.030618 0.025425 0.020931 0.017085 0.013826 0.011093 0.008824 0.006959 0.005442 0.004219 0.003243 0.002472 0.001868 0.001400 0.001040 0.000766 0.000559 0.000405 0.000291 0.000207 0.000146 0.000102 0.000071 0.000048 0.000032 0.000021 0.000012 0.000006 0.000000 
0.000000 0.000005 0.000012 0.000020 0.000030 0.000046 0.000068 0.000099 0.000142 0.000204 0.000288 0.000405 0.000564 0.000779 0.001066 0.001447 0.001947 0.002599 0.003438 0.004511 0.005867 0.007567 0.009675 0.012266 0.015418 0.019214 0.023740 0.029082 0.035321 0.042531 0.050774 0.060096 0.070518 0.082038 0.094621 0.108195 0.122655 0.137851 0.153597 0.169670 0.185811 0.201736 0.217140 0.231706 0.245120 0.257075 0.267290 0.275514 0.281544 0.285225 0.286462 0.285225 0.281544 0.275514 0.267290 0.257075 0.245120 0.231706 0.217140 0.201736 0.185811 0.169670 0.153597 0.137851 0.122655 0.108195 0.094621 0.082038 0.070518 0.060096 0.050774 0.042531 0.035321 0.029082 0.023740 0.019214 0.015418 0.012266 0.009675 0.007567 0.005867 0.004511 0.003438 0.002599 0.001947 0.001447 0.001066 0.000779 0.000564 0.000405 0.000288 0.000203 0.000142 0.000098 0.000067 0.000045 0.000029 0.000017 0.000008 0.000000 
0.000000 0.000007 0.000016 0.000027 0.000042 0.000063 0.000094 0.000137 0.000197 0.000281 0.000398 0.000559 0.000779 0.001075 0.001471 0.001997 0.002687 0.003585 0.004743 0.006221 0.008090 0.010432 0.013338 0.016907 0.021249 0.026477 0.032711 0.040067 0.048657 0.058583 0.069931 0.082762 0.097107 0.112961 0.130276 0.148956 0.168851 0.189758 0.211422 0.233532 0.255737 0.277642 0.298830 0.318865 0.337314 0.353757 0.367805 0.379117 0.387409 0.392471 0.394173 0.392471 0.387409 0.379117 0.367805 0.353757 0.337314 0.318865 0.298830 0.277642 0.255737 0.233532 0.211422 0.189758 0.168851 0.148956 0.130276 0.112961 0.097107 0.082762 0.069931 0.058583 0.048657 0.040067 0.032711 0.026477 0.021249 0.016907 0.013338 0.010432 0.008090 0.006221 0.004743 0.003585 0.002687 0.001997 0.001471 0.001075 0.000779 0.000559 0.000398 0.000281 0.000197 0.000136 0.000093 0.000062 0.000040 0.000024 0.000011 0.000000 
0.000000 0.000010 0.000022 0.000037 0.000058 0.000087 0.000128 0.000187 0.000270 0.000385 0.000546 0.000766 0.001066 0.001471 0.002013 0.002732 0.003676 0.004904 0.006486 0.008507 0.011062 0.014262 0.018231 0.023107 0.029038 0.036179 0.044692 0.054736 0.066464 0.080016 0.095506 0.113019 0.132597 0.154234 0.177862 0.203350 0.230495 0.259020 0.288574 0.318737 0.349025 0.378906 0.407805 0.435132 0.460294 0.482719 0.501879 0.517305 0.528614 0.535518 0.537839 0.535518 0.528614 0.517305 0.501879 0.482719 0.460294 0.435132 0.407805 0.378906 0.349025 0.318737 0.288574 0.259020 0.230495 0.203350 0.177862 0.154234 0.132597 0.113019 0.095506 0.080016 0.066464 0.054736 0.044692 0.036179 0.029038 0.023107 0.018231 0.014262 0.011062 0.008507 0.006486 0.004904 0.003676 0.002732 0.002013 0.001471 0.001066 0.000766 0.000545 0.000385 0.000269 0.000186 0.000127 0.000085 0.000055 0.000033 0.000015 0.000000 
0.000000 0.000014 0.000030 0.000050 0.000079 0.000118 0.000174 0.000254 0.000366 0.000523 0.000741 0.001040 0.001447 0.001997 0.002732 0.003707 0.004986 0.006651 0.008796 0.011534 0.014997 0.019333 0.024711 0.031316 0.039348 0.049019 0.060547 0.074146 0.090025 0.108370 0.129338 0.153041 0.179538 0.208818 0.240790 0.275278 0.312004 0.350595 0.390576 0.431378 0.472349 0.512765 0.551854 0.588814 0.622844 0.653173 0.679085 0.699947 0.715241 0.724577 0.727716 0.724577 0.715241 0.699947 0.679085 0.653173 0.622844 0.588814 0.551854 0.512765 0.472349 0.431378 0.390576 0.350595 0.312004 0.275278 0.240790 0.208818 0.179538 0.153041 0.129338 0.108370 0.090025 0.074146 0.060547 0.049019 0.039348 0.031316 0.024711 0.019333 0.014997 0.011534 0.008796 0.006651 0.004986 0.003707 0.002732 0.001997 0.001447 0.001040 0.000740 0.000523 0.000366 0.000253 0.000173 0.000116 0.000075 0.000044 0.000021 0.000000 
0.000000 0.000019 0.000040 0.000068 0.000106 0.000159 0.000235 0.000342 0.000493 0.000705 0.000997 0.001400 0.001947 0.002687 0.003676 0.004986 0.006707 0.008944 0.011828 0.015508 0.020160 0.025986 0.033210 0.042082 0.052870 0.065857 0.081336 0.099595 0.120912 0.145537 0.173681 0.205494 0.241052 0.280343 0.323245 0.369516 0.418790 0.470561 0.524194 0.578927 0.633883 0.688093 0.740519 0.790089 0.835729 0.876404 0.911152 0.939130 0.959640 0.972160 0.976369 0.972160 0.959640 0.939130 0.911152 0.876404 0.835729 0.790089 0.740519 0.688093 0.633883 0.578927 0.524194 0.470561 0.418790 0.369516 0.323245 0.280343 0.241052 0.205494 0.173681 0.145537 0.120912 0.099595 0.081336 0.065857 0.052870 0.042082 0.033210 0.025986 0.020160 0.015508 0.011828 0.008944 0.006707 0.004986 0.003676 0.002687 0.001947 0.001399 0.000997 0.000704 0.000492 0.000341 0.000233 0.000156 0.000101 0.000060 0.000028 0.000000 
0.000000 0.000025 0.000054 0.000091 0.000141 0.000213 0.000314 0.000457 0.000659 0.000941 0.001331 0.001868 0.002599 0.003585 0.004904 0.006651 0.008944 0.011927 0.015770 0.020673 0.026872 0.034633 0.044256 0.056072 0.070439 0.087733 0.108342 0.132651 0.161028 0.193806 0.231264 0.273601 0.320921 0.373202 0.430285 0.491847 0.557399 0.626270 0.697614 0.770417 0.843513 0.915614 0.985340 1.051265 1.111962 1.166054 1.212265 1.249470 1.276743 1.293393 1.298991 1.293393 1.276743 1.249470 1.212265 1.166054 1.111962 1.051265 0.985340 0.915614 0.843513 0.770417 0.697614 0.626270 0.557399 0.491847 0.430285 0.373202 0.320921 0.273601 0.231264 0.193806 0.161028 0.132651 0.108342 0.087733 0.070439 0.056072 0.044256 0.034633 0.026872 0.020673 0.015770 0.011927 0.008944 0.006651 0.004904 0.003585 0.002599 0.001868 0.001331 0.000940 0.000658 0.000455 0.000311 0.000208 0.000134 0.000080 0.000037 0.000000 
0.000000 0.000033 0.000071 0.000120 0.000187 0.000282 0.000416 0.000605 0.000872 0.001245 0.001762 0.002472 0.003438 0.004743 0.006486 0.008796 0.011828 0.015770 0.020847 0.027326 0.035516 0.045768 0.058478 0.074083 0.093054 0.115889 0.143097 0.175188 0.212645 0.255908 0.305343 0.361214 0.423655 0.492638 0.567950 0.649168 0.735643 0.826493 0.920599 1.016625 1.113034 1.208126 1.300083 1.387024 1.467068 1.538399 1.599336 1.648398 1.684362 1.706316 1.713698 1.706316 1.684362 1.648398 1.599336 1.538399 1.467068 1.387024 1.300083 1.208126 1.113034 1.016625 0.920599 0.826493 0.735643 0.649168 0.567950 0.492638 0.423655 0.361214 0.305343 0.255908 0.212645 0.175188 0.143097 0.115889 0.093054 0.074083 0.058478 0.045768 0.035516 0.027326 0.020847 0.015769 0.011828 0.008796 0.006486 0.004743 0.003438 0.002471 0.001761 0.001244 0.000871 0.000603 0.000412 0.000276 0.000178 0.000106 0.000049 0.000000 
0.000000 0.000043 0.000093 0.000158 0.000246 0.000370 0.000546 0.000795 0.001145 0.001634 0.002312 0.003243 0.004511 0.006221 0.008507 0.011534 0.015508 0.020673 0.027326 0.035815 0.046543 0.059971 0.076617 0.097052 0.121892 0.151788 0.187407 0.229413 0.278440 0.335060 0.399753 0.472863 0.554563 0.644817 0.743345 0.849594 0.962712 1.081546 1.204635 1.330227 1.456315 1.580676 1.700933 1.814627 1.919298 2.012574 2.092256 2.156409 2.203435 2.232142 2.241793 2.232142 2.203435 2.156409 2.092256 2.012574 1.919298 1.814627 1.700933 1.580676 1.456315 1.330227 1.204635 1.081546 0.962712 0.849594 0.743345 0.644817 0.554563 0.472863 0.399753 0.335060 0.278440 0.229413 0.187407 0.151788 0.121892 0.097052 0.076617 0.059971 0.046543 0.035815 0.027326 0.020673 0.015508 0.011534 0.008507 0.006221 0.004511 0.003243 0.002311 0.001633 0.001143 0.000792 0.000541 0.000362 0.000234 0.000139 0.000065 0.000000 
0.000000 0.000056 0.000122 0.000206 0.000321 0.000482 0.000711 0.001035 0.001490 0.002127 0.003008 0.004219 0.005867 0.008090 0.011062 0.014997 0.020160 0.026872 0.035516 0.046543 0.060477 0.077916 0.099532 0.126066 0.158317 0.197127 0.243363 0.297884 0.361512 0.434991 0.518937 0.613799 0.719798 0.836888 0.964704 1.102527 1.249253 1.403384 1.563026 1.725908 1.889426 2.050697 2.206641 2.354070 2.489795 2.610742 2.714061 2.797242 2.858215 2.895436 2.907950 2.895436 2.858215 2.797242 2.714061 2.610742 2.489795 2.354070 2.206641 2.050697 1.889426 1.725908 1.563026 1.403384 1.249253 1.102527 0.964704 0.836888 0.719798 0.613799 0.518937 0.434991 0.361512 0.297884 0.243363 0.197127 0.158317 0.126066 0.099532 0.077916 0.060477 0.046543 0.035516 0.026872 0.020160 0.014997 0.011062 0.008090 0.005867 0.004219 0.003007 0.002125 0.001488 0.001030 0.000704 0.000472 0.000305 0.000181 0.000084 0.000000 
0.000000 0.000073 0.000157 0.000266 0.000414 0.000622 0.000918 0.001335 0.001923 0.002744 0.003881 0.005442 0.007567 0.010432 0.014262 0.019333 0.025986 0.034633 0.045768 0.059971 0.077916 0.100373 0.128206 0.162368 0.203886 0.253843 0.313353 0.383521 0.465403 0.559953 0.667965 0.790012 0.926379 1.077005 1.241417 1.418691 1.607407 1.805637 2.010944 2.220409 2.430683 2.638060 2.838580 3.028146 3.202659 3.358166 3.491006 3.597952 3.676345 3.724199 3.740289 3.724199 3.676345 3.597952 3.491006 3.358166 3.202659 3.028146 2.838580 2.638060 2.430683 2.220409 2.010944 1.805637 1.607407 1.418691 1.241417 1.077005 0.926379 0.790012 0.667965 0.559953 0.465403 0.383521 0.313353 0.253843 0.203886 0.162368 0.128206 0.100373 0.077916 0.059971 0.045768 0.034633 0.025986 0.019333 0.014262 0.010432 0.007566 0.005441 0.003879 0.002742 0.001919 0.001330 0.000909 0.000609 0.000393 0.000234 0.000109 0.000000 
0.000000 0.000093 0.000201 0.000340 0.000530 0.000797 0.001174 0.001709 0.002460 0.003510 0.004964 0.006959 0.009675 0.013338 0.018231 0.024711 0.033210 0.044256 0.058478 0.076617 0.099532 0.128206 0.163741 0.207351 0.260347 0.324109 0.400057 0.489600 0.594082 0.714719 0.852522 1.008220 1.182175 1.374306 1.584011 1.810107 2.050784 2.303581 2.565391 2.832492 3.100615 3.365034 3.620702 3.862396 4.084892 4.283152 4.452510 4.588855 4.688796 4.749803 4.770315 4.749803 4.688796 4.588855 4.452510 4.283152 4.084892 3.862396 3.620702 3.365034 3.100615 2.832492 2.565391 2.303581 2.050784 1.810107 1.584011 1.374306 1.182175 1.008220 0.852522 0.714719 0.594082 0.489600 0.400057 0.324109 0.260347 0.207351 0.163741 0.128206 0.099532 0.076617 0.058478 0.044256 0.033210 0.024711 0.018231 0.013337 0.009675 0.006958 0.004962 0.003507 0.002456 0.001702 0.001163 0.000779 0.000503 0.000299 0.000139 0.000000 
0.000000 0.000118 0.000255 0.000431 0.000672 0.001011 0.001490 0.002167 0.003121 0.004451 0.006294 0.008824 0.012266 0.016907 0.023107 0.031316 0.042082 0.056072 0.074083 0.097052 0.126066 0.162368 0.207351 0.262551 0.329625 0.410319 0.506425 0.619725 0.751919 0.904540 1.078867 1.275816 1.495847 1.738852 2.004069 2.290000 2.594355 2.914022 3.245070 3.582796 3.921800 4.256111 4.579346 4.884906 5.166189 5.416827 5.630924 5.803284 5.929622 6.006744 6.032673 6.006744 5.929622 5.803284 5.630924 5.416827 5.166189 4.884906 4.579346 4.256111 3.921800 3.582796 3.245070 2.914022 2.594355 2.290000 2.004069 1.738852 1.495847 1.275816 1.078867 0.904540 0.751919 0.619725 0.506425 0.410319 0.329625 0.262551 0.207351 0.162368 0.126066 0.097052 0.074083 0.056072 0.042082 0.031315 0.023107 0.016907 0.012265 0.008823 0.006292 0.004448 0.003115 0.002159 0.001476 0.000989 0.000639 0.000380 0.000177 0.000000 
0.000000 0.000149 0.000321 0.000543 0.000846 0.001272 0.001874 0.002726 0.003924 0.005597 0.007914 0.011093 0.015418 0.021249 0.029038 0.039348 0.052870 0.070439 0.093054 0.121892 0.158317 0.203886 0.260347 0.329625 0.413797 0.515053 0.635640 0.777788 0.943628 1.135080 1.353745 1.600771 1.876729 2.181483 2.514074 2.872622 3.254254 3.655067 4.070134 4.493555 4.918563 5.337674 5.742888 6.125933 6.478537 6.792719 7.061091 7.277143 7.435506 7.532176 7.564678 7.532176 7.435506 7.277143 7.061091 6.792719 6.478537 6.125933 5.742888 5.337674 4.918563 4.493555 4.070134 3.655067 3.254254 2.872622 2.514074 2.181483 1.876729 1.600771 1.353745 1.135080 0.943628 0.777788 0.635640 0.515053 0.413797 0.329625 0.260347 0.203886 0.158317 0.121892 0.093054 0.070439 0.052870 0.039348 0.029037 0.021248 0.015417 0.011091 0.007911 0.005593 0.003917 0.002715 0.001857 0.001244 0.000804 0.000478 0.000222 0.000000 
0.000000 0.000186 0.000401 0.000677 0.001056 0.001586 0.002338 0.003400 0.004893 0.006978 0.009865 0.013826 0.019214 0.026477 0.036179 0.049019 0.065857 0.087733 0.115889 0.151788 0.197127 0.253843 0.324109 0.410319 0.515053 0.641035 0.791054 0.967886 1.174173 1.412305 1.684264 1.991478 2.334652 2.713615 3.127171 3.572979 4.047468 4.545781 5.061795 5.588174 6.116507 6.637493 7.141189 7.617317 8.055596 8.446111 8.779680 9.048215 9.245046 9.365196 9.405593 9.365196 9.245046 9.048215 8.779680 8.446111 8.055596 7.617317 7.141189 6.637493 6.116507 5.588174 5.061795 4.545781 4.047468 3.572979 3.127171 2.713615 2.334652 1.991478 1.684264 1.412305 1.174173 0.967886 0.791054 0.641035 0.515053 0.410319 0.324109 0.253843 0.197127 0.151788 0.115889 0.087733 0.065857 0.049019 0.036178 0.026477 0.019213 0.013824 0.009861 0.006973 0.004884 0.003386 0.002315 0.001552 0.001002 0.000596 0.000277 0.000000 
0.000000 0.000230 0.000496 0.000838 0.001305 0.001962 0.002890 0.004203 0.006049 0.008625 0.012191 0.017085 0.023740 0.032711 0.044692 0.060547 0.081336 0.108342 0.143097 0.187407 0.243363 0.313353 0.400057 0.506425 0.635640 0.791054 0.976110 1.194222 1.448649 1.742332 2.077712 2.456545 2.879696 3.346950 3.856831 4.406451 4.991400 5.605696 6.241785 6.890629 7.541859 8.184013 8.804839 9.391672 9.931844 10.413138 10.824243 11.155192 11.397770 11.545844 11.595629 11.545844 11.397770 11.155192 10.824243 10.413138 9.931844 9.391672 8.804839 8.184013 7.541859 6.890629 6.241785 5.605696 4.991400 4.406451 3.856831 3.346950 2.879696 2.456545 2.077712 1.742332 1.448649 1.194222 0.976110 0.791054 0.635640 0.506425 0.400057 0.313353 0.243363 0.187407 0.143097 0.108342 0.081335 0.060546 0.044691 0.032710 0.023739 0.017082 0.012187 0.008618 0.006038 0.004186 0.002863 0.001919 0.001240 0.000737 0.000343 0.000000 
0.000000 0.000282 0.000608 0.001028 0.001601 0.002405 0.003543 0.005152 0.007413 0.010569 0.014938 0.020931 0.029082 0.040067 0.054736 0.074146 0.099595 0.132651 0.175188 0.229413 0.297884 0.383521 0.489600 0.619725 0.777788 0.967886 1.194222 1.460971 1.772111 2.131234 2.541320 3.004511 3.521860 4.093100 4.716421 5.388290 6.103317 6.854185 7.631661 8.424699 9.220627 10.005440 10.764167 11.481332 12.141460 12.729625 13.232007 13.636433 13.932864 14.113810 14.174647 14.113810 13.932864 13.636433 13.232007 12.729625 12.141460 11.481332 10.764167 10.005440 9.220627 8.424699 7.631661 6.854185 6.103317 5.388290 4.716421 4.093100 3.521860 3.004511 2.541320 2.131234 1.772111 1.460971 1.194222 0.967886 0.777788 0.619725 0.489600 0.383521 0.297884 0.229413 0.175188 0.132650 0.099595 0.074146 0.054735 0.040065 0.029080 0.020928 0.014933 0.010561 0.007400 0.005130 0.003510 0.002353 0.001520 0.000904 0.000421 0.000000 
0.000000 0.000343 0.000739 0.001249 0.001946 0.002923 0.004306 0.006261 0.009008 0.012841 0.018146 0.025425 0.035321 0.048657 0.066464 0.090025 0.120912 0.161028 0.212645 0.278440 0.361512 0.465403 0.594082 0.751919 0.943628 1.174173 1.448649 1.772111 2.149379 2.584798 3.081981 3.643514 4.270671 4.963121 5.718668 6.533025 7.399655 8.309689 9.251938 10.213014 11.177563 12.128613 13.048031 13.917064 14.716965 15.429654 16.038391 16.528428 16.887607 17.106854 17.180567 17.106854 16.887607 16.528428 16.038391 15.429654 14.716965 13.917064 13.048031 12.128613 11.177563 10.213014 9.251938 8.309689 7.399655 6.533025 5.718668 4.963121 4.270671 3.643514 3.081981 2.584798 2.149379 1.772111 1.448649 1.174173 0.943628 0.751919 0.594082 0.465403 0.361512 0.278439 0.212645 0.161027 0.120912 0.090025 0.066463 0.048656 0.035319 0.025421 0.018140 0.012831 0.008991 0.006235 0.004265 0.002860 0.001848 0.001099 0.000511 0.000000 
0.000000 0.000413 0.000891 0.001506 0.002345 0.003523 0.005189 0.007543 0.010851 0.015467 0.021855 0.030618 0.042531 0.058583 0.080016 0.108370 0.145537 0.193806 0.255908 0.335060 0.434991 0.559953 0.714719 0.904540 1.135080 1.412305 1.742332 2.131234 2.584798 3.108245 3.705907 4.380888 5.134713 5.966978 6.875039 7.853738 8.895218 9.988817 11.121090 12.275949 13.434947 14.577694 15.682405 16.726556 17.687626 18.543898 19.275264 19.864013 20.295539 20.558947 20.647508 20.558947 20.295539 19.864013 19.275264 18.543898 17.687626 16.726556 15.682405 14.577694 13.434947 12.275949 11.121090 9.988817 8.895218 7.853738 6.875039 5.966978 5.134713 4.380888 3.705907 3.108245 2.584798 2.131234 1.742332 1.412305 1.135080 0.904540 0.714719 0.559953 0.434991 0.335060 0.255908 0.193806 0.145537 0.108370 0.080015 0.058582 0.042528 0.030613 0.021847 0.015455 0.010831 0.007511 0.005139 0.003446 0.002227 0.001325 0.000616 0.000000 
0.000000 0.000494 0.001065 0.001799 0.002802 0.004209 0.006198 0.009009 0.012959 0.018471 0.026096 0.036555 0.050774 0.069931 0.095506 0.129338 0.173681 0.231264 0.305343 0.399753 0.518937 0.667965 0.852522 1.078867 1.353745 1.684264 2.077712 2.541320 3.081981 3.705907 4.418256 5.222720 6.121109 7.112935 8.195040 9.361276 10.602273 11.905328 13.254418 14.630377 16.011228 17.372684 18.688792 19.932726 21.077662 22.097735 22.968997 23.670355 24.184414 24.498200 24.603698 24.498200 24.184414 23.670355 22.968997 22.097735 21.077662 19.932726 18.688792 17.372684 16.011228 14.630377 13.254418 11.905328 10.602273 9.361276 8.195040 7.112935 6.121109 5.222720 4.418256 3.705907 3.081981 2.541320 2.077712 1.684264 1.353745 1.078867 0.852522 0.667965 0.518937 0.399753 0.305343 0.231263 0.173680 0.129337 0.095505 0.069929 0.050771 0.036550 0.026087 0.018456 0.012936 0.008972 0.006139 0.004117 0.002661 0.001583 0.000737 0.000000 
0.000000 0.000585 0.001262 0.002131 0.003319 0.004985 0.007340 0.010668 0.015344 0.021868 0.030893 0.043270 0.060096 0.082762 0.113019 0.153041 0.205494 0.273601 0.361214 0.472863 0.613799 0.790012 1.008220 1.275816 1.600771 1.991478 2.456545 3.004511 3.643514 4.380888 5.222720 6.173365 7.234952 8.406898 9.685465 11.063382 12.529578 14.069040 15.662838 17.288331 18.919560 20.527836 22.082511 23.551898 24.904323 26.109238 27.138365 27.966794 28.573986 28.944618 29.069229 28.944618 28.573986 27.966794 27.138365 26.109238 24.904323 23.551898 22.082511 20.527836 18.919560 17.288331 15.662838 14.069040 12.529578 11.063382 9.685465 8.406898 7.234952 6.173365 5.222720 4.380888 3.643514 3.004511 2.456545 1.991478 1.600771 1.275816 1.008220 0.790012 0.613798 0.472863 0.361214 0.273601 0.205493 0.153040 0.113017 0.082759 0.060092 0.043264 0.030882 0.021850 0.015316 0.010624 0.007270 0.004876 0.003151 0.001875 0.000873 0.000000 
0.000000 0.000687 0.001482 0.002503 0.003897 0.005853 0.008618 0.012524 0.018012 0.025667 0.036257 0.050779 0.070518 0.097107 0.132597 0.179538 0.241052 0.320921 0.423655 0.554563 0.719798 0.926379 1.182175 1.495847 1.876729 2.334652 2.879696 3.521860 4.270671 5.134713 6.121109 7.234952 8.478727 9.851744 11.349616 12.963820 14.681380 16.484708 18.351629 20.255624 22.166288 24.050024 25.870939 27.591930 29.175905 30.587095 31.792390 32.762621 33.473741 33.907809 34.053747 33.907809 33.473741 32.762621 31.792390 30.587095 29.175905 27.591930 25.870939 24.050024 22.166288 20.255624 18.351629 16.484708 14.681380 12.963820 11.349616 9.851744 8.478727 7.234952 6.121109 5.134713 4.270671 3.521860 2.879696 2.334652 1.876729 1.495847 1.182175 0.926379 0.719798 0.554563 0.423655 0.320921 0.241052 0.179537 0.132595 0.097104 0.070513 0.050771 0.036244 0.025647 0.017979 0.012472 0.008536 0.005725 0.003700 0.002202 0.001025 0.000000 
0.000000 0.000800 0.001725 0.002914 0.004537 0.006813 0.010031 0.014576 0.020962 0.029868 0.042187 0.059079 0.082038 0.112961 0.154234 0.208818 0.280343 0.373202 0.492638 0.644817 0.836888 1.077005 1.374306 1.738852 2.181483 2.713615 3.346950 4.093100 4.963121 5.966978 7.112935 8.406898 9.851744 11.446663 13.186550 15.061499 17.056434 19.150924 21.319212 23.530500 25.749480 27.937139 30.051800 32.050381 33.889818 35.528582 36.928231 38.054904 38.880680 39.384732 39.554199 39.384732 38.880680 38.054904 36.928231 35.528582 33.889818 32.050381 30.051800 27.937139 25.749480 23.530500 21.319212 19.150924 17.056434 15.061499 13.186550 11.446663 9.851744 8.406898 7.112935 5.966978 4.963121 4.093100 3.346950 2.713615 2.181483 1.738852 1.374306 1.077005 0.836888 0.644817 0.492638 0.373202 0.280342 0.208816 0.154232 0.112958 0.082032 0.059070 0.042172 0.029844 0.020924 0.014516 0.009936 0.006665 0.004308 0.002563 0.001193 0.000000 
0.000000 0.000924 0.001991 0.003364 0.005237 0.007863 0.011575 0.016819 0.024185 0.034457 0.048665 0.068146 0.094621 0.130276 0.177862 0.240790 0.323245 0.430285 0.567950 0.743345 0.964704 1.241417 1.584011 2.004069 2.514074 3.127171 3.856831 4.716421 5.718668 6.875039 8.195040 9.685465 11.349616 13.186550 15.190380 17.349689 19.647109 22.059109 24.556029 27.102402 29.657574 32.176627 34.611579 36.912832 39.030808 40.917700 42.529256 43.826496 44.777280 45.357635 45.552756 45.357635 44.777280 43.826496 42.529256 40.917700 39.030808 36.912832 34.611579 32.176627 29.657574 27.102402 24.556029 22.059109 19.647109 17.349689 15.190380 13.186550 11.349616 9.685465 8.195040 6.875039 5.718668 4.716421 3.856831 3.127170 2.514074 2.004069 1.584011 1.241417 0.964704 0.743345 0.567950 0.430284 0.323244 0.240789 0.177860 0.130272 0.094614 0.068135 0.048648 0.034430 0.024141 0.016749 0.011465 0.007691 0.004972 0.002959 0.001377 0.000000 
0.000000 0.001057 0.002279 0.003849 0.005992 0.008996 0.013242 0.019239 0.027663 0.039410 0.055655 0.077929 0.108195 0.148956 0.203350 0.275278 0.369516 0.491847 0.649168 0.849594 1.102527 1.418691 1.810107 2.290000 2.872622 3.572979 4.406451 5.388290 6.533025 7.853738 9.361276 11.063382 12.963820 15.061499 17.349689 19.815344 22.438630 25.192671 28.043602 30.950929 33.868241 36.744259 39.524209 42.151475 44.569467 46.723617 48.563414 50.044368 51.129795 51.792333 52.015083 51.792333 51.129795 50.044368 48.563414 46.723617 44.569467 42.151475 39.524209 36.744259 33.868241 30.950929 28.043602 25.192671 22.438630 19.815344 17.349689 15.061499 12.963820 11.063382 9.361276 7.853738 6.533025 5.388290 4.406451 3.572979 2.872622 2.290000 1.810107 1.418691 1.102527 0.849593 0.649168 0.491847 0.369516 0.275276 0.203347 0.148951 0.108188 0.077916 0.055636 0.039378 0.027612 0.019159 0.013116 0.008799 0.005688 0.003385 0.001576 0.000000 
0.000000 0.001199 0.002585 0.004366 0.006796 0.010203 0.015019 0.021818 0.031369 0.044686 0.063102 0.088349 0.122655 0.168851 0.230495 0.312004 0.418790 0.557399 0.735643 0.962712 1.249253 1.607407 2.050784 2.594355 3.254254 4.047468 4.991400 6.103317 7.399655 8.895218 10.602273 12.529578 14.681380 17.056434 19.647109 22.438630 25.408531 28.526385 31.753852 35.045092 38.347569 41.603239 44.750109 47.724100 50.461163 52.899542 54.982071 56.658401 57.887018 58.636955 58.889089 58.636955 57.887018 56.658401 54.982071 52.899542 50.461163 47.724100 44.750109 41.603239 38.347569 35.045092 31.753852 28.526385 25.408531 22.438630 19.647109 17.056434 14.681380 12.529578 10.602273 8.895218 7.399655 6.103317 4.991400 4.047468 3.254254 2.594355 2.050784 1.607407 1.249253 0.962712 0.735643 0.557398 0.418789 0.312002 0.230492 0.168846 0.122646 0.088335 0.063080 0.044650 0.031311 0.021727 0.014875 0.009980 0.006452 0.003840 0.001787 0.000000 
0.000000 0.001349 0.002907 0.004910 0.007642 0.011473 0.016886 0.024530 0.035265 0.050233 0.070929 0.099301 0.137851 0.189758 0.259020 0.350595 0.470561 0.626270 0.826493 1.081546 1.403384 1.805637 2.303581 2.914022 3.655067 4.545781 5.605696 6.854185 8.309689 9.988817 11.905328 14.069040 16.484708 19.150924 22.059109 25.192671 28.526385 32.026094 35.648760 39.342932 43.049648 46.703766 50.235714 53.573583 56.645498 59.382160 61.719423 63.600787 64.979671 65.821326 66.104296 65.821326 64.979671 63.600787 61.719423 59.382160 56.645498 53.573583 50.235714 46.703766 43.049648 39.342932 35.648760 32.026094 28.526385 25.192671 22.059109 19.150924 16.484708 14.069040 11.905328 9.988817 8.309689 6.854185 5.605696 4.545781 3.655067 2.914022 2.303581 1.805637 1.403384 1.081546 0.826492 0.626269 0.470560 0.350593 0.259016 0.189753 0.137841 0.099286 0.070904 0.050192 0.035200 0.024427 0.016725 0.011222 0.007255 0.004318 0.002010 0.000000 
0.000000 0.001504 0.003241 0.005474 0.008520 0.012789 0.018822 0.027340 0.039303 0.055981 0.079041 0.110651 0.153597 0.211422 0.288574 0.390576 0.524194 0.697614 0.920599 1.204635 1.563026 2.010944 2.565391 3.245070 4.070134 5.061795 6.241785 7.631661 9.251938 11.121090 13.254418 15.662838 18.351629 21.319212 24.556029 28.043602 31.753852 35.648760 39.680427 43.791596 47.916653 51.983113 55.913560 59.627984 63.046414 66.091745 68.692608 70.786143 72.320522 73.257087 73.571967 73.257087 72.320522 70.786143 68.692608 66.091745 63.046414 59.627984 55.913560 51.983113 47.916653 43.791596 39.680427 35.648760 31.753852 28.043602 24.556029 21.319212 18.351629 15.662838 13.254418 11.121090 9.251938 7.631661 6.241785 5.061795 4.070134 3.245070 2.565391 2.010944 1.563026 1.204634 0.920599 0.697613 0.524193 0.390573 0.288570 0.211415 0.153587 0.110634 0.079013 0.055935 0.039231 0.027226 0.018642 0.012509 0.008088 0.004814 0.002241 0.000000 
0.000000 0.001662 0.003583 0.006050 0.009416 0.014133 0.020799 0.030210 0.043426 0.061849 0.087322 0.122236 0.169670 0.233532 0.318737 0.431378 0.578927 0.770417 1.016625 1.330227 1.725908 2.220409 2.832492 3.582796 4.493555 5.588174 6.890629 8.424699 10.213014 12.275949 14.630377 17.288331 20.255624 23.530500 27.102402 30.950929 35.045092 39.342932 43.791596 48.327906 52.879468 57.366309 61.703021 65.801332 69.573021 72.933025 75.802614 78.112443 79.805340 80.838659 81.186067 80.838659 79.805340 78.112443 75.802614 72.933025 69.573021 65.801332 61.703021 57.366309 52.879468 48.327906 43.791596 39.342932 35.045092 30.950929 27.102402 23.530500 20.255624 17.288331 14.630377 12.275949 10.213014 8.424699 6.890629 5.588174 4.493555 3.582796 2.832492 2.220409 1.725908 1.330227 1.016625 0.770416 0.578926 0.431376 0.318732 0.233525 0.169658 0.122217 0.087291 0.061799 0.043346 0.030083 0.020600 0.013823 0.008938 0.005320 0.002477 0.000000 
0.000000 0.001821 0.003925 0.006628 0.010316 0.015483 0.022785 0.033093 0.047567 0.067744 0.095639 0.133872 0.185811 0.255737 0.349025 0.472349 0.633883 0.843513 1.113034 1.456315 1.889426 2.430683 3.100615 3.921800 4.918563 6.116507 7.541859 9.220627 11.177563 13.434947 16.011228 18.919560 22.166288 25.749480 29.657574 33.868241 38.347569 43.049648 47.916653 52.879468 57.858896 62.767455 67.511717 71.995127 76.121185 79.796850 82.936005 85.462804 87.314714 88.445089 88.825127 88.445089 87.314714 85.462804 82.936005 79.796850 76.121185 71.995127 67.511717 62.767455 57.858896 52.879468 47.916653 43.049648 38.347569 33.868241 29.657574 25.749480 22.166288 18.919560 16.011228 13.434947 11.177563 9.220627 7.541859 6.116507 4.918563 3.921800 3.100615 2.430683 1.889425 1.456315 1.113033 0.843512 0.633881 0.472346 0.349021 0.255729 0.185798 0.133851 0.095605 0.067689 0.047479 0.032954 0.022567 0.015144 0.009793 0.005829 0.002713 0.000000 
0.000000 0.001978 0.004264 0.007199 0.011204 0.016816 0.024745 0.035937 0.051653 0.073560 0.103845 0.145352 0.201736 0.277642 0.378906 0.512765 0.688093 0.915614 1.208126 1.580676 2.050697 2.638060 3.365034 4.256111 5.337674 6.637493 8.184013 10.005440 12.128613 14.577694 17.372684 20.527836 24.050024 27.937139 32.176627 36.744259 41.603239 46.703766 51.983113 57.366309 62.767455 68.091665 73.237611 78.100573 82.575893 86.562666 89.967499 92.708137 94.716763 95.942793 96.354990 95.942793 94.716763 92.708137 89.967499 86.562666 82.575893 78.100573 73.237611 68.091665 62.767455 57.366309 51.983113 46.703766 41.603239 36.744259 32.176627 27.937139 24.050024 20.527836 17.372684 14.577694 12.128613 10.005440 8.184013 6.637493 5.337674 4.256110 3.365034 2.638060 2.050697 1.580676 1.208125 0.915613 0.688091 0.512762 0.378900 0.277634 0.201722 0.145329 0.103808 0.073500 0.051558 0.035786 0.024508 0.016447 0.010636 0.006331 0.002947 0.000000 
0.000000 0.002130 0.004591 0.007752 0.012064 0.018105 0.026641 0.038690 0.055607 0.079186 0.111783 0.156457 0.217140 0.298830 0.407805 0.551854 0.740519 0.985340 1.300083 1.700933 2.206641 2.838580 3.620702 4.579346 5.742888 7.141189 8.804839 10.764167 13.048031 15.682405 18.688792 22.082511 25.870939 30.051800 34.611579 39.524209 44.750109 50.235714 55.913560 61.703021 67.511717 73.237611 78.771738 84.001489 88.814325 93.101742 96.763315 99.710596 101.870666 103.189131 103.632405 103.189131 101.870666 99.710596 96.763315 93.101742 88.814325 84.001489 78.771738 73.237611 67.511717 61.703021 55.913560 50.235714 44.750109 39.524209 34.611579 30.051800 25.870939 22.082511 18.688792 15.682405 13.048031 10.764167 8.804839 7.141189 5.742888 4.579346 3.620702 2.838580 2.206641 1.700932 1.300082 0.985339 0.740517 0.551850 0.407800 0.298821 0.217125 0.156432 0.111743 0.079122 0.055504 0.038527 0.026386 0.017708 0.011452 0.006817 0.003173 0.000000 
