0.000000 0.000000 0.000000 0.000000 0.000000 0.000000 0.000000 0.000000 0.000000 0.000000 0.000000 0.000000 0.000000 0.000000 0.000000 0.000000 0.000000 0.000000 0.000000 0.000000 0.000000 0.000000 0.000000 0.000000 0.000000 0.000000 0.000000 0.000000 0.000000 0.000000 0.000000 0.000000 0.000000 0.000000 0.000000 0.000000 0.000000 0.000000 0.000000 0.000000 0.000000 0.000000 0.000000 0.000000 0.000000 0.000000 0.000000 0.000000 0.000000 0.000000 0.000000 0.000000 0.000000 0.000000 0.000000 0.000000 0.000000 0.000000 0.000000 0.000000 0.000000 0.000000 0.000000 0.000000 0.000000 0.000000 0.000000 0.000000 0.000000 0.000000 0.000000 0.000000 0.000000 0.000000 0.000000 0.000000 0.000000 0.000000 0.000000 0.000000 0.000000 0.000000 0.000000 0.000000 0.000000 0.000000 0.000000 0.000000 0.000000 0.000000 0.000000 0.000000 0.000000 0.000000 0.000000 0.000000 0.000000 0.000000 0.000000 0.000000 
0.000000 0.000000 0.000000 0.000000 0.000000 0.000001 0.000001 0.000001 0.000002 0.000002 0.000003 0.000005 0.000007 0.000009 0.000013 0.000017 0.000023 0.000030 0.000040 0.000053 0.000068 0.000088 0.000112 0.000141 0.000177 0.000221 0.000272 0.000333 0.000403 0.000484 0.000577 0.000682 0.000799 0.000928 0.001069 0.001221 0.001383 0.001552 0.001727 0.001906 0.002086 0.002263 0.002434 0.002595 0.002744 0.002876 0.002990 0.003081 0.003147 0.003188 0.003202 0.003188 0.003147 0.003081 0.002990 0.002876 0.002744 0.002595 0.002434 0.002263 0.002086 0.001906 0.001727 0.001552 0.001383 0.001221 0.001069 0.000928 0.000799 0.000682 0.000577 0.000484 0.000403 0.000333 0.000272 0.000221 0.000177 0.000141 0.000112 0.000088 0.000068 0.000053 0.000040 0.000030 0.000023 0.000017 0.000013 0.000009 0.000007 0.000005 0.000003 0.000002 0.000002 0.000001 0.000001 0.000001 0.000000 0.000000 0.000000 0.000000 
0.000000 0.000000 0.000000 0.000001 0.000001 0.000001 0.000002 0.000003 0.000004 0.000005 0.000007 0.000010 0.000014 0.000020 0.000027 0.000037 0.000049 0.000066 0.000086 0.000113 0.000147 0.000189 0.000241 0.000304 0.000382 0.000475 0.000585 0.000715 0.000867 0.001042 0.001242 0.001467 0.001719 0.001997 0.002300 0.002626 0.002973 0.003338 0.003715 0.004099 0.004485 0.004865 0.005233 0.005580 0.005900 0.006185 0.006428 0.006624 0.006767 0.006855 0.006884 0.006855 0.006767 0.006624 0.006428 0.006185 0.005900 0.005580 0.005233 0.004865 0.004485 0.004099 0.003715 0.003338 0.002973 0.002626 0.002300 0.001997 0.001719 0.001467 0.001242 0.001042 0.000867 0.000715 0.000585 0.000475 0.000382 0.000304 0.000241 0.000189 0.000147 0.000113 0.000086 0.000066 0.000049 0.000037 0.000027 0.000020 0.000014 0.000010 0.000007 0.000005 0.000004 0.000003 0.000002 0.000001 0.000001 0.000000 0.000000 0.000000 
0.000000 0.000000 0.000001 0.000001 0.000001 0.000002 0.000003 0.000004 0.000006 0.000009 0.000013 0.000018 0.000024 0.000034 0.000046 0.000062 0.000083 0.000110 0.000146 0.000191 0.000247 0.000318 0.000405 0.000513 0.000643 0.000799 0.000985 0.001205 0.001460 0.001755 0.002091 0.002470 0.002894 0.003361 0.003871 0.004420 0.005004 0.005616 0.006251 0.006898 0.007547 0.008186 0.008805 0.009389 0.009926 0.010405 0.010814 0.011143 0.011385 0.011532 0.011581 0.011532 0.011385 0.011143 0.010814 0.010405 0.009926 0.009389 0.008805 0.008186 0.007547 0.006898 0.006251 0.005616 0.005004 0.004420 0.003871 0.003361 0.002894 0.002470 0.002091 0.001755 0.001460 0.001205 0.000985 0.000799 0.000643 0.000513 0.000405 0.000318 0.000247 0.000191 0.000146 0.000110 0.000083 0.000062 0.000046 0.000033 0.000024 0.000018 0.000013 0.000009 0.000006 0.000004 0.000003 0.000002 0.000001 0.000001 0.000000 0.000000 
0.000000 0.000000 0.000001 0.000001 0.000002 0.000003 0.000005 0.000007 0.000010 0.000014 0.000019 0.000027 0.000038 0.000052 0.000071 0.000096 0.000129 0.000171 0.000226 0.000296 0.000384 0.000493 0.000629 0.000795 0.000997 0.001240 0.001528 0.001868 0.002264 0.002720 0.003241 0.003829 0.004486 0.005210 0.005999 0.006850 0.007754 0.008704 0.009687 0.010688 0.011693 0.012684 0.013641 0.014546 0.015379 0.016120 0.016753 0.017263 0.017637 0.017865 0.017941 0.017865 0.017637 0.017263 0.016753 0.016120 0.015379 0.014546 0.013641 0.012684 0.011693 0.010688 0.009687 0.008704 0.007754 0.006850 0.005999 0.005210 0.004486 0.003829 0.003241 0.002720 0.002264 0.001868 0.001528 0.001240 0.000997 0.000795 0.000629 0.000493 0.000384 0.000296 0.000226 0.000171 0.000129 0.000096 0.000071 0.000052 0.000038 0.000027 0.000019 0.000014 0.000010 0.000007 0.000005 0.000003 0.000002 0.000001 0.000001 0.000000 
0.000000 0.000001 0.000001 0.000002 0.000003 0.000005 0.000007 0.000010 0.000015 0.000021 0.000029 0.000041 0.000057 0.000078 0.000106 0.000144 0.000193 0.000257 0.000338 0.000443 0.000574 0.000738 0.000941 0.001190 0.001491 0.001854 0.002285 0.002793 0.003384 0.004066 0.004845 0.005723 0.006703 0.007784 0.008963 0.010234 0.011584 0.013002 0.014469 0.015965 0.017465 0.018944 0.020373 0.021723 0.022966 0.024072 0.025018 0.025778 0.026336 0.026676 0.026791 0.026676 0.026336 0.025778 0.025018 0.024072 0.022966 0.021723 0.020373 0.018944 0.017465 0.015965 0.014469 0.013002 0.011584 0.010234 0.008963 0.007784 0.006703 0.005723 0.004845 0.004066 0.003384 0.002793 0.002285 0.001854 0.001491 0.001190 0.000941 0.000738 0.000574 0.000443 0.000338 0.000257 0.000193 0.000144 0.000106 0.000078 0.000057 0.000041 0.000029 0.000021 0.000015 0.000010 0.000007 0.000005 0.000003 0.000002 0.000001 0.000000 
0.000000 0.000001 0.000002 0.000003 0.000005 0.000007 0.000010 0.000015 0.000021 0.000030 0.000043 0.000060 0.000083 0.000114 0.000156 0.000211 0.000283 0.000377 0.000497 0.000649 0.000842 0.001082 0.001380 0.001744 0.002187 0.002718 0.003349 0.004093 0.004959 0.005958 0.007098 0.008384 0.009818 0.011401 0.013127 0.014986 0.016963 0.019038 0.021185 0.023373 0.025569 0.027732 0.029823 0.031798 0.033616 0.035235 0.036618 0.037731 0.038546 0.039044 0.039212 0.039044 0.038546 0.037731 0.036618 0.035235 0.033616 0.031798 0.029823 0.027732 0.025569 0.023373 0.021185 0.019038 0.016963 0.014986 0.013127 0.011401 0.009818 0.008384 0.007098 0.005958 0.004959 0.004093 0.003349 0.002718 0.002187 0.001744 0.001380 0.001082 0.000842 0.000649 0.000497 0.000377 0.000283 0.000211 0.000156 0.000114 0.000083 0.000060 0.000043 0.000030 0.000021 0.000015 0.000010 0.000007 0.000004 0.000003 0.000001 0.000000 
0.000000 0.000001 0.000003 0.000004 0.000007 0.000010 0.000015 0.000022 0.000031 0.000044 0.000062 0.000087 0.000121 0.000166 0.000226 0.000306 0.000410 0.000545 0.000719 0.000940 0.001219 0.001567 0.001997 0.002524 0.003163 0.003931 0.004845 0.005919 0.007172 0.008615 0.010262 0.012120 0.014193 0.016480 0.018973 0.021658 0.024513 0.027510 0.030610 0.033770 0.036940 0.040064 0.043083 0.045935 0.048559 0.050897 0.052893 0.054499 0.055677 0.056395 0.056637 0.056395 0.055677 0.054499 0.052893 0.050897 0.048559 0.045935 0.043083 0.040064 0.036940 0.033770 0.030610 0.027510 0.024513 0.021658 0.018973 0.016480 0.014193 0.012120 0.010262 0.008615 0.007172 0.005919 0.004845 0.003931 0.003163 0.002524 0.001997 0.001567 0.001219 0.000940 0.000719 0.000545 0.000410 0.000306 0.000226 0.000166 0.000121 0.000087 0.000062 0.000044 0.000031 0.000022 0.000015 0.000010 0.000006 0.000004 0.000002 0.000000 
0.000000 0.000002 0.000004 0.000006 0.000010 0.000015 0.000021 0.000031 0.000045 0.000063 0.000089 0.000125 0.000173 0.000238 0.000324 0.000439 0.000588 0.000782 0.001030 0.001347 0.001746 0.002244 0.002860 0.003615 0.004530 0.005628 0.006935 0.008473 0.010264 0.012329 0.014683 0.017340 0.020305 0.023574 0.027138 0.030977 0.035058 0.039340 0.043771 0.048287 0.052817 0.057281 0.061595 0.065670 0.069420 0.072759 0.075611 0.077906 0.079588 0.080615 0.080960 0.080615 0.079588 0.077906 0.075611 0.072759 0.069420 0.065670 0.061595 0.057281 0.052817 0.048287 0.043771 0.039340 0.035058 0.030977 0.027138 0.023574 0.020305 0.017340 0.014683 0.012329 0.010264 0.008473 0.006935 0.005628 0.004530 0.003615 0.002860 0.002244 0.001746 0.001347 0.001030 0.000782 0.000588 0.000439 0.000324 0.000238 0.000173 0.000125 0.000089 0.000063 0.000044 0.000031 0.000021 0.000014 0.000009 0.000005 0.000003 0.000000 
0.000000 0.000002 0.000005 0.000009 0.000014 0.000021 0.000030 0.000044 0.000063 0.000090 0.000127 0.000177 0.000246 0.000338 0.000461 0.000623 0.000835 0.001110 0.001463 0.001912 0.002478 0.003185 0.004059 0.005129 0.006426 0.007984 0.009837 0.012016 0.014555 0.017481 0.020818 0.024583 0.028782 0.033414 0.038463 0.043900 0.049680 0.055745 0.062020 0.068415 0.074829 0.081150 0.087257 0.093027 0.098336 0.103064 0.107101 0.110350 0.112731 0.114184 0.114673 0.114184 0.112731 0.110350 0.107101 0.103064 0.098336 0.093027 0.087257 0.081150 0.074829 0.068415 0.062020 0.055745 0.049680 0.043900 0.038463 0.033414 0.028782 0.024583 0.020818 0.017481 0.014555 0.012016 0.009837 0.007984 0.006426 0.005129 0.004059 0.003185 0.002478 0.001912 0.001463 0.001110 0.000835 0.000623 0.000461 0.000338 0.000246 0.000177 0.000127 0.000090 0.000063 0.000044 0.000030 0.000020 0.000013 0.000008 0.000004 0.000000 
0.000000 0.000003 0.000007 0.000013 0.000019 0.000029 0.000043 0.000062 0.000089 0.000127 0.000179 0.000250 0.000347 0.000476 0.000649 0.000877 0.001176 0.001563 0.002060 0.002691 0.003488 0.004481 0.005710 0.007214 0.009039 0.011229 0.013832 0.016895 0.020462 0.024573 0.029261 0.034549 0.040448 0.046953 0.054043 0.061678 0.069794 0.078310 0.087119 0.096097 0.105101 0.113974 0.122547 0.130645 0.138096 0.144732 0.150398 0.154958 0.158300 0.160339 0.161025 0.160339 0.158300 0.154958 0.150398 0.144732 0.138096 0.130645 0.122547 0.113974 0.105101 0.096097 0.087119 0.078310 0.069794 0.061678 0.054043 0.046953 0.040448 0.034549 0.029261 0.024573 0.020462 0.016895 0.013832 0.011229 0.009039 0.007214 0.005710 0.004481 0.003488 0.002691 0.002060 0.001563 0.001176 0.000877 0.000649 0.000476 0.000347 0.000250 0.000179 0.000127 0.000089 0.000062 0.000042 0.000029 0.000018 0.000011 0.000005 0.000000 
0.000000 0.000005 0.000010 0.000018 0.000027 0.000041 0.000060 0.000087 0.000125 0.000177 0.000250 0.000350 0.000484 0.000665 0.000907 0.001225 0.001642 0.002182 0.002875 0.003756 0.004866 0.006252 0.007965 0.010063 0.012605 0.015658 0.019286 0.023554 0.028524 0.034251 0.040782 0.048148 0.056363 0.065423 0.075297 0.085927 0.097228 0.109083 0.121347 0.133846 0.146380 0.158730 0.170662 0.181934 0.192304 0.201540 0.209426 0.215772 0.220423 0.223261 0.224215 0.223261 0.220423 0.215772 0.209426 0.201540 0.192304 0.181934 0.170662 0.158730 0.146380 0.133846 0.121347 0.109083 0.097228 0.085927 0.075297 0.065423 0.056363 0.048148 0.040782 0.034251 0.028524 0.023554 0.019286 0.015658 0.012605 0.010063 0.007965 0.006252 0.004866 0.003756 0.002875 0.002182 0.001642 0.001225 0.000907 0.000665 0.000484 0.000349 0.000250 0.000177 0.000125 0.000087 0.000059 0.000040 0.000026 0.000015 0.000007 0.000000 
0.000000 0.000007 0.000014 0.000024 0.000038 0.000057 0.000083 0.000121 0.000173 0.000246 0.000347 0.000484 0.000671 0.000922 0.001256 0.001697 0.002273 0.003020 0.003979 0.005198 0.006734 0.008650 0.011019 0.013918 0.017433 0.021652 0.026666 0.032564 0.039431 0.047344 0.056366 0.066540 0.077888 0.090400 0.104035 0.118714 0.134318 0.150687 0.167619 0.184874 0.202177 0.219225 0.235695 0.251254 0.265567 0.278314 0.289198 0.297957 0.304376 0.308293 0.309610 0.308293 0.304376 0.297957 0.289198 0.278314 0.265567 0.251254 0.235695 0.219225 0.202177 0.184874 0.167619 0.150687 0.134318 0.118714 0.104035 0.090400 0.077888 0.066540 0.056366 0.047344 0.039431 0.032564 0.026666 0.021652 0.017433 0.013918 0.011019 0.008650 0.006734 0.005198 0.003979 0.003020 0.002273 0.001697 0.001256 0.000922 0.000671 0.000484 0.000347 0.000246 0.000173 0.000120 0.000082 0.000055 0.000036 0.000021 0.000010 0.000000 
0.000000 0.000009 0.000020 0.000034 0.000052 0.000078 0.000114 0.000166 0.000238 0.000338 0.000476 0.000665 0.000922 0.001266 0.001725 0.002330 0.003121 0.004146 0.005461 0.007133 0.009240 0.011868 0.015116 0.019091 0.023910 0.029693 0.036564 0.044647 0.054057 0.064899 0.077259 0.091196 0.106740 0.123877 0.142551 0.162654 0.184022 0.206435 0.229618 0.253242 0.276931 0.300270 0.322817 0.344115 0.363708 0.381156 0.396054 0.408043 0.416828 0.422190 0.423992 0.422190 0.416828 0.408043 0.396054 0.381156 0.363708 0.344115 0.322817 0.300270 0.276931 0.253242 0.229618 0.206435 0.184022 0.162654 0.142551 0.123877 0.106740 0.091196 0.077259 0.064899 0.054057 0.044647 0.036564 0.029693 0.023910 0.019091 0.015116 0.011868 0.009240 0.007133 0.005461 0.004146 0.003121 0.002330 0.001725 0.001266 0.000922 0.000665 0.000476 0.000338 0.000238 0.000165 0.000113 0.000076 0.000049 0.000029 0.000014 0.000000 
0.000000 0.000013 0.000027 0.000046 0.000071 0.000106 0.000156 0.000226 0.000324 0.000461 0.000649 0.000907 0.001256 0.001725 0.002349 0.003173 0.004249 0.005644 0.007433 0.009708 0.012573 0.016148 0.020565 0.025970 0.032520 0.040381 0.049721 0.060706 0.073494 0.088226 0.105019 0.123954 0.145069 0.168347 0.193711 0.221013 0.250032 0.280468 0.311949 0.344026 0.376190 0.407878 0.438488 0.467402 0.494001 0.517687 0.537911 0.554185 0.566111 0.573389 0.575836 0.573389 0.566111 0.554185 0.537911 0.517687 0.494001 0.467402 0.438488 0.407878 0.376190 0.344026 0.311949 0.280468 0.250032 0.221013 0.193711 0.168347 0.145069 0.123954 0.105019 0.088226 0.073494 0.060706 0.049721 0.040381 0.032520 0.025970 0.020565 0.016148 0.012573 0.009708 0.007433 0.005644 0.004249 0.003173 0.002349 0.001725 0.001256 0.000907 0.000649 0.000461 0.000324 0.000225 0.000155 0.000104 0.000067 0.000040 0.000019 0.000000 
0.000000 0.000017 0.000037 0.000062 0.000096 0.000144 0.000211 0.000306 0.000439 0.000623 0.000877 0.001225 0.001697 0.002330 0.003173 0.004284 0.005737 0.007619 0.010034 0.013103 0.016968 0.021788 0.027745 0.035033 0.043865 0.054462 0.067051 0.081857 0.099091 0.118943 0.141570 0.167082 0.195528 0.226887 0.261053 0.297827 0.336910 0.377901 0.420295 0.463491 0.506802 0.549469 0.590685 0.629615 0.665426 0.697316 0.724542 0.746452 0.762507 0.772306 0.775600 0.772306 0.762507 0.746452 0.724542 0.697316 0.665426 0.629615 0.590685 0.549469 0.506802 0.463491 0.420295 0.377901 0.336910 0.297827 0.261053 0.226887 0.195528 0.167082 0.141570 0.118943 0.099091 0.081857 0.067051 0.054462 0.043865 0.035033 0.027745 0.021788 0.016968 0.013103 0.010034 0.007619 0.005737 0.004284 0.003173 0.002330 0.001697 0.001225 0.000877 0.000623 0.000438 0.000305 0.000209 0.000141 0.000091 0.000054 0.000025 0.000000 
0.000000 0.000023 0.000049 0.000083 0.000129 0.000193 0.000283 0.000410 0.000588 0.000835 0.001176 0.001642 0.002273 0.003121 0.004249 0.005737 0.007682 0.010200 0.013431 0.017537 0.022707 0.029155 0.037120 0.046867 0.058675 0.072843 0.089672 0.109462 0.132495 0.159026 0.189263 0.223351 0.261357 0.303252 0.348893 0.398016 0.450220 0.504969 0.561589 0.619277 0.677115 0.734092 0.789129 0.841112 0.888928 0.931508 0.967861 0.997115 1.018550 1.031633 1.036031 1.031633 1.018550 0.997115 0.967861 0.931508 0.888928 0.841112 0.789129 0.734092 0.677115 0.619277 0.561589 0.504969 0.450220 0.398016 0.348893 0.303252 0.261357 0.223351 0.189263 0.159026 0.132495 0.109462 0.089672 0.072843 0.058675 0.046867 0.037120 0.029155 0.022707 0.017537 0.013431 0.010200 0.007682 0.005737 0.004249 0.003121 0.002273 0.001642 0.001176 0.000834 0.000587 0.000408 0.000280 0.000189 0.000122 0.000073 0.000034 0.000000 
0.000000 0.000030 0.000066 0.000110 0.000171 0.000257 0.000377 0.000545 0.000782 0.001110 0.001563 0.002182 0.003020 0.004146 0.005644 0.007619 0.010200 0.013542 0.017829 0.023276 0.030135 0.038687 0.049252 0.062176 0.077834 0.096618 0.118928 0.145161 0.175691 0.210853 0.250923 0.296094 0.346453 0.401960 0.462427 0.527502 0.596655 0.669175 0.744169 0.820575 0.897176 0.972634 1.045519 1.114357 1.177677 1.234061 1.282198 1.320934 1.349318 1.366640 1.372464 1.366640 1.349318 1.320934 1.282198 1.234061 1.177677 1.114357 1.045519 0.972634 0.897176 0.820575 0.744169 0.669175 0.596655 0.527502 0.462427 0.401960 0.346453 0.296094 0.250923 0.210853 0.175691 0.145161 0.118928 0.096618 0.077834 0.062176 0.049252 0.038687 0.030135 0.023276 0.017829 0.013542 0.010200 0.007619 0.005644 0.004146 0.003020 0.002181 0.001562 0.001109 0.000780 0.000543 0.000373 0.000251 0.000163 0.000097 0.000045 0.000000 
0.000000 0.000040 0.000086 0.000146 0.000226 0.000338 0.000497 0.000719 0.001030 0.001463 0.002060 0.002875 0.003979 0.005461 0.007433 0.010034 0.013431 0.017829 0.023469 0.030637 0.039659 0.050909 0.064804 0.081800 0.102390 0.127087 0.156419 0.190904 0.231034 0.277249 0.329911 0.389272 0.455445 0.528378 0.607824 0.693318 0.784165 0.879429 0.977939 1.078298 1.178910 1.278016 1.373740 1.464146 1.547303 1.621349 1.684563 1.735431 1.772704 1.795452 1.803099 1.795452 1.772704 1.735431 1.684563 1.621349 1.547303 1.464146 1.373740 1.278016 1.178910 1.078298 0.977939 0.879429 0.784165 0.693318 0.607824 0.528378 0.455445 0.389272 0.329911 0.277249 0.231034 0.190904 0.156419 0.127087 0.102390 0.081800 0.064804 0.050909 0.039659 0.030637 0.023469 0.017829 0.013431 0.010034 0.007433 0.005461 0.003978 0.002874 0.002059 0.001462 0.001028 0.000716 0.000492 0.000331 0.000214 0.000128 0.000060 0.000000 
0.000000 0.000053 0.000113 0.000191 0.000296 0.000443 0.000649 0.000940 0.001347 0.001912 0.002691 0.003756 0.005198 0.007133 0.009708 0.013103 0.017537 0.023276 0.030637 0.039988 0.051758 0.066433 0.084556 0.106723 0.133572 0.165775 0.204017 0.248973 0.301284 0.361523 0.430159 0.507521 0.593754 0.688791 0.792306 0.903696 1.022053 1.146159 1.274488 1.405218 1.536273 1.665361 1.790040 1.907789 2.016093 2.112530 2.194857 2.261104 2.309646 2.339270 2.349229 2.339270 2.309646 2.261104 2.194857 2.112530 2.016093 1.907789 1.790040 1.665361 1.536273 1.405218 1.274488 1.146159 1.022053 0.903696 0.792306 0.688791 0.593754 0.507521 0.430159 0.361523 0.301284 0.248973 0.204017 0.165775 0.133572 0.106723 0.084556 0.066433 0.051758 0.039988 0.030637 0.023276 0.017537 0.013103 0.009708 0.007133 0.005197 0.003755 0.002690 0.001911 0.001344 0.000936 0.000643 0.000433 0.000280 0.000167 0.000078 0.000000 
0.000000 0.000068 0.000147 0.000247 0.000384 0.000574 0.000842 0.001219 0.001746 0.002478 0.003488 0.004866 0.006734 0.009240 0.012573 0.016968 0.022707 0.030135 0.039659 0.051758 0.066986 0.085969 0.109410 0.138078 0.172798 0.214439 0.263883 0.322004 0.389627 0.467493 0.556207 0.656190 0.767633 0.890443 1.024203 1.168128 1.321049 1.481389 1.647175 1.816058 1.985353 2.152101 2.313149 2.465241 2.605129 2.729686 2.836019 2.921581 2.984274 3.022535 3.035397 3.022535 2.984274 2.921581 2.836019 2.729686 2.605129 2.465241 2.313149 2.152101 1.985353 1.816058 1.647175 1.481389 1.321049 1.168128 1.024203 0.890443 0.767633 0.656190 0.556207 0.467493 0.389627 0.322004 0.263883 0.214439 0.172798 0.138078 0.109410 0.085969 0.066986 0.051758 0.039659 0.030135 0.022707 0.016967 0.012573 0.009240 0.006733 0.004866 0.003486 0.002476 0.001742 0.001213 0.000834 0.000561 0.000364 0.000217 0.000101 0.000000 
0.000000 0.000088 0.000189 0.000318 0.000493 0.000738 0.001082 0.001567 0.002244 0.003185 0.004481 0.006252 0.008650 0.011868 0.016148 0.021788 0.029155 0.038687 0.050909 0.066433 0.085969 0.110320 0.140387 0.177155 0.221681 0.275076 0.338473 0.412988 0.499680 0.599494 0.713204 0.841351 0.984177 1.141561 1.312966 1.497388 1.693325 1.898759 2.111162 2.327523 2.544403 2.758012 2.964312 3.159135 3.338322 3.497866 3.634065 3.743657 3.823957 3.872963 3.889438 3.872963 3.823957 3.743657 3.634065 3.497866 3.338322 3.159135 2.964312 2.758012 2.544403 2.327523 2.111162 1.898759 1.693325 1.497388 1.312966 1.141561 0.984177 0.841351 0.713204 0.599494 0.499680 0.412988 0.338473 0.275076 0.221681 0.177155 0.140387 0.110320 0.085969 0.066433 0.050909 0.038687 0.029155 0.021788 0.016148 0.011868 0.008649 0.006251 0.004480 0.003182 0.002240 0.001560 0.001072 0.000721 0.000468 0.000279 0.000130 0.000000 
0.000000 0.000112 0.000241 0.000405 0.000629 0.000941 0.001380 0.001997 0.002860 0.004059 0.005710 0.007965 0.011019 0.015116 0.020565 0.027745 0.037120 0.049252 0.064804 0.084556 0.109410 0.140387 0.178631 0.225393 0.282019 0.349917 0.430526 0.525265 0.635476 0.762361 0.906901 1.069780 1.251304 1.451318 1.669139 1.903490 2.152461 2.413486 2.683353 2.958238 3.233773 3.505143 3.767220 4.014710 4.242330 4.444996 4.618002 4.757210 4.859209 4.921457 4.942383 4.921457 4.859209 4.757210 4.618002 4.444996 4.242330 4.014710 3.767220 3.505143 3.233773 2.958238 2.683353 2.413486 2.152461 1.903490 1.669139 1.451318 1.251304 1.069780 0.906901 0.762361 0.635476 0.525265 0.430526 0.349917 0.282019 0.225393 0.178631 0.140387 0.109410 0.084556 0.064804 0.049252 0.037120 0.027744 0.020564 0.015116 0.011018 0.007964 0.005708 0.004055 0.002854 0.001988 0.001366 0.000920 0.000597 0.000356 0.000166 0.000000 
0.000000 0.000141 0.000304 0.000513 0.000795 0.001190 0.001744 0.002524 0.003615 0.005129 0.007214 0.010063 0.013918 0.019091 0.025970 0.035033 0.046867 0.062176 0.081800 0.106723 0.138078 0.177155 0.225393 0.284372 0.355783 0.441404 0.543045 0.662493 0.801439 0.961393 1.143591 1.348893 1.577682 1.829761 2.104266 2.399588 2.713316 3.042220 3.382251 3.728591 4.075737 4.417624 4.747793 5.059577 5.346324 5.601628 5.819566 5.994926 6.123412 6.201824 6.228184 6.201824 6.123412 5.994926 5.819566 5.601628 5.346324 5.059577 4.747793 4.417624 4.075737 3.728591 3.382251 3.042220 2.713316 2.399588 2.104266 1.829761 1.577682 1.348893 1.143591 0.961393 0.801439 0.662493 0.543045 0.441404 0.355783 0.284372 0.225393 0.177155 0.138078 0.106723 0.081800 0.062176 0.046866 0.035033 0.025969 0.019091 0.013917 0.010061 0.007212 0.005124 0.003608 0.002513 0.001727 0.001163 0.000754 0.000450 0.000210 0.000000 
0.000000 0.000177 0.000382 0.000643 0.000997 0.001491 0.002187 0.003163 0.004530 0.006426 0.009039 0.012605 0.017433 0.023910 0.032520 0.043865 0.058675 0.077834 0.102390 0.133572 0.172798 0.221681 0.282019 0.355783 0.445091 0.552159 0.679250 0.828596 1.002308 1.202271 1.430026 1.686646 1.972606 2.287659 2.630722 2.999780 3.391824 3.802813 4.227688 4.660430 5.094163 5.521313 5.933810 6.323329 6.681559 7.000503 7.272762 7.491827 7.652335 7.750288 7.783217 7.750288 7.652335 7.491827 7.272762 7.000503 6.681559 6.323329 5.933810 5.521313 5.094163 4.660430 4.227688 3.802813 3.391824 2.999780 2.630722 2.287659 1.972606 1.686646 1.430026 1.202271 1.002308 0.828596 0.679250 0.552159 0.445091 0.355783 0.282019 0.221681 0.172798 0.133572 0.102390 0.077834 0.058675 0.043865 0.032520 0.023909 0.017432 0.012603 0.009035 0.006421 0.004521 0.003150 0.002165 0.001458 0.000946 0.000564 0.000263 0.000000 
0.000000 0.000221 0.000475 0.000799 0.001240 0.001854 0.002718 0.003931 0.005628 0.007984 0.011229 0.015658 0.021652 0.029693 0.040381 0.054462 0.072843 0.096618 0.127087 0.165775 0.214439 0.275076 0.349917 0.441404 0.552159 0.684930 0.842518 1.027688 1.243054 1.490948 1.773278 2.091371 2.445812 2.836291 3.261463 3.718831 4.204662 4.713948 5.240422 5.776623 6.314034 6.843273 7.354343 7.836931 8.280746 8.675881 9.013173 9.284563 9.483407 9.604754 9.645548 9.604754 9.483407 9.284563 9.013173 8.675881 8.280746 7.836931 7.354343 6.843273 6.314034 5.776623 5.240422 4.713948 4.204662 3.718831 3.261463 2.836291 2.445812 2.091371 1.773278 1.490948 1.243054 1.027688 0.842518 0.684930 0.552159 0.441404 0.349917 0.275076 0.214439 0.165775 0.127087 0.096618 0.072843 0.054462 0.040381 0.029692 0.021651 0.015655 0.011224 0.007977 0.005617 0.003914 0.002691 0.001812 0.001176 0.000702 0.000327 0.000000 
0.000000 0.000272 0.000585 0.000985 0.001528 0.002285 0.003349 0.004845 0.006935 0.009837 0.013832 0.019286 0.026666 0.036564 0.049721 0.067051 0.089672 0.118928 0.156419 0.204017 0.263883 0.338473 0.430526 0.543045 0.679250 0.842518 1.036290 1.263961 1.528739 1.833490 2.180555 2.571558 3.007217 3.487147 4.009691 4.571778 5.168819 5.794658 6.441593 7.100458 7.760790 8.411060 9.038990 9.631911 10.177184 10.662639 11.077024 11.410439 11.654727 11.803806 11.853922 11.803806 11.654727 11.410439 11.077024 10.662639 10.177184 9.631911 9.038990 8.411060 7.760790 7.100458 6.441593 5.794658 5.168819 4.571778 4.009691 3.487147 3.007217 2.571558 2.180555 1.833490 1.528739 1.263961 1.036290 0.842518 0.679250 0.543045 0.430526 0.338472 0.263883 0.204016 0.156419 0.118928 0.089672 0.067051 0.049720 0.036563 0.026664 0.019282 0.013826 0.009828 0.006921 0.004823 0.003316 0.002233 0.001449 0.000865 0.000403 0.000000 
0.000000 0.000333 0.000715 0.001205 0.001868 0.002793 0.004093 0.005919 0.008473 0.012016 0.016895 0.023554 0.032564 0.044647 0.060706 0.081857 0.109462 0.145161 0.190904 0.248973 0.322004 0.412988 0.525265 0.662493 0.828596 1.027688 1.263961 1.541548 1.864359 2.235880 2.658960 3.135576 3.666596 4.251549 4.888411 5.573435 6.301027 7.063685 7.852022 8.654870 9.459479 10.251808 11.016895 11.739310 12.403658 12.995114 13.499976 13.906184 14.203803 14.385427 14.446484 14.385427 14.203803 13.906184 13.499976 12.995114 12.403658 11.739310 11.016895 10.251808 9.459479 8.654870 7.852022 7.063685 6.301027 5.573435 4.888411 4.251549 3.666596 3.135576 2.658960 2.235880 1.864359 1.541548 1.263961 1.027688 0.828596 0.662493 0.525265 0.412988 0.322004 0.248973 0.190903 0.145161 0.109461 0.081856 0.060705 0.044645 0.032561 0.023550 0.016888 0.012006 0.008456 0.005893 0.004052 0.002730 0.001771 0.001057 0.000493 0.000000 
0.000000 0.000403 0.000867 0.001460 0.002264 0.003384 0.004959 0.007172 0.010264 0.014555 0.020462 0.028524 0.039431 0.054057 0.073494 0.099091 0.132495 0.175691 0.231034 0.301284 0.389627 0.499680 0.635476 0.801439 1.002308 1.243054 1.528739 1.864359 2.254631 2.703768 3.215205 3.791329 4.433182 5.140190 5.909903 6.737790 7.617087 8.538726 9.491364 10.461505 11.433746 12.391121 13.315559 14.188418 14.991101 15.705705 16.315675 16.806447 17.166022 17.385453 17.459219 17.385453 17.166022 16.806447 16.315675 15.705705 14.991101 14.188418 13.315559 12.391121 11.433746 10.461505 9.491364 8.538726 7.617087 6.737790 5.909903 5.140190 4.433182 3.791329 3.215205 2.703768 2.254631 1.864359 1.528739 1.243054 1.002308 0.801438 0.635476 0.499679 0.389627 0.301284 0.231033 0.175690 0.132495 0.099090 0.073492 0.054055 0.039428 0.028519 0.020454 0.014542 0.010244 0.007140 0.004910 0.003308 0.002146 0.001281 0.000597 0.000000 
0.000000 0.000484 0.001042 0.001755 0.002720 0.004066 0.005958 0.008615 0.012329 0.017481 0.024573 0.034251 0.047344 0.064899 0.088226 0.118943 0.159026 0.210853 0.277249 0.361523 0.467493 0.599494 0.762361 0.961393 1.202271 1.490948 1.833490 2.235880 2.703768 3.242195 3.855277 4.545865 5.315204 6.162599 7.085111 8.077305 9.131069 10.235538 11.377117 12.539635 13.704636 14.851794 15.959459 17.005302 17.967044 18.823239 19.554059 20.142059 20.572866 20.835766 20.924145 20.835766 20.572866 20.142059 19.554059 18.823239 17.967044 17.005302 15.959459 14.851794 13.704636 12.539635 11.377117 10.235538 9.131069 8.077305 7.085111 6.162599 5.315204 4.545865 3.855277 3.242195 2.703768 2.235880 1.833490 1.490948 1.202271 0.961393 0.762361 0.599494 0.467493 0.361523 0.277249 0.210853 0.159026 0.118942 0.088224 0.064897 0.047341 0.034246 0.024563 0.017466 0.012304 0.008577 0.005899 0.003974 0.002579 0.001540 0.000718 0.000000 
0.000000 0.000577 0.001242 0.002091 0.003241 0.004845 0.007098 0.010262 0.014683 0.020818 0.029261 0.040782 0.056366 0.077259 0.105019 0.141570 0.189263 0.250923 0.329911 0.430159 0.556207 0.713204 0.906901 1.143591 1.430026 1.773278 2.180555 2.658960 3.215205 3.855277 4.584058 5.404932 6.319372 7.326546 8.422954 9.602131 10.854438 12.166957 13.523532 14.904950 16.289281 17.652376 18.968515 20.211172 21.353882 22.371169 23.239481 23.938098 24.449946 24.762299 24.867302 24.762299 24.449946 23.938098 23.239481 22.371169 21.353882 20.211172 18.968515 17.652376 16.289281 14.904950 13.523532 12.166957 10.854438 9.602131 8.422954 7.326546 6.319372 5.404932 4.584058 3.855277 3.215205 2.658960 2.180555 1.773278 1.430026 1.143591 0.906901 0.713204 0.556207 0.430159 0.329911 0.250923 0.189262 0.141570 0.105017 0.077256 0.056362 0.040775 0.029250 0.020800 0.014654 0.010216 0.007027 0.004735 0.003073 0.001834 0.000856 0.000000 
0.000000 0.000682 0.001467 0.002470 0.003829 0.005723 0.008384 0.012120 0.017340 0.024583 0.034549 0.048148 0.066540 0.091196 0.123954 0.167082 0.223351 0.296094 0.389272 0.507521 0.656190 0.841351 1.069780 1.348893 1.686646 2.091371 2.571558 3.135576 3.791329 4.545865 5.404932 6.372511 7.450330 8.637401 9.929593 11.319283 12.795106 14.341838 15.940439 17.568268 19.199489 20.805649 22.356447 23.820634 25.167034 26.365638 27.388703 28.211820 28.814880 29.182894 29.306608 29.182894 28.814880 28.211820 27.388703 26.365638 25.167034 23.820634 22.356447 20.805649 19.199489 17.568268 15.940439 14.341838 12.795106 11.319283 9.929593 8.637401 7.450330 6.372511 5.404932 4.545865 3.791329 3.135576 2.571558 2.091371 1.686646 1.348893 1.069780 0.841351 0.656190 0.507520 0.389271 0.296094 0.223350 0.167081 0.123952 0.091193 0.066535 0.048139 0.034536 0.024561 0.017306 0.012066 0.008299 0.005593 0.003630 0.002167 0.001011 0.000000 
0.000000 0.000799 0.001719 0.002894 0.004486 0.006703 0.009818 0.014193 0.020305 0.028782 0.040448 0.056363 0.077888 0.106740 0.145069 0.195528 0.261357 0.346453 0.455445 0.593754 0.767633 0.984177 1.251304 1.577682 1.972606 2.445812 3.007217 3.666596 4.433182 5.315204 6.319372 7.450330 8.710089 10.097487 11.607689 13.231781 14.956476 16.763982 18.632047 20.534218 22.440305 24.317067 26.129103 27.839907 29.413062 30.813510 32.008845 32.970555 33.675152 34.105126 34.249669 34.105126 33.675152 32.970555 32.008845 30.813510 29.413062 27.839907 26.129103 24.317067 22.440305 20.534218 18.632047 16.763982 14.956476 13.231781 11.607689 10.097487 8.710089 7.450330 6.319372 5.315204 4.433182 3.666596 3.007217 2.445812 1.972606 1.577682 1.251304 0.984177 0.767633 0.593754 0.455445 0.346453 0.261357 0.195527 0.145066 0.106736 0.077882 0.056354 0.040432 0.028757 0.020264 0.014130 0.009720 0.006551 0.004252 0.002539 0.001184 0.000000 
0.000000 0.000928 0.001997 0.003361 0.005210 0.007784 0.011401 0.016480 0.023574 0.033414 0.046953 0.065423 0.090400 0.123877 0.168347 0.226887 0.303252 0.401960 0.528378 0.688791 0.890443 1.141561 1.451318 1.829761 2.287659 2.836291 3.487147 4.251549 5.140190 6.162599 7.326546 8.637401 10.097487 11.705448 13.455674 15.337827 17.336507 19.431090 21.595794 23.799962 26.008617 28.183247 30.282838 32.265099 34.087842 35.710458 37.095407 38.209663 39.026017 39.524187 39.691654 39.524187 39.026017 38.209663 37.095407 35.710458 34.087842 32.265099 30.282838 28.183247 26.008617 23.799962 21.595794 19.431090 17.336507 15.337827 13.455674 11.705448 10.097487 8.637401 7.326546 6.162599 5.140190 4.251549 3.487147 2.836291 2.287659 1.829761 1.451318 1.141561 0.890443 0.688791 0.528378 0.401959 0.303251 0.226886 0.168344 0.123873 0.090393 0.065412 0.046935 0.033385 0.023527 0.016406 0.011287 0.007607 0.004938 0.002949 0.001375 0.000000 
0.000000 0.001069 0.002300 0.003871 0.005999 0.008963 0.013127 0.018973 0.027138 0.038463 0.054043 0.075297 0.104035 0.142551 0.193711 0.261053 0.348893 0.462427 0.607824 0.792306 1.024203 1.312966 1.669139 2.104266 2.630722 3.261463 4.009691 4.888411 5.909903 7.085111 8.422954 9.929593 11.607689 13.455674 15.467093 17.630058 19.926867 22.333818 24.821282 27.354036 29.891888 32.390596 34.803039 37.080632 39.174914 41.039231 42.630464 43.910674 44.848609 45.420970 45.613377 45.420970 44.848609 43.910674 42.630464 41.039231 39.174914 37.080632 34.803039 32.390596 29.891888 27.354036 24.821282 22.333818 19.926867 17.630058 15.467093 13.455674 11.607689 9.929593 8.422954 7.085111 5.909903 4.888411 4.009691 3.261463 2.630722 2.104266 1.669139 1.312966 1.024202 0.792306 0.607824 0.462426 0.348892 0.261051 0.193708 0.142546 0.104027 0.075283 0.054022 0.038429 0.027085 0.018888 0.012995 0.008760 0.005687 0.003396 0.001584 0.000000 
0.000000 0.001221 0.002626 0.004420 0.006850 0.010234 0.014986 0.021658 0.030977 0.043900 0.061678 0.085927 0.118714 0.162654 0.221013 0.297827 0.398016 0.527502 0.693318 0.903696 1.168128 1.497388 1.903490 2.399588 2.999780 3.718831 4.571778 5.573435 6.737790 8.077305 9.602131 11.319283 13.231781 15.337827 17.630058 20.094920 22.712233 25.454986 28.289417 31.175389 34.067113 36.914181 39.662911 42.257955 44.644106 46.768221 48.581179 50.039765 51.108379 51.760482 51.979696 51.760482 51.108379 50.039765 48.581179 46.768221 44.644106 42.257955 39.662911 36.914181 34.067113 31.175389 28.289417 25.454986 22.712233 20.094920 17.630058 15.337827 13.231781 11.319283 9.602131 8.077305 6.737790 5.573435 4.571778 3.718831 2.999780 2.399588 1.903490 1.497388 1.168128 0.903696 0.693317 0.527501 0.398014 0.297825 0.221010 0.162648 0.118705 0.085912 0.061654 0.043861 0.030915 0.021561 0.014836 0.010001 0.006493 0.003877 0.001809 0.000000 
0.000000 0.001383 0.002973 0.005004 0.007754 0.011584 0.016963 0.024513 0.035058 0.049680 0.069794 0.097228 0.134318 0.184022 0.250032 0.336910 0.450220 0.596655 0.784165 1.022053 1.321049 1.693325 2.152461 2.713316 3.391824 4.204662 5.168819 6.301027 7.617087 9.131069 10.854438 12.795106 14.956476 17.336507 19.926867 22.712233 25.669795 28.769031 31.971786 35.232713 38.500076 41.716925 44.822616 47.754622 50.450578 52.850451 54.898754 56.546672 57.753990 58.490734 58.738400 58.490734 57.753990 56.546672 54.898754 52.850451 50.450578 47.754622 44.822616 41.716925 38.500076 35.232713 31.971786 28.769031 25.669795 22.712233 19.926867 17.336507 14.956476 12.795106 10.854438 9.131069 7.617087 6.301027 5.168819 4.204662 3.391824 2.713316 2.152461 1.693325 1.321049 1.022053 0.784164 0.596654 0.450219 0.336908 0.250028 0.184015 0.134308 0.097211 0.069767 0.049636 0.034988 0.024404 0.016793 0.011320 0.007350 0.004389 0.002048 0.000000 
0.000000 0.001552 0.003338 0.005616 0.008704 0.013002 0.019038 0.027510 0.039340 0.055745 0.078310 0.109083 0.150687 0.206435 0.280468 0.377901 0.504969 0.669175 0.879429 1.146159 1.481389 1.898759 2.413486 3.042220 3.802813 4.713948 5.794658 7.063685 8.538726 10.235538 12.166957 14.341838 16.763982 19.431090 22.333818 25.454986 28.769031 32.241746 35.830379 39.484122 43.145011 46.749244 50.228881 53.513879 56.534372 59.223115 61.517952 63.364200 64.716816 65.542221 65.819692 65.542221 64.716816 63.364200 61.517952 59.223115 56.534372 53.513879 50.228881 46.749244 43.145011 39.484122 35.830379 32.241746 28.769031 25.454986 22.333818 19.431090 16.763982 14.341838 12.166957 10.235538 8.538726 7.063685 5.794658 4.713948 3.802813 3.042220 2.413486 1.898759 1.481389 1.146159 0.879429 0.669174 0.504967 0.377899 0.280464 0.206428 0.150675 0.109064 0.078279 0.055696 0.039262 0.027387 0.018846 0.012706 0.008250 0.004927 0.002298 0.000000 
0.000000 0.001727 0.003715 0.006251 0.009687 0.014469 0.021185 0.030610 0.043771 0.062020 0.087119 0.121347 0.167619 0.229618 0.311949 0.420295 0.561589 0.744169 0.977939 1.274488 1.647175 2.111162 2.683353 3.382251 4.227688 5.240422 6.441593 7.852022 9.491364 11.377117 13.523532 15.940439 18.632047 21.595794 24.821282 28.289417 31.971786 35.830379 39.817693 43.877277 47.944734 51.949183 55.815148 59.464820 62.820590 65.807757 68.357279 70.408415 71.911131 72.828130 73.136390 72.828130 71.911131 70.408415 68.357279 65.807757 62.820590 59.464820 55.815148 51.949183 47.944734 43.877277 39.817693 35.830379 31.971786 28.289417 24.821282 21.595794 18.632047 15.940439 13.523532 11.377117 9.491364 7.852022 6.441593 5.240422 4.227688 3.382251 2.683353 2.111162 1.647175 1.274487 0.977939 0.744168 0.561587 0.420292 0.311944 0.229610 0.167606 0.121326 0.087084 0.061965 0.043684 0.030473 0.020971 0.014139 0.009181 0.005483 0.002558 0.000000 
0.000000 0.001906 0.004099 0.006898 0.010688 0.015965 0.023373 0.033770 0.048287 0.068415 0.096097 0.133846 0.184874 0.253242 0.344026 0.463491 0.619277 0.820575 1.078298 1.405218 1.816058 2.327523 2.958238 3.728591 4.660430 5.776623 7.100458 8.654870 10.461505 12.539635 14.904950 17.568268 20.534218 23.799962 27.354036 31.175389 35.232713 39.484122 43.877277 48.349984 52.831297 57.243129 61.502338 65.523207 69.220246 72.511170 75.319926 77.579608 79.235104 80.245330 80.584929 80.245330 79.235104 77.579608 75.319926 72.511170 69.220246 65.523207 61.502338 57.243129 52.831297 48.349984 43.877277 39.484122 35.232713 31.175389 27.354036 23.799962 20.534218 17.568268 14.904950 12.539635 10.461505 8.654870 7.100458 5.776623 4.660430 3.728591 2.958238 2.327522 1.816058 1.405218 1.078298 0.820574 0.619275 0.463488 0.344021 0.253233 0.184859 0.133822 0.096059 0.068354 0.048191 0.033619 0.023137 0.015600 0.010130 0.006050 0.002823 0.000000 
0.000000 0.002086 0.004485 0.007547 0.011693 0.017465 0.025569 0.036940 0.052817 0.074829 0.105101 0.146380 0.202177 0.276931 0.376190 0.506802 0.677115 0.897176 1.178910 1.536273 1.985353 2.544403 3.233773 4.075737 5.094163 6.314034 7.760790 9.459479 11.433746 13.704636 16.289281 19.199489 22.440305 26.008617 29.891888 34.067113 38.500076 43.145011 47.944734 52.831297 57.727194 62.547122 67.200255 71.592961 75.631855 79.227053 82.295485 84.764066 86.572600 87.676210 88.047202 87.676210 86.572600 84.764066 82.295485 79.227053 75.631855 71.592961 67.200255 62.547122 57.727194 52.831297 47.944734 43.145011 38.500076 34.067113 29.891888 26.008617 22.440305 19.199489 16.289281 13.704636 11.433746 9.459479 7.760790 6.314034 5.094163 4.075737 3.233773 2.544402 1.985353 1.536273 1.178910 0.897175 0.677113 0.506798 0.376184 0.276921 0.202161 0.146354 0.105060 0.074763 0.052712 0.036774 0.025311 0.017066 0.011083 0.006619 0.003088 0.000000 
0.000000 0.002263 0.004865 0.008186 0.012684 0.018944 0.027732 0.040064 0.057281 0.081150 0.113974 0.158730 0.219225 0.300270 0.407878 0.549469 0.734092 0.972634 1.278016 1.665361 2.152101 2.758012 3.505143 4.417624 5.521313 6.843273 8.411060 10.251808 12.391121 14.851794 17.652376 20.805649 24.317067 28.183247 32.390596 36.914181 41.716925 46.749244 51.949183 57.243129 62.547122 67.768753 72.809637 77.568349 81.943733 85.838430 89.162458 91.836658 93.795824 94.991352 95.393242 94.991352 93.795824 91.836658 89.162458 85.838430 81.943733 77.568349 72.809637 67.768753 62.547122 57.243129 51.949183 46.749244 41.716925 36.914181 32.390596 28.183247 24.317067 20.805649 17.652376 14.851794 12.391121 10.251808 8.411060 6.843273 5.521313 4.417624 3.505143 2.758012 2.152101 1.665361 1.278015 0.972632 0.734090 0.549465 0.407871 0.300260 0.219208 0.158702 0.113929 0.081078 0.057167 0.039884 0.027452 0.018511 0.012022 0.007180 0.003350 0.000000 
0.000000 0.002434 0.005233 0.008805 0.013641 0.020373 0.029823 0.043083 0.061595 0.087257 0.122547 0.170662 0.235695 0.322817 0.438488 0.590685 0.789129 1.045519 1.373740 1.790040 2.313149 2.964312 3.767220 4.747793 5.933810 7.354343 9.038990 11.016895 13.315559 15.959459 18.968515 22.356447 26.129103 30.282838 34.803039 39.662911 44.822616 50.228881 55.815148 61.502338 67.200255 72.809637 78.224800 83.336798 88.036976 92.220759 95.791497 98.664164 100.768725 102.052974 102.484687 102.052974 100.768725 98.664164 95.791497 92.220759 88.036976 83.336798 78.224800 72.809637 67.200255 61.502338 55.815148 50.228881 44.822616 39.662911 34.803039 30.282838 26.129103 22.356447 18.968515 15.959459 13.315559 11.016895 9.038990 7.354343 5.933810 4.747793 3.767220 2.964312 2.313148 1.790039 1.373739 1.045517 0.789126 0.590681 0.438481 0.322806 0.235677 0.170632 0.122498 0.087180 0.061472 0.042889 0.029522 0.019908 0.012929 0.007722 0.003603 0.000000 
