0.000000 0.000000 0.000000 0.000000 0.000000 0.000000 0.000000 0.000000 0.000000 0.000000 0.000000 0.000000 0.000000 0.000000 0.000000 0.000000 0.000000 0.000000 0.000000 0.000000 0.000000 0.000000 0.000000 0.000000 0.000000 0.000000 0.000000 0.000000 0.000000 0.000000 0.000000 0.000000 0.000000 0.000000 0.000000 0.000000 0.000000 0.000000 0.000000 0.000000 0.000000 0.000000 0.000000 0.000000 0.000000 0.000000 0.000000 0.000000 0.000000 0.000000 0.000000 0.000000 0.000000 0.000000 0.000000 0.000000 0.000000 0.000000 0.000000 0.000000 0.000000 0.000000 0.000000 0.000000 0.000000 0.000000 0.000000 0.000000 0.000000 0.000000 0.000000 0.000000 0.000000 0.000000 0.000000 0.000000 0.000000 0.000000 0.000000 0.000000 0.000000 0.000000 0.000000 0.000000 0.000000 0.000000 0.000000 0.000000 0.000000 0.000000 0.000000 0.000000 0.000000 0.000000 0.000000 0.000000 0.000000 0.000000 0.000000 0.000000 
0.000000 0.000000 0.000000 0.000000 0.000000 0.000000 0.000000 0.000000 0.000000 0.000000 0.000000 0.000000 0.000000 0.000000 0.000000 0.000000 0.000000 0.000000 0.000000 0.000000 0.000000 0.000000 0.000000 0.000000 0.000000 0.000000 0.000000 0.000000 0.000000 0.000000 0.000000 0.000000 0.000000 0.000000 0.000000 0.000000 0.000000 0.000000 0.000000 0.000000 0.000000 0.000000 0.000000 0.000000 0.000000 0.000000 0.000000 0.000000 0.000000 0.000000 0.000000 0.000000 0.000000 0.000000 0.000000 0.000000 0.000000 0.000000 0.000000 0.000000 0.000000 0.000000 0.000000 0.000000 0.000000 0.000000 0.000000 0.000000 0.000000 0.000000 0.000000 0.000000 0.000000 0.000000 0.000000 0.000000 0.000000 0.000000 0.000000 0.000000 0.000000 0.000000 0.000000 0.000000 0.000000 0.000000 0.000000 0.000000 0.000000 0.000000 0.000000 0.000000 0.000000 0.000000 0.000000 0.000000 0.000000 0.000000 0.000000 0.000000 
0.000000 0.000000 0.000000 0.000000 0.000000 0.000000 0.000000 0.000000 0.000000 0.000000 0.000000 0.000000 0.000000 0.000000 0.000000 0.000000 0.000000 0.000000 0.000000 0.000000 0.000000 0.000000 0.000000 0.000000 0.000000 0.000000 0.000000 0.000000 0.000000 0.000000 0.000000 0.000000 0.000000 0.000000 0.000000 0.000000 0.000000 0.000000 0.000000 0.000000 0.000000 0.000000 0.000000 0.000000 0.000000 0.000000 0.000000 0.000000 0.000000 0.000000 0.000000 0.000000 0.000000 0.000000 0.000000 0.000000 0.000000 0.000000 0.000000 0.000000 0.000000 0.000000 0.000000 0.000000 0.000000 0.000000 0.000000 0.000000 0.000000 0.000000 0.000000 0.000000 0.000000 0.000000 0.000000 0.000000 0.000000 0.000000 0.000000 0.000000 0.000000 0.000000 0.000000 0.000000 0.000000 0.000000 0.000000 0.000000 0.000000 0.000000 0.000000 0.000000 0.000000 0.000000 0.000000 0.000000 0.000000 0.000000 0.000000 0.000000 
0.000000 0.000000 0.000000 0.000000 0.000000 0.000000 0.000000 0.000000 0.000000 0.000000 0.000000 0.000000 0.000000 0.000000 0.000000 0.000000 0.000000 0.000000 0.000000 0.000000 0.000000 0.000000 0.000000 0.000000 0.000000 0.000000 0.000000 0.000000 0.000000 0.000000 0.000000 0.000000 0.000000 0.000000 0.000000 0.000000 0.000000 0.000000 0.000000 0.000000 0.000000 0.000000 0.000000 0.000000 0.000000 0.000000 0.000000 0.000000 0.000000 0.000000 0.000000 0.000000 0.000000 0.000000 0.000000 0.000000 0.000000 0.000000 0.000000 0.000000 0.000000 0.000000 0.000000 0.000000 0.000000 0.000000 0.000000 0.000000 0.000000 0.000000 0.000000 0.000000 0.000000 0.000000 0.000000 0.000000 0.000000 0.000000 0.000000 0.000000 0.000000 0.000000 0.000000 0.000000 0.000000 0.000000 0.000000 0.000000 0.000000 0.000000 0.000000 0.000000 0.000000 0.000000 0.000000 0.000000 0.000000 0.000000 0.000000 0.000000 
0.000000 0.000000 0.000000 0.000000 0.000000 0.000000 0.000000 0.000000 0.000000 0.000000 0.000000 0.000000 0.000000 0.000000 0.000000 0.000000 0.000000 0.000000 0.000000 0.000000 0.000000 0.000000 0.000000 0.000000 0.000000 0.000000 0.000000 0.000000 0.000000 0.000000 0.000000 0.000000 0.000000 0.000000 0.000000 0.000000 0.000000 0.000000 0.000000 0.000000 0.000000 0.000000 0.000000 0.000000 0.000000 0.000000 0.000000 0.000000 0.000000 0.000000 0.000000 0.000000 0.000000 0.000000 0.000000 0.000000 0.000000 0.000000 0.000000 0.000000 0.000000 0.000000 0.000000 0.000000 0.000000 0.000000 0.000000 0.000000 0.000000 0.000000 0.000000 0.000000 0.000000 0.000000 0.000000 0.000000 0.000000 0.000000 0.000000 0.000000 0.000000 0.000000 0.000000 0.000000 0.000000 0.000000 0.000000 0.000000 0.000000 0.000000 0.000000 0.000000 0.000000 0.000000 0.000000 0.000000 0.000000 0.000000 0.000000 0.000000 
0.000000 0.000000 0.000000 0.000000 0.000000 0.000000 0.000000 0.000000 0.000000 0.000000 0.000000 0.000000 0.000000 0.000000 0.000000 0.000000 0.000000 0.000000 0.000000 0.000000 0.000000 0.000000 0.000000 0.000000 0.000000 0.000000 0.000000 0.000000 0.000000 0.000000 0.000000 0.000000 0.000000 0.000000 0.000000 0.000000 0.000000 0.000000 0.000000 0.000000 0.000000 0.000000 0.000000 0.000000 0.000000 0.000000 0.000000 0.000000 0.000000 0.000000 0.000000 0.000000 0.000000 0.000000 0.000000 0.000000 0.000000 0.000000 0.000000 0.000000 0.000000 0.000000 0.000000 0.000000 0.000000 0.000000 0.000000 0.000000 0.000000 0.000000 0.000000 0.000000 0.000000 0.000000 0.000000 0.000000 0.000000 0.000000 0.000000 0.000000 0.000000 0.000000 0.000000 0.000000 0.000000 0.000000 0.000000 0.000000 0.000000 0.000000 0.000000 0.000000 0.000000 0.000000 0.000000 0.000000 0.000000 0.000000 0.000000 0.000000 
0.000000 0.000000 0.000000 0.000000 0.000000 0.000000 0.000000 0.000000 0.000000 0.000000 0.000000 0.000000 0.000000 0.000000 0.000000 0.000000 0.000000 0.000000 0.000000 0.000000 0.000000 0.000000 0.000000 0.000000 0.000000 0.000000 0.000000 0.000000 0.000000 0.000000 0.000000 0.000000 0.000000 0.000000 0.000000 0.000000 0.000000 0.000000 0.000000 0.000000 0.000000 0.000000 0.000000 0.000000 0.000000 0.000000 0.000000 0.000000 0.000000 0.000000 0.000000 0.000000 0.000000 0.000000 0.000000 0.000000 0.000000 0.000000 0.000000 0.000000 0.000000 0.000000 0.000000 0.000000 0.000000 0.000000 0.000000 0.000000 0.000000 0.000000 0.000000 0.000000 0.000000 0.000000 0.000000 0.000000 0.000000 0.000000 0.000000 0.000000 0.000000 0.000000 0.000000 0.000000 0.000000 0.000000 0.000000 0.000000 0.000000 0.000000 0.000000 0.000000 0.000000 0.000000 0.000000 0.000000 0.000000 0.000000 0.000000 0.000000 
0.000000 0.000000 0.000000 0.000000 0.000000 0.000000 0.000000 0.000000 0.000000 0.000000 0.000000 0.000000 0.000000 0.000000 0.000000 0.000000 0.000000 0.000000 0.000000 0.000000 0.000000 0.000000 0.000000 0.000000 0.000000 0.000000 0.000000 0.000000 0.000000 0.000000 0.000000 0.000000 0.000000 0.000000 0.000000 0.000000 0.000000 0.000000 0.000000 0.000000 0.000000 0.000000 0.000000 0.000000 0.000000 0.000000 0.000000 0.000000 0.000000 0.000000 0.000000 0.000000 0.000000 0.000000 0.000000 0.000000 0.000000 0.000000 0.000000 0.000000 0.000000 0.000000 0.000000 0.000000 0.000000 0.000000 0.000000 0.000000 0.000000 0.000000 0.000000 0.000000 0.000000 0.000000 0.000000 0.000000 0.000000 0.000000 0.000000 0.000000 0.000000 0.000000 0.000000 0.000000 0.000000 0.000000 0.000000 0.000000 0.000000 0.000000 0.000000 0.000000 0.000000 0.000000 0.000000 0.000000 0.000000 0.000000 0.000000 0.000000 
0.000000 0.000000 0.000000 0.000000 0.000000 0.000000 0.000000 0.000000 0.000000 0.000000 0.000000 0.000000 0.000000 0.000000 0.000000 0.000000 0.000000 0.000000 0.000000 0.000000 0.000000 0.000000 0.000000 0.000000 0.000000 0.000000 0.000000 0.000000 0.000000 0.000000 0.000000 0.000000 0.000000 0.000000 0.000000 0.000000 0.000000 0.000000 0.000000 0.000000 0.000000 0.000000 0.000000 0.000000 0.000000 0.000000 0.000000 0.000000 0.000000 0.000000 0.000000 0.000000 0.000000 0.000000 0.000000 0.000000 0.000000 0.000000 0.000000 0.000000 0.000000 0.000000 0.000000 0.000000 0.000000 0.000000 0.000000 0.000000 0.000000 0.000000 0.000000 0.000000 0.000000 0.000000 0.000000 0.000000 0.000000 0.000000 0.000000 0.000000 0.000000 0.000000 0.000000 0.000000 0.000000 0.000000 0.000000 0.000000 0.000000 0.000000 0.000000 0.000000 0.000000 0.000000 0.000000 0.000000 0.000000 0.000000 0.000000 0.000000 
0.000000 0.000000 0.000000 0.000000 0.000000 0.000000 0.000000 0.000000 0.000000 0.000000 0.000000 0.000000 0.000000 0.000000 0.000000 0.000000 0.000000 0.000000 0.000000 0.000000 0.000000 0.000000 0.000000 0.000000 0.000000 0.000000 0.000000 0.000000 0.000000 0.000000 0.000000 0.000000 0.000000 0.000000 0.000000 0.000000 0.000000 0.000000 0.000000 0.000000 0.000000 0.000000 0.000000 0.000000 0.000000 0.000000 0.000000 0.000000 0.000000 0.000000 0.000000 0.000000 0.000000 0.000000 0.000000 0.000000 0.000000 0.000000 0.000000 0.000000 0.000000 0.000000 0.000000 0.000000 0.000000 0.000000 0.000000 0.000000 0.000000 0.000000 0.000000 0.000000 0.000000 0.000000 0.000000 0.000000 0.000000 0.000000 0.000000 0.000000 0.000000 0.000000 0.000000 0.000000 0.000000 0.000000 0.000000 0.000000 0.000000 0.000000 0.000000 0.000000 0.000000 0.000000 0.000000 0.000000 0.000000 0.000000 0.000000 0.000000 
0.000000 0.000000 0.000000 0.000000 0.000000 0.000000 0.000000 0.000000 0.000000 0.000000 0.000000 0.000000 0.000000 0.000000 0.000000 0.000000 0.000000 0.000000 0.000000 0.000000 0.000000 0.000000 0.000000 0.000000 0.000000 0.000000 0.000000 0.000000 0.000000 0.000000 0.000000 0.000000 0.000000 0.000000 0.000000 0.000000 0.000000 0.000000 0.000000 0.000000 0.000000 0.000000 0.000000 0.000000 0.000000 0.000000 0.000000 0.000000 0.000000 0.000000 0.000000 0.000000 0.000000 0.000000 0.000000 0.000000 0.000000 0.000000 0.000000 0.000000 0.000000 0.000000 0.000000 0.000000 0.000000 0.000000 0.000000 0.000000 0.000000 0.000000 0.000000 0.000000 0.000000 0.000000 0.000000 0.000000 0.000000 0.000000 0.000000 0.000000 0.000000 0.000000 0.000000 0.000000 0.000000 0.000000 0.000000 0.000000 0.000000 0.000000 0.000000 0.000000 0.000000 0.000000 0.000000 0.000000 0.000000 0.000000 0.000000 0.000000 
0.000000 0.000000 0.000000 0.000000 0.000000 0.000000 0.000000 0.000000 0.000000 0.000000 0.000000 0.000000 0.000000 0.000000 0.000000 0.000000 0.000000 0.000000 0.000000 0.000000 0.000000 0.000000 0.000000 0.000000 0.000000 0.000000 0.000000 0.000000 0.000000 0.000000 0.000000 0.000000 0.000000 0.000000 0.000000 0.000000 0.000000 0.000000 0.000000 0.000000 0.000000 0.000000 0.000000 0.000000 0.000000 0.000000 0.000000 0.000000 0.000000 0.000001 0.000001 0.000001 0.000000 0.000000 0.000000 0.000000 0.000000 0.000000 0.000000 0.000000 0.000000 0.000000 0.000000 0.000000 0.000000 0.000000 0.000000 0.000000 0.000000 0.000000 0.000000 0.000000 0.000000 0.000000 0.000000 0.000000 0.000000 0.000000 0.000000 0.000000 0.000000 0.000000 0.000000 0.000000 0.000000 0.000000 0.000000 0.000000 0.000000 0.000000 0.000000 0.000000 0.000000 0.000000 0.000000 0.000000 0.000000 0.000000 0.000000 0.000000 
0.000000 0.000000 0.000000 0.000000 0.000000 0.000000 0.000000 0.000000 0.000000 0.000000 0.000000 0.000000 0.000000 0.000000 0.000000 0.000000 0.000000 0.000000 0.000000 0.000000 0.000000 0.000000 0.000000 0.000000 0.000000 0.000000 0.000000 0.000000 0.000000 0.000000 0.000000 0.000000 0.000000 0.000000 0.000000 0.000000 0.000000 0.000000 0.000000 0.000000 0.000000 0.000000 0.000001 0.000001 0.000001 0.000001 0.000001 0.000001 0.000001 0.000001 0.000001 0.000001 0.000001 0.000001 0.000001 0.000001 0.000001 0.000001 0.000001 0.000000 0.000000 0.000000 0.000000 0.000000 0.000000 0.000000 0.000000 0.000000 0.000000 0.000000 0.000000 0.000000 0.000000 0.000000 0.000000 0.000000 0.000000 0.000000 0.000000 0.000000 0.000000 0.000000 0.000000 0.000000 0.000000 0.000000 0.000000 0.000000 0.000000 0.000000 0.000000 0.000000 0.000000 0.000000 0.000000 0.000000 0.000000 0.000000 0.000000 0.000000 
0.000000 0.000000 0.000000 0.000000 0.000000 0.000000 0.000000 0.000000 0.000000 0.000000 0.000000 0.000000 0.000000 0.000000 0.000000 0.000000 0.000000 0.000000 0.000000 0.000000 0.000000 0.000000 0.000000 0.000000 0.000000 0.000000 0.000000 0.000000 0.000000 0.000000 0.000000 0.000000 0.000000 0.000000 0.000000 0.000000 0.000000 0.000000 0.000000 0.000001 0.000001 0.000001 0.000001 0.000002 0.000002 0.000003 0.000003 0.000003 0.000004 0.000004 0.000004 0.000004 0.000004 0.000003 0.000003 0.000003 0.000002 0.000002 0.000001 0.000001 0.000001 0.000001 0.000000 0.000000 0.000000 0.000000 0.000000 0.000000 0.000000 0.000000 0.000000 0.000000 0.000000 0.000000 0.000000 0.000000 0.000000 0.000000 0.000000 0.000000 0.000000 0.000000 0.000000 0.000000 0.000000 0.000000 0.000000 0.000000 0.000000 0.000000 0.000000 0.000000 0.000000 0.000000 0.000000 0.000000 0.000000 0.000000 0.000000 0.000000 
0.000000 0.000000 0.000000 0.000000 0.000000 0.000000 0.000000 0.000000 0.000000 0.000000 0.000000 0.000000 0.000000 0.000000 0.000000 0.000000 0.000000 0.000000 0.000000 0.000000 0.000000 0.000000 0.000000 0.000000 0.000000 0.000000 0.000000 0.000000 0.000000 0.000000 0.000000 0.000000 0.000000 0.000000 0.000000 0.000000 0.000000 0.000001 0.000001 0.000002 0.000002 0.000003 0.000004 0.000005 0.000006 0.000007 0.000008 0.000009 0.000009 0.000010 0.000010 0.000010 0.000009 0.000009 0.000008 0.000007 0.000006 0.000005 0.000004 0.000003 0.000002 0.000002 0.000001 0.000001 0.000000 0.000000 0.000000 0.000000 0.000000 0.000000 0.000000 0.000000 0.000000 0.000000 0.000000 0.000000 0.000000 0.000000 0.000000 0.000000 0.000000 0.000000 0.000000 0.000000 0.000000 0.000000 0.000000 0.000000 0.000000 0.000000 0.000000 0.000000 0.000000 0.000000 0.000000 0.000000 0.000000 0.000000 0.000000 0.000000 
0.000000 0.000000 0.000000 0.000000 0.000000 0.000000 0.000000 0.000000 0.000000 0.000000 0.000000 0.000000 0.000000 0.000000 0.000000 0.000000 0.000000 0.000000 0.000000 0.000000 0.000000 0.000000 0.000000 0.000000 0.000000 0.000000 0.000000 0.000000 0.000000 0.000000 0.000000 0.000000 0.000000 0.000000 0.000001 0.000001 0.000001 0.000002 0.000003 0.000004 0.000006 0.000007 0.000010 0.000012 0.000015 0.000017 0.000020 0.000022 0.000024 0.000025 0.000026 0.000025 0.000024 0.000022 0.000020 0.000017 0.000015 0.000012 0.000010 0.000007 0.000006 0.000004 0.000003 0.000002 0.000001 0.000001 0.000001 0.000000 0.000000 0.000000 0.000000 0.000000 0.000000 0.000000 0.000000 0.000000 0.000000 0.000000 0.000000 0.000000 0.000000 0.000000 0.000000 0.000000 0.000000 0.000000 0.000000 0.000000 0.000000 0.000000 0.000000 0.000000 0.000000 0.000000 0.000000 0.000000 0.000000 0.000000 0.000000 0.000000 
0.000000 0.000000 0.000000 0.000000 0.000000 0.000000 0.000000 0.000000 0.000000 0.000000 0.000000 0.000000 0.000000 0.000000 0.000000 0.000000 0.000000 0.000000 0.000000 0.000000 0.000000 0.000000 0.000000 0.000000 0.000000 0.000000 0.000000 0.000000 0.000000 0.000000 0.000000 0.000000 0.000000 0.000001 0.000001 0.000002 0.000003 0.000005 0.000007 0.000010 0.000014 0.000019 0.000024 0.000030 0.000037 0.000044 0.000050 0.000056 0.000060 0.000063 0.000064 0.000063 0.000060 0.000056 0.000050 0.000044 0.000037 0.000030 0.000024 0.000019 0.000014 0.000010 0.000007 0.000005 0.000003 0.000002 0.000001 0.000001 0.000000 0.000000 0.000000 0.000000 0.000000 0.000000 0.000000 0.000000 0.000000 0.000000 0.000000 0.000000 0.000000 0.000000 0.000000 0.000000 0.000000 0.000000 0.000000 0.000000 0.000000 0.000000 0.000000 0.000000 0.000000 0.000000 0.000000 0.000000 0.000000 0.000000 0.000000 0.000000 
0.000000 0.000000 0.000000 0.000000 0.000000 0.000000 0.000000 0.000000 0.000000 0.000000 0.000000 0.000000 0.000000 0.000000 0.000000 0.000000 0.000000 0.000000 0.000000 0.000000 0.000000 0.000000 0.000000 0.000000 0.000000 0.000000 0.000000 0.000000 0.000000 0.000000 0.000000 0.000001 0.000001 0.000002 0.000003 0.000005 0.000008 0.000012 0.000018 0.000025 0.000034 0.000046 0.000059 0.000074 0.000090 0.000107 0.000122 0.000136 0.000147 0.000154 0.000156 0.000154 0.000147 0.000136 0.000122 0.000107 0.000090 0.000074 0.000059 0.000046 0.000034 0.000025 0.000018 0.000012 0.000008 0.000005 0.000003 0.000002 0.000001 0.000001 0.000000 0.000000 0.000000 0.000000 0.000000 0.000000 0.000000 0.000000 0.000000 0.000000 0.000000 0.000000 0.000000 0.000000 0.000000 0.000000 0.000000 0.000000 0.000000 0.000000 0.000000 0.000000 0.000000 0.000000 0.000000 0.000000 0.000000 0.000000 0.000000 0.000000 
0.000000 0.000000 0.000000 0.000000 0.000000 0.000000 0.000000 0.000000 0.000000 0.000000 0.000000 0.000000 0.000000 0.000000 0.000000 0.000000 0.000000 0.000000 0.000000 0.000000 0.000000 0.000000 0.000000 0.000000 0.000000 0.000000 0.000000 0.000000 0.000000 0.000001 0.000001 0.000002 0.000003 0.000005 0.000008 0.000013 0.000020 0.000029 0.000043 0.000060 0.000082 0.000110 0.000142 0.000178 0.000216 0.000255 0.000292 0.000325 0.000350 0.000366 0.000372 0.000366 0.000350 0.000325 0.000292 0.000255 0.000216 0.000178 0.000142 0.000110 0.000082 0.000060 0.000043 0.000029 0.000020 0.000013 0.000008 0.000005 0.000003 0.000002 0.000001 0.000001 0.000000 0.000000 0.000000 0.000000 0.000000 0.000000 0.000000 0.000000 0.000000 0.000000 0.000000 0.000000 0.000000 0.000000 0.000000 0.000000 0.000000 0.000000 0.000000 0.000000 0.000000 0.000000 0.000000 0.000000 0.000000 0.000000 0.000000 0.000000 
0.000000 0.000000 0.000000 0.000000 0.000000 0.000000 0.000000 0.000000 0.000000 0.000000 0.000000 0.000000 0.000000 0.000000 0.000000 0.000000 0.000000 0.000000 0.000000 0.000000 0.000000 0.000000 0.000000 0.000000 0.000000 0.000000 0.000000 0.000000 0.000001 0.000001 0.000002 0.000004 0.000007 0.000012 0.000019 0.000030 0.000046 0.000069 0.000100 0.000141 0.000193 0.000256 0.000331 0.000414 0.000503 0.000594 0.000680 0.000755 0.000814 0.000852 0.000865 0.000852 0.000814 0.000755 0.000680 0.000594 0.000503 0.000414 0.000331 0.000256 0.000193 0.000141 0.000100 0.000069 0.000046 0.000030 0.000019 0.000012 0.000007 0.000004 0.000002 0.000001 0.000001 0.000000 0.000000 0.000000 0.000000 0.000000 0.000000 0.000000 0.000000 0.000000 0.000000 0.000000 0.000000 0.000000 0.000000 0.000000 0.000000 0.000000 0.000000 0.000000 0.000000 0.000000 0.000000 0.000000 0.000000 0.000000 0.000000 0.000000 
0.000000 0.000000 0.000000 0.000000 0.000000 0.000000 0.000000 0.000000 0.000000 0.000000 0.000000 0.000000 0.000000 0.000000 0.000000 0.000000 0.000000 0.000000 0.000000 0.000000 0.000000 0.000000 0.000000 0.000000 0.000000 0.000000 0.000000 0.000001 0.000002 0.000003 0.000005 0.000009 0.000016 0.000027 0.000044 0.000069 0.000106 0.000158 0.000229 0.000322 0.000440 0.000584 0.000753 0.000942 0.001144 0.001348 0.001543 0.001713 0.001846 0.001931 0.001960 0.001931 0.001846 0.001713 0.001543 0.001348 0.001144 0.000942 0.000753 0.000584 0.000440 0.000322 0.000229 0.000158 0.000106 0.000069 0.000044 0.000027 0.000016 0.000009 0.000005 0.000003 0.000002 0.000001 0.000000 0.000000 0.000000 0.000000 0.000000 0.000000 0.000000 0.000000 0.000000 0.000000 0.000000 0.000000 0.000000 0.000000 0.000000 0.000000 0.000000 0.000000 0.000000 0.000000 0.000000 0.000000 0.000000 0.000000 0.000000 0.000000 
0.000000 0.000000 0.000000 0.000000 0.000000 0.000000 0.000000 0.000000 0.000000 0.000000 0.000000 0.000000 0.000000 0.000000 0.000000 0.000000 0.000000 0.000000 0.000000 0.000000 0.000000 0.000000 0.000000 0.000000 0.000000 0.000000 0.000001 0.000002 0.000003 0.000007 0.000012 0.000021 0.000036 0.000060 0.000098 0.000154 0.000237 0.000353 0.000511 0.000718 0.000980 0.001299 0.001672 0.002090 0.002536 0.002987 0.003415 0.003791 0.004084 0.004271 0.004335 0.004271 0.004084 0.003791 0.003415 0.002987 0.002536 0.002090 0.001672 0.001299 0.000980 0.000718 0.000511 0.000353 0.000237 0.000154 0.000098 0.000060 0.000036 0.000021 0.000012 0.000007 0.000003 0.000002 0.000001 0.000000 0.000000 0.000000 0.000000 0.000000 0.000000 0.000000 0.000000 0.000000 0.000000 0.000000 0.000000 0.000000 0.000000 0.000000 0.000000 0.000000 0.000000 0.000000 0.000000 0.000000 0.000000 0.000000 0.000000 0.000000 
0.000000 0.000000 0.000000 0.000000 0.000000 0.000000 0.000000 0.000000 0.000000 0.000000 0.000000 0.000000 0.000000 0.000000 0.000000 0.000000 0.000000 0.000000 0.000000 0.000000 0.000000 0.000000 0.000000 0.000000 0.000000 0.000001 0.000002 0.000004 0.000008 0.000014 0.000026 0.000046 0.000079 0.000132 0.000214 0.000338 0.000517 0.000769 0.001111 0.001559 0.002126 0.002815 0.003620 0.004520 0.005480 0.006451 0.007373 0.008180 0.008810 0.009212 0.009350 0.009212 0.008810 0.008180 0.007373 0.006451 0.005480 0.004520 0.003620 0.002815 0.002126 0.001559 0.001111 0.000769 0.000517 0.000338 0.000214 0.000132 0.000079 0.000046 0.000026 0.000014 0.000008 0.000004 0.000002 0.000001 0.000000 0.000000 0.000000 0.000000 0.000000 0.000000 0.000000 0.000000 0.000000 0.000000 0.000000 0.000000 0.000000 0.000000 0.000000 0.000000 0.000000 0.000000 0.000000 0.000000 0.000000 0.000000 0.000000 0.000000 
0.000000 0.000000 0.000000 0.000000 0.000000 0.000000 0.000000 0.000000 0.000000 0.000000 0.000000 0.000000 0.000000 0.000000 0.000000 0.000000 0.000000 0.000000 0.000000 0.000000 0.000000 0.000000 0.000000 0.000000 0.000001 0.000002 0.000004 0.000009 0.000017 0.000031 0.000056 0.000099 0.000170 0.000283 0.000457 0.000719 0.001099 0.001632 0.002355 0.003301 0.004496 0.005947 0.007640 0.009531 0.011548 0.013585 0.015518 0.017210 0.018531 0.019372 0.019660 0.019372 0.018531 0.017210 0.015518 0.013585 0.011548 0.009531 0.007640 0.005947 0.004496 0.003301 0.002355 0.001632 0.001099 0.000719 0.000457 0.000283 0.000170 0.000099 0.000056 0.000031 0.000017 0.000009 0.000004 0.000002 0.000001 0.000000 0.000000 0.000000 0.000000 0.000000 0.000000 0.000000 0.000000 0.000000 0.000000 0.000000 0.000000 0.000000 0.000000 0.000000 0.000000 0.000000 0.000000 0.000000 0.000000 0.000000 0.000000 0.000000 
0.000000 0.000000 0.000000 0.000000 0.000000 0.000000 0.000000 0.000000 0.000000 0.000000 0.000000 0.000000 0.000000 0.000000 0.000000 0.000000 0.000000 0.000000 0.000000 0.000000 0.000000 0.000000 0.000000 0.000001 0.000002 0.000005 0.000009 0.000018 0.000035 0.000065 0.000118 0.000207 0.000354 0.000589 0.000951 0.001493 0.002278 0.003377 0.004867 0.006814 0.009268 0.012246 0.015718 0.019593 0.023721 0.027888 0.031839 0.035297 0.037996 0.039714 0.040303 0.039714 0.037996 0.035297 0.031839 0.027888 0.023721 0.019593 0.015718 0.012246 0.009268 0.006814 0.004867 0.003377 0.002278 0.001493 0.000951 0.000589 0.000354 0.000207 0.000118 0.000065 0.000035 0.000018 0.000009 0.000005 0.000002 0.000001 0.000000 0.000000 0.000000 0.000000 0.000000 0.000000 0.000000 0.000000 0.000000 0.000000 0.000000 0.000000 0.000000 0.000000 0.000000 0.000000 0.000000 0.000000 0.000000 0.000000 0.000000 0.000000 
0.000000 0.000000 0.000000 0.000000 0.000000 0.000000 0.000000 0.000000 0.000000 0.000000 0.000000 0.000000 0.000000 0.000000 0.000000 0.000000 0.000000 0.000000 0.000000 0.000000 0.000000 0.000000 0.000001 0.000002 0.000005 0.000010 0.000019 0.000038 0.000072 0.000134 0.000241 0.000423 0.000720 0.001195 0.001926 0.003019 0.004599 0.006811 0.009801 0.013705 0.018621 0.024579 0.031517 0.039256 0.047492 0.055803 0.063678 0.070567 0.075941 0.079361 0.080535 0.079361 0.075941 0.070567 0.063678 0.055803 0.047492 0.039256 0.031517 0.024579 0.018621 0.013705 0.009801 0.006811 0.004599 0.003019 0.001926 0.001195 0.000720 0.000423 0.000241 0.000134 0.000072 0.000038 0.000019 0.000010 0.000005 0.000002 0.000001 0.000000 0.000000 0.000000 0.000000 0.000000 0.000000 0.000000 0.000000 0.000000 0.000000 0.000000 0.000000 0.000000 0.000000 0.000000 0.000000 0.000000 0.000000 0.000000 0.000000 0.000000 
0.000000 0.000000 0.000000 0.000000 0.000000 0.000000 0.000000 0.000000 0.000000 0.000000 0.000000 0.000000 0.000000 0.000000 0.000000 0.000000 0.000000 0.000000 0.000000 0.000000 0.000000 0.000001 0.000002 0.000004 0.000009 0.000019 0.000039 0.000076 0.000144 0.000266 0.000479 0.000838 0.001427 0.002362 0.003801 0.005948 0.009048 0.013380 0.019230 0.026859 0.036453 0.048070 0.061584 0.076647 0.092664 0.108817 0.124116 0.137493 0.147926 0.154564 0.156842 0.154564 0.147926 0.137493 0.124116 0.108817 0.092664 0.076647 0.061584 0.048070 0.036453 0.026859 0.019230 0.013380 0.009048 0.005948 0.003801 0.002362 0.001427 0.000838 0.000479 0.000266 0.000144 0.000076 0.000039 0.000019 0.000009 0.000004 0.000002 0.000001 0.000000 0.000000 0.000000 0.000000 0.000000 0.000000 0.000000 0.000000 0.000000 0.000000 0.000000 0.000000 0.000000 0.000000 0.000000 0.000000 0.000000 0.000000 0.000000 0.000000 
0.000000 0.000000 0.000000 0.000000 0.000000 0.000000 0.000000 0.000000 0.000000 0.000000 0.000000 0.000000 0.000000 0.000000 0.000000 0.000000 0.000000 0.000000 0.000000 0.000000 0.000001 0.000002 0.000004 0.000009 0.000018 0.000038 0.000076 0.000148 0.000280 0.000517 0.000927 0.001620 0.002751 0.004546 0.007306 0.011415 0.017340 0.025608 0.036758 0.051281 0.069526 0.091596 0.117249 0.145816 0.176174 0.206770 0.235733 0.261049 0.280787 0.293342 0.297651 0.293342 0.280787 0.261049 0.235733 0.206770 0.176174 0.145816 0.117249 0.091596 0.069526 0.051281 0.036758 0.025608 0.017340 0.011415 0.007306 0.004546 0.002751 0.001620 0.000927 0.000517 0.000280 0.000148 0.000076 0.000038 0.000018 0.000009 0.000004 0.000002 0.000001 0.000000 0.000000 0.000000 0.000000 0.000000 0.000000 0.000000 0.000000 0.000000 0.000000 0.000000 0.000000 0.000000 0.000000 0.000000 0.000000 0.000000 0.000000 0.000000 
0.000000 0.000000 0.000000 0.000000 0.000000 0.000000 0.000000 0.000000 0.000000 0.000000 0.000000 0.000000 0.000000 0.000000 0.000000 0.000000 0.000000 0.000000 0.000000 0.000001 0.000002 0.000003 0.000008 0.000017 0.000035 0.000072 0.000144 0.000280 0.000530 0.000975 0.001748 0.003046 0.005167 0.008523 0.013674 0.021335 0.032365 0.047735 0.068438 0.095374 0.129177 0.170027 0.217468 0.270259 0.326321 0.382790 0.436220 0.482904 0.519291 0.542431 0.550372 0.542431 0.519291 0.482904 0.436220 0.382790 0.326321 0.270259 0.217468 0.170027 0.129177 0.095374 0.068438 0.047735 0.032365 0.021335 0.013674 0.008523 0.005167 0.003046 0.001748 0.000975 0.000530 0.000280 0.000144 0.000072 0.000035 0.000017 0.000008 0.000003 0.000002 0.000001 0.000000 0.000000 0.000000 0.000000 0.000000 0.000000 0.000000 0.000000 0.000000 0.000000 0.000000 0.000000 0.000000 0.000000 0.000000 0.000000 0.000000 0.000000 
0.000000 0.000000 0.000000 0.000000 0.000000 0.000000 0.000000 0.000000 0.000000 0.000000 0.000000 0.000000 0.000000 0.000000 0.000000 0.000000 0.000000 0.000000 0.000001 0.000001 0.000003 0.000007 0.000014 0.000031 0.000065 0.000134 0.000266 0.000517 0.000975 0.001792 0.003206 0.005578 0.009445 0.015556 0.024922 0.038828 0.058826 0.086654 0.124097 0.172758 0.233762 0.307418 0.392887 0.487927 0.588789 0.690328 0.786358 0.870231 0.935587 0.977143 0.991402 0.977143 0.935587 0.870231 0.786358 0.690328 0.588789 0.487927 0.392887 0.307418 0.233762 0.172758 0.124097 0.086654 0.058826 0.038828 0.024922 0.015556 0.009445 0.005578 0.003206 0.001792 0.000975 0.000517 0.000266 0.000134 0.000065 0.000031 0.000014 0.000007 0.000003 0.000001 0.000001 0.000000 0.000000 0.000000 0.000000 0.000000 0.000000 0.000000 0.000000 0.000000 0.000000 0.000000 0.000000 0.000000 0.000000 0.000000 0.000000 0.000000 
0.000000 0.000000 0.000000 0.000000 0.000000 0.000000 0.000000 0.000000 0.000000 0.000000 0.000000 0.000000 0.000000 0.000000 0.000000 0.000000 0.000000 0.000000 0.000001 0.000002 0.000005 0.000012 0.000026 0.000056 0.000118 0.000241 0.000479 0.000927 0.001748 0.003206 0.005723 0.009943 0.016808 0.027641 0.044219 0.068801 0.104105 0.153173 0.219120 0.304734 0.411964 0.541319 0.691302 0.857963 1.034725 1.212580 1.380711 1.527507 1.641863 1.714562 1.739507 1.714562 1.641863 1.527507 1.380711 1.212580 1.034725 0.857963 0.691302 0.541319 0.411964 0.304734 0.219120 0.153173 0.104105 0.068801 0.044219 0.027641 0.016808 0.009943 0.005723 0.003206 0.001748 0.000927 0.000479 0.000241 0.000118 0.000056 0.000026 0.000012 0.000005 0.000002 0.000001 0.000000 0.000000 0.000000 0.000000 0.000000 0.000000 0.000000 0.000000 0.000000 0.000000 0.000000 0.000000 0.000000 0.000000 0.000000 0.000000 0.000000 
0.000000 0.000000 0.000000 0.000000 0.000000 0.000000 0.000000 0.000000 0.000000 0.000000 0.000000 0.000000 0.000000 0.000000 0.000000 0.000000 0.000000 0.000001 0.000002 0.000004 0.000009 0.000021 0.000046 0.000099 0.000207 0.000423 0.000838 0.001620 0.003046 0.005578 0.009943 0.017246 0.029110 0.047805 0.076371 0.118676 0.179358 0.263601 0.376700 0.523384 0.706932 0.928171 1.184496 1.469134 1.770847 2.074275 2.360992 2.611241 2.806139 2.930021 2.972524 2.930021 2.806139 2.611241 2.360992 2.074275 1.770847 1.469134 1.184496 0.928171 0.706932 0.523384 0.376700 0.263601 0.179358 0.118676 0.076371 0.047805 0.029110 0.017246 0.009943 0.005578 0.003046 0.001620 0.000838 0.000423 0.000207 0.000099 0.000046 0.000021 0.000009 0.000004 0.000002 0.000001 0.000000 0.000000 0.000000 0.000000 0.000000 0.000000 0.000000 0.000000 0.000000 0.000000 0.000000 0.000000 0.000000 0.000000 0.000000 0.000000 
0.000000 0.000000 0.000000 0.000000 0.000000 0.000000 0.000000 0.000000 0.000000 0.000000 0.000000 0.000000 0.000000 0.000000 0.000000 0.000000 0.000000 0.000001 0.000003 0.000007 0.000016 0.000036 0.000079 0.000170 0.000354 0.000720 0.001427 0.002751 0.005167 0.009445 0.016808 0.029110 0.049063 0.080462 0.128378 0.199250 0.300788 0.441596 0.630443 0.875136 1.181059 1.549510 1.976090 2.449487 2.951003 3.455129 3.931301 4.346776 4.670277 4.875869 4.946400 4.875869 4.670277 4.346776 3.931301 3.455129 2.951003 2.449487 1.976090 1.549510 1.181059 0.875136 0.630443 0.441596 0.300788 0.199250 0.128378 0.080462 0.049063 0.029110 0.016808 0.009445 0.005167 0.002751 0.001427 0.000720 0.000354 0.000170 0.000079 0.000036 0.000016 0.000007 0.000003 0.000001 0.000000 0.000000 0.000000 0.000000 0.000000 0.000000 0.000000 0.000000 0.000000 0.000000 0.000000 0.000000 0.000000 0.000000 0.000000 0.000000 
0.000000 0.000000 0.000000 0.000000 0.000000 0.000000 0.000000 0.000000 0.000000 0.000000 0.000000 0.000000 0.000000 0.000000 0.000000 0.000000 0.000001 0.000002 0.000005 0.000012 0.000027 0.000060 0.000132 0.000283 0.000589 0.001195 0.002362 0.004546 0.008523 0.015556 0.027641 0.047805 0.080462 0.131785 0.210007 0.325567 0.490945 0.720046 1.027009 1.424393 1.920806 2.518232 3.209444 3.976054 4.787773 5.603344 6.373402 7.045098 7.567982 7.900236 8.014211 7.900236 7.567982 7.045098 6.373402 5.603344 4.787773 3.976054 3.209444 2.518232 1.920806 1.424393 1.027009 0.720046 0.490945 0.325567 0.210007 0.131785 0.080462 0.047805 0.027641 0.015556 0.008523 0.004546 0.002362 0.001195 0.000589 0.000283 0.000132 0.000060 0.000027 0.000012 0.000005 0.000002 0.000001 0.000000 0.000000 0.000000 0.000000 0.000000 0.000000 0.000000 0.000000 0.000000 0.000000 0.000000 0.000000 0.000000 0.000000 0.000000 
0.000000 0.000000 0.000000 0.000000 0.000000 0.000000 0.000000 0.000000 0.000000 0.000000 0.000000 0.000000 0.000000 0.000000 0.000000 0.000001 0.000001 0.000003 0.000008 0.000019 0.000044 0.000098 0.000214 0.000457 0.000951 0.001926 0.003801 0.007306 0.013674 0.024922 0.044219 0.076371 0.128378 0.210007 0.334272 0.517646 0.779797 1.142603 1.628267 2.256458 3.040586 3.983604 5.073962 6.282572 7.561658 8.846267 10.058753 11.116063 11.938953 12.461764 12.641094 12.461764 11.938953 11.116063 10.058753 8.846267 7.561658 6.282572 5.073962 3.983604 3.040586 2.256458 1.628267 1.142603 0.779797 0.517646 0.334272 0.210007 0.128378 0.076371 0.044219 0.024922 0.013674 0.007306 0.003801 0.001926 0.000951 0.000457 0.000214 0.000098 0.000044 0.000019 0.000008 0.000003 0.000001 0.000001 0.000000 0.000000 0.000000 0.000000 0.000000 0.000000 0.000000 0.000000 0.000000 0.000000 0.000000 0.000000 0.000000 0.000000 
0.000000 0.000000 0.000000 0.000000 0.000000 0.000000 0.000000 0.000000 0.000000 0.000000 0.000000 0.000000 0.000000 0.000000 0.000000 0.000001 0.000002 0.000005 0.000013 0.000030 0.000069 0.000154 0.000338 0.000719 0.001493 0.003019 0.005948 0.011415 0.021335 0.038828 0.068801 0.118676 0.199250 0.325567 0.517646 0.800795 1.205181 1.764317 2.512149 3.478675 4.684239 6.133123 7.807379 9.662216 11.624293 13.594047 15.452587 17.072832 18.333592 19.134490 19.409188 19.134490 18.333592 17.072832 15.452587 13.594047 11.624293 9.662216 7.807379 6.133123 4.684239 3.478675 2.512149 1.764317 1.205181 0.800795 0.517646 0.325567 0.199250 0.118676 0.068801 0.038828 0.021335 0.011415 0.005948 0.003019 0.001493 0.000719 0.000338 0.000154 0.000069 0.000030 0.000013 0.000005 0.000002 0.000001 0.000000 0.000000 0.000000 0.000000 0.000000 0.000000 0.000000 0.000000 0.000000 0.000000 0.000000 0.000000 0.000000 0.000000 
0.000000 0.000000 0.000000 0.000000 0.000000 0.000000 0.000000 0.000000 0.000000 0.000000 0.000000 0.000000 0.000000 0.000000 0.000000 0.000001 0.000003 0.000008 0.000020 0.000046 0.000106 0.000237 0.000517 0.001099 0.002278 0.004599 0.009048 0.017340 0.032365 0.058826 0.104105 0.179358 0.300788 0.490945 0.779797 1.205181 1.812142 2.650643 3.771215 5.218399 7.022259 9.188837 11.691012 14.461673 17.391234 20.331148 23.104199 25.521090 27.401388 28.595696 29.005303 28.595696 27.401388 25.521090 23.104199 20.331148 17.391234 14.461673 11.691012 9.188837 7.022259 5.218399 3.771215 2.650643 1.812142 1.205181 0.779797 0.490945 0.300788 0.179358 0.104105 0.058826 0.032365 0.017340 0.009048 0.004599 0.002278 0.001099 0.000517 0.000237 0.000106 0.000046 0.000020 0.000008 0.000003 0.000001 0.000000 0.000000 0.000000 0.000000 0.000000 0.000000 0.000000 0.000000 0.000000 0.000000 0.000000 0.000000 0.000000 0.000000 
0.000000 0.000000 0.000000 0.000000 0.000000 0.000000 0.000000 0.000000 0.000000 0.000000 0.000000 0.000000 0.000000 0.000000 0.000001 0.000002 0.000005 0.000012 0.000029 0.000069 0.000158 0.000353 0.000769 0.001632 0.003377 0.006811 0.013380 0.025608 0.047735 0.086654 0.153173 0.263601 0.441596 0.720046 1.142603 1.764317 2.650643 3.874087 5.507865 7.616368 10.242853 13.395627 17.034842 21.062662 25.319735 29.590347 33.617385 37.126381 39.855834 41.589297 42.183779 41.589297 39.855834 37.126381 33.617385 29.590347 25.319735 21.062662 17.034842 13.395627 10.242853 7.616368 5.507865 3.874087 2.650643 1.764317 1.142603 0.720046 0.441596 0.263601 0.153173 0.086654 0.047735 0.025608 0.013380 0.006811 0.003377 0.001632 0.000769 0.000353 0.000158 0.000069 0.000029 0.000012 0.000005 0.000002 0.000001 0.000000 0.000000 0.000000 0.000000 0.000000 0.000000 0.000000 0.000000 0.000000 0.000000 0.000000 0.000000 0.000000 
0.000000 0.000000 0.000000 0.000000 0.000000 0.000000 0.000000 0.000000 0.000000 0.000000 0.000000 0.000000 0.000000 0.000000 0.000001 0.000003 0.000007 0.000018 0.000043 0.000100 0.000229 0.000511 0.001111 0.002355 0.004867 0.009801 0.019230 0.036758 0.068438 0.124097 0.219120 0.376700 0.630443 1.027009 1.628267 2.512149 3.771215 5.507865 7.825352 10.814294 14.535296 18.999488 24.149944 29.847904 35.867885 41.905037 47.596310 52.554371 56.410340 58.858979 59.698682 58.858979 56.410340 52.554371 47.596310 41.905037 35.867885 29.847904 24.149944 18.999488 14.535296 10.814294 7.825352 5.507865 3.771215 2.512149 1.628267 1.027009 0.630443 0.376700 0.219120 0.124097 0.068438 0.036758 0.019230 0.009801 0.004867 0.002355 0.001111 0.000511 0.000229 0.000100 0.000043 0.000018 0.000007 0.000003 0.000001 0.000000 0.000000 0.000000 0.000000 0.000000 0.000000 0.000000 0.000000 0.000000 0.000000 0.000000 0.000000 0.000000 
0.000000 0.000000 0.000000 0.000000 0.000000 0.000000 0.000000 0.000000 0.000000 0.000000 0.000000 0.000000 0.000000 0.000001 0.000002 0.000004 0.000010 0.000025 0.000060 0.000141 0.000322 0.000718 0.001559 0.003301 0.006814 0.013705 0.026859 0.051281 0.095374 0.172758 0.304734 0.523384 0.875136 1.424393 2.256458 3.478675 5.218399 7.616368 10.814294 14.936307 20.065086 26.215157 33.307466 41.150560 49.434001 57.738569 65.565388 72.382498 77.683481 81.049403 82.203608 81.049403 77.683481 72.382498 65.565388 57.738569 49.434001 41.150560 33.307466 26.215157 20.065086 14.936307 10.814294 7.616368 5.218399 3.478675 2.256458 1.424393 0.875136 0.523384 0.304734 0.172758 0.095374 0.051281 0.026859 0.013705 0.006814 0.003301 0.001559 0.000718 0.000322 0.000141 0.000060 0.000025 0.000010 0.000004 0.000002 0.000001 0.000000 0.000000 0.000000 0.000000 0.000000 0.000000 0.000000 0.000000 0.000000 0.000000 0.000000 0.000000 
0.000000 0.000000 0.000000 0.000000 0.000000 0.000000 0.000000 0.000000 0.000000 0.000000 0.000000 0.000000 0.000000 0.000001 0.000002 0.000006 0.000014 0.000034 0.000082 0.000193 0.000440 0.000980 0.002126 0.004496 0.009268 0.018621 0.036453 0.069526 0.129177 0.233762 0.411964 0.706932 1.181059 1.920806 3.040586 4.684239 7.022259 10.242853 14.535296 20.065086 26.942032 35.184619 44.686124 55.189602 66.279233 77.394088 87.867116 96.987381 104.078317 108.580376 110.124102 108.580376 104.078317 96.987381 87.867116 77.394088 66.279233 55.189602 44.686124 35.184619 26.942032 20.065086 14.535296 10.242853 7.022259 4.684239 3.040586 1.920806 1.181059 0.706932 0.411964 0.233762 0.129177 0.069526 0.036453 0.018621 0.009268 0.004496 0.002126 0.000980 0.000440 0.000193 0.000082 0.000034 0.000014 0.000006 0.000002 0.000001 0.000000 0.000000 0.000000 0.000000 0.000000 0.000000 0.000000 0.000000 0.000000 0.000000 0.000000 0.000000 
0.000000 0.000000 0.000000 0.000000 0.000000 0.000000 0.000000 0.000000 0.000000 0.000000 0.000000 0.000000 0.000000 0.000001 0.000003 0.000007 0.000019 0.000046 0.000110 0.000256 0.000584 0.001299 0.002815 0.005947 0.012246 0.024579 0.048070 0.091596 0.170027 0.307418 0.541319 0.928171 1.549510 2.518232 3.983604 6.133123 9.188837 13.395627 18.999488 26.215157 35.184619 45.930815 58.313695 71.997860 86.441477 100.914334 114.548620 126.419834 135.648459 141.507255 143.516113 141.507255 135.648459 126.419834 114.548620 100.914334 86.441477 71.997860 58.313695 45.930815 35.184619 26.215157 18.999488 13.395627 9.188837 6.133123 3.983604 2.518232 1.549510 0.928171 0.541319 0.307418 0.170027 0.091596 0.048070 0.024579 0.012246 0.005947 0.002815 0.001299 0.000584 0.000256 0.000110 0.000046 0.000019 0.000007 0.000003 0.000001 0.000000 0.000000 0.000000 0.000000 0.000000 0.000000 0.000000 0.000000 0.000000 0.000000 0.000000 0.000000 
0.000000 0.000000 0.000000 0.000000 0.000000 0.000000 0.000000 0.000000 0.000000 0.000000 0.000000 0.000000 0.000001 0.000001 0.000004 0.000010 0.000024 0.000059 0.000142 0.000331 0.000753 0.001672 0.003620 0.007640 0.015718 0.031517 0.061584 0.117249 0.217468 0.392887 0.691302 1.184496 1.976090 3.209444 5.073962 7.807379 11.691012 17.034842 24.149944 33.307466 44.686124 58.313695 74.011550 91.353894 109.653945 127.986945 145.254491 160.286899 171.971711 179.389263 181.932491 179.389263 171.971711 160.286899 145.254491 127.986945 109.653945 91.353894 74.011550 58.313695 44.686124 33.307466 24.149944 17.034842 11.691012 7.807379 5.073962 3.209444 1.976090 1.184496 0.691302 0.392887 0.217468 0.117249 0.061584 0.031517 0.015718 0.007640 0.003620 0.001672 0.000753 0.000331 0.000142 0.000059 0.000024 0.000010 0.000004 0.000001 0.000001 0.000000 0.000000 0.000000 0.000000 0.000000 0.000000 0.000000 0.000000 0.000000 0.000000 0.000000 
0.000000 0.000000 0.000000 0.000000 0.000000 0.000000 0.000000 0.000000 0.000000 0.000000 0.000000 0.000000 0.000001 0.000002 0.000005 0.000012 0.000030 0.000074 0.000178 0.000414 0.000942 0.002090 0.004520 0.009531 0.019593 0.039256 0.076647 0.145816 0.270259 0.487927 0.857963 1.469134 2.449487 3.976054 6.282572 9.662216 14.461673 21.062662 29.847904 41.150560 55.189602 71.997860 91.353894 112.732026 135.285545 157.875208 179.148528 197.665754 212.057917 221.193501 224.325681 221.193501 212.057917 197.665754 179.148528 157.875208 135.285545 112.732026 91.353894 71.997860 55.189602 41.150560 29.847904 21.062662 14.461673 9.662216 6.282572 3.976054 2.449487 1.469134 0.857963 0.487927 0.270259 0.145816 0.076647 0.039256 0.019593 0.009531 0.004520 0.002090 0.000942 0.000414 0.000178 0.000074 0.000030 0.000012 0.000005 0.000002 0.000001 0.000000 0.000000 0.000000 0.000000 0.000000 0.000000 0.000000 0.000000 0.000000 0.000000 0.000000 
