0.000000 0.000000 0.000000 0.000000 0.000000 0.000000 0.000000 0.000000 0.000000 0.000000 0.000000 0.000000 0.000000 0.000000 0.000000 0.000000 0.000000 0.000000 0.000000 0.000000 0.000000 0.000000 0.000000 0.000000 0.000000 0.000000 0.000000 0.000000 0.000000 0.000000 0.000000 0.000000 0.000000 0.000000 0.000000 0.000000 0.000000 0.000000 0.000000 0.000000 0.000000 0.000000 0.000000 0.000000 0.000000 0.000000 0.000000 0.000000 0.000000 0.000000 0.000000 0.000000 0.000000 0.000000 0.000000 0.000000 0.000000 0.000000 0.000000 0.000000 0.000000 0.000000 0.000000 0.000000 0.000000 0.000000 0.000000 0.000000 0.000000 0.000000 0.000000 0.000000 0.000000 0.000000 0.000000 0.000000 0.000000 0.000000 0.000000 0.000000 0.000000 0.000000 0.000000 0.000000 0.000000 0.000000 0.000000 0.000000 0.000000 0.000000 0.000000 0.000000 0.000000 0.000000 0.000000 0.000000 0.000000 0.000000 0.000000 0.000000 
0.000000 0.000000 0.000000 0.000000 0.000000 0.000000 0.000000 0.000000 0.000000 0.000000 0.000000 0.000000 0.000000 0.000000 0.000000 0.000000 0.000000 0.000000 0.000000 0.000000 0.000000 0.000000 0.000000 0.000000 0.000001 0.000001 0.000001 0.000001 0.000002 0.000002 0.000003 0.000004 0.000005 0.000007 0.000008 0.000010 0.000012 0.000015 0.000017 0.000020 0.000023 0.000026 0.000029 0.000032 0.000035 0.000037 0.000040 0.000041 0.000043 0.000044 0.000044 0.000044 0.000043 0.000041 0.000040 0.000037 0.000035 0.000032 0.000029 0.000026 0.000023 0.000020 0.000017 0.000015 0.000012 0.000010 0.000008 0.000007 0.000005 0.000004 0.000003 0.000002 0.000002 0.000001 0.000001 0.000001 0.000001 0.000000 0.000000 0.000000 0.000000 0.000000 0.000000 0.000000 0.000000 0.000000 0.000000 0.000000 0.000000 0.000000 0.000000 0.000000 0.000000 0.000000 0.000000 0.000000 0.000000 0.000000 0.000000 0.000000 
0.000000 0.000000 0.000000 0.000000 0.000000 0.000000 0.000000 0.000000 0.000000 0.000000 0.000000 0.000000 0.000000 0.000000 0.000000 0.000000 0.000000 0.000000 0.000000 0.000000 0.000000 0.000000 0.000001 0.000001 0.000001 0.000002 0.000002 0.000003 0.000004 0.000006 0.000008 0.000010 0.000012 0.000016 0.000019 0.000024 0.000029 0.000034 0.000040 0.000047 0.000054 0.000061 0.000068 0.000075 0.000082 0.000088 0.000093 0.000097 0.000101 0.000103 0.000103 0.000103 0.000101 0.000097 0.000093 0.000088 0.000082 0.000075 0.000068 0.000061 0.000054 0.000047 0.000040 0.000034 0.000029 0.000024 0.000019 0.000016 0.000012 0.000010 0.000008 0.000006 0.000004 0.000003 0.000002 0.000002 0.000001 0.000001 0.000001 0.000000 0.000000 0.000000 0.000000 0.000000 0.000000 0.000000 0.000000 0.000000 0.000000 0.000000 0.000000 0.000000 0.000000 0.000000 0.000000 0.000000 0.000000 0.000000 0.000000 0.000000 
0.000000 0.000000 0.000000 0.000000 0.000000 0.000000 0.000000 0.000000 0.000000 0.000000 0.000000 0.000000 0.000000 0.000000 0.000000 0.000000 0.000000 0.000000 0.000000 0.000000 0.000001 0.000001 0.000001 0.000002 0.000002 0.000003 0.000005 0.000006 0.000008 0.000011 0.000015 0.000019 0.000024 0.000030 0.000037 0.000046 0.000055 0.000066 0.000077 0.000090 0.000103 0.000117 0.000130 0.000144 0.000156 0.000168 0.000178 0.000187 0.000193 0.000197 0.000198 0.000197 0.000193 0.000187 0.000178 0.000168 0.000156 0.000144 0.000130 0.000117 0.000103 0.000090 0.000077 0.000066 0.000055 0.000046 0.000037 0.000030 0.000024 0.000019 0.000015 0.000011 0.000008 0.000006 0.000005 0.000003 0.000002 0.000002 0.000001 0.000001 0.000001 0.000000 0.000000 0.000000 0.000000 0.000000 0.000000 0.000000 0.000000 0.000000 0.000000 0.000000 0.000000 0.000000 0.000000 0.000000 0.000000 0.000000 0.000000 0.000000 
0.000000 0.000000 0.000000 0.000000 0.000000 0.000000 0.000000 0.000000 0.000000 0.000000 0.000000 0.000000 0.000000 0.000000 0.000000 0.000000 0.000000 0.000000 0.000000 0.000001 0.000001 0.000002 0.000002 0.000003 0.000004 0.000006 0.000008 0.000011 0.000015 0.000020 0.000026 0.000034 0.000043 0.000054 0.000067 0.000083 0.000100 0.000119 0.000140 0.000163 0.000186 0.000211 0.000236 0.000260 0.000283 0.000304 0.000323 0.000338 0.000349 0.000356 0.000358 0.000356 0.000349 0.000338 0.000323 0.000304 0.000283 0.000260 0.000236 0.000211 0.000186 0.000163 0.000140 0.000119 0.000100 0.000083 0.000067 0.000054 0.000043 0.000034 0.000026 0.000020 0.000015 0.000011 0.000008 0.000006 0.000004 0.000003 0.000002 0.000002 0.000001 0.000001 0.000000 0.000000 0.000000 0.000000 0.000000 0.000000 0.000000 0.000000 0.000000 0.000000 0.000000 0.000000 0.000000 0.000000 0.000000 0.000000 0.000000 0.000000 
0.000000 0.000000 0.000000 0.000000 0.000000 0.000000 0.000000 0.000000 0.000000 0.000000 0.000000 0.000000 0.000000 0.000000 0.000000 0.000000 0.000000 0.000001 0.000001 0.000001 0.000002 0.000003 0.000004 0.000006 0.000008 0.000011 0.000015 0.000020 0.000027 0.000036 0.000047 0.000060 0.000077 0.000096 0.000119 0.000146 0.000176 0.000210 0.000247 0.000287 0.000329 0.000373 0.000417 0.000459 0.000500 0.000537 0.000570 0.000596 0.000616 0.000628 0.000632 0.000628 0.000616 0.000596 0.000570 0.000537 0.000500 0.000459 0.000417 0.000373 0.000329 0.000287 0.000247 0.000210 0.000176 0.000146 0.000119 0.000096 0.000077 0.000060 0.000047 0.000036 0.000027 0.000020 0.000015 0.000011 0.000008 0.000006 0.000004 0.000003 0.000002 0.000001 0.000001 0.000001 0.000000 0.000000 0.000000 0.000000 0.000000 0.000000 0.000000 0.000000 0.000000 0.000000 0.000000 0.000000 0.000000 0.000000 0.000000 0.000000 
0.000000 0.000000 0.000000 0.000000 0.000000 0.000000 0.000000 0.000000 0.000000 0.000000 0.000000 0.000000 0.000000 0.000000 0.000000 0.000000 0.000001 0.000001 0.000001 0.000002 0.000003 0.000005 0.000007 0.000010 0.000014 0.000019 0.000026 0.000035 0.000047 0.000063 0.000082 0.000105 0.000134 0.000168 0.000208 0.000254 0.000307 0.000366 0.000430 0.000500 0.000573 0.000649 0.000724 0.000799 0.000869 0.000934 0.000990 0.001037 0.001071 0.001092 0.001099 0.001092 0.001071 0.001037 0.000990 0.000934 0.000869 0.000799 0.000724 0.000649 0.000573 0.000500 0.000430 0.000366 0.000307 0.000254 0.000208 0.000168 0.000134 0.000105 0.000082 0.000063 0.000047 0.000035 0.000026 0.000019 0.000014 0.000010 0.000007 0.000005 0.000003 0.000002 0.000001 0.000001 0.000001 0.000000 0.000000 0.000000 0.000000 0.000000 0.000000 0.000000 0.000000 0.000000 0.000000 0.000000 0.000000 0.000000 0.000000 0.000000 
0.000000 0.000000 0.000000 0.000000 0.000000 0.000000 0.000000 0.000000 0.000000 0.000000 0.000000 0.000000 0.000000 0.000000 0.000000 0.000001 0.000001 0.000002 0.000003 0.000004 0.000006 0.000008 0.000012 0.000017 0.000024 0.000033 0.000045 0.000061 0.000082 0.000108 0.000141 0.000181 0.000230 0.000289 0.000357 0.000437 0.000528 0.000629 0.000740 0.000859 0.000984 0.001114 0.001244 0.001371 0.001492 0.001603 0.001700 0.001779 0.001838 0.001874 0.001886 0.001874 0.001838 0.001779 0.001700 0.001603 0.001492 0.001371 0.001244 0.001114 0.000984 0.000859 0.000740 0.000629 0.000528 0.000437 0.000357 0.000289 0.000230 0.000181 0.000141 0.000108 0.000082 0.000061 0.000045 0.000033 0.000024 0.000017 0.000012 0.000008 0.000006 0.000004 0.000003 0.000002 0.000001 0.000001 0.000000 0.000000 0.000000 0.000000 0.000000 0.000000 0.000000 0.000000 0.000000 0.000000 0.000000 0.000000 0.000000 0.000000 
0.000000 0.000000 0.000000 0.000000 0.000000 0.000000 0.000000 0.000000 0.000000 0.000000 0.000000 0.000000 0.000000 0.000000 0.000001 0.000001 0.000002 0.000003 0.000004 0.000006 0.000009 0.000014 0.000020 0.000029 0.000040 0.000056 0.000077 0.000104 0.000139 0.000183 0.000239 0.000308 0.000391 0.000490 0.000607 0.000742 0.000896 0.001067 0.001255 0.001457 0.001670 0.001889 0.002110 0.002325 0.002530 0.002718 0.002881 0.003015 0.003115 0.003176 0.003197 0.003176 0.003115 0.003015 0.002881 0.002718 0.002530 0.002325 0.002110 0.001889 0.001670 0.001457 0.001255 0.001067 0.000896 0.000742 0.000607 0.000490 0.000391 0.000308 0.000239 0.000183 0.000139 0.000104 0.000077 0.000056 0.000040 0.000029 0.000020 0.000014 0.000009 0.000006 0.000004 0.000003 0.000002 0.000001 0.000001 0.000000 0.000000 0.000000 0.000000 0.000000 0.000000 0.000000 0.000000 0.000000 0.000000 0.000000 0.000000 0.000000 
0.000000 0.000000 0.000000 0.000000 0.000000 0.000000 0.000000 0.000000 0.000000 0.000000 0.000000 0.000000 0.000000 0.000001 0.000001 0.000002 0.000003 0.000005 0.000007 0.000011 0.000016 0.000023 0.000034 0.000048 0.000068 0.000094 0.000129 0.000175 0.000233 0.000308 0.000402 0.000517 0.000656 0.000823 0.001019 0.001245 0.001503 0.001790 0.002104 0.002443 0.002799 0.003166 0.003535 0.003896 0.004238 0.004552 0.004826 0.005050 0.005217 0.005319 0.005354 0.005319 0.005217 0.005050 0.004826 0.004552 0.004238 0.003896 0.003535 0.003166 0.002799 0.002443 0.002104 0.001790 0.001503 0.001245 0.001019 0.000823 0.000656 0.000517 0.000402 0.000308 0.000233 0.000175 0.000129 0.000094 0.000068 0.000048 0.000034 0.000023 0.000016 0.000011 0.000007 0.000005 0.000003 0.000002 0.000001 0.000001 0.000000 0.000000 0.000000 0.000000 0.000000 0.000000 0.000000 0.000000 0.000000 0.000000 0.000000 0.000000 
0.000000 0.000000 0.000000 0.000000 0.000000 0.000000 0.000000 0.000000 0.000000 0.000000 0.000000 0.000001 0.000001 0.000001 0.000002 0.000003 0.000005 0.000008 0.000012 0.000018 0.000027 0.000039 0.000056 0.000080 0.000113 0.000156 0.000214 0.000290 0.000388 0.000512 0.000667 0.000857 0.001089 0.001365 0.001689 0.002064 0.002490 0.002965 0.003486 0.004045 0.004635 0.005241 0.005851 0.006448 0.007015 0.007533 0.007986 0.008356 0.008631 0.008801 0.008858 0.008801 0.008631 0.008356 0.007986 0.007533 0.007015 0.006448 0.005851 0.005241 0.004635 0.004045 0.003486 0.002965 0.002490 0.002064 0.001689 0.001365 0.001089 0.000857 0.000667 0.000512 0.000388 0.000290 0.000214 0.000156 0.000113 0.000080 0.000056 0.000039 0.000027 0.000018 0.000012 0.000008 0.000005 0.000003 0.000002 0.000001 0.000001 0.000001 0.000000 0.000000 0.000000 0.000000 0.000000 0.000000 0.000000 0.000000 0.000000 0.000000 
0.000000 0.000000 0.000000 0.000000 0.000000 0.000000 0.000000 0.000000 0.000000 0.000000 0.000001 0.000001 0.000001 0.000002 0.000003 0.000005 0.000009 0.000013 0.000020 0.000030 0.000044 0.000064 0.000092 0.000132 0.000185 0.000257 0.000352 0.000476 0.000636 0.000839 0.001093 0.001406 0.001784 0.002236 0.002767 0.003380 0.004077 0.004854 0.005705 0.006619 0.007582 0.008574 0.009570 0.010545 0.011471 0.012317 0.013056 0.013661 0.014111 0.014387 0.014481 0.014387 0.014111 0.013661 0.013056 0.012317 0.011471 0.010545 0.009570 0.008574 0.007582 0.006619 0.005705 0.004854 0.004077 0.003380 0.002767 0.002236 0.001784 0.001406 0.001093 0.000839 0.000636 0.000476 0.000352 0.000257 0.000185 0.000132 0.000092 0.000064 0.000044 0.000030 0.000020 0.000013 0.000009 0.000005 0.000003 0.000002 0.000001 0.000001 0.000001 0.000000 0.000000 0.000000 0.000000 0.000000 0.000000 0.000000 0.000000 0.000000 
0.000000 0.000000 0.000000 0.000000 0.000000 0.000000 0.000000 0.000000 0.000000 0.000000 0.000001 0.000001 0.000002 0.000004 0.000006 0.000009 0.000014 0.000021 0.000032 0.000048 0.000071 0.000104 0.000150 0.000214 0.000300 0.000417 0.000571 0.000772 0.001031 0.001360 0.001771 0.002276 0.002889 0.003620 0.004478 0.005469 0.006594 0.007850 0.009224 0.010701 0.012255 0.013856 0.015464 0.017038 0.018532 0.019897 0.021089 0.022066 0.022791 0.023237 0.023388 0.023237 0.022791 0.022066 0.021089 0.019897 0.018532 0.017038 0.015464 0.013856 0.012255 0.010701 0.009224 0.007850 0.006594 0.005469 0.004478 0.003620 0.002889 0.002276 0.001771 0.001360 0.001031 0.000772 0.000571 0.000417 0.000300 0.000214 0.000150 0.000104 0.000071 0.000048 0.000032 0.000021 0.000014 0.000009 0.000006 0.000004 0.000002 0.000001 0.000001 0.000000 0.000000 0.000000 0.000000 0.000000 0.000000 0.000000 0.000000 0.000000 
0.000000 0.000000 0.000000 0.000000 0.000000 0.000000 0.000000 0.000000 0.000000 0.000001 0.000001 0.000002 0.000004 0.000006 0.000009 0.000014 0.000022 0.000034 0.000052 0.000078 0.000115 0.000167 0.000241 0.000343 0.000482 0.000668 0.000915 0.001237 0.001652 0.002177 0.002834 0.003642 0.004621 0.005789 0.007159 0.008742 0.010538 0.012541 0.014735 0.017091 0.019570 0.022122 0.024688 0.027197 0.029578 0.031756 0.033656 0.035212 0.036368 0.037079 0.037319 0.037079 0.036368 0.035212 0.033656 0.031756 0.029578 0.027197 0.024688 0.022122 0.019570 0.017091 0.014735 0.012541 0.010538 0.008742 0.007159 0.005789 0.004621 0.003642 0.002834 0.002177 0.001652 0.001237 0.000915 0.000668 0.000482 0.000343 0.000241 0.000167 0.000115 0.000078 0.000052 0.000034 0.000022 0.000014 0.000009 0.000006 0.000004 0.000002 0.000001 0.000001 0.000000 0.000000 0.000000 0.000000 0.000000 0.000000 0.000000 0.000000 
0.000000 0.000000 0.000000 0.000000 0.000000 0.000000 0.000000 0.000000 0.000001 0.000001 0.000002 0.000003 0.000006 0.000009 0.000015 0.000023 0.000036 0.000054 0.000082 0.000123 0.000182 0.000265 0.000382 0.000543 0.000763 0.001058 0.001448 0.001957 0.002613 0.003443 0.004480 0.005756 0.007302 0.009145 0.011307 0.013803 0.016636 0.019794 0.023252 0.026966 0.030873 0.034895 0.038936 0.042890 0.046640 0.050069 0.053062 0.055512 0.057332 0.058453 0.058831 0.058453 0.057332 0.055512 0.053062 0.050069 0.046640 0.042890 0.038936 0.034895 0.030873 0.026966 0.023252 0.019794 0.016636 0.013803 0.011307 0.009145 0.007302 0.005756 0.004480 0.003443 0.002613 0.001957 0.001448 0.001058 0.000763 0.000543 0.000382 0.000265 0.000182 0.000123 0.000082 0.000054 0.000036 0.000023 0.000015 0.000009 0.000006 0.000003 0.000002 0.000001 0.000001 0.000000 0.000000 0.000000 0.000000 0.000000 0.000000 0.000000 
0.000000 0.000000 0.000000 0.000000 0.000000 0.000000 0.000000 0.000001 0.000001 0.000002 0.000003 0.000005 0.000009 0.000014 0.000023 0.000036 0.000056 0.000085 0.000129 0.000193 0.000285 0.000416 0.000598 0.000851 0.001194 0.001655 0.002264 0.003060 0.004083 0.005379 0.006997 0.008987 0.011397 0.014270 0.017641 0.021531 0.025944 0.030864 0.036249 0.042031 0.048115 0.054375 0.060665 0.066818 0.072654 0.077990 0.082646 0.086459 0.089290 0.091033 0.091621 0.091033 0.089290 0.086459 0.082646 0.077990 0.072654 0.066818 0.060665 0.054375 0.048115 0.042031 0.036249 0.030864 0.025944 0.021531 0.017641 0.014270 0.011397 0.008987 0.006997 0.005379 0.004083 0.003060 0.002264 0.001655 0.001194 0.000851 0.000598 0.000416 0.000285 0.000193 0.000129 0.000085 0.000056 0.000036 0.000023 0.000014 0.000009 0.000005 0.000003 0.000002 0.000001 0.000001 0.000000 0.000000 0.000000 0.000000 0.000000 0.000000 
0.000000 0.000000 0.000000 0.000000 0.000000 0.000000 0.000001 0.000001 0.000002 0.000003 0.000005 0.000009 0.000014 0.000022 0.000036 0.000056 0.000087 0.000132 0.000200 0.000299 0.000442 0.000643 0.000926 0.001315 0.001845 0.002556 0.003497 0.004725 0.006302 0.008301 0.010795 0.013862 0.017574 0.021999 0.027188 0.033176 0.039968 0.047539 0.055825 0.064720 0.074076 0.083703 0.093375 0.102835 0.111807 0.120009 0.127166 0.133026 0.137377 0.140056 0.140961 0.140056 0.137377 0.133026 0.127166 0.120009 0.111807 0.102835 0.093375 0.083703 0.074076 0.064720 0.055825 0.047539 0.039968 0.033176 0.027188 0.021999 0.017574 0.013862 0.010795 0.008301 0.006302 0.004725 0.003497 0.002556 0.001845 0.001315 0.000926 0.000643 0.000442 0.000299 0.000200 0.000132 0.000087 0.000056 0.000036 0.000022 0.000014 0.000009 0.000005 0.000003 0.000002 0.000001 0.000001 0.000000 0.000000 0.000000 0.000000 0.000000 
0.000000 0.000000 0.000000 0.000000 0.000000 0.000001 0.000001 0.000002 0.000003 0.000005 0.000008 0.000013 0.000021 0.000034 0.000054 0.000085 0.000132 0.000203 0.000307 0.000458 0.000675 0.000983 0.001414 0.002009 0.002817 0.003902 0.005336 0.007206 0.009610 0.012653 0.016451 0.021118 0.026768 0.033499 0.041393 0.050498 0.060825 0.072334 0.084927 0.098443 0.112659 0.127285 0.141977 0.156345 0.169971 0.182426 0.193293 0.202192 0.208798 0.212865 0.214239 0.212865 0.208798 0.202192 0.193293 0.182426 0.169971 0.156345 0.141977 0.127285 0.112659 0.098443 0.084927 0.072334 0.060825 0.050498 0.041393 0.033499 0.026768 0.021118 0.016451 0.012653 0.009610 0.007206 0.005336 0.003902 0.002817 0.002009 0.001414 0.000983 0.000675 0.000458 0.000307 0.000203 0.000132 0.000085 0.000054 0.000034 0.000021 0.000013 0.000008 0.000005 0.000003 0.000002 0.000001 0.000001 0.000000 0.000000 0.000000 0.000000 
0.000000 0.000000 0.000000 0.000000 0.000000 0.000001 0.000001 0.000003 0.000004 0.000007 0.000012 0.000020 0.000032 0.000052 0.000082 0.000129 0.000200 0.000307 0.000463 0.000692 0.001020 0.001484 0.002134 0.003030 0.004248 0.005882 0.008041 0.010856 0.014473 0.019051 0.024763 0.031781 0.040273 0.050389 0.062249 0.075928 0.091438 0.108719 0.127626 0.147916 0.169253 0.191203 0.213249 0.234807 0.255250 0.273933 0.290235 0.303583 0.313492 0.319592 0.321652 0.319592 0.313492 0.303583 0.290235 0.273933 0.255250 0.234807 0.213249 0.191203 0.169253 0.147916 0.127626 0.108719 0.091438 0.075928 0.062249 0.050389 0.040273 0.031781 0.024763 0.019051 0.014473 0.010856 0.008041 0.005882 0.004248 0.003030 0.002134 0.001484 0.001020 0.000692 0.000463 0.000307 0.000200 0.000129 0.000082 0.000052 0.000032 0.000020 0.000012 0.000007 0.000004 0.000002 0.000001 0.000001 0.000000 0.000000 0.000000 0.000000 
0.000000 0.000000 0.000000 0.000000 0.000001 0.000001 0.000002 0.000004 0.000006 0.000011 0.000018 0.000030 0.000048 0.000078 0.000123 0.000193 0.000299 0.000458 0.000692 0.001032 0.001521 0.002213 0.003180 0.004514 0.006327 0.008757 0.011969 0.016154 0.021530 0.028333 0.036817 0.047240 0.059850 0.074867 0.092470 0.112767 0.135778 0.161412 0.189452 0.219540 0.251175 0.283716 0.316395 0.348348 0.378644 0.406332 0.430488 0.450267 0.464949 0.473988 0.477040 0.473988 0.464949 0.450267 0.430488 0.406332 0.378644 0.348348 0.316395 0.283716 0.251175 0.219540 0.189452 0.161412 0.135778 0.112767 0.092470 0.074867 0.059850 0.047240 0.036817 0.028333 0.021530 0.016154 0.011969 0.008757 0.006327 0.004514 0.003180 0.002213 0.001521 0.001032 0.000692 0.000458 0.000299 0.000193 0.000123 0.000078 0.000048 0.000030 0.000018 0.000011 0.000006 0.000004 0.000002 0.000001 0.000001 0.000000 0.000000 0.000000 
0.000000 0.000000 0.000000 0.000001 0.000001 0.000002 0.000003 0.000006 0.000009 0.000016 0.000027 0.000044 0.000071 0.000115 0.000182 0.000285 0.000442 0.000675 0.001020 0.001521 0.002240 0.003259 0.004682 0.006642 0.009307 0.012878 0.017596 0.023742 0.031634 0.041619 0.054069 0.069359 0.087853 0.109874 0.135680 0.165430 0.199152 0.236712 0.277791 0.321864 0.368196 0.415849 0.463700 0.510482 0.554835 0.595367 0.630727 0.659677 0.681167 0.694396 0.698863 0.694396 0.681167 0.659677 0.630727 0.595367 0.554835 0.510482 0.463700 0.415849 0.368196 0.321864 0.277791 0.236712 0.199152 0.165430 0.135680 0.109874 0.087853 0.069359 0.054069 0.041619 0.031634 0.023742 0.017596 0.012878 0.009307 0.006642 0.004682 0.003259 0.002240 0.001521 0.001020 0.000675 0.000442 0.000285 0.000182 0.000115 0.000071 0.000044 0.000027 0.000016 0.000009 0.000006 0.000003 0.000002 0.000001 0.000001 0.000000 0.000000 
0.000000 0.000000 0.000000 0.000001 0.000002 0.000003 0.000005 0.000008 0.000014 0.000023 0.000039 0.000064 0.000104 0.000167 0.000265 0.000416 0.000643 0.000983 0.001484 0.002213 0.003259 0.004739 0.006806 0.009653 0.013522 0.018704 0.025549 0.034464 0.045907 0.060383 0.078427 0.100583 0.127374 0.159269 0.196638 0.239711 0.288525 0.342887 0.402331 0.466100 0.533130 0.602060 0.671271 0.738930 0.803071 0.861681 0.912809 0.954666 0.985737 1.004864 1.011321 1.004864 0.985737 0.954666 0.912809 0.861681 0.803071 0.738930 0.671271 0.602060 0.533130 0.466100 0.402331 0.342887 0.288525 0.239711 0.196638 0.159269 0.127374 0.100583 0.078427 0.060383 0.045907 0.034464 0.025549 0.018704 0.013522 0.009653 0.006806 0.004739 0.003259 0.002213 0.001484 0.000983 0.000643 0.000416 0.000265 0.000167 0.000104 0.000064 0.000039 0.000023 0.000014 0.000008 0.000005 0.000003 0.000001 0.000001 0.000000 0.000000 
0.000000 0.000000 0.000001 0.000001 0.000002 0.000004 0.000007 0.000012 0.000020 0.000034 0.000056 0.000092 0.000150 0.000241 0.000382 0.000598 0.000926 0.001414 0.002134 0.003180 0.004682 0.006806 0.009772 0.013855 0.019402 0.026830 0.036640 0.049411 0.065800 0.086528 0.112358 0.144067 0.182402 0.228031 0.281481 0.343078 0.412873 0.490588 0.575557 0.666695 0.762480 0.860972 0.959853 1.056509 1.148130 1.231847 1.304871 1.364652 1.409026 1.436341 1.445564 1.436341 1.409026 1.364652 1.304871 1.231847 1.148130 1.056509 0.959853 0.860972 0.762480 0.666695 0.575557 0.490588 0.412873 0.343078 0.281481 0.228031 0.182402 0.144067 0.112358 0.086528 0.065800 0.049411 0.036640 0.026830 0.019402 0.013855 0.009772 0.006806 0.004682 0.003180 0.002134 0.001414 0.000926 0.000598 0.000382 0.000241 0.000150 0.000092 0.000056 0.000034 0.000020 0.000012 0.000007 0.000004 0.000002 0.000001 0.000000 0.000000 
0.000000 0.000000 0.000001 0.000002 0.000003 0.000006 0.000010 0.000017 0.000029 0.000048 0.000080 0.000132 0.000214 0.000343 0.000543 0.000851 0.001315 0.002009 0.003030 0.004514 0.006642 0.009653 0.013855 0.019640 0.027494 0.038010 0.051894 0.069964 0.093147 0.122461 0.158982 0.203805 0.257984 0.322458 0.397971 0.484976 0.583546 0.693284 0.813248 0.941904 1.077104 1.216109 1.355651 1.492039 1.621314 1.739427 1.842449 1.926786 1.989383 2.027916 2.040925 2.027916 1.989383 1.926786 1.842449 1.739427 1.621314 1.492039 1.355651 1.216109 1.077104 0.941904 0.813248 0.693284 0.583546 0.484976 0.397971 0.322458 0.257984 0.203805 0.158982 0.122461 0.093147 0.069964 0.051894 0.038010 0.027494 0.019640 0.013855 0.009653 0.006642 0.004514 0.003030 0.002009 0.001315 0.000851 0.000543 0.000343 0.000214 0.000132 0.000080 0.000048 0.000029 0.000017 0.000010 0.000006 0.000003 0.000002 0.000001 0.000000 
0.000000 0.000001 0.000001 0.000002 0.000004 0.000008 0.000014 0.000024 0.000040 0.000068 0.000113 0.000185 0.000300 0.000482 0.000763 0.001194 0.001845 0.002817 0.004248 0.006327 0.009307 0.013522 0.019402 0.027494 0.038478 0.053181 0.072587 0.097839 0.130228 0.171173 0.222173 0.284754 0.360381 0.450362 0.555730 0.677113 0.814610 0.967661 1.134953 1.314342 1.502835 1.696611 1.891116 2.081211 2.261378 2.425978 2.569540 2.687058 2.774282 2.827971 2.846098 2.827971 2.774282 2.687058 2.569540 2.425978 2.261378 2.081211 1.891116 1.696611 1.502835 1.314342 1.134953 0.967661 0.814610 0.677113 0.555730 0.450362 0.360381 0.284754 0.222173 0.171173 0.130228 0.097839 0.072587 0.053181 0.038478 0.027494 0.019402 0.013522 0.009307 0.006327 0.004248 0.002817 0.001845 0.001194 0.000763 0.000482 0.000300 0.000185 0.000113 0.000068 0.000040 0.000024 0.000014 0.000008 0.000004 0.000002 0.000001 0.000000 
0.000000 0.000001 0.000002 0.000003 0.000006 0.000011 0.000019 0.000033 0.000056 0.000094 0.000156 0.000257 0.000417 0.000668 0.001058 0.001655 0.002556 0.003902 0.005882 0.008757 0.012878 0.018704 0.026830 0.038010 0.053181 0.073483 0.100273 0.135123 0.179814 0.236297 0.306638 0.392932 0.497196 0.621227 0.766441 0.933701 1.123135 1.333970 1.564390 1.811443 2.071003 2.337812 2.605600 2.867295 3.115304 3.341871 3.539470 3.701215 3.821261 3.895153 3.920100 3.895153 3.821261 3.701215 3.539470 3.341871 3.115304 2.867295 2.605600 2.337812 2.071003 1.811443 1.564390 1.333970 1.123135 0.933701 0.766441 0.621227 0.497196 0.392932 0.306638 0.236297 0.179814 0.135123 0.100273 0.073483 0.053181 0.038010 0.026830 0.018704 0.012878 0.008757 0.005882 0.003902 0.002556 0.001655 0.001058 0.000668 0.000417 0.000257 0.000156 0.000094 0.000056 0.000033 0.000019 0.000011 0.000006 0.000003 0.000001 0.000000 
0.000000 0.000001 0.000002 0.000005 0.000008 0.000015 0.000026 0.000045 0.000077 0.000129 0.000214 0.000352 0.000571 0.000915 0.001448 0.002264 0.003497 0.005336 0.008041 0.011969 0.017596 0.025549 0.036640 0.051894 0.072587 0.100273 0.136795 0.184297 0.245199 0.322153 0.417966 0.535489 0.677457 0.846311 1.043971 1.271603 1.529375 1.816228 2.129688 2.465736 2.818758 3.181604 3.545750 3.901580 4.238780 4.546808 4.815439 5.035320 5.198509 5.298954 5.332866 5.298954 5.198509 5.035320 4.815439 4.546808 4.238780 3.901580 3.545750 3.181604 2.818758 2.465736 2.129688 1.816228 1.529375 1.271603 1.043971 0.846311 0.677457 0.535489 0.417966 0.322153 0.245199 0.184297 0.136795 0.100273 0.072587 0.051894 0.036640 0.025549 0.017596 0.011969 0.008041 0.005336 0.003497 0.002264 0.001448 0.000915 0.000571 0.000352 0.000214 0.000129 0.000077 0.000045 0.000026 0.000015 0.000008 0.000004 0.000002 0.000000 
0.000000 0.000001 0.000003 0.000006 0.000011 0.000020 0.000035 0.000061 0.000104 0.000175 0.000290 0.000476 0.000772 0.001237 0.001957 0.003060 0.004725 0.007206 0.010856 0.016154 0.023742 0.034464 0.049411 0.069964 0.097839 0.135123 0.184297 0.248240 0.330202 0.433746 0.562641 0.720710 0.911626 1.138658 1.404380 1.710347 2.056777 2.442240 2.863406 3.314868 3.789087 4.276456 4.765528 5.243397 5.696216 6.109837 6.470539 6.765770 6.984876 7.119737 7.165268 7.119737 6.984876 6.765770 6.470539 6.109837 5.696216 5.243397 4.765528 4.276456 3.789087 3.314868 2.863406 2.442240 2.056777 1.710347 1.404380 1.138658 0.911626 0.720710 0.562641 0.433746 0.330202 0.248240 0.184297 0.135123 0.097839 0.069964 0.049411 0.034464 0.023742 0.016154 0.010856 0.007206 0.004725 0.003060 0.001957 0.001237 0.000772 0.000476 0.000290 0.000175 0.000104 0.000061 0.000035 0.000020 0.000011 0.000006 0.000003 0.000000 
0.000000 0.000002 0.000004 0.000008 0.000015 0.000027 0.000047 0.000082 0.000139 0.000233 0.000388 0.000636 0.001031 0.001652 0.002613 0.004083 0.006302 0.009610 0.014473 0.021530 0.031634 0.045907 0.065800 0.093147 0.130228 0.179814 0.245199 0.330202 0.439137 0.576728 0.747975 0.957945 1.211502 1.512978 1.865774 2.271946 2.731770 3.243339 3.802226 4.401252 5.030409 5.676954 6.325707 6.959552 7.560133 8.108696 8.587053 8.978570 9.269126 9.447962 9.508339 9.447962 9.269126 8.978570 8.587053 8.108696 7.560133 6.959552 6.325707 5.676954 5.030409 4.401252 3.802226 3.243339 2.731770 2.271946 1.865774 1.512978 1.211502 0.957945 0.747975 0.576728 0.439137 0.330202 0.245199 0.179814 0.130228 0.093147 0.065800 0.045907 0.031634 0.021530 0.014473 0.009610 0.006302 0.004083 0.002613 0.001652 0.001031 0.000636 0.000388 0.000233 0.000139 0.000082 0.000047 0.000027 0.000015 0.000008 0.000003 0.000000 
0.000000 0.000002 0.000006 0.000011 0.000020 0.000036 0.000063 0.000108 0.000183 0.000308 0.000512 0.000839 0.001360 0.002177 0.003443 0.005379 0.008301 0.012653 0.019051 0.028333 0.041619 0.060383 0.086528 0.122461 0.171173 0.236297 0.322153 0.433746 0.576728 0.757291 0.981978 1.257426 1.590000 1.985363 2.447961 2.980475 3.583252 4.253780 4.986245 5.771235 6.595632 7.442740 8.292674 9.123021 9.909742 10.628287 11.254845 11.767639 12.148190 12.382413 12.461488 12.382413 12.148190 11.767639 11.254845 10.628287 9.909742 9.123021 8.292674 7.442740 6.595632 5.771235 4.986245 4.253780 3.583252 2.980475 2.447961 1.985363 1.590000 1.257426 0.981978 0.757291 0.576728 0.433746 0.322153 0.236297 0.171173 0.122461 0.086528 0.060383 0.041619 0.028333 0.019051 0.012653 0.008301 0.005379 0.003443 0.002177 0.001360 0.000839 0.000512 0.000308 0.000183 0.000108 0.000062 0.000036 0.000020 0.000010 0.000004 0.000000 
0.000000 0.000003 0.000008 0.000015 0.000026 0.000047 0.000082 0.000141 0.000239 0.000402 0.000667 0.001093 0.001771 0.002834 0.004480 0.006997 0.010795 0.016451 0.024763 0.036817 0.054069 0.078427 0.112358 0.158982 0.222173 0.306638 0.417966 0.562641 0.747975 0.981978 1.273117 1.629968 2.060762 2.572813 3.171860 3.861353 4.641727 5.509712 6.457772 7.473719 8.540569 9.636719 10.736445 11.810756 12.828565 13.758126 14.568652 15.231991 15.724249 16.027222 16.129507 16.027222 15.724249 15.231991 14.568652 13.758126 12.828565 11.810756 10.736445 9.636719 8.540569 7.473719 6.457772 5.509712 4.641727 3.861353 3.171860 2.572813 2.060762 1.629968 1.273117 0.981978 0.747975 0.562641 0.417966 0.306638 0.222173 0.158982 0.112358 0.078427 0.054069 0.036817 0.024763 0.016451 0.010795 0.006997 0.004480 0.002834 0.001771 0.001093 0.000667 0.000402 0.000239 0.000140 0.000081 0.000047 0.000026 0.000014 0.000006 0.000000 
0.000000 0.000004 0.000010 0.000019 0.000034 0.000060 0.000105 0.000181 0.000308 0.000517 0.000857 0.001406 0.002276 0.003642 0.005756 0.008987 0.013862 0.021118 0.031781 0.047240 0.069359 0.100583 0.144067 0.203805 0.284754 0.392932 0.535489 0.720710 0.957945 1.257426 1.629968 2.086526 2.637605 3.292536 4.058638 4.940298 5.938050 7.047696 8.259590 9.558138 10.921633 12.322464 13.727767 15.100506 16.400976 17.588635 18.624166 19.471625 20.100503 20.487554 20.618224 20.487554 20.100503 19.471625 18.624166 17.588635 16.400976 15.100506 13.727767 12.322464 10.921633 9.558138 8.259590 7.047696 5.938050 4.940298 4.058638 3.292536 2.637605 2.086526 1.629968 1.257426 0.957945 0.720710 0.535489 0.392932 0.284754 0.203805 0.144067 0.100583 0.069359 0.047240 0.031781 0.021118 0.013862 0.008987 0.005756 0.003642 0.002276 0.001406 0.000857 0.000517 0.000308 0.000181 0.000105 0.000060 0.000033 0.000018 0.000007 0.000000 
0.000000 0.000005 0.000012 0.000024 0.000043 0.000077 0.000134 0.000230 0.000391 0.000656 0.001089 0.001784 0.002889 0.004621 0.007302 0.011397 0.017574 0.026768 0.040273 0.059850 0.087853 0.127374 0.182402 0.257984 0.360381 0.497196 0.677457 0.911626 1.211502 1.590000 2.060762 2.637605 3.333773 4.161026 5.128577 6.241942 7.501767 8.902732 10.432639 12.071793 13.792789 15.560779 17.334294 19.066609 20.707640 22.206250 23.512854 24.582122 25.375581 25.863919 26.028781 25.863919 25.375581 24.582122 23.512854 22.206250 20.707640 19.066609 17.334294 15.560779 13.792789 12.071793 10.432639 8.902732 7.501767 6.241942 5.128577 4.161026 3.333773 2.637605 2.060762 1.590000 1.211502 0.911626 0.677457 0.497196 0.360381 0.257984 0.182402 0.127374 0.087853 0.059850 0.040273 0.026768 0.017574 0.011397 0.007302 0.004621 0.002889 0.001784 0.001089 0.000656 0.000391 0.000230 0.000133 0.000076 0.000042 0.000022 0.000010 0.000000 
0.000000 0.000007 0.000016 0.000030 0.000054 0.000096 0.000168 0.000289 0.000490 0.000823 0.001365 0.002236 0.003620 0.005789 0.009145 0.014270 0.021999 0.033499 0.050389 0.074867 0.109874 0.159269 0.228031 0.322458 0.450362 0.621227 0.846311 1.138658 1.512978 1.985363 2.572813 3.292536 4.161026 5.192917 6.399668 7.788126 9.359065 11.105826 13.013182 15.056566 17.201808 19.405473 21.615884 23.774825 25.819898 27.687407 29.315588 30.647982 31.636676 32.245163 32.450586 32.245163 31.636676 30.647982 29.315588 27.687407 25.819898 23.774825 21.615884 19.405473 17.201808 15.056566 13.013182 11.105826 9.359065 7.788126 6.399668 5.192917 4.161026 3.292536 2.572813 1.985363 1.512978 1.138658 0.846311 0.621227 0.450362 0.322458 0.228031 0.159269 0.109874 0.074867 0.050389 0.033499 0.021999 0.014270 0.009145 0.005789 0.003620 0.002236 0.001365 0.000823 0.000490 0.000288 0.000167 0.000096 0.000053 0.000028 0.000012 0.000000 
0.000000 0.000008 0.000019 0.000037 0.000067 0.000119 0.000208 0.000357 0.000607 0.001019 0.001689 0.002767 0.004478 0.007159 0.011307 0.017641 0.027188 0.041393 0.062249 0.092470 0.135680 0.196638 0.281481 0.397971 0.555730 0.766441 1.043971 1.404380 1.865774 2.447961 3.171860 4.058638 5.128577 6.399668 7.885986 9.595924 11.530403 13.681193 16.029520 18.545124 21.185931 23.898478 26.619165 29.276360 31.793291 34.091596 36.095298 37.734950 38.951618 39.700401 39.953186 39.700401 38.951618 37.734950 36.095298 34.091596 31.793291 29.276360 26.619165 23.898478 21.185931 18.545124 16.029520 13.681193 11.530403 9.595924 7.885986 6.399668 5.128577 4.058638 3.171860 2.447961 1.865774 1.404380 1.043971 0.766441 0.555730 0.397971 0.281481 0.196638 0.135680 0.092470 0.062249 0.041393 0.027188 0.017641 0.011307 0.007159 0.004478 0.002767 0.001689 0.001019 0.000607 0.000357 0.000207 0.000119 0.000066 0.000035 0.000015 0.000000 
0.000000 0.000010 0.000024 0.000046 0.000083 0.000146 0.000254 0.000437 0.000742 0.001245 0.002064 0.003380 0.005469 0.008742 0.013803 0.021531 0.033176 0.050498 0.075928 0.112767 0.165430 0.239711 0.343078 0.484976 0.677113 0.933701 1.271603 1.710347 2.271946 2.980475 3.861353 4.940298 6.241942 7.788126 9.595924 11.675504 14.027943 16.643201 19.498423 22.556800 25.767175 29.064556 32.371646 35.601397 38.660528 41.453831 43.889006 45.881686 47.360283 48.270257 48.577456 48.270257 47.360283 45.881686 43.889006 41.453831 38.660528 35.601397 32.371646 29.064556 25.767175 22.556800 19.498423 16.643201 14.027943 11.675504 9.595924 7.788126 6.241942 4.940298 3.861353 2.980475 2.271946 1.710347 1.271603 0.933701 0.677113 0.484976 0.343078 0.239711 0.165430 0.112767 0.075928 0.050498 0.033176 0.021531 0.013803 0.008742 0.005469 0.003380 0.002064 0.001245 0.000742 0.000437 0.000254 0.000145 0.000081 0.000043 0.000018 0.000000 
0.000000 0.000012 0.000029 0.000055 0.000100 0.000176 0.000307 0.000528 0.000896 0.001503 0.002490 0.004077 0.006594 0.010538 0.016636 0.025944 0.039968 0.060825 0.091438 0.135778 0.199152 0.288525 0.412873 0.583546 0.814610 1.123135 1.529375 2.056777 2.731770 3.583252 4.641727 5.938050 7.501767 9.359065 11.530403 14.027943 16.852936 19.993286 23.421519 27.093422 30.947565 34.905930 38.875742 42.752535 46.424376 49.777029 52.699755 55.091337 56.865893 57.957996 58.326679 57.957996 56.865893 55.091337 52.699755 49.777029 46.424376 42.752535 38.875742 34.905930 30.947565 27.093422 23.421519 19.993286 16.852936 14.027943 11.530403 9.359065 7.501767 5.938050 4.641727 3.583252 2.731770 2.056777 1.529375 1.123135 0.814610 0.583546 0.412873 0.288525 0.199152 0.135778 0.091438 0.060825 0.039968 0.025944 0.016636 0.010538 0.006594 0.004077 0.002490 0.001503 0.000896 0.000527 0.000306 0.000175 0.000098 0.000051 0.000022 0.000000 
0.000000 0.000015 0.000034 0.000066 0.000119 0.000210 0.000366 0.000629 0.001067 0.001790 0.002965 0.004854 0.007850 0.012541 0.019794 0.030864 0.047539 0.072334 0.108719 0.161412 0.236712 0.342887 0.490588 0.693284 0.967661 1.333970 1.816228 2.442240 3.243339 4.253780 5.509712 7.047696 8.902732 11.105826 13.681193 16.643201 19.993286 23.717060 27.781915 32.135404 36.704687 41.397277 46.103205 50.698665 55.051015 59.024890 62.489081 65.323667 67.426899 68.721261 69.158223 68.721261 67.426899 65.323667 62.489081 59.024890 55.051015 50.698665 46.103205 41.397277 36.704687 32.135404 27.781915 23.717060 19.993286 16.643201 13.681193 11.105826 8.902732 7.047696 5.509712 4.253780 3.243339 2.442240 1.816228 1.333970 0.967661 0.693284 0.490588 0.342887 0.236712 0.161412 0.108719 0.072334 0.047539 0.030864 0.019794 0.012541 0.007850 0.004854 0.002965 0.001790 0.001067 0.000628 0.000365 0.000209 0.000117 0.000061 0.000026 0.000000 
0.000000 0.000017 0.000040 0.000077 0.000140 0.000247 0.000430 0.000740 0.001255 0.002104 0.003486 0.005705 0.009224 0.014735 0.023252 0.036249 0.055825 0.084927 0.127626 0.189452 0.277791 0.402331 0.575557 0.813248 1.134953 1.564390 2.129688 2.863406 3.802226 4.986245 6.457772 8.259590 10.432639 13.013182 16.029520 19.498423 23.421519 27.781915 32.541391 37.638516 42.988000 48.481567 53.990499 59.369896 64.464530 69.116002 73.170778 76.488546 78.950256 80.465217 80.976648 80.465217 78.950256 76.488546 73.170778 69.116002 64.464530 59.369896 53.990499 48.481567 42.988000 37.638516 32.541391 27.781915 23.421519 19.498423 16.029520 13.013182 10.432639 8.259590 6.457772 4.986245 3.802226 2.863406 2.129688 1.564390 1.134953 0.813248 0.575557 0.402331 0.277791 0.189452 0.127626 0.084927 0.055825 0.036249 0.023252 0.014735 0.009224 0.005705 0.003486 0.002104 0.001255 0.000739 0.000430 0.000246 0.000137 0.000072 0.000031 0.000000 
0.000000 0.000020 0.000047 0.000090 0.000163 0.000287 0.000500 0.000859 0.001457 0.002443 0.004045 0.006619 0.010701 0.017091 0.026966 0.042031 0.064720 0.098443 0.147916 0.219540 0.321864 0.466100 0.666695 0.941904 1.314342 1.811443 2.465736 3.314868 4.401252 5.771235 7.473719 9.558138 12.071793 15.056566 18.545124 22.556800 27.093422 32.135404 37.638516 43.531704 49.716348 56.067275 62.435699 68.654148 74.543226 79.919886 84.606714 88.441578 91.286923 93.037959 93.629084 93.037959 91.286923 88.441578 84.606714 79.919886 74.543226 68.654148 62.435699 56.067275 49.716348 43.531704 37.638516 32.135404 27.093422 22.556800 18.545124 15.056566 12.071793 9.558138 7.473719 5.771235 4.401252 3.314868 2.465736 1.811443 1.314342 0.941904 0.666695 0.466100 0.321864 0.219540 0.147916 0.098443 0.064720 0.042031 0.026966 0.017091 0.010701 0.006619 0.004045 0.002442 0.001457 0.000858 0.000499 0.000286 0.000159 0.000084 0.000036 0.000000 
0.000000 0.000023 0.000054 0.000103 0.000186 0.000329 0.000573 0.000984 0.001670 0.002799 0.004635 0.007582 0.012255 0.019570 0.030873 0.048115 0.074076 0.112659 0.169253 0.251175 0.368196 0.533130 0.762480 1.077104 1.502835 2.071003 2.818758 3.789087 5.030409 6.595632 8.540569 10.921633 13.792789 17.201808 21.185931 25.767175 30.947565 36.704687 42.988000 49.716348 56.777129 64.027440 71.297449 78.396010 85.118383 91.255675 96.605432 100.982645 104.230353 106.228989 106.903697 106.228989 104.230353 100.982645 96.605432 91.255675 85.118383 78.396010 71.297449 64.027440 56.777129 49.716348 42.988000 36.704687 30.947565 25.767175 21.185931 17.201808 13.792789 10.921633 8.540569 6.595632 5.030409 3.789087 2.818758 2.071003 1.502835 1.077104 0.762480 0.533130 0.368196 0.251175 0.169253 0.112659 0.074076 0.048115 0.030873 0.019570 0.012255 0.007582 0.004634 0.002799 0.001670 0.000984 0.000572 0.000327 0.000183 0.000096 0.000041 0.000000 
0.000000 0.000026 0.000061 0.000117 0.000211 0.000373 0.000649 0.001114 0.001889 0.003166 0.005241 0.008574 0.013856 0.022122 0.034895 0.054375 0.083703 0.127285 0.191203 0.283716 0.415849 0.602060 0.860972 1.216109 1.696611 2.337812 3.181604 4.276456 5.676954 7.442740 9.636719 12.322464 15.560779 19.405473 23.898478 29.064556 34.905930 41.397277 48.481567 56.067275 64.027440 72.200965 80.396411 88.398339 95.976002 102.893985 108.924139 113.857982 117.518643 119.771394 120.531883 119.771394 117.518643 113.857982 108.924139 102.893985 95.976002 88.398339 80.396411 72.200965 64.027440 56.067275 48.481567 41.397277 34.905930 29.064556 23.898478 19.405473 15.560779 12.322464 9.636719 7.442740 5.676954 4.276456 3.181604 2.337812 1.696611 1.216109 0.860972 0.602060 0.415849 0.283716 0.191203 0.127285 0.083703 0.054375 0.034895 0.022122 0.013856 0.008574 0.005241 0.003166 0.001889 0.001113 0.000647 0.000371 0.000207 0.000109 0.000047 0.000000 
0.000000 0.000029 0.000068 0.000130 0.000236 0.000417 0.000724 0.001244 0.002110 0.003535 0.005851 0.009570 0.015464 0.024688 0.038936 0.060665 0.093375 0.141977 0.213249 0.316395 0.463700 0.671271 0.959853 1.355651 1.891116 2.605600 3.545750 4.765528 6.325707 8.292674 10.736445 13.727767 17.334294 21.615884 26.619165 32.371646 38.875742 46.103205 53.990499 62.435699 71.297449 80.396411 89.519495 98.426912 106.861851 114.562321 121.274424 126.766160 130.840708 133.348143 134.194607 133.348143 130.840708 126.766160 121.274424 114.562321 106.861851 98.426912 89.519495 80.396411 71.297449 62.435699 53.990499 46.103205 38.875742 32.371646 26.619165 21.615884 17.334294 13.727767 10.736445 8.292674 6.325707 4.765528 3.545750 2.605600 1.891116 1.355651 0.959853 0.671271 0.463700 0.316395 0.213249 0.141977 0.093375 0.060665 0.038936 0.024688 0.015464 0.009570 0.005851 0.003534 0.002109 0.001243 0.000723 0.000414 0.000231 0.000122 0.000052 0.000000 
