0.000000 0.000000 0.000000 0.000000 0.000000 0.000000 0.000000 0.000000 0.000000 0.000000 0.000000 0.000000 0.000000 0.000000 0.000000 0.000000 0.000000 0.000000 0.000000 0.000000 0.000000 0.000000 0.000000 0.000000 0.000000 0.000000 0.000000 0.000000 0.000000 0.000000 0.000000 0.000000 0.000000 0.000000 0.000000 0.000000 0.000000 0.000000 0.000000 0.000000 0.000000 0.000000 0.000000 0.000000 0.000000 0.000000 0.000000 0.000000 0.000000 0.000000 0.000000 0.000000 0.000000 0.000000 0.000000 0.000000 0.000000 0.000000 0.000000 0.000000 0.000000 0.000000 0.000000 0.000000 0.000000 0.000000 0.000000 0.000000 0.000000 0.000000 0.000000 0.000000 0.000000 0.000000 0.000000 0.000000 0.000000 0.000000 0.000000 0.000000 0.000000 0.000000 0.000000 0.000000 0.000000 0.000000 0.000000 0.000000 0.000000 0.000000 0.000000 0.000000 0.000000 0.000000 0.000000 0.000000 0.000000 0.000000 0.000000 0.000000 
0.000000 0.000000 0.000000 0.000000 0.000000 0.000000 0.000000 0.000000 0.000000 0.000000 0.000000 0.000000 0.000000 0.000000 0.000000 0.000000 0.000000 0.000000 0.000000 0.000000 0.000000 0.000000 0.000000 0.000000 0.000000 0.000000 0.000000 0.000000 0.000000 0.000000 0.000000 0.000000 0.000000 0.000000 0.000000 0.000000 0.000000 0.000000 0.000000 0.000000 0.000000 0.000000 0.000000 0.000000 0.000000 0.000000 0.000000 0.000000 0.000000 0.000000 0.000000 0.000000 0.000000 0.000000 0.000000 0.000000 0.000000 0.000000 0.000000 0.000000 0.000000 0.000000 0.000000 0.000000 0.000000 0.000000 0.000000 0.000000 0.000000 0.000000 0.000000 0.000000 0.000000 0.000000 0.000000 0.000000 0.000000 0.000000 0.000000 0.000000 0.000000 0.000000 0.000000 0.000000 0.000000 0.000000 0.000000 0.000000 0.000000 0.000000 0.000000 0.000000 0.000000 0.000000 0.000000 0.000000 0.000000 0.000000 0.000000 0.000000 
0.000000 0.000000 0.000000 0.000000 0.000000 0.000000 0.000000 0.000000 0.000000 0.000000 0.000000 0.000000 0.000000 0.000000 0.000000 0.000000 0.000000 0.000000 0.000000 0.000000 0.000000 0.000000 0.000000 0.000000 0.000000 0.000000 0.000000 0.000000 0.000000 0.000000 0.000000 0.000000 0.000000 0.000000 0.000000 0.000000 0.000000 0.000000 0.000000 0.000000 0.000000 0.000000 0.000000 0.000000 0.000000 0.000000 0.000000 0.000000 0.000000 0.000000 0.000000 0.000000 0.000000 0.000000 0.000000 0.000000 0.000000 0.000000 0.000000 0.000000 0.000000 0.000000 0.000000 0.000000 0.000000 0.000000 0.000000 0.000000 0.000000 0.000000 0.000000 0.000000 0.000000 0.000000 0.000000 0.000000 0.000000 0.000000 0.000000 0.000000 0.000000 0.000000 0.000000 0.000000 0.000000 0.000000 0.000000 0.000000 0.000000 0.000000 0.000000 0.000000 0.000000 0.000000 0.000000 0.000000 0.000000 0.000000 0.000000 0.000000 
0.000000 0.000000 0.000000 0.000000 0.000000 0.000000 0.000000 0.000000 0.000000 0.000000 0.000000 0.000000 0.000000 0.000000 0.000000 0.000000 0.000000 0.000000 0.000000 0.000000 0.000000 0.000000 0.000000 0.000000 0.000000 0.000000 0.000000 0.000000 0.000000 0.000000 0.000000 0.000000 0.000000 0.000000 0.000000 0.000000 0.000000 0.000000 0.000000 0.000000 0.000000 0.000000 0.000000 0.000000 0.000000 0.000000 0.000000 0.000000 0.000000 0.000000 0.000000 0.000000 0.000000 0.000000 0.000000 0.000000 0.000000 0.000000 0.000000 0.000000 0.000000 0.000000 0.000000 0.000000 0.000000 0.000000 0.000000 0.000000 0.000000 0.000000 0.000000 0.000000 0.000000 0.000000 0.000000 0.000000 0.000000 0.000000 0.000000 0.000000 0.000000 0.000000 0.000000 0.000000 0.000000 0.000000 0.000000 0.000000 0.000000 0.000000 0.000000 0.000000 0.000000 0.000000 0.000000 0.000000 0.000000 0.000000 0.000000 0.000000 
0.000000 0.000000 0.000000 0.000000 0.000000 0.000000 0.000000 0.000000 0.000000 0.000000 0.000000 0.000000 0.000000 0.000000 0.000000 0.000000 0.000000 0.000000 0.000000 0.000000 0.000000 0.000000 0.000000 0.000000 0.000000 0.000000 0.000000 0.000000 0.000000 0.000000 0.000000 0.000000 0.000000 0.000000 0.000000 0.000000 0.000000 0.000000 0.000000 0.000000 0.000000 0.000000 0.000000 0.000000 0.000000 0.000000 0.000000 0.000000 0.000000 0.000000 0.000000 0.000000 0.000000 0.000000 0.000000 0.000000 0.000000 0.000000 0.000000 0.000000 0.000000 0.000000 0.000000 0.000000 0.000000 0.000000 0.000000 0.000000 0.000000 0.000000 0.000000 0.000000 0.000000 0.000000 0.000000 0.000000 0.000000 0.000000 0.000000 0.000000 0.000000 0.000000 0.000000 0.000000 0.000000 0.000000 0.000000 0.000000 0.000000 0.000000 0.000000 0.000000 0.000000 0.000000 0.000000 0.000000 0.000000 0.000000 0.000000 0.000000 
0.000000 0.000000 0.000000 0.000000 0.000000 0.000000 0.000000 0.000000 0.000000 0.000000 0.000000 0.000000 0.000000 0.000000 0.000000 0.000000 0.000000 0.000000 0.000000 0.000000 0.000000 0.000000 0.000000 0.000000 0.000000 0.000000 0.000000 0.000000 0.000000 0.000000 0.000000 0.000000 0.000000 0.000000 0.000000 0.000000 0.000000 0.000000 0.000000 0.000000 0.000000 0.000000 0.000000 0.000000 0.000000 0.000000 0.000001 0.000001 0.000001 0.000001 0.000001 0.000001 0.000001 0.000001 0.000001 0.000000 0.000000 0.000000 0.000000 0.000000 0.000000 0.000000 0.000000 0.000000 0.000000 0.000000 0.000000 0.000000 0.000000 0.000000 0.000000 0.000000 0.000000 0.000000 0.000000 0.000000 0.000000 0.000000 0.000000 0.000000 0.000000 0.000000 0.000000 0.000000 0.000000 0.000000 0.000000 0.000000 0.000000 0.000000 0.000000 0.000000 0.000000 0.000000 0.000000 0.000000 0.000000 0.000000 0.000000 0.000000 
0.000000 0.000000 0.000000 0.000000 0.000000 0.000000 0.000000 0.000000 0.000000 0.000000 0.000000 0.000000 0.000000 0.000000 0.000000 0.000000 0.000000 0.000000 0.000000 0.000000 0.000000 0.000000 0.000000 0.000000 0.000000 0.000000 0.000000 0.000000 0.000000 0.000000 0.000000 0.000000 0.000000 0.000000 0.000000 0.000000 0.000000 0.000000 0.000000 0.000000 0.000001 0.000001 0.000001 0.000001 0.000001 0.000001 0.000001 0.000001 0.000001 0.000002 0.000002 0.000002 0.000001 0.000001 0.000001 0.000001 0.000001 0.000001 0.000001 0.000001 0.000001 0.000000 0.000000 0.000000 0.000000 0.000000 0.000000 0.000000 0.000000 0.000000 0.000000 0.000000 0.000000 0.000000 0.000000 0.000000 0.000000 0.000000 0.000000 0.000000 0.000000 0.000000 0.000000 0.000000 0.000000 0.000000 0.000000 0.000000 0.000000 0.000000 0.000000 0.000000 0.000000 0.000000 0.000000 0.000000 0.000000 0.000000 0.000000 0.000000 
0.000000 0.000000 0.000000 0.000000 0.000000 0.000000 0.000000 0.000000 0.000000 0.000000 0.000000 0.000000 0.000000 0.000000 0.000000 0.000000 0.000000 0.000000 0.000000 0.000000 0.000000 0.000000 0.000000 0.000000 0.000000 0.000000 0.000000 0.000000 0.000000 0.000000 0.000000 0.000000 0.000000 0.000000 0.000000 0.000000 0.000000 0.000001 0.000001 0.000001 0.000001 0.000001 0.000002 0.000002 0.000002 0.000003 0.000003 0.000003 0.000003 0.000004 0.000004 0.000004 0.000003 0.000003 0.000003 0.000003 0.000002 0.000002 0.000002 0.000001 0.000001 0.000001 0.000001 0.000001 0.000000 0.000000 0.000000 0.000000 0.000000 0.000000 0.000000 0.000000 0.000000 0.000000 0.000000 0.000000 0.000000 0.000000 0.000000 0.000000 0.000000 0.000000 0.000000 0.000000 0.000000 0.000000 0.000000 0.000000 0.000000 0.000000 0.000000 0.000000 0.000000 0.000000 0.000000 0.000000 0.000000 0.000000 0.000000 0.000000 
0.000000 0.000000 0.000000 0.000000 0.000000 0.000000 0.000000 0.000000 0.000000 0.000000 0.000000 0.000000 0.000000 0.000000 0.000000 0.000000 0.000000 0.000000 0.000000 0.000000 0.000000 0.000000 0.000000 0.000000 0.000000 0.000000 0.000000 0.000000 0.000000 0.000000 0.000000 0.000000 0.000000 0.000000 0.000001 0.000001 0.000001 0.000001 0.000002 0.000002 0.000003 0.000003 0.000004 0.000005 0.000005 0.000006 0.000007 0.000007 0.000008 0.000008 0.000008 0.000008 0.000008 0.000007 0.000007 0.000006 0.000005 0.000005 0.000004 0.000003 0.000003 0.000002 0.000002 0.000001 0.000001 0.000001 0.000001 0.000000 0.000000 0.000000 0.000000 0.000000 0.000000 0.000000 0.000000 0.000000 0.000000 0.000000 0.000000 0.000000 0.000000 0.000000 0.000000 0.000000 0.000000 0.000000 0.000000 0.000000 0.000000 0.000000 0.000000 0.000000 0.000000 0.000000 0.000000 0.000000 0.000000 0.000000 0.000000 0.000000 
0.000000 0.000000 0.000000 0.000000 0.000000 0.000000 0.000000 0.000000 0.000000 0.000000 0.000000 0.000000 0.000000 0.000000 0.000000 0.000000 0.000000 0.000000 0.000000 0.000000 0.000000 0.000000 0.000000 0.000000 0.000000 0.000000 0.000000 0.000000 0.000000 0.000000 0.000000 0.000000 0.000001 0.000001 0.000001 0.000002 0.000002 0.000003 0.000004 0.000005 0.000006 0.000008 0.000009 0.000011 0.000012 0.000014 0.000015 0.000016 0.000017 0.000018 0.000018 0.000018 0.000017 0.000016 0.000015 0.000014 0.000012 0.000011 0.000009 0.000008 0.000006 0.000005 0.000004 0.000003 0.000002 0.000002 0.000001 0.000001 0.000001 0.000000 0.000000 0.000000 0.000000 0.000000 0.000000 0.000000 0.000000 0.000000 0.000000 0.000000 0.000000 0.000000 0.000000 0.000000 0.000000 0.000000 0.000000 0.000000 0.000000 0.000000 0.000000 0.000000 0.000000 0.000000 0.000000 0.000000 0.000000 0.000000 0.000000 0.000000 
0.000000 0.000000 0.000000 0.000000 0.000000 0.000000 0.000000 0.000000 0.000000 0.000000 0.000000 0.000000 0.000000 0.000000 0.000000 0.000000 0.000000 0.000000 0.000000 0.000000 0.000000 0.000000 0.000000 0.000000 0.000000 0.000000 0.000000 0.000000 0.000000 0.000000 0.000001 0.000001 0.000001 0.000002 0.000003 0.000004 0.000005 0.000006 0.000008 0.000011 0.000014 0.000017 0.000020 0.000024 0.000027 0.000031 0.000034 0.000036 0.000038 0.000040 0.000040 0.000040 0.000038 0.000036 0.000034 0.000031 0.000027 0.000024 0.000020 0.000017 0.000014 0.000011 0.000008 0.000006 0.000005 0.000004 0.000003 0.000002 0.000001 0.000001 0.000001 0.000000 0.000000 0.000000 0.000000 0.000000 0.000000 0.000000 0.000000 0.000000 0.000000 0.000000 0.000000 0.000000 0.000000 0.000000 0.000000 0.000000 0.000000 0.000000 0.000000 0.000000 0.000000 0.000000 0.000000 0.000000 0.000000 0.000000 0.000000 0.000000 
0.000000 0.000000 0.000000 0.000000 0.000000 0.000000 0.000000 0.000000 0.000000 0.000000 0.000000 0.000000 0.000000 0.000000 0.000000 0.000000 0.000000 0.000000 0.000000 0.000000 0.000000 0.000000 0.000000 0.000000 0.000000 0.000000 0.000000 0.000000 0.000000 0.000001 0.000001 0.000002 0.000003 0.000004 0.000006 0.000008 0.000011 0.000014 0.000018 0.000024 0.000030 0.000036 0.000044 0.000051 0.000059 0.000066 0.000073 0.000079 0.000083 0.000086 0.000087 0.000086 0.000083 0.000079 0.000073 0.000066 0.000059 0.000051 0.000044 0.000036 0.000030 0.000024 0.000018 0.000014 0.000011 0.000008 0.000006 0.000004 0.000003 0.000002 0.000001 0.000001 0.000000 0.000000 0.000000 0.000000 0.000000 0.000000 0.000000 0.000000 0.000000 0.000000 0.000000 0.000000 0.000000 0.000000 0.000000 0.000000 0.000000 0.000000 0.000000 0.000000 0.000000 0.000000 0.000000 0.000000 0.000000 0.000000 0.000000 0.000000 
0.000000 0.000000 0.000000 0.000000 0.000000 0.000000 0.000000 0.000000 0.000000 0.000000 0.000000 0.000000 0.000000 0.000000 0.000000 0.000000 0.000000 0.000000 0.000000 0.000000 0.000000 0.000000 0.000000 0.000000 0.000000 0.000000 0.000000 0.000001 0.000001 0.000002 0.000003 0.000004 0.000006 0.000008 0.000012 0.000017 0.000023 0.000030 0.000039 0.000050 0.000063 0.000077 0.000093 0.000109 0.000125 0.000141 0.000155 0.000167 0.000176 0.000182 0.000184 0.000182 0.000176 0.000167 0.000155 0.000141 0.000125 0.000109 0.000093 0.000077 0.000063 0.000050 0.000039 0.000030 0.000023 0.000017 0.000012 0.000008 0.000006 0.000004 0.000003 0.000002 0.000001 0.000001 0.000000 0.000000 0.000000 0.000000 0.000000 0.000000 0.000000 0.000000 0.000000 0.000000 0.000000 0.000000 0.000000 0.000000 0.000000 0.000000 0.000000 0.000000 0.000000 0.000000 0.000000 0.000000 0.000000 0.000000 0.000000 0.000000 
0.000000 0.000000 0.000000 0.000000 0.000000 0.000000 0.000000 0.000000 0.000000 0.000000 0.000000 0.000000 0.000000 0.000000 0.000000 0.000000 0.000000 0.000000 0.000000 0.000000 0.000000 0.000000 0.000000 0.000000 0.000000 0.000001 0.000001 0.000001 0.000002 0.000004 0.000005 0.000008 0.000012 0.000018 0.000025 0.000035 0.000047 0.000063 0.000082 0.000105 0.000132 0.000161 0.000193 0.000227 0.000261 0.000294 0.000323 0.000348 0.000367 0.000379 0.000384 0.000379 0.000367 0.000348 0.000323 0.000294 0.000261 0.000227 0.000193 0.000161 0.000132 0.000105 0.000082 0.000063 0.000047 0.000035 0.000025 0.000018 0.000012 0.000008 0.000005 0.000004 0.000002 0.000001 0.000001 0.000001 0.000000 0.000000 0.000000 0.000000 0.000000 0.000000 0.000000 0.000000 0.000000 0.000000 0.000000 0.000000 0.000000 0.000000 0.000000 0.000000 0.000000 0.000000 0.000000 0.000000 0.000000 0.000000 0.000000 0.000000 
0.000000 0.000000 0.000000 0.000000 0.000000 0.000000 0.000000 0.000000 0.000000 0.000000 0.000000 0.000000 0.000000 0.000000 0.000000 0.000000 0.000000 0.000000 0.000000 0.000000 0.000000 0.000000 0.000000 0.000000 0.000001 0.000001 0.000002 0.000003 0.000005 0.000007 0.000011 0.000017 0.000025 0.000036 0.000052 0.000072 0.000097 0.000130 0.000169 0.000216 0.000270 0.000331 0.000397 0.000465 0.000535 0.000601 0.000662 0.000713 0.000752 0.000777 0.000785 0.000777 0.000752 0.000713 0.000662 0.000601 0.000535 0.000465 0.000397 0.000331 0.000270 0.000216 0.000169 0.000130 0.000097 0.000072 0.000052 0.000036 0.000025 0.000017 0.000011 0.000007 0.000005 0.000003 0.000002 0.000001 0.000001 0.000000 0.000000 0.000000 0.000000 0.000000 0.000000 0.000000 0.000000 0.000000 0.000000 0.000000 0.000000 0.000000 0.000000 0.000000 0.000000 0.000000 0.000000 0.000000 0.000000 0.000000 0.000000 0.000000 
0.000000 0.000000 0.000000 0.000000 0.000000 0.000000 0.000000 0.000000 0.000000 0.000000 0.000000 0.000000 0.000000 0.000000 0.000000 0.000000 0.000000 0.000000 0.000000 0.000000 0.000000 0.000000 0.000000 0.000001 0.000001 0.000002 0.000004 0.000006 0.000009 0.000015 0.000023 0.000034 0.000051 0.000074 0.000104 0.000145 0.000197 0.000262 0.000342 0.000436 0.000545 0.000667 0.000799 0.000937 0.001075 0.001209 0.001330 0.001433 0.001512 0.001561 0.001577 0.001561 0.001512 0.001433 0.001330 0.001209 0.001075 0.000937 0.000799 0.000667 0.000545 0.000436 0.000342 0.000262 0.000197 0.000145 0.000104 0.000074 0.000051 0.000034 0.000023 0.000015 0.000009 0.000006 0.000004 0.000002 0.000001 0.000001 0.000000 0.000000 0.000000 0.000000 0.000000 0.000000 0.000000 0.000000 0.000000 0.000000 0.000000 0.000000 0.000000 0.000000 0.000000 0.000000 0.000000 0.000000 0.000000 0.000000 0.000000 0.000000 
0.000000 0.000000 0.000000 0.000000 0.000000 0.000000 0.000000 0.000000 0.000000 0.000000 0.000000 0.000000 0.000000 0.000000 0.000000 0.000000 0.000000 0.000000 0.000000 0.000000 0.000000 0.000000 0.000001 0.000001 0.000003 0.000004 0.000007 0.000012 0.000019 0.000030 0.000046 0.000069 0.000101 0.000146 0.000207 0.000288 0.000391 0.000519 0.000677 0.000863 0.001078 0.001318 0.001578 0.001850 0.002123 0.002386 0.002625 0.002828 0.002982 0.003078 0.003111 0.003078 0.002982 0.002828 0.002625 0.002386 0.002123 0.001850 0.001578 0.001318 0.001078 0.000863 0.000677 0.000519 0.000391 0.000288 0.000207 0.000146 0.000101 0.000069 0.000046 0.000030 0.000019 0.000012 0.000007 0.000004 0.000003 0.000001 0.000001 0.000000 0.000000 0.000000 0.000000 0.000000 0.000000 0.000000 0.000000 0.000000 0.000000 0.000000 0.000000 0.000000 0.000000 0.000000 0.000000 0.000000 0.000000 0.000000 0.000000 0.000000 
0.000000 0.000000 0.000000 0.000000 0.000000 0.000000 0.000000 0.000000 0.000000 0.000000 0.000000 0.000000 0.000000 0.000000 0.000000 0.000000 0.000000 0.000000 0.000000 0.000000 0.000000 0.000001 0.000002 0.000003 0.000005 0.000009 0.000014 0.000023 0.000037 0.000058 0.000089 0.000134 0.000198 0.000286 0.000404 0.000560 0.000760 0.001010 0.001315 0.001676 0.002092 0.002557 0.003060 0.003586 0.004114 0.004622 0.005084 0.005475 0.005773 0.005959 0.006023 0.005959 0.005773 0.005475 0.005084 0.004622 0.004114 0.003586 0.003060 0.002557 0.002092 0.001676 0.001315 0.001010 0.000760 0.000560 0.000404 0.000286 0.000198 0.000134 0.000089 0.000058 0.000037 0.000023 0.000014 0.000009 0.000005 0.000003 0.000002 0.000001 0.000000 0.000000 0.000000 0.000000 0.000000 0.000000 0.000000 0.000000 0.000000 0.000000 0.000000 0.000000 0.000000 0.000000 0.000000 0.000000 0.000000 0.000000 0.000000 0.000000 
0.000000 0.000000 0.000000 0.000000 0.000000 0.000000 0.000000 0.000000 0.000000 0.000000 0.000000 0.000000 0.000000 0.000000 0.000000 0.000000 0.000000 0.000000 0.000000 0.000001 0.000001 0.000002 0.000003 0.000006 0.000010 0.000016 0.000027 0.000045 0.000071 0.000112 0.000171 0.000257 0.000379 0.000547 0.000773 0.001070 0.001451 0.001928 0.002507 0.003194 0.003984 0.004868 0.005823 0.006821 0.007824 0.008787 0.009663 0.010405 0.010969 0.011322 0.011442 0.011322 0.010969 0.010405 0.009663 0.008787 0.007824 0.006821 0.005823 0.004868 0.003984 0.003194 0.002507 0.001928 0.001451 0.001070 0.000773 0.000547 0.000379 0.000257 0.000171 0.000112 0.000071 0.000045 0.000027 0.000016 0.000010 0.000006 0.000003 0.000002 0.000001 0.000001 0.000000 0.000000 0.000000 0.000000 0.000000 0.000000 0.000000 0.000000 0.000000 0.000000 0.000000 0.000000 0.000000 0.000000 0.000000 0.000000 0.000000 0.000000 
0.000000 0.000000 0.000000 0.000000 0.000000 0.000000 0.000000 0.000000 0.000000 0.000000 0.000000 0.000000 0.000000 0.000000 0.000000 0.000000 0.000000 0.000000 0.000001 0.000001 0.000002 0.000003 0.000006 0.000011 0.000018 0.000031 0.000052 0.000084 0.000135 0.000210 0.000323 0.000484 0.000713 0.001027 0.001451 0.002007 0.002719 0.003609 0.004692 0.005973 0.007448 0.009094 0.010874 0.012733 0.014600 0.016393 0.018024 0.019403 0.020453 0.021110 0.021333 0.021110 0.020453 0.019403 0.018024 0.016393 0.014600 0.012733 0.010874 0.009094 0.007448 0.005973 0.004692 0.003609 0.002719 0.002007 0.001451 0.001027 0.000713 0.000484 0.000323 0.000210 0.000135 0.000084 0.000052 0.000031 0.000018 0.000011 0.000006 0.000003 0.000002 0.000001 0.000001 0.000000 0.000000 0.000000 0.000000 0.000000 0.000000 0.000000 0.000000 0.000000 0.000000 0.000000 0.000000 0.000000 0.000000 0.000000 0.000000 0.000000 
0.000000 0.000000 0.000000 0.000000 0.000000 0.000000 0.000000 0.000000 0.000000 0.000000 0.000000 0.000000 0.000000 0.000000 0.000000 0.000000 0.000000 0.000000 0.000001 0.000002 0.000003 0.000006 0.000011 0.000020 0.000034 0.000058 0.000096 0.000156 0.000249 0.000389 0.000596 0.000894 0.001314 0.001893 0.002671 0.003692 0.004999 0.006631 0.008614 0.010960 0.013659 0.016670 0.019926 0.023323 0.026735 0.030010 0.032987 0.035505 0.037421 0.038620 0.039029 0.038620 0.037421 0.035505 0.032987 0.030010 0.026735 0.023323 0.019926 0.016670 0.013659 0.010960 0.008614 0.006631 0.004999 0.003692 0.002671 0.001893 0.001314 0.000894 0.000596 0.000389 0.000249 0.000156 0.000096 0.000058 0.000034 0.000020 0.000011 0.000006 0.000003 0.000002 0.000001 0.000000 0.000000 0.000000 0.000000 0.000000 0.000000 0.000000 0.000000 0.000000 0.000000 0.000000 0.000000 0.000000 0.000000 0.000000 0.000000 0.000000 
0.000000 0.000000 0.000000 0.000000 0.000000 0.000000 0.000000 0.000000 0.000000 0.000000 0.000000 0.000000 0.000000 0.000000 0.000000 0.000000 0.000000 0.000001 0.000002 0.000003 0.000006 0.000011 0.000021 0.000036 0.000062 0.000105 0.000175 0.000284 0.000452 0.000706 0.001080 0.001619 0.002378 0.003422 0.004824 0.006663 0.009016 0.011951 0.015516 0.019732 0.024578 0.029983 0.035823 0.041917 0.048033 0.053903 0.059237 0.063749 0.067181 0.069328 0.070060 0.069328 0.067181 0.063749 0.059237 0.053903 0.048033 0.041917 0.035823 0.029983 0.024578 0.019732 0.015516 0.011951 0.009016 0.006663 0.004824 0.003422 0.002378 0.001619 0.001080 0.000706 0.000452 0.000284 0.000175 0.000105 0.000062 0.000036 0.000021 0.000011 0.000006 0.000003 0.000002 0.000001 0.000000 0.000000 0.000000 0.000000 0.000000 0.000000 0.000000 0.000000 0.000000 0.000000 0.000000 0.000000 0.000000 0.000000 0.000000 0.000000 
0.000000 0.000000 0.000000 0.000000 0.000000 0.000000 0.000000 0.000000 0.000000 0.000000 0.000000 0.000000 0.000000 0.000000 0.000000 0.000000 0.000001 0.000002 0.000003 0.000006 0.000011 0.000021 0.000037 0.000065 0.000111 0.000188 0.000312 0.000506 0.000805 0.001256 0.001919 0.002875 0.004219 0.006066 0.008547 0.011797 0.015952 0.021130 0.027419 0.034850 0.043387 0.052906 0.063186 0.073909 0.084668 0.094990 0.104367 0.112298 0.118330 0.122105 0.123390 0.122105 0.118330 0.112298 0.104367 0.094990 0.084668 0.073909 0.063186 0.052906 0.043387 0.034850 0.027419 0.021130 0.015952 0.011797 0.008547 0.006066 0.004219 0.002875 0.001919 0.001256 0.000805 0.000506 0.000312 0.000188 0.000111 0.000065 0.000037 0.000021 0.000011 0.000006 0.000003 0.000002 0.000001 0.000000 0.000000 0.000000 0.000000 0.000000 0.000000 0.000000 0.000000 0.000000 0.000000 0.000000 0.000000 0.000000 0.000000 0.000000 
0.000000 0.000000 0.000000 0.000000 0.000000 0.000000 0.000000 0.000000 0.000000 0.000000 0.000000 0.000000 0.000000 0.000000 0.000000 0.000001 0.000001 0.000003 0.000006 0.000011 0.000020 0.000036 0.000065 0.000113 0.000195 0.000330 0.000546 0.000885 0.001407 0.002191 0.003346 0.005007 0.007342 0.010550 0.014852 0.020486 0.027683 0.036649 0.047528 0.060379 0.075135 0.091580 0.109333 0.127844 0.146411 0.164220 0.180396 0.194074 0.204476 0.210984 0.213199 0.210984 0.204476 0.194074 0.180396 0.164220 0.146411 0.127844 0.109333 0.091580 0.075135 0.060379 0.047528 0.036649 0.027683 0.020486 0.014852 0.010550 0.007342 0.005007 0.003346 0.002191 0.001407 0.000885 0.000546 0.000330 0.000195 0.000113 0.000065 0.000036 0.000020 0.000011 0.000006 0.000003 0.000001 0.000001 0.000000 0.000000 0.000000 0.000000 0.000000 0.000000 0.000000 0.000000 0.000000 0.000000 0.000000 0.000000 0.000000 0.000000 
0.000000 0.000000 0.000000 0.000000 0.000000 0.000000 0.000000 0.000000 0.000000 0.000000 0.000000 0.000000 0.000000 0.000000 0.000001 0.000001 0.000003 0.000005 0.000010 0.000018 0.000034 0.000062 0.000111 0.000195 0.000336 0.000566 0.000936 0.001517 0.002409 0.003750 0.005721 0.008554 0.012533 0.017994 0.025314 0.034893 0.047122 0.062347 0.080812 0.102611 0.127629 0.155501 0.185577 0.216926 0.248362 0.278505 0.305878 0.329020 0.346618 0.357626 0.361373 0.357626 0.346618 0.329020 0.305878 0.278505 0.248362 0.216926 0.185577 0.155501 0.127629 0.102611 0.080812 0.062347 0.047122 0.034893 0.025314 0.017994 0.012533 0.008554 0.005721 0.003750 0.002409 0.001517 0.000936 0.000566 0.000336 0.000195 0.000111 0.000062 0.000034 0.000018 0.000010 0.000005 0.000003 0.000001 0.000001 0.000000 0.000000 0.000000 0.000000 0.000000 0.000000 0.000000 0.000000 0.000000 0.000000 0.000000 0.000000 0.000000 
0.000000 0.000000 0.000000 0.000000 0.000000 0.000000 0.000000 0.000000 0.000000 0.000000 0.000000 0.000000 0.000000 0.000001 0.000001 0.000002 0.000004 0.000009 0.000016 0.000031 0.000058 0.000105 0.000188 0.000330 0.000566 0.000954 0.001575 0.002550 0.004046 0.006292 0.009591 0.014329 0.020978 0.030098 0.042313 0.058287 0.078669 0.104027 0.134767 0.171039 0.212648 0.258983 0.308965 0.361045 0.413254 0.463303 0.508743 0.547154 0.576358 0.594626 0.600844 0.594626 0.576358 0.547154 0.508743 0.463303 0.413254 0.361045 0.308965 0.258983 0.212648 0.171039 0.134767 0.104027 0.078669 0.058287 0.042313 0.030098 0.020978 0.014329 0.009591 0.006292 0.004046 0.002550 0.001575 0.000954 0.000566 0.000330 0.000188 0.000105 0.000058 0.000031 0.000016 0.000009 0.000004 0.000002 0.000001 0.000001 0.000000 0.000000 0.000000 0.000000 0.000000 0.000000 0.000000 0.000000 0.000000 0.000000 0.000000 0.000000 
0.000000 0.000000 0.000000 0.000000 0.000000 0.000000 0.000000 0.000000 0.000000 0.000000 0.000000 0.000000 0.000000 0.000001 0.000002 0.000004 0.000007 0.000014 0.000027 0.000052 0.000096 0.000175 0.000312 0.000546 0.000936 0.001575 0.002598 0.004202 0.006662 0.010352 0.015767 0.023537 0.034434 0.049369 0.069360 0.095486 0.128801 0.170227 0.220418 0.279614 0.347492 0.423047 0.504520 0.589386 0.674437 0.755952 0.829944 0.892480 0.940022 0.969758 0.979878 0.969758 0.940022 0.892480 0.829944 0.755952 0.674437 0.589386 0.504520 0.423047 0.347492 0.279614 0.220418 0.170227 0.128801 0.095486 0.069360 0.049369 0.034434 0.023537 0.015767 0.010352 0.006662 0.004202 0.002598 0.001575 0.000936 0.000546 0.000312 0.000175 0.000096 0.000052 0.000027 0.000014 0.000007 0.000004 0.000002 0.000001 0.000000 0.000000 0.000000 0.000000 0.000000 0.000000 0.000000 0.000000 0.000000 0.000000 0.000000 0.000000 
0.000000 0.000000 0.000000 0.000000 0.000000 0.000000 0.000000 0.000000 0.000000 0.000000 0.000000 0.000000 0.000001 0.000001 0.000003 0.000006 0.000012 0.000023 0.000045 0.000084 0.000156 0.000284 0.000506 0.000885 0.001517 0.002550 0.004202 0.006790 0.010754 0.016698 0.025413 0.037908 0.055421 0.079405 0.111489 0.153393 0.206797 0.273167 0.353540 0.448289 0.556888 0.677726 0.807981 0.943620 1.079519 1.209736 1.327913 1.427778 1.503689 1.551166 1.567323 1.551166 1.503689 1.427778 1.327913 1.209736 1.079519 0.943620 0.807981 0.677726 0.556888 0.448289 0.353540 0.273167 0.206797 0.153393 0.111489 0.079405 0.055421 0.037908 0.025413 0.016698 0.010754 0.006790 0.004202 0.002550 0.001517 0.000885 0.000506 0.000284 0.000156 0.000084 0.000045 0.000023 0.000012 0.000006 0.000003 0.000001 0.000001 0.000000 0.000000 0.000000 0.000000 0.000000 0.000000 0.000000 0.000000 0.000000 0.000000 0.000000 
0.000000 0.000000 0.000000 0.000000 0.000000 0.000000 0.000000 0.000000 0.000000 0.000000 0.000000 0.000000 0.000001 0.000002 0.000005 0.000009 0.000019 0.000037 0.000071 0.000135 0.000249 0.000452 0.000805 0.001407 0.002409 0.004046 0.006662 0.010754 0.017020 0.026407 0.040159 0.059862 0.087458 0.125226 0.175718 0.241624 0.325573 0.429850 0.556069 0.704796 0.875196 1.064729 1.268965 1.481580 1.694548 1.898566 2.083687 2.240099 2.358981 2.433327 2.458627 2.433327 2.358981 2.240099 2.083687 1.898566 1.694548 1.481580 1.268965 1.064729 0.875196 0.704796 0.556069 0.429850 0.325573 0.241624 0.175718 0.125226 0.087458 0.059862 0.040159 0.026407 0.017020 0.010754 0.006662 0.004046 0.002409 0.001407 0.000805 0.000452 0.000249 0.000135 0.000071 0.000037 0.000019 0.000009 0.000005 0.000002 0.000001 0.000000 0.000000 0.000000 0.000000 0.000000 0.000000 0.000000 0.000000 0.000000 0.000000 0.000000 
0.000000 0.000000 0.000000 0.000000 0.000000 0.000000 0.000000 0.000000 0.000000 0.000000 0.000000 0.000001 0.000002 0.000004 0.000007 0.000015 0.000030 0.000058 0.000112 0.000210 0.000389 0.000706 0.001256 0.002191 0.003750 0.006292 0.010352 0.016698 0.026407 0.040938 0.062214 0.092675 0.135310 0.193624 0.271538 0.373181 0.502581 0.663237 0.857607 1.086544 1.348740 1.640273 1.954324 2.281165 2.608467 2.921949 3.206345 3.446601 3.629190 3.743368 3.782222 3.743368 3.629190 3.446601 3.206345 2.921949 2.608467 2.281165 1.954324 1.640273 1.348740 1.086544 0.857607 0.663237 0.502581 0.373181 0.271538 0.193624 0.135310 0.092675 0.062214 0.040938 0.026407 0.016698 0.010352 0.006292 0.003750 0.002191 0.001256 0.000706 0.000389 0.000210 0.000112 0.000058 0.000030 0.000015 0.000007 0.000004 0.000002 0.000001 0.000000 0.000000 0.000000 0.000000 0.000000 0.000000 0.000000 0.000000 0.000000 0.000000 
0.000000 0.000000 0.000000 0.000000 0.000000 0.000000 0.000000 0.000000 0.000000 0.000000 0.000001 0.000001 0.000003 0.000005 0.000011 0.000023 0.000046 0.000089 0.000171 0.000323 0.000596 0.001080 0.001919 0.003346 0.005721 0.009591 0.015767 0.025413 0.040159 0.062214 0.094483 0.140652 0.205231 0.293507 0.411386 0.565085 0.760657 1.003355 1.296856 1.642414 2.038027 2.477756 2.951307 3.444011 3.937293 4.409652 4.838110 5.200021 5.475037 5.647000 5.705516 5.647000 5.475037 5.200021 4.838110 4.409652 3.937293 3.444011 2.951307 2.477756 2.038027 1.642414 1.296856 1.003355 0.760657 0.565085 0.411386 0.293507 0.205231 0.140652 0.094483 0.062214 0.040159 0.025413 0.015767 0.009591 0.005721 0.003346 0.001919 0.001080 0.000596 0.000323 0.000171 0.000089 0.000046 0.000023 0.000011 0.000005 0.000003 0.000001 0.000001 0.000000 0.000000 0.000000 0.000000 0.000000 0.000000 0.000000 0.000000 0.000000 
0.000000 0.000000 0.000000 0.000000 0.000000 0.000000 0.000000 0.000000 0.000000 0.000000 0.000001 0.000002 0.000004 0.000008 0.000017 0.000034 0.000069 0.000134 0.000257 0.000484 0.000894 0.001619 0.002875 0.005007 0.008554 0.014329 0.023537 0.037908 0.059862 0.092675 0.140652 0.209252 0.305149 0.436159 0.611010 0.838875 1.128681 1.488159 1.922705 2.434127 3.019426 3.669783 4.369960 5.098270 5.827270 6.525214 7.158188 7.692783 8.098982 8.352955 8.439375 8.352955 8.098982 7.692783 7.158188 6.525214 5.827270 5.098270 4.369960 3.669783 3.019426 2.434127 1.922705 1.488159 1.128681 0.838875 0.611010 0.436159 0.305149 0.209252 0.140652 0.092675 0.059862 0.037908 0.023537 0.014329 0.008554 0.005007 0.002875 0.001619 0.000894 0.000484 0.000257 0.000134 0.000069 0.000034 0.000017 0.000008 0.000004 0.000002 0.000001 0.000000 0.000000 0.000000 0.000000 0.000000 0.000000 0.000000 0.000000 0.000000 
0.000000 0.000000 0.000000 0.000000 0.000000 0.000000 0.000000 0.000000 0.000000 0.000001 0.000001 0.000003 0.000006 0.000012 0.000025 0.000051 0.000101 0.000198 0.000379 0.000713 0.001314 0.002378 0.004219 0.007342 0.012533 0.020978 0.034434 0.055421 0.087458 0.135310 0.205231 0.305149 0.444744 0.635352 0.889611 1.220801 1.641828 2.163852 2.794639 3.536749 4.385773 5.328884 6.343962 7.399568 8.455949 9.467140 10.384064 11.158380 11.746672 12.114474 12.239624 12.114474 11.746672 11.158380 10.384064 9.467140 8.455949 7.399568 6.343962 5.328884 4.385773 3.536749 2.794639 2.163852 1.641828 1.220801 0.889611 0.635352 0.444744 0.305149 0.205231 0.135310 0.087458 0.055421 0.034434 0.020978 0.012533 0.007342 0.004219 0.002378 0.001314 0.000713 0.000379 0.000198 0.000101 0.000051 0.000025 0.000012 0.000006 0.000003 0.000001 0.000001 0.000000 0.000000 0.000000 0.000000 0.000000 0.000000 0.000000 0.000000 
0.000000 0.000000 0.000000 0.000000 0.000000 0.000000 0.000000 0.000000 0.000000 0.000001 0.000002 0.000004 0.000008 0.000018 0.000036 0.000074 0.000146 0.000286 0.000547 0.001027 0.001893 0.003422 0.006066 0.010550 0.017994 0.030098 0.049369 0.079405 0.125226 0.193624 0.293507 0.436159 0.635352 0.907195 1.269640 1.741535 2.341175 3.084360 3.982050 5.037801 6.245270 7.586161 9.028997 10.529093 12.029988 13.466427 14.768767 15.868428 16.703831 17.226098 17.403801 17.226098 16.703831 15.868428 14.768767 13.466427 12.029988 10.529093 9.028997 7.586161 6.245270 5.037801 3.982050 3.084360 2.341175 1.741535 1.269640 0.907195 0.635352 0.436159 0.293507 0.193624 0.125226 0.079405 0.049369 0.030098 0.017994 0.010550 0.006066 0.003422 0.001893 0.001027 0.000547 0.000286 0.000146 0.000074 0.000036 0.000018 0.000008 0.000004 0.000002 0.000001 0.000000 0.000000 0.000000 0.000000 0.000000 0.000000 0.000000 0.000000 
0.000000 0.000000 0.000000 0.000000 0.000000 0.000000 0.000000 0.000000 0.000001 0.000001 0.000003 0.000006 0.000012 0.000025 0.000052 0.000104 0.000207 0.000404 0.000773 0.001451 0.002671 0.004824 0.008547 0.014852 0.025314 0.042313 0.069360 0.111489 0.175718 0.271538 0.411386 0.611010 0.889611 1.269640 1.776098 2.435207 3.272400 4.309612 5.562014 7.034452 8.717986 10.587036 12.597693 14.687687 16.778394 18.778989 20.592570 22.123742 23.286864 24.013971 24.261365 24.013971 23.286864 22.123742 20.592570 18.778989 16.778394 14.687687 12.597693 10.587036 8.717986 7.034452 5.562014 4.309612 3.272400 2.435207 1.776098 1.269640 0.889611 0.611010 0.411386 0.271538 0.175718 0.111489 0.069360 0.042313 0.025314 0.014852 0.008547 0.004824 0.002671 0.001451 0.000773 0.000404 0.000207 0.000104 0.000052 0.000025 0.000012 0.000006 0.000003 0.000001 0.000001 0.000000 0.000000 0.000000 0.000000 0.000000 0.000000 0.000000 
0.000000 0.000000 0.000000 0.000000 0.000000 0.000000 0.000000 0.000000 0.000001 0.000002 0.000004 0.000008 0.000017 0.000035 0.000072 0.000145 0.000288 0.000560 0.001070 0.002007 0.003692 0.006663 0.011797 0.020486 0.034893 0.058287 0.095486 0.153393 0.241624 0.373181 0.565085 0.838875 1.220801 1.741535 2.435207 3.337591 4.483352 5.902346 7.615171 9.628305 11.929404 14.483418 17.230299 20.084983 22.940127 25.671789 28.147780 30.237997 31.825663 32.818116 33.155783 32.818116 31.825663 30.237997 28.147780 25.671789 22.940127 20.084983 17.230299 14.483418 11.929404 9.628305 7.615171 5.902346 4.483352 3.337591 2.435207 1.741535 1.220801 0.838875 0.565085 0.373181 0.241624 0.153393 0.095486 0.058287 0.034893 0.020486 0.011797 0.006663 0.003692 0.002007 0.001070 0.000560 0.000288 0.000145 0.000072 0.000035 0.000017 0.000008 0.000004 0.000002 0.000001 0.000000 0.000000 0.000000 0.000000 0.000000 0.000000 0.000000 
0.000000 0.000000 0.000000 0.000000 0.000000 0.000000 0.000000 0.000000 0.000001 0.000002 0.000005 0.000011 0.000023 0.000047 0.000097 0.000197 0.000391 0.000760 0.001451 0.002719 0.004999 0.009016 0.015952 0.027683 0.047122 0.078669 0.128801 0.206797 0.325573 0.502581 0.760657 1.128681 1.641828 2.341175 3.272400 4.483352 6.020352 7.923249 10.219463 12.917498 16.000655 19.421861 23.100627 26.923032 30.745411 34.401948 37.715849 40.513157 42.637754 43.965779 44.417610 43.965779 42.637754 40.513157 37.715849 34.401948 30.745411 26.923032 23.100627 19.421861 16.000655 12.917498 10.219463 7.923249 6.020352 4.483352 3.272400 2.341175 1.641828 1.128681 0.760657 0.502581 0.325573 0.206797 0.128801 0.078669 0.047122 0.027683 0.015952 0.009016 0.004999 0.002719 0.001451 0.000760 0.000391 0.000197 0.000097 0.000047 0.000023 0.000011 0.000005 0.000002 0.000001 0.000000 0.000000 0.000000 0.000000 0.000000 0.000000 0.000000 
0.000000 0.000000 0.000000 0.000000 0.000000 0.000000 0.000000 0.000001 0.000001 0.000003 0.000006 0.000014 0.000030 0.000063 0.000130 0.000262 0.000519 0.001010 0.001928 0.003609 0.006631 0.011951 0.021130 0.036649 0.062347 0.104027 0.170227 0.273167 0.429850 0.663237 1.003355 1.488159 2.163852 3.084360 4.309612 5.902346 7.923249 10.424466 13.441795 16.986186 21.035512 25.527819 30.357348 35.374550 40.390929 45.189017 49.537013 53.206884 55.994017 57.736098 58.328787 57.736098 55.994017 53.206884 49.537013 45.189017 40.390929 35.374550 30.357348 25.527819 21.035512 16.986186 13.441795 10.424466 7.923249 5.902346 4.309612 3.084360 2.163852 1.488159 1.003355 0.663237 0.429850 0.273167 0.170227 0.104027 0.062347 0.036649 0.021130 0.011951 0.006631 0.003609 0.001928 0.001010 0.000519 0.000262 0.000130 0.000063 0.000030 0.000014 0.000006 0.000003 0.000001 0.000001 0.000000 0.000000 0.000000 0.000000 0.000000 0.000000 
0.000000 0.000000 0.000000 0.000000 0.000000 0.000000 0.000000 0.000001 0.000002 0.000004 0.000008 0.000018 0.000039 0.000082 0.000169 0.000342 0.000677 0.001315 0.002507 0.004692 0.008614 0.015516 0.027419 0.047528 0.080812 0.134767 0.220418 0.353540 0.556069 0.857607 1.296856 1.922705 2.794639 3.982050 5.562014 7.615171 10.219463 13.441795 17.327993 21.891891 27.104778 32.886736 39.101565 45.556825 52.010090 58.181766 63.773917 68.493508 72.077642 74.317789 75.079915 74.317789 72.077642 68.493508 63.773917 58.181766 52.010090 45.556825 39.101565 32.886736 27.104778 21.891891 17.327993 13.441795 10.219463 7.615171 5.562014 3.982050 2.794639 1.922705 1.296856 0.857607 0.556069 0.353540 0.220418 0.134767 0.080812 0.047528 0.027419 0.015516 0.008614 0.004692 0.002507 0.001315 0.000677 0.000342 0.000169 0.000082 0.000039 0.000018 0.000008 0.000004 0.000002 0.000001 0.000000 0.000000 0.000000 0.000000 0.000000 0.000000 
0.000000 0.000000 0.000000 0.000000 0.000000 0.000000 0.000000 0.000001 0.000002 0.000005 0.000011 0.000024 0.000050 0.000105 0.000216 0.000436 0.000863 0.001676 0.003194 0.005973 0.010960 0.019732 0.034850 0.060379 0.102611 0.171039 0.279614 0.448289 0.704796 1.086544 1.642414 2.434127 3.536749 5.037801 7.034452 9.628305 12.917498 16.986186 21.891891 27.651770 34.229325 41.523534 49.362483 57.503450 65.640810 73.422202 80.472240 86.421784 90.939704 93.763377 94.724006 93.763377 90.939704 86.421784 80.472240 73.422202 65.640810 57.503450 49.362483 41.523534 34.229325 27.651770 21.891891 16.986186 12.917498 9.628305 7.034452 5.037801 3.536749 2.434127 1.642414 1.086544 0.704796 0.448289 0.279614 0.171039 0.102611 0.060379 0.034850 0.019732 0.010960 0.005973 0.003194 0.001676 0.000863 0.000436 0.000216 0.000105 0.000050 0.000024 0.000011 0.000005 0.000002 0.000001 0.000000 0.000000 0.000000 0.000000 0.000000 0.000000 
0.000000 0.000000 0.000000 0.000000 0.000000 0.000000 0.000001 0.000001 0.000003 0.000006 0.000014 0.000030 0.000063 0.000132 0.000270 0.000545 0.001078 0.002092 0.003984 0.007448 0.013659 0.024578 0.043387 0.075135 0.127629 0.212648 0.347492 0.556888 0.875196 1.348740 2.038027 3.019426 4.385773 6.245270 8.717986 11.929404 16.000655 21.035512 27.104778 34.229325 42.363719 51.382817 61.073949 71.137054 81.194468 90.810912 99.522769 106.874210 112.456399 115.945110 117.131969 115.945110 112.456399 106.874210 99.522769 90.810912 81.194468 71.137054 61.073949 51.382817 42.363719 34.229325 27.104778 21.035512 16.000655 11.929404 8.717986 6.245270 4.385773 3.019426 2.038027 1.348740 0.875196 0.556888 0.347492 0.212648 0.127629 0.075135 0.043387 0.024578 0.013659 0.007448 0.003984 0.002092 0.001078 0.000545 0.000270 0.000132 0.000063 0.000030 0.000014 0.000006 0.000003 0.000001 0.000001 0.000000 0.000000 0.000000 0.000000 0.000000 
0.000000 0.000000 0.000000 0.000000 0.000000 0.000000 0.000001 0.000001 0.000003 0.000008 0.000017 0.000036 0.000077 0.000161 0.000331 0.000667 0.001318 0.002557 0.004868 0.009094 0.016670 0.029983 0.052906 0.091580 0.155501 0.258983 0.423047 0.677726 1.064729 1.640273 2.477756 3.669783 5.328884 7.586161 10.587036 14.483418 19.421861 25.527819 32.886736 41.523534 51.382817 62.312679 74.055278 86.247049 98.430574 110.078803 120.630485 129.533885 136.294205 140.519082 141.956361 140.519082 136.294205 129.533885 120.630485 110.078803 98.430574 86.247049 74.055278 62.312679 51.382817 41.523534 32.886736 25.527819 19.421861 14.483418 10.587036 7.586161 5.328884 3.669783 2.477756 1.640273 1.064729 0.677726 0.423047 0.258983 0.155501 0.091580 0.052906 0.029983 0.016670 0.009094 0.004868 0.002557 0.001318 0.000667 0.000331 0.000161 0.000077 0.000036 0.000017 0.000008 0.000003 0.000001 0.000001 0.000000 0.000000 0.000000 0.000000 0.000000 
0.000000 0.000000 0.000000 0.000000 0.000000 0.000000 0.000001 0.000002 0.000004 0.000009 0.000020 0.000044 0.000093 0.000193 0.000397 0.000799 0.001578 0.003060 0.005823 0.010874 0.019926 0.035823 0.063186 0.109333 0.185577 0.308965 0.504520 0.807981 1.268965 1.954324 2.951307 4.369960 6.343962 9.028997 12.597693 17.230299 23.100627 30.357348 39.101565 49.362483 61.073949 74.055278 88.000115 102.476720 116.942100 130.770750 143.296702 153.865372 161.889784 166.904514 168.610473 166.904514 161.889784 153.865372 143.296702 130.770750 116.942100 102.476720 88.000115 74.055278 61.073949 49.362483 39.101565 30.357348 23.100627 17.230299 12.597693 9.028997 6.343962 4.369960 2.951307 1.954324 1.268965 0.807981 0.504520 0.308965 0.185577 0.109333 0.063186 0.035823 0.019926 0.010874 0.005823 0.003060 0.001578 0.000799 0.000397 0.000193 0.000093 0.000044 0.000020 0.000009 0.000004 0.000002 0.000001 0.000000 0.000000 0.000000 0.000000 0.000000 
0.000000 0.000000 0.000000 0.000000 0.000000 0.000000 0.000001 0.000002 0.000005 0.000011 0.000024 0.000051 0.000109 0.000227 0.000465 0.000937 0.001850 0.003586 0.006821 0.012733 0.023323 0.041917 0.073909 0.127844 0.216926 0.361045 0.589386 0.943620 1.481580 2.281165 3.444011 5.098270 7.399568 10.529093 14.687687 20.084983 26.923032 35.374550 45.556825 57.503450 71.137054 86.247049 102.476720 119.323603 136.155948 152.246167 166.819728 179.115435 188.450772 194.284598 196.269181 194.284598 188.450772 179.115435 166.819728 152.246167 136.155948 119.323603 102.476720 86.247049 71.137054 57.503450 45.556825 35.374550 26.923032 20.084983 14.687687 10.529093 7.399568 5.098270 3.444011 2.281165 1.481580 0.943620 0.589386 0.361045 0.216926 0.127844 0.073909 0.041917 0.023323 0.012733 0.006821 0.003586 0.001850 0.000937 0.000465 0.000227 0.000109 0.000051 0.000024 0.000011 0.000005 0.000002 0.000001 0.000000 0.000000 0.000000 0.000000 0.000000 
