0.000000 0.000000 0.000000 0.000000 0.000000 0.000000 0.000000 0.000000 0.000000 0.000000 0.000000 0.000000 0.000000 0.000000 0.000000 0.000000 0.000000 0.000000 0.000000 0.000000 0.000000 0.000000 0.000000 0.000000 0.000000 0.000000 0.000000 0.000000 0.000000 0.000000 0.000000 0.000000 0.000000 0.000000 0.000000 0.000000 0.000000 0.000000 0.000000 0.000000 0.000000 0.000000 0.000000 0.000000 0.000000 0.000000 0.000000 0.000000 0.000000 0.000000 0.000000 0.000000 0.000000 0.000000 0.000000 0.000000 0.000000 0.000000 0.000000 0.000000 0.000000 0.000000 0.000000 0.000000 0.000000 0.000000 0.000000 0.000000 0.000000 0.000000 0.000000 0.000000 0.000000 0.000000 0.000000 0.000000 0.000000 0.000000 0.000000 0.000000 0.000000 0.000000 0.000000 0.000000 0.000000 0.000000 0.000000 0.000000 0.000000 0.000000 0.000000 0.000000 0.000000 0.000000 0.000000 0.000000 0.000000 0.000000 0.000000 0.000000 
0.000000 0.000000 0.000000 0.000000 0.000000 0.000000 0.000000 0.000000 0.000000 0.000000 0.000000 0.000000 0.000000 0.000000 0.000000 0.000000 0.000000 0.000001 0.000001 0.000001 0.000002 0.000002 0.000003 0.000004 0.000005 0.000007 0.000010 0.000013 0.000016 0.000021 0.000026 0.000032 0.000040 0.000048 0.000058 0.000069 0.000082 0.000095 0.000109 0.000124 0.000140 0.000156 0.000172 0.000187 0.000201 0.000214 0.000225 0.000234 0.000241 0.000245 0.000246 0.000245 0.000241 0.000234 0.000225 0.000214 0.000201 0.000187 0.000172 0.000156 0.000140 0.000124 0.000109 0.000095 0.000082 0.000069 0.000058 0.000048 0.000040 0.000032 0.000026 0.000021 0.000016 0.000013 0.000010 0.000007 0.000005 0.000004 0.000003 0.000002 0.000002 0.000001 0.000001 0.000001 0.000000 0.000000 0.000000 0.000000 0.000000 0.000000 0.000000 0.000000 0.000000 0.000000 0.000000 0.000000 0.000000 0.000000 0.000000 0.000000 
0.000000 0.000000 0.000000 0.000000 0.000000 0.000000 0.000000 0.000000 0.000000 0.000000 0.000000 0.000000 0.000000 0.000000 0.000000 0.000001 0.000001 0.000001 0.000002 0.000003 0.000004 0.000005 0.000007 0.000009 0.000012 0.000017 0.000022 0.000028 0.000037 0.000047 0.000059 0.000073 0.000090 0.000109 0.000132 0.000157 0.000185 0.000215 0.000247 0.000282 0.000317 0.000353 0.000388 0.000422 0.000455 0.000484 0.000509 0.000529 0.000544 0.000554 0.000557 0.000554 0.000544 0.000529 0.000509 0.000484 0.000455 0.000422 0.000388 0.000353 0.000317 0.000282 0.000247 0.000215 0.000185 0.000157 0.000132 0.000109 0.000090 0.000073 0.000059 0.000047 0.000037 0.000028 0.000022 0.000017 0.000012 0.000009 0.000007 0.000005 0.000004 0.000003 0.000002 0.000001 0.000001 0.000001 0.000000 0.000000 0.000000 0.000000 0.000000 0.000000 0.000000 0.000000 0.000000 0.000000 0.000000 0.000000 0.000000 0.000000 
0.000000 0.000000 0.000000 0.000000 0.000000 0.000000 0.000000 0.000000 0.000000 0.000000 0.000000 0.000000 0.000000 0.000000 0.000001 0.000001 0.000002 0.000002 0.000003 0.000005 0.000006 0.000009 0.000012 0.000017 0.000023 0.000030 0.000040 0.000052 0.000067 0.000085 0.000107 0.000133 0.000163 0.000199 0.000239 0.000285 0.000335 0.000390 0.000449 0.000511 0.000575 0.000640 0.000704 0.000766 0.000825 0.000877 0.000923 0.000960 0.000987 0.001004 0.001010 0.001004 0.000987 0.000960 0.000923 0.000877 0.000825 0.000766 0.000704 0.000640 0.000575 0.000511 0.000449 0.000390 0.000335 0.000285 0.000239 0.000199 0.000163 0.000133 0.000107 0.000085 0.000067 0.000052 0.000040 0.000030 0.000023 0.000017 0.000012 0.000009 0.000006 0.000005 0.000003 0.000002 0.000002 0.000001 0.000001 0.000000 0.000000 0.000000 0.000000 0.000000 0.000000 0.000000 0.000000 0.000000 0.000000 0.000000 0.000000 0.000000 
0.000000 0.000000 0.000000 0.000000 0.000000 0.000000 0.000000 0.000000 0.000000 0.000000 0.000000 0.000000 0.000001 0.000001 0.000001 0.000002 0.000003 0.000004 0.000006 0.000008 0.000011 0.000015 0.000021 0.000029 0.000039 0.000051 0.000068 0.000088 0.000113 0.000144 0.000181 0.000225 0.000278 0.000338 0.000406 0.000484 0.000569 0.000663 0.000763 0.000868 0.000977 0.001087 0.001196 0.001301 0.001400 0.001489 0.001566 0.001629 0.001676 0.001704 0.001714 0.001704 0.001676 0.001629 0.001566 0.001489 0.001400 0.001301 0.001196 0.001087 0.000977 0.000868 0.000763 0.000663 0.000569 0.000484 0.000406 0.000338 0.000278 0.000225 0.000181 0.000144 0.000113 0.000088 0.000068 0.000051 0.000039 0.000029 0.000021 0.000015 0.000011 0.000008 0.000006 0.000004 0.000003 0.000002 0.000001 0.000001 0.000001 0.000000 0.000000 0.000000 0.000000 0.000000 0.000000 0.000000 0.000000 0.000000 0.000000 0.000000 
0.000000 0.000000 0.000000 0.000000 0.000000 0.000000 0.000000 0.000000 0.000000 0.000000 0.000000 0.000001 0.000001 0.000001 0.000002 0.000003 0.000004 0.000006 0.000009 0.000013 0.000018 0.000025 0.000035 0.000048 0.000064 0.000085 0.000112 0.000145 0.000187 0.000238 0.000300 0.000373 0.000459 0.000558 0.000672 0.000799 0.000940 0.001094 0.001259 0.001433 0.001612 0.001793 0.001973 0.002147 0.002309 0.002457 0.002584 0.002688 0.002764 0.002811 0.002827 0.002811 0.002764 0.002688 0.002584 0.002457 0.002309 0.002147 0.001973 0.001793 0.001612 0.001433 0.001259 0.001094 0.000940 0.000799 0.000672 0.000558 0.000459 0.000373 0.000300 0.000238 0.000187 0.000145 0.000112 0.000085 0.000064 0.000048 0.000035 0.000025 0.000018 0.000013 0.000009 0.000006 0.000004 0.000003 0.000002 0.000001 0.000001 0.000001 0.000000 0.000000 0.000000 0.000000 0.000000 0.000000 0.000000 0.000000 0.000000 0.000000 
0.000000 0.000000 0.000000 0.000000 0.000000 0.000000 0.000000 0.000000 0.000000 0.000000 0.000001 0.000001 0.000001 0.000002 0.000003 0.000005 0.000007 0.000010 0.000015 0.000021 0.000030 0.000041 0.000057 0.000077 0.000104 0.000138 0.000182 0.000237 0.000304 0.000387 0.000487 0.000606 0.000746 0.000907 0.001091 0.001298 0.001527 0.001777 0.002045 0.002326 0.002617 0.002912 0.003203 0.003484 0.003748 0.003987 0.004193 0.004362 0.004486 0.004562 0.004588 0.004562 0.004486 0.004362 0.004193 0.003987 0.003748 0.003484 0.003203 0.002912 0.002617 0.002326 0.002045 0.001777 0.001527 0.001298 0.001091 0.000907 0.000746 0.000606 0.000487 0.000387 0.000304 0.000237 0.000182 0.000138 0.000104 0.000077 0.000057 0.000041 0.000030 0.000021 0.000015 0.000010 0.000007 0.000005 0.000003 0.000002 0.000001 0.000001 0.000001 0.000000 0.000000 0.000000 0.000000 0.000000 0.000000 0.000000 0.000000 0.000000 
0.000000 0.000000 0.000000 0.000000 0.000000 0.000000 0.000000 0.000000 0.000000 0.000001 0.000001 0.000002 0.000002 0.000004 0.000005 0.000008 0.000012 0.000017 0.000024 0.000034 0.000048 0.000067 0.000092 0.000125 0.000167 0.000223 0.000293 0.000381 0.000489 0.000622 0.000782 0.000973 0.001197 0.001456 0.001751 0.002083 0.002451 0.002851 0.003279 0.003730 0.004196 0.004668 0.005135 0.005585 0.006008 0.006390 0.006721 0.006990 0.007189 0.007311 0.007352 0.007311 0.007189 0.006990 0.006721 0.006390 0.006008 0.005585 0.005135 0.004668 0.004196 0.003730 0.003279 0.002851 0.002451 0.002083 0.001751 0.001456 0.001197 0.000973 0.000782 0.000622 0.000489 0.000381 0.000293 0.000223 0.000167 0.000125 0.000092 0.000067 0.000048 0.000034 0.000024 0.000017 0.000012 0.000008 0.000005 0.000004 0.000002 0.000002 0.000001 0.000001 0.000000 0.000000 0.000000 0.000000 0.000000 0.000000 0.000000 0.000000 
0.000000 0.000000 0.000000 0.000000 0.000000 0.000000 0.000000 0.000000 0.000001 0.000001 0.000002 0.000002 0.000004 0.000006 0.000008 0.000013 0.000018 0.000027 0.000038 0.000055 0.000077 0.000106 0.000146 0.000198 0.000266 0.000354 0.000465 0.000605 0.000777 0.000988 0.001243 0.001545 0.001900 0.002311 0.002779 0.003305 0.003888 0.004522 0.005201 0.005916 0.006654 0.007401 0.008140 0.008854 0.009522 0.010128 0.010652 0.011078 0.011393 0.011586 0.011651 0.011586 0.011393 0.011078 0.010652 0.010128 0.009522 0.008854 0.008140 0.007401 0.006654 0.005916 0.005201 0.004522 0.003888 0.003305 0.002779 0.002311 0.001900 0.001545 0.001243 0.000988 0.000777 0.000605 0.000465 0.000354 0.000266 0.000198 0.000146 0.000106 0.000077 0.000055 0.000038 0.000027 0.000018 0.000013 0.000008 0.000006 0.000004 0.000002 0.000002 0.000001 0.000001 0.000000 0.000000 0.000000 0.000000 0.000000 0.000000 0.000000 
0.000000 0.000000 0.000000 0.000000 0.000000 0.000000 0.000000 0.000001 0.000001 0.000002 0.000002 0.000004 0.000006 0.000009 0.000013 0.000020 0.000029 0.000042 0.000061 0.000086 0.000121 0.000167 0.000230 0.000312 0.000419 0.000557 0.000732 0.000951 0.001222 0.001553 0.001952 0.002427 0.002984 0.003628 0.004363 0.005188 0.006101 0.007095 0.008160 0.009280 0.010437 0.011607 0.012766 0.013884 0.014931 0.015880 0.016700 0.017368 0.017861 0.018163 0.018265 0.018163 0.017861 0.017368 0.016700 0.015880 0.014931 0.013884 0.012766 0.011607 0.010437 0.009280 0.008160 0.007095 0.006101 0.005188 0.004363 0.003628 0.002984 0.002427 0.001952 0.001553 0.001222 0.000951 0.000732 0.000557 0.000419 0.000312 0.000230 0.000167 0.000121 0.000086 0.000061 0.000042 0.000029 0.000020 0.000013 0.000009 0.000006 0.000004 0.000002 0.000002 0.000001 0.000001 0.000000 0.000000 0.000000 0.000000 0.000000 0.000000 
0.000000 0.000000 0.000000 0.000000 0.000000 0.000000 0.000001 0.000001 0.000002 0.000002 0.000004 0.000006 0.000009 0.000014 0.000021 0.000031 0.000045 0.000066 0.000094 0.000134 0.000188 0.000261 0.000358 0.000486 0.000652 0.000867 0.001138 0.001479 0.001900 0.002415 0.003035 0.003772 0.004637 0.005637 0.006777 0.008057 0.009473 0.011015 0.012666 0.014404 0.016197 0.018012 0.019808 0.021541 0.023165 0.024635 0.025906 0.026941 0.027705 0.028174 0.028332 0.028174 0.027705 0.026941 0.025906 0.024635 0.023165 0.021541 0.019808 0.018012 0.016197 0.014404 0.012666 0.011015 0.009473 0.008057 0.006777 0.005637 0.004637 0.003772 0.003035 0.002415 0.001900 0.001479 0.001138 0.000867 0.000652 0.000486 0.000358 0.000261 0.000188 0.000134 0.000094 0.000066 0.000045 0.000031 0.000021 0.000014 0.000009 0.000006 0.000004 0.000002 0.000002 0.000001 0.000001 0.000000 0.000000 0.000000 0.000000 0.000000 
0.000000 0.000000 0.000000 0.000000 0.000000 0.000001 0.000001 0.000002 0.000002 0.000004 0.000006 0.000009 0.000014 0.000022 0.000032 0.000048 0.000070 0.000102 0.000146 0.000207 0.000290 0.000402 0.000551 0.000749 0.001005 0.001334 0.001752 0.002276 0.002924 0.003714 0.004667 0.005800 0.007128 0.008664 0.010414 0.012380 0.014554 0.016921 0.019454 0.022120 0.024871 0.027655 0.030410 0.033068 0.035559 0.037813 0.039763 0.041349 0.042521 0.043240 0.043482 0.043240 0.042521 0.041349 0.039763 0.037813 0.035559 0.033068 0.030410 0.027655 0.024871 0.022120 0.019454 0.016921 0.014554 0.012380 0.010414 0.008664 0.007128 0.005800 0.004667 0.003714 0.002924 0.002276 0.001752 0.001334 0.001005 0.000749 0.000551 0.000402 0.000290 0.000207 0.000146 0.000102 0.000070 0.000048 0.000032 0.000022 0.000014 0.000009 0.000006 0.000004 0.000002 0.000002 0.000001 0.000001 0.000000 0.000000 0.000000 0.000000 
0.000000 0.000000 0.000000 0.000000 0.000001 0.000001 0.000001 0.000002 0.000004 0.000006 0.000009 0.000014 0.000022 0.000033 0.000049 0.000073 0.000107 0.000155 0.000222 0.000315 0.000442 0.000613 0.000841 0.001141 0.001531 0.002032 0.002668 0.003465 0.004450 0.005653 0.007102 0.008823 0.010842 0.013176 0.015835 0.018821 0.022123 0.025717 0.029564 0.033610 0.037787 0.042013 0.046194 0.050228 0.054008 0.057428 0.060387 0.062794 0.064571 0.065662 0.066030 0.065662 0.064571 0.062794 0.060387 0.057428 0.054008 0.050228 0.046194 0.042013 0.037787 0.033610 0.029564 0.025717 0.022123 0.018821 0.015835 0.013176 0.010842 0.008823 0.007102 0.005653 0.004450 0.003465 0.002668 0.002032 0.001531 0.001141 0.000841 0.000613 0.000442 0.000315 0.000222 0.000155 0.000107 0.000073 0.000049 0.000033 0.000022 0.000014 0.000009 0.000006 0.000004 0.000002 0.000001 0.000001 0.000001 0.000000 0.000000 0.000000 
0.000000 0.000000 0.000000 0.000000 0.000001 0.000001 0.000002 0.000004 0.000006 0.000009 0.000014 0.000022 0.000033 0.000050 0.000075 0.000110 0.000162 0.000234 0.000336 0.000476 0.000667 0.000925 0.001268 0.001720 0.002308 0.003063 0.004021 0.005220 0.006703 0.008512 0.010691 0.013281 0.016316 0.019824 0.023822 0.028309 0.033271 0.038671 0.044451 0.050529 0.056803 0.063150 0.069428 0.075485 0.081161 0.086296 0.090739 0.094352 0.097021 0.098658 0.099210 0.098658 0.097021 0.094352 0.090739 0.086296 0.081161 0.075485 0.069428 0.063150 0.056803 0.050529 0.044451 0.038671 0.033271 0.028309 0.023822 0.019824 0.016316 0.013281 0.010691 0.008512 0.006703 0.005220 0.004021 0.003063 0.002308 0.001720 0.001268 0.000925 0.000667 0.000476 0.000336 0.000234 0.000162 0.000110 0.000075 0.000050 0.000033 0.000022 0.000014 0.000009 0.000006 0.000004 0.000002 0.000001 0.000001 0.000000 0.000000 0.000000 
0.000000 0.000000 0.000000 0.000001 0.000001 0.000002 0.000003 0.000005 0.000008 0.000013 0.000021 0.000032 0.000049 0.000075 0.000112 0.000165 0.000242 0.000350 0.000501 0.000710 0.000995 0.001380 0.001892 0.002566 0.003442 0.004567 0.005994 0.007779 0.009987 0.012681 0.015924 0.019777 0.024293 0.029511 0.035457 0.042130 0.049508 0.057535 0.066126 0.075160 0.084485 0.093915 0.103244 0.112243 0.120675 0.128303 0.134903 0.140270 0.144234 0.146666 0.147486 0.146666 0.144234 0.140270 0.134903 0.128303 0.120675 0.112243 0.103244 0.093915 0.084485 0.075160 0.066126 0.057535 0.049508 0.042130 0.035457 0.029511 0.024293 0.019777 0.015924 0.012681 0.009987 0.007779 0.005994 0.004567 0.003442 0.002566 0.001892 0.001380 0.000995 0.000710 0.000501 0.000350 0.000242 0.000165 0.000112 0.000075 0.000049 0.000032 0.000021 0.000013 0.000008 0.000005 0.000003 0.000002 0.000001 0.000001 0.000000 0.000000 
0.000000 0.000000 0.000001 0.000001 0.000002 0.000003 0.000005 0.000008 0.000013 0.000020 0.000031 0.000048 0.000073 0.000110 0.000165 0.000244 0.000357 0.000517 0.000741 0.001049 0.001470 0.002038 0.002793 0.003787 0.005079 0.006737 0.008839 0.011471 0.014722 0.018689 0.023465 0.029138 0.035785 0.043465 0.052213 0.062032 0.072884 0.084692 0.097327 0.110612 0.124322 0.138188 0.151902 0.165130 0.177525 0.188737 0.198437 0.206325 0.212151 0.215725 0.216930 0.215725 0.212151 0.206325 0.198437 0.188737 0.177525 0.165130 0.151902 0.138188 0.124322 0.110612 0.097327 0.084692 0.072884 0.062032 0.052213 0.043465 0.035785 0.029138 0.023465 0.018689 0.014722 0.011471 0.008839 0.006737 0.005079 0.003787 0.002793 0.002038 0.001470 0.001049 0.000741 0.000517 0.000357 0.000244 0.000165 0.000110 0.000073 0.000048 0.000031 0.000020 0.000013 0.000008 0.000005 0.000003 0.000002 0.000001 0.000000 0.000000 
0.000000 0.000000 0.000001 0.000002 0.000003 0.000004 0.000007 0.000012 0.000018 0.000029 0.000045 0.000070 0.000107 0.000162 0.000242 0.000357 0.000523 0.000757 0.001083 0.001534 0.002148 0.002976 0.004079 0.005529 0.007413 0.009832 0.012897 0.016732 0.021471 0.027251 0.034209 0.042472 0.052152 0.063335 0.076071 0.090363 0.106158 0.123341 0.141726 0.161055 0.181000 0.201170 0.221117 0.240357 0.258383 0.274689 0.288794 0.300264 0.308736 0.313933 0.315685 0.313933 0.308736 0.300264 0.288794 0.274689 0.258383 0.240357 0.221117 0.201170 0.181000 0.161055 0.141726 0.123341 0.106158 0.090363 0.076071 0.063335 0.052152 0.042472 0.034209 0.027251 0.021471 0.016732 0.012897 0.009832 0.007413 0.005529 0.004079 0.002976 0.002148 0.001534 0.001083 0.000757 0.000523 0.000357 0.000242 0.000162 0.000107 0.000070 0.000045 0.000029 0.000018 0.000012 0.000007 0.000004 0.000003 0.000001 0.000001 0.000000 
0.000000 0.000001 0.000001 0.000002 0.000004 0.000006 0.000010 0.000017 0.000027 0.000042 0.000066 0.000102 0.000155 0.000234 0.000350 0.000517 0.000757 0.001095 0.001567 0.002218 0.003105 0.004301 0.005893 0.007986 0.010705 0.014194 0.018615 0.024146 0.030979 0.039312 0.049339 0.061246 0.075193 0.091303 0.109647 0.130230 0.152975 0.177715 0.204182 0.232005 0.260713 0.289742 0.318448 0.346134 0.372071 0.395533 0.415827 0.432330 0.444517 0.451994 0.454514 0.451994 0.444517 0.432330 0.415827 0.395533 0.372071 0.346134 0.318448 0.289742 0.260713 0.232005 0.204182 0.177715 0.152975 0.130230 0.109647 0.091303 0.075193 0.061246 0.049339 0.039312 0.030979 0.024146 0.018615 0.014194 0.010705 0.007986 0.005893 0.004301 0.003105 0.002218 0.001567 0.001095 0.000757 0.000517 0.000350 0.000234 0.000155 0.000102 0.000066 0.000042 0.000027 0.000017 0.000010 0.000006 0.000004 0.000002 0.000001 0.000000 
0.000000 0.000001 0.000002 0.000003 0.000006 0.000009 0.000015 0.000024 0.000038 0.000061 0.000094 0.000146 0.000222 0.000336 0.000501 0.000741 0.001083 0.001567 0.002241 0.003172 0.004440 0.006148 0.008422 0.011411 0.015293 0.020272 0.026581 0.034473 0.044219 0.056102 0.070401 0.087376 0.107256 0.130217 0.156357 0.185683 0.218087 0.253327 0.291024 0.330649 0.371531 0.412864 0.453736 0.493153 0.530077 0.563476 0.592364 0.615854 0.633202 0.643844 0.647432 0.643844 0.633202 0.615854 0.592364 0.563476 0.530077 0.493153 0.453736 0.412864 0.371531 0.330649 0.291024 0.253327 0.218087 0.185683 0.156357 0.130217 0.107256 0.087376 0.070401 0.056102 0.044219 0.034473 0.026581 0.020272 0.015293 0.011411 0.008422 0.006148 0.004440 0.003172 0.002241 0.001567 0.001083 0.000741 0.000501 0.000336 0.000222 0.000146 0.000094 0.000061 0.000038 0.000024 0.000015 0.000009 0.000005 0.000003 0.000001 0.000000 
0.000000 0.000001 0.000003 0.000005 0.000008 0.000013 0.000021 0.000034 0.000055 0.000086 0.000134 0.000207 0.000315 0.000476 0.000710 0.001049 0.001534 0.002218 0.003172 0.004487 0.006280 0.008695 0.011907 0.016129 0.021612 0.028643 0.037548 0.048687 0.062441 0.079207 0.099377 0.123319 0.151354 0.183728 0.220581 0.261920 0.307590 0.357254 0.410374 0.466205 0.523800 0.582029 0.639603 0.695122 0.747129 0.794168 0.834852 0.867932 0.892362 0.907349 0.912401 0.907349 0.892362 0.867932 0.834852 0.794168 0.747129 0.695122 0.639603 0.582029 0.523800 0.466205 0.410374 0.357254 0.307590 0.261920 0.220581 0.183728 0.151354 0.123319 0.099377 0.079207 0.062441 0.048687 0.037548 0.028643 0.021612 0.016129 0.011907 0.008695 0.006280 0.004487 0.003172 0.002218 0.001534 0.001049 0.000710 0.000476 0.000315 0.000206 0.000134 0.000086 0.000054 0.000034 0.000021 0.000013 0.000008 0.000004 0.000002 0.000000 
0.000000 0.000002 0.000004 0.000006 0.000011 0.000018 0.000030 0.000048 0.000077 0.000121 0.000188 0.000290 0.000442 0.000667 0.000995 0.001470 0.002148 0.003105 0.004440 0.006280 0.008788 0.012163 0.016653 0.022553 0.030213 0.040034 0.052471 0.068024 0.087225 0.110626 0.138774 0.172182 0.211295 0.256453 0.307853 0.365502 0.429184 0.498427 0.572480 0.650306 0.730585 0.811738 0.891974 0.969343 1.041812 1.107354 1.164040 1.210131 1.244168 1.265049 1.272087 1.265049 1.244168 1.210131 1.164040 1.107354 1.041812 0.969343 0.891974 0.811738 0.730585 0.650306 0.572480 0.498427 0.429184 0.365502 0.307853 0.256453 0.211295 0.172182 0.138774 0.110626 0.087225 0.068024 0.052471 0.040034 0.030213 0.022553 0.016653 0.012163 0.008788 0.006280 0.004440 0.003105 0.002148 0.001470 0.000995 0.000667 0.000442 0.000290 0.000188 0.000121 0.000076 0.000048 0.000030 0.000018 0.000011 0.000006 0.000003 0.000000 
0.000000 0.000002 0.000005 0.000009 0.000015 0.000025 0.000041 0.000067 0.000106 0.000167 0.000261 0.000402 0.000613 0.000925 0.001380 0.002038 0.002976 0.004301 0.006148 0.008695 0.012163 0.016831 0.023039 0.031196 0.041782 0.055353 0.072535 0.094018 0.120536 0.152849 0.191710 0.237825 0.291807 0.354126 0.425047 0.504582 0.592429 0.687938 0.790071 0.897398 1.008097 1.119994 1.230619 1.337283 1.437187 1.527539 1.605678 1.669210 1.716127 1.744908 1.754609 1.744908 1.716127 1.669210 1.605678 1.527539 1.437187 1.337283 1.230619 1.119994 1.008097 0.897398 0.790071 0.687938 0.592429 0.504582 0.425047 0.354126 0.291807 0.237825 0.191710 0.152849 0.120536 0.094018 0.072535 0.055353 0.041782 0.031196 0.023039 0.016831 0.012163 0.008695 0.006148 0.004301 0.002976 0.002038 0.001380 0.000925 0.000613 0.000402 0.000261 0.000167 0.000106 0.000067 0.000041 0.000025 0.000015 0.000008 0.000004 0.000000 
0.000000 0.000003 0.000007 0.000012 0.000021 0.000035 0.000057 0.000092 0.000146 0.000230 0.000358 0.000551 0.000841 0.001268 0.001892 0.002793 0.004079 0.005893 0.008422 0.011907 0.016653 0.023039 0.031530 0.042684 0.057157 0.075708 0.099191 0.128546 0.164775 0.208914 0.261989 0.324962 0.398669 0.483745 0.580555 0.689108 0.808994 0.939321 1.078674 1.225100 1.376115 1.528754 1.679645 1.825126 1.961381 2.084600 2.191162 2.277801 2.341778 2.381026 2.394254 2.381026 2.341778 2.277801 2.191162 2.084600 1.961381 1.825126 1.679645 1.528754 1.376115 1.225100 1.078674 0.939321 0.808994 0.689108 0.580555 0.483745 0.398669 0.324962 0.261989 0.208914 0.164775 0.128546 0.099191 0.075708 0.057157 0.042684 0.031530 0.023039 0.016653 0.011907 0.008422 0.005893 0.004079 0.002793 0.001892 0.001268 0.000841 0.000551 0.000358 0.000230 0.000146 0.000092 0.000057 0.000035 0.000021 0.000011 0.000005 0.000000 
0.000000 0.000004 0.000009 0.000017 0.000029 0.000048 0.000077 0.000125 0.000198 0.000312 0.000486 0.000749 0.001141 0.001720 0.002566 0.003787 0.005529 0.007986 0.011411 0.016129 0.022553 0.031196 0.042684 0.057772 0.077346 0.102431 0.134179 0.173859 0.222823 0.282468 0.354177 0.439247 0.538803 0.653703 0.784431 0.931001 1.092856 1.268789 1.456890 1.654519 1.858327 2.064310 2.267923 2.464224 2.648066 2.814313 2.958080 3.074965 3.161276 3.214222 3.232068 3.214222 3.161276 3.074965 2.958080 2.814313 2.648066 2.464224 2.267923 2.064310 1.858327 1.654519 1.456890 1.268789 1.092856 0.931001 0.784431 0.653703 0.538803 0.439247 0.354177 0.282468 0.222823 0.173859 0.134179 0.102431 0.077346 0.057772 0.042684 0.031196 0.022553 0.016129 0.011411 0.007986 0.005529 0.003787 0.002566 0.001720 0.001141 0.000748 0.000486 0.000312 0.000198 0.000124 0.000077 0.000047 0.000028 0.000015 0.000007 0.000000 
0.000000 0.000005 0.000012 0.000023 0.000039 0.000064 0.000104 0.000167 0.000266 0.000419 0.000652 0.001005 0.001531 0.002308 0.003442 0.005079 0.007413 0.010705 0.015293 0.021612 0.030213 0.041782 0.057157 0.077346 0.103534 0.137088 0.179548 0.232605 0.298068 0.377798 0.473641 0.587326 0.720352 0.873860 1.048496 1.244272 1.460442 1.695391 1.946567 2.210445 2.482551 2.757544 3.029354 3.291389 3.536780 3.758677 3.950562 4.106564 4.221757 4.292420 4.316237 4.292420 4.221757 4.106564 3.950562 3.758677 3.536780 3.291389 3.029354 2.757544 2.482551 2.210445 1.946567 1.695391 1.460442 1.244272 1.048496 0.873860 0.720352 0.587326 0.473641 0.377798 0.298068 0.232605 0.179548 0.137088 0.103534 0.077346 0.057157 0.041782 0.030213 0.021612 0.015293 0.010705 0.007413 0.005079 0.003442 0.002308 0.001531 0.001005 0.000652 0.000419 0.000266 0.000167 0.000104 0.000063 0.000038 0.000021 0.000009 0.000000 
0.000000 0.000007 0.000017 0.000030 0.000051 0.000085 0.000138 0.000223 0.000354 0.000557 0.000867 0.001334 0.002032 0.003063 0.004567 0.006737 0.009832 0.014194 0.020272 0.028643 0.040034 0.055353 0.075708 0.102431 0.137088 0.181485 0.237657 0.307838 0.394414 0.499844 0.626563 0.776851 0.952686 1.155570 1.386351 1.645040 1.930649 2.241040 2.572840 2.921391 3.280783 3.643964 4.002920 4.348948 4.672982 4.965981 5.219342 5.425318 5.577410 5.670707 5.702152 5.670707 5.577410 5.425318 5.219342 4.965981 4.672982 4.348948 4.002920 3.643964 3.280783 2.921391 2.572840 2.241040 1.930649 1.645040 1.386351 1.155570 0.952686 0.776851 0.626563 0.499844 0.394414 0.307838 0.237657 0.181485 0.137088 0.102431 0.075708 0.055353 0.040034 0.028643 0.020272 0.014194 0.009832 0.006737 0.004567 0.003063 0.002032 0.001334 0.000867 0.000557 0.000354 0.000222 0.000138 0.000084 0.000050 0.000028 0.000012 0.000000 
0.000000 0.000010 0.000022 0.000040 0.000068 0.000112 0.000182 0.000293 0.000465 0.000732 0.001138 0.001752 0.002668 0.004021 0.005994 0.008839 0.012897 0.018615 0.026581 0.037548 0.052471 0.072535 0.099191 0.134179 0.179548 0.237657 0.311166 0.402994 0.516257 0.654166 0.819900 1.016435 1.246350 1.511602 1.813294 2.151436 2.524727 2.930375 3.363963 3.819407 4.288984 4.763480 5.232430 5.684466 6.107751 6.490481 6.821423 7.090464 7.289118 7.410976 7.452047 7.410976 7.289118 7.090464 6.821423 6.490481 6.107751 5.684466 5.232430 4.763480 4.288984 3.819407 3.363963 2.930375 2.524727 2.151436 1.813294 1.511602 1.246350 1.016435 0.819900 0.654166 0.516257 0.402994 0.311166 0.237657 0.179548 0.134179 0.099191 0.072535 0.052471 0.037548 0.026581 0.018615 0.012897 0.008839 0.005994 0.004021 0.002668 0.001752 0.001138 0.000732 0.000465 0.000292 0.000181 0.000111 0.000066 0.000036 0.000016 0.000000 
0.000000 0.000013 0.000028 0.000052 0.000088 0.000145 0.000237 0.000381 0.000605 0.000951 0.001479 0.002276 0.003465 0.005220 0.007779 0.011471 0.016732 0.024146 0.034473 0.048687 0.068024 0.094018 0.128546 0.173859 0.232605 0.307838 0.402994 0.521846 0.668420 0.846865 1.061286 1.315525 1.612908 1.955961 2.346101 2.783334 3.265973 3.790399 4.350904 4.939617 5.546558 6.159819 6.765878 7.350049 7.897041 8.391608 8.819241 9.166877 9.423561 9.581013 9.634081 9.581013 9.423561 9.166877 8.819241 8.391608 7.897041 7.350049 6.765878 6.159819 5.546558 4.939617 4.350904 3.790399 3.265973 2.783334 2.346101 1.955961 1.612908 1.315525 1.061286 0.846865 0.668420 0.521846 0.402994 0.307838 0.232605 0.173859 0.128546 0.094018 0.068024 0.048687 0.034473 0.024146 0.016732 0.011471 0.007779 0.005220 0.003465 0.002276 0.001479 0.000951 0.000604 0.000380 0.000236 0.000144 0.000085 0.000047 0.000021 0.000000 
0.000000 0.000016 0.000037 0.000067 0.000113 0.000187 0.000304 0.000489 0.000777 0.001222 0.001900 0.002924 0.004450 0.006703 0.009987 0.014722 0.021471 0.030979 0.044219 0.062441 0.087225 0.120536 0.164775 0.222823 0.298068 0.394414 0.516257 0.668420 0.856049 1.084448 1.358858 1.684189 2.064685 2.503569 3.002642 3.561905 4.179192 4.849869 5.566630 6.319410 7.095448 7.879519 8.654342 9.401146 10.100392 10.732597 11.279224 11.723585 12.051681 12.252936 12.320766 12.252936 12.051681 11.723585 11.279224 10.732597 10.100392 9.401146 8.654342 7.879519 7.095448 6.319410 5.566630 4.849869 4.179192 3.561905 3.002642 2.503569 2.064685 1.684189 1.358858 1.084448 0.856049 0.668420 0.516257 0.394414 0.298068 0.222823 0.164775 0.120536 0.087225 0.062441 0.044219 0.030979 0.021471 0.014722 0.009987 0.006703 0.004450 0.002924 0.001900 0.001222 0.000777 0.000489 0.000303 0.000185 0.000110 0.000061 0.000027 0.000000 
0.000000 0.000021 0.000047 0.000085 0.000144 0.000238 0.000387 0.000622 0.000988 0.001553 0.002415 0.003714 0.005653 0.008512 0.012681 0.018689 0.027251 0.039312 0.056102 0.079207 0.110626 0.152849 0.208914 0.282468 0.377798 0.499844 0.654166 0.846865 1.084448 1.373618 1.721001 2.132798 2.614373 3.169788 3.801314 4.508940 5.289916 6.138373 7.045063 7.997252 8.978797 9.970448 10.950352 11.894779 12.779027 13.578470 14.269678 14.831557 15.246416 15.500889 15.586655 15.500889 15.246416 14.831557 14.269678 13.578470 12.779027 11.894779 10.950352 9.970448 8.978797 7.997252 7.045063 6.138373 5.289916 4.508940 3.801314 3.169788 2.614373 2.132798 1.721001 1.373618 1.084448 0.846865 0.654166 0.499844 0.377798 0.282468 0.208914 0.152849 0.110626 0.079207 0.056102 0.039312 0.027251 0.018689 0.012680 0.008512 0.005653 0.003714 0.002415 0.001553 0.000988 0.000621 0.000386 0.000236 0.000140 0.000078 0.000034 0.000000 
0.000000 0.000026 0.000059 0.000107 0.000181 0.000300 0.000487 0.000782 0.001243 0.001952 0.003035 0.004667 0.007102 0.010691 0.015924 0.023465 0.034209 0.049339 0.070401 0.099377 0.138774 0.191710 0.261989 0.354177 0.473641 0.626563 0.819900 1.061286 1.358858 1.721001 2.155998 2.671600 3.274507 3.969790 4.760279 5.645947 6.623341 7.685108 8.819668 10.011084 11.239161 12.479814 13.705710 14.887172 15.993310 16.993329 17.857934 18.560752 19.079663 19.397958 19.505234 19.397958 19.079663 18.560752 17.857934 16.993329 15.993310 14.887172 13.705710 12.479814 11.239161 10.011084 8.819668 7.685108 6.623341 5.645947 4.760279 3.969790 3.274507 2.671600 2.155998 1.721001 1.358858 1.061286 0.819900 0.626563 0.473641 0.354177 0.261989 0.191710 0.138774 0.099377 0.070401 0.049339 0.034209 0.023465 0.015924 0.010691 0.007102 0.004667 0.003035 0.001952 0.001242 0.000782 0.000485 0.000297 0.000176 0.000098 0.000043 0.000000 
0.000000 0.000032 0.000073 0.000133 0.000225 0.000373 0.000606 0.000973 0.001545 0.002427 0.003772 0.005800 0.008823 0.013281 0.019777 0.029138 0.042472 0.061246 0.087376 0.123319 0.172182 0.237825 0.324962 0.439247 0.587326 0.776851 1.016435 1.315525 1.684189 2.132798 2.671600 3.310176 4.056807 4.917756 5.896511 6.993022 8.203002 9.517338 10.921691 12.396329 13.916255 15.451668 16.968748 18.430779 19.799550 21.036967 22.106796 22.976419 23.618476 24.012304 24.145036 24.012304 23.618476 22.976419 22.106796 21.036967 19.799550 18.430779 16.968748 15.451668 13.916255 12.396329 10.921691 9.517338 8.203002 6.993022 5.896511 4.917756 4.056807 3.310176 2.671600 2.132798 1.684189 1.315525 1.016435 0.776851 0.587326 0.439247 0.324962 0.237825 0.172182 0.123319 0.087376 0.061246 0.042472 0.029138 0.019777 0.013281 0.008823 0.005800 0.003772 0.002427 0.001545 0.000972 0.000604 0.000369 0.000219 0.000121 0.000054 0.000000 
0.000000 0.000040 0.000090 0.000163 0.000278 0.000459 0.000746 0.001197 0.001900 0.002984 0.004637 0.007128 0.010842 0.016316 0.024293 0.035785 0.052152 0.075193 0.107256 0.151354 0.211295 0.291807 0.398669 0.538803 0.720352 0.952686 1.246350 1.612908 2.064685 2.614373 3.274507 4.056807 4.971397 6.025930 7.224658 8.567503 10.049199 11.658577 13.378070 15.183513 17.044305 18.923964 20.781100 22.570777 24.246236 25.760866 27.070333 28.134726 28.920575 29.402597 29.565053 29.402597 28.920575 28.134726 27.070333 25.760866 24.246236 22.570777 20.781100 18.923964 17.044305 15.183513 13.378070 11.658577 10.049199 8.567503 7.224658 6.025930 4.971397 4.056807 3.274507 2.614373 2.064685 1.612908 1.246350 0.952686 0.720352 0.538803 0.398669 0.291807 0.211295 0.151354 0.107256 0.075193 0.052152 0.035785 0.024293 0.016316 0.010842 0.007128 0.004637 0.002984 0.001899 0.001196 0.000743 0.000454 0.000270 0.000150 0.000066 0.000000 
0.000000 0.000048 0.000109 0.000199 0.000338 0.000558 0.000907 0.001456 0.002311 0.003628 0.005637 0.008664 0.013176 0.019824 0.029511 0.043465 0.063335 0.091303 0.130217 0.183728 0.256453 0.354126 0.483745 0.653703 0.873860 1.155570 1.511602 1.955961 2.503569 3.169788 3.969790 4.917756 6.025930 7.303561 8.755780 10.382471 12.177241 14.126544 16.209095 18.395623 20.649068 22.925257 25.174076 27.341130 29.369816 31.203715 32.789168 34.077872 35.029317 35.612907 35.809593 35.612907 35.029317 34.077872 32.789168 31.203715 29.369816 27.341130 25.174076 22.925257 20.649068 18.395623 16.209095 14.126544 12.177241 10.382471 8.755780 7.303561 6.025930 4.917756 3.969790 3.169788 2.503569 1.955961 1.511602 1.155570 0.873860 0.653703 0.483745 0.354126 0.256453 0.183728 0.130217 0.091303 0.063335 0.043465 0.029511 0.019824 0.013175 0.008664 0.005636 0.003628 0.002310 0.001454 0.000904 0.000552 0.000328 0.000182 0.000081 0.000000 
0.000000 0.000058 0.000132 0.000239 0.000406 0.000672 0.001091 0.001751 0.002779 0.004363 0.006777 0.010414 0.015835 0.023822 0.035457 0.052213 0.076071 0.109647 0.156357 0.220581 0.307853 0.425047 0.580555 0.784431 1.048496 1.386351 1.813294 2.346101 3.002642 3.801314 4.760279 5.896511 7.224658 8.755780 10.495999 12.445158 14.595573 16.931002 19.425931 22.045290 24.744683 27.471202 30.164831 32.760431 35.190226 37.386664 39.285500 40.828903 41.968377 42.667293 42.902846 42.667293 41.968377 40.828903 39.285500 37.386664 35.190226 32.760431 30.164831 27.471202 24.744683 22.045290 19.425931 16.931002 14.595573 12.445158 10.495999 8.755780 7.224658 5.896511 4.760279 3.801314 3.002642 2.346101 1.813294 1.386351 1.048496 0.784431 0.580555 0.425047 0.307853 0.220581 0.156357 0.109647 0.076071 0.052213 0.035457 0.023822 0.015835 0.010414 0.006776 0.004362 0.002778 0.001749 0.001087 0.000665 0.000395 0.000219 0.000097 0.000000 
0.000000 0.000069 0.000157 0.000285 0.000484 0.000799 0.001298 0.002083 0.003305 0.005188 0.008057 0.012380 0.018821 0.028309 0.042130 0.062032 0.090363 0.130230 0.185683 0.261920 0.365502 0.504582 0.689108 0.931001 1.244272 1.645040 2.151436 2.783334 3.561905 4.508940 5.645947 6.993022 8.567503 10.382471 12.445158 14.755350 17.303919 20.071600 23.028145 26.131989 29.330527 32.561075 35.752535 38.827748 41.706436 44.308591 46.558126 48.386554 49.736441 50.564410 50.843457 50.564410 49.736441 48.386554 46.558126 44.308591 41.706436 38.827748 35.752535 32.561075 29.330527 26.131989 23.028145 20.071600 17.303919 14.755350 12.445158 10.382471 8.567503 6.993022 5.645947 4.508940 3.561905 2.783334 2.151436 1.645040 1.244272 0.931001 0.689108 0.504582 0.365502 0.261920 0.185683 0.130230 0.090363 0.062032 0.042130 0.028309 0.018821 0.012380 0.008057 0.005187 0.003304 0.002081 0.001294 0.000791 0.000470 0.000261 0.000116 0.000000 
0.000000 0.000082 0.000185 0.000335 0.000569 0.000940 0.001527 0.002451 0.003888 0.006101 0.009473 0.014554 0.022123 0.033271 0.049508 0.072884 0.106158 0.152975 0.218087 0.307590 0.429184 0.592429 0.808994 1.092856 1.460442 1.930649 2.524727 3.265973 4.179192 5.289916 6.623341 8.203002 10.049199 12.177241 14.595573 17.303919 20.291555 23.535878 27.001417 30.639448 34.388312 38.174547 41.914843 45.518790 48.892332 51.941735 54.577860 56.720476 58.302304 59.272529 59.599518 59.272529 58.302304 56.720476 54.577860 51.941735 48.892332 45.518790 41.914843 38.174547 34.388312 30.639448 27.001417 23.535878 20.291555 17.303919 14.595573 12.177241 10.049199 8.203002 6.623341 5.289916 4.179192 3.265973 2.524727 1.930649 1.460442 1.092856 0.808994 0.592429 0.429184 0.307590 0.218087 0.152975 0.106158 0.072884 0.049507 0.033271 0.022123 0.014554 0.009473 0.006100 0.003886 0.002448 0.001522 0.000931 0.000553 0.000307 0.000136 0.000000 
0.000000 0.000095 0.000215 0.000390 0.000663 0.001094 0.001777 0.002851 0.004522 0.007095 0.011015 0.016921 0.025717 0.038671 0.057535 0.084692 0.123341 0.177715 0.253327 0.357254 0.498427 0.687938 0.939321 1.268789 1.695391 2.241040 2.930375 3.790399 4.849869 6.138373 7.685108 9.517338 11.658577 14.126544 16.931002 20.071600 23.535878 27.297605 31.315643 35.533491 39.879667 44.269012 48.604960 52.782727 56.693306 60.228069 63.283722 65.767289 67.600811 68.725407 69.104421 68.725407 67.600811 65.767289 63.283722 60.228069 56.693306 52.782727 48.604960 44.269012 39.879667 35.533491 31.315643 27.297605 23.535878 20.071600 16.931002 14.126544 11.658577 9.517338 7.685108 6.138373 4.849869 3.790399 2.930375 2.241040 1.695391 1.268789 0.939321 0.687938 0.498427 0.357254 0.253327 0.177715 0.123341 0.084692 0.057535 0.038671 0.025716 0.016920 0.011015 0.007094 0.004520 0.002847 0.001771 0.001083 0.000644 0.000357 0.000159 0.000000 
0.000000 0.000109 0.000247 0.000449 0.000763 0.001259 0.002045 0.003279 0.005201 0.008160 0.012666 0.019454 0.029564 0.044451 0.066126 0.097327 0.141726 0.204182 0.291024 0.410374 0.572480 0.790071 1.078674 1.456890 1.946567 2.572840 3.363963 4.350904 5.566630 7.045063 8.819668 10.921691 13.378070 16.209095 19.425931 23.028145 27.001417 31.315643 35.923627 40.760567 45.744489 50.777748 55.749630 60.540004 65.023906 69.076816 72.580325 75.427863 77.530070 78.819456 79.254006 78.819456 77.530070 75.427863 72.580325 69.076816 65.023906 60.540004 55.749630 50.777748 45.744489 40.760567 35.923627 31.315643 27.001417 23.028145 19.425931 16.209095 13.378070 10.921691 8.819668 7.045063 5.566630 4.350904 3.363963 2.572840 1.946567 1.456890 1.078674 0.790071 0.572480 0.410374 0.291024 0.204182 0.141726 0.097327 0.066126 0.044451 0.029563 0.019454 0.012666 0.008159 0.005199 0.003275 0.002037 0.001246 0.000741 0.000411 0.000183 0.000000 
0.000000 0.000124 0.000282 0.000511 0.000868 0.001433 0.002326 0.003730 0.005916 0.009280 0.014404 0.022120 0.033610 0.050529 0.075160 0.110612 0.161055 0.232005 0.330649 0.466205 0.650306 0.897398 1.225100 1.654519 2.210445 2.921391 3.819407 4.939617 6.319410 7.997252 10.011084 12.396329 15.183513 18.395623 22.045290 26.131989 30.639448 35.533491 40.760567 46.247159 51.900285 57.609200 63.248343 68.681487 73.766929 78.363474 82.336865 85.566268 87.950367 89.412642 89.905458 89.412642 87.950367 85.566268 82.336865 78.363474 73.766929 68.681487 63.248343 57.609200 51.900285 46.247159 40.760567 35.533491 30.639448 26.131989 22.045290 18.395623 15.183513 12.396329 10.011084 7.997252 6.319410 4.939617 3.819407 2.921391 2.210445 1.654519 1.225100 0.897398 0.650306 0.466205 0.330649 0.232005 0.161055 0.110612 0.075160 0.050529 0.033610 0.022119 0.014403 0.009279 0.005913 0.003726 0.002318 0.001418 0.000843 0.000468 0.000208 0.000000 
0.000000 0.000140 0.000317 0.000575 0.000977 0.001612 0.002617 0.004196 0.006654 0.010437 0.016197 0.024871 0.037787 0.056803 0.084485 0.124322 0.181000 0.260713 0.371531 0.523800 0.730585 1.008097 1.376115 1.858327 2.482551 3.280783 4.288984 5.546558 7.095448 8.978797 11.239161 13.916255 17.044305 20.649068 24.744683 29.330527 34.388312 39.879667 45.744489 51.900285 58.242734 64.647597 70.974025 77.069211 82.774216 87.930674 92.388010 96.010703 98.685123 100.325457 100.878281 100.325457 98.685123 96.010703 92.388010 87.930674 82.774216 77.069211 70.974025 64.647597 58.242734 51.900285 45.744489 39.879667 34.388312 29.330527 24.744683 20.649068 17.044305 13.916255 11.239161 8.978797 7.095448 5.546558 4.288984 3.280783 2.482551 1.858327 1.376115 1.008097 0.730585 0.523800 0.371531 0.260713 0.181000 0.124322 0.084485 0.056803 0.037787 0.024871 0.016196 0.010435 0.006651 0.004191 0.002608 0.001596 0.000948 0.000527 0.000234 0.000000 
0.000000 0.000156 0.000353 0.000640 0.001087 0.001793 0.002912 0.004668 0.007401 0.011607 0.018012 0.027655 0.042013 0.063150 0.093915 0.138188 0.201170 0.289742 0.412864 0.582029 0.811738 1.119994 1.528754 2.064310 2.757544 3.643964 4.763480 6.159819 7.879519 9.970448 12.479814 15.451668 18.923964 22.925257 27.471202 32.561075 38.174547 44.269012 50.777748 57.609200 64.647597 71.755078 78.775360 85.538903 91.869369 97.591063 102.536936 106.556646 109.524139 111.344217 111.957617 111.344217 109.524139 106.556646 102.536936 97.591063 91.869369 85.538903 78.775360 71.755078 64.647597 57.609200 50.777748 44.269012 38.174547 32.561075 27.471202 22.925257 18.923964 15.451668 12.479814 9.970448 7.879519 6.159819 4.763480 3.643964 2.757544 2.064310 1.528754 1.119994 0.811738 0.582029 0.412864 0.289742 0.201170 0.138188 0.093915 0.063150 0.042013 0.027655 0.018011 0.011606 0.007398 0.004662 0.002901 0.001775 0.001055 0.000586 0.000260 0.000000 
0.000000 0.000172 0.000388 0.000704 0.001196 0.001973 0.003203 0.005135 0.008140 0.012766 0.019808 0.030410 0.046194 0.069428 0.103244 0.151902 0.221117 0.318448 0.453736 0.639603 0.891974 1.230619 1.679645 2.267923 3.029354 4.002920 5.232430 6.765878 8.654342 10.950352 13.705710 16.968748 20.781100 25.174076 30.164831 35.752535 41.914843 48.604960 55.749630 63.248343 70.974025 78.775360 86.480827 93.904365 100.852455 107.132295 112.560573 116.972312 120.229194 122.226756 122.899969 122.226756 120.229194 116.972312 112.560573 107.132295 100.852455 93.904365 86.480827 78.775360 70.974025 63.248343 55.749630 48.604960 41.914843 35.752535 30.164831 25.174076 20.781100 16.968748 13.705710 10.950352 8.654342 6.765878 5.232430 4.002920 3.029354 2.267923 1.679645 1.230619 0.891974 0.639603 0.453736 0.318448 0.221117 0.151902 0.103244 0.069428 0.046194 0.030409 0.019807 0.012764 0.008137 0.005128 0.003192 0.001953 0.001161 0.000645 0.000287 0.000000 
