0.000000 0.000000 0.000000 0.000000 0.000000 0.000000 0.000000 0.000000 0.000000 0.000000 0.000000 0.000000 0.000000 0.000000 0.000000 0.000000 0.000000 0.000000 0.000000 0.000000 0.000000 0.000000 0.000000 0.000000 0.000000 0.000000 0.000000 0.000000 0.000000 0.000000 0.000000 0.000000 0.000000 0.000000 0.000000 0.000000 0.000000 0.000000 0.000000 0.000000 0.000000 0.000000 0.000000 0.000000 0.000000 0.000000 0.000000 0.000000 0.000000 0.000000 0.000000 0.000000 0.000000 0.000000 0.000000 0.000000 0.000000 0.000000 0.000000 0.000000 0.000000 0.000000 0.000000 0.000000 0.000000 0.000000 0.000000 0.000000 0.000000 0.000000 0.000000 0.000000 0.000000 0.000000 0.000000 0.000000 0.000000 0.000000 0.000000 0.000000 0.000000 0.000000 0.000000 0.000000 0.000000 0.000000 0.000000 0.000000 0.000000 0.000000 0.000000 0.000000 0.000000 0.000000 0.000000 0.000000 0.000000 0.000000 0.000000 0.000000 
0.000000 0.000000 0.000000 0.000000 0.000000 0.000000 0.000000 0.000000 0.000000 0.000000 0.000000 0.000000 0.000000 0.000000 0.000000 0.000000 0.000000 0.000000 0.000000 0.000000 0.000000 0.000000 0.000000 0.000000 0.000000 0.000000 0.000000 0.000000 0.000000 0.000000 0.000000 0.000000 0.000000 0.000000 0.000000 0.000000 0.000000 0.000000 0.000000 0.000000 0.000000 0.000000 0.000000 0.000000 0.000000 0.000000 0.000000 0.000000 0.000000 0.000000 0.000000 0.000000 0.000000 0.000000 0.000000 0.000000 0.000000 0.000000 0.000000 0.000000 0.000000 0.000000 0.000000 0.000000 0.000000 0.000000 0.000000 0.000000 0.000000 0.000000 0.000000 0.000000 0.000000 0.000000 0.000000 0.000000 0.000000 0.000000 0.000000 0.000000 0.000000 0.000000 0.000000 0.000000 0.000000 0.000000 0.000000 0.000000 0.000000 0.000000 0.000000 0.000000 0.000000 0.000000 0.000000 0.000000 0.000000 0.000000 0.000000 0.000000 
0.000000 0.000000 0.000000 0.000000 0.000000 0.000000 0.000000 0.000000 0.000000 0.000000 0.000000 0.000000 0.000000 0.000000 0.000000 0.000000 0.000000 0.000000 0.000000 0.000000 0.000000 0.000000 0.000000 0.000000 0.000000 0.000000 0.000000 0.000000 0.000000 0.000000 0.000000 0.000000 0.000000 0.000000 0.000000 0.000000 0.000000 0.000000 0.000000 0.000000 0.000000 0.000000 0.000000 0.000000 0.000000 0.000000 0.000000 0.000000 0.000000 0.000000 0.000000 0.000000 0.000000 0.000000 0.000000 0.000000 0.000000 0.000000 0.000000 0.000000 0.000000 0.000000 0.000000 0.000000 0.000000 0.000000 0.000000 0.000000 0.000000 0.000000 0.000000 0.000000 0.000000 0.000000 0.000000 0.000000 0.000000 0.000000 0.000000 0.000000 0.000000 0.000000 0.000000 0.000000 0.000000 0.000000 0.000000 0.000000 0.000000 0.000000 0.000000 0.000000 0.000000 0.000000 0.000000 0.000000 0.000000 0.000000 0.000000 0.000000 
0.000000 0.000000 0.000000 0.000000 0.000000 0.000000 0.000000 0.000000 0.000000 0.000000 0.000000 0.000000 0.000000 0.000000 0.000000 0.000000 0.000000 0.000000 0.000000 0.000000 0.000000 0.000000 0.000000 0.000000 0.000000 0.000000 0.000000 0.000000 0.000000 0.000000 0.000000 0.000000 0.000000 0.000000 0.000000 0.000000 0.000000 0.000000 0.000000 0.000000 0.000000 0.000000 0.000000 0.000000 0.000000 0.000000 0.000000 0.000000 0.000000 0.000000 0.000000 0.000000 0.000000 0.000000 0.000000 0.000000 0.000000 0.000000 0.000000 0.000000 0.000000 0.000000 0.000000 0.000000 0.000000 0.000000 0.000000 0.000000 0.000000 0.000000 0.000000 0.000000 0.000000 0.000000 0.000000 0.000000 0.000000 0.000000 0.000000 0.000000 0.000000 0.000000 0.000000 0.000000 0.000000 0.000000 0.000000 0.000000 0.000000 0.000000 0.000000 0.000000 0.000000 0.000000 0.000000 0.000000 0.000000 0.000000 0.000000 0.000000 
0.000000 0.000000 0.000000 0.000000 0.000000 0.000000 0.000000 0.000000 0.000000 0.000000 0.000000 0.000000 0.000000 0.000000 0.000000 0.000000 0.000000 0.000000 0.000000 0.000000 0.000000 0.000000 0.000000 0.000000 0.000000 0.000000 0.000000 0.000000 0.000000 0.000000 0.000000 0.000000 0.000000 0.000000 0.000000 0.000000 0.000000 0.000000 0.000000 0.000000 0.000000 0.000000 0.000000 0.000000 0.000000 0.000000 0.000000 0.000000 0.000000 0.000000 0.000000 0.000000 0.000000 0.000000 0.000000 0.000000 0.000000 0.000000 0.000000 0.000000 0.000000 0.000000 0.000000 0.000000 0.000000 0.000000 0.000000 0.000000 0.000000 0.000000 0.000000 0.000000 0.000000 0.000000 0.000000 0.000000 0.000000 0.000000 0.000000 0.000000 0.000000 0.000000 0.000000 0.000000 0.000000 0.000000 0.000000 0.000000 0.000000 0.000000 0.000000 0.000000 0.000000 0.000000 0.000000 0.000000 0.000000 0.000000 0.000000 0.000000 
0.000000 0.000000 0.000000 0.000000 0.000000 0.000000 0.000000 0.000000 0.000000 0.000000 0.000000 0.000000 0.000000 0.000000 0.000000 0.000000 0.000000 0.000000 0.000000 0.000000 0.000000 0.000000 0.000000 0.000000 0.000000 0.000000 0.000000 0.000000 0.000000 0.000000 0.000000 0.000000 0.000000 0.000000 0.000000 0.000000 0.000000 0.000000 0.000000 0.000000 0.000000 0.000000 0.000000 0.000000 0.000000 0.000000 0.000000 0.000000 0.000000 0.000000 0.000000 0.000000 0.000000 0.000000 0.000000 0.000000 0.000000 0.000000 0.000000 0.000000 0.000000 0.000000 0.000000 0.000000 0.000000 0.000000 0.000000 0.000000 0.000000 0.000000 0.000000 0.000000 0.000000 0.000000 0.000000 0.000000 0.000000 0.000000 0.000000 0.000000 0.000000 0.000000 0.000000 0.000000 0.000000 0.000000 0.000000 0.000000 0.000000 0.000000 0.000000 0.000000 0.000000 0.000000 0.000000 0.000000 0.000000 0.000000 0.000000 0.000000 
0.000000 0.000000 0.000000 0.000000 0.000000 0.000000 0.000000 0.000000 0.000000 0.000000 0.000000 0.000000 0.000000 0.000000 0.000000 0.000000 0.000000 0.000000 0.000000 0.000000 0.000000 0.000000 0.000000 0.000000 0.000000 0.000000 0.000000 0.000000 0.000000 0.000000 0.000000 0.000000 0.000000 0.000000 0.000000 0.000000 0.000000 0.000000 0.000000 0.000000 0.000000 0.000000 0.000000 0.000000 0.000000 0.000000 0.000000 0.000000 0.000000 0.000000 0.000000 0.000000 0.000000 0.000000 0.000000 0.000000 0.000000 0.000000 0.000000 0.000000 0.000000 0.000000 0.000000 0.000000 0.000000 0.000000 0.000000 0.000000 0.000000 0.000000 0.000000 0.000000 0.000000 0.000000 0.000000 0.000000 0.000000 0.000000 0.000000 0.000000 0.000000 0.000000 0.000000 0.000000 0.000000 0.000000 0.000000 0.000000 0.000000 0.000000 0.000000 0.000000 0.000000 0.000000 0.000000 0.000000 0.000000 0.000000 0.000000 0.000000 
0.000000 0.000000 0.000000 0.000000 0.000000 0.000000 0.000000 0.000000 0.000000 0.000000 0.000000 0.000000 0.000000 0.000000 0.000000 0.000000 0.000000 0.000000 0.000000 0.000000 0.000000 0.000000 0.000000 0.000000 0.000000 0.000000 0.000000 0.000000 0.000000 0.000000 0.000000 0.000000 0.000000 0.000000 0.000000 0.000000 0.000000 0.000000 0.000000 0.000000 0.000000 0.000000 0.000000 0.000000 0.000000 0.000000 0.000001 0.000001 0.000001 0.000001 0.000001 0.000001 0.000001 0.000001 0.000001 0.000000 0.000000 0.000000 0.000000 0.000000 0.000000 0.000000 0.000000 0.000000 0.000000 0.000000 0.000000 0.000000 0.000000 0.000000 0.000000 0.000000 0.000000 0.000000 0.000000 0.000000 0.000000 0.000000 0.000000 0.000000 0.000000 0.000000 0.000000 0.000000 0.000000 0.000000 0.000000 0.000000 0.000000 0.000000 0.000000 0.000000 0.000000 0.000000 0.000000 0.000000 0.000000 0.000000 0.000000 0.000000 
0.000000 0.000000 0.000000 0.000000 0.000000 0.000000 0.000000 0.000000 0.000000 0.000000 0.000000 0.000000 0.000000 0.000000 0.000000 0.000000 0.000000 0.000000 0.000000 0.000000 0.000000 0.000000 0.000000 0.000000 0.000000 0.000000 0.000000 0.000000 0.000000 0.000000 0.000000 0.000000 0.000000 0.000000 0.000000 0.000000 0.000000 0.000000 0.000000 0.000000 0.000000 0.000001 0.000001 0.000001 0.000001 0.000001 0.000001 0.000001 0.000002 0.000002 0.000002 0.000002 0.000002 0.000001 0.000001 0.000001 0.000001 0.000001 0.000001 0.000001 0.000000 0.000000 0.000000 0.000000 0.000000 0.000000 0.000000 0.000000 0.000000 0.000000 0.000000 0.000000 0.000000 0.000000 0.000000 0.000000 0.000000 0.000000 0.000000 0.000000 0.000000 0.000000 0.000000 0.000000 0.000000 0.000000 0.000000 0.000000 0.000000 0.000000 0.000000 0.000000 0.000000 0.000000 0.000000 0.000000 0.000000 0.000000 0.000000 0.000000 
0.000000 0.000000 0.000000 0.000000 0.000000 0.000000 0.000000 0.000000 0.000000 0.000000 0.000000 0.000000 0.000000 0.000000 0.000000 0.000000 0.000000 0.000000 0.000000 0.000000 0.000000 0.000000 0.000000 0.000000 0.000000 0.000000 0.000000 0.000000 0.000000 0.000000 0.000000 0.000000 0.000000 0.000000 0.000000 0.000000 0.000000 0.000001 0.000001 0.000001 0.000001 0.000001 0.000002 0.000002 0.000003 0.000003 0.000003 0.000003 0.000004 0.000004 0.000004 0.000004 0.000004 0.000003 0.000003 0.000003 0.000003 0.000002 0.000002 0.000001 0.000001 0.000001 0.000001 0.000001 0.000000 0.000000 0.000000 0.000000 0.000000 0.000000 0.000000 0.000000 0.000000 0.000000 0.000000 0.000000 0.000000 0.000000 0.000000 0.000000 0.000000 0.000000 0.000000 0.000000 0.000000 0.000000 0.000000 0.000000 0.000000 0.000000 0.000000 0.000000 0.000000 0.000000 0.000000 0.000000 0.000000 0.000000 0.000000 0.000000 
0.000000 0.000000 0.000000 0.000000 0.000000 0.000000 0.000000 0.000000 0.000000 0.000000 0.000000 0.000000 0.000000 0.000000 0.000000 0.000000 0.000000 0.000000 0.000000 0.000000 0.000000 0.000000 0.000000 0.000000 0.000000 0.000000 0.000000 0.000000 0.000000 0.000000 0.000000 0.000000 0.000000 0.000000 0.000000 0.000001 0.000001 0.000001 0.000002 0.000002 0.000003 0.000003 0.000004 0.000005 0.000006 0.000007 0.000008 0.000008 0.000009 0.000009 0.000009 0.000009 0.000009 0.000008 0.000008 0.000007 0.000006 0.000005 0.000004 0.000003 0.000003 0.000002 0.000002 0.000001 0.000001 0.000001 0.000000 0.000000 0.000000 0.000000 0.000000 0.000000 0.000000 0.000000 0.000000 0.000000 0.000000 0.000000 0.000000 0.000000 0.000000 0.000000 0.000000 0.000000 0.000000 0.000000 0.000000 0.000000 0.000000 0.000000 0.000000 0.000000 0.000000 0.000000 0.000000 0.000000 0.000000 0.000000 0.000000 0.000000 
0.000000 0.000000 0.000000 0.000000 0.000000 0.000000 0.000000 0.000000 0.000000 0.000000 0.000000 0.000000 0.000000 0.000000 0.000000 0.000000 0.000000 0.000000 0.000000 0.000000 0.000000 0.000000 0.000000 0.000000 0.000000 0.000000 0.000000 0.000000 0.000000 0.000000 0.000000 0.000000 0.000000 0.000001 0.000001 0.000001 0.000002 0.000003 0.000004 0.000005 0.000006 0.000008 0.000010 0.000012 0.000014 0.000016 0.000018 0.000019 0.000020 0.000021 0.000021 0.000021 0.000020 0.000019 0.000018 0.000016 0.000014 0.000012 0.000010 0.000008 0.000006 0.000005 0.000004 0.000003 0.000002 0.000001 0.000001 0.000001 0.000000 0.000000 0.000000 0.000000 0.000000 0.000000 0.000000 0.000000 0.000000 0.000000 0.000000 0.000000 0.000000 0.000000 0.000000 0.000000 0.000000 0.000000 0.000000 0.000000 0.000000 0.000000 0.000000 0.000000 0.000000 0.000000 0.000000 0.000000 0.000000 0.000000 0.000000 0.000000 
0.000000 0.000000 0.000000 0.000000 0.000000 0.000000 0.000000 0.000000 0.000000 0.000000 0.000000 0.000000 0.000000 0.000000 0.000000 0.000000 0.000000 0.000000 0.000000 0.000000 0.000000 0.000000 0.000000 0.000000 0.000000 0.000000 0.000000 0.000000 0.000000 0.000000 0.000000 0.000001 0.000001 0.000002 0.000002 0.000003 0.000005 0.000007 0.000009 0.000012 0.000015 0.000019 0.000023 0.000027 0.000032 0.000036 0.000040 0.000044 0.000047 0.000048 0.000049 0.000048 0.000047 0.000044 0.000040 0.000036 0.000032 0.000027 0.000023 0.000019 0.000015 0.000012 0.000009 0.000007 0.000005 0.000003 0.000002 0.000002 0.000001 0.000001 0.000000 0.000000 0.000000 0.000000 0.000000 0.000000 0.000000 0.000000 0.000000 0.000000 0.000000 0.000000 0.000000 0.000000 0.000000 0.000000 0.000000 0.000000 0.000000 0.000000 0.000000 0.000000 0.000000 0.000000 0.000000 0.000000 0.000000 0.000000 0.000000 0.000000 
0.000000 0.000000 0.000000 0.000000 0.000000 0.000000 0.000000 0.000000 0.000000 0.000000 0.000000 0.000000 0.000000 0.000000 0.000000 0.000000 0.000000 0.000000 0.000000 0.000000 0.000000 0.000000 0.000000 0.000000 0.000000 0.000000 0.000000 0.000000 0.000000 0.000001 0.000001 0.000002 0.000002 0.000004 0.000005 0.000008 0.000011 0.000015 0.000020 0.000026 0.000033 0.000042 0.000051 0.000061 0.000071 0.000081 0.000090 0.000098 0.000104 0.000108 0.000109 0.000108 0.000104 0.000098 0.000090 0.000081 0.000071 0.000061 0.000051 0.000042 0.000033 0.000026 0.000020 0.000015 0.000011 0.000008 0.000005 0.000004 0.000002 0.000002 0.000001 0.000001 0.000000 0.000000 0.000000 0.000000 0.000000 0.000000 0.000000 0.000000 0.000000 0.000000 0.000000 0.000000 0.000000 0.000000 0.000000 0.000000 0.000000 0.000000 0.000000 0.000000 0.000000 0.000000 0.000000 0.000000 0.000000 0.000000 0.000000 0.000000 
0.000000 0.000000 0.000000 0.000000 0.000000 0.000000 0.000000 0.000000 0.000000 0.000000 0.000000 0.000000 0.000000 0.000000 0.000000 0.000000 0.000000 0.000000 0.000000 0.000000 0.000000 0.000000 0.000000 0.000000 0.000000 0.000000 0.000000 0.000000 0.000001 0.000001 0.000002 0.000003 0.000005 0.000008 0.000012 0.000017 0.000023 0.000032 0.000043 0.000057 0.000073 0.000092 0.000112 0.000134 0.000156 0.000178 0.000198 0.000216 0.000229 0.000237 0.000240 0.000237 0.000229 0.000216 0.000198 0.000178 0.000156 0.000134 0.000112 0.000092 0.000073 0.000057 0.000043 0.000032 0.000023 0.000017 0.000012 0.000008 0.000005 0.000003 0.000002 0.000001 0.000001 0.000000 0.000000 0.000000 0.000000 0.000000 0.000000 0.000000 0.000000 0.000000 0.000000 0.000000 0.000000 0.000000 0.000000 0.000000 0.000000 0.000000 0.000000 0.000000 0.000000 0.000000 0.000000 0.000000 0.000000 0.000000 0.000000 0.000000 
0.000000 0.000000 0.000000 0.000000 0.000000 0.000000 0.000000 0.000000 0.000000 0.000000 0.000000 0.000000 0.000000 0.000000 0.000000 0.000000 0.000000 0.000000 0.000000 0.000000 0.000000 0.000000 0.000000 0.000000 0.000000 0.000000 0.000001 0.000001 0.000002 0.000003 0.000005 0.000007 0.000011 0.000017 0.000025 0.000036 0.000051 0.000070 0.000094 0.000123 0.000158 0.000198 0.000242 0.000289 0.000337 0.000384 0.000427 0.000464 0.000492 0.000510 0.000516 0.000510 0.000492 0.000464 0.000427 0.000384 0.000337 0.000289 0.000242 0.000198 0.000158 0.000123 0.000094 0.000070 0.000051 0.000036 0.000025 0.000017 0.000011 0.000007 0.000005 0.000003 0.000002 0.000001 0.000001 0.000000 0.000000 0.000000 0.000000 0.000000 0.000000 0.000000 0.000000 0.000000 0.000000 0.000000 0.000000 0.000000 0.000000 0.000000 0.000000 0.000000 0.000000 0.000000 0.000000 0.000000 0.000000 0.000000 0.000000 0.000000 
0.000000 0.000000 0.000000 0.000000 0.000000 0.000000 0.000000 0.000000 0.000000 0.000000 0.000000 0.000000 0.000000 0.000000 0.000000 0.000000 0.000000 0.000000 0.000000 0.000000 0.000000 0.000000 0.000000 0.000000 0.000000 0.000001 0.000001 0.000002 0.000004 0.000006 0.000010 0.000016 0.000024 0.000036 0.000053 0.000077 0.000108 0.000148 0.000199 0.000261 0.000334 0.000418 0.000510 0.000609 0.000710 0.000808 0.000899 0.000977 0.001036 0.001074 0.001086 0.001074 0.001036 0.000977 0.000899 0.000808 0.000710 0.000609 0.000510 0.000418 0.000334 0.000261 0.000199 0.000148 0.000108 0.000077 0.000053 0.000036 0.000024 0.000016 0.000010 0.000006 0.000004 0.000002 0.000001 0.000001 0.000000 0.000000 0.000000 0.000000 0.000000 0.000000 0.000000 0.000000 0.000000 0.000000 0.000000 0.000000 0.000000 0.000000 0.000000 0.000000 0.000000 0.000000 0.000000 0.000000 0.000000 0.000000 0.000000 0.000000 
0.000000 0.000000 0.000000 0.000000 0.000000 0.000000 0.000000 0.000000 0.000000 0.000000 0.000000 0.000000 0.000000 0.000000 0.000000 0.000000 0.000000 0.000000 0.000000 0.000000 0.000000 0.000000 0.000000 0.000000 0.000001 0.000002 0.000003 0.000005 0.000008 0.000013 0.000021 0.000033 0.000050 0.000076 0.000111 0.000160 0.000224 0.000308 0.000412 0.000540 0.000691 0.000864 0.001055 0.001259 0.001467 0.001670 0.001857 0.002016 0.002139 0.002216 0.002242 0.002216 0.002139 0.002016 0.001857 0.001670 0.001467 0.001259 0.001055 0.000864 0.000691 0.000540 0.000412 0.000308 0.000224 0.000160 0.000111 0.000076 0.000050 0.000033 0.000021 0.000013 0.000008 0.000005 0.000003 0.000002 0.000001 0.000000 0.000000 0.000000 0.000000 0.000000 0.000000 0.000000 0.000000 0.000000 0.000000 0.000000 0.000000 0.000000 0.000000 0.000000 0.000000 0.000000 0.000000 0.000000 0.000000 0.000000 0.000000 0.000000 
0.000000 0.000000 0.000000 0.000000 0.000000 0.000000 0.000000 0.000000 0.000000 0.000000 0.000000 0.000000 0.000000 0.000000 0.000000 0.000000 0.000000 0.000000 0.000000 0.000000 0.000000 0.000000 0.000001 0.000001 0.000002 0.000003 0.000006 0.000010 0.000016 0.000026 0.000043 0.000067 0.000103 0.000155 0.000227 0.000326 0.000457 0.000626 0.000838 0.001097 0.001403 0.001752 0.002139 0.002550 0.002970 0.003380 0.003757 0.004078 0.004325 0.004480 0.004533 0.004480 0.004325 0.004078 0.003757 0.003380 0.002970 0.002550 0.002139 0.001752 0.001403 0.001097 0.000838 0.000626 0.000457 0.000326 0.000227 0.000155 0.000103 0.000067 0.000043 0.000026 0.000016 0.000010 0.000006 0.000003 0.000002 0.000001 0.000001 0.000000 0.000000 0.000000 0.000000 0.000000 0.000000 0.000000 0.000000 0.000000 0.000000 0.000000 0.000000 0.000000 0.000000 0.000000 0.000000 0.000000 0.000000 0.000000 0.000000 0.000000 
0.000000 0.000000 0.000000 0.000000 0.000000 0.000000 0.000000 0.000000 0.000000 0.000000 0.000000 0.000000 0.000000 0.000000 0.000000 0.000000 0.000000 0.000000 0.000000 0.000000 0.000000 0.000001 0.000001 0.000002 0.000004 0.000006 0.000011 0.000019 0.000032 0.000053 0.000085 0.000134 0.000206 0.000309 0.000453 0.000650 0.000911 0.001247 0.001669 0.002182 0.002788 0.003481 0.004246 0.005061 0.005892 0.006701 0.007446 0.008082 0.008570 0.008876 0.008981 0.008876 0.008570 0.008082 0.007446 0.006701 0.005892 0.005061 0.004246 0.003481 0.002788 0.002182 0.001669 0.001247 0.000911 0.000650 0.000453 0.000309 0.000206 0.000134 0.000085 0.000053 0.000032 0.000019 0.000011 0.000006 0.000004 0.000002 0.000001 0.000001 0.000000 0.000000 0.000000 0.000000 0.000000 0.000000 0.000000 0.000000 0.000000 0.000000 0.000000 0.000000 0.000000 0.000000 0.000000 0.000000 0.000000 0.000000 0.000000 0.000000 
0.000000 0.000000 0.000000 0.000000 0.000000 0.000000 0.000000 0.000000 0.000000 0.000000 0.000000 0.000000 0.000000 0.000000 0.000000 0.000000 0.000000 0.000000 0.000000 0.000000 0.000001 0.000001 0.000002 0.000004 0.000007 0.000013 0.000022 0.000038 0.000064 0.000105 0.000168 0.000264 0.000404 0.000606 0.000887 0.001271 0.001779 0.002434 0.003254 0.004252 0.005429 0.006774 0.008259 0.009837 0.011448 0.013016 0.014458 0.015690 0.016634 0.017227 0.017430 0.017227 0.016634 0.015690 0.014458 0.013016 0.011448 0.009837 0.008259 0.006774 0.005429 0.004252 0.003254 0.002434 0.001779 0.001271 0.000887 0.000606 0.000404 0.000264 0.000168 0.000105 0.000064 0.000038 0.000022 0.000013 0.000007 0.000004 0.000002 0.000001 0.000001 0.000000 0.000000 0.000000 0.000000 0.000000 0.000000 0.000000 0.000000 0.000000 0.000000 0.000000 0.000000 0.000000 0.000000 0.000000 0.000000 0.000000 0.000000 0.000000 
0.000000 0.000000 0.000000 0.000000 0.000000 0.000000 0.000000 0.000000 0.000000 0.000000 0.000000 0.000000 0.000000 0.000000 0.000000 0.000000 0.000000 0.000000 0.000000 0.000001 0.000001 0.000002 0.000004 0.000008 0.000014 0.000025 0.000043 0.000074 0.000123 0.000202 0.000324 0.000507 0.000776 0.001162 0.001701 0.002433 0.003403 0.004652 0.006215 0.008115 0.010355 0.012911 0.015732 0.018730 0.021788 0.024764 0.027500 0.029836 0.031625 0.032750 0.033134 0.032750 0.031625 0.029836 0.027500 0.024764 0.021788 0.018730 0.015732 0.012911 0.010355 0.008115 0.006215 0.004652 0.003403 0.002433 0.001701 0.001162 0.000776 0.000507 0.000324 0.000202 0.000123 0.000074 0.000043 0.000025 0.000014 0.000008 0.000004 0.000002 0.000001 0.000001 0.000000 0.000000 0.000000 0.000000 0.000000 0.000000 0.000000 0.000000 0.000000 0.000000 0.000000 0.000000 0.000000 0.000000 0.000000 0.000000 0.000000 0.000000 
0.000000 0.000000 0.000000 0.000000 0.000000 0.000000 0.000000 0.000000 0.000000 0.000000 0.000000 0.000000 0.000000 0.000000 0.000000 0.000000 0.000000 0.000000 0.000001 0.000001 0.000002 0.000004 0.000008 0.000014 0.000026 0.000047 0.000082 0.000139 0.000233 0.000381 0.000610 0.000954 0.001459 0.002183 0.003191 0.004562 0.006374 0.008707 0.011623 0.015166 0.019340 0.024101 0.029350 0.034927 0.040613 0.046145 0.051228 0.055568 0.058891 0.060980 0.061693 0.060980 0.058891 0.055568 0.051228 0.046145 0.040613 0.034927 0.029350 0.024101 0.019340 0.015166 0.011623 0.008707 0.006374 0.004562 0.003191 0.002183 0.001459 0.000954 0.000610 0.000381 0.000233 0.000139 0.000082 0.000047 0.000026 0.000014 0.000008 0.000004 0.000002 0.000001 0.000001 0.000000 0.000000 0.000000 0.000000 0.000000 0.000000 0.000000 0.000000 0.000000 0.000000 0.000000 0.000000 0.000000 0.000000 0.000000 0.000000 0.000000 
0.000000 0.000000 0.000000 0.000000 0.000000 0.000000 0.000000 0.000000 0.000000 0.000000 0.000000 0.000000 0.000000 0.000000 0.000000 0.000000 0.000000 0.000000 0.000001 0.000002 0.000004 0.000008 0.000014 0.000027 0.000049 0.000087 0.000151 0.000258 0.000431 0.000704 0.001126 0.001759 0.002687 0.004015 0.005864 0.008375 0.011692 0.015957 0.021287 0.027756 0.035372 0.044055 0.053623 0.063783 0.074139 0.084209 0.093461 0.101356 0.107402 0.111202 0.112499 0.111202 0.107402 0.101356 0.093461 0.084209 0.074139 0.063783 0.053623 0.044055 0.035372 0.027756 0.021287 0.015957 0.011692 0.008375 0.005864 0.004015 0.002687 0.001759 0.001126 0.000704 0.000431 0.000258 0.000151 0.000087 0.000049 0.000027 0.000014 0.000008 0.000004 0.000002 0.000001 0.000000 0.000000 0.000000 0.000000 0.000000 0.000000 0.000000 0.000000 0.000000 0.000000 0.000000 0.000000 0.000000 0.000000 0.000000 0.000000 0.000000 
0.000000 0.000000 0.000000 0.000000 0.000000 0.000000 0.000000 0.000000 0.000000 0.000000 0.000000 0.000000 0.000000 0.000000 0.000000 0.000000 0.000000 0.000001 0.000002 0.000004 0.000007 0.000014 0.000026 0.000049 0.000088 0.000158 0.000275 0.000468 0.000781 0.001274 0.002033 0.003173 0.004843 0.007229 0.010549 0.015052 0.020997 0.028634 0.038171 0.049738 0.063347 0.078854 0.095933 0.114060 0.132530 0.150483 0.166972 0.181041 0.191812 0.198582 0.200891 0.198582 0.191812 0.181041 0.166972 0.150483 0.132530 0.114060 0.095933 0.078854 0.063347 0.049738 0.038171 0.028634 0.020997 0.015052 0.010549 0.007229 0.004843 0.003173 0.002033 0.001274 0.000781 0.000468 0.000275 0.000158 0.000088 0.000049 0.000026 0.000014 0.000007 0.000004 0.000002 0.000001 0.000000 0.000000 0.000000 0.000000 0.000000 0.000000 0.000000 0.000000 0.000000 0.000000 0.000000 0.000000 0.000000 0.000000 0.000000 0.000000 
0.000000 0.000000 0.000000 0.000000 0.000000 0.000000 0.000000 0.000000 0.000000 0.000000 0.000000 0.000000 0.000000 0.000000 0.000000 0.000000 0.000001 0.000002 0.000003 0.000006 0.000013 0.000025 0.000047 0.000087 0.000158 0.000280 0.000488 0.000831 0.001384 0.002255 0.003595 0.005604 0.008545 0.012741 0.018578 0.026485 0.036915 0.050304 0.067012 0.087263 0.111074 0.138192 0.168043 0.199714 0.231968 0.263310 0.292090 0.316639 0.335432 0.347240 0.351268 0.347240 0.335432 0.316639 0.292090 0.263310 0.231968 0.199714 0.168043 0.138192 0.111074 0.087263 0.067012 0.050304 0.036915 0.026485 0.018578 0.012741 0.008545 0.005604 0.003595 0.002255 0.001384 0.000831 0.000488 0.000280 0.000158 0.000087 0.000047 0.000025 0.000013 0.000006 0.000003 0.000002 0.000001 0.000000 0.000000 0.000000 0.000000 0.000000 0.000000 0.000000 0.000000 0.000000 0.000000 0.000000 0.000000 0.000000 0.000000 0.000000 
0.000000 0.000000 0.000000 0.000000 0.000000 0.000000 0.000000 0.000000 0.000000 0.000000 0.000000 0.000000 0.000000 0.000000 0.000000 0.000001 0.000001 0.000003 0.000006 0.000011 0.000022 0.000043 0.000082 0.000151 0.000275 0.000488 0.000848 0.001442 0.002399 0.003906 0.006220 0.009687 0.014756 0.021982 0.032023 0.045615 0.063532 0.086511 0.115168 0.149880 0.190671 0.237102 0.288187 0.342362 0.397516 0.451093 0.500276 0.542221 0.574324 0.594495 0.601375 0.594495 0.574324 0.542221 0.500276 0.451093 0.397516 0.342362 0.288187 0.237102 0.190671 0.149880 0.115168 0.086511 0.063532 0.045615 0.032023 0.021982 0.014756 0.009687 0.006220 0.003906 0.002399 0.001442 0.000848 0.000488 0.000275 0.000151 0.000082 0.000043 0.000022 0.000011 0.000006 0.000003 0.000001 0.000001 0.000000 0.000000 0.000000 0.000000 0.000000 0.000000 0.000000 0.000000 0.000000 0.000000 0.000000 0.000000 0.000000 0.000000 
0.000000 0.000000 0.000000 0.000000 0.000000 0.000000 0.000000 0.000000 0.000000 0.000000 0.000000 0.000000 0.000000 0.000000 0.000000 0.000001 0.000002 0.000005 0.000010 0.000019 0.000038 0.000074 0.000139 0.000258 0.000468 0.000831 0.001442 0.002450 0.004072 0.006621 0.010532 0.016387 0.024939 0.037118 0.054027 0.076899 0.107023 0.145633 0.193749 0.251996 0.320406 0.398235 0.483825 0.574556 0.666892 0.756561 0.838855 0.909022 0.962718 0.996452 1.007957 0.996452 0.962718 0.909022 0.838855 0.756561 0.666892 0.574556 0.483825 0.398235 0.320406 0.251996 0.193749 0.145633 0.107023 0.076899 0.054027 0.037118 0.024939 0.016387 0.010532 0.006621 0.004072 0.002450 0.001442 0.000831 0.000468 0.000258 0.000139 0.000074 0.000038 0.000019 0.000010 0.000005 0.000002 0.000001 0.000000 0.000000 0.000000 0.000000 0.000000 0.000000 0.000000 0.000000 0.000000 0.000000 0.000000 0.000000 0.000000 0.000000 
0.000000 0.000000 0.000000 0.000000 0.000000 0.000000 0.000000 0.000000 0.000000 0.000000 0.000000 0.000000 0.000000 0.000000 0.000001 0.000002 0.000004 0.000008 0.000016 0.000032 0.000064 0.000123 0.000233 0.000431 0.000781 0.001384 0.002399 0.004072 0.006760 0.010981 0.017451 0.027127 0.041246 0.061337 0.089207 0.126875 0.176452 0.239950 0.319032 0.414709 0.527019 0.654727 0.795111 0.943867 1.095201 1.242122 1.376925 1.491841 1.579769 1.635002 1.653841 1.635002 1.579769 1.491841 1.376925 1.242122 1.095201 0.943867 0.795111 0.654727 0.527019 0.414709 0.319032 0.239950 0.176452 0.126875 0.089207 0.061337 0.041246 0.027127 0.017451 0.010981 0.006760 0.004072 0.002399 0.001384 0.000781 0.000431 0.000233 0.000123 0.000064 0.000032 0.000016 0.000008 0.000004 0.000002 0.000001 0.000000 0.000000 0.000000 0.000000 0.000000 0.000000 0.000000 0.000000 0.000000 0.000000 0.000000 0.000000 0.000000 
0.000000 0.000000 0.000000 0.000000 0.000000 0.000000 0.000000 0.000000 0.000000 0.000000 0.000000 0.000000 0.000000 0.000001 0.000001 0.000003 0.000006 0.000013 0.000026 0.000053 0.000105 0.000202 0.000381 0.000704 0.001274 0.002255 0.003906 0.006621 0.010981 0.017820 0.028292 0.043939 0.066752 0.099186 0.144142 0.204857 0.284711 0.386922 0.514141 0.667970 0.848446 1.053570 1.278958 1.517698 1.760495 1.996145 2.212307 2.396545 2.537495 2.626026 2.656220 2.626026 2.537495 2.396545 2.212307 1.996145 1.760495 1.517698 1.278958 1.053570 0.848446 0.667970 0.514141 0.386922 0.284711 0.204857 0.144142 0.099186 0.066752 0.043939 0.028292 0.017820 0.010981 0.006621 0.003906 0.002255 0.001274 0.000704 0.000381 0.000202 0.000105 0.000053 0.000026 0.000013 0.000006 0.000003 0.000001 0.000001 0.000000 0.000000 0.000000 0.000000 0.000000 0.000000 0.000000 0.000000 0.000000 0.000000 0.000000 0.000000 
0.000000 0.000000 0.000000 0.000000 0.000000 0.000000 0.000000 0.000000 0.000000 0.000000 0.000000 0.000000 0.000000 0.000001 0.000002 0.000005 0.000010 0.000021 0.000043 0.000085 0.000168 0.000324 0.000610 0.001126 0.002033 0.003595 0.006220 0.010532 0.017451 0.028292 0.044876 0.069635 0.105700 0.156937 0.227901 0.323673 0.449550 0.610568 0.810865 1.052927 1.336780 1.659256 2.013444 2.388478 2.769768 3.139731 3.479023 3.768154 3.989321 4.128225 4.175596 4.128225 3.989321 3.768154 3.479023 3.139731 2.769768 2.388478 2.013444 1.659256 1.336780 1.052927 0.810865 0.610568 0.449550 0.323673 0.227901 0.156937 0.105700 0.069635 0.044876 0.028292 0.017451 0.010532 0.006220 0.003595 0.002033 0.001126 0.000610 0.000324 0.000168 0.000085 0.000043 0.000021 0.000010 0.000005 0.000002 0.000001 0.000000 0.000000 0.000000 0.000000 0.000000 0.000000 0.000000 0.000000 0.000000 0.000000 0.000000 0.000000 
0.000000 0.000000 0.000000 0.000000 0.000000 0.000000 0.000000 0.000000 0.000000 0.000000 0.000000 0.000000 0.000001 0.000002 0.000003 0.000007 0.000016 0.000033 0.000067 0.000134 0.000264 0.000507 0.000954 0.001759 0.003173 0.005604 0.009687 0.016387 0.027127 0.043939 0.069635 0.107965 0.163754 0.242951 0.352561 0.500389 0.694561 0.942792 1.251407 1.624179 2.061105 2.557268 3.102014 3.678622 4.264672 4.833167 5.354418 5.798531 6.138206 6.351520 6.424265 6.351520 6.138206 5.798531 5.354418 4.833167 4.264672 3.678622 3.102014 2.557268 2.061105 1.624179 1.251407 0.942792 0.694561 0.500389 0.352561 0.242951 0.163754 0.107965 0.069635 0.043939 0.027127 0.016387 0.009687 0.005604 0.003173 0.001759 0.000954 0.000507 0.000264 0.000134 0.000067 0.000033 0.000016 0.000007 0.000003 0.000002 0.000001 0.000000 0.000000 0.000000 0.000000 0.000000 0.000000 0.000000 0.000000 0.000000 0.000000 0.000000 
0.000000 0.000000 0.000000 0.000000 0.000000 0.000000 0.000000 0.000000 0.000000 0.000000 0.000000 0.000000 0.000001 0.000002 0.000005 0.000011 0.000024 0.000050 0.000103 0.000206 0.000404 0.000776 0.001459 0.002687 0.004843 0.008545 0.014756 0.024939 0.041246 0.066752 0.105700 0.163754 0.248186 0.367957 0.533608 0.756873 1.049954 1.424419 1.889728 2.451497 3.109650 3.856730 4.676660 5.544266 6.425825 7.280768 8.064503 8.732145 9.242723 9.563336 9.672667 9.563336 9.242723 8.732145 8.064503 7.280768 6.425825 5.544266 4.676660 3.856730 3.109650 2.451497 1.889728 1.424419 1.049954 0.756873 0.533608 0.367957 0.248186 0.163754 0.105700 0.066752 0.041246 0.024939 0.014756 0.008545 0.004843 0.002687 0.001459 0.000776 0.000404 0.000206 0.000103 0.000050 0.000024 0.000011 0.000005 0.000002 0.000001 0.000000 0.000000 0.000000 0.000000 0.000000 0.000000 0.000000 0.000000 0.000000 0.000000 0.000000 
0.000000 0.000000 0.000000 0.000000 0.000000 0.000000 0.000000 0.000000 0.000000 0.000000 0.000000 0.000001 0.000002 0.000004 0.000008 0.000017 0.000036 0.000076 0.000155 0.000309 0.000606 0.001162 0.002183 0.004015 0.007229 0.012741 0.021982 0.037118 0.061337 0.099186 0.156937 0.242951 0.367957 0.545163 0.790092 1.120004 1.552834 2.105556 2.792024 3.620415 4.590525 5.691288 6.898968 8.176476 9.474179 10.732407 11.885616 12.867849 13.618922 14.090516 14.251326 14.090516 13.618922 12.867849 11.885616 10.732407 9.474179 8.176476 6.898968 5.691288 4.590525 3.620415 2.792024 2.105556 1.552834 1.120004 0.790092 0.545163 0.367957 0.242951 0.156937 0.099186 0.061337 0.037118 0.021982 0.012741 0.007229 0.004015 0.002183 0.001162 0.000606 0.000309 0.000155 0.000076 0.000036 0.000017 0.000008 0.000004 0.000002 0.000001 0.000000 0.000000 0.000000 0.000000 0.000000 0.000000 0.000000 0.000000 0.000000 0.000000 
0.000000 0.000000 0.000000 0.000000 0.000000 0.000000 0.000000 0.000000 0.000000 0.000000 0.000000 0.000001 0.000002 0.000005 0.000012 0.000025 0.000053 0.000111 0.000227 0.000453 0.000887 0.001701 0.003191 0.005864 0.010549 0.018578 0.032023 0.054027 0.089207 0.144142 0.227901 0.352561 0.533608 0.790092 1.144377 1.621315 2.246695 3.044897 4.035779 5.230999 6.630134 8.217122 9.957685 11.798348 13.667630 15.479653 17.140129 18.554215 19.635390 20.314202 20.545664 20.314202 19.635390 18.554215 17.140129 15.479653 13.667630 11.798348 9.957685 8.217122 6.630134 5.230999 4.035779 3.044897 2.246695 1.621315 1.144377 0.790092 0.533608 0.352561 0.227901 0.144142 0.089207 0.054027 0.032023 0.018578 0.010549 0.005864 0.003191 0.001701 0.000887 0.000453 0.000227 0.000111 0.000053 0.000025 0.000012 0.000005 0.000002 0.000001 0.000000 0.000000 0.000000 0.000000 0.000000 0.000000 0.000000 0.000000 0.000000 0.000000 
0.000000 0.000000 0.000000 0.000000 0.000000 0.000000 0.000000 0.000000 0.000000 0.000000 0.000001 0.000001 0.000003 0.000008 0.000017 0.000036 0.000077 0.000160 0.000326 0.000650 0.001271 0.002433 0.004562 0.008375 0.015052 0.026485 0.045615 0.076899 0.126875 0.204857 0.323673 0.500389 0.756873 1.120004 1.621315 2.295811 3.179785 4.307505 5.706827 7.394022 9.368322 11.606934 14.061419 16.656350 19.290993 21.844407 24.183865 26.175907 27.698815 28.654902 28.980899 28.654902 27.698815 26.175907 24.183865 21.844407 19.290993 16.656350 14.061419 11.606934 9.368322 7.394022 5.706827 4.307505 3.179785 2.295811 1.621315 1.120004 0.756873 0.500389 0.323673 0.204857 0.126875 0.076899 0.045615 0.026485 0.015052 0.008375 0.004562 0.002433 0.001271 0.000650 0.000326 0.000160 0.000077 0.000036 0.000017 0.000008 0.000003 0.000001 0.000001 0.000000 0.000000 0.000000 0.000000 0.000000 0.000000 0.000000 0.000000 0.000000 
0.000000 0.000000 0.000000 0.000000 0.000000 0.000000 0.000000 0.000000 0.000000 0.000000 0.000001 0.000002 0.000005 0.000011 0.000023 0.000051 0.000108 0.000224 0.000457 0.000911 0.001779 0.003403 0.006374 0.011692 0.020997 0.036915 0.063532 0.107023 0.176452 0.284711 0.449550 0.694561 1.049954 1.552834 2.246695 3.179785 4.402082 5.960714 7.893925 10.223948 12.949502 16.038951 19.425340 23.004577 26.637771 30.158268 33.383255 36.128969 38.227853 39.545454 39.994702 39.545454 38.227853 36.128969 33.383255 30.158268 26.637771 23.004577 19.425340 16.038951 12.949502 10.223948 7.893925 5.960714 4.402082 3.179785 2.246695 1.552834 1.049954 0.694561 0.449550 0.284711 0.176452 0.107023 0.063532 0.036915 0.020997 0.011692 0.006374 0.003403 0.001779 0.000911 0.000457 0.000224 0.000108 0.000051 0.000023 0.000011 0.000005 0.000002 0.000001 0.000000 0.000000 0.000000 0.000000 0.000000 0.000000 0.000000 0.000000 0.000000 
0.000000 0.000000 0.000000 0.000000 0.000000 0.000000 0.000000 0.000000 0.000000 0.000001 0.000001 0.000003 0.000007 0.000015 0.000032 0.000070 0.000148 0.000308 0.000626 0.001247 0.002434 0.004652 0.008707 0.015957 0.028634 0.050304 0.086511 0.145633 0.239950 0.386922 0.610568 0.942792 1.424419 2.105556 3.044897 4.307505 5.960714 8.067952 10.680600 13.828393 17.509326 21.680459 26.251266 31.081212 35.982938 40.731763 45.081319 48.784032 51.614211 53.390784 53.996505 53.390784 51.614211 48.784032 45.081319 40.731763 35.982938 31.081212 26.251266 21.680459 17.509326 13.828393 10.680600 8.067952 5.960714 4.307505 3.044897 2.105556 1.424419 0.942792 0.610568 0.386922 0.239950 0.145633 0.086511 0.050304 0.028634 0.015957 0.008707 0.004652 0.002434 0.001247 0.000626 0.000308 0.000148 0.000070 0.000032 0.000015 0.000007 0.000003 0.000001 0.000001 0.000000 0.000000 0.000000 0.000000 0.000000 0.000000 0.000000 0.000000 
0.000000 0.000000 0.000000 0.000000 0.000000 0.000000 0.000000 0.000000 0.000000 0.000001 0.000002 0.000004 0.000009 0.000020 0.000043 0.000094 0.000199 0.000412 0.000838 0.001669 0.003254 0.006215 0.011623 0.021287 0.038171 0.067012 0.115168 0.193749 0.319032 0.514141 0.810865 1.251407 1.889728 2.792024 4.035779 5.706827 7.893925 10.680600 14.134403 18.294261 23.157189 28.666197 34.701563 41.077682 47.547298 53.814060 59.553127 64.438165 68.171746 70.515276 71.314277 70.515276 68.171746 64.438165 59.553127 53.814060 47.547298 41.077682 34.701563 28.666197 23.157189 18.294261 14.134403 10.680600 7.893925 5.706827 4.035779 2.792024 1.889728 1.251407 0.810865 0.514141 0.319032 0.193749 0.115168 0.067012 0.038171 0.021287 0.011623 0.006215 0.003254 0.001669 0.000838 0.000412 0.000199 0.000094 0.000043 0.000020 0.000009 0.000004 0.000002 0.000001 0.000000 0.000000 0.000000 0.000000 0.000000 0.000000 0.000000 0.000000 
0.000000 0.000000 0.000000 0.000000 0.000000 0.000000 0.000000 0.000000 0.000000 0.000001 0.000002 0.000005 0.000012 0.000026 0.000057 0.000123 0.000261 0.000540 0.001097 0.002182 0.004252 0.008115 0.015166 0.027756 0.049738 0.087263 0.149880 0.251996 0.414709 0.667970 1.052927 1.624179 2.451497 3.620415 5.230999 7.394022 10.223948 13.828393 18.294261 23.671432 29.955650 37.072958 44.868494 53.102473 61.455693 69.545753 76.953636 83.258507 88.076878 91.101165 92.132236 91.101165 88.076878 83.258507 76.953636 69.545753 61.455693 53.102473 44.868494 37.072958 29.955650 23.671432 18.294261 13.828393 10.223948 7.394022 5.230999 3.620415 2.451497 1.624179 1.052927 0.667970 0.414709 0.251996 0.149880 0.087263 0.049738 0.027756 0.015166 0.008115 0.004252 0.002182 0.001097 0.000540 0.000261 0.000123 0.000057 0.000026 0.000012 0.000005 0.000002 0.000001 0.000000 0.000000 0.000000 0.000000 0.000000 0.000000 0.000000 0.000000 
0.000000 0.000000 0.000000 0.000000 0.000000 0.000000 0.000000 0.000000 0.000000 0.000001 0.000003 0.000006 0.000015 0.000033 0.000073 0.000158 0.000334 0.000691 0.001403 0.002788 0.005429 0.010355 0.019340 0.035372 0.063347 0.111074 0.190671 0.320406 0.527019 0.848446 1.336780 2.061105 3.109650 4.590525 6.630134 9.368322 12.949502 17.509326 23.157189 29.955650 37.898868 46.893006 56.742146 67.143281 77.693311 87.909534 97.263200 105.223384 111.306366 115.124217 116.425807 115.124217 111.306366 105.223384 97.263200 87.909534 77.693311 67.143281 56.742146 46.893006 37.898868 29.955650 23.157189 17.509326 12.949502 9.368322 6.630134 4.590525 3.109650 2.061105 1.336780 0.848446 0.527019 0.320406 0.190671 0.111074 0.063347 0.035372 0.019340 0.010355 0.005429 0.002788 0.001403 0.000691 0.000334 0.000158 0.000073 0.000033 0.000015 0.000006 0.000003 0.000001 0.000000 0.000000 0.000000 0.000000 0.000000 0.000000 0.000000 0.000000 
0.000000 0.000000 0.000000 0.000000 0.000000 0.000000 0.000000 0.000000 0.000001 0.000001 0.000003 0.000008 0.000019 0.000042 0.000092 0.000198 0.000418 0.000864 0.001752 0.003481 0.006774 0.012911 0.024101 0.044055 0.078854 0.138192 0.237102 0.398235 0.654727 1.053570 1.659256 2.557268 3.856730 5.691288 8.217122 11.606934 16.038951 21.680459 28.666197 37.072958 46.893006 58.009933 70.181338 83.032710 96.066115 108.685531 120.238259 130.069059 137.581043 142.295574 143.902829 142.295574 137.581043 130.069059 120.238259 108.685531 96.066115 83.032710 70.181338 58.009933 46.893006 37.072958 28.666197 21.680459 16.038951 11.606934 8.217122 5.691288 3.856730 2.557268 1.659256 1.053570 0.654727 0.398235 0.237102 0.138192 0.078854 0.044055 0.024101 0.012911 0.006774 0.003481 0.001752 0.000864 0.000418 0.000198 0.000092 0.000042 0.000019 0.000008 0.000003 0.000001 0.000001 0.000000 0.000000 0.000000 0.000000 0.000000 0.000000 0.000000 
0.000000 0.000000 0.000000 0.000000 0.000000 0.000000 0.000000 0.000000 0.000001 0.000002 0.000004 0.000010 0.000023 0.000051 0.000112 0.000242 0.000510 0.001055 0.002139 0.004246 0.008259 0.015732 0.029350 0.053623 0.095933 0.168043 0.288187 0.483825 0.795111 1.278958 2.013444 3.102014 4.676660 6.898968 9.957685 14.061419 19.425340 26.251266 34.701563 44.868494 56.742146 70.181338 84.892769 100.423709 116.172543 131.419394 145.376140 157.251735 166.325684 172.020290 173.961629 172.020290 166.325684 157.251735 145.376140 131.419394 116.172543 100.423709 84.892769 70.181338 56.742146 44.868494 34.701563 26.251266 19.425340 14.061419 9.957685 6.898968 4.676660 3.102014 2.013444 1.278958 0.795111 0.483825 0.288187 0.168043 0.095933 0.053623 0.029350 0.015732 0.008259 0.004246 0.002139 0.001055 0.000510 0.000242 0.000112 0.000051 0.000023 0.000010 0.000004 0.000002 0.000001 0.000000 0.000000 0.000000 0.000000 0.000000 0.000000 0.000000 
0.000000 0.000000 0.000000 0.000000 0.000000 0.000000 0.000000 0.000000 0.000001 0.000002 0.000005 0.000012 0.000027 0.000061 0.000134 0.000289 0.000609 0.001259 0.002550 0.005061 0.009837 0.018730 0.034927 0.063783 0.114060 0.199714 0.342362 0.574556 0.943867 1.517698 2.388478 3.678622 5.544266 8.176476 11.798348 16.656350 23.004577 31.081212 41.077682 53.102473 67.143281 83.032710 100.423709 118.781023 137.393694 155.411286 171.902941 185.934510 196.655262 203.383139 205.676691 203.383139 196.655262 185.934510 171.902941 155.411286 137.393694 118.781023 100.423709 83.032710 67.143281 53.102473 41.077682 31.081212 23.004577 16.656350 11.798348 8.176476 5.544266 3.678622 2.388478 1.517698 0.943867 0.574556 0.342362 0.199714 0.114060 0.063783 0.034927 0.018730 0.009837 0.005061 0.002550 0.001259 0.000609 0.000289 0.000134 0.000061 0.000027 0.000012 0.000005 0.000002 0.000001 0.000000 0.000000 0.000000 0.000000 0.000000 0.000000 0.000000 
