0.000000 0.000000 0.000000 0.000000 0.000000 0.000000 0.000000 0.000000 0.000000 0.000000 0.000000 0.000000 0.000000 0.000000 0.000000 0.000000 0.000000 0.000000 0.000000 0.000000 0.000000 0.000000 0.000000 0.000000 0.000000 0.000000 0.000000 0.000000 0.000000 0.000000 0.000000 0.000000 0.000000 0.000000 0.000000 0.000000 0.000000 0.000000 0.000000 0.000000 0.000000 0.000000 0.000000 0.000000 0.000000 0.000000 0.000000 0.000000 0.000000 0.000000 0.000000 0.000000 0.000000 0.000000 0.000000 0.000000 0.000000 0.000000 0.000000 0.000000 0.000000 0.000000 0.000000 0.000000 0.000000 0.000000 0.000000 0.000000 0.000000 0.000000 0.000000 0.000000 0.000000 0.000000 0.000000 0.000000 0.000000 0.000000 0.000000 0.000000 0.000000 0.000000 0.000000 0.000000 0.000000 0.000000 0.000000 0.000000 0.000000 0.000000 0.000000 0.000000 0.000000 0.000000 0.000000 0.000000 0.000000 0.000000 0.000000 0.000000 
0.000000 0.000000 0.000000 0.000000 0.000000 0.000000 0.000000 0.000000 0.000000 0.000000 0.000000 0.000000 0.000000 0.000000 0.000000 0.000000 0.000000 0.000000 0.000000 0.000000 0.000000 0.000000 0.000000 0.000000 0.000000 0.000000 0.000000 0.000000 0.000000 0.000000 0.000000 0.000000 0.000000 0.000000 0.000000 0.000001 0.000001 0.000001 0.000001 0.000001 0.000001 0.000002 0.000002 0.000002 0.000002 0.000003 0.000003 0.000003 0.000003 0.000003 0.000003 0.000003 0.000003 0.000003 0.000003 0.000003 0.000002 0.000002 0.000002 0.000002 0.000001 0.000001 0.000001 0.000001 0.000001 0.000001 0.000000 0.000000 0.000000 0.000000 0.000000 0.000000 0.000000 0.000000 0.000000 0.000000 0.000000 0.000000 0.000000 0.000000 0.000000 0.000000 0.000000 0.000000 0.000000 0.000000 0.000000 0.000000 0.000000 0.000000 0.000000 0.000000 0.000000 0.000000 0.000000 0.000000 0.000000 0.000000 0.000000 0.000000 
0.000000 0.000000 0.000000 0.000000 0.000000 0.000000 0.000000 0.000000 0.000000 0.000000 0.000000 0.000000 0.000000 0.000000 0.000000 0.000000 0.000000 0.000000 0.000000 0.000000 0.000000 0.000000 0.000000 0.000000 0.000000 0.000000 0.000000 0.000000 0.000000 0.000000 0.000000 0.000000 0.000001 0.000001 0.000001 0.000001 0.000002 0.000002 0.000002 0.000003 0.000004 0.000004 0.000005 0.000005 0.000006 0.000006 0.000007 0.000007 0.000008 0.000008 0.000008 0.000008 0.000008 0.000007 0.000007 0.000006 0.000006 0.000005 0.000005 0.000004 0.000004 0.000003 0.000002 0.000002 0.000002 0.000001 0.000001 0.000001 0.000001 0.000000 0.000000 0.000000 0.000000 0.000000 0.000000 0.000000 0.000000 0.000000 0.000000 0.000000 0.000000 0.000000 0.000000 0.000000 0.000000 0.000000 0.000000 0.000000 0.000000 0.000000 0.000000 0.000000 0.000000 0.000000 0.000000 0.000000 0.000000 0.000000 0.000000 0.000000 
0.000000 0.000000 0.000000 0.000000 0.000000 0.000000 0.000000 0.000000 0.000000 0.000000 0.000000 0.000000 0.000000 0.000000 0.000000 0.000000 0.000000 0.000000 0.000000 0.000000 0.000000 0.000000 0.000000 0.000000 0.000000 0.000000 0.000000 0.000000 0.000000 0.000000 0.000001 0.000001 0.000001 0.000002 0.000002 0.000003 0.000003 0.000004 0.000005 0.000006 0.000007 0.000009 0.000010 0.000011 0.000012 0.000013 0.000014 0.000015 0.000016 0.000016 0.000016 0.000016 0.000016 0.000015 0.000014 0.000013 0.000012 0.000011 0.000010 0.000009 0.000007 0.000006 0.000005 0.000004 0.000003 0.000003 0.000002 0.000002 0.000001 0.000001 0.000001 0.000000 0.000000 0.000000 0.000000 0.000000 0.000000 0.000000 0.000000 0.000000 0.000000 0.000000 0.000000 0.000000 0.000000 0.000000 0.000000 0.000000 0.000000 0.000000 0.000000 0.000000 0.000000 0.000000 0.000000 0.000000 0.000000 0.000000 0.000000 0.000000 
0.000000 0.000000 0.000000 0.000000 0.000000 0.000000 0.000000 0.000000 0.000000 0.000000 0.000000 0.000000 0.000000 0.000000 0.000000 0.000000 0.000000 0.000000 0.000000 0.000000 0.000000 0.000000 0.000000 0.000000 0.000000 0.000000 0.000000 0.000000 0.000001 0.000001 0.000001 0.000002 0.000003 0.000003 0.000004 0.000005 0.000007 0.000009 0.000010 0.000013 0.000015 0.000017 0.000020 0.000022 0.000025 0.000027 0.000029 0.000030 0.000032 0.000032 0.000033 0.000032 0.000032 0.000030 0.000029 0.000027 0.000025 0.000022 0.000020 0.000017 0.000015 0.000013 0.000010 0.000009 0.000007 0.000005 0.000004 0.000003 0.000003 0.000002 0.000001 0.000001 0.000001 0.000000 0.000000 0.000000 0.000000 0.000000 0.000000 0.000000 0.000000 0.000000 0.000000 0.000000 0.000000 0.000000 0.000000 0.000000 0.000000 0.000000 0.000000 0.000000 0.000000 0.000000 0.000000 0.000000 0.000000 0.000000 0.000000 0.000000 
0.000000 0.000000 0.000000 0.000000 0.000000 0.000000 0.000000 0.000000 0.000000 0.000000 0.000000 0.000000 0.000000 0.000000 0.000000 0.000000 0.000000 0.000000 0.000000 0.000000 0.000000 0.000000 0.000000 0.000000 0.000000 0.000000 0.000001 0.000001 0.000001 0.000002 0.000003 0.000004 0.000005 0.000007 0.000008 0.000011 0.000014 0.000017 0.000020 0.000025 0.000029 0.000034 0.000039 0.000043 0.000048 0.000053 0.000056 0.000060 0.000062 0.000064 0.000064 0.000064 0.000062 0.000060 0.000056 0.000053 0.000048 0.000043 0.000039 0.000034 0.000029 0.000025 0.000020 0.000017 0.000014 0.000011 0.000008 0.000007 0.000005 0.000004 0.000003 0.000002 0.000001 0.000001 0.000001 0.000000 0.000000 0.000000 0.000000 0.000000 0.000000 0.000000 0.000000 0.000000 0.000000 0.000000 0.000000 0.000000 0.000000 0.000000 0.000000 0.000000 0.000000 0.000000 0.000000 0.000000 0.000000 0.000000 0.000000 0.000000 
0.000000 0.000000 0.000000 0.000000 0.000000 0.000000 0.000000 0.000000 0.000000 0.000000 0.000000 0.000000 0.000000 0.000000 0.000000 0.000000 0.000000 0.000000 0.000000 0.000000 0.000000 0.000000 0.000000 0.000000 0.000001 0.000001 0.000001 0.000002 0.000003 0.000004 0.000005 0.000007 0.000010 0.000013 0.000016 0.000021 0.000026 0.000033 0.000040 0.000047 0.000056 0.000065 0.000075 0.000084 0.000093 0.000102 0.000109 0.000115 0.000120 0.000123 0.000124 0.000123 0.000120 0.000115 0.000109 0.000102 0.000093 0.000084 0.000075 0.000065 0.000056 0.000047 0.000040 0.000033 0.000026 0.000021 0.000016 0.000013 0.000010 0.000007 0.000005 0.000004 0.000003 0.000002 0.000001 0.000001 0.000001 0.000000 0.000000 0.000000 0.000000 0.000000 0.000000 0.000000 0.000000 0.000000 0.000000 0.000000 0.000000 0.000000 0.000000 0.000000 0.000000 0.000000 0.000000 0.000000 0.000000 0.000000 0.000000 0.000000 
0.000000 0.000000 0.000000 0.000000 0.000000 0.000000 0.000000 0.000000 0.000000 0.000000 0.000000 0.000000 0.000000 0.000000 0.000000 0.000000 0.000000 0.000000 0.000000 0.000000 0.000000 0.000000 0.000000 0.000001 0.000001 0.000002 0.000003 0.000004 0.000005 0.000007 0.000010 0.000014 0.000018 0.000024 0.000031 0.000040 0.000050 0.000062 0.000075 0.000090 0.000107 0.000124 0.000142 0.000160 0.000177 0.000193 0.000207 0.000219 0.000228 0.000233 0.000235 0.000233 0.000228 0.000219 0.000207 0.000193 0.000177 0.000160 0.000142 0.000124 0.000107 0.000090 0.000075 0.000062 0.000050 0.000040 0.000031 0.000024 0.000018 0.000014 0.000010 0.000007 0.000005 0.000004 0.000003 0.000002 0.000001 0.000001 0.000000 0.000000 0.000000 0.000000 0.000000 0.000000 0.000000 0.000000 0.000000 0.000000 0.000000 0.000000 0.000000 0.000000 0.000000 0.000000 0.000000 0.000000 0.000000 0.000000 0.000000 0.000000 
0.000000 0.000000 0.000000 0.000000 0.000000 0.000000 0.000000 0.000000 0.000000 0.000000 0.000000 0.000000 0.000000 0.000000 0.000000 0.000000 0.000000 0.000000 0.000000 0.000000 0.000000 0.000001 0.000001 0.000001 0.000002 0.000003 0.000005 0.000007 0.000010 0.000014 0.000019 0.000026 0.000034 0.000045 0.000059 0.000075 0.000094 0.000116 0.000142 0.000170 0.000201 0.000233 0.000266 0.000300 0.000332 0.000362 0.000389 0.000411 0.000428 0.000438 0.000441 0.000438 0.000428 0.000411 0.000389 0.000362 0.000332 0.000300 0.000266 0.000233 0.000201 0.000170 0.000142 0.000116 0.000094 0.000075 0.000059 0.000045 0.000034 0.000026 0.000019 0.000014 0.000010 0.000007 0.000005 0.000003 0.000002 0.000001 0.000001 0.000001 0.000000 0.000000 0.000000 0.000000 0.000000 0.000000 0.000000 0.000000 0.000000 0.000000 0.000000 0.000000 0.000000 0.000000 0.000000 0.000000 0.000000 0.000000 0.000000 0.000000 
0.000000 0.000000 0.000000 0.000000 0.000000 0.000000 0.000000 0.000000 0.000000 0.000000 0.000000 0.000000 0.000000 0.000000 0.000000 0.000000 0.000000 0.000000 0.000000 0.000000 0.000001 0.000001 0.000002 0.000003 0.000004 0.000006 0.000009 0.000013 0.000018 0.000026 0.000035 0.000048 0.000064 0.000084 0.000109 0.000139 0.000175 0.000216 0.000263 0.000315 0.000371 0.000431 0.000493 0.000555 0.000614 0.000670 0.000719 0.000760 0.000790 0.000809 0.000816 0.000809 0.000790 0.000760 0.000719 0.000670 0.000614 0.000555 0.000493 0.000431 0.000371 0.000315 0.000263 0.000216 0.000175 0.000139 0.000109 0.000084 0.000064 0.000048 0.000035 0.000026 0.000018 0.000013 0.000009 0.000006 0.000004 0.000003 0.000002 0.000001 0.000001 0.000000 0.000000 0.000000 0.000000 0.000000 0.000000 0.000000 0.000000 0.000000 0.000000 0.000000 0.000000 0.000000 0.000000 0.000000 0.000000 0.000000 0.000000 0.000000 
0.000000 0.000000 0.000000 0.000000 0.000000 0.000000 0.000000 0.000000 0.000000 0.000000 0.000000 0.000000 0.000000 0.000000 0.000000 0.000000 0.000000 0.000000 0.000001 0.000001 0.000001 0.000002 0.000003 0.000005 0.000008 0.000011 0.000016 0.000024 0.000034 0.000047 0.000065 0.000088 0.000117 0.000154 0.000199 0.000254 0.000319 0.000394 0.000480 0.000575 0.000678 0.000787 0.000899 0.001011 0.001120 0.001221 0.001311 0.001385 0.001441 0.001475 0.001487 0.001475 0.001441 0.001385 0.001311 0.001221 0.001120 0.001011 0.000899 0.000787 0.000678 0.000575 0.000480 0.000394 0.000319 0.000254 0.000199 0.000154 0.000117 0.000088 0.000065 0.000047 0.000034 0.000024 0.000016 0.000011 0.000008 0.000005 0.000003 0.000002 0.000001 0.000001 0.000001 0.000000 0.000000 0.000000 0.000000 0.000000 0.000000 0.000000 0.000000 0.000000 0.000000 0.000000 0.000000 0.000000 0.000000 0.000000 0.000000 0.000000 
0.000000 0.000000 0.000000 0.000000 0.000000 0.000000 0.000000 0.000000 0.000000 0.000000 0.000000 0.000000 0.000000 0.000000 0.000000 0.000000 0.000000 0.000001 0.000001 0.000001 0.000002 0.000004 0.000006 0.000009 0.000014 0.000020 0.000030 0.000043 0.000061 0.000085 0.000117 0.000158 0.000211 0.000278 0.000360 0.000458 0.000575 0.000710 0.000864 0.001034 0.001219 0.001415 0.001617 0.001819 0.002014 0.002196 0.002356 0.002489 0.002589 0.002651 0.002672 0.002651 0.002589 0.002489 0.002356 0.002196 0.002014 0.001819 0.001617 0.001415 0.001219 0.001034 0.000864 0.000710 0.000575 0.000458 0.000360 0.000278 0.000211 0.000158 0.000117 0.000085 0.000061 0.000043 0.000030 0.000020 0.000014 0.000009 0.000006 0.000004 0.000002 0.000001 0.000001 0.000001 0.000000 0.000000 0.000000 0.000000 0.000000 0.000000 0.000000 0.000000 0.000000 0.000000 0.000000 0.000000 0.000000 0.000000 0.000000 0.000000 
0.000000 0.000000 0.000000 0.000000 0.000000 0.000000 0.000000 0.000000 0.000000 0.000000 0.000000 0.000000 0.000000 0.000000 0.000000 0.000000 0.000001 0.000001 0.000002 0.000003 0.000004 0.000007 0.000011 0.000016 0.000024 0.000036 0.000053 0.000076 0.000108 0.000151 0.000208 0.000282 0.000376 0.000494 0.000639 0.000814 0.001021 0.001261 0.001533 0.001835 0.002163 0.002510 0.002867 0.003224 0.003570 0.003891 0.004175 0.004411 0.004587 0.004696 0.004733 0.004696 0.004587 0.004411 0.004175 0.003891 0.003570 0.003224 0.002867 0.002510 0.002163 0.001835 0.001533 0.001261 0.001021 0.000814 0.000639 0.000494 0.000376 0.000282 0.000208 0.000151 0.000108 0.000076 0.000053 0.000036 0.000024 0.000016 0.000011 0.000007 0.000004 0.000003 0.000002 0.000001 0.000001 0.000000 0.000000 0.000000 0.000000 0.000000 0.000000 0.000000 0.000000 0.000000 0.000000 0.000000 0.000000 0.000000 0.000000 0.000000 
0.000000 0.000000 0.000000 0.000000 0.000000 0.000000 0.000000 0.000000 0.000000 0.000000 0.000000 0.000000 0.000000 0.000000 0.000000 0.000001 0.000001 0.000002 0.000003 0.000005 0.000008 0.000012 0.000019 0.000028 0.000043 0.000064 0.000093 0.000134 0.000190 0.000265 0.000365 0.000494 0.000659 0.000866 0.001120 0.001426 0.001788 0.002207 0.002682 0.003210 0.003782 0.004387 0.005011 0.005634 0.006237 0.006797 0.007293 0.007704 0.008011 0.008201 0.008266 0.008201 0.008011 0.007704 0.007293 0.006797 0.006237 0.005634 0.005011 0.004387 0.003782 0.003210 0.002682 0.002207 0.001788 0.001426 0.001120 0.000866 0.000659 0.000494 0.000365 0.000265 0.000190 0.000134 0.000093 0.000064 0.000043 0.000028 0.000019 0.000012 0.000008 0.000005 0.000003 0.000002 0.000001 0.000001 0.000000 0.000000 0.000000 0.000000 0.000000 0.000000 0.000000 0.000000 0.000000 0.000000 0.000000 0.000000 0.000000 0.000000 
0.000000 0.000000 0.000000 0.000000 0.000000 0.000000 0.000000 0.000000 0.000000 0.000000 0.000000 0.000000 0.000000 0.000000 0.000001 0.000001 0.000002 0.000003 0.000005 0.000008 0.000013 0.000021 0.000032 0.000049 0.000074 0.000110 0.000161 0.000232 0.000329 0.000459 0.000632 0.000855 0.001140 0.001496 0.001934 0.002462 0.003085 0.003807 0.004626 0.005535 0.006519 0.007561 0.008633 0.009706 0.010742 0.011706 0.012558 0.013264 0.013792 0.014119 0.014230 0.014119 0.013792 0.013264 0.012558 0.011706 0.010742 0.009706 0.008633 0.007561 0.006519 0.005535 0.004626 0.003807 0.003085 0.002462 0.001934 0.001496 0.001140 0.000855 0.000632 0.000459 0.000329 0.000232 0.000161 0.000110 0.000074 0.000049 0.000032 0.000021 0.000013 0.000008 0.000005 0.000003 0.000002 0.000001 0.000001 0.000000 0.000000 0.000000 0.000000 0.000000 0.000000 0.000000 0.000000 0.000000 0.000000 0.000000 0.000000 0.000000 
0.000000 0.000000 0.000000 0.000000 0.000000 0.000000 0.000000 0.000000 0.000000 0.000000 0.000000 0.000000 0.000000 0.000001 0.000001 0.000002 0.000003 0.000005 0.000009 0.000014 0.000023 0.000036 0.000055 0.000085 0.000127 0.000189 0.000276 0.000397 0.000562 0.000784 0.001077 0.001457 0.001942 0.002548 0.003292 0.004189 0.005248 0.006474 0.007864 0.009406 0.011077 0.012844 0.014662 0.016480 0.018238 0.019871 0.021315 0.022511 0.023407 0.023961 0.024148 0.023961 0.023407 0.022511 0.021315 0.019871 0.018238 0.016480 0.014662 0.012844 0.011077 0.009406 0.007864 0.006474 0.005248 0.004189 0.003292 0.002548 0.001942 0.001457 0.001077 0.000784 0.000562 0.000397 0.000276 0.000189 0.000127 0.000085 0.000055 0.000036 0.000023 0.000014 0.000009 0.000005 0.000003 0.000002 0.000001 0.000001 0.000000 0.000000 0.000000 0.000000 0.000000 0.000000 0.000000 0.000000 0.000000 0.000000 0.000000 0.000000 
0.000000 0.000000 0.000000 0.000000 0.000000 0.000000 0.000000 0.000000 0.000000 0.000000 0.000000 0.000000 0.000001 0.000001 0.000002 0.000003 0.000005 0.000009 0.000015 0.000024 0.000038 0.000060 0.000093 0.000143 0.000215 0.000318 0.000464 0.000668 0.000945 0.001318 0.001810 0.002448 0.003260 0.004276 0.005523 0.007025 0.008799 0.010851 0.013177 0.015756 0.018551 0.021504 0.024545 0.027583 0.030520 0.033249 0.035662 0.037660 0.039155 0.040080 0.040394 0.040080 0.039155 0.037660 0.035662 0.033249 0.030520 0.027583 0.024545 0.021504 0.018551 0.015756 0.013177 0.010851 0.008799 0.007025 0.005523 0.004276 0.003260 0.002448 0.001810 0.001318 0.000945 0.000668 0.000464 0.000318 0.000215 0.000143 0.000093 0.000060 0.000038 0.000024 0.000015 0.000009 0.000005 0.000003 0.000002 0.000001 0.000001 0.000000 0.000000 0.000000 0.000000 0.000000 0.000000 0.000000 0.000000 0.000000 0.000000 0.000000 
0.000000 0.000000 0.000000 0.000000 0.000000 0.000000 0.000000 0.000000 0.000000 0.000000 0.000000 0.000001 0.000001 0.000002 0.000003 0.000005 0.000009 0.000015 0.000025 0.000040 0.000064 0.000100 0.000155 0.000237 0.000357 0.000528 0.000771 0.001107 0.001567 0.002184 0.002998 0.004053 0.005396 0.007074 0.009134 0.011613 0.014540 0.017926 0.021762 0.026014 0.030620 0.035488 0.040498 0.045504 0.050341 0.054834 0.058808 0.062098 0.064559 0.066083 0.066599 0.066083 0.064559 0.062098 0.058808 0.054834 0.050341 0.045504 0.040498 0.035488 0.030620 0.026014 0.021762 0.017926 0.014540 0.011613 0.009134 0.007074 0.005396 0.004053 0.002998 0.002184 0.001567 0.001107 0.000771 0.000528 0.000357 0.000237 0.000155 0.000100 0.000064 0.000040 0.000025 0.000015 0.000009 0.000005 0.000003 0.000002 0.000001 0.000001 0.000000 0.000000 0.000000 0.000000 0.000000 0.000000 0.000000 0.000000 0.000000 0.000000 
0.000000 0.000000 0.000000 0.000000 0.000000 0.000000 0.000000 0.000000 0.000000 0.000000 0.000001 0.000001 0.000002 0.000003 0.000005 0.000009 0.000015 0.000025 0.000041 0.000066 0.000105 0.000165 0.000255 0.000389 0.000584 0.000865 0.001260 0.001810 0.002560 0.003566 0.004893 0.006612 0.008800 0.011533 0.014885 0.018919 0.023679 0.029185 0.035421 0.042331 0.049815 0.057722 0.065858 0.073986 0.081839 0.089133 0.095583 0.100921 0.104916 0.107389 0.108226 0.107389 0.104916 0.100921 0.095583 0.089133 0.081839 0.073986 0.065858 0.057722 0.049815 0.042331 0.035421 0.029185 0.023679 0.018919 0.014885 0.011533 0.008800 0.006612 0.004893 0.003566 0.002560 0.001810 0.001260 0.000865 0.000584 0.000389 0.000255 0.000165 0.000105 0.000066 0.000041 0.000025 0.000015 0.000009 0.000005 0.000003 0.000002 0.000001 0.000001 0.000000 0.000000 0.000000 0.000000 0.000000 0.000000 0.000000 0.000000 0.000000 
0.000000 0.000000 0.000000 0.000000 0.000000 0.000000 0.000000 0.000000 0.000000 0.000000 0.000001 0.000001 0.000003 0.000005 0.000008 0.000014 0.000024 0.000040 0.000066 0.000106 0.000169 0.000266 0.000412 0.000628 0.000942 0.001394 0.002031 0.002916 0.004122 0.005739 0.007871 0.010632 0.014143 0.018529 0.023906 0.030374 0.038005 0.046829 0.056819 0.067888 0.079871 0.092530 0.105552 0.118560 0.131126 0.142796 0.153114 0.161653 0.168043 0.171998 0.173337 0.171998 0.168043 0.161653 0.153114 0.142796 0.131126 0.118560 0.105552 0.092530 0.079871 0.067888 0.056819 0.046829 0.038005 0.030374 0.023906 0.018529 0.014143 0.010632 0.007871 0.005739 0.004122 0.002916 0.002031 0.001394 0.000942 0.000628 0.000412 0.000266 0.000169 0.000106 0.000066 0.000040 0.000024 0.000014 0.000008 0.000005 0.000003 0.000001 0.000001 0.000000 0.000000 0.000000 0.000000 0.000000 0.000000 0.000000 0.000000 0.000000 
0.000000 0.000000 0.000000 0.000000 0.000000 0.000000 0.000000 0.000000 0.000000 0.000001 0.000001 0.000002 0.000004 0.000008 0.000013 0.000023 0.000038 0.000064 0.000105 0.000169 0.000270 0.000424 0.000655 0.000998 0.001498 0.002215 0.003226 0.004628 0.006539 0.009101 0.012476 0.016845 0.022400 0.029335 0.037836 0.048058 0.060114 0.074049 0.089823 0.107295 0.126207 0.146181 0.166724 0.187240 0.207057 0.225459 0.241727 0.255190 0.265263 0.271498 0.273608 0.271498 0.265263 0.255190 0.241727 0.225459 0.207057 0.187240 0.166724 0.146181 0.126207 0.107295 0.089823 0.074049 0.060114 0.048058 0.037836 0.029335 0.022400 0.016845 0.012476 0.009101 0.006539 0.004628 0.003226 0.002215 0.001498 0.000998 0.000655 0.000424 0.000270 0.000169 0.000105 0.000064 0.000038 0.000023 0.000013 0.000008 0.000004 0.000002 0.000001 0.000001 0.000000 0.000000 0.000000 0.000000 0.000000 0.000000 0.000000 0.000000 
0.000000 0.000000 0.000000 0.000000 0.000000 0.000000 0.000000 0.000000 0.000001 0.000001 0.000002 0.000004 0.000007 0.000012 0.000021 0.000036 0.000060 0.000100 0.000165 0.000266 0.000424 0.000665 0.001027 0.001564 0.002346 0.003467 0.005047 0.007237 0.010222 0.014221 0.019487 0.026300 0.034960 0.045768 0.059011 0.074931 0.093700 0.115389 0.139935 0.167114 0.196528 0.227587 0.259526 0.291418 0.322218 0.350815 0.376095 0.397012 0.412663 0.422349 0.425628 0.422349 0.412663 0.397012 0.376095 0.350815 0.322218 0.291418 0.259526 0.227587 0.196528 0.167114 0.139935 0.115389 0.093700 0.074931 0.059011 0.045768 0.034960 0.026300 0.019487 0.014221 0.010222 0.007237 0.005047 0.003467 0.002346 0.001564 0.001027 0.000665 0.000424 0.000266 0.000165 0.000100 0.000060 0.000036 0.000021 0.000012 0.000007 0.000004 0.000002 0.000001 0.000001 0.000000 0.000000 0.000000 0.000000 0.000000 0.000000 0.000000 
0.000000 0.000000 0.000000 0.000000 0.000000 0.000000 0.000000 0.000000 0.000001 0.000002 0.000003 0.000006 0.000011 0.000019 0.000032 0.000055 0.000093 0.000155 0.000255 0.000412 0.000655 0.001027 0.001587 0.002415 0.003621 0.005348 0.007781 0.011152 0.015745 0.021896 0.029991 0.040462 0.053765 0.070363 0.090692 0.115124 0.143921 0.177188 0.214827 0.256495 0.301578 0.349175 0.398110 0.446966 0.494144 0.537941 0.576653 0.608683 0.632647 0.647478 0.652498 0.647478 0.632647 0.608683 0.576653 0.537941 0.494144 0.446966 0.398110 0.349175 0.301578 0.256495 0.214827 0.177188 0.143921 0.115124 0.090692 0.070363 0.053765 0.040462 0.029991 0.021896 0.015745 0.011152 0.007781 0.005348 0.003621 0.002415 0.001587 0.001027 0.000655 0.000412 0.000255 0.000155 0.000093 0.000055 0.000032 0.000019 0.000011 0.000006 0.000003 0.000002 0.000001 0.000000 0.000000 0.000000 0.000000 0.000000 0.000000 0.000000 
0.000000 0.000000 0.000000 0.000000 0.000000 0.000000 0.000000 0.000001 0.000001 0.000003 0.000005 0.000009 0.000016 0.000028 0.000049 0.000085 0.000143 0.000237 0.000389 0.000628 0.000998 0.001564 0.002415 0.003673 0.005505 0.008127 0.011819 0.016932 0.023895 0.033216 0.045480 0.061335 0.081473 0.106590 0.137342 0.174291 0.217827 0.268109 0.324985 0.387936 0.456031 0.527909 0.601796 0.675553 0.746766 0.812868 0.871291 0.919625 0.955786 0.978163 0.985739 0.978163 0.955786 0.919625 0.871291 0.812868 0.746766 0.675553 0.601796 0.527909 0.456031 0.387936 0.324985 0.268109 0.217827 0.174291 0.137342 0.106590 0.081473 0.061335 0.045480 0.033216 0.023895 0.016932 0.011819 0.008127 0.005505 0.003673 0.002415 0.001564 0.000998 0.000628 0.000389 0.000237 0.000143 0.000085 0.000049 0.000028 0.000016 0.000009 0.000005 0.000003 0.000001 0.000001 0.000000 0.000000 0.000000 0.000000 0.000000 0.000000 
0.000000 0.000000 0.000000 0.000000 0.000000 0.000000 0.000001 0.000001 0.000002 0.000004 0.000008 0.000014 0.000024 0.000043 0.000074 0.000127 0.000215 0.000357 0.000584 0.000942 0.001498 0.002346 0.003621 0.005505 0.008246 0.012167 0.017687 0.025329 0.035730 0.049647 0.067952 0.091610 0.121646 0.159097 0.204938 0.259997 0.324857 0.399746 0.484437 0.578152 0.679506 0.786471 0.896407 1.006134 1.112062 1.210378 1.297264 1.369141 1.422913 1.456186 1.467450 1.456186 1.422913 1.369141 1.297264 1.210378 1.112062 1.006134 0.896407 0.786471 0.679506 0.578152 0.484437 0.399746 0.324857 0.259997 0.204938 0.159097 0.121646 0.091610 0.067952 0.049647 0.035730 0.025329 0.017687 0.012167 0.008246 0.005505 0.003621 0.002346 0.001498 0.000942 0.000584 0.000357 0.000215 0.000127 0.000074 0.000043 0.000024 0.000014 0.000008 0.000004 0.000002 0.000001 0.000001 0.000000 0.000000 0.000000 0.000000 0.000000 
0.000000 0.000000 0.000000 0.000000 0.000000 0.000000 0.000001 0.000002 0.000003 0.000006 0.000011 0.000020 0.000036 0.000064 0.000110 0.000189 0.000318 0.000528 0.000865 0.001394 0.002215 0.003467 0.005348 0.008127 0.012167 0.017946 0.026077 0.037328 0.052635 0.073111 0.100031 0.134811 0.178954 0.233976 0.301305 0.382151 0.477362 0.587269 0.711532 0.849008 0.997659 1.154514 1.315700 1.476556 1.631824 1.775919 1.903251 2.008580 2.087373 2.136127 2.152631 2.136127 2.087373 2.008580 1.903251 1.775919 1.631824 1.476556 1.315700 1.154514 0.997659 0.849008 0.711532 0.587269 0.477362 0.382151 0.301305 0.233976 0.178954 0.134811 0.100031 0.073111 0.052635 0.037328 0.026077 0.017946 0.012167 0.008127 0.005348 0.003467 0.002215 0.001394 0.000865 0.000528 0.000318 0.000189 0.000110 0.000064 0.000036 0.000020 0.000011 0.000006 0.000003 0.000002 0.000001 0.000000 0.000000 0.000000 0.000000 0.000000 
0.000000 0.000000 0.000000 0.000000 0.000000 0.000001 0.000001 0.000003 0.000005 0.000009 0.000016 0.000030 0.000053 0.000093 0.000161 0.000276 0.000464 0.000771 0.001260 0.002031 0.003226 0.005047 0.007781 0.011819 0.017687 0.026077 0.037876 0.054196 0.076392 0.106071 0.145078 0.195456 0.259376 0.339024 0.436460 0.553425 0.691140 0.850073 1.029726 1.228442 1.443271 1.669918 1.902787 2.135147 2.359410 2.567514 2.751393 2.903486 3.017256 3.087652 3.111481 3.087652 3.017256 2.903486 2.751393 2.567514 2.359410 2.135147 1.902787 1.669918 1.443271 1.228442 1.029726 0.850073 0.691140 0.553425 0.436460 0.339024 0.259376 0.195456 0.145078 0.106071 0.076392 0.054196 0.037876 0.026077 0.017687 0.011819 0.007781 0.005047 0.003226 0.002031 0.001260 0.000771 0.000464 0.000276 0.000161 0.000093 0.000053 0.000030 0.000016 0.000009 0.000005 0.000003 0.000001 0.000001 0.000000 0.000000 0.000000 0.000000 
0.000000 0.000000 0.000000 0.000000 0.000000 0.000001 0.000002 0.000004 0.000007 0.000013 0.000024 0.000043 0.000076 0.000134 0.000232 0.000397 0.000668 0.001107 0.001810 0.002916 0.004628 0.007237 0.011152 0.016932 0.025329 0.037328 0.054196 0.077518 0.109226 0.151609 0.207293 0.279187 0.370379 0.483978 0.622906 0.789639 0.985901 1.212351 1.468270 1.751288 2.057201 2.379890 2.711389 3.042121 3.361291 3.657435 3.919084 4.135490 4.297360 4.397514 4.431416 4.397514 4.297360 4.135490 3.919084 3.657435 3.361291 3.042121 2.711389 2.379890 2.057201 1.751288 1.468270 1.212351 0.985901 0.789639 0.622906 0.483978 0.370379 0.279187 0.207293 0.151609 0.109226 0.077518 0.054196 0.037328 0.025329 0.016932 0.011152 0.007237 0.004628 0.002916 0.001810 0.001107 0.000668 0.000397 0.000232 0.000134 0.000076 0.000043 0.000024 0.000013 0.000007 0.000004 0.000002 0.000001 0.000000 0.000000 0.000000 0.000000 
0.000000 0.000000 0.000000 0.000000 0.000001 0.000001 0.000003 0.000005 0.000010 0.000018 0.000034 0.000061 0.000108 0.000190 0.000329 0.000562 0.000945 0.001567 0.002560 0.004122 0.006539 0.010222 0.015745 0.023895 0.035730 0.052635 0.076392 0.109226 0.153851 0.213478 0.291793 0.392876 0.521052 0.680679 0.875847 1.110017 1.385596 1.703494 2.062688 2.459844 2.889055 3.341731 3.806703 4.270541 4.718114 5.133359 5.500207 5.803604 6.030531 6.170933 6.218459 6.170933 6.030531 5.803604 5.500207 5.133359 4.718114 4.270541 3.806703 3.341731 2.889055 2.459844 2.062688 1.703494 1.385596 1.110017 0.875847 0.680679 0.521052 0.392876 0.291793 0.213478 0.153851 0.109226 0.076392 0.052635 0.035730 0.023895 0.015745 0.010222 0.006539 0.004122 0.002560 0.001567 0.000945 0.000562 0.000329 0.000190 0.000108 0.000061 0.000034 0.000018 0.000010 0.000005 0.000003 0.000001 0.000001 0.000000 0.000000 0.000000 
0.000000 0.000000 0.000000 0.000000 0.000001 0.000002 0.000004 0.000007 0.000014 0.000026 0.000047 0.000085 0.000151 0.000265 0.000459 0.000784 0.001318 0.002184 0.003566 0.005739 0.009101 0.014221 0.021896 0.033216 0.049647 0.073111 0.106071 0.151609 0.213478 0.296120 0.404631 0.544645 0.722139 0.943125 1.213246 1.537270 1.918508 2.358199 2.854911 3.404021 3.997352 4.623030 5.265615 5.906557 6.524960 7.098645 7.605427 8.024530 8.337987 8.531920 8.597564 8.531920 8.337987 8.024530 7.605427 7.098645 6.524960 5.906557 5.265615 4.623030 3.997352 3.404021 2.854911 2.358199 1.918508 1.537270 1.213246 0.943125 0.722139 0.544645 0.404631 0.296120 0.213478 0.151609 0.106071 0.073111 0.049647 0.033216 0.021896 0.014221 0.009101 0.005739 0.003566 0.002184 0.001318 0.000784 0.000459 0.000265 0.000151 0.000085 0.000047 0.000026 0.000014 0.000007 0.000004 0.000002 0.000001 0.000000 0.000000 0.000000 
0.000000 0.000000 0.000000 0.000001 0.000001 0.000003 0.000005 0.000010 0.000019 0.000035 0.000065 0.000117 0.000208 0.000365 0.000632 0.001077 0.001810 0.002998 0.004893 0.007871 0.012476 0.019487 0.029991 0.045480 0.067952 0.100031 0.145078 0.207293 0.291793 0.404631 0.552744 0.743805 0.985945 1.287341 1.655663 2.097384 2.616990 3.216145 3.892876 4.640869 5.448973 6.301011 7.175962 8.048576 8.890421 9.671322 10.361108 10.931520 11.358125 11.622055 11.711391 11.622055 11.358125 10.931520 10.361108 9.671322 8.890421 8.048576 7.175962 6.301011 5.448973 4.640869 3.892876 3.216145 2.616990 2.097384 1.655663 1.287341 0.985945 0.743805 0.552744 0.404631 0.291793 0.207293 0.145078 0.100031 0.067952 0.045480 0.029991 0.019487 0.012476 0.007871 0.004893 0.002998 0.001810 0.001077 0.000632 0.000365 0.000208 0.000117 0.000065 0.000035 0.000019 0.000010 0.000005 0.000003 0.000001 0.000001 0.000000 0.000000 
0.000000 0.000000 0.000000 0.000001 0.000002 0.000004 0.000007 0.000014 0.000026 0.000048 0.000088 0.000158 0.000282 0.000494 0.000855 0.001457 0.002448 0.004053 0.006612 0.010632 0.016845 0.026300 0.040462 0.061335 0.091610 0.134811 0.195456 0.279187 0.392876 0.544645 0.743805 1.000646 1.326068 1.731029 2.225799 2.819038 3.516738 4.321102 5.229451 6.233288 7.317637 8.460783 9.634528 10.805011 11.934114 12.981394 13.906414 14.671309 15.243344 15.597238 15.717023 15.597238 15.243344 14.671309 13.906414 12.981394 11.934114 10.805011 9.634528 8.460783 7.317637 6.233288 5.229451 4.321102 3.516738 2.819038 2.225799 1.731029 1.326068 1.000646 0.743805 0.544645 0.392876 0.279187 0.195456 0.134811 0.091610 0.061335 0.040462 0.026300 0.016845 0.010632 0.006612 0.004053 0.002448 0.001457 0.000855 0.000494 0.000282 0.000158 0.000088 0.000048 0.000026 0.000014 0.000007 0.000004 0.000002 0.000001 0.000000 0.000000 
0.000000 0.000000 0.000001 0.000001 0.000003 0.000005 0.000010 0.000018 0.000034 0.000064 0.000117 0.000211 0.000376 0.000659 0.001140 0.001942 0.003260 0.005396 0.008800 0.014143 0.022400 0.034960 0.053765 0.081473 0.121646 0.178954 0.259376 0.370379 0.521052 0.722139 0.985945 1.326068 1.756905 2.292924 2.947675 3.732573 4.655504 5.719339 6.920505 8.247736 9.681213 11.192225 12.743503 14.290311 15.782301 17.166063 18.388206 19.398739 20.154446 20.621960 20.780200 20.621960 20.154446 19.398739 18.388206 17.166063 15.782301 14.290311 12.743503 11.192225 9.681213 8.247736 6.920505 5.719339 4.655504 3.732573 2.947675 2.292924 1.756905 1.326068 0.985945 0.722139 0.521052 0.370379 0.259376 0.178954 0.121646 0.081473 0.053765 0.034960 0.022400 0.014143 0.008800 0.005396 0.003260 0.001942 0.001140 0.000659 0.000376 0.000211 0.000117 0.000064 0.000034 0.000018 0.000010 0.000005 0.000002 0.000001 0.000000 0.000000 
0.000000 0.000000 0.000001 0.000002 0.000003 0.000007 0.000013 0.000024 0.000045 0.000084 0.000154 0.000278 0.000494 0.000866 0.001496 0.002548 0.004276 0.007074 0.011533 0.018529 0.029335 0.045768 0.070363 0.106590 0.159097 0.233976 0.339024 0.483978 0.680679 0.943125 1.287341 1.731029 2.292924 2.991844 3.845405 4.868433 6.071152 7.457257 9.022045 10.750811 12.617717 14.585362 16.605221 18.619063 20.561371 22.362653 23.953455 25.268749 26.252331 26.860803 27.066751 26.860803 26.252331 25.268749 23.953455 22.362653 20.561371 18.619063 16.605221 14.585362 12.617717 10.750811 9.022045 7.457257 6.071152 4.868433 3.845405 2.991844 2.292924 1.731029 1.287341 0.943125 0.680679 0.483978 0.339024 0.233976 0.159097 0.106590 0.070363 0.045768 0.029335 0.018529 0.011533 0.007074 0.004276 0.002548 0.001496 0.000866 0.000494 0.000278 0.000154 0.000084 0.000045 0.000024 0.000013 0.000006 0.000003 0.000002 0.000001 0.000000 
0.000000 0.000000 0.000001 0.000002 0.000004 0.000008 0.000016 0.000031 0.000059 0.000109 0.000199 0.000360 0.000639 0.001120 0.001934 0.003292 0.005523 0.009134 0.014885 0.023906 0.037836 0.059011 0.090692 0.137342 0.204938 0.301305 0.436460 0.622906 0.875847 1.213246 1.655663 2.225799 2.947675 3.845405 4.941551 6.255087 7.799075 9.578200 11.586374 13.804684 16.199950 18.724176 21.315117 23.898104 26.389139 28.699148 30.739115 32.425707 33.686903 34.467096 34.731164 34.467096 33.686903 32.425707 30.739115 28.699148 26.389139 23.898104 21.315117 18.724176 16.199950 13.804684 11.586374 9.578200 7.799075 6.255087 4.941551 3.845405 2.947675 2.225799 1.655663 1.213246 0.875847 0.622906 0.436460 0.301305 0.204938 0.137342 0.090692 0.059011 0.037836 0.023906 0.014885 0.009134 0.005523 0.003292 0.001934 0.001120 0.000639 0.000360 0.000199 0.000109 0.000059 0.000031 0.000016 0.000008 0.000004 0.000002 0.000001 0.000000 
0.000000 0.000001 0.000001 0.000003 0.000005 0.000011 0.000021 0.000040 0.000075 0.000139 0.000254 0.000458 0.000814 0.001426 0.002462 0.004189 0.007025 0.011613 0.018919 0.030374 0.048058 0.074931 0.115124 0.174291 0.259997 0.382151 0.553425 0.789639 1.110017 1.537270 2.097384 2.819038 3.732573 4.868433 6.255087 7.916459 9.868995 12.118547 14.657358 17.461468 20.488904 23.678993 26.953077 30.216828 33.364156 36.282574 38.859687 40.990286 42.583449 43.568981 43.902544 43.568981 42.583449 40.990286 38.859687 36.282574 33.364156 30.216828 26.953077 23.678993 20.488904 17.461468 14.657358 12.118547 9.868995 7.916459 6.255087 4.868433 3.732573 2.819038 2.097384 1.537270 1.110017 0.789639 0.553425 0.382151 0.259997 0.174291 0.115124 0.074931 0.048058 0.030374 0.018919 0.011613 0.007025 0.004189 0.002462 0.001426 0.000814 0.000458 0.000254 0.000139 0.000075 0.000040 0.000021 0.000011 0.000005 0.000003 0.000001 0.000000 
0.000000 0.000001 0.000002 0.000003 0.000007 0.000014 0.000026 0.000050 0.000094 0.000175 0.000319 0.000575 0.001021 0.001788 0.003085 0.005248 0.008799 0.014540 0.023679 0.038005 0.060114 0.093700 0.143921 0.217827 0.324857 0.477362 0.691140 0.985901 1.385596 1.918508 2.616990 3.516738 4.655504 6.071152 7.799075 9.868995 12.301312 15.103233 18.265024 21.756793 25.526237 29.497797 33.573559 37.636130 41.553504 45.185743 48.393033 51.044517 53.027114 54.253524 54.668611 54.253524 53.027114 51.044517 48.393033 45.185743 41.553504 37.636130 33.573559 29.497797 25.526237 21.756793 18.265024 15.103233 12.301312 9.868995 7.799075 6.071152 4.655504 3.516738 2.616990 1.918508 1.385596 0.985901 0.691140 0.477362 0.324857 0.217827 0.143921 0.093700 0.060114 0.038005 0.023679 0.014540 0.008799 0.005248 0.003085 0.001788 0.001021 0.000575 0.000319 0.000175 0.000094 0.000050 0.000026 0.000014 0.000007 0.000003 0.000001 0.000000 
0.000000 0.000001 0.000002 0.000004 0.000009 0.000017 0.000033 0.000062 0.000116 0.000216 0.000394 0.000710 0.001261 0.002207 0.003807 0.006474 0.010851 0.017926 0.029185 0.046829 0.074049 0.115389 0.177188 0.268109 0.399746 0.587269 0.850073 1.212351 1.703494 2.358199 3.216145 4.321102 5.719339 7.457257 9.578200 12.118547 15.103233 18.541006 22.419845 26.703011 31.326310 36.197049 41.195160 46.176718 50.979919 55.433256 59.365396 62.615994 65.046499 66.549951 67.058801 66.549951 65.046499 62.615994 59.365396 55.433256 50.979919 46.176718 41.195160 36.197049 31.326310 26.703011 22.419845 18.541006 15.103233 12.118547 9.578200 7.457257 5.719339 4.321102 3.216145 2.358199 1.703494 1.212351 0.850073 0.587269 0.399746 0.268109 0.177188 0.115389 0.074049 0.046829 0.029185 0.017926 0.010851 0.006474 0.003807 0.002207 0.001261 0.000710 0.000394 0.000216 0.000116 0.000062 0.000032 0.000017 0.000008 0.000004 0.000002 0.000000 
0.000000 0.000001 0.000002 0.000005 0.000010 0.000020 0.000040 0.000075 0.000142 0.000263 0.000480 0.000864 0.001533 0.002682 0.004626 0.007864 0.013177 0.021762 0.035421 0.056819 0.089823 0.139935 0.214827 0.324985 0.484437 0.711532 1.029726 1.468270 2.062688 2.854911 3.892876 5.229451 6.920505 9.022045 11.586374 14.657358 18.265024 22.419845 27.107197 32.282616 37.868486 43.752802 49.790521 55.807826 61.609336 66.987983 71.736933 75.662629 78.597834 80.413450 81.027948 80.413450 78.597834 75.662629 71.736933 66.987983 61.609336 55.807826 49.790521 43.752802 37.868486 32.282616 27.107197 22.419845 18.265024 14.657358 11.586374 9.022045 6.920505 5.229451 3.892876 2.854911 2.062688 1.468270 1.029726 0.711532 0.484437 0.324985 0.214827 0.139935 0.089823 0.056819 0.035421 0.021762 0.013177 0.007864 0.004626 0.002682 0.001533 0.000864 0.000480 0.000263 0.000142 0.000075 0.000040 0.000020 0.000010 0.000005 0.000002 0.000000 
0.000000 0.000001 0.000003 0.000006 0.000013 0.000025 0.000047 0.000090 0.000170 0.000315 0.000575 0.001034 0.001835 0.003210 0.005535 0.009406 0.015756 0.026014 0.042331 0.067888 0.107295 0.167114 0.256495 0.387936 0.578152 0.849008 1.228442 1.751288 2.459844 3.404021 4.640869 6.233288 8.247736 10.750811 13.804684 17.461468 21.756793 26.703011 32.282616 38.442600 45.090534 52.093096 59.277695 66.437542 73.340232 79.739488 85.389333 90.059600 93.551430 95.711320 96.442331 95.711320 93.551430 90.059600 85.389333 79.739488 73.340232 66.437542 59.277695 52.093096 45.090534 38.442600 32.282616 26.703011 21.756793 17.461468 13.804684 10.750811 8.247736 6.233288 4.640869 3.404021 2.459844 1.751288 1.228442 0.849008 0.578152 0.387936 0.256495 0.167114 0.107295 0.067888 0.042331 0.026014 0.015756 0.009406 0.005535 0.003210 0.001835 0.001034 0.000575 0.000315 0.000170 0.000090 0.000047 0.000025 0.000012 0.000006 0.000002 0.000000 
0.000000 0.000001 0.000004 0.000007 0.000015 0.000029 0.000056 0.000107 0.000201 0.000371 0.000678 0.001219 0.002163 0.003782 0.006519 0.011077 0.018551 0.030620 0.049815 0.079871 0.126207 0.196528 0.301578 0.456031 0.679506 0.997659 1.443271 2.057201 2.889055 3.997352 5.448973 7.317637 9.681213 12.617717 16.199950 20.488904 25.526237 31.326310 37.868486 45.090534 52.884032 61.092666 69.514135 77.906099 85.996236 93.496005 100.117240 105.590315 109.682293 112.213370 113.070004 112.213370 109.682293 105.590315 100.117240 93.496005 85.996236 77.906099 69.514135 61.092666 52.884032 45.090534 37.868486 31.326310 25.526237 20.488904 16.199950 12.617717 9.681213 7.317637 5.448973 3.997352 2.889055 2.057201 1.443271 0.997659 0.679506 0.456031 0.301578 0.196528 0.126207 0.079871 0.049815 0.030620 0.018551 0.011077 0.006519 0.003782 0.002163 0.001219 0.000678 0.000371 0.000201 0.000107 0.000056 0.000029 0.000015 0.000007 0.000003 0.000000 
0.000000 0.000002 0.000004 0.000009 0.000017 0.000034 0.000065 0.000124 0.000233 0.000431 0.000787 0.001415 0.002510 0.004387 0.007561 0.012844 0.021504 0.035488 0.057722 0.092530 0.146181 0.227587 0.349175 0.527909 0.786471 1.154514 1.669918 2.379890 3.341731 4.623030 6.301011 8.460783 11.192225 14.585362 18.724176 23.678993 29.497797 36.197049 43.752802 52.093096 61.092666 70.570989 80.294486 89.983401 99.323409 107.981497 115.625110 121.943109 126.666704 129.588427 130.577267 129.588427 126.666704 121.943109 115.625110 107.981497 99.323409 89.983401 80.294486 70.570989 61.092666 52.093096 43.752802 36.197049 29.497797 23.678993 18.724176 14.585362 11.192225 8.460783 6.301011 4.623030 3.341731 2.379890 1.669918 1.154514 0.786471 0.527909 0.349175 0.227587 0.146181 0.092530 0.057722 0.035488 0.021504 0.012844 0.007561 0.004387 0.002510 0.001415 0.000787 0.000431 0.000233 0.000124 0.000065 0.000034 0.000017 0.000008 0.000003 0.000000 
0.000000 0.000002 0.000005 0.000010 0.000020 0.000039 0.000075 0.000142 0.000266 0.000493 0.000899 0.001617 0.002867 0.005011 0.008633 0.014662 0.024545 0.040498 0.065858 0.105552 0.166724 0.259526 0.398110 0.601796 0.896407 1.315700 1.902787 2.711389 3.806703 5.265615 7.175962 9.634528 12.743503 16.605221 21.315117 26.953077 33.573559 41.195160 49.790521 59.277695 69.514135 80.294486 91.353098 102.371858 112.993380 122.839066 131.530867 138.715098 144.086228 147.408437 148.532812 147.408437 144.086228 138.715098 131.530867 122.839066 112.993380 102.371858 91.353098 80.294486 69.514135 59.277695 49.790521 41.195160 33.573559 26.953077 21.315117 16.605221 12.743503 9.634528 7.175962 5.265615 3.806703 2.711389 1.902787 1.315700 0.896407 0.601796 0.398110 0.259526 0.166724 0.105552 0.065858 0.040498 0.024545 0.014662 0.008633 0.005011 0.002867 0.001617 0.000899 0.000493 0.000266 0.000142 0.000075 0.000039 0.000019 0.000009 0.000004 0.000000 
