0.000000 0.000000 0.000000 0.000000 0.000000 0.000000 0.000000 0.000000 0.000000 0.000000 0.000000 0.000000 0.000000 0.000000 0.000000 0.000000 0.000000 0.000000 0.000000 0.000000 0.000000 0.000000 0.000000 0.000000 0.000000 0.000000 0.000000 0.000000 0.000000 0.000000 0.000000 0.000000 0.000000 0.000000 0.000000 0.000000 0.000000 0.000000 0.000000 0.000000 0.000000 0.000000 0.000000 0.000000 0.000000 0.000000 0.000000 0.000000 0.000000 0.000000 0.000000 0.000000 0.000000 0.000000 0.000000 0.000000 0.000000 0.000000 0.000000 0.000000 0.000000 0.000000 0.000000 0.000000 0.000000 0.000000 0.000000 0.000000 0.000000 0.000000 0.000000 0.000000 0.000000 0.000000 0.000000 0.000000 0.000000 0.000000 0.000000 0.000000 0.000000 0.000000 0.000000 0.000000 0.000000 0.000000 0.000000 0.000000 0.000000 0.000000 0.000000 0.000000 0.000000 0.000000 0.000000 0.000000 0.000000 0.000000 0.000000 0.000000 
0.000000 0.000000 0.000000 0.000000 0.000000 0.000000 0.000000 0.000000 0.000000 0.000000 0.000000 0.000000 0.000000 0.000000 0.000000 0.000000 0.000000 0.000000 0.000000 0.000001 0.000001 0.000001 0.000002 0.000002 0.000003 0.000004 0.000005 0.000007 0.000009 0.000012 0.000015 0.000019 0.000024 0.000029 0.000035 0.000042 0.000050 0.000059 0.000068 0.000078 0.000088 0.000099 0.000109 0.000119 0.000129 0.000137 0.000145 0.000151 0.000155 0.000158 0.000159 0.000158 0.000155 0.000151 0.000145 0.000137 0.000129 0.000119 0.000109 0.000099 0.000088 0.000078 0.000068 0.000059 0.000050 0.000042 0.000035 0.000029 0.000024 0.000019 0.000015 0.000012 0.000009 0.000007 0.000005 0.000004 0.000003 0.000002 0.000002 0.000001 0.000001 0.000001 0.000000 0.000000 0.000000 0.000000 0.000000 0.000000 0.000000 0.000000 0.000000 0.000000 0.000000 0.000000 0.000000 0.000000 0.000000 0.000000 0.000000 0.000000 
0.000000 0.000000 0.000000 0.000000 0.000000 0.000000 0.000000 0.000000 0.000000 0.000000 0.000000 0.000000 0.000000 0.000000 0.000000 0.000000 0.000000 0.000001 0.000001 0.000001 0.000002 0.000003 0.000004 0.000005 0.000007 0.000009 0.000012 0.000016 0.000021 0.000027 0.000035 0.000044 0.000054 0.000067 0.000081 0.000097 0.000115 0.000135 0.000156 0.000178 0.000202 0.000225 0.000249 0.000272 0.000294 0.000313 0.000330 0.000344 0.000354 0.000360 0.000363 0.000360 0.000354 0.000344 0.000330 0.000313 0.000294 0.000272 0.000249 0.000225 0.000202 0.000178 0.000156 0.000135 0.000115 0.000097 0.000081 0.000067 0.000054 0.000044 0.000035 0.000027 0.000021 0.000016 0.000012 0.000009 0.000007 0.000005 0.000004 0.000003 0.000002 0.000001 0.000001 0.000001 0.000000 0.000000 0.000000 0.000000 0.000000 0.000000 0.000000 0.000000 0.000000 0.000000 0.000000 0.000000 0.000000 0.000000 0.000000 0.000000 
0.000000 0.000000 0.000000 0.000000 0.000000 0.000000 0.000000 0.000000 0.000000 0.000000 0.000000 0.000000 0.000000 0.000000 0.000000 0.000001 0.000001 0.000001 0.000002 0.000002 0.000003 0.000005 0.000007 0.000009 0.000013 0.000017 0.000023 0.000030 0.000039 0.000051 0.000064 0.000081 0.000100 0.000123 0.000149 0.000179 0.000212 0.000248 0.000287 0.000328 0.000371 0.000415 0.000458 0.000500 0.000540 0.000576 0.000607 0.000633 0.000651 0.000663 0.000667 0.000663 0.000651 0.000633 0.000607 0.000576 0.000540 0.000500 0.000458 0.000415 0.000371 0.000328 0.000287 0.000248 0.000212 0.000179 0.000149 0.000123 0.000100 0.000081 0.000064 0.000051 0.000039 0.000030 0.000023 0.000017 0.000013 0.000009 0.000007 0.000005 0.000003 0.000002 0.000002 0.000001 0.000001 0.000001 0.000000 0.000000 0.000000 0.000000 0.000000 0.000000 0.000000 0.000000 0.000000 0.000000 0.000000 0.000000 0.000000 0.000000 
0.000000 0.000000 0.000000 0.000000 0.000000 0.000000 0.000000 0.000000 0.000000 0.000000 0.000000 0.000000 0.000000 0.000000 0.000001 0.000001 0.000001 0.000002 0.000003 0.000004 0.000006 0.000009 0.000012 0.000016 0.000022 0.000030 0.000040 0.000052 0.000068 0.000087 0.000111 0.000139 0.000173 0.000212 0.000257 0.000308 0.000365 0.000428 0.000495 0.000566 0.000640 0.000716 0.000791 0.000863 0.000931 0.000993 0.001047 0.001091 0.001123 0.001143 0.001150 0.001143 0.001123 0.001091 0.001047 0.000993 0.000931 0.000863 0.000791 0.000716 0.000640 0.000566 0.000495 0.000428 0.000365 0.000308 0.000257 0.000212 0.000173 0.000139 0.000111 0.000087 0.000068 0.000052 0.000040 0.000030 0.000022 0.000016 0.000012 0.000009 0.000006 0.000004 0.000003 0.000002 0.000001 0.000001 0.000001 0.000000 0.000000 0.000000 0.000000 0.000000 0.000000 0.000000 0.000000 0.000000 0.000000 0.000000 0.000000 0.000000 
0.000000 0.000000 0.000000 0.000000 0.000000 0.000000 0.000000 0.000000 0.000000 0.000000 0.000000 0.000000 0.000000 0.000001 0.000001 0.000002 0.000002 0.000003 0.000005 0.000007 0.000010 0.000014 0.000020 0.000028 0.000037 0.000050 0.000067 0.000088 0.000114 0.000147 0.000187 0.000234 0.000291 0.000357 0.000432 0.000518 0.000614 0.000719 0.000832 0.000951 0.001076 0.001202 0.001327 0.001449 0.001564 0.001667 0.001758 0.001831 0.001885 0.001919 0.001930 0.001919 0.001885 0.001831 0.001758 0.001667 0.001564 0.001449 0.001327 0.001202 0.001076 0.000951 0.000832 0.000719 0.000614 0.000518 0.000432 0.000357 0.000291 0.000234 0.000187 0.000147 0.000114 0.000088 0.000067 0.000050 0.000037 0.000028 0.000020 0.000014 0.000010 0.000007 0.000005 0.000003 0.000002 0.000002 0.000001 0.000001 0.000000 0.000000 0.000000 0.000000 0.000000 0.000000 0.000000 0.000000 0.000000 0.000000 0.000000 0.000000 
0.000000 0.000000 0.000000 0.000000 0.000000 0.000000 0.000000 0.000000 0.000000 0.000000 0.000000 0.000000 0.000001 0.000001 0.000002 0.000003 0.000004 0.000006 0.000008 0.000012 0.000017 0.000024 0.000033 0.000046 0.000062 0.000083 0.000111 0.000146 0.000190 0.000243 0.000309 0.000388 0.000481 0.000590 0.000715 0.000857 0.001015 0.001188 0.001375 0.001572 0.001777 0.001986 0.002193 0.002394 0.002583 0.002754 0.002903 0.003024 0.003114 0.003169 0.003188 0.003169 0.003114 0.003024 0.002903 0.002754 0.002583 0.002394 0.002193 0.001986 0.001777 0.001572 0.001375 0.001188 0.001015 0.000857 0.000715 0.000590 0.000481 0.000388 0.000309 0.000243 0.000190 0.000146 0.000111 0.000083 0.000062 0.000046 0.000033 0.000024 0.000017 0.000012 0.000008 0.000006 0.000004 0.000003 0.000002 0.000001 0.000001 0.000000 0.000000 0.000000 0.000000 0.000000 0.000000 0.000000 0.000000 0.000000 0.000000 0.000000 
0.000000 0.000000 0.000000 0.000000 0.000000 0.000000 0.000000 0.000000 0.000000 0.000000 0.000000 0.000001 0.000001 0.000002 0.000003 0.000004 0.000006 0.000009 0.000014 0.000019 0.000028 0.000039 0.000054 0.000075 0.000102 0.000137 0.000182 0.000239 0.000310 0.000398 0.000505 0.000634 0.000786 0.000964 0.001168 0.001400 0.001657 0.001940 0.002244 0.002566 0.002901 0.003240 0.003578 0.003906 0.004213 0.004493 0.004735 0.004932 0.005078 0.005168 0.005198 0.005168 0.005078 0.004932 0.004735 0.004493 0.004213 0.003906 0.003578 0.003240 0.002901 0.002566 0.002244 0.001940 0.001657 0.001400 0.001168 0.000964 0.000786 0.000634 0.000505 0.000398 0.000310 0.000239 0.000182 0.000137 0.000102 0.000075 0.000054 0.000039 0.000028 0.000019 0.000014 0.000009 0.000006 0.000004 0.000003 0.000002 0.000001 0.000001 0.000000 0.000000 0.000000 0.000000 0.000000 0.000000 0.000000 0.000000 0.000000 0.000000 
0.000000 0.000000 0.000000 0.000000 0.000000 0.000000 0.000000 0.000000 0.000000 0.000000 0.000001 0.000001 0.000002 0.000003 0.000005 0.000007 0.000010 0.000015 0.000022 0.000032 0.000045 0.000063 0.000088 0.000121 0.000165 0.000221 0.000294 0.000386 0.000501 0.000644 0.000817 0.001025 0.001271 0.001557 0.001887 0.002260 0.002675 0.003131 0.003621 0.004141 0.004679 0.005227 0.005771 0.006299 0.006795 0.007245 0.007635 0.007953 0.008188 0.008333 0.008381 0.008333 0.008188 0.007953 0.007635 0.007245 0.006795 0.006299 0.005771 0.005227 0.004679 0.004141 0.003621 0.003131 0.002675 0.002260 0.001887 0.001557 0.001271 0.001025 0.000817 0.000644 0.000501 0.000386 0.000294 0.000221 0.000165 0.000121 0.000088 0.000063 0.000045 0.000032 0.000022 0.000015 0.000010 0.000007 0.000005 0.000003 0.000002 0.000001 0.000001 0.000000 0.000000 0.000000 0.000000 0.000000 0.000000 0.000000 0.000000 0.000000 
0.000000 0.000000 0.000000 0.000000 0.000000 0.000000 0.000000 0.000000 0.000000 0.000001 0.000001 0.000002 0.000003 0.000005 0.000007 0.000011 0.000016 0.000024 0.000035 0.000051 0.000072 0.000101 0.000141 0.000194 0.000264 0.000354 0.000470 0.000618 0.000802 0.001029 0.001306 0.001637 0.002030 0.002487 0.003013 0.003608 0.004271 0.004997 0.005779 0.006607 0.007466 0.008339 0.009206 0.010046 0.010836 0.011553 0.012175 0.012681 0.013056 0.013286 0.013364 0.013286 0.013056 0.012681 0.012175 0.011553 0.010836 0.010046 0.009206 0.008339 0.007466 0.006607 0.005779 0.004997 0.004271 0.003608 0.003013 0.002487 0.002030 0.001637 0.001306 0.001029 0.000802 0.000618 0.000470 0.000354 0.000264 0.000194 0.000141 0.000101 0.000072 0.000051 0.000035 0.000024 0.000016 0.000011 0.000007 0.000005 0.000003 0.000002 0.000001 0.000001 0.000000 0.000000 0.000000 0.000000 0.000000 0.000000 0.000000 0.000000 
0.000000 0.000000 0.000000 0.000000 0.000000 0.000000 0.000000 0.000000 0.000001 0.000001 0.000002 0.000003 0.000005 0.000008 0.000012 0.000018 0.000026 0.000038 0.000056 0.000080 0.000114 0.000161 0.000223 0.000307 0.000417 0.000561 0.000744 0.000977 0.001268 0.001627 0.002064 0.002588 0.003207 0.003929 0.004759 0.005698 0.006743 0.007888 0.009122 0.010427 0.011780 0.013157 0.014524 0.015848 0.017093 0.018222 0.019202 0.020000 0.020590 0.020953 0.021075 0.020953 0.020590 0.020000 0.019202 0.018222 0.017093 0.015848 0.014524 0.013157 0.011780 0.010427 0.009122 0.007888 0.006743 0.005698 0.004759 0.003929 0.003207 0.002588 0.002064 0.001627 0.001268 0.000977 0.000744 0.000561 0.000417 0.000307 0.000223 0.000161 0.000114 0.000080 0.000056 0.000038 0.000026 0.000018 0.000012 0.000008 0.000005 0.000003 0.000002 0.000001 0.000001 0.000000 0.000000 0.000000 0.000000 0.000000 0.000000 0.000000 
0.000000 0.000000 0.000000 0.000000 0.000000 0.000000 0.000000 0.000001 0.000001 0.000002 0.000003 0.000005 0.000008 0.000012 0.000018 0.000028 0.000041 0.000060 0.000088 0.000126 0.000179 0.000252 0.000350 0.000481 0.000653 0.000877 0.001165 0.001529 0.001984 0.002544 0.003227 0.004045 0.005012 0.006139 0.007434 0.008899 0.010530 0.012316 0.014240 0.016275 0.018386 0.020531 0.022662 0.024726 0.026667 0.028427 0.029954 0.031198 0.032118 0.032683 0.032873 0.032683 0.032118 0.031198 0.029954 0.028427 0.026667 0.024726 0.022662 0.020531 0.018386 0.016275 0.014240 0.012316 0.010530 0.008899 0.007434 0.006139 0.005012 0.004045 0.003227 0.002544 0.001984 0.001529 0.001165 0.000877 0.000653 0.000481 0.000350 0.000252 0.000179 0.000126 0.000088 0.000060 0.000041 0.000028 0.000018 0.000012 0.000008 0.000005 0.000003 0.000002 0.000001 0.000001 0.000000 0.000000 0.000000 0.000000 0.000000 0.000000 
0.000000 0.000000 0.000000 0.000000 0.000000 0.000000 0.000001 0.000001 0.000002 0.000003 0.000005 0.000008 0.000012 0.000019 0.000028 0.000043 0.000064 0.000094 0.000136 0.000196 0.000278 0.000391 0.000543 0.000745 0.001012 0.001358 0.001803 0.002366 0.003069 0.003935 0.004989 0.006252 0.007746 0.009487 0.011486 0.013746 0.016263 0.019019 0.021987 0.025125 0.028381 0.031689 0.034975 0.038157 0.041148 0.043862 0.046215 0.048133 0.049551 0.050422 0.050715 0.050422 0.049551 0.048133 0.046215 0.043862 0.041148 0.038157 0.034975 0.031689 0.028381 0.025125 0.021987 0.019019 0.016263 0.013746 0.011486 0.009487 0.007746 0.006252 0.004989 0.003935 0.003069 0.002366 0.001803 0.001358 0.001012 0.000745 0.000543 0.000391 0.000278 0.000196 0.000136 0.000094 0.000064 0.000043 0.000028 0.000019 0.000012 0.000008 0.000005 0.000003 0.000002 0.000001 0.000001 0.000000 0.000000 0.000000 0.000000 0.000000 
0.000000 0.000000 0.000000 0.000000 0.000000 0.000001 0.000001 0.000002 0.000003 0.000005 0.000008 0.000012 0.000019 0.000029 0.000044 0.000066 0.000098 0.000144 0.000209 0.000300 0.000426 0.000599 0.000831 0.001142 0.001550 0.002080 0.002760 0.003620 0.004695 0.006019 0.007629 0.009559 0.011841 0.014499 0.017550 0.021001 0.024842 0.029048 0.033575 0.038363 0.043329 0.048374 0.053386 0.058238 0.062799 0.066937 0.070524 0.073448 0.075609 0.076937 0.077385 0.076937 0.075609 0.073448 0.070524 0.066937 0.062799 0.058238 0.053386 0.048374 0.043329 0.038363 0.033575 0.029048 0.024842 0.021001 0.017550 0.014499 0.011841 0.009559 0.007629 0.006019 0.004695 0.003620 0.002760 0.002080 0.001550 0.001142 0.000831 0.000599 0.000426 0.000300 0.000209 0.000144 0.000098 0.000066 0.000044 0.000029 0.000019 0.000012 0.000008 0.000005 0.000003 0.000002 0.000001 0.000001 0.000000 0.000000 0.000000 0.000000 
0.000000 0.000000 0.000000 0.000000 0.000001 0.000001 0.000002 0.000003 0.000005 0.000007 0.000012 0.000018 0.000028 0.000044 0.000067 0.000100 0.000148 0.000218 0.000317 0.000455 0.000646 0.000908 0.001260 0.001729 0.002347 0.003149 0.004178 0.005479 0.007103 0.009105 0.011538 0.014454 0.017900 0.021914 0.026522 0.031731 0.037529 0.043876 0.050709 0.057932 0.065424 0.073035 0.080594 0.087912 0.094791 0.101030 0.106440 0.110848 0.114107 0.116109 0.116784 0.116109 0.114107 0.110848 0.106440 0.101030 0.094791 0.087912 0.080594 0.073035 0.065424 0.057932 0.050709 0.043876 0.037529 0.031731 0.026522 0.021914 0.017900 0.014454 0.011538 0.009105 0.007103 0.005479 0.004178 0.003149 0.002347 0.001729 0.001260 0.000908 0.000646 0.000455 0.000317 0.000218 0.000148 0.000100 0.000067 0.000044 0.000028 0.000018 0.000012 0.000007 0.000005 0.000003 0.000002 0.000001 0.000001 0.000000 0.000000 0.000000 
0.000000 0.000000 0.000000 0.000001 0.000001 0.000002 0.000003 0.000004 0.000007 0.000011 0.000018 0.000028 0.000043 0.000066 0.000100 0.000150 0.000223 0.000327 0.000475 0.000683 0.000969 0.001360 0.001888 0.002591 0.003515 0.004716 0.006254 0.008200 0.010629 0.013621 0.017257 0.021614 0.026762 0.032758 0.039639 0.047417 0.056071 0.065546 0.075743 0.086522 0.097700 0.109056 0.120332 0.131248 0.141507 0.150814 0.158882 0.165455 0.170316 0.173301 0.174308 0.173301 0.170316 0.165455 0.158882 0.150814 0.141507 0.131248 0.120332 0.109056 0.097700 0.086522 0.075743 0.065546 0.056071 0.047417 0.039639 0.032758 0.026762 0.021614 0.017257 0.013621 0.010629 0.008200 0.006254 0.004716 0.003515 0.002591 0.001888 0.001360 0.000969 0.000683 0.000475 0.000327 0.000223 0.000150 0.000100 0.000066 0.000043 0.000028 0.000018 0.000011 0.000007 0.000004 0.000003 0.000002 0.000001 0.000000 0.000000 0.000000 
0.000000 0.000000 0.000000 0.000001 0.000001 0.000002 0.000004 0.000006 0.000010 0.000016 0.000026 0.000041 0.000064 0.000098 0.000148 0.000223 0.000331 0.000486 0.000705 0.001013 0.001437 0.002017 0.002798 0.003839 0.005207 0.006983 0.009258 0.012136 0.015728 0.020151 0.025525 0.031963 0.039569 0.048426 0.058588 0.070074 0.082851 0.096838 0.111889 0.127797 0.144293 0.161048 0.177685 0.193789 0.208924 0.222651 0.234552 0.244247 0.251417 0.255820 0.257304 0.255820 0.251417 0.244247 0.234552 0.222651 0.208924 0.193789 0.177685 0.161048 0.144293 0.127797 0.111889 0.096838 0.082851 0.070074 0.058588 0.048426 0.039569 0.031963 0.025525 0.020151 0.015728 0.012136 0.009258 0.006983 0.005207 0.003839 0.002798 0.002017 0.001437 0.001013 0.000705 0.000486 0.000331 0.000223 0.000148 0.000098 0.000064 0.000041 0.000026 0.000016 0.000010 0.000006 0.000004 0.000002 0.000001 0.000001 0.000000 0.000000 
0.000000 0.000000 0.000001 0.000001 0.000002 0.000003 0.000006 0.000009 0.000015 0.000024 0.000038 0.000060 0.000094 0.000144 0.000218 0.000327 0.000486 0.000713 0.001035 0.001485 0.002107 0.002956 0.004101 0.005624 0.007627 0.010226 0.013555 0.017764 0.023016 0.029482 0.037337 0.046745 0.057858 0.070797 0.085640 0.102412 0.121070 0.141489 0.163460 0.186680 0.210754 0.235206 0.259482 0.282978 0.305059 0.325086 0.342446 0.356589 0.367047 0.373469 0.375635 0.373469 0.367047 0.356589 0.342446 0.325086 0.305059 0.282978 0.259482 0.235206 0.210754 0.186680 0.163460 0.141489 0.121070 0.102412 0.085640 0.070797 0.057858 0.046745 0.037337 0.029482 0.023016 0.017764 0.013555 0.010226 0.007627 0.005624 0.004101 0.002956 0.002107 0.001485 0.001035 0.000713 0.000486 0.000327 0.000218 0.000144 0.000094 0.000060 0.000038 0.000024 0.000015 0.000009 0.000006 0.000003 0.000002 0.000001 0.000000 0.000000 
0.000000 0.000000 0.000001 0.000002 0.000003 0.000005 0.000008 0.000014 0.000022 0.000035 0.000056 0.000088 0.000136 0.000209 0.000317 0.000475 0.000705 0.001035 0.001502 0.002154 0.003055 0.004285 0.005943 0.008149 0.011047 0.014807 0.019623 0.025711 0.033306 0.042656 0.054009 0.067606 0.083663 0.102355 0.123796 0.148019 0.174961 0.204444 0.236162 0.269680 0.304428 0.339716 0.374749 0.408653 0.440513 0.469407 0.494454 0.514857 0.529945 0.539209 0.542333 0.539209 0.529945 0.514857 0.494454 0.469407 0.440513 0.408653 0.374749 0.339716 0.304428 0.269680 0.236162 0.204444 0.174961 0.148019 0.123796 0.102355 0.083663 0.067606 0.054009 0.042656 0.033306 0.025711 0.019623 0.014807 0.011047 0.008149 0.005943 0.004285 0.003055 0.002154 0.001502 0.001035 0.000705 0.000475 0.000317 0.000209 0.000136 0.000088 0.000056 0.000035 0.000022 0.000014 0.000008 0.000005 0.000003 0.000002 0.000001 0.000000 
0.000000 0.000001 0.000001 0.000002 0.000004 0.000007 0.000012 0.000019 0.000032 0.000051 0.000080 0.000126 0.000196 0.000300 0.000455 0.000683 0.001013 0.001485 0.002154 0.003089 0.004381 0.006142 0.008516 0.011674 0.015822 0.021203 0.028093 0.036801 0.047662 0.061029 0.077257 0.096690 0.119635 0.146341 0.176968 0.211565 0.250040 0.292138 0.337422 0.385270 0.434870 0.485236 0.535233 0.583617 0.629080 0.670308 0.706045 0.735155 0.756681 0.769899 0.774356 0.769899 0.756681 0.735155 0.706045 0.670308 0.629080 0.583617 0.535233 0.485236 0.434870 0.385270 0.337422 0.292138 0.250040 0.211565 0.176968 0.146341 0.119635 0.096690 0.077257 0.061029 0.047662 0.036801 0.028093 0.021203 0.015822 0.011674 0.008516 0.006142 0.004381 0.003089 0.002154 0.001485 0.001013 0.000683 0.000455 0.000300 0.000196 0.000126 0.000080 0.000051 0.000032 0.000019 0.000012 0.000007 0.000004 0.000002 0.000001 0.000000 
0.000000 0.000001 0.000002 0.000003 0.000006 0.000010 0.000017 0.000028 0.000045 0.000072 0.000114 0.000179 0.000278 0.000426 0.000646 0.000969 0.001437 0.002107 0.003055 0.004381 0.006210 0.008706 0.012067 0.016537 0.022409 0.030023 0.039770 0.052087 0.067445 0.086344 0.109284 0.136749 0.169172 0.206903 0.250169 0.299035 0.353372 0.412817 0.476755 0.544304 0.614320 0.685411 0.755976 0.824260 0.888416 0.946594 0.997021 1.038096 1.068468 1.087117 1.093405 1.087117 1.068468 1.038096 0.997021 0.946594 0.888416 0.824260 0.755976 0.685411 0.614320 0.544304 0.476755 0.412817 0.353372 0.299035 0.250169 0.206903 0.169172 0.136749 0.109284 0.086344 0.067445 0.052087 0.039770 0.030023 0.022409 0.016537 0.012067 0.008706 0.006210 0.004381 0.003055 0.002107 0.001437 0.000969 0.000646 0.000426 0.000278 0.000179 0.000114 0.000072 0.000045 0.000028 0.000017 0.000010 0.000006 0.000003 0.000001 0.000000 
0.000000 0.000001 0.000003 0.000005 0.000009 0.000014 0.000024 0.000039 0.000063 0.000101 0.000161 0.000252 0.000391 0.000599 0.000908 0.001360 0.002017 0.002956 0.004285 0.006142 0.008706 0.012201 0.016907 0.023165 0.031383 0.042037 0.055673 0.072899 0.094376 0.120798 0.152865 0.191251 0.236559 0.289275 0.349716 0.417971 0.493857 0.576867 0.666141 0.760449 0.858190 0.957423 1.055916 1.151216 1.240751 1.321938 1.392307 1.449621 1.492002 1.518023 1.526798 1.518023 1.492002 1.449621 1.392307 1.321938 1.240751 1.151216 1.055916 0.957423 0.858190 0.760449 0.666141 0.576867 0.493857 0.417971 0.349716 0.289275 0.236559 0.191251 0.152865 0.120798 0.094376 0.072899 0.055673 0.042037 0.031383 0.023165 0.016907 0.012201 0.008706 0.006142 0.004285 0.002956 0.002017 0.001360 0.000908 0.000599 0.000391 0.000252 0.000161 0.000101 0.000063 0.000039 0.000024 0.000014 0.000008 0.000005 0.000002 0.000000 
0.000000 0.000002 0.000004 0.000007 0.000012 0.000020 0.000033 0.000054 0.000088 0.000141 0.000223 0.000350 0.000543 0.000831 0.001260 0.001888 0.002798 0.004101 0.005943 0.008516 0.012067 0.016907 0.023423 0.032086 0.043458 0.058199 0.077062 0.100887 0.130585 0.167114 0.211441 0.264492 0.327101 0.399936 0.483430 0.577709 0.682513 0.797143 0.920410 1.050614 1.185546 1.322527 1.458474 1.590007 1.713575 1.825617 1.922724 2.001815 2.060296 2.096202 2.108310 2.096202 2.060296 2.001815 1.922724 1.825617 1.713575 1.590007 1.458474 1.322527 1.185546 1.050614 0.920410 0.797143 0.682513 0.577709 0.483430 0.399936 0.327101 0.264492 0.211441 0.167114 0.130585 0.100887 0.077062 0.058199 0.043458 0.032086 0.023423 0.016907 0.012067 0.008516 0.005943 0.004101 0.002798 0.001888 0.001260 0.000831 0.000543 0.000350 0.000223 0.000141 0.000088 0.000054 0.000033 0.000020 0.000012 0.000006 0.000003 0.000000 
0.000000 0.000002 0.000005 0.000009 0.000016 0.000028 0.000046 0.000075 0.000121 0.000194 0.000307 0.000481 0.000745 0.001142 0.001729 0.002591 0.003839 0.005624 0.008149 0.011674 0.016537 0.023165 0.032086 0.043943 0.059505 0.079673 0.105475 0.138058 0.178666 0.228605 0.289194 0.361697 0.447249 0.546760 0.660819 0.789592 0.932726 1.089262 1.257574 1.435340 1.619545 1.806532 1.992095 2.171620 2.340266 2.493173 2.625692 2.733622 2.813425 2.862422 2.878944 2.862422 2.813425 2.733622 2.625692 2.493173 2.340266 2.171620 1.992095 1.806532 1.619545 1.435340 1.257574 1.089262 0.932726 0.789592 0.660819 0.546760 0.447249 0.361697 0.289194 0.228605 0.178666 0.138058 0.105475 0.079673 0.059505 0.043943 0.032086 0.023165 0.016537 0.011674 0.008149 0.005624 0.003839 0.002591 0.001729 0.001142 0.000745 0.000481 0.000307 0.000194 0.000121 0.000075 0.000046 0.000027 0.000016 0.000009 0.000004 0.000000 
0.000000 0.000003 0.000007 0.000013 0.000022 0.000037 0.000062 0.000102 0.000165 0.000264 0.000417 0.000653 0.001012 0.001550 0.002347 0.003515 0.005207 0.007627 0.011047 0.015822 0.022409 0.031383 0.043458 0.059505 0.080563 0.107846 0.142745 0.186807 0.241712 0.309222 0.391115 0.489096 0.604694 0.739135 0.893211 1.067142 1.260446 1.471827 1.699087 1.939090 2.187765 2.440175 2.690646 2.932952 3.160562 3.366920 3.545757 3.691405 3.799094 3.865212 3.887507 3.865212 3.799094 3.691405 3.545757 3.366920 3.160562 2.932952 2.690646 2.440175 2.187765 1.939090 1.699087 1.471827 1.260446 1.067142 0.893211 0.739135 0.604694 0.489096 0.391115 0.309222 0.241712 0.186807 0.142745 0.107846 0.080563 0.059505 0.043458 0.031383 0.022409 0.015822 0.011047 0.007627 0.005207 0.003515 0.002347 0.001550 0.001012 0.000653 0.000417 0.000264 0.000165 0.000102 0.000062 0.000037 0.000022 0.000012 0.000005 0.000000 
0.000000 0.000004 0.000009 0.000017 0.000030 0.000050 0.000083 0.000137 0.000221 0.000354 0.000561 0.000877 0.001358 0.002080 0.003149 0.004716 0.006983 0.010226 0.014807 0.021203 0.030023 0.042037 0.058199 0.079673 0.107846 0.144342 0.191015 0.249934 0.323338 0.413580 0.523030 0.653964 0.808416 0.988021 1.193830 1.426134 1.684283 1.966543 2.269978 2.590397 2.922368 3.259300 3.593619 3.917021 4.220793 4.496189 4.734848 4.929211 5.072915 5.161144 5.190893 5.161144 5.072915 4.929211 4.734848 4.496189 4.220793 3.917021 3.593619 3.259300 2.922368 2.590397 2.269978 1.966543 1.684283 1.426134 1.193830 0.988021 0.808416 0.653964 0.523030 0.413580 0.323338 0.249934 0.191015 0.144342 0.107846 0.079673 0.058199 0.042037 0.030023 0.021203 0.014807 0.010226 0.006983 0.004716 0.003149 0.002080 0.001358 0.000877 0.000560 0.000354 0.000221 0.000137 0.000083 0.000050 0.000029 0.000016 0.000007 0.000000 
0.000000 0.000005 0.000012 0.000023 0.000040 0.000067 0.000111 0.000182 0.000294 0.000470 0.000744 0.001165 0.001803 0.002760 0.004178 0.006254 0.009258 0.013555 0.019623 0.028093 0.039770 0.055673 0.077062 0.105475 0.142745 0.191015 0.252736 0.330636 0.427674 0.546951 0.691594 0.864603 1.068662 1.305921 1.577763 1.884564 2.225462 2.598162 2.998784 3.421795 3.860020 4.304762 4.746027 5.172859 5.573760 5.937198 6.252143 6.508625 6.698253 6.814676 6.853932 6.814676 6.698253 6.508625 6.252143 5.937198 5.573760 5.172859 4.746027 4.304762 3.860020 3.421795 2.998784 2.598162 2.225462 1.884564 1.577763 1.305921 1.068662 0.864603 0.691594 0.546951 0.427674 0.330636 0.252736 0.191015 0.142745 0.105475 0.077062 0.055673 0.039770 0.028093 0.019623 0.013555 0.009258 0.006254 0.004178 0.002760 0.001803 0.001165 0.000744 0.000470 0.000294 0.000182 0.000111 0.000066 0.000039 0.000021 0.000009 0.000000 
0.000000 0.000007 0.000016 0.000030 0.000052 0.000088 0.000146 0.000239 0.000386 0.000618 0.000977 0.001529 0.002366 0.003620 0.005479 0.008200 0.012136 0.017764 0.025711 0.036801 0.052087 0.072899 0.100887 0.138058 0.186807 0.249934 0.330636 0.432478 0.559318 0.715203 0.904214 1.130260 1.396839 1.706751 2.061795 2.462453 2.907595 3.394214 3.917244 4.469457 5.041488 5.621985 6.197909 6.754963 7.278151 7.752428 8.163409 8.498090 8.745529 8.897443 8.948666 8.897443 8.745529 8.498090 8.163409 7.752428 7.278151 6.754963 6.197909 5.621985 5.041488 4.469457 3.917244 3.394214 2.907595 2.462453 2.061795 1.706751 1.396839 1.130260 0.904214 0.715203 0.559318 0.432478 0.330636 0.249934 0.186807 0.138058 0.100887 0.072899 0.052087 0.036801 0.025711 0.017764 0.012136 0.008200 0.005479 0.003620 0.002366 0.001529 0.000977 0.000618 0.000386 0.000239 0.000145 0.000087 0.000051 0.000028 0.000012 0.000000 
0.000000 0.000009 0.000021 0.000039 0.000068 0.000114 0.000190 0.000310 0.000501 0.000802 0.001268 0.001984 0.003069 0.004695 0.007103 0.010629 0.015728 0.023016 0.033306 0.047662 0.067445 0.094376 0.130585 0.178666 0.241712 0.323338 0.427674 0.559318 0.723251 0.924694 1.168909 1.460939 1.805289 2.205567 2.664085 3.181457 3.756212 4.384465 5.059667 5.772487 6.510834 7.260060 8.003338 8.722225 9.397376 10.009385 10.539699 10.971547 11.290819 11.486831 11.552923 11.486831 11.290819 10.971547 10.539699 10.009385 9.397376 8.722225 8.003338 7.260060 6.510834 5.772487 5.059667 4.384465 3.756212 3.181457 2.664085 2.205567 1.805289 1.460939 1.168909 0.924694 0.723251 0.559318 0.427674 0.323338 0.241712 0.178666 0.130585 0.094376 0.067445 0.047662 0.033306 0.023016 0.015728 0.010629 0.007103 0.004695 0.003069 0.001984 0.001268 0.000802 0.000501 0.000310 0.000189 0.000113 0.000066 0.000036 0.000016 0.000000 
0.000000 0.000012 0.000027 0.000051 0.000087 0.000147 0.000243 0.000398 0.000644 0.001029 0.001627 0.002544 0.003935 0.006019 0.009105 0.013621 0.020151 0.029482 0.042656 0.061029 0.086344 0.120798 0.167114 0.228605 0.309222 0.413580 0.546951 0.715203 0.924694 1.182084 1.494083 1.867121 2.306940 2.818134 3.403643 4.064240 4.798036 5.600061 6.461952 7.371791 8.314147 9.270327 10.218863 11.136225 11.997738 12.778651 13.455301 14.006299 14.413653 14.663739 14.748063 14.663739 14.413653 14.006299 13.455301 12.778651 11.997738 11.136225 10.218863 9.270327 8.314147 7.371791 6.461952 5.600061 4.798036 4.064240 3.403643 2.818134 2.306940 1.867121 1.494083 1.182084 0.924694 0.715203 0.546951 0.413580 0.309222 0.228605 0.167114 0.120798 0.086344 0.061029 0.042656 0.029482 0.020151 0.013621 0.009105 0.006019 0.003935 0.002544 0.001627 0.001029 0.000644 0.000398 0.000243 0.000146 0.000085 0.000047 0.000020 0.000000 
0.000000 0.000015 0.000035 0.000064 0.000111 0.000187 0.000309 0.000505 0.000817 0.001306 0.002064 0.003227 0.004989 0.007629 0.011538 0.017257 0.025525 0.037337 0.054009 0.077257 0.109284 0.152865 0.211441 0.289194 0.391115 0.523030 0.691594 0.904214 1.168909 1.494083 1.888198 2.359359 2.914804 3.560318 4.299599 5.133606 6.059944 7.072329 8.160194 9.308497 10.497760 11.704396 12.901320 14.058851 15.145866 16.131146 16.984852 17.680012 18.193934 18.509442 18.615825 18.509442 18.193934 17.680012 16.984852 16.131146 15.145866 14.058851 12.901320 11.704396 10.497760 9.308497 8.160194 7.072329 6.059944 5.133606 4.299599 3.560318 2.914804 2.359359 1.888198 1.494083 1.168909 0.904214 0.691594 0.523030 0.391115 0.289194 0.211441 0.152865 0.109284 0.077257 0.054009 0.037337 0.025525 0.017257 0.011538 0.007629 0.004989 0.003226 0.002064 0.001305 0.000817 0.000505 0.000308 0.000185 0.000108 0.000059 0.000026 0.000000 
0.000000 0.000019 0.000044 0.000081 0.000139 0.000234 0.000388 0.000634 0.001025 0.001637 0.002588 0.004045 0.006252 0.009559 0.014454 0.021614 0.031963 0.046745 0.067606 0.096690 0.136749 0.191251 0.264492 0.361697 0.489096 0.653964 0.864603 1.130260 1.460939 1.867121 2.359359 2.947759 3.641339 4.447304 5.370253 6.411367 7.567639 8.831215 10.188899 11.621911 13.105945 14.611571 16.105001 17.549213 18.905389 20.134598 21.199628 22.066845 22.707956 23.101543 23.234251 23.101543 22.707956 22.066845 21.199628 20.134598 18.905389 17.549213 16.105001 14.611571 13.105945 11.621911 10.188899 8.831215 7.567639 6.411367 5.370253 4.447304 3.641339 2.947759 2.359359 1.867121 1.460939 1.130260 0.864603 0.653964 0.489096 0.361697 0.264492 0.191251 0.136749 0.096690 0.067606 0.046745 0.031963 0.021614 0.014454 0.009559 0.006252 0.004044 0.002588 0.001637 0.001024 0.000633 0.000387 0.000232 0.000136 0.000074 0.000033 0.000000 
0.000000 0.000024 0.000054 0.000100 0.000173 0.000291 0.000481 0.000786 0.001271 0.002030 0.003207 0.005012 0.007746 0.011841 0.017900 0.026762 0.039569 0.057858 0.083663 0.119635 0.169172 0.236559 0.327101 0.447249 0.604694 0.808416 1.068662 1.396839 1.805289 2.306940 2.914804 3.641339 4.497658 5.492634 6.631923 7.916962 9.344025 10.903401 12.578796 14.347031 16.178114 18.035736 19.878220 21.659906 23.332920 24.849254 26.163022 27.232755 28.023568 28.509054 28.672748 28.509054 28.023568 27.232755 26.163022 24.849254 23.332920 21.659906 19.878220 18.035736 16.178114 14.347031 12.578796 10.903401 9.344025 7.916962 6.631923 5.492634 4.497658 3.641339 2.914804 2.306940 1.805289 1.396839 1.068662 0.808416 0.604694 0.447249 0.327101 0.236559 0.169172 0.119635 0.083663 0.057858 0.039569 0.026762 0.017900 0.011841 0.007746 0.005012 0.003207 0.002030 0.001270 0.000786 0.000480 0.000288 0.000168 0.000092 0.000041 0.000000 
0.000000 0.000029 0.000067 0.000123 0.000212 0.000357 0.000590 0.000964 0.001557 0.002487 0.003929 0.006139 0.009487 0.014499 0.021914 0.032758 0.048426 0.070797 0.102355 0.146341 0.206903 0.289275 0.399936 0.546760 0.739135 0.988021 1.305921 1.706751 2.205567 2.818134 3.560318 4.447304 5.492634 6.707115 8.097622 9.665888 11.407346 13.310129 15.354345 17.511704 19.745613 22.011784 24.259383 26.432725 28.473432 30.322968 31.925384 33.230121 34.194649 34.786773 34.986421 34.786773 34.194649 33.230121 31.925384 30.322968 28.473432 26.432725 24.259383 22.011784 19.745613 17.511704 15.354345 13.310129 11.407346 9.665888 8.097622 6.707115 5.492634 4.447304 3.560318 2.818134 2.205567 1.706751 1.305921 0.988021 0.739135 0.546760 0.399936 0.289275 0.206903 0.146341 0.102355 0.070797 0.048426 0.032758 0.021914 0.014499 0.009487 0.006139 0.003929 0.002487 0.001557 0.000963 0.000588 0.000354 0.000207 0.000113 0.000050 0.000000 
0.000000 0.000035 0.000081 0.000149 0.000257 0.000432 0.000715 0.001168 0.001887 0.003013 0.004759 0.007434 0.011486 0.017550 0.026522 0.039639 0.058588 0.085640 0.123796 0.176968 0.250169 0.349716 0.483430 0.660819 0.893211 1.193830 1.577763 2.061795 2.664085 3.403643 4.299599 5.370253 6.631923 8.097622 9.775620 11.667983 13.769175 16.064861 18.531026 21.133537 23.828250 26.561745 29.272720 31.894025 34.355274 36.585890 38.518423 40.091919 41.255111 41.969189 42.209955 41.969189 41.255111 40.091919 38.518423 36.585890 34.355274 31.894025 29.272720 26.561745 23.828250 21.133537 18.531026 16.064861 13.769175 11.667983 9.775620 8.097622 6.631923 5.370253 4.299599 3.403643 2.664085 2.061795 1.577763 1.193830 0.893211 0.660819 0.483430 0.349716 0.250169 0.176968 0.123796 0.085640 0.058588 0.039639 0.026522 0.017550 0.011486 0.007434 0.004759 0.003013 0.001886 0.001167 0.000713 0.000429 0.000251 0.000137 0.000060 0.000000 
0.000000 0.000042 0.000097 0.000179 0.000308 0.000518 0.000857 0.001400 0.002260 0.003608 0.005698 0.008899 0.013746 0.021001 0.031731 0.047417 0.070074 0.102412 0.148019 0.211565 0.299035 0.417971 0.577709 0.789592 1.067142 1.426134 1.884564 2.462453 3.181457 4.064240 5.133606 6.411367 7.916962 9.665888 11.667983 13.925680 16.432349 19.170870 22.112580 25.216757 28.430746 31.690841 34.923944 38.049993 40.985071 43.645042 45.949502 47.825792 49.212802 50.064273 50.351363 50.064273 49.212802 47.825792 45.949502 43.645042 40.985071 38.049993 34.923944 31.690841 28.430746 25.216757 22.112580 19.170870 16.432349 13.925680 11.667983 9.665888 7.916962 6.411367 5.133606 4.064240 3.181457 2.462453 1.884564 1.426134 1.067142 0.789592 0.577709 0.417971 0.299035 0.211565 0.148019 0.102412 0.070074 0.047417 0.031731 0.021001 0.013746 0.008899 0.005698 0.003608 0.002259 0.001398 0.000855 0.000514 0.000300 0.000164 0.000072 0.000000 
0.000000 0.000050 0.000115 0.000212 0.000365 0.000614 0.001015 0.001657 0.002675 0.004271 0.006743 0.010530 0.016263 0.024842 0.037529 0.056071 0.082851 0.121070 0.174961 0.250040 0.353372 0.493857 0.682513 0.932726 1.260446 1.684283 2.225462 2.907595 3.756212 4.798036 6.059944 7.567639 9.344025 11.407346 13.769175 16.432349 19.389021 22.618974 26.088385 29.749218 33.539376 37.383741 41.196129 44.882156 48.342898 51.479182 54.196235 56.408422 58.043715 59.047595 59.386071 59.047595 58.043715 56.408422 54.196235 51.479182 48.342898 44.882156 41.196129 37.383741 33.539376 29.749218 26.088385 22.618974 19.389021 16.432349 13.769175 11.407346 9.344025 7.567639 6.059944 4.798036 3.756212 2.907595 2.225462 1.684283 1.260446 0.932726 0.682513 0.493857 0.353372 0.250040 0.174961 0.121070 0.082851 0.056071 0.037529 0.024842 0.016263 0.010530 0.006743 0.004270 0.002675 0.001656 0.001012 0.000608 0.000356 0.000195 0.000086 0.000000 
0.000000 0.000059 0.000135 0.000248 0.000428 0.000719 0.001188 0.001940 0.003131 0.004997 0.007888 0.012316 0.019019 0.029048 0.043876 0.065546 0.096838 0.141489 0.204444 0.292138 0.412817 0.576867 0.797143 1.089262 1.471827 1.966543 2.598162 3.394214 4.384465 5.600061 7.072329 8.831215 10.903401 13.310129 16.064861 19.170870 22.618974 26.385569 30.431198 34.699837 39.119079 43.601345 48.046169 52.343531 56.378133 60.034386 63.201840 65.780696 67.687015 68.857265 69.251834 68.857265 67.687015 65.780696 63.201840 60.034386 56.378133 52.343531 48.046169 43.601345 39.119079 34.699837 30.431198 26.385569 22.618974 19.170870 16.064861 13.310129 10.903401 8.831215 7.072329 5.600061 4.384465 3.394214 2.598162 1.966543 1.471827 1.089262 0.797143 0.576867 0.412817 0.292138 0.204444 0.141489 0.096838 0.065546 0.043876 0.029047 0.019019 0.012316 0.007888 0.004997 0.003130 0.001938 0.001185 0.000712 0.000417 0.000228 0.000100 0.000000 
0.000000 0.000068 0.000156 0.000287 0.000495 0.000832 0.001375 0.002244 0.003621 0.005779 0.009122 0.014240 0.021987 0.033575 0.050709 0.075743 0.111889 0.163460 0.236162 0.337422 0.476755 0.666141 0.920410 1.257574 1.699087 2.269978 2.998784 3.917244 5.059667 6.461952 8.160194 10.188899 12.578796 15.354345 18.531026 22.112580 26.088385 30.431198 35.095508 40.016713 45.111337 50.278426 55.402181 60.355803 65.006417 69.220822 72.871743 75.844179 78.041413 79.390239 79.845017 79.390239 78.041413 75.844179 72.871743 69.220822 65.006417 60.355803 55.402181 50.278426 45.111337 40.016713 35.095508 30.431198 26.088385 22.112580 18.531026 15.354345 12.578796 10.188899 8.160194 6.461952 5.059667 3.917244 2.998784 2.269978 1.699087 1.257574 0.920410 0.666141 0.476755 0.337422 0.236162 0.163460 0.111889 0.075743 0.050709 0.033575 0.021987 0.014240 0.009122 0.005779 0.003620 0.002242 0.001371 0.000824 0.000482 0.000264 0.000116 0.000000 
0.000000 0.000078 0.000178 0.000328 0.000566 0.000951 0.001572 0.002566 0.004141 0.006607 0.010427 0.016275 0.025125 0.038363 0.057932 0.086522 0.127797 0.186680 0.269680 0.385270 0.544304 0.760449 1.050614 1.435340 1.939090 2.590397 3.421795 4.469457 5.772487 7.371791 9.308497 11.621911 14.347031 17.511704 21.133537 25.216757 29.749218 34.699837 40.016713 45.626196 51.433135 57.322470 63.162234 68.807937 74.108172 78.911167 83.071910 86.459377 88.963378 90.500510 91.018776 90.500510 88.963378 86.459377 83.071910 78.911167 74.108172 68.807937 63.162234 57.322470 51.433135 45.626196 40.016713 34.699837 29.749218 25.216757 21.133537 17.511704 14.347031 11.621911 9.308497 7.371791 5.772487 4.469457 3.421795 2.590397 1.939090 1.435340 1.050614 0.760449 0.544304 0.385270 0.269680 0.186680 0.127797 0.086522 0.057932 0.038363 0.025125 0.016275 0.010426 0.006606 0.004139 0.002564 0.001568 0.000943 0.000552 0.000302 0.000133 0.000000 
0.000000 0.000088 0.000202 0.000371 0.000640 0.001076 0.001777 0.002901 0.004679 0.007466 0.011780 0.018386 0.028381 0.043329 0.065424 0.097700 0.144293 0.210754 0.304428 0.434870 0.614320 0.858190 1.185546 1.619545 2.187765 2.922368 3.860020 5.041488 6.510834 8.314147 10.497760 13.105945 16.178114 19.745613 23.828250 28.430746 33.539376 39.119079 45.111337 51.433135 57.977239 64.613991 71.194698 77.556563 83.529006 88.941046 93.629319 97.446228 100.267643 101.999616 102.583573 101.999616 100.267643 97.446228 93.629319 88.941046 83.529006 77.556563 71.194698 64.613991 57.977239 51.433135 45.111337 39.119079 33.539376 28.430746 23.828250 19.745613 16.178114 13.105945 10.497760 8.314147 6.510834 5.041488 3.860020 2.922368 2.187765 1.619545 1.185546 0.858190 0.614320 0.434870 0.304428 0.210754 0.144293 0.097700 0.065424 0.043329 0.028380 0.018386 0.011780 0.007465 0.004678 0.002898 0.001772 0.001066 0.000624 0.000342 0.000150 0.000000 
0.000000 0.000099 0.000225 0.000415 0.000716 0.001202 0.001986 0.003240 0.005227 0.008339 0.013157 0.020531 0.031689 0.048374 0.073035 0.109056 0.161048 0.235206 0.339716 0.485236 0.685411 0.957423 1.322527 1.806532 2.440175 3.259300 4.304762 5.621985 7.260060 9.270327 11.704396 14.611571 18.035736 22.011784 26.561745 31.690841 37.383741 43.601345 50.278426 57.322470 64.613991 72.008535 79.340448 86.428378 93.082311 99.111794 104.334863 108.587123 111.730319 113.659810 114.310362 113.659810 111.730319 108.587123 104.334863 99.111794 93.082311 86.428378 79.340448 72.008535 64.613991 57.322470 50.278426 43.601345 37.383741 31.690841 26.561745 22.011784 18.035736 14.611571 11.704396 9.270327 7.260060 5.621985 4.304762 3.259300 2.440175 1.806532 1.322527 0.957423 0.685411 0.485236 0.339716 0.235206 0.161048 0.109056 0.073035 0.048374 0.031689 0.020531 0.013156 0.008338 0.005225 0.003237 0.001980 0.001191 0.000697 0.000382 0.000168 0.000000 
0.000000 0.000109 0.000249 0.000458 0.000791 0.001327 0.002193 0.003578 0.005771 0.009206 0.014524 0.022662 0.034975 0.053386 0.080594 0.120332 0.177685 0.259482 0.374749 0.535233 0.755976 1.055916 1.458474 1.992095 2.690646 3.593619 4.746027 6.197909 8.003338 10.218863 12.901320 16.105001 19.878220 24.259383 29.272720 34.923944 41.196129 48.046169 55.402181 63.162234 71.194698 79.340448 87.417020 95.224672 102.554130 109.195641 114.948811 119.632593 123.094737 125.220008 125.936568 125.220008 123.094737 119.632593 114.948811 109.195641 102.554130 95.224672 87.417020 79.340448 71.194698 63.162234 55.402181 48.046169 41.196129 34.923944 29.272720 24.259383 19.878220 16.105001 12.901320 10.218863 8.003338 6.197909 4.746027 3.593619 2.690646 1.992095 1.458474 1.055916 0.755976 0.535233 0.374749 0.259482 0.177685 0.120332 0.080594 0.053386 0.034975 0.022662 0.014523 0.009205 0.005770 0.003575 0.002187 0.001316 0.000770 0.000422 0.000186 0.000000 
