0.000000 0.000000 0.000000 0.000000 0.000000 0.000000 0.000000 0.000000 0.000000 0.000000 0.000000 0.000000 0.000000 0.000000 0.000000 0.000000 0.000000 0.000000 0.000000 0.000000 0.000000 0.000000 0.000000 0.000000 0.000000 0.000000 0.000000 0.000000 0.000000 0.000000 0.000000 0.000000 0.000000 0.000000 0.000000 0.000000 0.000000 0.000000 0.000000 0.000000 0.000000 0.000000 0.000000 0.000000 0.000000 0.000000 0.000000 0.000000 0.000000 0.000000 0.000000 0.000000 0.000000 0.000000 0.000000 0.000000 0.000000 0.000000 0.000000 0.000000 0.000000 0.000000 0.000000 0.000000 0.000000 0.000000 0.000000 0.000000 0.000000 0.000000 0.000000 0.000000 0.000000 0.000000 0.000000 0.000000 0.000000 0.000000 0.000000 0.000000 0.000000 0.000000 0.000000 0.000000 0.000000 0.000000 0.000000 0.000000 0.000000 0.000000 0.000000 0.000000 0.000000 0.000000 0.000000 0.000000 0.000000 0.000000 0.000000 0.000000 
0.000000 0.000000 0.000000 0.000000 0.000000 0.000000 0.000001 0.000001 0.000001 0.000002 0.000003 0.000004 0.000005 0.000007 0.000009 0.000013 0.000017 0.000023 0.000031 0.000041 0.000053 0.000068 0.000088 0.000111 0.000140 0.000175 0.000217 0.000267 0.000324 0.000392 0.000468 0.000555 0.000653 0.000761 0.000879 0.001006 0.001143 0.001286 0.001434 0.001586 0.001739 0.001890 0.002036 0.002174 0.002301 0.002415 0.002512 0.002590 0.002647 0.002682 0.002694 0.002682 0.002647 0.002590 0.002512 0.002415 0.002301 0.002174 0.002036 0.001890 0.001739 0.001586 0.001434 0.001286 0.001143 0.001006 0.000879 0.000761 0.000653 0.000555 0.000468 0.000392 0.000324 0.000267 0.000217 0.000175 0.000140 0.000111 0.000088 0.000068 0.000053 0.000041 0.000031 0.000023 0.000017 0.000013 0.000009 0.000007 0.000005 0.000004 0.000003 0.000002 0.000001 0.000001 0.000001 0.000000 0.000000 0.000000 0.000000 0.000000 
0.000000 0.000000 0.000000 0.000000 0.000001 0.000001 0.000001 0.000002 0.000003 0.000004 0.000005 0.000008 0.000011 0.000015 0.000020 0.000028 0.000037 0.000050 0.000066 0.000087 0.000114 0.000148 0.000189 0.000240 0.000303 0.000378 0.000469 0.000575 0.000700 0.000845 0.001011 0.001198 0.001409 0.001641 0.001896 0.002171 0.002465 0.002774 0.003094 0.003422 0.003751 0.004076 0.004391 0.004689 0.004963 0.005208 0.005417 0.005586 0.005709 0.005785 0.005810 0.005785 0.005709 0.005586 0.005417 0.005208 0.004963 0.004689 0.004391 0.004076 0.003751 0.003422 0.003094 0.002774 0.002465 0.002171 0.001896 0.001641 0.001409 0.001198 0.001011 0.000845 0.000700 0.000575 0.000469 0.000378 0.000303 0.000240 0.000189 0.000148 0.000114 0.000087 0.000066 0.000050 0.000037 0.000028 0.000020 0.000015 0.000011 0.000008 0.000005 0.000004 0.000003 0.000002 0.000001 0.000001 0.000001 0.000000 0.000000 0.000000 
0.000000 0.000000 0.000000 0.000001 0.000001 0.000001 0.000002 0.000003 0.000005 0.000006 0.000009 0.000013 0.000018 0.000025 0.000034 0.000047 0.000063 0.000085 0.000113 0.000148 0.000193 0.000250 0.000320 0.000407 0.000513 0.000640 0.000793 0.000973 0.001185 0.001429 0.001709 0.002027 0.002382 0.002776 0.003207 0.003672 0.004168 0.004690 0.005232 0.005785 0.006342 0.006891 0.007423 0.007926 0.008390 0.008804 0.009157 0.009442 0.009651 0.009778 0.009821 0.009778 0.009651 0.009442 0.009157 0.008804 0.008390 0.007926 0.007423 0.006891 0.006342 0.005785 0.005232 0.004690 0.004168 0.003672 0.003207 0.002776 0.002382 0.002027 0.001709 0.001429 0.001185 0.000973 0.000793 0.000640 0.000513 0.000407 0.000320 0.000250 0.000193 0.000148 0.000113 0.000085 0.000063 0.000047 0.000034 0.000025 0.000018 0.000013 0.000009 0.000006 0.000005 0.000003 0.000002 0.000001 0.000001 0.000001 0.000000 0.000000 
0.000000 0.000000 0.000001 0.000001 0.000001 0.000002 0.000003 0.000005 0.000007 0.000010 0.000014 0.000020 0.000028 0.000039 0.000054 0.000073 0.000099 0.000132 0.000176 0.000231 0.000302 0.000390 0.000500 0.000635 0.000800 0.000999 0.001237 0.001519 0.001848 0.002229 0.002666 0.003161 0.003715 0.004329 0.005000 0.005725 0.006498 0.007311 0.008155 0.009017 0.009884 0.010740 0.011569 0.012353 0.013075 0.013720 0.014270 0.014714 0.015039 0.015238 0.015304 0.015238 0.015039 0.014714 0.014270 0.013720 0.013075 0.012353 0.011569 0.010740 0.009884 0.009017 0.008155 0.007311 0.006498 0.005725 0.005000 0.004329 0.003715 0.003161 0.002666 0.002229 0.001848 0.001519 0.001237 0.000999 0.000800 0.000635 0.000500 0.000390 0.000302 0.000231 0.000176 0.000132 0.000099 0.000073 0.000054 0.000039 0.000028 0.000020 0.000014 0.000010 0.000007 0.000005 0.000003 0.000002 0.000001 0.000001 0.000000 0.000000 
0.000000 0.000000 0.000001 0.000001 0.000002 0.000003 0.000005 0.000007 0.000011 0.000015 0.000022 0.000031 0.000043 0.000059 0.000081 0.000111 0.000149 0.000200 0.000265 0.000348 0.000454 0.000587 0.000753 0.000956 0.001205 0.001504 0.001862 0.002286 0.002781 0.003355 0.004012 0.004755 0.005589 0.006511 0.007520 0.008609 0.009771 0.010994 0.012262 0.013558 0.014861 0.016147 0.017392 0.018570 0.019655 0.020623 0.021450 0.022117 0.022605 0.022904 0.023004 0.022904 0.022605 0.022117 0.021450 0.020623 0.019655 0.018570 0.017392 0.016147 0.014861 0.013558 0.012262 0.010994 0.009771 0.008609 0.007520 0.006511 0.005589 0.004755 0.004012 0.003355 0.002781 0.002286 0.001862 0.001504 0.001205 0.000956 0.000753 0.000587 0.000454 0.000348 0.000265 0.000200 0.000149 0.000111 0.000081 0.000059 0.000043 0.000031 0.000022 0.000015 0.000011 0.000007 0.000005 0.000003 0.000002 0.000001 0.000001 0.000000 
0.000000 0.000001 0.000001 0.000002 0.000003 0.000005 0.000007 0.000011 0.000016 0.000023 0.000032 0.000045 0.000063 0.000088 0.000120 0.000163 0.000221 0.000295 0.000391 0.000515 0.000671 0.000867 0.001111 0.001412 0.001778 0.002221 0.002749 0.003373 0.004104 0.004950 0.005918 0.007015 0.008244 0.009603 0.011090 0.012696 0.014408 0.016210 0.018079 0.019988 0.021907 0.023802 0.025636 0.027372 0.028971 0.030396 0.031615 0.032597 0.033316 0.033756 0.033904 0.033756 0.033316 0.032597 0.031615 0.030396 0.028971 0.027372 0.025636 0.023802 0.021907 0.019988 0.018079 0.016210 0.014408 0.012696 0.011090 0.009603 0.008244 0.007015 0.005918 0.004950 0.004104 0.003373 0.002749 0.002221 0.001778 0.001412 0.001111 0.000867 0.000671 0.000515 0.000391 0.000295 0.000221 0.000163 0.000120 0.000088 0.000063 0.000045 0.000032 0.000023 0.000016 0.000011 0.000007 0.000005 0.000003 0.000002 0.000001 0.000000 
0.000000 0.000001 0.000002 0.000003 0.000005 0.000007 0.000011 0.000016 0.000023 0.000033 0.000047 0.000066 0.000092 0.000128 0.000175 0.000239 0.000322 0.000431 0.000571 0.000751 0.000978 0.001265 0.001620 0.002058 0.002592 0.003235 0.004005 0.004914 0.005977 0.007209 0.008618 0.010214 0.012002 0.013979 0.016142 0.018479 0.020970 0.023590 0.026308 0.029085 0.031876 0.034631 0.037298 0.039821 0.042146 0.044219 0.045990 0.047417 0.048464 0.049102 0.049317 0.049102 0.048464 0.047417 0.045990 0.044219 0.042146 0.039821 0.037298 0.034631 0.031876 0.029085 0.026308 0.023590 0.020970 0.018479 0.016142 0.013979 0.012002 0.010214 0.008618 0.007209 0.005977 0.004914 0.004005 0.003235 0.002592 0.002058 0.001620 0.001265 0.000978 0.000751 0.000571 0.000431 0.000322 0.000239 0.000175 0.000128 0.000092 0.000066 0.000047 0.000033 0.000023 0.000016 0.000011 0.000007 0.000005 0.000003 0.000001 0.000000 
0.000000 0.000001 0.000003 0.000005 0.000007 0.000011 0.000016 0.000023 0.000033 0.000048 0.000068 0.000096 0.000133 0.000185 0.000253 0.000345 0.000465 0.000622 0.000824 0.001083 0.001412 0.001824 0.002337 0.002968 0.003737 0.004665 0.005774 0.007084 0.008616 0.010389 0.012420 0.014718 0.017292 0.020140 0.023254 0.026617 0.030203 0.033975 0.037888 0.041884 0.045900 0.049865 0.053703 0.057333 0.060678 0.063661 0.066210 0.068263 0.069769 0.070688 0.070997 0.070688 0.069769 0.068263 0.066210 0.063661 0.060678 0.057333 0.053703 0.049865 0.045900 0.041884 0.037888 0.033975 0.030203 0.026617 0.023254 0.020140 0.017292 0.014718 0.012420 0.010389 0.008616 0.007084 0.005774 0.004665 0.003737 0.002968 0.002337 0.001824 0.001412 0.001083 0.000824 0.000622 0.000465 0.000345 0.000253 0.000185 0.000133 0.000096 0.000068 0.000048 0.000033 0.000023 0.000016 0.000010 0.000007 0.000004 0.000002 0.000000 
0.000000 0.000002 0.000004 0.000006 0.000010 0.000015 0.000023 0.000033 0.000048 0.000068 0.000097 0.000137 0.000191 0.000264 0.000362 0.000493 0.000665 0.000889 0.001179 0.001549 0.002019 0.002608 0.003340 0.004242 0.005340 0.006665 0.008247 0.010118 0.012305 0.014836 0.017733 0.021013 0.024685 0.028748 0.033190 0.037988 0.043102 0.048482 0.054061 0.059759 0.065486 0.071139 0.076611 0.081787 0.086556 0.090808 0.094442 0.097369 0.099515 0.100825 0.101265 0.100825 0.099515 0.097369 0.094442 0.090808 0.086556 0.081787 0.076611 0.071139 0.065486 0.059759 0.054061 0.048482 0.043102 0.037988 0.033190 0.028748 0.024685 0.021013 0.017733 0.014836 0.012305 0.010118 0.008247 0.006665 0.005340 0.004242 0.003340 0.002608 0.002019 0.001549 0.001179 0.000889 0.000665 0.000493 0.000362 0.000264 0.000191 0.000137 0.000097 0.000068 0.000048 0.000033 0.000022 0.000015 0.000010 0.000006 0.000003 0.000000 
0.000000 0.000003 0.000005 0.000009 0.000014 0.000022 0.000032 0.000047 0.000068 0.000097 0.000138 0.000194 0.000271 0.000375 0.000514 0.000699 0.000943 0.001260 0.001671 0.002196 0.002861 0.003695 0.004732 0.006008 0.007563 0.009439 0.011678 0.014324 0.017419 0.021000 0.025098 0.029737 0.034931 0.040676 0.046958 0.053741 0.060972 0.068577 0.076463 0.084519 0.092613 0.100604 0.108336 0.115652 0.122391 0.128400 0.133535 0.137671 0.140703 0.142555 0.143177 0.142555 0.140703 0.137671 0.133535 0.128400 0.122391 0.115652 0.108336 0.100604 0.092613 0.084519 0.076463 0.068577 0.060972 0.053741 0.046958 0.040676 0.034931 0.029737 0.025098 0.021000 0.017419 0.014324 0.011678 0.009439 0.007563 0.006008 0.004732 0.003695 0.002861 0.002196 0.001671 0.001260 0.000943 0.000699 0.000514 0.000375 0.000271 0.000194 0.000138 0.000097 0.000068 0.000047 0.000032 0.000021 0.000014 0.000008 0.000004 0.000000 
0.000000 0.000004 0.000008 0.000013 0.000020 0.000031 0.000045 0.000066 0.000096 0.000137 0.000194 0.000273 0.000381 0.000527 0.000723 0.000983 0.001325 0.001772 0.002348 0.003085 0.004019 0.005191 0.006647 0.008438 0.010620 0.013252 0.016394 0.020106 0.024447 0.029470 0.035218 0.041724 0.049006 0.057062 0.065868 0.075377 0.085513 0.096173 0.107226 0.118515 0.129859 0.141056 0.151892 0.162142 0.171585 0.180004 0.187199 0.192993 0.197242 0.199836 0.200708 0.199836 0.197242 0.192993 0.187199 0.180004 0.171585 0.162142 0.151892 0.141056 0.129859 0.118515 0.107226 0.096173 0.085513 0.075377 0.065868 0.057062 0.049006 0.041724 0.035218 0.029470 0.024447 0.020106 0.016394 0.013252 0.010620 0.008438 0.006647 0.005191 0.004019 0.003085 0.002348 0.001772 0.001325 0.000983 0.000723 0.000527 0.000381 0.000273 0.000194 0.000137 0.000095 0.000066 0.000045 0.000030 0.000019 0.000011 0.000005 0.000000 
0.000000 0.000005 0.000011 0.000018 0.000028 0.000043 0.000063 0.000092 0.000133 0.000191 0.000271 0.000381 0.000532 0.000735 0.001008 0.001371 0.001848 0.002469 0.003272 0.004298 0.005598 0.007230 0.009256 0.011749 0.014786 0.018448 0.022819 0.027983 0.034021 0.041006 0.048999 0.058046 0.068170 0.079369 0.091611 0.104828 0.118916 0.133731 0.149092 0.164780 0.180542 0.196101 0.211156 0.225398 0.238517 0.250213 0.260208 0.268258 0.274160 0.277764 0.278975 0.277764 0.274160 0.268258 0.260208 0.250213 0.238517 0.225398 0.211156 0.196101 0.180542 0.164780 0.149092 0.133731 0.118916 0.104828 0.091611 0.079369 0.068170 0.058046 0.048999 0.041006 0.034021 0.027983 0.022819 0.018448 0.014786 0.011749 0.009256 0.007230 0.005598 0.004298 0.003272 0.002469 0.001848 0.001371 0.001008 0.000735 0.000532 0.000381 0.000271 0.000191 0.000133 0.000092 0.000063 0.000042 0.000027 0.000016 0.000007 0.000000 
0.000000 0.000007 0.000015 0.000025 0.000039 0.000059 0.000088 0.000128 0.000185 0.000264 0.000375 0.000527 0.000735 0.001017 0.001394 0.001895 0.002553 0.003412 0.004520 0.005937 0.007732 0.009984 0.012781 0.016221 0.020411 0.025463 0.031493 0.038616 0.046943 0.056575 0.067596 0.080069 0.094027 0.109465 0.126339 0.144556 0.163971 0.184388 0.205555 0.227172 0.248890 0.270326 0.291068 0.310690 0.328763 0.344875 0.358644 0.369733 0.377863 0.382827 0.384496 0.382827 0.377863 0.369733 0.358644 0.344875 0.328763 0.310690 0.291068 0.270326 0.248890 0.227172 0.205555 0.184388 0.163971 0.144556 0.126339 0.109465 0.094027 0.080069 0.067596 0.056575 0.046943 0.038616 0.031493 0.025463 0.020411 0.016221 0.012781 0.009984 0.007732 0.005937 0.004520 0.003412 0.002553 0.001895 0.001394 0.001017 0.000735 0.000527 0.000375 0.000264 0.000184 0.000127 0.000087 0.000058 0.000037 0.000022 0.000010 0.000000 
0.000000 0.000009 0.000020 0.000034 0.000054 0.000081 0.000120 0.000175 0.000253 0.000362 0.000514 0.000723 0.001008 0.001394 0.001910 0.002596 0.003499 0.004675 0.006192 0.008132 0.010589 0.013671 0.017499 0.022206 0.027939 0.034849 0.043097 0.052839 0.064226 0.077396 0.092465 0.109517 0.128597 0.149699 0.172762 0.197659 0.224191 0.252090 0.281013 0.310548 0.340221 0.369507 0.397844 0.424648 0.449337 0.471346 0.490155 0.505302 0.516407 0.523187 0.525467 0.523187 0.516407 0.505302 0.490155 0.471346 0.449337 0.424648 0.397844 0.369507 0.340221 0.310548 0.281013 0.252090 0.224191 0.197659 0.172762 0.149699 0.128597 0.109517 0.092465 0.077396 0.064226 0.052839 0.043097 0.034849 0.027939 0.022206 0.017499 0.013671 0.010589 0.008132 0.006192 0.004675 0.003499 0.002596 0.001910 0.001394 0.001008 0.000723 0.000514 0.000362 0.000253 0.000175 0.000119 0.000080 0.000051 0.000030 0.000014 0.000000 
0.000000 0.000013 0.000028 0.000047 0.000073 0.000111 0.000163 0.000239 0.000345 0.000493 0.000699 0.000983 0.001371 0.001895 0.002596 0.003528 0.004754 0.006350 0.008410 0.011044 0.014379 0.018561 0.023755 0.030141 0.037918 0.047292 0.058477 0.071688 0.087129 0.104986 0.125415 0.148530 0.174392 0.202993 0.234250 0.267988 0.303942 0.341745 0.380932 0.420947 0.461147 0.500821 0.539207 0.575516 0.608958 0.638770 0.664246 0.684762 0.699803 0.708986 0.712074 0.708986 0.699803 0.684762 0.664246 0.638770 0.608958 0.575516 0.539207 0.500821 0.461147 0.420947 0.380932 0.341745 0.303942 0.267988 0.234250 0.202993 0.174392 0.148530 0.125415 0.104986 0.087129 0.071688 0.058477 0.047292 0.037918 0.030141 0.023755 0.018561 0.014379 0.011044 0.008410 0.006350 0.004754 0.003528 0.002596 0.001895 0.001371 0.000983 0.000699 0.000493 0.000344 0.000238 0.000162 0.000108 0.000070 0.000041 0.000019 0.000000 
0.000000 0.000017 0.000037 0.000063 0.000099 0.000149 0.000221 0.000322 0.000465 0.000665 0.000943 0.001325 0.001848 0.002553 0.003499 0.004754 0.006404 0.008553 0.011326 0.014871 0.019359 0.024987 0.031974 0.040566 0.051026 0.063633 0.078676 0.096440 0.117200 0.141207 0.168669 0.199739 0.234498 0.272936 0.314939 0.360275 0.408584 0.459374 0.512022 0.565779 0.619782 0.673075 0.724637 0.773407 0.818325 0.858367 0.892583 0.920137 0.940338 0.952671 0.956818 0.952671 0.940338 0.920137 0.892583 0.858367 0.818325 0.773407 0.724637 0.673075 0.619782 0.565779 0.512022 0.459374 0.408584 0.360275 0.314939 0.272936 0.234498 0.199739 0.168669 0.141207 0.117200 0.096440 0.078676 0.063633 0.051026 0.040566 0.031974 0.024987 0.019359 0.014871 0.011326 0.008553 0.006404 0.004754 0.003499 0.002553 0.001847 0.001325 0.000943 0.000664 0.000464 0.000321 0.000219 0.000146 0.000094 0.000056 0.000026 0.000000 
0.000000 0.000023 0.000050 0.000085 0.000132 0.000200 0.000295 0.000431 0.000622 0.000889 0.001260 0.001772 0.002469 0.003412 0.004675 0.006350 0.008553 0.011422 0.015124 0.019855 0.025843 0.033351 0.042672 0.054132 0.068083 0.084896 0.104953 0.128638 0.156315 0.188316 0.224920 0.266331 0.312654 0.363876 0.419845 0.480250 0.544613 0.612278 0.682414 0.754022 0.825956 0.896942 0.965618 1.030574 1.090397 1.143725 1.189293 1.225988 1.252891 1.269315 1.274838 1.269315 1.252891 1.225988 1.189293 1.143725 1.090397 1.030574 0.965618 0.896942 0.825956 0.754022 0.682414 0.612278 0.544613 0.480250 0.419845 0.363876 0.312654 0.266331 0.224920 0.188316 0.156315 0.128638 0.104953 0.084896 0.068083 0.054132 0.042672 0.033351 0.025843 0.019855 0.015124 0.011422 0.008553 0.006350 0.004674 0.003412 0.002469 0.001771 0.001260 0.000888 0.000620 0.000429 0.000292 0.000195 0.000126 0.000075 0.000035 0.000000 
0.000000 0.000031 0.000066 0.000113 0.000176 0.000265 0.000391 0.000571 0.000824 0.001179 0.001671 0.002348 0.003272 0.004520 0.006192 0.008410 0.011326 0.015124 0.020022 0.026282 0.034205 0.044137 0.056467 0.071623 0.090071 0.112302 0.138821 0.170132 0.206718 0.249016 0.297393 0.352119 0.413331 0.481013 0.554960 0.634765 0.719792 0.809177 0.901821 0.996406 1.091416 1.185170 1.275870 1.361654 1.440658 1.511081 1.571256 1.619713 1.655238 1.676927 1.684220 1.676927 1.655238 1.619713 1.571256 1.511081 1.440658 1.361654 1.275870 1.185170 1.091416 0.996406 0.901821 0.809177 0.719792 0.634765 0.554960 0.481013 0.413331 0.352119 0.297393 0.249016 0.206718 0.170132 0.138821 0.112302 0.090071 0.071623 0.056467 0.044137 0.034205 0.026282 0.020022 0.015124 0.011326 0.008410 0.006192 0.004520 0.003272 0.002348 0.001670 0.001178 0.000823 0.000569 0.000388 0.000259 0.000167 0.000099 0.000046 0.000000 
0.000000 0.000041 0.000087 0.000148 0.000231 0.000348 0.000515 0.000751 0.001083 0.001549 0.002196 0.003085 0.004298 0.005937 0.008132 0.011044 0.014871 0.019855 0.026282 0.034495 0.044888 0.057915 0.074085 0.093960 0.118150 0.147296 0.182060 0.223102 0.271054 0.326489 0.389885 0.461595 0.541799 0.630472 0.727349 0.831892 0.943270 1.060350 1.181692 1.305570 1.429999 1.552779 1.671555 1.783889 1.887342 1.979557 2.058351 2.121800 2.168316 2.196714 2.206263 2.196714 2.168316 2.121800 2.058351 1.979557 1.887342 1.783889 1.671555 1.552779 1.429999 1.305570 1.181692 1.060350 0.943270 0.831892 0.727349 0.630472 0.541799 0.461595 0.389885 0.326489 0.271054 0.223102 0.182060 0.147296 0.118150 0.093960 0.074085 0.057915 0.044888 0.034495 0.026282 0.019855 0.014871 0.011044 0.008132 0.005937 0.004298 0.003085 0.002195 0.001548 0.001081 0.000748 0.000510 0.000341 0.000220 0.000130 0.000061 0.000000 
0.000000 0.000053 0.000114 0.000193 0.000302 0.000454 0.000671 0.000978 0.001412 0.002019 0.002861 0.004019 0.005598 0.007732 0.010589 0.014379 0.019359 0.025843 0.034205 0.044888 0.058406 0.075347 0.096374 0.122216 0.153663 0.191551 0.236739 0.290081 0.352398 0.424433 0.506808 0.599978 0.704176 0.819369 0.945210 1.081002 1.225663 1.377722 1.535308 1.696181 1.857762 2.017195 2.171423 2.317283 2.451607 2.571337 2.673640 2.756018 2.816410 2.853280 2.865677 2.853280 2.816410 2.756018 2.673640 2.571337 2.451607 2.317283 2.171423 2.017195 1.857762 1.696181 1.535308 1.377722 1.225663 1.081002 0.945210 0.819369 0.704176 0.599978 0.506808 0.424433 0.352398 0.290081 0.236739 0.191551 0.153663 0.122216 0.096374 0.075347 0.058406 0.044888 0.034205 0.025843 0.019359 0.014379 0.010589 0.007732 0.005598 0.004018 0.002860 0.002017 0.001409 0.000975 0.000665 0.000445 0.000287 0.000170 0.000079 0.000000 
0.000000 0.000068 0.000148 0.000250 0.000390 0.000587 0.000867 0.001265 0.001824 0.002608 0.003695 0.005191 0.007230 0.009984 0.013671 0.018561 0.024987 0.033351 0.044137 0.057915 0.075347 0.097192 0.124301 0.157615 0.198152 0.246986 0.305222 0.373963 0.454262 0.547075 0.653202 0.773228 0.907451 1.055828 1.217911 1.392798 1.579099 1.774915 1.977841 2.184989 2.393040 2.598317 2.796888 2.984678 3.157611 3.311752 3.443454 3.549504 3.627250 3.674714 3.690673 3.674714 3.627250 3.549504 3.443454 3.311752 3.157611 2.984678 2.796888 2.598317 2.393040 2.184989 1.977841 1.774915 1.579099 1.392798 1.217911 1.055828 0.907451 0.773228 0.653202 0.547075 0.454262 0.373963 0.305222 0.246986 0.198152 0.157615 0.124301 0.097192 0.075347 0.057915 0.044137 0.033351 0.024987 0.018561 0.013671 0.009984 0.007229 0.005190 0.003694 0.002606 0.001821 0.001259 0.000859 0.000575 0.000371 0.000220 0.000102 0.000000 
0.000000 0.000088 0.000189 0.000320 0.000500 0.000753 0.001111 0.001620 0.002337 0.003340 0.004732 0.006647 0.009256 0.012781 0.017499 0.023755 0.031974 0.042672 0.056467 0.074085 0.096374 0.124301 0.158955 0.201537 0.253346 0.315753 0.390169 0.478000 0.580591 0.699161 0.834730 0.988041 1.159476 1.348976 1.555968 1.779299 2.017192 2.267223 2.526320 2.790796 3.056415 3.318483 3.571980 3.811708 4.032465 4.229227 4.397344 4.532714 4.631954 4.692539 4.712910 4.692539 4.631954 4.532714 4.397344 4.229227 4.032465 3.811708 3.571980 3.318483 3.056415 2.790796 2.526320 2.267223 2.017192 1.779299 1.555968 1.348976 1.159476 0.988041 0.834730 0.699161 0.580591 0.478000 0.390169 0.315753 0.253346 0.201537 0.158955 0.124301 0.096374 0.074085 0.056467 0.042672 0.031974 0.023755 0.017498 0.012781 0.009256 0.006646 0.004731 0.003338 0.002333 0.001614 0.001101 0.000737 0.000475 0.000282 0.000131 0.000000 
0.000000 0.000111 0.000240 0.000407 0.000635 0.000956 0.001412 0.002058 0.002968 0.004242 0.006008 0.008438 0.011749 0.016221 0.022206 0.030141 0.040566 0.054132 0.071623 0.093960 0.122216 0.157615 0.201537 0.255502 0.321153 0.400228 0.494511 0.605781 0.735739 0.885927 1.057635 1.251801 1.468906 1.708873 1.970975 2.253750 2.554948 2.871498 3.199511 3.534320 3.870563 4.202299 4.523176 4.826615 5.106034 5.355078 5.567861 5.739195 5.864798 5.941477 5.967259 5.941477 5.864798 5.739195 5.567861 5.355078 5.106034 4.826615 4.523176 4.202299 3.870563 3.534320 3.199511 2.871498 2.554948 2.253750 1.970975 1.708873 1.468906 1.251801 1.057635 0.885927 0.735739 0.605781 0.494511 0.400228 0.321153 0.255502 0.201537 0.157615 0.122216 0.093960 0.071623 0.054132 0.040566 0.030141 0.022206 0.016221 0.011749 0.008437 0.006006 0.004238 0.002963 0.002050 0.001399 0.000936 0.000603 0.000358 0.000167 0.000000 
0.000000 0.000140 0.000303 0.000513 0.000800 0.001205 0.001778 0.002592 0.003737 0.005340 0.007563 0.010620 0.014786 0.020411 0.027939 0.037918 0.051026 0.068083 0.090071 0.118150 0.153663 0.198152 0.253346 0.321153 0.403638 0.502979 0.621416 0.761181 0.924407 1.113028 1.328660 1.572479 1.845085 2.146380 2.475447 2.830451 3.208564 3.605932 4.017670 4.437922 4.859957 5.276324 5.679047 6.059875 6.410548 6.723094 6.990129 7.205143 7.362767 7.458993 7.491347 7.458993 7.362767 7.205143 6.990129 6.723094 6.410548 6.059875 5.679047 5.276324 4.859957 4.437922 4.017670 3.605932 3.208564 2.830451 2.475447 2.146380 1.845085 1.572479 1.328660 1.113028 0.924407 0.761181 0.621416 0.502979 0.403638 0.321153 0.253346 0.198152 0.153663 0.118150 0.090071 0.068083 0.051026 0.037918 0.027938 0.020411 0.014785 0.010619 0.007561 0.005336 0.003731 0.002581 0.001762 0.001179 0.000760 0.000452 0.000210 0.000000 
0.000000 0.000175 0.000378 0.000640 0.000999 0.001504 0.002221 0.003235 0.004665 0.006665 0.009439 0.013252 0.018448 0.025463 0.034849 0.047292 0.063633 0.084896 0.112302 0.147296 0.191551 0.246986 0.315753 0.400228 0.502979 0.626717 0.774230 0.948292 1.151558 1.386431 1.654921 1.958487 2.297874 2.672957 3.082590 3.524486 3.995127 4.489709 5.002158 5.525182 6.050406 6.568559 7.069719 7.543619 7.979985 8.368899 8.701176 8.968719 9.164849 9.284583 9.324841 9.284583 9.164849 8.968719 8.701176 8.368899 7.979985 7.543619 7.069719 6.568559 6.050406 5.525182 5.002158 4.489709 3.995127 3.524486 3.082590 2.672957 2.297874 1.958487 1.654921 1.386431 1.151558 0.948292 0.774230 0.626717 0.502979 0.400228 0.315753 0.246986 0.191551 0.147296 0.112302 0.084896 0.063633 0.047292 0.034849 0.025463 0.018447 0.013250 0.009436 0.006660 0.004657 0.003222 0.002200 0.001472 0.000949 0.000564 0.000262 0.000000 
0.000000 0.000217 0.000469 0.000793 0.001237 0.001862 0.002749 0.004005 0.005774 0.008247 0.011678 0.016394 0.022819 0.031493 0.043097 0.058477 0.078676 0.104953 0.138821 0.182060 0.236739 0.305222 0.390169 0.494511 0.621416 0.774230 0.956390 1.171320 1.422292 1.712270 2.043730 2.418469 2.837403 3.300373 3.805962 4.351346 4.932177 5.542530 6.174904 6.820305 7.468400 8.107747 8.726111 9.310825 9.849216 10.329053 10.739004 11.069085 11.311058 11.458776 11.508444 11.458776 11.311058 11.069085 10.739004 10.329053 9.849216 9.310825 8.726111 8.107747 7.468400 6.820305 6.174904 5.542530 4.932177 4.351346 3.805962 3.300373 2.837403 2.418469 2.043730 1.712270 1.422292 1.171320 0.956390 0.774230 0.621416 0.494511 0.390169 0.305222 0.236739 0.182060 0.138821 0.104953 0.078675 0.058477 0.043096 0.031492 0.022817 0.016392 0.011674 0.008241 0.005763 0.003988 0.002723 0.001822 0.001176 0.000698 0.000325 0.000000 
0.000000 0.000267 0.000575 0.000973 0.001519 0.002286 0.003373 0.004914 0.007084 0.010118 0.014324 0.020106 0.027983 0.038616 0.052839 0.071688 0.096440 0.128638 0.170132 0.223102 0.290081 0.373963 0.478000 0.605781 0.761181 0.948292 1.171320 1.434451 1.741685 2.096646 2.502361 2.961022 3.473746 4.040334 4.659049 5.326430 6.037156 6.783975 7.557709 8.347354 9.140267 9.922456 10.678952 11.394265 12.052894 12.639881 13.141370 13.545150 13.841146 14.021844 14.082600 14.021844 13.841146 13.545150 13.141370 12.639881 12.052894 11.394265 10.678952 9.922456 9.140267 8.347354 7.557709 6.783975 6.037156 5.326430 4.659049 4.040334 3.473746 2.961022 2.502361 2.096646 1.741685 1.434451 1.171320 0.948292 0.761181 0.605781 0.478000 0.373963 0.290081 0.223102 0.170132 0.128638 0.096439 0.071688 0.052838 0.038615 0.027981 0.020104 0.014319 0.010110 0.007071 0.004894 0.003342 0.002237 0.001443 0.000857 0.000399 0.000000 
0.000000 0.000324 0.000700 0.001185 0.001848 0.002781 0.004104 0.005977 0.008616 0.012305 0.017419 0.024447 0.034021 0.046943 0.064226 0.087129 0.117200 0.156315 0.206718 0.271054 0.352398 0.454262 0.580591 0.735739 0.924407 1.151558 1.422292 1.741685 2.114588 2.545391 3.037762 3.594357 4.216524 4.904018 5.654725 6.464444 7.326715 8.232739 9.171380 10.129290 11.091135 12.039943 12.957562 13.825206 14.624080 15.336044 15.944297 16.434034 16.793039 17.012201 17.085889 17.012201 16.793039 16.434034 15.944297 15.336044 14.624080 13.825206 12.957562 12.039943 11.091135 10.129290 9.171380 8.232739 7.326715 6.464444 5.654725 4.904018 4.216524 3.594357 3.037762 2.545391 2.114588 1.741685 1.422292 1.151558 0.924407 0.735739 0.580591 0.454262 0.352398 0.271054 0.206718 0.156315 0.117200 0.087129 0.064225 0.046942 0.034019 0.024444 0.017413 0.012295 0.008601 0.005953 0.004066 0.002722 0.001756 0.001043 0.000485 0.000000 
0.000000 0.000392 0.000845 0.001429 0.002229 0.003355 0.004950 0.007209 0.010389 0.014836 0.021000 0.029470 0.041006 0.056575 0.077396 0.104986 0.141207 0.188316 0.249016 0.326489 0.424433 0.547075 0.699161 0.885927 1.113028 1.386431 1.712270 2.096646 2.545391 3.063782 3.656223 4.325904 5.074443 5.901535 6.804634 7.778682 8.815905 9.905715 11.034720 12.186863 13.343704 14.484834 15.588426 16.631892 17.592632 18.448840 19.180316 19.769258 20.200984 20.464537 20.553151 20.464537 20.200984 19.769258 19.180316 18.448840 17.592632 16.631892 15.588426 14.484834 13.343704 12.186863 11.034720 9.905715 8.815905 7.778682 6.804634 5.901535 5.074443 4.325904 3.656223 3.063782 2.545391 2.096646 1.712270 1.386431 1.113028 0.885927 0.699161 0.547075 0.424433 0.326489 0.249015 0.188316 0.141206 0.104986 0.077395 0.056573 0.041003 0.029465 0.020992 0.014824 0.010371 0.007179 0.004904 0.003283 0.002118 0.001259 0.000585 0.000000 
0.000000 0.000468 0.001011 0.001709 0.002666 0.004012 0.005918 0.008618 0.012420 0.017733 0.025098 0.035218 0.048999 0.067596 0.092465 0.125415 0.168669 0.224920 0.297393 0.389885 0.506808 0.653202 0.834730 1.057635 1.328660 1.654921 2.043730 2.502361 3.037762 3.656223 4.362991 5.161863 6.054760 7.041313 8.118481 9.280223 10.517265 11.816978 13.163388 14.537350 15.916874 17.277628 18.593588 19.837825 20.983399 22.004314 22.876491 23.578710 24.093470 24.407710 24.513367 24.407710 24.093470 23.578710 22.876491 22.004314 20.983399 19.837825 18.593588 17.277628 15.916874 14.537350 13.163388 11.816978 10.517265 9.280223 8.118481 7.041313 6.054760 5.161863 4.362991 3.656223 3.037762 2.502361 2.043730 1.654921 1.328660 1.057635 0.834730 0.653202 0.506808 0.389885 0.297393 0.224920 0.168668 0.125414 0.092464 0.067595 0.048996 0.035212 0.025089 0.017719 0.012398 0.008583 0.005863 0.003925 0.002533 0.001505 0.000700 0.000000 
0.000000 0.000555 0.001198 0.002027 0.003161 0.004755 0.007015 0.010214 0.014718 0.021013 0.029737 0.041724 0.058046 0.080069 0.109517 0.148530 0.199739 0.266331 0.352119 0.461595 0.599978 0.773228 0.988041 1.251801 1.572479 1.958487 2.418469 2.961022 3.594357 4.325904 5.161863 6.106714 7.162721 8.329442 9.603271 10.977061 12.439841 13.976674 15.568673 17.193201 18.824260 20.433087 21.988918 23.459924 24.814262 26.021205 27.052294 27.882451 28.490991 28.862479 28.987383 28.862479 28.490991 27.882451 27.052294 26.021205 24.814262 23.459924 21.988918 20.433087 18.824260 17.193201 15.568673 13.976674 12.439841 10.977061 9.603271 8.329442 7.162721 6.106714 5.161863 4.325904 3.594357 2.961022 2.418469 1.958487 1.572479 1.251801 0.988041 0.773228 0.599978 0.461595 0.352118 0.266331 0.199739 0.148530 0.109516 0.080067 0.058042 0.041718 0.029727 0.020997 0.014692 0.010173 0.006950 0.004653 0.003003 0.001785 0.000830 0.000000 
0.000000 0.000653 0.001409 0.002382 0.003715 0.005589 0.008244 0.012002 0.017292 0.024685 0.034931 0.049006 0.068170 0.094027 0.128597 0.174392 0.234498 0.312654 0.413331 0.541799 0.704176 0.907451 1.159476 1.468906 1.845085 2.297874 2.837403 3.473746 4.216524 5.074443 6.054760 7.162721 8.400973 9.768987 11.262528 12.873211 14.588169 16.389887 18.256222 20.160636 22.072658 23.958573 25.782327 27.506616 29.094121 30.508836 31.717410 32.690455 33.403733 33.839158 33.985558 33.839158 33.403733 32.690455 31.717410 30.508836 29.094121 27.506616 25.782327 23.958573 22.072658 20.160636 18.256222 16.389887 14.588169 12.873211 11.262528 9.768987 8.400973 7.162721 6.054760 5.074443 4.216524 3.473746 2.837403 2.297874 1.845085 1.468906 1.159476 0.907451 0.704176 0.541799 0.413331 0.312654 0.234497 0.174391 0.128595 0.094024 0.068165 0.048998 0.034919 0.024666 0.017261 0.011953 0.008167 0.005469 0.003529 0.002097 0.000975 0.000000 
0.000000 0.000761 0.001641 0.002776 0.004329 0.006511 0.009603 0.013979 0.020140 0.028748 0.040676 0.057062 0.079369 0.109465 0.149699 0.202993 0.272936 0.363876 0.481013 0.630472 0.819369 1.055828 1.348976 1.708873 2.146380 2.672957 3.300373 4.040334 4.904018 5.901535 7.041313 8.329442 9.768987 11.359324 13.095524 14.967830 16.961281 19.055517 21.224797 23.438278 25.660548 27.852425 29.972014 31.975967 33.820923 35.465044 36.869582 38.000391 38.829310 39.335326 39.505460 39.335326 38.829310 38.000391 36.869582 35.465044 33.820923 31.975967 29.972014 27.852425 25.660548 23.438278 21.224797 19.055517 16.961281 14.967830 13.095524 11.359324 9.768987 8.329442 7.041313 5.901535 4.904018 4.040334 3.300373 2.672957 2.146380 1.708873 1.348976 1.055828 0.819369 0.630472 0.481012 0.363876 0.272936 0.202992 0.149697 0.109462 0.079364 0.057053 0.040662 0.028726 0.020104 0.013922 0.009513 0.006371 0.004112 0.002444 0.001137 0.000000 
0.000000 0.000879 0.001896 0.003207 0.005000 0.007520 0.011090 0.016142 0.023254 0.033190 0.046958 0.065868 0.091611 0.126339 0.172762 0.234250 0.314939 0.419845 0.554960 0.727349 0.945210 1.217911 1.555968 1.970975 2.475447 3.082590 3.805962 4.659049 5.654725 6.804634 8.118481 9.603271 11.262528 13.095524 15.096565 17.254403 19.551789 21.965254 24.465134 27.015887 29.576708 32.102454 34.544853 36.853967 38.979841 40.874276 42.492634 43.795582 44.750678 45.333716 45.529748 45.333716 44.750678 43.795582 42.492634 40.874276 38.979841 36.853967 34.544853 32.102454 29.576708 27.015887 24.465134 21.965254 19.551789 17.254403 15.096565 13.095524 11.262528 9.603271 8.118481 6.804634 5.654725 4.659049 3.805962 3.082590 2.475447 1.970975 1.555968 1.217911 0.945210 0.727349 0.554960 0.419844 0.314938 0.234248 0.172760 0.126336 0.091605 0.065858 0.046942 0.033164 0.023213 0.016076 0.010986 0.007358 0.004749 0.002823 0.001313 0.000000 
0.000000 0.001006 0.002171 0.003672 0.005725 0.008609 0.012696 0.018479 0.026617 0.037988 0.053741 0.075377 0.104828 0.144556 0.197659 0.267988 0.360275 0.480250 0.634765 0.831892 1.081002 1.392798 1.779299 2.253750 2.830451 3.524486 4.351346 5.326430 6.464444 7.778682 9.280223 10.977061 12.873211 14.967830 17.254403 19.720068 22.345110 25.102710 27.958975 30.873295 33.799054 36.684683 39.475040 42.113081 44.541746 46.705983 48.554806 50.043291 51.134384 51.800439 52.024382 51.800439 51.134384 50.043291 48.554806 46.705983 44.541746 42.113081 39.475040 36.684683 33.799054 30.873295 27.958975 25.102710 22.345110 19.720068 17.254403 14.967830 12.873211 10.977061 9.280223 7.778682 6.464444 5.326430 4.351346 3.524486 2.830451 2.253750 1.779299 1.392798 1.081002 0.831892 0.634764 0.480249 0.360274 0.267987 0.197656 0.144552 0.104821 0.075366 0.053722 0.037958 0.026570 0.018403 0.012577 0.008424 0.005438 0.003232 0.001503 0.000000 
0.000000 0.001143 0.002465 0.004168 0.006498 0.009771 0.014408 0.020970 0.030203 0.043102 0.060972 0.085513 0.118916 0.163971 0.224191 0.303942 0.408584 0.544613 0.719792 0.943270 1.225663 1.579099 2.017192 2.554948 3.208564 3.995127 4.932177 6.037156 7.326715 8.815905 10.517265 12.439841 14.588169 16.961281 19.551789 22.345110 25.318906 28.442789 31.678365 34.979632 38.293790 41.562430 44.723099 47.711195 50.462095 52.913456 55.007538 56.693468 57.929286 58.683685 58.937331 58.683685 57.929286 56.693468 55.007538 52.913456 50.462095 47.711195 44.723099 41.562430 38.293790 34.979632 31.678365 28.442789 25.318906 22.345110 19.551789 16.961281 14.588169 12.439841 10.517265 8.815905 7.326715 6.037156 4.932177 3.995127 3.208564 2.554948 2.017192 1.579099 1.225663 0.943270 0.719792 0.544612 0.408583 0.303940 0.224188 0.163967 0.118908 0.085500 0.060951 0.043068 0.030149 0.020884 0.014273 0.009561 0.006172 0.003669 0.001706 0.000000 
0.000000 0.001286 0.002774 0.004690 0.007311 0.010994 0.016210 0.023590 0.033975 0.048482 0.068577 0.096173 0.133731 0.184388 0.252090 0.341745 0.459374 0.612278 0.809177 1.060350 1.377722 1.774915 2.267223 2.871498 3.605932 4.489709 5.542530 6.783975 8.232739 9.905715 11.816978 13.976674 16.389887 19.055517 21.965254 25.102710 28.442789 31.951358 35.585291 39.292928 43.014971 46.685831 50.235379 53.591073 56.680356 59.433224 61.784850 63.678113 65.065903 65.913070 66.197906 65.913070 65.065903 63.678113 61.784850 59.433224 56.680356 53.591073 50.235379 46.685831 43.014971 39.292928 35.585291 31.951358 28.442789 25.102710 21.965254 19.055517 16.389887 13.976674 11.816978 9.905715 8.232739 6.783975 5.542530 4.489709 3.605932 2.871498 2.267223 1.774915 1.377722 1.060349 0.809177 0.612277 0.459373 0.341743 0.252087 0.184383 0.133722 0.096158 0.068553 0.048444 0.033915 0.023494 0.016058 0.010757 0.006945 0.004128 0.001920 0.000000 
0.000000 0.001434 0.003094 0.005232 0.008155 0.012262 0.018079 0.026308 0.037888 0.054061 0.076463 0.107226 0.149092 0.205555 0.281013 0.380932 0.512022 0.682414 0.901821 1.181692 1.535308 1.977841 2.526320 3.199511 4.017670 5.002158 6.174904 7.557709 9.171380 11.034720 13.163388 15.568673 18.256222 21.224797 24.465134 27.958975 31.678365 35.585291 39.631732 43.760163 47.904564 51.991907 55.944119 59.680438 63.120089 66.185141 68.803429 70.911364 72.456504 73.399722 73.716852 73.399722 72.456504 70.911364 68.803429 66.185141 63.120089 59.680438 55.944119 51.991907 47.904564 43.760163 39.631732 35.585291 31.678365 27.958975 24.465134 21.224797 18.256222 15.568673 13.163388 11.034720 9.171380 7.557709 6.174904 5.002157 4.017670 3.199511 2.526320 1.977841 1.535308 1.181692 0.901821 0.682413 0.512021 0.380930 0.281010 0.205549 0.149082 0.107210 0.076437 0.054018 0.037820 0.026200 0.017909 0.011998 0.007746 0.004605 0.002142 0.000000 
0.000000 0.001586 0.003422 0.005785 0.009017 0.013558 0.019988 0.029085 0.041884 0.059759 0.084519 0.118515 0.164780 0.227172 0.310548 0.420947 0.565779 0.754022 0.996406 1.305570 1.696181 2.184989 2.790796 3.534320 4.437922 5.525182 6.820305 8.347354 10.129290 12.186863 14.537350 17.193201 20.160636 23.438278 27.015887 30.873295 34.979632 39.292928 43.760163 48.317836 52.893064 57.405237 61.768175 65.892736 69.689762 73.073241 75.963519 78.290415 79.996049 81.037235 81.387303 81.037235 79.996049 78.290415 75.963519 73.073241 69.689762 65.892736 61.768175 57.405237 52.893064 48.317836 43.760163 39.292928 34.979632 30.873295 27.015887 23.438278 20.160636 17.193201 14.537350 12.186863 10.129290 8.347354 6.820305 5.525182 4.437922 3.534320 2.790796 2.184989 1.696181 1.305570 0.996406 0.754022 0.565778 0.420945 0.310544 0.227165 0.164769 0.118497 0.084489 0.059712 0.041809 0.028966 0.019801 0.013265 0.008565 0.005092 0.002369 0.000000 
0.000000 0.001739 0.003751 0.006342 0.009884 0.014861 0.021907 0.031876 0.045900 0.065486 0.092613 0.129859 0.180542 0.248890 0.340221 0.461147 0.619782 0.825956 1.091416 1.429999 1.857762 2.393040 3.056415 3.870563 4.859957 6.050406 7.468400 9.140267 11.091135 13.343704 15.916874 18.824260 22.072658 25.660548 29.576708 33.799054 38.293790 43.014971 47.904564 52.893064 57.900705 62.839265 67.614430 72.128647 76.284348 79.987406 83.150658 85.697306 87.564011 88.703519 89.086645 88.703519 87.564011 85.697306 83.150658 79.987406 76.284348 72.128647 67.614430 62.839265 57.900705 52.893064 47.904564 43.014971 38.293790 33.799054 29.576708 25.660548 22.072658 18.824260 15.916874 13.343704 11.091135 9.140267 7.468400 6.050406 4.859957 3.870563 3.056415 2.393040 1.857762 1.429999 1.091415 0.825955 0.619780 0.461144 0.340217 0.248883 0.180530 0.129839 0.092581 0.065434 0.045818 0.031745 0.021702 0.014540 0.009388 0.005582 0.002596 0.000000 
0.000000 0.001890 0.004076 0.006891 0.010740 0.016147 0.023802 0.034631 0.049865 0.071139 0.100604 0.141056 0.196101 0.270326 0.369507 0.500821 0.673075 0.896942 1.185170 1.552779 2.017195 2.598317 3.318483 4.202299 5.276324 6.568559 8.107747 9.922456 12.039943 14.484834 17.277628 20.433087 23.958573 27.852425 32.102454 36.684683 41.562430 46.685831 51.991907 57.405237 62.839265 68.198265 73.379903 78.278333 82.787694 86.805862 90.238269 93.001592 95.027115 96.263567 96.679287 96.263567 95.027115 93.001592 90.238269 86.805862 82.787694 78.278333 73.379903 68.198265 62.839265 57.405237 51.991907 46.685831 41.562430 36.684683 32.102454 27.852425 23.958573 20.433087 17.277628 14.484834 12.039943 9.922456 8.107747 6.568559 5.276324 4.202299 3.318483 2.598317 2.017194 1.552778 1.185169 0.896941 0.673074 0.500818 0.369503 0.270318 0.196088 0.141035 0.100569 0.071083 0.049775 0.034489 0.023579 0.015798 0.010201 0.006065 0.002821 0.000000 
0.000000 0.002036 0.004391 0.007423 0.011569 0.017392 0.025636 0.037298 0.053703 0.076611 0.108336 0.151892 0.211156 0.291068 0.397844 0.539207 0.724637 0.965618 1.275870 1.671555 2.171423 2.796888 3.571980 4.523176 5.679047 7.069719 8.726111 10.678952 12.957562 15.588426 18.593588 21.988918 25.782327 29.972014 34.544853 39.475040 44.723099 50.235379 55.944119 61.768175 67.614430 73.379903 78.954507 84.224378 89.075642 93.398442 97.091052 100.063843 102.242899 103.573072 104.020301 103.573072 102.242899 100.063843 97.091052 93.398442 89.075642 84.224378 78.954507 73.379903 67.614430 61.768175 55.944119 50.235379 44.723099 39.475040 34.544853 29.972014 25.782327 21.988918 18.593588 15.588426 12.957562 10.678952 8.726111 7.069719 5.679047 4.523176 3.571980 2.796888 2.171423 1.671554 1.275869 0.965617 0.724635 0.539204 0.397839 0.291060 0.211142 0.151868 0.108299 0.076550 0.053606 0.037144 0.025395 0.017016 0.010988 0.006533 0.003039 0.000000 
