0.000000 0.000000 0.000000 0.000000 0.000000 0.000000 0.000000 0.000000 0.000000 0.000000 0.000000 0.000000 0.000000 0.000000 0.000000 0.000000 0.000000 0.000000 0.000000 0.000000 0.000000 0.000000 0.000000 0.000000 0.000000 0.000000 0.000000 0.000000 0.000000 0.000000 0.000000 0.000000 0.000000 0.000000 0.000000 0.000000 0.000000 0.000000 0.000000 0.000000 0.000000 0.000000 0.000000 0.000000 0.000000 0.000000 0.000000 0.000000 0.000000 0.000000 0.000000 0.000000 0.000000 0.000000 0.000000 0.000000 0.000000 0.000000 0.000000 0.000000 0.000000 0.000000 0.000000 0.000000 0.000000 0.000000 0.000000 0.000000 0.000000 0.000000 0.000000 0.000000 0.000000 0.000000 0.000000 0.000000 0.000000 0.000000 0.000000 0.000000 0.000000 0.000000 0.000000 0.000000 0.000000 0.000000 0.000000 0.000000 0.000000 0.000000 0.000000 0.000000 0.000000 0.000000 0.000000 0.000000 0.000000 0.000000 0.000000 0.000000 
0.000000 0.000000 0.000000 0.000000 0.000000 0.000000 0.000000 0.000000 0.000000 0.000000 0.000000 0.000000 0.000000 0.000000 0.000000 0.000000 0.000000 0.000000 0.000000 0.000000 0.000000 0.000000 0.000000 0.000000 0.000000 0.000000 0.000000 0.000000 0.000000 0.000000 0.000000 0.000000 0.000000 0.000000 0.000000 0.000000 0.000000 0.000000 0.000000 0.000000 0.000000 0.000000 0.000000 0.000000 0.000000 0.000000 0.000000 0.000000 0.000000 0.000000 0.000000 0.000000 0.000000 0.000000 0.000000 0.000000 0.000000 0.000000 0.000000 0.000000 0.000000 0.000000 0.000000 0.000000 0.000000 0.000000 0.000000 0.000000 0.000000 0.000000 0.000000 0.000000 0.000000 0.000000 0.000000 0.000000 0.000000 0.000000 0.000000 0.000000 0.000000 0.000000 0.000000 0.000000 0.000000 0.000000 0.000000 0.000000 0.000000 0.000000 0.000000 0.000000 0.000000 0.000000 0.000000 0.000000 0.000000 0.000000 0.000000 0.000000 
0.000000 0.000000 0.000000 0.000000 0.000000 0.000000 0.000000 0.000000 0.000000 0.000000 0.000000 0.000000 0.000000 0.000000 0.000000 0.000000 0.000000 0.000000 0.000000 0.000000 0.000000 0.000000 0.000000 0.000000 0.000000 0.000000 0.000000 0.000000 0.000000 0.000000 0.000000 0.000000 0.000000 0.000000 0.000000 0.000000 0.000000 0.000000 0.000000 0.000000 0.000000 0.000000 0.000000 0.000000 0.000000 0.000000 0.000000 0.000000 0.000000 0.000000 0.000000 0.000000 0.000000 0.000000 0.000000 0.000000 0.000000 0.000000 0.000000 0.000000 0.000000 0.000000 0.000000 0.000000 0.000000 0.000000 0.000000 0.000000 0.000000 0.000000 0.000000 0.000000 0.000000 0.000000 0.000000 0.000000 0.000000 0.000000 0.000000 0.000000 0.000000 0.000000 0.000000 0.000000 0.000000 0.000000 0.000000 0.000000 0.000000 0.000000 0.000000 0.000000 0.000000 0.000000 0.000000 0.000000 0.000000 0.000000 0.000000 0.000000 
0.000000 0.000000 0.000000 0.000000 0.000000 0.000000 0.000000 0.000000 0.000000 0.000000 0.000000 0.000000 0.000000 0.000000 0.000000 0.000000 0.000000 0.000000 0.000000 0.000000 0.000000 0.000000 0.000000 0.000000 0.000000 0.000000 0.000000 0.000000 0.000000 0.000000 0.000000 0.000000 0.000000 0.000000 0.000000 0.000000 0.000000 0.000000 0.000000 0.000000 0.000000 0.000000 0.000000 0.000000 0.000000 0.000000 0.000000 0.000000 0.000000 0.000000 0.000000 0.000000 0.000000 0.000000 0.000000 0.000000 0.000000 0.000000 0.000000 0.000000 0.000000 0.000000 0.000000 0.000000 0.000000 0.000000 0.000000 0.000000 0.000000 0.000000 0.000000 0.000000 0.000000 0.000000 0.000000 0.000000 0.000000 0.000000 0.000000 0.000000 0.000000 0.000000 0.000000 0.000000 0.000000 0.000000 0.000000 0.000000 0.000000 0.000000 0.000000 0.000000 0.000000 0.000000 0.000000 0.000000 0.000000 0.000000 0.000000 0.000000 
0.000000 0.000000 0.000000 0.000000 0.000000 0.000000 0.000000 0.000000 0.000000 0.000000 0.000000 0.000000 0.000000 0.000000 0.000000 0.000000 0.000000 0.000000 0.000000 0.000000 0.000000 0.000000 0.000000 0.000000 0.000000 0.000000 0.000000 0.000000 0.000000 0.000000 0.000000 0.000000 0.000000 0.000000 0.000000 0.000000 0.000000 0.000000 0.000000 0.000000 0.000000 0.000000 0.000000 0.000000 0.000000 0.000000 0.000000 0.000000 0.000000 0.000000 0.000000 0.000000 0.000000 0.000000 0.000000 0.000000 0.000000 0.000000 0.000000 0.000000 0.000000 0.000000 0.000000 0.000000 0.000000 0.000000 0.000000 0.000000 0.000000 0.000000 0.000000 0.000000 0.000000 0.000000 0.000000 0.000000 0.000000 0.000000 0.000000 0.000000 0.000000 0.000000 0.000000 0.000000 0.000000 0.000000 0.000000 0.000000 0.000000 0.000000 0.000000 0.000000 0.000000 0.000000 0.000000 0.000000 0.000000 0.000000 0.000000 0.000000 
0.000000 0.000000 0.000000 0.000000 0.000000 0.000000 0.000000 0.000000 0.000000 0.000000 0.000000 0.000000 0.000000 0.000000 0.000000 0.000000 0.000000 0.000000 0.000000 0.000000 0.000000 0.000000 0.000000 0.000000 0.000000 0.000000 0.000000 0.000000 0.000000 0.000000 0.000000 0.000000 0.000000 0.000000 0.000000 0.000000 0.000000 0.000000 0.000000 0.000000 0.000000 0.000000 0.000000 0.000000 0.000000 0.000000 0.000000 0.000000 0.000000 0.000000 0.000000 0.000000 0.000000 0.000000 0.000000 0.000000 0.000000 0.000000 0.000000 0.000000 0.000000 0.000000 0.000000 0.000000 0.000000 0.000000 0.000000 0.000000 0.000000 0.000000 0.000000 0.000000 0.000000 0.000000 0.000000 0.000000 0.000000 0.000000 0.000000 0.000000 0.000000 0.000000 0.000000 0.000000 0.000000 0.000000 0.000000 0.000000 0.000000 0.000000 0.000000 0.000000 0.000000 0.000000 0.000000 0.000000 0.000000 0.000000 0.000000 0.000000 
0.000000 0.000000 0.000000 0.000000 0.000000 0.000000 0.000000 0.000000 0.000000 0.000000 0.000000 0.000000 0.000000 0.000000 0.000000 0.000000 0.000000 0.000000 0.000000 0.000000 0.000000 0.000000 0.000000 0.000000 0.000000 0.000000 0.000000 0.000000 0.000000 0.000000 0.000000 0.000000 0.000000 0.000000 0.000000 0.000000 0.000000 0.000000 0.000000 0.000000 0.000000 0.000000 0.000000 0.000000 0.000000 0.000000 0.000000 0.000000 0.000000 0.000000 0.000000 0.000000 0.000000 0.000000 0.000000 0.000000 0.000000 0.000000 0.000000 0.000000 0.000000 0.000000 0.000000 0.000000 0.000000 0.000000 0.000000 0.000000 0.000000 0.000000 0.000000 0.000000 0.000000 0.000000 0.000000 0.000000 0.000000 0.000000 0.000000 0.000000 0.000000 0.000000 0.000000 0.000000 0.000000 0.000000 0.000000 0.000000 0.000000 0.000000 0.000000 0.000000 0.000000 0.000000 0.000000 0.000000 0.000000 0.000000 0.000000 0.000000 
0.000000 0.000000 0.000000 0.000000 0.000000 0.000000 0.000000 0.000000 0.000000 0.000000 0.000000 0.000000 0.000000 0.000000 0.000000 0.000000 0.000000 0.000000 0.000000 0.000000 0.000000 0.000000 0.000000 0.000000 0.000000 0.000000 0.000000 0.000000 0.000000 0.000000 0.000000 0.000000 0.000000 0.000000 0.000000 0.000000 0.000000 0.000000 0.000000 0.000000 0.000000 0.000000 0.000000 0.000000 0.000000 0.000000 0.000000 0.000000 0.000000 0.000000 0.000000 0.000000 0.000000 0.000000 0.000000 0.000000 0.000000 0.000000 0.000000 0.000000 0.000000 0.000000 0.000000 0.000000 0.000000 0.000000 0.000000 0.000000 0.000000 0.000000 0.000000 0.000000 0.000000 0.000000 0.000000 0.000000 0.000000 0.000000 0.000000 0.000000 0.000000 0.000000 0.000000 0.000000 0.000000 0.000000 0.000000 0.000000 0.000000 0.000000 0.000000 0.000000 0.000000 0.000000 0.000000 0.000000 0.000000 0.000000 0.000000 0.000000 
0.000000 0.000000 0.000000 0.000000 0.000000 0.000000 0.000000 0.000000 0.000000 0.000000 0.000000 0.000000 0.000000 0.000000 0.000000 0.000000 0.000000 0.000000 0.000000 0.000000 0.000000 0.000000 0.000000 0.000000 0.000000 0.000000 0.000000 0.000000 0.000000 0.000000 0.000000 0.000000 0.000000 0.000000 0.000000 0.000000 0.000000 0.000000 0.000000 0.000000 0.000000 0.000000 0.000000 0.000000 0.000000 0.000000 0.000000 0.000000 0.000000 0.000000 0.000000 0.000000 0.000000 0.000000 0.000000 0.000000 0.000000 0.000000 0.000000 0.000000 0.000000 0.000000 0.000000 0.000000 0.000000 0.000000 0.000000 0.000000 0.000000 0.000000 0.000000 0.000000 0.000000 0.000000 0.000000 0.000000 0.000000 0.000000 0.000000 0.000000 0.000000 0.000000 0.000000 0.000000 0.000000 0.000000 0.000000 0.000000 0.000000 0.000000 0.000000 0.000000 0.000000 0.000000 0.000000 0.000000 0.000000 0.000000 0.000000 0.000000 
0.000000 0.000000 0.000000 0.000000 0.000000 0.000000 0.000000 0.000000 0.000000 0.000000 0.000000 0.000000 0.000000 0.000000 0.000000 0.000000 0.000000 0.000000 0.000000 0.000000 0.000000 0.000000 0.000000 0.000000 0.000000 0.000000 0.000000 0.000000 0.000000 0.000000 0.000000 0.000000 0.000000 0.000000 0.000000 0.000000 0.000000 0.000000 0.000000 0.000000 0.000000 0.000000 0.000000 0.000000 0.000000 0.000000 0.000000 0.000000 0.000000 0.000000 0.000000 0.000000 0.000000 0.000000 0.000000 0.000000 0.000000 0.000000 0.000000 0.000000 0.000000 0.000000 0.000000 0.000000 0.000000 0.000000 0.000000 0.000000 0.000000 0.000000 0.000000 0.000000 0.000000 0.000000 0.000000 0.000000 0.000000 0.000000 0.000000 0.000000 0.000000 0.000000 0.000000 0.000000 0.000000 0.000000 0.000000 0.000000 0.000000 0.000000 0.000000 0.000000 0.000000 0.000000 0.000000 0.000000 0.000000 0.000000 0.000000 0.000000 
0.000000 0.000000 0.000000 0.000000 0.000000 0.000000 0.000000 0.000000 0.000000 0.000000 0.000000 0.000000 0.000000 0.000000 0.000000 0.000000 0.000000 0.000000 0.000000 0.000000 0.000000 0.000000 0.000000 0.000000 0.000000 0.000000 0.000000 0.000000 0.000000 0.000000 0.000000 0.000000 0.000000 0.000000 0.000000 0.000000 0.000000 0.000000 0.000000 0.000000 0.000000 0.000000 0.000000 0.000000 0.000000 0.000000 0.000000 0.000000 0.000000 0.000000 0.000000 0.000000 0.000000 0.000000 0.000000 0.000000 0.000000 0.000000 0.000000 0.000000 0.000000 0.000000 0.000000 0.000000 0.000000 0.000000 0.000000 0.000000 0.000000 0.000000 0.000000 0.000000 0.000000 0.000000 0.000000 0.000000 0.000000 0.000000 0.000000 0.000000 0.000000 0.000000 0.000000 0.000000 0.000000 0.000000 0.000000 0.000000 0.000000 0.000000 0.000000 0.000000 0.000000 0.000000 0.000000 0.000000 0.000000 0.000000 0.000000 0.000000 
0.000000 0.000000 0.000000 0.000000 0.000000 0.000000 0.000000 0.000000 0.000000 0.000000 0.000000 0.000000 0.000000 0.000000 0.000000 0.000000 0.000000 0.000000 0.000000 0.000000 0.000000 0.000000 0.000000 0.000000 0.000000 0.000000 0.000000 0.000000 0.000000 0.000000 0.000000 0.000000 0.000000 0.000000 0.000000 0.000000 0.000000 0.000000 0.000000 0.000000 0.000000 0.000000 0.000000 0.000000 0.000000 0.000001 0.000001 0.000001 0.000001 0.000001 0.000001 0.000001 0.000001 0.000001 0.000001 0.000001 0.000000 0.000000 0.000000 0.000000 0.000000 0.000000 0.000000 0.000000 0.000000 0.000000 0.000000 0.000000 0.000000 0.000000 0.000000 0.000000 0.000000 0.000000 0.000000 0.000000 0.000000 0.000000 0.000000 0.000000 0.000000 0.000000 0.000000 0.000000 0.000000 0.000000 0.000000 0.000000 0.000000 0.000000 0.000000 0.000000 0.000000 0.000000 0.000000 0.000000 0.000000 0.000000 0.000000 0.000000 
0.000000 0.000000 0.000000 0.000000 0.000000 0.000000 0.000000 0.000000 0.000000 0.000000 0.000000 0.000000 0.000000 0.000000 0.000000 0.000000 0.000000 0.000000 0.000000 0.000000 0.000000 0.000000 0.000000 0.000000 0.000000 0.000000 0.000000 0.000000 0.000000 0.000000 0.000000 0.000000 0.000000 0.000000 0.000000 0.000000 0.000000 0.000000 0.000000 0.000000 0.000001 0.000001 0.000001 0.000001 0.000001 0.000002 0.000002 0.000002 0.000002 0.000002 0.000002 0.000002 0.000002 0.000002 0.000002 0.000002 0.000001 0.000001 0.000001 0.000001 0.000001 0.000000 0.000000 0.000000 0.000000 0.000000 0.000000 0.000000 0.000000 0.000000 0.000000 0.000000 0.000000 0.000000 0.000000 0.000000 0.000000 0.000000 0.000000 0.000000 0.000000 0.000000 0.000000 0.000000 0.000000 0.000000 0.000000 0.000000 0.000000 0.000000 0.000000 0.000000 0.000000 0.000000 0.000000 0.000000 0.000000 0.000000 0.000000 0.000000 
0.000000 0.000000 0.000000 0.000000 0.000000 0.000000 0.000000 0.000000 0.000000 0.000000 0.000000 0.000000 0.000000 0.000000 0.000000 0.000000 0.000000 0.000000 0.000000 0.000000 0.000000 0.000000 0.000000 0.000000 0.000000 0.000000 0.000000 0.000000 0.000000 0.000000 0.000000 0.000000 0.000000 0.000000 0.000000 0.000000 0.000000 0.000000 0.000001 0.000001 0.000001 0.000002 0.000002 0.000003 0.000003 0.000004 0.000005 0.000005 0.000006 0.000006 0.000006 0.000006 0.000006 0.000005 0.000005 0.000004 0.000003 0.000003 0.000002 0.000002 0.000001 0.000001 0.000001 0.000000 0.000000 0.000000 0.000000 0.000000 0.000000 0.000000 0.000000 0.000000 0.000000 0.000000 0.000000 0.000000 0.000000 0.000000 0.000000 0.000000 0.000000 0.000000 0.000000 0.000000 0.000000 0.000000 0.000000 0.000000 0.000000 0.000000 0.000000 0.000000 0.000000 0.000000 0.000000 0.000000 0.000000 0.000000 0.000000 0.000000 
0.000000 0.000000 0.000000 0.000000 0.000000 0.000000 0.000000 0.000000 0.000000 0.000000 0.000000 0.000000 0.000000 0.000000 0.000000 0.000000 0.000000 0.000000 0.000000 0.000000 0.000000 0.000000 0.000000 0.000000 0.000000 0.000000 0.000000 0.000000 0.000000 0.000000 0.000000 0.000000 0.000000 0.000000 0.000000 0.000001 0.000001 0.000001 0.000002 0.000003 0.000003 0.000005 0.000006 0.000007 0.000009 0.000011 0.000012 0.000013 0.000014 0.000015 0.000015 0.000015 0.000014 0.000013 0.000012 0.000011 0.000009 0.000007 0.000006 0.000005 0.000003 0.000003 0.000002 0.000001 0.000001 0.000001 0.000000 0.000000 0.000000 0.000000 0.000000 0.000000 0.000000 0.000000 0.000000 0.000000 0.000000 0.000000 0.000000 0.000000 0.000000 0.000000 0.000000 0.000000 0.000000 0.000000 0.000000 0.000000 0.000000 0.000000 0.000000 0.000000 0.000000 0.000000 0.000000 0.000000 0.000000 0.000000 0.000000 0.000000 
0.000000 0.000000 0.000000 0.000000 0.000000 0.000000 0.000000 0.000000 0.000000 0.000000 0.000000 0.000000 0.000000 0.000000 0.000000 0.000000 0.000000 0.000000 0.000000 0.000000 0.000000 0.000000 0.000000 0.000000 0.000000 0.000000 0.000000 0.000000 0.000000 0.000000 0.000000 0.000000 0.000000 0.000001 0.000001 0.000001 0.000002 0.000003 0.000005 0.000006 0.000009 0.000012 0.000015 0.000019 0.000022 0.000026 0.000030 0.000034 0.000036 0.000038 0.000038 0.000038 0.000036 0.000034 0.000030 0.000026 0.000022 0.000019 0.000015 0.000012 0.000009 0.000006 0.000005 0.000003 0.000002 0.000001 0.000001 0.000001 0.000000 0.000000 0.000000 0.000000 0.000000 0.000000 0.000000 0.000000 0.000000 0.000000 0.000000 0.000000 0.000000 0.000000 0.000000 0.000000 0.000000 0.000000 0.000000 0.000000 0.000000 0.000000 0.000000 0.000000 0.000000 0.000000 0.000000 0.000000 0.000000 0.000000 0.000000 0.000000 
0.000000 0.000000 0.000000 0.000000 0.000000 0.000000 0.000000 0.000000 0.000000 0.000000 0.000000 0.000000 0.000000 0.000000 0.000000 0.000000 0.000000 0.000000 0.000000 0.000000 0.000000 0.000000 0.000000 0.000000 0.000000 0.000000 0.000000 0.000000 0.000000 0.000000 0.000000 0.000000 0.000001 0.000001 0.000002 0.000003 0.000005 0.000008 0.000011 0.000016 0.000021 0.000028 0.000036 0.000045 0.000055 0.000065 0.000074 0.000082 0.000088 0.000092 0.000094 0.000092 0.000088 0.000082 0.000074 0.000065 0.000055 0.000045 0.000036 0.000028 0.000021 0.000016 0.000011 0.000008 0.000005 0.000003 0.000002 0.000001 0.000001 0.000000 0.000000 0.000000 0.000000 0.000000 0.000000 0.000000 0.000000 0.000000 0.000000 0.000000 0.000000 0.000000 0.000000 0.000000 0.000000 0.000000 0.000000 0.000000 0.000000 0.000000 0.000000 0.000000 0.000000 0.000000 0.000000 0.000000 0.000000 0.000000 0.000000 0.000000 
0.000000 0.000000 0.000000 0.000000 0.000000 0.000000 0.000000 0.000000 0.000000 0.000000 0.000000 0.000000 0.000000 0.000000 0.000000 0.000000 0.000000 0.000000 0.000000 0.000000 0.000000 0.000000 0.000000 0.000000 0.000000 0.000000 0.000000 0.000000 0.000000 0.000000 0.000001 0.000001 0.000002 0.000003 0.000005 0.000008 0.000013 0.000019 0.000027 0.000038 0.000052 0.000068 0.000087 0.000109 0.000132 0.000155 0.000177 0.000196 0.000211 0.000220 0.000224 0.000220 0.000211 0.000196 0.000177 0.000155 0.000132 0.000109 0.000087 0.000068 0.000052 0.000038 0.000027 0.000019 0.000013 0.000008 0.000005 0.000003 0.000002 0.000001 0.000001 0.000000 0.000000 0.000000 0.000000 0.000000 0.000000 0.000000 0.000000 0.000000 0.000000 0.000000 0.000000 0.000000 0.000000 0.000000 0.000000 0.000000 0.000000 0.000000 0.000000 0.000000 0.000000 0.000000 0.000000 0.000000 0.000000 0.000000 0.000000 0.000000 
0.000000 0.000000 0.000000 0.000000 0.000000 0.000000 0.000000 0.000000 0.000000 0.000000 0.000000 0.000000 0.000000 0.000000 0.000000 0.000000 0.000000 0.000000 0.000000 0.000000 0.000000 0.000000 0.000000 0.000000 0.000000 0.000000 0.000000 0.000000 0.000000 0.000001 0.000002 0.000003 0.000005 0.000008 0.000013 0.000020 0.000030 0.000044 0.000064 0.000089 0.000121 0.000160 0.000205 0.000255 0.000308 0.000362 0.000412 0.000457 0.000492 0.000514 0.000521 0.000514 0.000492 0.000457 0.000412 0.000362 0.000308 0.000255 0.000205 0.000160 0.000121 0.000089 0.000064 0.000044 0.000030 0.000020 0.000013 0.000008 0.000005 0.000003 0.000002 0.000001 0.000000 0.000000 0.000000 0.000000 0.000000 0.000000 0.000000 0.000000 0.000000 0.000000 0.000000 0.000000 0.000000 0.000000 0.000000 0.000000 0.000000 0.000000 0.000000 0.000000 0.000000 0.000000 0.000000 0.000000 0.000000 0.000000 0.000000 0.000000 
0.000000 0.000000 0.000000 0.000000 0.000000 0.000000 0.000000 0.000000 0.000000 0.000000 0.000000 0.000000 0.000000 0.000000 0.000000 0.000000 0.000000 0.000000 0.000000 0.000000 0.000000 0.000000 0.000000 0.000000 0.000000 0.000000 0.000000 0.000001 0.000001 0.000002 0.000004 0.000006 0.000011 0.000018 0.000029 0.000046 0.000069 0.000102 0.000147 0.000204 0.000277 0.000365 0.000467 0.000581 0.000702 0.000824 0.000940 0.001040 0.001119 0.001169 0.001186 0.001169 0.001119 0.001040 0.000940 0.000824 0.000702 0.000581 0.000467 0.000365 0.000277 0.000204 0.000147 0.000102 0.000069 0.000046 0.000029 0.000018 0.000011 0.000006 0.000004 0.000002 0.000001 0.000001 0.000000 0.000000 0.000000 0.000000 0.000000 0.000000 0.000000 0.000000 0.000000 0.000000 0.000000 0.000000 0.000000 0.000000 0.000000 0.000000 0.000000 0.000000 0.000000 0.000000 0.000000 0.000000 0.000000 0.000000 0.000000 0.000000 
0.000000 0.000000 0.000000 0.000000 0.000000 0.000000 0.000000 0.000000 0.000000 0.000000 0.000000 0.000000 0.000000 0.000000 0.000000 0.000000 0.000000 0.000000 0.000000 0.000000 0.000000 0.000000 0.000000 0.000000 0.000000 0.000000 0.000001 0.000001 0.000003 0.000005 0.000008 0.000015 0.000025 0.000041 0.000066 0.000102 0.000155 0.000229 0.000328 0.000457 0.000619 0.000815 0.001042 0.001295 0.001563 0.001833 0.002089 0.002312 0.002486 0.002597 0.002635 0.002597 0.002486 0.002312 0.002089 0.001833 0.001563 0.001295 0.001042 0.000815 0.000619 0.000457 0.000328 0.000229 0.000155 0.000102 0.000066 0.000041 0.000025 0.000015 0.000008 0.000005 0.000003 0.000001 0.000001 0.000000 0.000000 0.000000 0.000000 0.000000 0.000000 0.000000 0.000000 0.000000 0.000000 0.000000 0.000000 0.000000 0.000000 0.000000 0.000000 0.000000 0.000000 0.000000 0.000000 0.000000 0.000000 0.000000 0.000000 0.000000 
0.000000 0.000000 0.000000 0.000000 0.000000 0.000000 0.000000 0.000000 0.000000 0.000000 0.000000 0.000000 0.000000 0.000000 0.000000 0.000000 0.000000 0.000000 0.000000 0.000000 0.000000 0.000000 0.000000 0.000000 0.000000 0.000001 0.000002 0.000003 0.000006 0.000010 0.000019 0.000032 0.000055 0.000090 0.000144 0.000225 0.000340 0.000501 0.000717 0.000998 0.001350 0.001774 0.002267 0.002814 0.003394 0.003979 0.004531 0.005013 0.005389 0.005628 0.005710 0.005628 0.005389 0.005013 0.004531 0.003979 0.003394 0.002814 0.002267 0.001774 0.001350 0.000998 0.000717 0.000501 0.000340 0.000225 0.000144 0.000090 0.000055 0.000032 0.000019 0.000010 0.000006 0.000003 0.000002 0.000001 0.000000 0.000000 0.000000 0.000000 0.000000 0.000000 0.000000 0.000000 0.000000 0.000000 0.000000 0.000000 0.000000 0.000000 0.000000 0.000000 0.000000 0.000000 0.000000 0.000000 0.000000 0.000000 0.000000 0.000000 
0.000000 0.000000 0.000000 0.000000 0.000000 0.000000 0.000000 0.000000 0.000000 0.000000 0.000000 0.000000 0.000000 0.000000 0.000000 0.000000 0.000000 0.000000 0.000000 0.000000 0.000000 0.000000 0.000000 0.000000 0.000001 0.000002 0.000003 0.000007 0.000012 0.000023 0.000040 0.000070 0.000118 0.000194 0.000310 0.000481 0.000728 0.001070 0.001529 0.002125 0.002870 0.003769 0.004810 0.005967 0.007193 0.008425 0.009590 0.010607 0.011399 0.011903 0.012075 0.011903 0.011399 0.010607 0.009590 0.008425 0.007193 0.005967 0.004810 0.003769 0.002870 0.002125 0.001529 0.001070 0.000728 0.000481 0.000310 0.000194 0.000118 0.000070 0.000040 0.000023 0.000012 0.000007 0.000003 0.000002 0.000001 0.000000 0.000000 0.000000 0.000000 0.000000 0.000000 0.000000 0.000000 0.000000 0.000000 0.000000 0.000000 0.000000 0.000000 0.000000 0.000000 0.000000 0.000000 0.000000 0.000000 0.000000 0.000000 0.000000 
0.000000 0.000000 0.000000 0.000000 0.000000 0.000000 0.000000 0.000000 0.000000 0.000000 0.000000 0.000000 0.000000 0.000000 0.000000 0.000000 0.000000 0.000000 0.000000 0.000000 0.000000 0.000000 0.000000 0.000001 0.000002 0.000004 0.000007 0.000014 0.000026 0.000048 0.000085 0.000147 0.000248 0.000406 0.000648 0.001005 0.001517 0.002227 0.003179 0.004412 0.005954 0.007810 0.009959 0.012343 0.014868 0.017407 0.019804 0.021895 0.023524 0.024559 0.024914 0.024559 0.023524 0.021895 0.019804 0.017407 0.014868 0.012343 0.009959 0.007810 0.005954 0.004412 0.003179 0.002227 0.001517 0.001005 0.000648 0.000406 0.000248 0.000147 0.000085 0.000048 0.000026 0.000014 0.000007 0.000004 0.000002 0.000001 0.000000 0.000000 0.000000 0.000000 0.000000 0.000000 0.000000 0.000000 0.000000 0.000000 0.000000 0.000000 0.000000 0.000000 0.000000 0.000000 0.000000 0.000000 0.000000 0.000000 0.000000 0.000000 
0.000000 0.000000 0.000000 0.000000 0.000000 0.000000 0.000000 0.000000 0.000000 0.000000 0.000000 0.000000 0.000000 0.000000 0.000000 0.000000 0.000000 0.000000 0.000000 0.000000 0.000000 0.000000 0.000001 0.000002 0.000004 0.000008 0.000015 0.000029 0.000054 0.000098 0.000174 0.000301 0.000507 0.000829 0.001321 0.002046 0.003084 0.004521 0.006446 0.008935 0.012044 0.015784 0.020109 0.024904 0.029979 0.035077 0.039890 0.044086 0.047353 0.049428 0.050140 0.049428 0.047353 0.044086 0.039890 0.035077 0.029979 0.024904 0.020109 0.015784 0.012044 0.008935 0.006446 0.004521 0.003084 0.002046 0.001321 0.000829 0.000507 0.000301 0.000174 0.000098 0.000054 0.000029 0.000015 0.000008 0.000004 0.000002 0.000001 0.000000 0.000000 0.000000 0.000000 0.000000 0.000000 0.000000 0.000000 0.000000 0.000000 0.000000 0.000000 0.000000 0.000000 0.000000 0.000000 0.000000 0.000000 0.000000 0.000000 0.000000 
0.000000 0.000000 0.000000 0.000000 0.000000 0.000000 0.000000 0.000000 0.000000 0.000000 0.000000 0.000000 0.000000 0.000000 0.000000 0.000000 0.000000 0.000000 0.000000 0.000000 0.000000 0.000001 0.000002 0.000004 0.000008 0.000015 0.000030 0.000058 0.000108 0.000197 0.000349 0.000602 0.001010 0.001651 0.002626 0.004062 0.006113 0.008950 0.012743 0.017645 0.023760 0.031108 0.039599 0.049004 0.058953 0.068940 0.078363 0.086577 0.092968 0.097028 0.098421 0.097028 0.092968 0.086577 0.078363 0.068940 0.058953 0.049004 0.039599 0.031108 0.023760 0.017645 0.012743 0.008950 0.006113 0.004062 0.002626 0.001651 0.001010 0.000602 0.000349 0.000197 0.000108 0.000058 0.000030 0.000015 0.000008 0.000004 0.000002 0.000001 0.000000 0.000000 0.000000 0.000000 0.000000 0.000000 0.000000 0.000000 0.000000 0.000000 0.000000 0.000000 0.000000 0.000000 0.000000 0.000000 0.000000 0.000000 0.000000 0.000000 
0.000000 0.000000 0.000000 0.000000 0.000000 0.000000 0.000000 0.000000 0.000000 0.000000 0.000000 0.000000 0.000000 0.000000 0.000000 0.000000 0.000000 0.000000 0.000000 0.000000 0.000001 0.000002 0.000003 0.000007 0.000015 0.000030 0.000059 0.000113 0.000212 0.000385 0.000680 0.001172 0.001964 0.003204 0.005088 0.007859 0.011812 0.017271 0.024562 0.033974 0.045701 0.059780 0.076034 0.094026 0.113045 0.132126 0.150119 0.165799 0.177996 0.185743 0.188400 0.185743 0.177996 0.165799 0.150119 0.132126 0.113045 0.094026 0.076034 0.059780 0.045701 0.033974 0.024562 0.017271 0.011812 0.007859 0.005088 0.003204 0.001964 0.001172 0.000680 0.000385 0.000212 0.000113 0.000059 0.000030 0.000015 0.000007 0.000003 0.000002 0.000001 0.000000 0.000000 0.000000 0.000000 0.000000 0.000000 0.000000 0.000000 0.000000 0.000000 0.000000 0.000000 0.000000 0.000000 0.000000 0.000000 0.000000 0.000000 0.000000 
0.000000 0.000000 0.000000 0.000000 0.000000 0.000000 0.000000 0.000000 0.000000 0.000000 0.000000 0.000000 0.000000 0.000000 0.000000 0.000000 0.000000 0.000000 0.000000 0.000001 0.000001 0.000003 0.000007 0.000014 0.000029 0.000058 0.000113 0.000217 0.000404 0.000732 0.001293 0.002223 0.003721 0.006061 0.009608 0.014822 0.022247 0.032487 0.046149 0.063767 0.085695 0.111997 0.142338 0.175898 0.211349 0.246897 0.280405 0.309593 0.332291 0.346704 0.351647 0.346704 0.332291 0.309593 0.280405 0.246897 0.211349 0.175898 0.142338 0.111997 0.085695 0.063767 0.046149 0.032487 0.022247 0.014822 0.009608 0.006061 0.003721 0.002223 0.001293 0.000732 0.000404 0.000217 0.000113 0.000058 0.000029 0.000014 0.000007 0.000003 0.000001 0.000001 0.000000 0.000000 0.000000 0.000000 0.000000 0.000000 0.000000 0.000000 0.000000 0.000000 0.000000 0.000000 0.000000 0.000000 0.000000 0.000000 0.000000 0.000000 
0.000000 0.000000 0.000000 0.000000 0.000000 0.000000 0.000000 0.000000 0.000000 0.000000 0.000000 0.000000 0.000000 0.000000 0.000000 0.000000 0.000000 0.000000 0.000000 0.000001 0.000003 0.000006 0.000012 0.000026 0.000054 0.000108 0.000212 0.000404 0.000751 0.001359 0.002395 0.004110 0.006867 0.011169 0.017681 0.027239 0.040834 0.059560 0.084514 0.116659 0.156631 0.204535 0.259749 0.320779 0.385209 0.449780 0.510617 0.563593 0.604779 0.630927 0.639893 0.630927 0.604779 0.563593 0.510617 0.449780 0.385209 0.320779 0.259749 0.204535 0.156631 0.116659 0.084514 0.059560 0.040834 0.027239 0.017681 0.011169 0.006867 0.004110 0.002395 0.001359 0.000751 0.000404 0.000212 0.000108 0.000054 0.000026 0.000012 0.000006 0.000003 0.000001 0.000000 0.000000 0.000000 0.000000 0.000000 0.000000 0.000000 0.000000 0.000000 0.000000 0.000000 0.000000 0.000000 0.000000 0.000000 0.000000 0.000000 0.000000 
0.000000 0.000000 0.000000 0.000000 0.000000 0.000000 0.000000 0.000000 0.000000 0.000000 0.000000 0.000000 0.000000 0.000000 0.000000 0.000000 0.000000 0.000000 0.000001 0.000002 0.000005 0.000010 0.000023 0.000048 0.000098 0.000197 0.000385 0.000732 0.001359 0.002455 0.004320 0.007402 0.012349 0.020055 0.031704 0.048779 0.073036 0.106407 0.150832 0.208000 0.279020 0.364064 0.462010 0.570201 0.684351 0.798692 0.906377 1.000114 1.072972 1.119221 1.135077 1.119221 1.072972 1.000114 0.906377 0.798692 0.684351 0.570201 0.462010 0.364064 0.279020 0.208000 0.150832 0.106407 0.073036 0.048779 0.031704 0.020055 0.012349 0.007402 0.004320 0.002455 0.001359 0.000732 0.000385 0.000197 0.000098 0.000048 0.000023 0.000010 0.000005 0.000002 0.000001 0.000000 0.000000 0.000000 0.000000 0.000000 0.000000 0.000000 0.000000 0.000000 0.000000 0.000000 0.000000 0.000000 0.000000 0.000000 0.000000 0.000000 
0.000000 0.000000 0.000000 0.000000 0.000000 0.000000 0.000000 0.000000 0.000000 0.000000 0.000000 0.000000 0.000000 0.000000 0.000000 0.000000 0.000000 0.000001 0.000002 0.000004 0.000008 0.000019 0.000040 0.000085 0.000174 0.000349 0.000680 0.001293 0.002395 0.004320 0.007589 0.012984 0.021629 0.035079 0.055382 0.085104 0.127276 0.185231 0.262301 0.361382 0.484365 0.631511 0.800860 0.987802 1.184927 1.382287 1.568082 1.729761 1.855396 1.935133 1.962470 1.935133 1.855396 1.729761 1.568082 1.382287 1.184927 0.987802 0.800860 0.631511 0.484365 0.361382 0.262301 0.185231 0.127276 0.085104 0.055382 0.035079 0.021629 0.012984 0.007589 0.004320 0.002395 0.001293 0.000680 0.000349 0.000174 0.000085 0.000040 0.000019 0.000008 0.000004 0.000002 0.000001 0.000000 0.000000 0.000000 0.000000 0.000000 0.000000 0.000000 0.000000 0.000000 0.000000 0.000000 0.000000 0.000000 0.000000 0.000000 0.000000 
0.000000 0.000000 0.000000 0.000000 0.000000 0.000000 0.000000 0.000000 0.000000 0.000000 0.000000 0.000000 0.000000 0.000000 0.000000 0.000000 0.000000 0.000001 0.000003 0.000006 0.000015 0.000032 0.000070 0.000147 0.000301 0.000602 0.001172 0.002223 0.004110 0.007402 0.012984 0.022181 0.036899 0.059764 0.094235 0.144639 0.216074 0.314138 0.444418 0.611752 0.819278 1.067387 1.352737 1.667535 1.999303 2.331312 2.643746 2.915541 3.126695 3.260688 3.306621 3.260688 3.126695 2.915541 2.643746 2.331312 1.999303 1.667535 1.352737 1.067387 0.819278 0.611752 0.444418 0.314138 0.216074 0.144639 0.094235 0.059764 0.036899 0.022181 0.012984 0.007402 0.004110 0.002223 0.001172 0.000602 0.000301 0.000147 0.000070 0.000032 0.000015 0.000006 0.000003 0.000001 0.000000 0.000000 0.000000 0.000000 0.000000 0.000000 0.000000 0.000000 0.000000 0.000000 0.000000 0.000000 0.000000 0.000000 0.000000 0.000000 
0.000000 0.000000 0.000000 0.000000 0.000000 0.000000 0.000000 0.000000 0.000000 0.000000 0.000000 0.000000 0.000000 0.000000 0.000000 0.000000 0.000001 0.000002 0.000005 0.000011 0.000025 0.000055 0.000118 0.000248 0.000507 0.001010 0.001964 0.003721 0.006867 0.012349 0.021629 0.036899 0.061300 0.099161 0.156171 0.239433 0.357311 0.518964 0.733524 1.008867 1.350071 1.757702 2.226211 2.742766 3.286890 3.831169 4.343169 4.788442 5.134292 5.353727 5.428944 5.353727 5.134292 4.788442 4.343169 3.831169 3.286890 2.742766 2.226211 1.757702 1.350071 1.008867 0.733524 0.518964 0.357311 0.239433 0.156171 0.099161 0.061300 0.036899 0.021629 0.012349 0.006867 0.003721 0.001964 0.001010 0.000507 0.000248 0.000118 0.000055 0.000025 0.000011 0.000005 0.000002 0.000001 0.000000 0.000000 0.000000 0.000000 0.000000 0.000000 0.000000 0.000000 0.000000 0.000000 0.000000 0.000000 0.000000 0.000000 0.000000 
0.000000 0.000000 0.000000 0.000000 0.000000 0.000000 0.000000 0.000000 0.000000 0.000000 0.000000 0.000000 0.000000 0.000000 0.000000 0.000001 0.000001 0.000003 0.000008 0.000018 0.000041 0.000090 0.000194 0.000406 0.000829 0.001651 0.003204 0.006061 0.011169 0.020055 0.035079 0.059764 0.099161 0.160215 0.252041 0.386007 0.575471 0.835049 1.179272 1.620647 2.167182 2.819668 3.569131 4.394995 5.264512 6.133915 6.951471 7.662280 8.214262 8.564434 8.684457 8.564434 8.214262 7.662280 6.951471 6.133915 5.264512 4.394995 3.569131 2.819668 2.167182 1.620647 1.179272 0.835049 0.575471 0.386007 0.252041 0.160215 0.099161 0.059764 0.035079 0.020055 0.011169 0.006061 0.003204 0.001651 0.000829 0.000406 0.000194 0.000090 0.000041 0.000018 0.000008 0.000003 0.000001 0.000001 0.000000 0.000000 0.000000 0.000000 0.000000 0.000000 0.000000 0.000000 0.000000 0.000000 0.000000 0.000000 0.000000 0.000000 
0.000000 0.000000 0.000000 0.000000 0.000000 0.000000 0.000000 0.000000 0.000000 0.000000 0.000000 0.000000 0.000000 0.000000 0.000000 0.000001 0.000002 0.000005 0.000013 0.000029 0.000066 0.000144 0.000310 0.000648 0.001321 0.002626 0.005088 0.009608 0.017681 0.031704 0.055382 0.094235 0.156171 0.252041 0.396074 0.605987 0.902576 1.308550 1.846455 2.535636 3.388406 4.405829 5.573781 6.860120 8.213830 9.566829 10.838723 11.944257 12.802594 13.347043 13.533643 13.347043 12.802594 11.944257 10.838723 9.566829 8.213830 6.860120 5.573781 4.405829 3.388406 2.535636 1.846455 1.308550 0.902576 0.605987 0.396074 0.252041 0.156171 0.094235 0.055382 0.031704 0.017681 0.009608 0.005088 0.002626 0.001321 0.000648 0.000310 0.000144 0.000066 0.000029 0.000013 0.000005 0.000002 0.000001 0.000000 0.000000 0.000000 0.000000 0.000000 0.000000 0.000000 0.000000 0.000000 0.000000 0.000000 0.000000 0.000000 0.000000 
0.000000 0.000000 0.000000 0.000000 0.000000 0.000000 0.000000 0.000000 0.000000 0.000000 0.000000 0.000000 0.000000 0.000000 0.000001 0.000001 0.000003 0.000008 0.000020 0.000046 0.000102 0.000225 0.000481 0.001005 0.002046 0.004062 0.007859 0.014822 0.027239 0.048779 0.085104 0.144639 0.239433 0.386007 0.605987 0.926275 1.378400 1.996746 2.815387 3.863485 5.159491 6.704780 8.477713 10.429392 12.482401 14.533570 16.461185 18.136261 19.436547 20.261225 20.543852 20.261225 19.436547 18.136261 16.461185 14.533570 12.482401 10.429392 8.477713 6.704780 5.159491 3.863485 2.815387 1.996746 1.378400 0.926275 0.605987 0.386007 0.239433 0.144639 0.085104 0.048779 0.027239 0.014822 0.007859 0.004062 0.002046 0.001005 0.000481 0.000225 0.000102 0.000046 0.000020 0.000008 0.000003 0.000001 0.000001 0.000000 0.000000 0.000000 0.000000 0.000000 0.000000 0.000000 0.000000 0.000000 0.000000 0.000000 0.000000 0.000000 
0.000000 0.000000 0.000000 0.000000 0.000000 0.000000 0.000000 0.000000 0.000000 0.000000 0.000000 0.000000 0.000000 0.000000 0.000001 0.000002 0.000005 0.000013 0.000030 0.000069 0.000155 0.000340 0.000728 0.001517 0.003084 0.006113 0.011812 0.022247 0.040834 0.073036 0.127276 0.216074 0.357311 0.575471 0.902576 1.378400 2.049509 2.966612 4.179878 5.732141 7.650349 9.936200 12.557430 15.441595 18.474274 21.503181 24.348816 26.821065 28.739825 29.956617 30.373601 29.956617 28.739825 26.821065 24.348816 21.503181 18.474274 15.441595 12.557430 9.936200 7.650349 5.732141 4.179878 2.966612 2.049509 1.378400 0.902576 0.575471 0.357311 0.216074 0.127276 0.073036 0.040834 0.022247 0.011812 0.006113 0.003084 0.001517 0.000728 0.000340 0.000155 0.000069 0.000030 0.000013 0.000005 0.000002 0.000001 0.000000 0.000000 0.000000 0.000000 0.000000 0.000000 0.000000 0.000000 0.000000 0.000000 0.000000 0.000000 0.000000 
0.000000 0.000000 0.000000 0.000000 0.000000 0.000000 0.000000 0.000000 0.000000 0.000000 0.000000 0.000000 0.000000 0.000000 0.000001 0.000003 0.000008 0.000019 0.000044 0.000102 0.000229 0.000501 0.001070 0.002227 0.004521 0.008950 0.017271 0.032487 0.059560 0.106407 0.185231 0.314138 0.518964 0.835049 1.308550 1.996746 2.966612 4.290990 6.041838 8.280447 11.045174 14.338017 18.112153 22.263081 26.626104 30.982286 35.073777 38.627640 41.385413 43.134080 43.733300 43.134080 41.385413 38.627640 35.073777 30.982286 26.626104 22.263081 18.112153 14.338017 11.045174 8.280447 6.041838 4.290990 2.966612 1.996746 1.308550 0.835049 0.518964 0.314138 0.185231 0.106407 0.059560 0.032487 0.017271 0.008950 0.004521 0.002227 0.001070 0.000501 0.000229 0.000102 0.000044 0.000019 0.000008 0.000003 0.000001 0.000000 0.000000 0.000000 0.000000 0.000000 0.000000 0.000000 0.000000 0.000000 0.000000 0.000000 0.000000 0.000000 
0.000000 0.000000 0.000000 0.000000 0.000000 0.000000 0.000000 0.000000 0.000000 0.000000 0.000000 0.000000 0.000000 0.000001 0.000002 0.000005 0.000011 0.000027 0.000064 0.000147 0.000328 0.000717 0.001529 0.003179 0.006446 0.012743 0.024562 0.046149 0.084514 0.150832 0.262301 0.444418 0.733524 1.179272 1.846455 2.815387 4.179878 6.041838 8.501790 11.645174 15.525190 20.144060 25.435659 31.253217 37.365885 43.467132 49.196216 54.171489 58.031686 60.479138 61.317770 60.479138 58.031686 54.171489 49.196216 43.467132 37.365885 31.253217 25.435659 20.144060 15.525190 11.645174 8.501790 6.041838 4.179878 2.815387 1.846455 1.179272 0.733524 0.444418 0.262301 0.150832 0.084514 0.046149 0.024562 0.012743 0.006446 0.003179 0.001529 0.000717 0.000328 0.000147 0.000064 0.000027 0.000011 0.000005 0.000002 0.000001 0.000000 0.000000 0.000000 0.000000 0.000000 0.000000 0.000000 0.000000 0.000000 0.000000 0.000000 0.000000 
0.000000 0.000000 0.000000 0.000000 0.000000 0.000000 0.000000 0.000000 0.000000 0.000000 0.000000 0.000000 0.000000 0.000001 0.000003 0.000006 0.000016 0.000038 0.000089 0.000204 0.000457 0.000998 0.002125 0.004412 0.008935 0.017645 0.033974 0.063767 0.116659 0.208000 0.361382 0.611752 1.008867 1.620647 2.535636 3.863485 5.732141 8.280447 11.645174 15.942337 21.243836 27.551976 34.775890 42.714897 51.053933 59.375081 67.186850 73.969521 79.231303 82.567082 83.710051 82.567082 79.231303 73.969521 67.186850 59.375081 51.053933 42.714897 34.775890 27.551976 21.243836 15.942337 11.645174 8.280447 5.732141 3.863485 2.535636 1.620647 1.008867 0.611752 0.361382 0.208000 0.116659 0.063767 0.033974 0.017645 0.008935 0.004412 0.002125 0.000998 0.000457 0.000204 0.000089 0.000038 0.000016 0.000006 0.000003 0.000001 0.000000 0.000000 0.000000 0.000000 0.000000 0.000000 0.000000 0.000000 0.000000 0.000000 0.000000 0.000000 
0.000000 0.000000 0.000000 0.000000 0.000000 0.000000 0.000000 0.000000 0.000000 0.000000 0.000000 0.000000 0.000001 0.000001 0.000003 0.000009 0.000021 0.000052 0.000121 0.000277 0.000619 0.001350 0.002870 0.005954 0.012044 0.023760 0.045701 0.085695 0.156631 0.279020 0.484365 0.819278 1.350071 2.167182 3.388406 5.159491 7.650349 11.045174 15.525190 21.243836 28.295792 36.683236 46.284675 56.832999 67.909556 78.959550 89.330926 98.334483 105.318271 109.745363 111.262195 109.745363 105.318271 98.334483 89.330926 78.959550 67.909556 56.832999 46.284675 36.683236 28.295792 21.243836 15.525190 11.045174 7.650349 5.159491 3.388406 2.167182 1.350071 0.819278 0.484365 0.279020 0.156631 0.085695 0.045701 0.023760 0.012044 0.005954 0.002870 0.001350 0.000619 0.000277 0.000121 0.000052 0.000021 0.000009 0.000003 0.000001 0.000001 0.000000 0.000000 0.000000 0.000000 0.000000 0.000000 0.000000 0.000000 0.000000 0.000000 0.000000 
0.000000 0.000000 0.000000 0.000000 0.000000 0.000000 0.000000 0.000000 0.000000 0.000000 0.000000 0.000000 0.000001 0.000002 0.000005 0.000012 0.000028 0.000068 0.000160 0.000365 0.000815 0.001774 0.003769 0.007810 0.015784 0.031108 0.059780 0.111997 0.204535 0.364064 0.631511 1.067387 1.757702 2.819668 4.405829 6.704780 9.936200 14.338017 20.144060 27.551976 36.683236 47.539624 59.963093 73.607583 87.931518 102.217821 115.624181 127.260671 136.285707 142.006328 143.966279 142.006328 136.285707 127.260671 115.624181 102.217821 87.931518 73.607583 59.963093 47.539624 36.683236 27.551976 20.144060 14.338017 9.936200 6.704780 4.405829 2.819668 1.757702 1.067387 0.631511 0.364064 0.204535 0.111997 0.059780 0.031108 0.015784 0.007810 0.003769 0.001774 0.000815 0.000365 0.000160 0.000068 0.000028 0.000012 0.000005 0.000002 0.000001 0.000000 0.000000 0.000000 0.000000 0.000000 0.000000 0.000000 0.000000 0.000000 0.000000 0.000000 
0.000000 0.000000 0.000000 0.000000 0.000000 0.000000 0.000000 0.000000 0.000000 0.000000 0.000000 0.000000 0.000001 0.000002 0.000006 0.000015 0.000036 0.000087 0.000205 0.000467 0.001042 0.002267 0.004810 0.009959 0.020109 0.039599 0.076034 0.142338 0.259749 0.462010 0.800860 1.352737 2.226211 3.569131 5.573781 8.477713 12.557430 18.112153 25.435659 34.775890 46.284675 59.963093 75.611130 92.792402 110.824911 128.806343 145.677339 160.319062 171.673725 178.870512 181.336130 178.870512 171.673725 160.319062 145.677339 128.806343 110.824911 92.792402 75.611130 59.963093 46.284675 34.775890 25.435659 18.112153 12.557430 8.477713 5.573781 3.569131 2.226211 1.352737 0.800860 0.462010 0.259749 0.142338 0.076034 0.039599 0.020109 0.009959 0.004810 0.002267 0.001042 0.000467 0.000205 0.000087 0.000036 0.000015 0.000006 0.000002 0.000001 0.000000 0.000000 0.000000 0.000000 0.000000 0.000000 0.000000 0.000000 0.000000 0.000000 0.000000 
0.000000 0.000000 0.000000 0.000000 0.000000 0.000000 0.000000 0.000000 0.000000 0.000000 0.000000 0.000000 0.000001 0.000003 0.000007 0.000019 0.000045 0.000109 0.000255 0.000581 0.001295 0.002814 0.005967 0.012343 0.024904 0.049004 0.094026 0.175898 0.320779 0.570201 0.987802 1.667535 2.742766 4.394995 6.860120 10.429392 15.441595 22.263081 31.253217 42.714897 56.832999 73.607583 92.792402 113.851905 135.950106 157.981705 178.649618 196.584367 210.491508 219.305563 222.325166 219.305563 210.491508 196.584367 178.649618 157.981705 135.950106 113.851905 92.792402 73.607583 56.832999 42.714897 31.253217 22.263081 15.441595 10.429392 6.860120 4.394995 2.742766 1.667535 0.987802 0.570201 0.320779 0.175898 0.094026 0.049004 0.024904 0.012343 0.005967 0.002814 0.001295 0.000581 0.000255 0.000109 0.000045 0.000019 0.000007 0.000003 0.000001 0.000000 0.000000 0.000000 0.000000 0.000000 0.000000 0.000000 0.000000 0.000000 0.000000 0.000000 
