0.000000 0.000000 0.000000 0.000000 0.000000 0.000000 0.000000 0.000000 0.000000 0.000000 0.000000 0.000000 0.000000 0.000000 0.000000 0.000000 0.000000 0.000000 0.000000 0.000000 0.000000 0.000000 0.000000 0.000000 0.000000 0.000000 0.000000 0.000000 0.000000 0.000000 0.000000 0.000000 0.000000 0.000000 0.000000 0.000000 0.000000 0.000000 0.000000 0.000000 0.000000 0.000000 0.000000 0.000000 0.000000 0.000000 0.000000 0.000000 0.000000 0.000000 0.000000 0.000000 0.000000 0.000000 0.000000 0.000000 0.000000 0.000000 0.000000 0.000000 0.000000 0.000000 0.000000 0.000000 0.000000 0.000000 0.000000 0.000000 0.000000 0.000000 0.000000 0.000000 0.000000 0.000000 0.000000 0.000000 0.000000 0.000000 0.000000 0.000000 0.000000 0.000000 0.000000 0.000000 0.000000 0.000000 0.000000 0.000000 0.000000 0.000000 0.000000 0.000000 0.000000 0.000000 0.000000 0.000000 0.000000 0.000000 0.000000 0.000000 
0.000000 0.000000 0.000000 0.000000 0.000000 0.000000 0.000000 0.000000 0.000000 0.000000 0.000000 0.000000 0.000000 0.000000 0.000000 0.000000 0.000000 0.000000 0.000000 0.000000 0.000000 0.000001 0.000001 0.000001 0.000002 0.000002 0.000003 0.000004 0.000005 0.000007 0.000009 0.000011 0.000014 0.000017 0.000021 0.000025 0.000030 0.000035 0.000041 0.000047 0.000054 0.000060 0.000067 0.000073 0.000079 0.000085 0.000089 0.000093 0.000096 0.000098 0.000099 0.000098 0.000096 0.000093 0.000089 0.000085 0.000079 0.000073 0.000067 0.000060 0.000054 0.000047 0.000041 0.000035 0.000030 0.000025 0.000021 0.000017 0.000014 0.000011 0.000009 0.000007 0.000005 0.000004 0.000003 0.000002 0.000002 0.000001 0.000001 0.000001 0.000000 0.000000 0.000000 0.000000 0.000000 0.000000 0.000000 0.000000 0.000000 0.000000 0.000000 0.000000 0.000000 0.000000 0.000000 0.000000 0.000000 0.000000 0.000000 0.000000 
0.000000 0.000000 0.000000 0.000000 0.000000 0.000000 0.000000 0.000000 0.000000 0.000000 0.000000 0.000000 0.000000 0.000000 0.000000 0.000000 0.000000 0.000000 0.000000 0.000001 0.000001 0.000001 0.000002 0.000003 0.000004 0.000005 0.000007 0.000009 0.000012 0.000015 0.000020 0.000025 0.000031 0.000039 0.000048 0.000058 0.000069 0.000081 0.000094 0.000109 0.000124 0.000139 0.000154 0.000169 0.000183 0.000195 0.000207 0.000216 0.000222 0.000226 0.000228 0.000226 0.000222 0.000216 0.000207 0.000195 0.000183 0.000169 0.000154 0.000139 0.000124 0.000109 0.000094 0.000081 0.000069 0.000058 0.000048 0.000039 0.000031 0.000025 0.000020 0.000015 0.000012 0.000009 0.000007 0.000005 0.000004 0.000003 0.000002 0.000001 0.000001 0.000001 0.000000 0.000000 0.000000 0.000000 0.000000 0.000000 0.000000 0.000000 0.000000 0.000000 0.000000 0.000000 0.000000 0.000000 0.000000 0.000000 0.000000 0.000000 
0.000000 0.000000 0.000000 0.000000 0.000000 0.000000 0.000000 0.000000 0.000000 0.000000 0.000000 0.000000 0.000000 0.000000 0.000000 0.000000 0.000000 0.000001 0.000001 0.000001 0.000002 0.000003 0.000004 0.000005 0.000007 0.000009 0.000013 0.000017 0.000022 0.000029 0.000037 0.000047 0.000059 0.000073 0.000089 0.000108 0.000128 0.000151 0.000176 0.000203 0.000231 0.000259 0.000288 0.000315 0.000341 0.000365 0.000386 0.000402 0.000415 0.000423 0.000425 0.000423 0.000415 0.000402 0.000386 0.000365 0.000341 0.000315 0.000288 0.000259 0.000231 0.000203 0.000176 0.000151 0.000128 0.000108 0.000089 0.000073 0.000059 0.000047 0.000037 0.000029 0.000022 0.000017 0.000013 0.000009 0.000007 0.000005 0.000004 0.000003 0.000002 0.000001 0.000001 0.000001 0.000000 0.000000 0.000000 0.000000 0.000000 0.000000 0.000000 0.000000 0.000000 0.000000 0.000000 0.000000 0.000000 0.000000 0.000000 0.000000 
0.000000 0.000000 0.000000 0.000000 0.000000 0.000000 0.000000 0.000000 0.000000 0.000000 0.000000 0.000000 0.000000 0.000000 0.000000 0.000000 0.000001 0.000001 0.000001 0.000002 0.000003 0.000004 0.000006 0.000009 0.000012 0.000017 0.000022 0.000030 0.000039 0.000051 0.000065 0.000083 0.000104 0.000128 0.000157 0.000189 0.000226 0.000266 0.000310 0.000357 0.000405 0.000455 0.000505 0.000553 0.000599 0.000641 0.000677 0.000707 0.000728 0.000742 0.000746 0.000742 0.000728 0.000707 0.000677 0.000641 0.000599 0.000553 0.000505 0.000455 0.000405 0.000357 0.000310 0.000266 0.000226 0.000189 0.000157 0.000128 0.000104 0.000083 0.000065 0.000051 0.000039 0.000030 0.000022 0.000017 0.000012 0.000009 0.000006 0.000004 0.000003 0.000002 0.000001 0.000001 0.000001 0.000000 0.000000 0.000000 0.000000 0.000000 0.000000 0.000000 0.000000 0.000000 0.000000 0.000000 0.000000 0.000000 0.000000 0.000000 
0.000000 0.000000 0.000000 0.000000 0.000000 0.000000 0.000000 0.000000 0.000000 0.000000 0.000000 0.000000 0.000000 0.000000 0.000000 0.000001 0.000001 0.000002 0.000003 0.000004 0.000005 0.000008 0.000011 0.000015 0.000021 0.000029 0.000038 0.000051 0.000067 0.000087 0.000112 0.000142 0.000178 0.000220 0.000268 0.000324 0.000387 0.000456 0.000531 0.000611 0.000694 0.000779 0.000864 0.000947 0.001025 0.001096 0.001158 0.001208 0.001246 0.001269 0.001277 0.001269 0.001246 0.001208 0.001158 0.001096 0.001025 0.000947 0.000864 0.000779 0.000694 0.000611 0.000531 0.000456 0.000387 0.000324 0.000268 0.000220 0.000178 0.000142 0.000112 0.000087 0.000067 0.000051 0.000038 0.000029 0.000021 0.000015 0.000011 0.000008 0.000005 0.000004 0.000003 0.000002 0.000001 0.000001 0.000000 0.000000 0.000000 0.000000 0.000000 0.000000 0.000000 0.000000 0.000000 0.000000 0.000000 0.000000 0.000000 0.000000 
0.000000 0.000000 0.000000 0.000000 0.000000 0.000000 0.000000 0.000000 0.000000 0.000000 0.000000 0.000000 0.000000 0.000001 0.000001 0.000001 0.000002 0.000003 0.000004 0.000006 0.000009 0.000013 0.000018 0.000026 0.000035 0.000048 0.000065 0.000086 0.000113 0.000147 0.000189 0.000239 0.000299 0.000370 0.000453 0.000547 0.000652 0.000768 0.000894 0.001029 0.001169 0.001312 0.001455 0.001594 0.001726 0.001845 0.001949 0.002034 0.002097 0.002136 0.002149 0.002136 0.002097 0.002034 0.001949 0.001845 0.001726 0.001594 0.001455 0.001312 0.001169 0.001029 0.000894 0.000768 0.000652 0.000547 0.000453 0.000370 0.000299 0.000239 0.000189 0.000147 0.000113 0.000086 0.000065 0.000048 0.000035 0.000026 0.000018 0.000013 0.000009 0.000006 0.000004 0.000003 0.000002 0.000001 0.000001 0.000001 0.000000 0.000000 0.000000 0.000000 0.000000 0.000000 0.000000 0.000000 0.000000 0.000000 0.000000 0.000000 
0.000000 0.000000 0.000000 0.000000 0.000000 0.000000 0.000000 0.000000 0.000000 0.000000 0.000000 0.000000 0.000001 0.000001 0.000001 0.000002 0.000003 0.000005 0.000007 0.000011 0.000015 0.000022 0.000031 0.000043 0.000059 0.000081 0.000108 0.000144 0.000189 0.000245 0.000315 0.000399 0.000499 0.000617 0.000754 0.000910 0.001085 0.001278 0.001488 0.001711 0.001944 0.002182 0.002420 0.002651 0.002869 0.003067 0.003240 0.003381 0.003485 0.003549 0.003571 0.003549 0.003485 0.003381 0.003240 0.003067 0.002869 0.002651 0.002420 0.002182 0.001944 0.001711 0.001488 0.001278 0.001085 0.000910 0.000754 0.000617 0.000499 0.000399 0.000315 0.000245 0.000189 0.000144 0.000108 0.000081 0.000059 0.000043 0.000031 0.000022 0.000015 0.000011 0.000007 0.000005 0.000003 0.000002 0.000001 0.000001 0.000001 0.000000 0.000000 0.000000 0.000000 0.000000 0.000000 0.000000 0.000000 0.000000 0.000000 0.000000 
0.000000 0.000000 0.000000 0.000000 0.000000 0.000000 0.000000 0.000000 0.000000 0.000000 0.000000 0.000001 0.000001 0.000002 0.000002 0.000004 0.000005 0.000008 0.000012 0.000018 0.000025 0.000036 0.000051 0.000071 0.000098 0.000133 0.000179 0.000237 0.000312 0.000404 0.000518 0.000656 0.000821 0.001015 0.001240 0.001497 0.001784 0.002102 0.002446 0.002813 0.003195 0.003586 0.003976 0.004355 0.004713 0.005039 0.005322 0.005554 0.005725 0.005830 0.005866 0.005830 0.005725 0.005554 0.005322 0.005039 0.004713 0.004355 0.003976 0.003586 0.003195 0.002813 0.002446 0.002102 0.001784 0.001497 0.001240 0.001015 0.000821 0.000656 0.000518 0.000404 0.000312 0.000237 0.000179 0.000133 0.000098 0.000071 0.000051 0.000036 0.000025 0.000018 0.000012 0.000008 0.000005 0.000004 0.000002 0.000002 0.000001 0.000001 0.000000 0.000000 0.000000 0.000000 0.000000 0.000000 0.000000 0.000000 0.000000 0.000000 
0.000000 0.000000 0.000000 0.000000 0.000000 0.000000 0.000000 0.000000 0.000000 0.000000 0.000001 0.000001 0.000002 0.000002 0.000004 0.000006 0.000009 0.000013 0.000020 0.000029 0.000041 0.000059 0.000083 0.000116 0.000159 0.000217 0.000291 0.000387 0.000508 0.000659 0.000844 0.001069 0.001337 0.001652 0.002017 0.002434 0.002901 0.003417 0.003976 0.004571 0.005192 0.005826 0.006459 0.007075 0.007656 0.008184 0.008644 0.009019 0.009297 0.009467 0.009525 0.009467 0.009297 0.009019 0.008644 0.008184 0.007656 0.007075 0.006459 0.005826 0.005192 0.004571 0.003976 0.003417 0.002901 0.002434 0.002017 0.001652 0.001337 0.001069 0.000844 0.000659 0.000508 0.000387 0.000291 0.000217 0.000159 0.000116 0.000083 0.000059 0.000041 0.000029 0.000020 0.000013 0.000009 0.000006 0.000004 0.000002 0.000002 0.000001 0.000001 0.000000 0.000000 0.000000 0.000000 0.000000 0.000000 0.000000 0.000000 0.000000 
0.000000 0.000000 0.000000 0.000000 0.000000 0.000000 0.000000 0.000000 0.000000 0.000001 0.000001 0.000002 0.000003 0.000004 0.000006 0.000009 0.000014 0.000021 0.000032 0.000046 0.000067 0.000095 0.000134 0.000187 0.000257 0.000349 0.000470 0.000624 0.000818 0.001061 0.001359 0.001720 0.002150 0.002657 0.003244 0.003913 0.004664 0.005492 0.006390 0.007345 0.008341 0.009359 0.010375 0.011362 0.012293 0.013141 0.013878 0.014480 0.014926 0.015200 0.015292 0.015200 0.014926 0.014480 0.013878 0.013141 0.012293 0.011362 0.010375 0.009359 0.008341 0.007345 0.006390 0.005492 0.004664 0.003913 0.003244 0.002657 0.002150 0.001720 0.001359 0.001061 0.000818 0.000624 0.000470 0.000349 0.000257 0.000187 0.000134 0.000095 0.000067 0.000046 0.000032 0.000021 0.000014 0.000009 0.000006 0.000004 0.000003 0.000002 0.000001 0.000001 0.000000 0.000000 0.000000 0.000000 0.000000 0.000000 0.000000 0.000000 
0.000000 0.000000 0.000000 0.000000 0.000000 0.000000 0.000000 0.000000 0.000001 0.000001 0.000002 0.000003 0.000004 0.000006 0.000010 0.000015 0.000023 0.000034 0.000051 0.000074 0.000107 0.000152 0.000214 0.000298 0.000410 0.000557 0.000748 0.000993 0.001303 0.001688 0.002162 0.002736 0.003420 0.004226 0.005158 0.006221 0.007413 0.008727 0.010152 0.011668 0.013249 0.014863 0.016474 0.018040 0.019517 0.020862 0.022030 0.022985 0.023691 0.024126 0.024272 0.024126 0.023691 0.022985 0.022030 0.020862 0.019517 0.018040 0.016474 0.014863 0.013249 0.011668 0.010152 0.008727 0.007413 0.006221 0.005158 0.004226 0.003420 0.002736 0.002162 0.001688 0.001303 0.000993 0.000748 0.000557 0.000410 0.000298 0.000214 0.000152 0.000107 0.000074 0.000051 0.000034 0.000023 0.000015 0.000010 0.000006 0.000004 0.000003 0.000002 0.000001 0.000001 0.000000 0.000000 0.000000 0.000000 0.000000 0.000000 0.000000 
0.000000 0.000000 0.000000 0.000000 0.000000 0.000000 0.000000 0.000001 0.000001 0.000002 0.000003 0.000004 0.000006 0.000010 0.000016 0.000024 0.000036 0.000054 0.000080 0.000117 0.000168 0.000240 0.000337 0.000470 0.000646 0.000877 0.001178 0.001564 0.002050 0.002657 0.003401 0.004303 0.005379 0.006643 0.008107 0.009776 0.011647 0.013710 0.015946 0.018324 0.020804 0.023336 0.025863 0.028318 0.030635 0.032743 0.034575 0.036071 0.037179 0.037860 0.038090 0.037860 0.037179 0.036071 0.034575 0.032743 0.030635 0.028318 0.025863 0.023336 0.020804 0.018324 0.015946 0.013710 0.011647 0.009776 0.008107 0.006643 0.005379 0.004303 0.003401 0.002657 0.002050 0.001564 0.001178 0.000877 0.000646 0.000470 0.000337 0.000240 0.000168 0.000117 0.000080 0.000054 0.000036 0.000024 0.000016 0.000010 0.000006 0.000004 0.000003 0.000002 0.000001 0.000001 0.000000 0.000000 0.000000 0.000000 0.000000 0.000000 
0.000000 0.000000 0.000000 0.000000 0.000000 0.000000 0.000001 0.000001 0.000002 0.000002 0.000004 0.000006 0.000010 0.000016 0.000025 0.000037 0.000057 0.000085 0.000125 0.000182 0.000262 0.000374 0.000526 0.000732 0.001006 0.001367 0.001835 0.002434 0.003190 0.004133 0.005290 0.006691 0.008361 0.010325 0.012598 0.015188 0.018092 0.021293 0.024761 0.028449 0.032296 0.036223 0.040140 0.043948 0.047539 0.050807 0.053647 0.055966 0.057683 0.058739 0.059095 0.058739 0.057683 0.055966 0.053647 0.050807 0.047539 0.043948 0.040140 0.036223 0.032296 0.028449 0.024761 0.021293 0.018092 0.015188 0.012598 0.010325 0.008361 0.006691 0.005290 0.004133 0.003190 0.002434 0.001835 0.001367 0.001006 0.000732 0.000526 0.000374 0.000262 0.000182 0.000125 0.000085 0.000057 0.000037 0.000025 0.000016 0.000010 0.000006 0.000004 0.000002 0.000002 0.000001 0.000001 0.000000 0.000000 0.000000 0.000000 0.000000 
0.000000 0.000000 0.000000 0.000000 0.000000 0.000000 0.000001 0.000001 0.000002 0.000004 0.000006 0.000010 0.000016 0.000025 0.000038 0.000058 0.000087 0.000131 0.000193 0.000281 0.000405 0.000576 0.000811 0.001127 0.001549 0.002104 0.002824 0.003745 0.004908 0.006356 0.008133 0.010284 0.012850 0.015864 0.019353 0.023327 0.027782 0.032693 0.038012 0.043668 0.049565 0.055586 0.061591 0.067428 0.072932 0.077940 0.082292 0.085845 0.088477 0.090094 0.090640 0.090094 0.088477 0.085845 0.082292 0.077940 0.072932 0.067428 0.061591 0.055586 0.049565 0.043668 0.038012 0.032693 0.027782 0.023327 0.019353 0.015864 0.012850 0.010284 0.008133 0.006356 0.004908 0.003745 0.002824 0.002104 0.001549 0.001127 0.000811 0.000576 0.000405 0.000281 0.000193 0.000131 0.000087 0.000058 0.000038 0.000025 0.000016 0.000010 0.000006 0.000004 0.000002 0.000001 0.000001 0.000000 0.000000 0.000000 0.000000 0.000000 
0.000000 0.000000 0.000000 0.000000 0.000000 0.000001 0.000001 0.000002 0.000004 0.000006 0.000009 0.000015 0.000024 0.000037 0.000058 0.000088 0.000134 0.000199 0.000294 0.000428 0.000617 0.000878 0.001235 0.001716 0.002358 0.003202 0.004296 0.005696 0.007463 0.009662 0.012361 0.015627 0.019521 0.024096 0.029389 0.035418 0.042175 0.049622 0.057687 0.066262 0.075202 0.084327 0.093428 0.102272 0.110613 0.118200 0.124795 0.130177 0.134163 0.136614 0.137440 0.136614 0.134163 0.130177 0.124795 0.118200 0.110613 0.102272 0.093428 0.084327 0.075202 0.066262 0.057687 0.049622 0.042175 0.035418 0.029389 0.024096 0.019521 0.015627 0.012361 0.009662 0.007463 0.005696 0.004296 0.003202 0.002358 0.001716 0.001235 0.000878 0.000617 0.000428 0.000294 0.000199 0.000134 0.000088 0.000058 0.000037 0.000024 0.000015 0.000009 0.000006 0.000004 0.000002 0.000001 0.000001 0.000000 0.000000 0.000000 0.000000 
0.000000 0.000000 0.000000 0.000000 0.000001 0.000001 0.000002 0.000003 0.000005 0.000009 0.000014 0.000023 0.000036 0.000057 0.000087 0.000134 0.000201 0.000300 0.000443 0.000645 0.000929 0.001322 0.001859 0.002584 0.003549 0.004817 0.006461 0.008564 0.011218 0.014520 0.018572 0.023474 0.029317 0.036180 0.044119 0.053160 0.063292 0.074456 0.086545 0.099397 0.112794 0.126467 0.140102 0.153352 0.165846 0.177211 0.187088 0.195149 0.201119 0.204789 0.206027 0.204789 0.201119 0.195149 0.187088 0.177211 0.165846 0.153352 0.140102 0.126467 0.112794 0.099397 0.086545 0.074456 0.063292 0.053160 0.044119 0.036180 0.029317 0.023474 0.018572 0.014520 0.011218 0.008564 0.006461 0.004817 0.003549 0.002584 0.001859 0.001322 0.000929 0.000645 0.000443 0.000300 0.000201 0.000134 0.000087 0.000057 0.000036 0.000023 0.000014 0.000009 0.000005 0.000003 0.000002 0.000001 0.000001 0.000000 0.000000 0.000000 
0.000000 0.000000 0.000000 0.000001 0.000001 0.000002 0.000003 0.000005 0.000008 0.000013 0.000021 0.000034 0.000054 0.000085 0.000131 0.000199 0.000300 0.000448 0.000660 0.000961 0.001384 0.001968 0.002767 0.003844 0.005278 0.007162 0.009605 0.012728 0.016668 0.021569 0.027583 0.034855 0.043522 0.053700 0.065472 0.078876 0.093893 0.110439 0.128352 0.147394 0.167240 0.187494 0.207690 0.227312 0.245815 0.262644 0.277268 0.289204 0.298044 0.303477 0.305310 0.303477 0.298044 0.289204 0.277268 0.262644 0.245815 0.227312 0.207690 0.187494 0.167240 0.147394 0.128352 0.110439 0.093893 0.078876 0.065472 0.053700 0.043522 0.034855 0.027583 0.021569 0.016668 0.012728 0.009605 0.007162 0.005278 0.003844 0.002767 0.001968 0.001384 0.000961 0.000660 0.000448 0.000300 0.000199 0.000131 0.000085 0.000054 0.000034 0.000021 0.000013 0.000008 0.000005 0.000003 0.000002 0.000001 0.000001 0.000000 0.000000 
0.000000 0.000000 0.000000 0.000001 0.000001 0.000003 0.000004 0.000007 0.000012 0.000020 0.000032 0.000051 0.000080 0.000125 0.000193 0.000294 0.000443 0.000660 0.000972 0.001415 0.002036 0.002896 0.004070 0.005653 0.007760 0.010527 0.014113 0.018698 0.024480 0.031672 0.040493 0.051158 0.063867 0.078789 0.096043 0.115686 0.137690 0.161930 0.188171 0.216060 0.245125 0.274783 0.304354 0.333082 0.360168 0.384804 0.406210 0.423681 0.436619 0.444572 0.447254 0.444572 0.436619 0.423681 0.406210 0.384804 0.360168 0.333082 0.304354 0.274783 0.245125 0.216060 0.188171 0.161930 0.137690 0.115686 0.096043 0.078789 0.063867 0.051158 0.040493 0.031672 0.024480 0.018698 0.014113 0.010527 0.007760 0.005653 0.004070 0.002896 0.002036 0.001415 0.000972 0.000660 0.000443 0.000294 0.000193 0.000125 0.000080 0.000051 0.000032 0.000020 0.000012 0.000007 0.000004 0.000003 0.000001 0.000001 0.000000 0.000000 
0.000000 0.000000 0.000001 0.000001 0.000002 0.000004 0.000006 0.000011 0.000018 0.000029 0.000046 0.000074 0.000117 0.000182 0.000281 0.000428 0.000645 0.000961 0.001415 0.002060 0.002963 0.004212 0.005918 0.008218 0.011277 0.015294 0.020499 0.027151 0.035539 0.045970 0.058760 0.074222 0.092643 0.114266 0.139267 0.167723 0.199594 0.234700 0.272698 0.313077 0.355154 0.398085 0.440886 0.482464 0.521663 0.557313 0.588289 0.613568 0.632289 0.643794 0.647676 0.643794 0.632289 0.613568 0.588289 0.557313 0.521663 0.482464 0.440886 0.398085 0.355154 0.313077 0.272698 0.234700 0.199594 0.167723 0.139267 0.114266 0.092643 0.074222 0.058760 0.045970 0.035539 0.027151 0.020499 0.015294 0.011277 0.008218 0.005918 0.004212 0.002963 0.002060 0.001415 0.000961 0.000645 0.000428 0.000281 0.000182 0.000117 0.000074 0.000046 0.000029 0.000018 0.000011 0.000006 0.000004 0.000002 0.000001 0.000000 0.000000 
0.000000 0.000000 0.000001 0.000002 0.000003 0.000005 0.000009 0.000015 0.000025 0.000041 0.000067 0.000107 0.000168 0.000262 0.000405 0.000617 0.000929 0.001384 0.002036 0.002963 0.004260 0.006055 0.008505 0.011806 0.016198 0.021962 0.029428 0.038970 0.050997 0.065951 0.084284 0.106440 0.132833 0.163808 0.199614 0.240363 0.285997 0.336254 0.390645 0.448436 0.508651 0.570083 0.631323 0.690808 0.746885 0.797882 0.842190 0.878349 0.905125 0.921582 0.927134 0.921582 0.905125 0.878349 0.842190 0.797882 0.746885 0.690808 0.631323 0.570083 0.508651 0.448436 0.390645 0.336254 0.285997 0.240363 0.199614 0.163808 0.132833 0.106440 0.084284 0.065951 0.050997 0.038970 0.029428 0.021962 0.016198 0.011806 0.008505 0.006055 0.004260 0.002963 0.002036 0.001384 0.000929 0.000617 0.000405 0.000262 0.000168 0.000107 0.000067 0.000041 0.000025 0.000015 0.000009 0.000005 0.000003 0.000002 0.000001 0.000000 
0.000000 0.000001 0.000001 0.000003 0.000004 0.000008 0.000013 0.000022 0.000036 0.000059 0.000095 0.000152 0.000240 0.000374 0.000576 0.000878 0.001322 0.001968 0.002896 0.004212 0.006055 0.008603 0.012080 0.016765 0.022995 0.031171 0.041758 0.055285 0.072332 0.093522 0.119494 0.150879 0.188256 0.232116 0.282808 0.340489 0.405075 0.476194 0.553152 0.634914 0.720096 0.806989 0.893604 0.977730 1.057031 1.129144 1.191796 1.242923 1.280782 1.304049 1.311899 1.304049 1.280782 1.242923 1.191796 1.129144 1.057031 0.977730 0.893604 0.806989 0.720096 0.634914 0.553152 0.476194 0.405075 0.340489 0.282808 0.232116 0.188256 0.150879 0.119494 0.093522 0.072332 0.055285 0.041758 0.031171 0.022995 0.016765 0.012080 0.008603 0.006055 0.004212 0.002896 0.001968 0.001322 0.000878 0.000576 0.000374 0.000240 0.000152 0.000095 0.000059 0.000036 0.000022 0.000013 0.000008 0.000004 0.000002 0.000001 0.000000 
0.000000 0.000001 0.000002 0.000004 0.000006 0.000011 0.000018 0.000031 0.000051 0.000083 0.000134 0.000214 0.000337 0.000526 0.000811 0.001235 0.001859 0.002767 0.004070 0.005918 0.008505 0.012080 0.016959 0.023530 0.032266 0.043727 0.058566 0.077519 0.101401 0.131080 0.167451 0.211392 0.263715 0.325102 0.396040 0.476746 0.567100 0.666582 0.774218 0.888559 1.007671 1.129165 1.250258 1.367865 1.478718 1.579516 1.667087 1.738546 1.791459 1.823978 1.834949 1.823978 1.791459 1.738546 1.667087 1.579516 1.478718 1.367865 1.250258 1.129165 1.007671 0.888559 0.774218 0.666582 0.567100 0.476746 0.396040 0.325102 0.263715 0.211392 0.167451 0.131080 0.101401 0.077519 0.058566 0.043727 0.032266 0.023530 0.016959 0.012080 0.008505 0.005918 0.004070 0.002767 0.001859 0.001235 0.000811 0.000526 0.000337 0.000214 0.000134 0.000083 0.000051 0.000031 0.000018 0.000011 0.000006 0.000003 0.000001 0.000000 
0.000000 0.000001 0.000003 0.000005 0.000009 0.000015 0.000026 0.000043 0.000071 0.000116 0.000187 0.000298 0.000470 0.000732 0.001127 0.001716 0.002584 0.003844 0.005653 0.008218 0.011806 0.016765 0.023530 0.032639 0.044746 0.060627 0.081182 0.107432 0.140501 0.181589 0.231931 0.292741 0.365138 0.450062 0.548184 0.659802 0.784746 0.922294 1.071100 1.229157 1.393793 1.561706 1.729052 1.891567 2.044740 2.184013 2.305003 2.403730 2.476832 2.521757 2.536913 2.521757 2.476832 2.403730 2.305003 2.184013 2.044740 1.891567 1.729052 1.561706 1.393793 1.229157 1.071100 0.922294 0.784746 0.659802 0.548184 0.450062 0.365138 0.292741 0.231931 0.181589 0.140501 0.107432 0.081182 0.060627 0.044746 0.032639 0.023530 0.016765 0.011806 0.008218 0.005653 0.003844 0.002584 0.001716 0.001127 0.000732 0.000470 0.000298 0.000187 0.000116 0.000071 0.000043 0.000026 0.000015 0.000009 0.000005 0.000002 0.000000 
0.000000 0.000002 0.000004 0.000007 0.000012 0.000021 0.000035 0.000059 0.000098 0.000159 0.000257 0.000410 0.000646 0.001006 0.001549 0.002358 0.003549 0.005278 0.007760 0.011277 0.016198 0.022995 0.032266 0.044746 0.061330 0.083078 0.111221 0.147154 0.192412 0.248634 0.317507 0.400686 0.499697 0.615823 0.749975 0.902557 1.073335 1.261316 1.464660 1.680624 1.905555 2.134943 2.363538 2.585519 2.794726 2.984939 3.150174 3.284999 3.384827 3.446177 3.466873 3.446177 3.384827 3.284999 3.150174 2.984939 2.794726 2.585519 2.363538 2.134943 1.905555 1.680624 1.464660 1.261316 1.073335 0.902557 0.749975 0.615823 0.499697 0.400686 0.317507 0.248634 0.192412 0.147154 0.111221 0.083078 0.061330 0.044746 0.032266 0.022995 0.016198 0.011277 0.007760 0.005278 0.003549 0.002358 0.001549 0.001006 0.000646 0.000410 0.000257 0.000159 0.000098 0.000059 0.000035 0.000021 0.000012 0.000006 0.000003 0.000000 
0.000000 0.000002 0.000005 0.000009 0.000017 0.000029 0.000048 0.000081 0.000133 0.000217 0.000349 0.000557 0.000877 0.001367 0.002104 0.003202 0.004817 0.007162 0.010527 0.015294 0.021962 0.031171 0.043727 0.060627 0.083078 0.112514 0.150598 0.199212 0.260432 0.336469 0.429599 0.542053 0.675891 0.832841 1.014128 1.220292 1.451012 1.704945 1.979600 2.271270 2.575023 2.884770 3.193422 3.493122 3.775560 4.032342 4.255396 4.437392 4.572143 4.654954 4.682890 4.654954 4.572143 4.437392 4.255396 4.032342 3.775560 3.493122 3.193422 2.884770 2.575023 2.271270 1.979600 1.704945 1.451012 1.220292 1.014128 0.832841 0.675891 0.542053 0.429599 0.336469 0.260432 0.199212 0.150598 0.112514 0.083078 0.060627 0.043727 0.031171 0.021962 0.015294 0.010527 0.007162 0.004817 0.003202 0.002104 0.001367 0.000877 0.000557 0.000349 0.000217 0.000133 0.000081 0.000048 0.000028 0.000016 0.000009 0.000004 0.000000 
0.000000 0.000003 0.000007 0.000013 0.000022 0.000038 0.000065 0.000108 0.000179 0.000291 0.000470 0.000748 0.001178 0.001835 0.002824 0.004296 0.006461 0.009605 0.014113 0.020499 0.029428 0.041758 0.058566 0.081182 0.111221 0.150598 0.201532 0.266539 0.348385 0.450023 0.574488 0.724755 0.903568 1.113229 1.355368 1.630698 1.938786 2.277831 2.644506 3.033858 3.439304 3.852717 4.264637 4.664586 5.041477 5.384115 5.681735 5.924565 6.104354 6.214839 6.252111 6.214839 6.104354 5.924565 5.681735 5.384115 5.041477 4.664586 4.264637 3.852717 3.439304 3.033858 2.644506 2.277831 1.938786 1.630698 1.355368 1.113229 0.903568 0.724755 0.574488 0.450023 0.348385 0.266539 0.201532 0.150598 0.111221 0.081182 0.058566 0.041758 0.029428 0.020499 0.014113 0.009605 0.006461 0.004296 0.002824 0.001835 0.001178 0.000748 0.000470 0.000291 0.000179 0.000108 0.000065 0.000038 0.000022 0.000012 0.000005 0.000000 
0.000000 0.000004 0.000009 0.000017 0.000030 0.000051 0.000086 0.000144 0.000237 0.000387 0.000624 0.000993 0.001564 0.002434 0.003745 0.005696 0.008564 0.012728 0.018698 0.027151 0.038970 0.055285 0.077519 0.107432 0.147154 0.199212 0.266539 0.352450 0.460597 0.594872 0.759277 0.957734 1.193857 1.470675 1.790331 2.153761 2.560382 3.007812 3.491655 4.005376 4.540283 5.085659 5.629029 6.156573 6.653677 7.105580 7.498095 7.818340 8.055440 8.201144 8.250296 8.201144 8.055440 7.818340 7.498095 7.105580 6.653677 6.156573 5.629029 5.085659 4.540283 4.005376 3.491655 3.007812 2.560382 2.153761 1.790331 1.470675 1.193857 0.957734 0.759277 0.594872 0.460597 0.352450 0.266539 0.199212 0.147154 0.107432 0.077519 0.055285 0.038970 0.027151 0.018698 0.012728 0.008564 0.005696 0.003745 0.002434 0.001564 0.000993 0.000624 0.000387 0.000237 0.000144 0.000086 0.000051 0.000029 0.000016 0.000007 0.000000 
0.000000 0.000005 0.000012 0.000022 0.000039 0.000067 0.000113 0.000189 0.000312 0.000508 0.000818 0.001303 0.002050 0.003190 0.004908 0.007463 0.011218 0.016668 0.024480 0.035539 0.050997 0.072332 0.101401 0.140501 0.192412 0.260432 0.348385 0.460597 0.601826 0.777149 0.991779 1.250825 1.558993 1.920224 2.337304 2.811442 3.341868 3.925468 4.556503 5.226443 5.923956 6.635067 7.343514 8.031286 8.679339 9.268440 9.780103 10.197545 10.506601 10.696521 10.760588 10.696521 10.506601 10.197545 9.780103 9.268440 8.679339 8.031286 7.343514 6.635067 5.923956 5.226443 4.556503 3.925468 3.341868 2.811442 2.337304 1.920224 1.558993 1.250825 0.991779 0.777149 0.601826 0.460597 0.348385 0.260432 0.192412 0.140501 0.101401 0.072332 0.050997 0.035539 0.024480 0.016668 0.011218 0.007463 0.004908 0.003190 0.002050 0.001303 0.000818 0.000508 0.000312 0.000189 0.000113 0.000067 0.000038 0.000021 0.000009 0.000000 
0.000000 0.000007 0.000015 0.000029 0.000051 0.000087 0.000147 0.000245 0.000404 0.000659 0.001061 0.001688 0.002657 0.004133 0.006356 0.009662 0.014520 0.021569 0.031672 0.045970 0.065951 0.093522 0.131080 0.181589 0.248634 0.336469 0.450023 0.594872 0.777149 1.003394 1.280321 1.614508 2.012011 2.477902 3.015756 3.627122 4.310994 5.063347 5.876776 6.740281 7.639255 8.555690 9.468632 10.354881 11.189907 11.948940 12.608174 13.145997 13.544169 13.788848 13.871387 13.788848 13.544169 13.145997 12.608174 11.948940 11.189907 10.354881 9.468632 8.555690 7.639255 6.740281 5.876776 5.063347 4.310994 3.627122 3.015756 2.477902 2.012011 1.614508 1.280321 1.003394 0.777149 0.594872 0.450023 0.336469 0.248634 0.181589 0.131080 0.093522 0.065951 0.045970 0.031672 0.021569 0.014520 0.009662 0.006356 0.004133 0.002657 0.001688 0.001061 0.000659 0.000404 0.000245 0.000147 0.000087 0.000050 0.000027 0.000012 0.000000 
0.000000 0.000009 0.000020 0.000037 0.000065 0.000112 0.000189 0.000315 0.000518 0.000844 0.001359 0.002162 0.003401 0.005290 0.008133 0.012361 0.018572 0.027583 0.040493 0.058760 0.084284 0.119494 0.167451 0.231931 0.317507 0.429599 0.574488 0.759277 0.991779 1.280321 1.633448 2.059536 2.566286 3.160145 3.845656 4.624775 5.496206 6.454808 7.491138 8.591176 9.736313 10.903612 12.066392 13.195113 14.258545 15.225158 16.064650 16.749515 17.256538 17.568101 17.673203 17.568101 17.256538 16.749515 16.064650 15.225158 14.258545 13.195113 12.066392 10.903612 9.736313 8.591176 7.491138 6.454808 5.496206 4.624775 3.845656 3.160145 2.566286 2.059536 1.633448 1.280321 0.991779 0.759277 0.574488 0.429599 0.317507 0.231931 0.167451 0.119494 0.084284 0.058760 0.040493 0.027583 0.018572 0.012361 0.008133 0.005290 0.003401 0.002162 0.001359 0.000844 0.000518 0.000314 0.000188 0.000111 0.000064 0.000034 0.000015 0.000000 
0.000000 0.000011 0.000025 0.000047 0.000083 0.000142 0.000239 0.000399 0.000656 0.001069 0.001720 0.002736 0.004303 0.006691 0.010284 0.015627 0.023474 0.034855 0.051158 0.074222 0.106440 0.150879 0.211392 0.292741 0.400686 0.542053 0.724755 0.957734 1.250825 1.614508 2.059536 2.596442 3.234910 3.983044 4.846544 5.827855 6.925327 8.132473 9.437389 10.822419 12.264127 13.733643 15.197383 16.618176 17.956724 19.173358 20.229956 21.091916 21.730034 22.122150 22.254424 22.122150 21.730034 21.091916 20.229956 19.173358 17.956724 16.618176 15.197383 13.733643 12.264127 10.822419 9.437389 8.132473 6.925327 5.827855 4.846544 3.983044 3.234910 2.596442 2.059536 1.614508 1.250825 0.957734 0.724755 0.542053 0.400686 0.292741 0.211392 0.150879 0.106440 0.074222 0.051158 0.034855 0.023474 0.015627 0.010284 0.006691 0.004303 0.002736 0.001719 0.001068 0.000656 0.000398 0.000239 0.000141 0.000081 0.000044 0.000019 0.000000 
0.000000 0.000014 0.000031 0.000059 0.000104 0.000178 0.000299 0.000499 0.000821 0.001337 0.002150 0.003420 0.005379 0.008361 0.012850 0.019521 0.029317 0.043522 0.063867 0.092643 0.132833 0.188256 0.263715 0.365138 0.499697 0.675891 0.903568 1.193857 1.558993 2.012011 2.566286 3.234910 4.029921 4.961383 6.036369 7.257900 8.623902 10.126284 11.750218 13.473724 15.267639 17.096041 18.917157 20.684753 22.349957 23.863440 25.177798 26.250009 27.043764 27.531511 27.696044 27.531511 27.043764 26.250009 25.177798 23.863440 22.349957 20.684753 18.917157 17.096041 15.267639 13.473724 11.750218 10.126284 8.623902 7.257900 6.036369 4.961383 4.029921 3.234910 2.566286 2.012011 1.558993 1.193857 0.903568 0.675891 0.499697 0.365138 0.263715 0.188256 0.132833 0.092643 0.063867 0.043522 0.029317 0.019521 0.012850 0.008361 0.005379 0.003420 0.002150 0.001336 0.000821 0.000499 0.000299 0.000176 0.000101 0.000055 0.000024 0.000000 
0.000000 0.000017 0.000039 0.000073 0.000128 0.000220 0.000370 0.000617 0.001015 0.001652 0.002657 0.004226 0.006643 0.010325 0.015864 0.024096 0.036180 0.053700 0.078789 0.114266 0.163808 0.232116 0.325102 0.450062 0.615823 0.832841 1.113229 1.470675 1.920224 2.477902 3.160145 3.983044 4.961383 6.107518 7.430126 8.932894 10.613249 12.461218 14.458549 16.578198 18.784299 21.032680 23.271983 25.445375 27.492786 29.353585 30.969518 32.287713 33.263553 33.863180 34.065452 33.863180 33.263553 32.287713 30.969518 29.353585 27.492786 25.445375 23.271983 21.032680 18.784299 16.578198 14.458549 12.461218 10.613249 8.932894 7.430126 6.107518 4.961383 3.983044 3.160145 2.477902 1.920224 1.470675 1.113229 0.832841 0.615823 0.450062 0.325102 0.232116 0.163808 0.114266 0.078789 0.053700 0.036180 0.024096 0.015864 0.010325 0.006643 0.004226 0.002657 0.001652 0.001015 0.000616 0.000370 0.000218 0.000125 0.000068 0.000029 0.000000 
0.000000 0.000021 0.000048 0.000089 0.000157 0.000268 0.000453 0.000754 0.001240 0.002017 0.003244 0.005158 0.008107 0.012598 0.019353 0.029389 0.044119 0.065472 0.096043 0.139267 0.199614 0.282808 0.396040 0.548184 0.749975 1.014128 1.355368 1.790331 2.337304 3.015756 3.845656 4.846544 6.036369 7.430126 9.038331 10.865440 12.908296 15.154753 17.582606 20.158973 22.840257 25.572779 28.294134 30.935272 33.423221 35.684331 37.647842 39.249539 40.435231 41.163799 41.409565 41.163799 40.435231 39.249539 37.647842 35.684331 33.423221 30.935272 28.294134 25.572779 22.840257 20.158973 17.582606 15.154753 12.908296 10.865440 9.038331 7.430126 6.036369 4.846544 3.845656 3.015756 2.337304 1.790331 1.355368 1.014128 0.749975 0.548184 0.396040 0.282808 0.199614 0.139267 0.096043 0.065472 0.044119 0.029389 0.019353 0.012598 0.008107 0.005158 0.003244 0.002017 0.001240 0.000753 0.000452 0.000266 0.000153 0.000083 0.000036 0.000000 
0.000000 0.000025 0.000058 0.000108 0.000189 0.000324 0.000547 0.000910 0.001497 0.002434 0.003913 0.006221 0.009776 0.015188 0.023327 0.035418 0.053160 0.078876 0.115686 0.167723 0.240363 0.340489 0.476746 0.659802 0.902557 1.220292 1.630698 2.153761 2.811442 3.627122 4.624775 5.827855 7.257900 8.932894 10.865440 13.060857 15.515322 18.214215 21.130842 24.225691 27.446388 30.728461 33.996969 37.169001 40.156943 42.872375 45.230352 47.153787 48.577630 49.452525 49.747650 49.452525 48.577630 47.153787 45.230352 42.872375 40.156943 37.169001 33.996969 30.728461 27.446388 24.225691 21.130842 18.214215 15.515322 13.060857 10.865440 8.932894 7.257900 5.827855 4.624775 3.627122 2.811442 2.153761 1.630698 1.220292 0.902557 0.659802 0.476746 0.340489 0.240363 0.167723 0.115686 0.078876 0.053160 0.035418 0.023327 0.015188 0.009776 0.006221 0.003913 0.002434 0.001496 0.000909 0.000545 0.000322 0.000185 0.000100 0.000043 0.000000 
0.000000 0.000030 0.000069 0.000128 0.000226 0.000387 0.000652 0.001085 0.001784 0.002901 0.004664 0.007413 0.011647 0.018092 0.027782 0.042175 0.063292 0.093893 0.137690 0.199594 0.285997 0.405075 0.567100 0.784746 1.073335 1.451012 1.938786 2.560382 3.341868 4.310994 5.496206 6.925327 8.623902 10.613249 12.908296 15.515322 18.429752 21.634200 25.096951 28.771081 32.594412 36.490414 40.370147 44.135215 47.681657 50.904559 53.703135 55.985928 57.675766 58.714094 59.064347 58.714094 57.675766 55.985928 53.703135 50.904559 47.681657 44.135215 40.370147 36.490414 32.594412 28.771081 25.096951 21.634200 18.429752 15.515322 12.908296 10.613249 8.623902 6.925327 5.496206 4.310994 3.341868 2.560382 1.938786 1.451012 1.073335 0.784746 0.567100 0.405075 0.285997 0.199594 0.137690 0.093893 0.063292 0.042175 0.027782 0.018092 0.011647 0.007413 0.004664 0.002901 0.001784 0.001084 0.000650 0.000384 0.000221 0.000119 0.000052 0.000000 
0.000000 0.000035 0.000081 0.000151 0.000266 0.000456 0.000768 0.001278 0.002102 0.003417 0.005492 0.008727 0.013710 0.021293 0.032693 0.049622 0.074456 0.110439 0.161930 0.234700 0.336254 0.476194 0.666582 0.922294 1.261316 1.704945 2.277831 3.007812 3.925468 5.063347 6.454808 8.132473 10.126284 12.461218 15.154753 18.214215 21.634200 25.394276 29.457203 33.767914 38.253455 42.824049 47.375371 51.792021 55.952078 59.732514 63.015144 65.692732 67.674790 68.892662 69.303478 68.892662 67.674790 65.692732 63.015144 59.732514 55.952078 51.792021 47.375371 42.824049 38.253455 33.767914 29.457203 25.394276 21.634200 18.214215 15.154753 12.461218 10.126284 8.132473 6.454808 5.063347 3.925468 3.007812 2.277831 1.704945 1.261316 0.922294 0.666582 0.476194 0.336254 0.234700 0.161930 0.110439 0.074456 0.049622 0.032692 0.021293 0.013710 0.008727 0.005492 0.003417 0.002102 0.001277 0.000766 0.000452 0.000260 0.000140 0.000061 0.000000 
0.000000 0.000041 0.000094 0.000176 0.000310 0.000531 0.000894 0.001488 0.002446 0.003976 0.006390 0.010152 0.015946 0.024761 0.038012 0.057687 0.086545 0.128352 0.188171 0.272698 0.390645 0.553152 0.774218 1.071100 1.464660 1.979600 2.644506 3.491655 4.556503 5.876776 7.491138 9.437389 11.750218 14.458549 17.582606 21.130842 25.096951 29.457203 34.168392 39.166651 44.367387 49.666515 54.943102 60.063386 64.886057 69.268531 73.073845 76.177724 78.475312 79.887049 80.363259 79.887049 78.475312 76.177724 73.073845 69.268531 64.886057 60.063386 54.943102 49.666515 44.367387 39.166651 34.168392 29.457203 25.096951 21.130842 17.582606 14.458549 11.750218 9.437389 7.491138 5.876776 4.556503 3.491655 2.644506 1.979600 1.464660 1.071100 0.774218 0.553152 0.390645 0.272698 0.188171 0.128352 0.086545 0.057687 0.038012 0.024761 0.015946 0.010152 0.006390 0.003976 0.002446 0.001487 0.000892 0.000527 0.000303 0.000163 0.000071 0.000000 
0.000000 0.000047 0.000109 0.000203 0.000357 0.000611 0.001029 0.001711 0.002813 0.004571 0.007345 0.011668 0.018324 0.028449 0.043668 0.066262 0.099397 0.147394 0.216060 0.313077 0.448436 0.634914 0.888559 1.229157 1.680624 2.271270 3.033858 4.005376 5.226443 6.740281 8.591176 10.822419 13.473724 16.578198 20.158973 24.225691 28.771081 33.767914 39.166651 44.894090 50.853291 56.925003 62.970678 68.837087 74.362368 79.383203 83.742724 87.298600 89.930738 91.548025 92.093569 91.548025 89.930738 87.298600 83.742724 79.383203 74.362368 68.837087 62.970678 56.925003 50.853291 44.894090 39.166651 33.767914 28.771081 24.225691 20.158973 16.578198 13.473724 10.822419 8.591176 6.740281 5.226443 4.005376 3.033858 2.271270 1.680624 1.229157 0.888559 0.634914 0.448436 0.313077 0.216060 0.147394 0.099397 0.066262 0.043668 0.028449 0.018324 0.011667 0.007345 0.004571 0.002812 0.001710 0.001026 0.000606 0.000348 0.000188 0.000082 0.000000 
0.000000 0.000054 0.000124 0.000231 0.000405 0.000694 0.001169 0.001944 0.003195 0.005192 0.008341 0.013249 0.020804 0.032296 0.049565 0.075202 0.112794 0.167240 0.245125 0.355154 0.508651 0.720096 1.007671 1.393793 1.905555 2.575023 3.439304 4.540283 5.923956 7.639255 9.736313 12.264127 15.267639 18.784299 22.840257 27.446388 32.594412 38.253455 44.367387 50.853291 57.601391 64.476654 71.322219 77.964614 84.220603 89.905315 94.841185 98.867107 101.847152 103.678195 104.295841 103.678195 101.847152 98.867107 94.841185 89.905315 84.220603 77.964614 71.322219 64.476654 57.601391 50.853291 44.367387 38.253455 32.594412 27.446388 22.840257 18.784299 15.267639 12.264127 9.736313 7.639255 5.923956 4.540283 3.439304 2.575023 1.905555 1.393793 1.007671 0.720096 0.508651 0.355154 0.245125 0.167240 0.112794 0.075202 0.049565 0.032296 0.020804 0.013248 0.008341 0.005192 0.003195 0.001942 0.001166 0.000689 0.000396 0.000214 0.000093 0.000000 
0.000000 0.000060 0.000139 0.000259 0.000455 0.000779 0.001312 0.002182 0.003586 0.005826 0.009359 0.014863 0.023336 0.036223 0.055586 0.084327 0.126467 0.187494 0.274783 0.398085 0.570083 0.806989 1.129165 1.561706 2.134943 2.884770 3.852717 5.085659 6.635067 8.555690 10.903612 13.733643 17.096041 21.032680 25.572779 30.728461 36.490414 42.824049 49.666515 56.925003 64.476654 72.170367 79.830627 87.263351 94.263537 100.624367 106.147203 110.651824 113.986178 116.034907 116.725980 116.034907 113.986178 110.651824 106.147203 100.624367 94.263537 87.263351 79.830627 72.170367 64.476654 56.925003 49.666515 42.824049 36.490414 30.728461 25.572779 21.032680 17.096041 13.733643 10.903612 8.555690 6.635067 5.085659 3.852717 2.884770 2.134943 1.561706 1.129165 0.806989 0.570083 0.398085 0.274783 0.187494 0.126467 0.084327 0.055586 0.036223 0.023336 0.014863 0.009359 0.005826 0.003585 0.002180 0.001309 0.000773 0.000445 0.000240 0.000105 0.000000 
0.000000 0.000067 0.000154 0.000288 0.000505 0.000864 0.001455 0.002420 0.003976 0.006459 0.010375 0.016474 0.025863 0.040140 0.061591 0.093428 0.140102 0.207690 0.304354 0.440886 0.631323 0.893604 1.250258 1.729052 2.363538 3.193422 4.264637 5.629029 7.343514 9.468632 12.066392 15.197383 18.917157 23.271983 28.294134 33.996969 40.370147 47.375371 54.943102 62.970678 71.322219 79.830627 88.301825 96.521212 104.262128 111.295915 117.402963 122.384032 126.071024 128.336412 129.100566 128.336412 126.071024 122.384032 117.402963 111.295915 104.262128 96.521212 88.301825 79.830627 71.322219 62.970678 54.943102 47.375371 40.370147 33.996969 28.294134 23.271983 18.917157 15.197383 12.066392 9.468632 7.343514 5.629029 4.264637 3.193422 2.363538 1.729052 1.250258 0.893604 0.631323 0.440886 0.304354 0.207690 0.140102 0.093428 0.061591 0.040140 0.025862 0.016474 0.010374 0.006459 0.003975 0.002418 0.001452 0.000858 0.000493 0.000266 0.000116 0.000000 
