0.000000 0.000000 0.000000 0.000000 0.000000 0.000000 0.000000 0.000000 0.000000 0.000000 0.000000 0.000000 0.000000 0.000000 0.000000 0.000000 0.000000 0.000000 0.000000 0.000000 0.000000 0.000000 0.000000 0.000000 0.000000 0.000000 0.000000 0.000000 0.000000 0.000000 0.000000 0.000000 0.000000 0.000000 0.000000 0.000000 0.000000 0.000000 0.000000 0.000000 0.000000 0.000000 0.000000 0.000000 0.000000 0.000000 0.000000 0.000000 0.000000 0.000000 0.000000 0.000000 0.000000 0.000000 0.000000 0.000000 0.000000 0.000000 0.000000 0.000000 0.000000 0.000000 0.000000 0.000000 0.000000 0.000000 0.000000 0.000000 0.000000 0.000000 0.000000 0.000000 0.000000 0.000000 0.000000 0.000000 0.000000 0.000000 0.000000 0.000000 0.000000 0.000000 0.000000 0.000000 0.000000 0.000000 0.000000 0.000000 0.000000 0.000000 0.000000 0.000000 0.000000 0.000000 0.000000 0.000000 0.000000 0.000000 0.000000 0.000000 
0.000000 0.000000 0.000000 0.000000 0.000000 0.000000 0.000000 0.000000 0.000000 0.000000 0.000000 0.000000 0.000000 0.000000 0.000000 0.000000 0.000000 0.000000 0.000000 0.000000 0.000000 0.000000 0.000000 0.000000 0.000000 0.000000 0.000000 0.000000 0.000000 0.000000 0.000000 0.000000 0.000001 0.000001 0.000001 0.000001 0.000001 0.000002 0.000002 0.000002 0.000003 0.000003 0.000004 0.000004 0.000005 0.000005 0.000005 0.000006 0.000006 0.000006 0.000006 0.000006 0.000006 0.000006 0.000005 0.000005 0.000005 0.000004 0.000004 0.000003 0.000003 0.000002 0.000002 0.000002 0.000001 0.000001 0.000001 0.000001 0.000001 0.000000 0.000000 0.000000 0.000000 0.000000 0.000000 0.000000 0.000000 0.000000 0.000000 0.000000 0.000000 0.000000 0.000000 0.000000 0.000000 0.000000 0.000000 0.000000 0.000000 0.000000 0.000000 0.000000 0.000000 0.000000 0.000000 0.000000 0.000000 0.000000 0.000000 0.000000 
0.000000 0.000000 0.000000 0.000000 0.000000 0.000000 0.000000 0.000000 0.000000 0.000000 0.000000 0.000000 0.000000 0.000000 0.000000 0.000000 0.000000 0.000000 0.000000 0.000000 0.000000 0.000000 0.000000 0.000000 0.000000 0.000000 0.000000 0.000000 0.000000 0.000001 0.000001 0.000001 0.000001 0.000002 0.000002 0.000003 0.000003 0.000004 0.000005 0.000006 0.000007 0.000008 0.000009 0.000010 0.000011 0.000012 0.000013 0.000014 0.000014 0.000015 0.000015 0.000015 0.000014 0.000014 0.000013 0.000012 0.000011 0.000010 0.000009 0.000008 0.000007 0.000006 0.000005 0.000004 0.000003 0.000003 0.000002 0.000002 0.000001 0.000001 0.000001 0.000001 0.000000 0.000000 0.000000 0.000000 0.000000 0.000000 0.000000 0.000000 0.000000 0.000000 0.000000 0.000000 0.000000 0.000000 0.000000 0.000000 0.000000 0.000000 0.000000 0.000000 0.000000 0.000000 0.000000 0.000000 0.000000 0.000000 0.000000 0.000000 
0.000000 0.000000 0.000000 0.000000 0.000000 0.000000 0.000000 0.000000 0.000000 0.000000 0.000000 0.000000 0.000000 0.000000 0.000000 0.000000 0.000000 0.000000 0.000000 0.000000 0.000000 0.000000 0.000000 0.000000 0.000000 0.000000 0.000000 0.000001 0.000001 0.000001 0.000001 0.000002 0.000003 0.000003 0.000004 0.000005 0.000007 0.000008 0.000010 0.000012 0.000014 0.000016 0.000018 0.000021 0.000023 0.000025 0.000027 0.000028 0.000029 0.000030 0.000030 0.000030 0.000029 0.000028 0.000027 0.000025 0.000023 0.000021 0.000018 0.000016 0.000014 0.000012 0.000010 0.000008 0.000007 0.000005 0.000004 0.000003 0.000003 0.000002 0.000001 0.000001 0.000001 0.000001 0.000000 0.000000 0.000000 0.000000 0.000000 0.000000 0.000000 0.000000 0.000000 0.000000 0.000000 0.000000 0.000000 0.000000 0.000000 0.000000 0.000000 0.000000 0.000000 0.000000 0.000000 0.000000 0.000000 0.000000 0.000000 0.000000 
0.000000 0.000000 0.000000 0.000000 0.000000 0.000000 0.000000 0.000000 0.000000 0.000000 0.000000 0.000000 0.000000 0.000000 0.000000 0.000000 0.000000 0.000000 0.000000 0.000000 0.000000 0.000000 0.000000 0.000000 0.000000 0.000001 0.000001 0.000001 0.000002 0.000002 0.000003 0.000004 0.000005 0.000007 0.000008 0.000011 0.000013 0.000016 0.000020 0.000023 0.000027 0.000032 0.000036 0.000040 0.000045 0.000049 0.000052 0.000055 0.000057 0.000058 0.000059 0.000058 0.000057 0.000055 0.000052 0.000049 0.000045 0.000040 0.000036 0.000032 0.000027 0.000023 0.000020 0.000016 0.000013 0.000011 0.000008 0.000007 0.000005 0.000004 0.000003 0.000002 0.000002 0.000001 0.000001 0.000001 0.000000 0.000000 0.000000 0.000000 0.000000 0.000000 0.000000 0.000000 0.000000 0.000000 0.000000 0.000000 0.000000 0.000000 0.000000 0.000000 0.000000 0.000000 0.000000 0.000000 0.000000 0.000000 0.000000 0.000000 
0.000000 0.000000 0.000000 0.000000 0.000000 0.000000 0.000000 0.000000 0.000000 0.000000 0.000000 0.000000 0.000000 0.000000 0.000000 0.000000 0.000000 0.000000 0.000000 0.000000 0.000000 0.000000 0.000000 0.000000 0.000001 0.000001 0.000001 0.000002 0.000003 0.000004 0.000005 0.000007 0.000010 0.000013 0.000016 0.000020 0.000025 0.000031 0.000038 0.000045 0.000053 0.000061 0.000069 0.000077 0.000085 0.000093 0.000099 0.000105 0.000109 0.000111 0.000112 0.000111 0.000109 0.000105 0.000099 0.000093 0.000085 0.000077 0.000069 0.000061 0.000053 0.000045 0.000038 0.000031 0.000025 0.000020 0.000016 0.000013 0.000010 0.000007 0.000005 0.000004 0.000003 0.000002 0.000001 0.000001 0.000001 0.000000 0.000000 0.000000 0.000000 0.000000 0.000000 0.000000 0.000000 0.000000 0.000000 0.000000 0.000000 0.000000 0.000000 0.000000 0.000000 0.000000 0.000000 0.000000 0.000000 0.000000 0.000000 0.000000 
0.000000 0.000000 0.000000 0.000000 0.000000 0.000000 0.000000 0.000000 0.000000 0.000000 0.000000 0.000000 0.000000 0.000000 0.000000 0.000000 0.000000 0.000000 0.000000 0.000000 0.000000 0.000000 0.000001 0.000001 0.000001 0.000002 0.000003 0.000004 0.000005 0.000008 0.000010 0.000014 0.000018 0.000024 0.000030 0.000039 0.000048 0.000059 0.000071 0.000084 0.000099 0.000114 0.000130 0.000146 0.000161 0.000175 0.000187 0.000197 0.000205 0.000209 0.000211 0.000209 0.000205 0.000197 0.000187 0.000175 0.000161 0.000146 0.000130 0.000114 0.000099 0.000084 0.000071 0.000059 0.000048 0.000039 0.000030 0.000024 0.000018 0.000014 0.000010 0.000008 0.000005 0.000004 0.000003 0.000002 0.000001 0.000001 0.000001 0.000000 0.000000 0.000000 0.000000 0.000000 0.000000 0.000000 0.000000 0.000000 0.000000 0.000000 0.000000 0.000000 0.000000 0.000000 0.000000 0.000000 0.000000 0.000000 0.000000 0.000000 
0.000000 0.000000 0.000000 0.000000 0.000000 0.000000 0.000000 0.000000 0.000000 0.000000 0.000000 0.000000 0.000000 0.000000 0.000000 0.000000 0.000000 0.000000 0.000000 0.000000 0.000000 0.000001 0.000001 0.000002 0.000002 0.000004 0.000005 0.000007 0.000010 0.000014 0.000019 0.000026 0.000034 0.000044 0.000057 0.000072 0.000089 0.000109 0.000132 0.000157 0.000184 0.000212 0.000241 0.000270 0.000298 0.000324 0.000347 0.000366 0.000380 0.000389 0.000391 0.000389 0.000380 0.000366 0.000347 0.000324 0.000298 0.000270 0.000241 0.000212 0.000184 0.000157 0.000132 0.000109 0.000089 0.000072 0.000057 0.000044 0.000034 0.000026 0.000019 0.000014 0.000010 0.000007 0.000005 0.000004 0.000002 0.000002 0.000001 0.000001 0.000000 0.000000 0.000000 0.000000 0.000000 0.000000 0.000000 0.000000 0.000000 0.000000 0.000000 0.000000 0.000000 0.000000 0.000000 0.000000 0.000000 0.000000 0.000000 0.000000 
0.000000 0.000000 0.000000 0.000000 0.000000 0.000000 0.000000 0.000000 0.000000 0.000000 0.000000 0.000000 0.000000 0.000000 0.000000 0.000000 0.000000 0.000000 0.000000 0.000001 0.000001 0.000001 0.000002 0.000003 0.000004 0.000007 0.000009 0.000013 0.000019 0.000026 0.000035 0.000047 0.000062 0.000081 0.000104 0.000131 0.000164 0.000200 0.000242 0.000288 0.000337 0.000389 0.000442 0.000495 0.000546 0.000593 0.000635 0.000669 0.000695 0.000711 0.000716 0.000711 0.000695 0.000669 0.000635 0.000593 0.000546 0.000495 0.000442 0.000389 0.000337 0.000288 0.000242 0.000200 0.000164 0.000131 0.000104 0.000081 0.000062 0.000047 0.000035 0.000026 0.000019 0.000013 0.000009 0.000007 0.000004 0.000003 0.000002 0.000001 0.000001 0.000001 0.000000 0.000000 0.000000 0.000000 0.000000 0.000000 0.000000 0.000000 0.000000 0.000000 0.000000 0.000000 0.000000 0.000000 0.000000 0.000000 0.000000 0.000000 
0.000000 0.000000 0.000000 0.000000 0.000000 0.000000 0.000000 0.000000 0.000000 0.000000 0.000000 0.000000 0.000000 0.000000 0.000000 0.000000 0.000000 0.000000 0.000001 0.000001 0.000002 0.000002 0.000004 0.000005 0.000008 0.000012 0.000017 0.000024 0.000034 0.000047 0.000064 0.000086 0.000113 0.000147 0.000189 0.000238 0.000296 0.000362 0.000437 0.000520 0.000609 0.000702 0.000798 0.000894 0.000986 0.001071 0.001146 0.001208 0.001254 0.001283 0.001293 0.001283 0.001254 0.001208 0.001146 0.001071 0.000986 0.000894 0.000798 0.000702 0.000609 0.000520 0.000437 0.000362 0.000296 0.000238 0.000189 0.000147 0.000113 0.000086 0.000064 0.000047 0.000034 0.000024 0.000017 0.000012 0.000008 0.000005 0.000004 0.000002 0.000002 0.000001 0.000001 0.000000 0.000000 0.000000 0.000000 0.000000 0.000000 0.000000 0.000000 0.000000 0.000000 0.000000 0.000000 0.000000 0.000000 0.000000 0.000000 0.000000 
0.000000 0.000000 0.000000 0.000000 0.000000 0.000000 0.000000 0.000000 0.000000 0.000000 0.000000 0.000000 0.000000 0.000000 0.000000 0.000000 0.000000 0.000001 0.000001 0.000002 0.000003 0.000004 0.000007 0.000010 0.000015 0.000021 0.000031 0.000044 0.000061 0.000084 0.000115 0.000153 0.000202 0.000263 0.000337 0.000425 0.000528 0.000647 0.000780 0.000927 0.001085 0.001252 0.001423 0.001592 0.001756 0.001907 0.002041 0.002151 0.002233 0.002284 0.002302 0.002284 0.002233 0.002151 0.002041 0.001907 0.001756 0.001592 0.001423 0.001252 0.001085 0.000927 0.000780 0.000647 0.000528 0.000425 0.000337 0.000263 0.000202 0.000153 0.000115 0.000084 0.000061 0.000044 0.000031 0.000021 0.000015 0.000010 0.000007 0.000004 0.000003 0.000002 0.000001 0.000001 0.000000 0.000000 0.000000 0.000000 0.000000 0.000000 0.000000 0.000000 0.000000 0.000000 0.000000 0.000000 0.000000 0.000000 0.000000 0.000000 
0.000000 0.000000 0.000000 0.000000 0.000000 0.000000 0.000000 0.000000 0.000000 0.000000 0.000000 0.000000 0.000000 0.000000 0.000000 0.000000 0.000001 0.000001 0.000002 0.000003 0.000005 0.000008 0.000012 0.000017 0.000026 0.000038 0.000054 0.000077 0.000108 0.000149 0.000202 0.000271 0.000357 0.000463 0.000593 0.000748 0.000929 0.001138 0.001372 0.001630 0.001908 0.002201 0.002500 0.002798 0.003085 0.003350 0.003585 0.003778 0.003923 0.004012 0.004042 0.004012 0.003923 0.003778 0.003585 0.003350 0.003085 0.002798 0.002500 0.002201 0.001908 0.001630 0.001372 0.001138 0.000929 0.000748 0.000593 0.000463 0.000357 0.000271 0.000202 0.000149 0.000108 0.000077 0.000054 0.000038 0.000026 0.000017 0.000012 0.000008 0.000005 0.000003 0.000002 0.000001 0.000001 0.000000 0.000000 0.000000 0.000000 0.000000 0.000000 0.000000 0.000000 0.000000 0.000000 0.000000 0.000000 0.000000 0.000000 0.000000 
0.000000 0.000000 0.000000 0.000000 0.000000 0.000000 0.000000 0.000000 0.000000 0.000000 0.000000 0.000000 0.000000 0.000000 0.000000 0.000001 0.000001 0.000002 0.000003 0.000005 0.000009 0.000013 0.000020 0.000030 0.000045 0.000066 0.000095 0.000135 0.000188 0.000259 0.000352 0.000471 0.000620 0.000805 0.001031 0.001299 0.001614 0.001975 0.002381 0.002828 0.003310 0.003816 0.004334 0.004850 0.005346 0.005805 0.006211 0.006545 0.006795 0.006950 0.007002 0.006950 0.006795 0.006545 0.006211 0.005805 0.005346 0.004850 0.004334 0.003816 0.003310 0.002828 0.002381 0.001975 0.001614 0.001299 0.001031 0.000805 0.000620 0.000471 0.000352 0.000259 0.000188 0.000135 0.000095 0.000066 0.000045 0.000030 0.000020 0.000013 0.000009 0.000005 0.000003 0.000002 0.000001 0.000001 0.000000 0.000000 0.000000 0.000000 0.000000 0.000000 0.000000 0.000000 0.000000 0.000000 0.000000 0.000000 0.000000 0.000000 
0.000000 0.000000 0.000000 0.000000 0.000000 0.000000 0.000000 0.000000 0.000000 0.000000 0.000000 0.000000 0.000000 0.000000 0.000001 0.000001 0.000002 0.000004 0.000006 0.000009 0.000015 0.000023 0.000035 0.000052 0.000078 0.000113 0.000163 0.000231 0.000323 0.000445 0.000604 0.000807 0.001064 0.001381 0.001766 0.002225 0.002763 0.003381 0.004075 0.004839 0.005661 0.006526 0.007410 0.008291 0.009138 0.009922 0.010613 0.011184 0.011611 0.011874 0.011964 0.011874 0.011611 0.011184 0.010613 0.009922 0.009138 0.008291 0.007410 0.006526 0.005661 0.004839 0.004075 0.003381 0.002763 0.002225 0.001766 0.001381 0.001064 0.000807 0.000604 0.000445 0.000323 0.000231 0.000163 0.000113 0.000078 0.000052 0.000035 0.000023 0.000015 0.000009 0.000006 0.000004 0.000002 0.000001 0.000001 0.000000 0.000000 0.000000 0.000000 0.000000 0.000000 0.000000 0.000000 0.000000 0.000000 0.000000 0.000000 0.000000 
0.000000 0.000000 0.000000 0.000000 0.000000 0.000000 0.000000 0.000000 0.000000 0.000000 0.000000 0.000000 0.000000 0.000001 0.000001 0.000002 0.000004 0.000006 0.000010 0.000016 0.000025 0.000039 0.000059 0.000089 0.000132 0.000192 0.000277 0.000392 0.000548 0.000754 0.001022 0.001366 0.001799 0.002334 0.002984 0.003760 0.004667 0.005707 0.006877 0.008165 0.009551 0.011007 0.012497 0.013978 0.015404 0.016724 0.017888 0.018849 0.019567 0.020010 0.020161 0.020010 0.019567 0.018849 0.017888 0.016724 0.015404 0.013978 0.012497 0.011007 0.009551 0.008165 0.006877 0.005707 0.004667 0.003760 0.002984 0.002334 0.001799 0.001366 0.001022 0.000754 0.000548 0.000392 0.000277 0.000192 0.000132 0.000089 0.000059 0.000039 0.000025 0.000016 0.000010 0.000006 0.000004 0.000002 0.000001 0.000001 0.000000 0.000000 0.000000 0.000000 0.000000 0.000000 0.000000 0.000000 0.000000 0.000000 0.000000 0.000000 
0.000000 0.000000 0.000000 0.000000 0.000000 0.000000 0.000000 0.000000 0.000000 0.000000 0.000000 0.000000 0.000001 0.000001 0.000002 0.000004 0.000006 0.000011 0.000017 0.000027 0.000042 0.000065 0.000099 0.000149 0.000221 0.000322 0.000463 0.000655 0.000915 0.001258 0.001706 0.002279 0.003000 0.003891 0.004973 0.006263 0.007772 0.009503 0.011448 0.013588 0.015890 0.018309 0.020784 0.023244 0.025612 0.027803 0.029734 0.031329 0.032521 0.033257 0.033507 0.033257 0.032521 0.031329 0.029734 0.027803 0.025612 0.023244 0.020784 0.018309 0.015890 0.013588 0.011448 0.009503 0.007772 0.006263 0.004973 0.003891 0.003000 0.002279 0.001706 0.001258 0.000915 0.000655 0.000463 0.000322 0.000221 0.000149 0.000099 0.000065 0.000042 0.000027 0.000017 0.000011 0.000006 0.000004 0.000002 0.000001 0.000001 0.000000 0.000000 0.000000 0.000000 0.000000 0.000000 0.000000 0.000000 0.000000 0.000000 0.000000 
0.000000 0.000000 0.000000 0.000000 0.000000 0.000000 0.000000 0.000000 0.000000 0.000000 0.000000 0.000001 0.000001 0.000002 0.000004 0.000006 0.000011 0.000017 0.000028 0.000045 0.000070 0.000108 0.000164 0.000246 0.000364 0.000531 0.000763 0.001080 0.001507 0.002072 0.002808 0.003749 0.004934 0.006397 0.008174 0.010290 0.012766 0.015604 0.018793 0.022300 0.026073 0.030035 0.034089 0.038119 0.041996 0.045583 0.048746 0.051357 0.053307 0.054513 0.054921 0.054513 0.053307 0.051357 0.048746 0.045583 0.041996 0.038119 0.034089 0.030035 0.026073 0.022300 0.018793 0.015604 0.012766 0.010290 0.008174 0.006397 0.004934 0.003749 0.002808 0.002072 0.001507 0.001080 0.000763 0.000531 0.000364 0.000246 0.000164 0.000108 0.000070 0.000045 0.000028 0.000017 0.000011 0.000006 0.000004 0.000002 0.000001 0.000001 0.000000 0.000000 0.000000 0.000000 0.000000 0.000000 0.000000 0.000000 0.000000 0.000000 
0.000000 0.000000 0.000000 0.000000 0.000000 0.000000 0.000000 0.000000 0.000000 0.000000 0.000001 0.000001 0.000002 0.000004 0.000006 0.000011 0.000017 0.000028 0.000046 0.000073 0.000114 0.000176 0.000268 0.000401 0.000593 0.000864 0.001240 0.001755 0.002448 0.003365 0.004557 0.006083 0.008001 0.010371 0.013246 0.016672 0.020676 0.025266 0.030422 0.036092 0.042189 0.048591 0.055140 0.061649 0.067910 0.073702 0.078809 0.083024 0.086172 0.088119 0.088777 0.088119 0.086172 0.083024 0.078809 0.073702 0.067910 0.061649 0.055140 0.048591 0.042189 0.036092 0.030422 0.025266 0.020676 0.016672 0.013246 0.010371 0.008001 0.006083 0.004557 0.003365 0.002448 0.001755 0.001240 0.000864 0.000593 0.000401 0.000268 0.000176 0.000114 0.000073 0.000046 0.000028 0.000017 0.000011 0.000006 0.000004 0.000002 0.000001 0.000001 0.000000 0.000000 0.000000 0.000000 0.000000 0.000000 0.000000 0.000000 0.000000 
0.000000 0.000000 0.000000 0.000000 0.000000 0.000000 0.000000 0.000000 0.000000 0.000001 0.000001 0.000002 0.000003 0.000006 0.000010 0.000017 0.000028 0.000046 0.000074 0.000117 0.000183 0.000283 0.000430 0.000644 0.000952 0.001386 0.001989 0.002813 0.003921 0.005387 0.007293 0.009731 0.012795 0.016579 0.021169 0.026635 0.033023 0.040343 0.048564 0.057602 0.067320 0.077520 0.087953 0.098321 0.108292 0.117517 0.125647 0.132359 0.137372 0.140470 0.141518 0.140470 0.137372 0.132359 0.125647 0.117517 0.108292 0.098321 0.087953 0.077520 0.067320 0.057602 0.048564 0.040343 0.033023 0.026635 0.021169 0.016579 0.012795 0.009731 0.007293 0.005387 0.003921 0.002813 0.001989 0.001386 0.000952 0.000644 0.000430 0.000283 0.000183 0.000117 0.000074 0.000046 0.000028 0.000017 0.000010 0.000006 0.000003 0.000002 0.000001 0.000001 0.000000 0.000000 0.000000 0.000000 0.000000 0.000000 0.000000 0.000000 
0.000000 0.000000 0.000000 0.000000 0.000000 0.000000 0.000000 0.000000 0.000001 0.000001 0.000002 0.000003 0.000005 0.000009 0.000016 0.000027 0.000045 0.000073 0.000117 0.000186 0.000291 0.000448 0.000681 0.001020 0.001506 0.002191 0.003143 0.004444 0.006192 0.008503 0.011508 0.015350 0.020176 0.026134 0.033359 0.041960 0.052008 0.063521 0.076446 0.090654 0.105925 0.121953 0.138343 0.154629 0.170290 0.184777 0.197544 0.208082 0.215952 0.220816 0.222462 0.220816 0.215952 0.208082 0.197544 0.184777 0.170290 0.154629 0.138343 0.121953 0.105925 0.090654 0.076446 0.063521 0.052008 0.041960 0.033359 0.026134 0.020176 0.015350 0.011508 0.008503 0.006192 0.004444 0.003143 0.002191 0.001506 0.001020 0.000681 0.000448 0.000291 0.000186 0.000117 0.000073 0.000045 0.000027 0.000016 0.000009 0.000005 0.000003 0.000002 0.000001 0.000001 0.000000 0.000000 0.000000 0.000000 0.000000 0.000000 0.000000 
0.000000 0.000000 0.000000 0.000000 0.000000 0.000000 0.000000 0.000000 0.000001 0.000002 0.000003 0.000005 0.000009 0.000015 0.000025 0.000042 0.000070 0.000114 0.000183 0.000291 0.000454 0.000700 0.001063 0.001591 0.002348 0.003416 0.004898 0.006922 0.009641 0.013235 0.017905 0.023873 0.031368 0.040619 0.051832 0.065178 0.080765 0.098618 0.118657 0.140680 0.164347 0.189181 0.214573 0.239800 0.264055 0.286490 0.306259 0.322575 0.334760 0.342291 0.344839 0.342291 0.334760 0.322575 0.306259 0.286490 0.264055 0.239800 0.214573 0.189181 0.164347 0.140680 0.118657 0.098618 0.080765 0.065178 0.051832 0.040619 0.031368 0.023873 0.017905 0.013235 0.009641 0.006922 0.004898 0.003416 0.002348 0.001591 0.001063 0.000700 0.000454 0.000291 0.000183 0.000114 0.000070 0.000042 0.000025 0.000015 0.000009 0.000005 0.000003 0.000002 0.000001 0.000000 0.000000 0.000000 0.000000 0.000000 0.000000 0.000000 
0.000000 0.000000 0.000000 0.000000 0.000000 0.000000 0.000000 0.000001 0.000001 0.000002 0.000004 0.000008 0.000013 0.000023 0.000039 0.000065 0.000108 0.000176 0.000283 0.000448 0.000700 0.001078 0.001636 0.002448 0.003611 0.005251 0.007525 0.010630 0.014800 0.020309 0.027466 0.036608 0.048086 0.062246 0.079407 0.099825 0.123665 0.150965 0.181602 0.215262 0.251429 0.289373 0.328163 0.366695 0.403738 0.437996 0.468182 0.493094 0.511697 0.523195 0.527085 0.523195 0.511697 0.493094 0.468182 0.437996 0.403738 0.366695 0.328163 0.289373 0.251429 0.215262 0.181602 0.150965 0.123665 0.099825 0.079407 0.062246 0.048086 0.036608 0.027466 0.020309 0.014800 0.010630 0.007525 0.005251 0.003611 0.002448 0.001636 0.001078 0.000700 0.000448 0.000283 0.000176 0.000108 0.000065 0.000039 0.000023 0.000013 0.000008 0.000004 0.000002 0.000001 0.000001 0.000000 0.000000 0.000000 0.000000 0.000000 0.000000 
0.000000 0.000000 0.000000 0.000000 0.000000 0.000000 0.000001 0.000001 0.000002 0.000004 0.000007 0.000012 0.000020 0.000035 0.000059 0.000099 0.000164 0.000268 0.000430 0.000681 0.001063 0.001636 0.002482 0.003713 0.005474 0.007956 0.011398 0.016094 0.022399 0.030725 0.041538 0.055345 0.072675 0.094049 0.119943 0.150744 0.186698 0.227860 0.274042 0.324772 0.379269 0.436434 0.494863 0.552896 0.608681 0.660266 0.705715 0.743221 0.771227 0.788536 0.794392 0.788536 0.771227 0.743221 0.705715 0.660266 0.608681 0.552896 0.494863 0.436434 0.379269 0.324772 0.274042 0.227860 0.186698 0.150744 0.119943 0.094049 0.072675 0.055345 0.041538 0.030725 0.022399 0.016094 0.011398 0.007956 0.005474 0.003713 0.002482 0.001636 0.001063 0.000681 0.000430 0.000268 0.000164 0.000099 0.000059 0.000035 0.000020 0.000012 0.000007 0.000004 0.000002 0.000001 0.000001 0.000000 0.000000 0.000000 0.000000 0.000000 
0.000000 0.000000 0.000000 0.000000 0.000000 0.000000 0.000001 0.000002 0.000003 0.000005 0.000010 0.000017 0.000030 0.000052 0.000089 0.000149 0.000246 0.000401 0.000644 0.001020 0.001591 0.002448 0.003713 0.005551 0.008181 0.011885 0.017020 0.024023 0.033421 0.045827 0.061934 0.082494 0.108292 0.140099 0.178623 0.224434 0.277897 0.339089 0.407729 0.483114 0.564082 0.648999 0.735782 0.821965 0.904798 0.981390 1.048863 1.104541 1.146115 1.171808 1.180500 1.171808 1.146115 1.104541 1.048863 0.981390 0.904798 0.821965 0.735782 0.648999 0.564082 0.483114 0.407729 0.339089 0.277897 0.224434 0.178623 0.140099 0.108292 0.082494 0.061934 0.045827 0.033421 0.024023 0.017020 0.011885 0.008181 0.005551 0.003713 0.002448 0.001591 0.001020 0.000644 0.000401 0.000246 0.000149 0.000089 0.000052 0.000030 0.000017 0.000010 0.000005 0.000003 0.000002 0.000001 0.000000 0.000000 0.000000 0.000000 0.000000 
0.000000 0.000000 0.000000 0.000000 0.000000 0.000001 0.000001 0.000002 0.000004 0.000008 0.000015 0.000026 0.000045 0.000078 0.000132 0.000221 0.000364 0.000593 0.000952 0.001506 0.002348 0.003611 0.005474 0.008181 0.012052 0.017502 0.025053 0.035348 0.049159 0.067385 0.091038 0.121222 0.159083 0.205752 0.262259 0.329438 0.407818 0.497510 0.598098 0.708549 0.827159 0.951533 1.078622 1.204816 1.326092 1.438217 1.536988 1.618485 1.679335 1.716941 1.729662 1.716941 1.679335 1.618485 1.536988 1.438217 1.326092 1.204816 1.078622 0.951533 0.827159 0.708549 0.598098 0.497510 0.407818 0.329438 0.262259 0.205752 0.159083 0.121222 0.091038 0.067385 0.049159 0.035348 0.025053 0.017502 0.012052 0.008181 0.005474 0.003611 0.002348 0.001506 0.000952 0.000593 0.000364 0.000221 0.000132 0.000078 0.000045 0.000026 0.000015 0.000008 0.000004 0.000002 0.000001 0.000001 0.000000 0.000000 0.000000 0.000000 
0.000000 0.000000 0.000000 0.000000 0.000001 0.000001 0.000002 0.000004 0.000007 0.000012 0.000021 0.000038 0.000066 0.000113 0.000192 0.000322 0.000531 0.000864 0.001386 0.002191 0.003416 0.005251 0.007956 0.011885 0.017502 0.025406 0.036353 0.051274 0.071282 0.097677 0.131922 0.175608 0.230390 0.297897 0.379613 0.476738 0.590032 0.719648 0.864979 1.024532 1.195842 1.375449 1.558951 1.741137 1.916205 2.078049 2.220604 2.338222 2.426038 2.480306 2.498664 2.480306 2.426038 2.338222 2.220604 2.078049 1.916205 1.741137 1.558951 1.375449 1.195842 1.024532 0.864979 0.719648 0.590032 0.476738 0.379613 0.297897 0.230390 0.175608 0.131922 0.097677 0.071282 0.051274 0.036353 0.025406 0.017502 0.011885 0.007956 0.005251 0.003416 0.002191 0.001386 0.000864 0.000531 0.000322 0.000192 0.000113 0.000066 0.000038 0.000021 0.000012 0.000007 0.000004 0.000002 0.000001 0.000001 0.000000 0.000000 0.000000 
0.000000 0.000000 0.000000 0.000000 0.000001 0.000001 0.000003 0.000005 0.000009 0.000017 0.000031 0.000054 0.000095 0.000163 0.000277 0.000463 0.000763 0.001240 0.001989 0.003143 0.004898 0.007525 0.011398 0.017020 0.025053 0.036353 0.051998 0.073315 0.101891 0.139575 0.188452 0.250785 0.328928 0.425196 0.541698 0.680137 0.841585 1.026254 1.233273 1.460510 1.704452 1.960170 2.221398 2.480723 2.729888 2.960212 3.163071 3.330434 3.455384 3.532598 3.558719 3.532598 3.455384 3.330434 3.163071 2.960212 2.729888 2.480723 2.221398 1.960170 1.704452 1.460510 1.233273 1.026254 0.841585 0.680137 0.541698 0.425196 0.328928 0.250785 0.188452 0.139575 0.101891 0.073315 0.051998 0.036353 0.025053 0.017020 0.011398 0.007525 0.004898 0.003143 0.001989 0.001240 0.000763 0.000463 0.000277 0.000163 0.000095 0.000054 0.000031 0.000017 0.000009 0.000005 0.000003 0.000001 0.000001 0.000000 0.000000 0.000000 
0.000000 0.000000 0.000000 0.000001 0.000001 0.000002 0.000004 0.000007 0.000013 0.000024 0.000044 0.000077 0.000135 0.000231 0.000392 0.000655 0.001080 0.001755 0.002813 0.004444 0.006922 0.010630 0.016094 0.024023 0.035348 0.051274 0.073315 0.103335 0.143567 0.196604 0.265374 0.353052 0.462939 0.598278 0.762024 0.956557 1.183375 1.442764 1.733491 2.052558 2.395025 2.753974 3.120610 3.484532 3.834162 4.157325 4.441933 4.676727 4.852013 4.960329 4.996970 4.960329 4.852013 4.676727 4.441933 4.157325 3.834162 3.484532 3.120610 2.753974 2.395025 2.052558 1.733491 1.442764 1.183375 0.956557 0.762024 0.598278 0.462939 0.353052 0.265374 0.196604 0.143567 0.103335 0.073315 0.051274 0.035348 0.024023 0.016094 0.010630 0.006922 0.004444 0.002813 0.001755 0.001080 0.000655 0.000392 0.000231 0.000135 0.000077 0.000044 0.000024 0.000013 0.000007 0.000004 0.000002 0.000001 0.000001 0.000000 0.000000 
0.000000 0.000000 0.000000 0.000001 0.000002 0.000003 0.000005 0.000010 0.000019 0.000034 0.000061 0.000108 0.000188 0.000323 0.000548 0.000915 0.001507 0.002448 0.003921 0.006192 0.009641 0.014800 0.022399 0.033421 0.049159 0.071282 0.101891 0.143567 0.199400 0.272984 0.368367 0.489942 0.642272 0.829841 1.056725 1.326210 1.640353 1.999536 2.402046 2.843716 3.317708 3.814442 4.321753 4.825252 5.308932 5.755960 6.149628 6.474375 6.716806 6.866609 6.917284 6.866609 6.716806 6.474375 6.149628 5.755960 5.308932 4.825252 4.321753 3.814442 3.317708 2.843716 2.402046 1.999536 1.640353 1.326210 1.056725 0.829841 0.642272 0.489942 0.368367 0.272984 0.199400 0.143567 0.101891 0.071282 0.049159 0.033421 0.022399 0.014800 0.009641 0.006192 0.003921 0.002448 0.001507 0.000915 0.000548 0.000323 0.000188 0.000108 0.000061 0.000034 0.000019 0.000010 0.000005 0.000003 0.000001 0.000001 0.000000 0.000000 
0.000000 0.000000 0.000001 0.000001 0.000002 0.000004 0.000008 0.000014 0.000026 0.000047 0.000084 0.000149 0.000259 0.000445 0.000754 0.001258 0.002072 0.003365 0.005387 0.008503 0.013235 0.020309 0.030725 0.045827 0.067385 0.097677 0.139575 0.196604 0.272984 0.373618 0.504028 0.670206 0.878370 1.134628 1.444531 1.812545 2.241460 2.731783 3.281155 3.883882 4.530622 5.208306 5.900336 6.587094 7.246759 7.856389 8.393213 8.836030 9.166590 9.370845 9.439938 9.370845 9.166590 8.836030 8.393213 7.856389 7.246759 6.587094 5.900336 5.208306 4.530622 3.883882 3.281155 2.731783 2.241460 1.812545 1.444531 1.134628 0.878370 0.670206 0.504028 0.373618 0.272984 0.196604 0.139575 0.097677 0.067385 0.045827 0.030725 0.020309 0.013235 0.008503 0.005387 0.003365 0.002072 0.001258 0.000754 0.000445 0.000259 0.000149 0.000084 0.000047 0.000026 0.000014 0.000008 0.000004 0.000002 0.000001 0.000000 0.000000 
0.000000 0.000000 0.000001 0.000001 0.000003 0.000005 0.000010 0.000019 0.000035 0.000064 0.000115 0.000202 0.000352 0.000604 0.001022 0.001706 0.002808 0.004557 0.007293 0.011508 0.017905 0.027466 0.041538 0.061934 0.091038 0.131922 0.188452 0.265374 0.368367 0.504028 0.679784 0.903688 1.184098 1.529215 1.946490 2.441911 3.019210 3.679043 4.418220 5.229064 6.098998 7.010440 7.941072 8.864522 9.751462 10.571067 11.292745 11.888015 12.332363 12.606921 12.699795 12.606921 12.332363 11.888015 11.292745 10.571067 9.751462 8.864522 7.941072 7.010440 6.098998 5.229064 4.418220 3.679043 3.019210 2.441911 1.946490 1.529215 1.184098 0.903688 0.679784 0.504028 0.368367 0.265374 0.188452 0.131922 0.091038 0.061934 0.041538 0.027466 0.017905 0.011508 0.007293 0.004557 0.002808 0.001706 0.001022 0.000604 0.000352 0.000202 0.000115 0.000064 0.000035 0.000019 0.000010 0.000005 0.000003 0.000001 0.000001 0.000000 
0.000000 0.000000 0.000001 0.000002 0.000004 0.000007 0.000014 0.000026 0.000047 0.000086 0.000153 0.000271 0.000471 0.000807 0.001366 0.002279 0.003749 0.006083 0.009731 0.015350 0.023873 0.036608 0.055345 0.082494 0.121222 0.175608 0.250785 0.353052 0.489942 0.670206 0.903688 1.201063 1.573400 2.031560 2.585400 3.242837 4.008791 4.884106 5.864523 6.939843 8.093375 9.301803 10.535540 11.759639 12.935244 14.021520 14.977950 15.766815 16.355654 16.719483 16.842553 16.719483 16.355654 15.766815 14.977950 14.021520 12.935244 11.759639 10.535540 9.301803 8.093375 6.939843 5.864523 4.884106 4.008791 3.242837 2.585400 2.031560 1.573400 1.201063 0.903688 0.670206 0.489942 0.353052 0.250785 0.175608 0.121222 0.082494 0.055345 0.036608 0.023873 0.015350 0.009731 0.006083 0.003749 0.002279 0.001366 0.000807 0.000471 0.000271 0.000153 0.000086 0.000047 0.000026 0.000014 0.000007 0.000004 0.000002 0.000001 0.000000 
0.000000 0.000001 0.000001 0.000003 0.000005 0.000010 0.000018 0.000034 0.000062 0.000113 0.000202 0.000357 0.000620 0.001064 0.001799 0.003000 0.004934 0.008001 0.012795 0.020176 0.031368 0.048086 0.072675 0.108292 0.159083 0.230390 0.328928 0.462939 0.642272 0.878370 1.184098 1.573400 2.060734 2.660274 3.384882 4.244873 5.246645 6.391266 7.673137 9.078900 10.586722 12.166120 13.778432 15.378005 16.914086 18.333351 19.582896 20.613475 21.382713 21.857995 22.018763 21.857995 21.382713 20.613475 19.582896 18.333351 16.914086 15.378005 13.778432 12.166120 10.586722 9.078900 7.673137 6.391266 5.246645 4.244873 3.384882 2.660274 2.060734 1.573400 1.184098 0.878370 0.642272 0.462939 0.328928 0.230390 0.159083 0.108292 0.072675 0.048086 0.031368 0.020176 0.012795 0.008001 0.004934 0.003000 0.001799 0.001064 0.000620 0.000357 0.000202 0.000113 0.000062 0.000034 0.000018 0.000010 0.000005 0.000002 0.000001 0.000000 
0.000000 0.000001 0.000002 0.000003 0.000007 0.000013 0.000024 0.000044 0.000081 0.000147 0.000263 0.000463 0.000805 0.001381 0.002334 0.003891 0.006397 0.010371 0.016579 0.026134 0.040619 0.062246 0.094049 0.140099 0.205752 0.297897 0.425196 0.598278 0.829841 1.134628 1.529215 2.031560 2.660274 3.433599 4.368074 5.476953 6.768439 8.243863 9.895974 11.707528 13.650372 15.685224 17.762281 19.822749 21.801282 23.629234 25.238506 26.565719 27.556336 28.168387 28.375416 28.168387 27.556336 26.565719 25.238506 23.629234 21.801282 19.822749 17.762281 15.685224 13.650372 11.707528 9.895974 8.243863 6.768439 5.476953 4.368074 3.433599 2.660274 2.031560 1.529215 1.134628 0.829841 0.598278 0.425196 0.297897 0.205752 0.140099 0.094049 0.062246 0.040619 0.026134 0.016579 0.010371 0.006397 0.003891 0.002334 0.001381 0.000805 0.000463 0.000263 0.000147 0.000081 0.000044 0.000024 0.000013 0.000006 0.000003 0.000001 0.000000 
0.000000 0.000001 0.000002 0.000004 0.000008 0.000016 0.000030 0.000057 0.000104 0.000189 0.000337 0.000593 0.001031 0.001766 0.002984 0.004973 0.008174 0.013246 0.021169 0.033359 0.051832 0.079407 0.119943 0.178623 0.262259 0.379613 0.541698 0.762024 1.056725 1.444531 1.946490 2.585400 3.384882 4.368074 5.555946 6.965287 8.606464 10.481119 12.579995 14.881151 17.348805 19.933059 22.570673 25.187008 27.699127 30.019913 32.062957 33.747846 35.005391 35.782346 36.045152 35.782346 35.005391 33.747846 32.062957 30.019913 27.699127 25.187008 22.570673 19.933059 17.348805 14.881151 12.579995 10.481119 8.606464 6.965287 5.555946 4.368074 3.384882 2.585400 1.946490 1.444531 1.056725 0.762024 0.541698 0.379613 0.262259 0.178623 0.119943 0.079407 0.051832 0.033359 0.021169 0.013246 0.008174 0.004973 0.002984 0.001766 0.001031 0.000593 0.000337 0.000189 0.000104 0.000057 0.000030 0.000016 0.000008 0.000004 0.000002 0.000000 
0.000000 0.000001 0.000003 0.000005 0.000011 0.000020 0.000039 0.000072 0.000131 0.000238 0.000425 0.000748 0.001299 0.002225 0.003760 0.006263 0.010290 0.016672 0.026635 0.041960 0.065178 0.099825 0.150744 0.224434 0.329438 0.476738 0.680137 0.956557 1.326210 1.812545 2.441911 3.242837 4.244873 5.476953 6.965287 8.730839 10.786533 13.134363 15.762683 18.643978 21.733425 24.968544 28.270179 31.544930 34.689027 37.593490 40.150239 42.258697 43.832334 44.804564 45.133419 44.804564 43.832334 42.258697 40.150239 37.593490 34.689027 31.544930 28.270179 24.968544 21.733425 18.643978 15.762683 13.134363 10.786533 8.730839 6.965287 5.476953 4.244873 3.242837 2.441911 1.812545 1.326210 0.956557 0.680137 0.476738 0.329438 0.224434 0.150744 0.099825 0.065178 0.041960 0.026635 0.016672 0.010290 0.006263 0.003760 0.002225 0.001299 0.000748 0.000425 0.000238 0.000131 0.000072 0.000038 0.000020 0.000011 0.000005 0.000002 0.000000 
0.000000 0.000001 0.000003 0.000007 0.000013 0.000025 0.000048 0.000089 0.000164 0.000296 0.000528 0.000929 0.001614 0.002763 0.004667 0.007772 0.012766 0.020676 0.033023 0.052008 0.080765 0.123665 0.186698 0.277897 0.407818 0.590032 0.841585 1.183375 1.640353 2.241460 3.019210 4.008791 5.246645 6.768439 8.606464 10.786533 13.324525 16.222830 19.467015 23.023072 26.835654 30.827649 34.901395 38.941681 42.820529 46.403550 49.557482 52.158321 54.099393 55.298610 55.704240 55.298610 54.099393 52.158321 49.557482 46.403550 42.820529 38.941681 34.901395 30.827649 26.835654 23.023072 19.467015 16.222830 13.324525 10.786533 8.606464 6.768439 5.246645 4.008791 3.019210 2.241460 1.640353 1.183375 0.841585 0.590032 0.407818 0.277897 0.186698 0.123665 0.080765 0.052008 0.033023 0.020676 0.012766 0.007772 0.004667 0.002763 0.001614 0.000929 0.000528 0.000296 0.000164 0.000089 0.000048 0.000025 0.000013 0.000006 0.000003 0.000000 
0.000000 0.000002 0.000004 0.000008 0.000016 0.000031 0.000059 0.000109 0.000200 0.000362 0.000647 0.001138 0.001975 0.003381 0.005707 0.009503 0.015604 0.025266 0.040343 0.063521 0.098618 0.150965 0.227860 0.339089 0.497510 0.719648 1.026254 1.442764 1.999536 2.731783 3.679043 4.884106 6.391266 8.243863 10.481119 13.134363 16.222830 19.749352 23.696299 28.022247 32.659833 37.515253 42.469735 47.383196 52.100055 56.456959 60.291935 63.454282 65.814363 67.272425 67.765603 67.272425 65.814363 63.454282 60.291935 56.456959 52.100055 47.383196 42.469735 37.515253 32.659833 28.022247 23.696299 19.749352 16.222830 13.134363 10.481119 8.243863 6.391266 4.884106 3.679043 2.731783 1.999536 1.442764 1.026254 0.719648 0.497510 0.339089 0.227860 0.150965 0.098618 0.063521 0.040343 0.025266 0.015604 0.009503 0.005707 0.003381 0.001975 0.001138 0.000647 0.000362 0.000200 0.000109 0.000059 0.000031 0.000016 0.000008 0.000003 0.000000 
0.000000 0.000002 0.000005 0.000010 0.000020 0.000038 0.000071 0.000132 0.000242 0.000437 0.000780 0.001372 0.002381 0.004075 0.006877 0.011448 0.018793 0.030422 0.048564 0.076446 0.118657 0.181602 0.274042 0.407729 0.598098 0.864979 1.233273 1.733491 2.402046 3.281155 4.418220 5.864523 7.673137 9.895974 12.579995 15.762683 19.467015 23.696299 28.429317 33.616340 39.176562 44.997508 50.936803 56.826561 62.480348 67.702439 72.298782 76.088839 78.917320 80.664733 81.255777 80.664733 78.917320 76.088839 72.298782 67.702439 62.480348 56.826561 50.936803 44.997508 39.176562 33.616340 28.429317 23.696299 19.467015 15.762683 12.579995 9.895974 7.673137 5.864523 4.418220 3.281155 2.402046 1.733491 1.233273 0.864979 0.598098 0.407729 0.274042 0.181602 0.118657 0.076446 0.048564 0.030422 0.018793 0.011448 0.006877 0.004075 0.002381 0.001372 0.000780 0.000437 0.000242 0.000132 0.000071 0.000038 0.000019 0.000010 0.000004 0.000000 
0.000000 0.000002 0.000006 0.000012 0.000023 0.000045 0.000084 0.000157 0.000288 0.000520 0.000927 0.001630 0.002828 0.004839 0.008165 0.013588 0.022300 0.036092 0.057602 0.090654 0.140680 0.215262 0.324772 0.483114 0.708549 1.024532 1.460510 2.052558 2.843716 3.883882 5.229064 6.939843 9.078900 11.707528 14.881151 18.643978 23.023072 28.022247 33.616340 39.746514 46.317234 53.195574 60.213315 67.172130 73.851810 80.021200 85.451137 89.928433 93.269722 95.333914 96.032101 95.333914 93.269722 89.928433 85.451137 80.021200 73.851810 67.172130 60.213315 53.195574 46.317234 39.746514 33.616340 28.022247 23.023072 18.643978 14.881151 11.707528 9.078900 6.939843 5.229064 3.883882 2.843716 2.052558 1.460510 1.024532 0.708549 0.483114 0.324772 0.215262 0.140680 0.090654 0.057602 0.036092 0.022300 0.013588 0.008165 0.004839 0.002828 0.001630 0.000927 0.000520 0.000288 0.000157 0.000084 0.000045 0.000023 0.000011 0.000005 0.000000 
0.000000 0.000003 0.000007 0.000014 0.000027 0.000053 0.000099 0.000184 0.000337 0.000609 0.001085 0.001908 0.003310 0.005661 0.009551 0.015890 0.026073 0.042189 0.067320 0.105925 0.164347 0.251429 0.379269 0.564082 0.827159 1.195842 1.704452 2.395025 3.317708 4.530622 6.098998 8.093375 10.586722 13.650372 17.348805 21.733425 26.835654 32.659833 39.176562 46.317234 53.970529 61.981607 70.154567 78.258481 86.036976 93.220958 99.543674 104.756985 108.647465 111.050908 111.863837 111.050908 108.647465 104.756985 99.543674 93.220958 86.036976 78.258481 70.154567 61.981607 53.970529 46.317234 39.176562 32.659833 26.835654 21.733425 17.348805 13.650372 10.586722 8.093375 6.098998 4.530622 3.317708 2.395025 1.704452 1.195842 0.827159 0.564082 0.379269 0.251429 0.164347 0.105925 0.067320 0.042189 0.026073 0.015890 0.009551 0.005661 0.003310 0.001908 0.001085 0.000609 0.000337 0.000184 0.000099 0.000052 0.000027 0.000013 0.000005 0.000000 
0.000000 0.000003 0.000008 0.000016 0.000032 0.000061 0.000114 0.000212 0.000389 0.000702 0.001252 0.002201 0.003816 0.006526 0.011007 0.018309 0.030035 0.048591 0.077520 0.121953 0.189181 0.289373 0.436434 0.648999 0.951533 1.375449 1.960170 2.753974 3.814442 5.208306 7.010440 9.301803 12.166120 15.685224 19.933059 24.968544 30.827649 37.515253 44.997508 53.195574 61.981607 71.177839 80.559409 89.861285 98.789270 107.034596 114.291204 120.274401 124.739337 127.497633 128.430580 127.497633 124.739337 120.274401 114.291204 107.034596 98.789270 89.861285 80.559409 71.177839 61.981607 53.195574 44.997508 37.515253 30.827649 24.968544 19.933059 15.685224 12.166120 9.301803 7.010440 5.208306 3.814442 2.753974 1.960170 1.375449 0.951533 0.648999 0.436434 0.289373 0.189181 0.121953 0.077520 0.048591 0.030035 0.018309 0.011007 0.006526 0.003816 0.002201 0.001252 0.000702 0.000389 0.000212 0.000114 0.000061 0.000031 0.000015 0.000006 0.000000 
0.000000 0.000004 0.000009 0.000018 0.000036 0.000069 0.000130 0.000241 0.000442 0.000798 0.001423 0.002500 0.004334 0.007410 0.012497 0.020784 0.034089 0.055140 0.087953 0.138343 0.214573 0.328163 0.494863 0.735782 1.078622 1.558951 2.221398 3.120610 4.321753 5.900336 7.941072 10.535540 13.778432 17.762281 22.570673 28.270179 34.901395 42.469735 50.936803 60.213315 70.154567 80.559409 91.173444 101.696875 111.796943 121.124439 129.333234 136.101384 141.152009 144.272092 145.327401 144.272092 141.152009 136.101384 129.333234 121.124439 111.796943 101.696875 91.173444 80.559409 70.154567 60.213315 50.936803 42.469735 34.901395 28.270179 22.570673 17.762281 13.778432 10.535540 7.941072 5.900336 4.321753 3.120610 2.221398 1.558951 1.078622 0.735782 0.494863 0.328163 0.214573 0.138343 0.087953 0.055140 0.034089 0.020784 0.012497 0.007410 0.004334 0.002500 0.001423 0.000798 0.000442 0.000241 0.000130 0.000069 0.000036 0.000018 0.000007 0.000000 
