0.000000 0.000000 0.000000 0.000000 0.000000 0.000000 0.000000 0.000000 0.000000 0.000000 0.000000 0.000000 0.000000 0.000000 0.000000 0.000000 0.000000 0.000000 0.000000 0.000000 0.000000 0.000000 0.000000 0.000000 0.000000 0.000000 0.000000 0.000000 0.000000 0.000000 0.000000 0.000000 0.000000 0.000000 0.000000 0.000000 0.000000 0.000000 0.000000 0.000000 0.000000 0.000000 0.000000 0.000000 0.000000 0.000000 0.000000 0.000000 0.000000 0.000000 0.000000 0.000000 0.000000 0.000000 0.000000 0.000000 0.000000 0.000000 0.000000 0.000000 0.000000 0.000000 0.000000 0.000000 0.000000 0.000000 0.000000 0.000000 0.000000 0.000000 0.000000 0.000000 0.000000 0.000000 0.000000 0.000000 0.000000 0.000000 0.000000 0.000000 0.000000 0.000000 0.000000 0.000000 0.000000 0.000000 0.000000 0.000000 0.000000 0.000000 0.000000 0.000000 0.000000 0.000000 0.000000 0.000000 0.000000 0.000000 0.000000 0.000000 
0.000000 0.000000 0.000000 0.000000 0.000000 0.000000 0.000001 0.000001 0.000001 0.000002 0.000002 0.000003 0.000005 0.000007 0.000009 0.000012 0.000017 0.000022 0.000029 0.000039 0.000051 0.000065 0.000084 0.000107 0.000135 0.000169 0.000209 0.000257 0.000313 0.000378 0.000452 0.000536 0.000631 0.000735 0.000850 0.000974 0.001106 0.001245 0.001390 0.001537 0.001686 0.001832 0.001974 0.002109 0.002233 0.002343 0.002438 0.002514 0.002570 0.002604 0.002616 0.002604 0.002570 0.002514 0.002438 0.002343 0.002233 0.002109 0.001974 0.001832 0.001686 0.001537 0.001390 0.001245 0.001106 0.000974 0.000850 0.000735 0.000631 0.000536 0.000452 0.000378 0.000313 0.000257 0.000209 0.000169 0.000135 0.000107 0.000084 0.000065 0.000051 0.000039 0.000029 0.000022 0.000017 0.000012 0.000009 0.000007 0.000005 0.000003 0.000002 0.000002 0.000001 0.000001 0.000001 0.000000 0.000000 0.000000 0.000000 0.000000 
0.000000 0.000000 0.000000 0.000000 0.000001 0.000001 0.000001 0.000002 0.000003 0.000004 0.000005 0.000007 0.000010 0.000014 0.000019 0.000026 0.000036 0.000048 0.000064 0.000084 0.000109 0.000141 0.000182 0.000231 0.000291 0.000364 0.000451 0.000554 0.000675 0.000815 0.000976 0.001158 0.001361 0.001587 0.001835 0.002102 0.002387 0.002687 0.002999 0.003318 0.003638 0.003955 0.004261 0.004551 0.004819 0.005057 0.005261 0.005425 0.005546 0.005619 0.005644 0.005619 0.005546 0.005425 0.005261 0.005057 0.004819 0.004551 0.004261 0.003955 0.003638 0.003318 0.002999 0.002687 0.002387 0.002102 0.001835 0.001587 0.001361 0.001158 0.000976 0.000815 0.000675 0.000554 0.000451 0.000364 0.000291 0.000231 0.000182 0.000141 0.000109 0.000084 0.000064 0.000048 0.000036 0.000026 0.000019 0.000014 0.000010 0.000007 0.000005 0.000004 0.000003 0.000002 0.000001 0.000001 0.000001 0.000000 0.000000 0.000000 
0.000000 0.000000 0.000000 0.000001 0.000001 0.000001 0.000002 0.000003 0.000004 0.000006 0.000009 0.000012 0.000017 0.000024 0.000033 0.000045 0.000061 0.000081 0.000108 0.000142 0.000185 0.000240 0.000307 0.000391 0.000493 0.000617 0.000764 0.000939 0.001143 0.001380 0.001652 0.001959 0.002305 0.002687 0.003105 0.003557 0.004040 0.004548 0.005075 0.005614 0.006156 0.006691 0.007209 0.007700 0.008152 0.008556 0.008900 0.009178 0.009382 0.009506 0.009548 0.009506 0.009382 0.009178 0.008900 0.008556 0.008152 0.007700 0.007209 0.006691 0.006156 0.005614 0.005075 0.004548 0.004040 0.003557 0.003105 0.002687 0.002305 0.001959 0.001652 0.001380 0.001143 0.000939 0.000764 0.000617 0.000493 0.000391 0.000307 0.000240 0.000185 0.000142 0.000108 0.000081 0.000061 0.000045 0.000033 0.000024 0.000017 0.000012 0.000009 0.000006 0.000004 0.000003 0.000002 0.000001 0.000001 0.000001 0.000000 0.000000 
0.000000 0.000000 0.000001 0.000001 0.000001 0.000002 0.000003 0.000005 0.000007 0.000010 0.000014 0.000019 0.000027 0.000037 0.000051 0.000070 0.000095 0.000127 0.000168 0.000222 0.000289 0.000375 0.000480 0.000611 0.000770 0.000963 0.001193 0.001466 0.001785 0.002155 0.002579 0.003059 0.003597 0.004194 0.004846 0.005552 0.006304 0.007096 0.007919 0.008759 0.009604 0.010439 0.011247 0.012012 0.012718 0.013346 0.013884 0.014317 0.014635 0.014829 0.014894 0.014829 0.014635 0.014317 0.013884 0.013346 0.012718 0.012012 0.011247 0.010439 0.009604 0.008759 0.007919 0.007096 0.006304 0.005552 0.004846 0.004194 0.003597 0.003059 0.002579 0.002155 0.001785 0.001466 0.001193 0.000963 0.000770 0.000611 0.000480 0.000375 0.000289 0.000222 0.000168 0.000127 0.000095 0.000070 0.000051 0.000037 0.000027 0.000019 0.000014 0.000010 0.000007 0.000005 0.000003 0.000002 0.000001 0.000001 0.000000 0.000000 
0.000000 0.000000 0.000001 0.000001 0.000002 0.000003 0.000005 0.000007 0.000010 0.000015 0.000021 0.000029 0.000041 0.000056 0.000078 0.000106 0.000143 0.000191 0.000254 0.000334 0.000436 0.000565 0.000724 0.000921 0.001161 0.001451 0.001798 0.002209 0.002689 0.003246 0.003884 0.004607 0.005418 0.006315 0.007297 0.008359 0.009491 0.010683 0.011920 0.013185 0.014456 0.015712 0.016927 0.018078 0.019139 0.020085 0.020893 0.021545 0.022022 0.022314 0.022412 0.022314 0.022022 0.021545 0.020893 0.020085 0.019139 0.018078 0.016927 0.015712 0.014456 0.013185 0.011920 0.010683 0.009491 0.008359 0.007297 0.006315 0.005418 0.004607 0.003884 0.003246 0.002689 0.002209 0.001798 0.001451 0.001161 0.000921 0.000724 0.000565 0.000436 0.000334 0.000254 0.000191 0.000143 0.000106 0.000078 0.000056 0.000041 0.000029 0.000021 0.000014 0.000010 0.000007 0.000005 0.000003 0.000002 0.000001 0.000001 0.000000 
0.000000 0.000001 0.000001 0.000002 0.000003 0.000005 0.000007 0.000010 0.000015 0.000021 0.000031 0.000043 0.000060 0.000084 0.000115 0.000156 0.000211 0.000283 0.000376 0.000495 0.000646 0.000835 0.001071 0.001362 0.001717 0.002145 0.002658 0.003264 0.003973 0.004795 0.005737 0.006805 0.008001 0.009325 0.010775 0.012341 0.014012 0.015771 0.017596 0.019461 0.021336 0.023189 0.024982 0.026679 0.028243 0.029638 0.030831 0.031792 0.032496 0.032926 0.033071 0.032926 0.032496 0.031792 0.030831 0.029638 0.028243 0.026679 0.024982 0.023189 0.021336 0.019461 0.017596 0.015771 0.014012 0.012341 0.010775 0.009325 0.008001 0.006805 0.005737 0.004795 0.003973 0.003264 0.002658 0.002145 0.001717 0.001362 0.001071 0.000835 0.000646 0.000495 0.000376 0.000283 0.000211 0.000156 0.000115 0.000084 0.000060 0.000043 0.000031 0.000021 0.000015 0.000010 0.000007 0.000005 0.000003 0.000002 0.000001 0.000000 
0.000000 0.000001 0.000002 0.000003 0.000005 0.000007 0.000010 0.000015 0.000022 0.000031 0.000045 0.000063 0.000088 0.000122 0.000168 0.000229 0.000309 0.000413 0.000549 0.000722 0.000942 0.001219 0.001563 0.001987 0.002505 0.003129 0.003876 0.004760 0.005794 0.006992 0.008365 0.009920 0.011662 0.013592 0.015703 0.017984 0.020417 0.022978 0.025636 0.028352 0.031082 0.033779 0.036390 0.038860 0.041137 0.043168 0.044904 0.046302 0.047327 0.047954 0.048164 0.047954 0.047327 0.046302 0.044904 0.043168 0.041137 0.038860 0.036390 0.033779 0.031082 0.028352 0.025636 0.022978 0.020417 0.017984 0.015703 0.013592 0.011662 0.009920 0.008365 0.006992 0.005794 0.004760 0.003876 0.003129 0.002505 0.001987 0.001563 0.001219 0.000942 0.000722 0.000549 0.000413 0.000309 0.000229 0.000168 0.000122 0.000088 0.000063 0.000045 0.000031 0.000022 0.000015 0.000010 0.000007 0.000004 0.000003 0.000001 0.000000 
0.000000 0.000001 0.000003 0.000004 0.000007 0.000010 0.000015 0.000022 0.000032 0.000046 0.000065 0.000091 0.000128 0.000177 0.000243 0.000331 0.000446 0.000598 0.000793 0.001044 0.001362 0.001761 0.002258 0.002870 0.003617 0.004518 0.005596 0.006870 0.008362 0.010090 0.012069 0.014312 0.016824 0.019605 0.022648 0.025936 0.029443 0.033135 0.036964 0.040877 0.044812 0.048697 0.052458 0.056018 0.059298 0.062223 0.064724 0.066738 0.068215 0.069117 0.069420 0.069117 0.068215 0.066738 0.064724 0.062223 0.059298 0.056018 0.052458 0.048697 0.044812 0.040877 0.036964 0.033135 0.029443 0.025936 0.022648 0.019605 0.016824 0.014312 0.012069 0.010090 0.008362 0.006870 0.005596 0.004518 0.003617 0.002870 0.002258 0.001761 0.001362 0.001044 0.000793 0.000598 0.000446 0.000331 0.000243 0.000177 0.000128 0.000091 0.000065 0.000045 0.000032 0.000022 0.000015 0.000010 0.000006 0.000004 0.000002 0.000000 
0.000000 0.000002 0.000004 0.000006 0.000010 0.000015 0.000021 0.000031 0.000046 0.000065 0.000093 0.000131 0.000183 0.000253 0.000348 0.000474 0.000639 0.000856 0.001136 0.001494 0.001949 0.002520 0.003231 0.004106 0.005174 0.006463 0.008003 0.009824 0.011956 0.014425 0.017253 0.020457 0.024045 0.028018 0.032364 0.037060 0.042068 0.047338 0.052806 0.058393 0.064010 0.069556 0.074925 0.080006 0.084688 0.088863 0.092432 0.095307 0.097415 0.098702 0.099135 0.098702 0.097415 0.095307 0.092432 0.088863 0.084688 0.080006 0.074925 0.069556 0.064010 0.058393 0.052806 0.047338 0.042068 0.037060 0.032364 0.028018 0.024045 0.020457 0.017253 0.014425 0.011956 0.009824 0.008003 0.006463 0.005174 0.004106 0.003231 0.002520 0.001949 0.001494 0.001136 0.000856 0.000639 0.000474 0.000348 0.000253 0.000183 0.000131 0.000093 0.000065 0.000045 0.000031 0.000021 0.000014 0.000009 0.000005 0.000003 0.000000 
0.000000 0.000002 0.000005 0.000009 0.000014 0.000021 0.000031 0.000045 0.000065 0.000093 0.000132 0.000186 0.000260 0.000360 0.000494 0.000673 0.000908 0.001215 0.001612 0.002120 0.002765 0.003575 0.004583 0.005823 0.007336 0.009163 0.011345 0.013926 0.016946 0.020443 0.024448 0.028985 0.034066 0.039690 0.045843 0.052490 0.059579 0.067038 0.074777 0.082683 0.090631 0.098480 0.106077 0.113266 0.119891 0.125798 0.130847 0.134914 0.137896 0.139717 0.140330 0.139717 0.137896 0.134914 0.130847 0.125798 0.119891 0.113266 0.106077 0.098480 0.090631 0.082683 0.074777 0.067038 0.059579 0.052490 0.045843 0.039690 0.034066 0.028985 0.024448 0.020443 0.016946 0.013926 0.011345 0.009163 0.007336 0.005823 0.004583 0.003575 0.002765 0.002120 0.001612 0.001215 0.000908 0.000673 0.000494 0.000360 0.000260 0.000186 0.000132 0.000093 0.000065 0.000045 0.000030 0.000020 0.000013 0.000008 0.000004 0.000000 
0.000000 0.000003 0.000007 0.000012 0.000019 0.000029 0.000043 0.000063 0.000091 0.000131 0.000186 0.000262 0.000366 0.000507 0.000696 0.000947 0.001278 0.001710 0.002268 0.002983 0.003890 0.005028 0.006444 0.008188 0.010314 0.012879 0.015945 0.019570 0.023811 0.028722 0.034345 0.040715 0.047848 0.055743 0.064379 0.073707 0.083656 0.094123 0.104981 0.116075 0.127226 0.138237 0.148895 0.158980 0.168272 0.176558 0.183641 0.189346 0.193529 0.196083 0.196942 0.196083 0.193529 0.189346 0.183641 0.176558 0.168272 0.158980 0.148895 0.138237 0.127226 0.116075 0.104981 0.094123 0.083656 0.073707 0.064379 0.055743 0.047848 0.040715 0.034345 0.028722 0.023811 0.019570 0.015945 0.012879 0.010314 0.008188 0.006444 0.005028 0.003890 0.002983 0.002268 0.001710 0.001278 0.000947 0.000696 0.000507 0.000366 0.000262 0.000186 0.000131 0.000091 0.000063 0.000043 0.000029 0.000018 0.000011 0.000005 0.000000 
0.000000 0.000005 0.000010 0.000017 0.000027 0.000041 0.000060 0.000088 0.000128 0.000183 0.000260 0.000366 0.000511 0.000707 0.000971 0.001322 0.001783 0.002386 0.003164 0.004161 0.005425 0.007011 0.008984 0.011414 0.014375 0.017950 0.022219 0.027267 0.033173 0.040010 0.047839 0.056706 0.066634 0.077622 0.089640 0.102622 0.116465 0.131029 0.146135 0.161568 0.177081 0.192397 0.207222 0.221250 0.234174 0.245699 0.255549 0.263483 0.269301 0.272853 0.274048 0.272853 0.269301 0.263483 0.255549 0.245699 0.234174 0.221250 0.207222 0.192397 0.177081 0.161568 0.146135 0.131029 0.116465 0.102622 0.089640 0.077622 0.066634 0.056706 0.047839 0.040010 0.033173 0.027267 0.022219 0.017950 0.014375 0.011414 0.008984 0.007011 0.005425 0.004161 0.003164 0.002386 0.001783 0.001322 0.000971 0.000707 0.000511 0.000366 0.000260 0.000183 0.000127 0.000088 0.000060 0.000040 0.000026 0.000015 0.000007 0.000000 
0.000000 0.000007 0.000014 0.000024 0.000037 0.000056 0.000084 0.000122 0.000177 0.000253 0.000360 0.000507 0.000707 0.000979 0.001344 0.001829 0.002467 0.003300 0.004376 0.005754 0.007501 0.009693 0.012420 0.015776 0.019867 0.024803 0.030699 0.037670 0.045824 0.055263 0.066070 0.078307 0.092010 0.107174 0.123757 0.141669 0.160768 0.180860 0.201700 0.222989 0.244386 0.265512 0.285959 0.305306 0.323130 0.339024 0.352608 0.363549 0.371572 0.376470 0.378117 0.376470 0.371572 0.363549 0.352608 0.339024 0.323130 0.305306 0.285959 0.265512 0.244386 0.222989 0.201700 0.180860 0.160768 0.141669 0.123757 0.107174 0.092010 0.078307 0.066070 0.055263 0.045824 0.037670 0.030699 0.024803 0.019867 0.015776 0.012420 0.009693 0.007501 0.005754 0.004376 0.003300 0.002467 0.001829 0.001344 0.000979 0.000707 0.000507 0.000360 0.000253 0.000176 0.000122 0.000083 0.000055 0.000036 0.000021 0.000010 0.000000 
0.000000 0.000009 0.000019 0.000033 0.000051 0.000078 0.000115 0.000168 0.000243 0.000348 0.000494 0.000696 0.000971 0.001344 0.001844 0.002509 0.003384 0.004526 0.006002 0.007890 0.010283 0.013287 0.017022 0.021620 0.027222 0.033982 0.042056 0.051599 0.062763 0.075682 0.090474 0.107222 0.125973 0.146723 0.169413 0.193918 0.220046 0.247532 0.276037 0.305156 0.334422 0.363314 0.391278 0.417735 0.442110 0.463844 0.482419 0.497380 0.508350 0.515048 0.517300 0.515048 0.508350 0.497380 0.482419 0.463844 0.442110 0.417735 0.391278 0.363314 0.334422 0.305156 0.276037 0.247532 0.220046 0.193918 0.169413 0.146723 0.125973 0.107222 0.090474 0.075682 0.062763 0.051599 0.042056 0.033982 0.027222 0.021620 0.017022 0.013287 0.010283 0.007890 0.006002 0.004526 0.003384 0.002509 0.001844 0.001344 0.000971 0.000696 0.000494 0.000348 0.000242 0.000167 0.000114 0.000076 0.000049 0.000029 0.000013 0.000000 
0.000000 0.000012 0.000026 0.000045 0.000070 0.000106 0.000156 0.000229 0.000331 0.000474 0.000673 0.000947 0.001322 0.001829 0.002509 0.003413 0.004603 0.006155 0.008160 0.010726 0.013978 0.018059 0.023132 0.029376 0.036985 0.046164 0.057125 0.070080 0.085233 0.102769 0.122843 0.145570 0.171013 0.199166 0.229948 0.263192 0.298634 0.335915 0.374577 0.414069 0.453758 0.492939 0.530859 0.566735 0.599786 0.629256 0.654442 0.674727 0.689601 0.698682 0.701736 0.698682 0.689601 0.674727 0.654442 0.629256 0.599786 0.566735 0.530859 0.492939 0.453758 0.414069 0.374577 0.335915 0.298634 0.263192 0.229948 0.199166 0.171013 0.145570 0.122843 0.102769 0.085233 0.070080 0.057125 0.046164 0.036985 0.029376 0.023132 0.018059 0.013978 0.010726 0.008160 0.006155 0.004603 0.003413 0.002509 0.001829 0.001321 0.000947 0.000672 0.000473 0.000330 0.000228 0.000155 0.000104 0.000067 0.000039 0.000018 0.000000 
0.000000 0.000017 0.000036 0.000061 0.000095 0.000143 0.000211 0.000309 0.000446 0.000639 0.000908 0.001278 0.001783 0.002467 0.003384 0.004603 0.006207 0.008299 0.011001 0.014458 0.018839 0.024336 0.031168 0.039577 0.049821 0.062179 0.076935 0.094373 0.114767 0.138365 0.165377 0.195957 0.230188 0.268062 0.309470 0.354186 0.401855 0.451995 0.503990 0.557098 0.610468 0.663153 0.714140 0.762378 0.806815 0.846436 0.880297 0.907569 0.927565 0.939774 0.943879 0.939774 0.927565 0.907569 0.880297 0.846436 0.806815 0.762378 0.714140 0.663153 0.610468 0.557098 0.503990 0.451995 0.401855 0.354186 0.309470 0.268062 0.230188 0.195957 0.165377 0.138365 0.114767 0.094373 0.076935 0.062179 0.049821 0.039577 0.031168 0.024336 0.018839 0.014458 0.011001 0.008299 0.006207 0.004603 0.003384 0.002467 0.001783 0.001278 0.000908 0.000639 0.000446 0.000308 0.000209 0.000140 0.000090 0.000053 0.000025 0.000000 
0.000000 0.000022 0.000048 0.000081 0.000127 0.000191 0.000283 0.000413 0.000598 0.000856 0.001215 0.001710 0.002386 0.003300 0.004526 0.006155 0.008299 0.011094 0.014704 0.019322 0.025173 0.032515 0.041639 0.052865 0.066542 0.083038 0.102733 0.126006 0.153221 0.184710 0.220750 0.261547 0.307211 0.357731 0.412961 0.472599 0.536173 0.603036 0.672370 0.743185 0.814344 0.884588 0.952565 1.016875 1.076117 1.128935 1.174076 1.210430 1.237086 1.253360 1.258833 1.253360 1.237086 1.210430 1.174076 1.128935 1.076117 1.016875 0.952565 0.884588 0.814344 0.743185 0.672370 0.603036 0.536173 0.472599 0.412961 0.357731 0.307211 0.261547 0.220750 0.184710 0.153221 0.126006 0.102733 0.083038 0.066542 0.052865 0.041639 0.032515 0.025173 0.019322 0.014704 0.011094 0.008299 0.006155 0.004526 0.003300 0.002385 0.001710 0.001215 0.000855 0.000597 0.000412 0.000281 0.000187 0.000121 0.000071 0.000033 0.000000 
0.000000 0.000029 0.000064 0.000108 0.000168 0.000254 0.000376 0.000549 0.000793 0.001136 0.001612 0.002268 0.003164 0.004376 0.006002 0.008160 0.011001 0.014704 0.019486 0.025602 0.033351 0.043073 0.055152 0.070014 0.088118 0.109951 0.136016 0.166812 0.202822 0.244482 0.292160 0.346126 0.406525 0.473343 0.546385 0.625250 0.709316 0.797727 0.889398 0.983023 1.077101 1.169963 1.259825 1.344837 1.423146 1.492964 1.552630 1.600683 1.635916 1.657427 1.664660 1.657427 1.635916 1.600683 1.552630 1.492964 1.423146 1.344837 1.259825 1.169963 1.077101 0.983023 0.889398 0.797727 0.709316 0.625250 0.546385 0.473343 0.406525 0.346126 0.292160 0.244482 0.202822 0.166812 0.136016 0.109951 0.088118 0.070014 0.055152 0.043073 0.033351 0.025602 0.019486 0.014704 0.011001 0.008160 0.006002 0.004376 0.003164 0.002268 0.001612 0.001135 0.000792 0.000547 0.000372 0.000249 0.000160 0.000095 0.000044 0.000000 
0.000000 0.000039 0.000084 0.000142 0.000222 0.000334 0.000495 0.000722 0.001044 0.001494 0.002120 0.002983 0.004161 0.005754 0.007890 0.010726 0.014458 0.019322 0.025602 0.033634 0.043808 0.056572 0.072429 0.091936 0.115696 0.144347 0.178548 0.218954 0.266195 0.320844 0.383382 0.454163 0.533374 0.620997 0.716776 0.820185 0.930405 1.046315 1.166494 1.289229 1.412551 1.534275 1.652062 1.763489 1.866127 1.957633 2.035833 2.098811 2.144986 2.173178 2.182657 2.173178 2.144986 2.098811 2.035833 1.957633 1.866127 1.763489 1.652062 1.534275 1.412551 1.289229 1.166494 1.046315 0.930405 0.820185 0.716776 0.620997 0.533374 0.454163 0.383382 0.320844 0.266195 0.218954 0.178548 0.144347 0.115696 0.091936 0.072429 0.056572 0.043808 0.033634 0.025602 0.019322 0.014458 0.010726 0.007890 0.005754 0.004161 0.002983 0.002120 0.001493 0.001042 0.000719 0.000490 0.000327 0.000211 0.000125 0.000058 0.000000 
0.000000 0.000051 0.000109 0.000185 0.000289 0.000436 0.000646 0.000942 0.001362 0.001949 0.002765 0.003890 0.005425 0.007501 0.010283 0.013978 0.018839 0.025173 0.033351 0.043808 0.057053 0.073667 0.094305 0.119691 0.150609 0.187888 0.232383 0.284945 0.346394 0.417472 0.498805 0.590851 0.693851 0.807783 0.932311 1.066749 1.210034 1.360710 1.516925 1.676456 1.836743 1.994946 2.148028 2.292838 2.426224 2.545139 2.646761 2.728601 2.788604 2.825239 2.837557 2.825239 2.788604 2.728601 2.646761 2.545139 2.426224 2.292838 2.148028 1.994946 1.836743 1.676456 1.516925 1.360710 1.210034 1.066749 0.932311 0.807783 0.693851 0.590851 0.498805 0.417472 0.346394 0.284945 0.232383 0.187888 0.150609 0.119691 0.094305 0.073667 0.057053 0.043808 0.033351 0.025173 0.018839 0.013978 0.010283 0.007500 0.005424 0.003889 0.002764 0.001948 0.001359 0.000939 0.000640 0.000427 0.000275 0.000163 0.000076 0.000000 
0.000000 0.000065 0.000141 0.000240 0.000375 0.000565 0.000835 0.001219 0.001761 0.002520 0.003575 0.005028 0.007011 0.009693 0.013287 0.018059 0.024336 0.032515 0.043073 0.056572 0.073667 0.095108 0.121740 0.154496 0.194385 0.242476 0.299869 0.367664 0.446913 0.538574 0.643450 0.762131 0.894928 1.041808 1.202337 1.375632 1.560321 1.754526 1.955860 2.161458 2.368022 2.571893 2.769157 2.955758 3.127631 3.280856 3.411795 3.517243 3.594555 3.641757 3.657628 3.641757 3.594555 3.517243 3.411795 3.280856 3.127631 2.955758 2.769157 2.571893 2.368022 2.161458 1.955860 1.754526 1.560321 1.375632 1.202337 1.041808 0.894928 0.762131 0.643450 0.538574 0.446913 0.367664 0.299869 0.242476 0.194385 0.154496 0.121740 0.095108 0.073667 0.056572 0.043073 0.032515 0.024336 0.018059 0.013287 0.009693 0.007011 0.005028 0.003574 0.002518 0.001758 0.001214 0.000828 0.000553 0.000356 0.000211 0.000098 0.000000 
0.000000 0.000084 0.000182 0.000307 0.000480 0.000724 0.001071 0.001563 0.002258 0.003231 0.004583 0.006444 0.008984 0.012420 0.017022 0.023132 0.031168 0.041639 0.055152 0.072429 0.094305 0.121740 0.155813 0.197717 0.248741 0.310250 0.383652 0.470348 0.571683 0.688880 0.822963 0.974686 1.144441 1.332187 1.537368 1.758851 1.994885 2.243065 2.500346 2.763064 3.027004 3.287496 3.539536 3.777944 3.997532 4.193289 4.360571 4.495286 4.594054 4.654355 4.674631 4.654355 4.594054 4.495286 4.360571 4.193289 3.997532 3.777944 3.539536 3.287496 3.027004 2.763064 2.500346 2.243065 1.994885 1.758851 1.537368 1.332187 1.144441 0.974686 0.822963 0.688880 0.571683 0.470348 0.383652 0.310250 0.248741 0.197717 0.155813 0.121740 0.094305 0.072429 0.055152 0.041639 0.031168 0.023132 0.017022 0.012419 0.008984 0.006443 0.004581 0.003228 0.002254 0.001557 0.001061 0.000709 0.000457 0.000271 0.000126 0.000000 
0.000000 0.000107 0.000231 0.000391 0.000611 0.000921 0.001362 0.001987 0.002870 0.004106 0.005823 0.008188 0.011414 0.015776 0.021620 0.029376 0.039577 0.052865 0.070014 0.091936 0.119691 0.154496 0.197717 0.250865 0.315575 0.393576 0.486650 0.596572 0.725044 0.873613 1.043578 1.235888 1.451041 1.688980 1.949000 2.229664 2.528749 2.843212 3.169190 3.502042 3.836430 4.166438 4.485729 4.787741 5.065905 5.313876 5.525774 5.696416 5.821523 5.897904 5.923587 5.897904 5.821523 5.696416 5.525774 5.313876 5.065905 4.787741 4.485729 4.166438 3.836430 3.502042 3.169190 2.843212 2.528749 2.229664 1.949000 1.688980 1.451041 1.235888 1.043578 0.873613 0.725044 0.596572 0.486650 0.393576 0.315575 0.250865 0.197717 0.154496 0.119691 0.091936 0.070014 0.052865 0.039576 0.029376 0.021619 0.015775 0.011413 0.008187 0.005822 0.004103 0.002865 0.001979 0.001350 0.000902 0.000581 0.000345 0.000160 0.000000 
0.000000 0.000135 0.000291 0.000493 0.000770 0.001161 0.001717 0.002505 0.003617 0.005174 0.007336 0.010314 0.014375 0.019867 0.027222 0.036985 0.049821 0.066542 0.088118 0.115696 0.150609 0.194385 0.248741 0.315575 0.396941 0.495012 0.612022 0.750202 0.911689 1.098423 1.312034 1.553712 1.824080 2.123062 2.449771 2.802401 3.178156 3.573211 3.982714 4.400836 4.820872 5.235391 5.636436 6.015769 6.365140 6.676582 6.942713 7.157025 7.314149 7.410076 7.442331 7.410076 7.314149 7.157025 6.942713 6.676582 6.365140 6.015769 5.636436 5.235391 4.820872 4.400836 3.982714 3.573211 3.178156 2.802401 2.449771 2.123062 1.824080 1.553712 1.312034 1.098423 0.911689 0.750202 0.612022 0.495012 0.396941 0.315575 0.248741 0.194385 0.150609 0.115696 0.088118 0.066542 0.049821 0.036985 0.027222 0.019866 0.014375 0.010312 0.007334 0.005170 0.003610 0.002495 0.001701 0.001137 0.000732 0.000435 0.000202 0.000000 
0.000000 0.000169 0.000364 0.000617 0.000963 0.001451 0.002145 0.003129 0.004518 0.006463 0.009163 0.012879 0.017950 0.024803 0.033982 0.046164 0.062179 0.083038 0.109951 0.144347 0.187888 0.242476 0.310250 0.393576 0.495012 0.617260 0.763106 0.935326 1.136579 1.369279 1.635454 1.936582 2.273436 2.645921 3.052925 3.492197 3.960253 4.452328 4.962378 5.483143 6.006272 6.522513 7.021960 7.494354 7.929425 8.317256 8.648658 8.915528 9.111182 9.230632 9.270796 9.230632 9.111182 8.915528 8.648658 8.317256 7.929425 7.494354 7.021960 6.522513 6.006272 5.483143 4.962378 4.452328 3.960253 3.492197 3.052925 2.645921 2.273436 1.936582 1.635454 1.369279 1.136579 0.935326 0.763106 0.617260 0.495012 0.393576 0.310250 0.242476 0.187888 0.144347 0.109951 0.083038 0.062179 0.046164 0.033982 0.024802 0.017948 0.012878 0.009160 0.006458 0.004510 0.003117 0.002126 0.001421 0.000915 0.000543 0.000252 0.000000 
0.000000 0.000209 0.000451 0.000764 0.001193 0.001798 0.002658 0.003876 0.005596 0.008003 0.011345 0.015945 0.022219 0.030699 0.042056 0.057125 0.076935 0.102733 0.136016 0.178548 0.232383 0.299869 0.383652 0.486650 0.612022 0.763106 0.943340 1.156150 1.404818 1.692322 2.021163 2.393163 2.809272 3.269369 3.772078 4.314615 4.892676 5.500374 6.130244 6.773322 7.419297 8.056746 8.673441 9.256718 9.793898 10.272743 10.681909 11.011397 11.252957 11.400433 11.450020 11.400433 11.252957 11.011397 10.681909 10.272743 9.793898 9.256718 8.673441 8.056746 7.419297 6.773322 6.130244 5.500374 4.892676 4.314615 3.772078 3.269369 2.809272 2.393163 2.021163 1.692322 1.404818 1.156150 0.943340 0.763106 0.612022 0.486650 0.383652 0.299869 0.232383 0.178548 0.136016 0.102733 0.076935 0.057125 0.042056 0.030698 0.022218 0.015943 0.011341 0.007997 0.005586 0.003861 0.002633 0.001760 0.001134 0.000673 0.000313 0.000000 
0.000000 0.000257 0.000554 0.000939 0.001466 0.002209 0.003264 0.004760 0.006870 0.009824 0.013926 0.019570 0.027267 0.037670 0.051599 0.070080 0.094373 0.126006 0.166812 0.218954 0.284945 0.367664 0.470348 0.596572 0.750202 0.935326 1.156150 1.416867 1.721494 2.073674 2.476462 2.932089 3.441711 4.005176 4.620794 5.285154 5.992982 6.737069 7.508274 8.295622 9.086490 9.866897 10.621875 11.335923 11.993528 12.579707 13.080582 13.483915 13.779611 13.960136 14.020836 13.960136 13.779611 13.483915 13.080582 12.579707 11.993528 11.335923 10.621875 9.866897 9.086490 8.295622 7.508274 6.737069 5.992982 5.285154 4.620794 4.005176 3.441711 2.932089 2.476462 2.073674 1.721494 1.416867 1.156150 0.935326 0.750202 0.596572 0.470348 0.367664 0.284945 0.218954 0.166812 0.126006 0.094373 0.070080 0.051599 0.037669 0.027265 0.019567 0.013921 0.009817 0.006858 0.004741 0.003234 0.002162 0.001393 0.000827 0.000384 0.000000 
0.000000 0.000313 0.000675 0.001143 0.001785 0.002689 0.003973 0.005794 0.008362 0.011956 0.016946 0.023811 0.033173 0.045824 0.062763 0.085233 0.114767 0.153221 0.202822 0.266195 0.346394 0.446913 0.571683 0.725044 0.911689 1.136579 1.404818 1.721494 2.091479 2.519193 3.008340 3.561622 4.180439 4.864599 5.612047 6.418638 7.277965 8.181274 9.117470 10.073229 11.033231 11.980506 12.896891 13.763577 14.561736 15.273192 15.881104 16.370623 16.729503 16.948600 17.022269 16.948600 16.729503 16.370623 15.881104 15.273192 14.561736 13.763577 12.896891 11.980506 11.033231 10.073229 9.117470 8.181274 7.277965 6.418638 5.612047 4.864599 4.180439 3.561622 3.008340 2.519193 2.091479 1.721494 1.404818 1.136579 0.911689 0.725044 0.571683 0.446913 0.346394 0.266195 0.202822 0.153221 0.114767 0.085233 0.062762 0.045823 0.033171 0.023808 0.016940 0.011947 0.008348 0.005771 0.003937 0.002632 0.001697 0.001007 0.000468 0.000000 
0.000000 0.000378 0.000815 0.001380 0.002155 0.003246 0.004795 0.006992 0.010090 0.014425 0.020443 0.028722 0.040010 0.055263 0.075682 0.102769 0.138365 0.184710 0.244482 0.320844 0.417472 0.538574 0.688880 0.873613 1.098423 1.369279 1.692322 2.073674 2.519193 3.034195 3.623135 4.289256 5.034238 5.857845 6.757597 7.728500 8.762840 9.850077 10.976857 12.127143 13.282501 14.422512 15.525319 16.568294 17.528784 18.384924 19.116451 19.705506 20.137353 20.400997 20.489644 20.400997 20.137353 19.705506 19.116451 18.384924 17.528784 16.568294 15.525319 14.422512 13.282501 12.127143 10.976857 9.850077 8.762840 7.728500 6.757597 5.857845 5.034238 4.289256 3.623135 3.034195 2.519193 2.073674 1.692322 1.369279 1.098423 0.873613 0.688880 0.538574 0.417472 0.320843 0.244482 0.184709 0.138365 0.102768 0.075681 0.055261 0.040008 0.028718 0.020436 0.014414 0.010072 0.006964 0.004751 0.003177 0.002048 0.001216 0.000565 0.000000 
0.000000 0.000452 0.000976 0.001652 0.002579 0.003884 0.005737 0.008365 0.012069 0.017253 0.024448 0.034345 0.047839 0.066070 0.090474 0.122843 0.165377 0.220750 0.292160 0.383382 0.498805 0.643450 0.822963 1.043578 1.312034 1.635454 2.021163 2.476462 3.008340 3.623135 4.326154 5.121263 6.010460 6.993454 8.067282 9.225977 10.460331 11.757763 13.102335 14.474914 15.853505 17.213748 18.529568 19.773973 20.919943 21.941394 22.814160 23.516938 24.032154 24.346692 24.452452 24.346692 24.032154 23.516938 22.814160 21.941394 20.919943 19.773973 18.529568 17.213748 15.853505 14.474914 13.102335 11.757763 10.460331 9.225977 8.067282 6.993454 6.010460 5.121263 4.326154 3.623135 3.008340 2.476462 2.021163 1.635454 1.312034 1.043578 0.822963 0.643450 0.498805 0.383382 0.292160 0.220750 0.165377 0.122842 0.090473 0.066068 0.047836 0.034340 0.024440 0.017240 0.012048 0.008331 0.005685 0.003802 0.002451 0.001455 0.000676 0.000000 
0.000000 0.000536 0.001158 0.001959 0.003059 0.004607 0.006805 0.009920 0.014312 0.020457 0.028985 0.040715 0.056706 0.078307 0.107222 0.145570 0.195957 0.261547 0.346126 0.454163 0.590851 0.762131 0.974686 1.235888 1.553712 1.936582 2.393163 2.932089 3.561622 4.289256 5.121263 6.062209 7.114451 8.277636 9.548252 10.919232 12.379676 13.914699 15.505442 17.129272 18.760169 20.369318 21.925882 23.397934 24.753520 25.961792 26.994173 27.825469 28.434899 28.806952 28.932050 28.806952 28.434899 27.825469 26.994173 25.961792 24.753520 23.397934 21.925882 20.369318 18.760169 17.129272 15.505442 13.914699 12.379676 10.919232 9.548252 8.277636 7.114451 6.062209 5.121263 4.289256 3.561622 2.932089 2.393163 1.936582 1.553712 1.235888 0.974686 0.762131 0.590851 0.454163 0.346126 0.261547 0.195957 0.145569 0.107221 0.078305 0.056702 0.040709 0.028975 0.020441 0.014287 0.009880 0.006742 0.004509 0.002907 0.001726 0.000802 0.000000 
0.000000 0.000631 0.001361 0.002305 0.003597 0.005418 0.008001 0.011662 0.016824 0.024045 0.034066 0.047848 0.066634 0.092010 0.125973 0.171013 0.230188 0.307211 0.406525 0.533374 0.693851 0.894928 1.144441 1.451041 1.824080 2.273436 2.809272 3.441711 4.180439 5.034238 6.010460 7.114451 8.348966 9.713584 11.204177 12.812448 14.525607 16.326190 18.192075 20.096715 22.009594 23.896920 25.722531 27.448989 29.038826 30.455874 31.666623 32.641536 33.356247 33.792573 33.939281 33.792573 33.356247 32.641536 31.666623 30.455874 29.038826 27.448989 25.722531 23.896920 22.009594 20.096715 18.192075 16.326190 14.525607 12.812448 11.204177 9.713584 8.348966 7.114451 6.010460 5.034238 4.180439 3.441711 2.809272 2.273436 1.824080 1.451041 1.144441 0.894928 0.693851 0.533374 0.406525 0.307210 0.230187 0.171012 0.125972 0.092007 0.066630 0.047841 0.034054 0.024027 0.016794 0.011616 0.007927 0.005302 0.003419 0.002030 0.000944 0.000000 
0.000000 0.000735 0.001587 0.002687 0.004194 0.006315 0.009325 0.013592 0.019605 0.028018 0.039690 0.055743 0.077622 0.107174 0.146723 0.199166 0.268062 0.357731 0.473343 0.620997 0.807783 1.041808 1.332187 1.688980 2.123062 2.645921 3.269369 4.005176 4.864599 5.857845 6.993454 8.277636 9.713584 11.300801 13.034473 14.904948 16.897344 18.991346 21.161229 23.376121 25.600539 27.795192 29.918038 31.925552 33.774174 35.421858 36.829651 37.963217 38.794231 39.301557 39.472137 39.301557 38.794231 37.963217 36.829651 35.421858 33.774174 31.925552 29.918038 27.795192 25.600539 23.376121 21.161229 18.991346 16.897344 14.904948 13.034473 11.300801 9.713584 8.277636 6.993454 5.857845 4.864599 4.005176 3.269369 2.645921 2.123062 1.688980 1.332187 1.041808 0.807783 0.620997 0.473343 0.357731 0.268061 0.199165 0.146721 0.107171 0.077618 0.055735 0.039677 0.027997 0.019571 0.013537 0.009239 0.006180 0.003985 0.002367 0.001100 0.000000 
0.000000 0.000850 0.001835 0.003105 0.004846 0.007297 0.010775 0.015703 0.022648 0.032364 0.045843 0.064379 0.089640 0.123757 0.169413 0.229948 0.309470 0.412961 0.546385 0.716776 0.932311 1.202337 1.537368 1.949000 2.449771 3.052925 3.772078 4.620794 5.612047 6.757597 8.067282 9.548252 11.204177 13.034473 15.033584 17.190368 19.487662 21.902040 24.403839 26.957466 29.522016 32.052197 34.499544 36.813891 38.945029 40.844496 42.467397 43.774158 44.732136 45.316968 45.513608 45.316968 44.732136 43.774158 42.467397 40.844496 38.945029 36.813891 34.499544 32.052197 29.522016 26.957466 24.403839 21.902040 19.487662 17.190368 15.033584 13.034473 11.204177 9.548252 8.067282 6.757597 5.612047 4.620794 3.772078 3.052925 2.449771 1.949000 1.537368 1.202337 0.932310 0.716776 0.546385 0.412961 0.309469 0.229947 0.169411 0.123754 0.089635 0.064369 0.045828 0.032339 0.022608 0.015639 0.010675 0.007142 0.004605 0.002735 0.001271 0.000000 
0.000000 0.000974 0.002102 0.003557 0.005552 0.008359 0.012341 0.017984 0.025936 0.037060 0.052490 0.073707 0.102622 0.141669 0.193918 0.263192 0.354186 0.472599 0.625250 0.820185 1.066749 1.375632 1.758851 2.229664 2.802401 3.492197 4.314615 5.285154 6.418638 7.728500 9.225977 10.919232 12.812448 14.904948 17.190368 19.655966 22.282112 25.042025 27.901797 30.820742 33.752108 36.644132 39.441426 42.086659 44.522455 46.693436 48.548299 50.041824 51.136711 51.805122 52.029863 51.805122 51.136711 50.041824 48.548299 46.693436 44.522455 42.086659 39.441426 36.644132 33.752108 30.820742 27.901797 25.042025 22.282112 19.655966 17.190368 14.904948 12.812448 10.919232 9.225977 7.728500 6.418638 5.285154 4.314615 3.492197 2.802401 2.229664 1.758851 1.375632 1.066749 0.820184 0.625250 0.472598 0.354185 0.263190 0.193916 0.141665 0.102615 0.073696 0.052472 0.037031 0.025891 0.017911 0.012227 0.008180 0.005275 0.003133 0.001456 0.000000 
0.000000 0.001106 0.002387 0.004040 0.006304 0.009491 0.014012 0.020417 0.029443 0.042068 0.059579 0.083656 0.116465 0.160768 0.220046 0.298634 0.401855 0.536173 0.709316 0.930405 1.210034 1.560321 1.994885 2.528749 3.178156 3.960253 4.892676 5.992982 7.277965 8.762840 10.460331 12.379676 14.525607 16.897344 19.487662 22.282112 25.258441 28.386292 31.627234 34.935163 38.257101 41.534393 44.704282 47.701810 50.461972 52.922028 55.023853 56.716218 57.956865 58.714258 58.968917 58.714258 57.956865 56.716218 55.023853 52.922028 50.461972 47.701810 44.704282 41.534393 38.257101 34.935163 31.627234 28.386292 25.258441 22.282112 19.487662 16.897344 14.525607 12.379676 10.460331 8.762840 7.277965 5.992982 4.892676 3.960253 3.178156 2.528749 1.994885 1.560321 1.210034 0.930404 0.709316 0.536172 0.401855 0.298632 0.220044 0.160763 0.116457 0.083644 0.059559 0.042036 0.029392 0.020335 0.013882 0.009288 0.005990 0.003558 0.001654 0.000000 
0.000000 0.001245 0.002687 0.004548 0.007096 0.010683 0.015771 0.022978 0.033135 0.047338 0.067038 0.094123 0.131029 0.180860 0.247532 0.335915 0.451995 0.603036 0.797727 1.046315 1.360710 1.754526 2.243065 2.843212 3.573211 4.452328 5.500374 6.737069 8.181274 9.850077 11.757763 13.914699 16.326190 18.991346 21.902040 25.042025 28.386292 31.900726 35.542147 39.258754 42.991029 46.673079 50.234405 53.602040 56.702964 59.466701 61.827966 63.729216 65.122985 65.973853 66.259942 65.973853 65.122985 63.729216 61.827966 59.466701 56.702964 53.602040 50.234405 46.673079 42.991029 39.258754 35.542147 31.900726 28.386292 25.042025 21.902040 18.991346 16.326190 13.914699 11.757763 9.850077 8.181274 6.737069 5.500374 4.452328 3.573211 2.843212 2.243065 1.754526 1.360710 1.046315 0.797727 0.603036 0.451994 0.335913 0.247529 0.180855 0.131020 0.094110 0.067016 0.047302 0.033076 0.022886 0.015625 0.010455 0.006743 0.004005 0.001862 0.000000 
0.000000 0.001390 0.002999 0.005075 0.007919 0.011920 0.017596 0.025636 0.036964 0.052806 0.074777 0.104981 0.146135 0.201700 0.276037 0.374577 0.503990 0.672370 0.889398 1.166494 1.516925 1.955860 2.500346 3.169190 3.982714 4.962378 6.130244 7.508274 9.117470 10.976857 13.102335 15.505442 18.192075 21.161229 24.403839 27.901797 31.627234 35.542147 39.598431 43.738388 47.895723 51.997047 55.963843 59.714847 63.168738 66.247032 68.877025 70.994636 72.547008 73.494697 73.813340 73.494697 72.547008 70.994636 68.877025 66.247032 63.168738 59.714847 55.963843 51.997047 47.895723 43.738388 39.598431 35.542147 31.627234 27.901797 24.403839 21.161229 18.192075 15.505442 13.102335 10.976857 9.117470 7.508274 6.130244 4.962378 3.982714 3.169190 2.500346 1.955860 1.516925 1.166494 0.889397 0.672369 0.503989 0.374575 0.276034 0.201694 0.146126 0.104966 0.074752 0.052765 0.036899 0.025532 0.017433 0.011665 0.007524 0.004469 0.002078 0.000000 
0.000000 0.001537 0.003318 0.005614 0.008759 0.013185 0.019461 0.028352 0.040877 0.058393 0.082683 0.116075 0.161568 0.222989 0.305156 0.414069 0.557098 0.743185 0.983023 1.289229 1.676456 2.161458 2.763064 3.502042 4.400836 5.483143 6.773322 8.295622 10.073229 12.127143 14.474914 17.129272 20.096715 23.376121 26.957466 30.820742 34.935163 39.258754 43.738388 48.310346 52.901420 57.430572 61.811105 65.953288 69.767335 73.166589 76.070777 78.409151 80.123352 81.169830 81.521688 81.169830 80.123352 78.409151 76.070777 73.166589 69.767335 65.953288 61.811105 57.430572 52.901420 48.310346 43.738388 39.258754 34.935163 30.820742 26.957466 23.376121 20.096715 17.129272 14.474914 12.127143 10.073229 8.295622 6.773322 5.483143 4.400836 3.502042 2.763064 2.161458 1.676456 1.289229 0.983023 0.743184 0.557097 0.414067 0.305153 0.222983 0.161558 0.116058 0.082656 0.058348 0.040805 0.028237 0.019280 0.012903 0.008323 0.004944 0.002298 0.000000 
0.000000 0.001686 0.003638 0.006156 0.009604 0.014456 0.021336 0.031082 0.044812 0.064010 0.090631 0.127226 0.177081 0.244386 0.334422 0.453758 0.610468 0.814344 1.077101 1.412551 1.836743 2.368022 3.027004 3.836430 4.820872 6.006272 7.419297 9.086490 11.033231 13.282501 15.853505 18.760169 22.009594 25.600539 29.522016 33.752108 38.257101 42.991029 47.895723 52.901420 57.927973 62.886662 67.682578 72.217494 76.393123 80.114605 83.294070 85.854076 87.730742 88.876398 89.261602 88.876398 87.730742 85.854076 83.294070 80.114605 76.393123 72.217494 67.682578 62.886662 57.927973 52.901420 47.895723 42.991029 38.257101 33.752108 29.522016 25.600539 22.009594 18.760169 15.853505 13.282501 11.033231 9.086490 7.419297 6.006272 4.820872 3.836430 3.027004 2.368021 1.836742 1.412551 1.077100 0.814344 0.610467 0.453755 0.334418 0.244379 0.177070 0.127207 0.090601 0.063960 0.044732 0.030956 0.021138 0.014147 0.009126 0.005421 0.002520 0.000000 
0.000000 0.001832 0.003955 0.006691 0.010439 0.015712 0.023189 0.033779 0.048697 0.069556 0.098480 0.138237 0.192397 0.265512 0.363314 0.492939 0.663153 0.884588 1.169963 1.534275 1.994946 2.571893 3.287496 4.166438 5.235391 6.522513 8.056746 9.866897 11.980506 14.422512 17.213748 20.369318 23.896920 27.795192 32.052197 36.644132 41.534393 46.673079 51.997047 57.430572 62.886662 68.269022 73.474646 78.396924 82.929186 86.968484 90.419455 93.198056 95.234959 96.478433 96.896526 96.478433 95.234959 93.198056 90.419455 86.968484 82.929186 78.396924 73.474646 68.269022 62.886662 57.430572 51.997047 46.673079 41.534393 36.644132 32.052197 27.795192 23.896920 20.369318 17.213748 14.422512 11.980506 9.866897 8.056746 6.522513 5.235391 4.166437 3.287495 2.571893 1.994946 1.534275 1.169962 0.884587 0.663151 0.492936 0.363310 0.265504 0.192385 0.138216 0.098446 0.069502 0.048611 0.033642 0.022973 0.015375 0.009919 0.005892 0.002740 0.000000 
0.000000 0.001974 0.004261 0.007209 0.011247 0.016927 0.024982 0.036390 0.052458 0.074925 0.106077 0.148895 0.207222 0.285959 0.391278 0.530859 0.714140 0.952565 1.259825 1.652062 2.148028 2.769157 3.539536 4.485729 5.636436 7.021960 8.673441 10.621875 12.896891 15.525319 18.529568 21.925882 25.722531 29.918038 34.499544 39.441426 44.704282 50.234405 55.963843 61.811105 67.682578 73.474646 79.076467 84.373332 89.250462 93.597090 97.310607 100.300588 102.492440 103.830503 104.280399 103.830503 102.492440 100.300588 97.310607 93.597090 89.250462 84.373332 79.076467 73.474646 67.682578 61.811105 55.963843 50.234405 44.704282 39.441426 34.499544 29.918038 25.722531 21.925882 18.529568 15.525319 12.896891 10.621875 8.673441 7.021960 5.636436 4.485729 3.539536 2.769157 2.148028 1.652062 1.259824 0.952564 0.714138 0.530856 0.391273 0.285951 0.207209 0.148873 0.106041 0.074867 0.052366 0.036242 0.024750 0.016565 0.010686 0.006349 0.002952 0.000000 
