0.000000 0.000000 0.000000 0.000000 0.000000 0.000000 0.000000 0.000000 0.000000 0.000000 0.000000 0.000000 0.000000 0.000000 0.000000 0.000000 0.000000 0.000000 0.000000 0.000000 0.000000 0.000000 0.000000 0.000000 0.000000 0.000000 0.000000 0.000000 0.000000 0.000000 0.000000 0.000000 0.000000 0.000000 0.000000 0.000000 0.000000 0.000000 0.000000 0.000000 0.000000 0.000000 0.000000 0.000000 0.000000 0.000000 0.000000 0.000000 0.000000 0.000000 0.000000 0.000000 0.000000 0.000000 0.000000 0.000000 0.000000 0.000000 0.000000 0.000000 0.000000 0.000000 0.000000 0.000000 0.000000 0.000000 0.000000 0.000000 0.000000 0.000000 0.000000 0.000000 0.000000 0.000000 0.000000 0.000000 0.000000 0.000000 0.000000 0.000000 0.000000 0.000000 0.000000 0.000000 0.000000 0.000000 0.000000 0.000000 0.000000 0.000000 0.000000 0.000000 0.000000 0.000000 0.000000 0.000000 0.000000 0.000000 0.000000 0.000000 
0.000000 0.000000 0.000000 0.000000 0.000000 0.000000 0.000000 0.000000 0.000000 0.000000 0.000000 0.000000 0.000000 0.000000 0.000000 0.000001 0.000001 0.000001 0.000002 0.000002 0.000003 0.000004 0.000006 0.000008 0.000010 0.000013 0.000017 0.000022 0.000028 0.000036 0.000045 0.000055 0.000067 0.000081 0.000097 0.000115 0.000134 0.000155 0.000178 0.000201 0.000225 0.000250 0.000274 0.000297 0.000318 0.000338 0.000354 0.000368 0.000378 0.000384 0.000386 0.000384 0.000378 0.000368 0.000354 0.000338 0.000318 0.000297 0.000274 0.000250 0.000225 0.000201 0.000178 0.000155 0.000134 0.000115 0.000097 0.000081 0.000067 0.000055 0.000045 0.000036 0.000028 0.000022 0.000017 0.000013 0.000010 0.000008 0.000006 0.000004 0.000003 0.000002 0.000002 0.000001 0.000001 0.000001 0.000000 0.000000 0.000000 0.000000 0.000000 0.000000 0.000000 0.000000 0.000000 0.000000 0.000000 0.000000 0.000000 0.000000 
0.000000 0.000000 0.000000 0.000000 0.000000 0.000000 0.000000 0.000000 0.000000 0.000000 0.000000 0.000000 0.000000 0.000001 0.000001 0.000001 0.000002 0.000002 0.000004 0.000005 0.000007 0.000009 0.000013 0.000017 0.000023 0.000030 0.000039 0.000050 0.000064 0.000080 0.000100 0.000124 0.000151 0.000182 0.000218 0.000257 0.000301 0.000348 0.000398 0.000451 0.000505 0.000559 0.000613 0.000664 0.000713 0.000756 0.000794 0.000825 0.000847 0.000861 0.000866 0.000861 0.000847 0.000825 0.000794 0.000756 0.000713 0.000664 0.000613 0.000559 0.000505 0.000451 0.000398 0.000348 0.000301 0.000257 0.000218 0.000182 0.000151 0.000124 0.000100 0.000080 0.000064 0.000050 0.000039 0.000030 0.000023 0.000017 0.000013 0.000009 0.000007 0.000005 0.000004 0.000002 0.000002 0.000001 0.000001 0.000001 0.000000 0.000000 0.000000 0.000000 0.000000 0.000000 0.000000 0.000000 0.000000 0.000000 0.000000 0.000000 
0.000000 0.000000 0.000000 0.000000 0.000000 0.000000 0.000000 0.000000 0.000000 0.000000 0.000000 0.000000 0.000001 0.000001 0.000001 0.000002 0.000003 0.000004 0.000006 0.000009 0.000012 0.000017 0.000023 0.000031 0.000041 0.000054 0.000070 0.000090 0.000114 0.000144 0.000180 0.000221 0.000270 0.000326 0.000390 0.000460 0.000538 0.000623 0.000712 0.000806 0.000903 0.001000 0.001096 0.001189 0.001275 0.001353 0.001421 0.001475 0.001516 0.001540 0.001549 0.001540 0.001516 0.001475 0.001421 0.001353 0.001275 0.001189 0.001096 0.001000 0.000903 0.000806 0.000712 0.000623 0.000538 0.000460 0.000390 0.000326 0.000270 0.000221 0.000180 0.000144 0.000114 0.000090 0.000070 0.000054 0.000041 0.000031 0.000023 0.000017 0.000012 0.000009 0.000006 0.000004 0.000003 0.000002 0.000001 0.000001 0.000001 0.000000 0.000000 0.000000 0.000000 0.000000 0.000000 0.000000 0.000000 0.000000 0.000000 0.000000 
0.000000 0.000000 0.000000 0.000000 0.000000 0.000000 0.000000 0.000000 0.000000 0.000000 0.000000 0.000001 0.000001 0.000002 0.000002 0.000004 0.000005 0.000007 0.000011 0.000015 0.000021 0.000028 0.000038 0.000051 0.000068 0.000090 0.000117 0.000150 0.000191 0.000241 0.000300 0.000370 0.000452 0.000545 0.000651 0.000769 0.000899 0.001040 0.001190 0.001347 0.001508 0.001671 0.001831 0.001985 0.002129 0.002259 0.002371 0.002462 0.002530 0.002571 0.002585 0.002571 0.002530 0.002462 0.002371 0.002259 0.002129 0.001985 0.001831 0.001671 0.001508 0.001347 0.001190 0.001040 0.000899 0.000769 0.000651 0.000545 0.000452 0.000370 0.000300 0.000241 0.000191 0.000150 0.000117 0.000090 0.000068 0.000051 0.000038 0.000028 0.000021 0.000015 0.000011 0.000007 0.000005 0.000004 0.000002 0.000002 0.000001 0.000001 0.000000 0.000000 0.000000 0.000000 0.000000 0.000000 0.000000 0.000000 0.000000 0.000000 
0.000000 0.000000 0.000000 0.000000 0.000000 0.000000 0.000000 0.000000 0.000000 0.000001 0.000001 0.000001 0.000002 0.000003 0.000004 0.000006 0.000009 0.000012 0.000017 0.000024 0.000033 0.000046 0.000062 0.000083 0.000111 0.000146 0.000190 0.000244 0.000310 0.000391 0.000487 0.000601 0.000733 0.000885 0.001057 0.001248 0.001459 0.001687 0.001930 0.002184 0.002445 0.002708 0.002968 0.003218 0.003451 0.003661 0.003843 0.003991 0.004100 0.004167 0.004189 0.004167 0.004100 0.003991 0.003843 0.003661 0.003451 0.003218 0.002968 0.002708 0.002445 0.002184 0.001930 0.001687 0.001459 0.001248 0.001057 0.000885 0.000733 0.000601 0.000487 0.000391 0.000310 0.000244 0.000190 0.000146 0.000111 0.000083 0.000062 0.000046 0.000033 0.000024 0.000017 0.000012 0.000009 0.000006 0.000004 0.000003 0.000002 0.000001 0.000001 0.000001 0.000000 0.000000 0.000000 0.000000 0.000000 0.000000 0.000000 0.000000 
0.000000 0.000000 0.000000 0.000000 0.000000 0.000000 0.000000 0.000000 0.000001 0.000001 0.000001 0.000002 0.000003 0.000004 0.000006 0.000009 0.000014 0.000019 0.000028 0.000039 0.000053 0.000073 0.000099 0.000134 0.000177 0.000233 0.000303 0.000390 0.000496 0.000625 0.000778 0.000959 0.001170 0.001412 0.001686 0.001991 0.002327 0.002690 0.003077 0.003482 0.003898 0.004318 0.004731 0.005129 0.005500 0.005836 0.006125 0.006360 0.006534 0.006640 0.006676 0.006640 0.006534 0.006360 0.006125 0.005836 0.005500 0.005129 0.004731 0.004318 0.003898 0.003482 0.003077 0.002690 0.002327 0.001991 0.001686 0.001412 0.001170 0.000959 0.000778 0.000625 0.000496 0.000390 0.000303 0.000233 0.000177 0.000134 0.000099 0.000073 0.000053 0.000039 0.000028 0.000019 0.000014 0.000009 0.000006 0.000004 0.000003 0.000002 0.000001 0.000001 0.000001 0.000000 0.000000 0.000000 0.000000 0.000000 0.000000 0.000000 
0.000000 0.000000 0.000000 0.000000 0.000000 0.000000 0.000000 0.000001 0.000001 0.000001 0.000002 0.000003 0.000005 0.000007 0.000010 0.000015 0.000022 0.000031 0.000044 0.000061 0.000085 0.000116 0.000157 0.000211 0.000280 0.000368 0.000478 0.000615 0.000782 0.000985 0.001227 0.001513 0.001845 0.002226 0.002657 0.003137 0.003666 0.004238 0.004847 0.005484 0.006139 0.006798 0.007449 0.008074 0.008658 0.009185 0.009641 0.010010 0.010283 0.010450 0.010507 0.010450 0.010283 0.010010 0.009641 0.009185 0.008658 0.008074 0.007449 0.006798 0.006139 0.005484 0.004847 0.004238 0.003666 0.003137 0.002657 0.002226 0.001845 0.001513 0.001227 0.000985 0.000782 0.000615 0.000478 0.000368 0.000280 0.000211 0.000157 0.000116 0.000085 0.000061 0.000044 0.000031 0.000022 0.000015 0.000010 0.000007 0.000005 0.000003 0.000002 0.000001 0.000001 0.000001 0.000000 0.000000 0.000000 0.000000 0.000000 0.000000 
0.000000 0.000000 0.000000 0.000000 0.000000 0.000000 0.000001 0.000001 0.000001 0.000002 0.000003 0.000005 0.000007 0.000011 0.000016 0.000023 0.000034 0.000048 0.000068 0.000095 0.000132 0.000181 0.000246 0.000329 0.000437 0.000574 0.000746 0.000960 0.001221 0.001537 0.001914 0.002359 0.002876 0.003469 0.004141 0.004889 0.005712 0.006602 0.007550 0.008541 0.009560 0.010587 0.011599 0.012571 0.013480 0.014301 0.015009 0.015584 0.016008 0.016268 0.016356 0.016268 0.016008 0.015584 0.015009 0.014301 0.013480 0.012571 0.011599 0.010587 0.009560 0.008541 0.007550 0.006602 0.005712 0.004889 0.004141 0.003469 0.002876 0.002359 0.001914 0.001537 0.001221 0.000960 0.000746 0.000574 0.000437 0.000329 0.000246 0.000181 0.000132 0.000095 0.000068 0.000048 0.000034 0.000023 0.000016 0.000011 0.000007 0.000005 0.000003 0.000002 0.000001 0.000001 0.000001 0.000000 0.000000 0.000000 0.000000 0.000000 
0.000000 0.000000 0.000000 0.000000 0.000000 0.000001 0.000001 0.000001 0.000002 0.000003 0.000005 0.000008 0.000011 0.000017 0.000025 0.000036 0.000052 0.000075 0.000106 0.000148 0.000205 0.000280 0.000380 0.000509 0.000676 0.000887 0.001153 0.001482 0.001885 0.002373 0.002954 0.003640 0.004437 0.005352 0.006386 0.007540 0.008807 0.010179 0.011638 0.013166 0.014735 0.016315 0.017873 0.019371 0.020770 0.022032 0.023123 0.024008 0.024660 0.025061 0.025196 0.025061 0.024660 0.024008 0.023123 0.022032 0.020770 0.019371 0.017873 0.016315 0.014735 0.013166 0.011638 0.010179 0.008807 0.007540 0.006386 0.005352 0.004437 0.003640 0.002954 0.002373 0.001885 0.001482 0.001153 0.000887 0.000676 0.000509 0.000380 0.000280 0.000205 0.000148 0.000106 0.000075 0.000052 0.000036 0.000025 0.000017 0.000011 0.000008 0.000005 0.000003 0.000002 0.000001 0.000001 0.000001 0.000000 0.000000 0.000000 0.000000 
0.000000 0.000000 0.000000 0.000000 0.000000 0.000001 0.000001 0.000002 0.000003 0.000005 0.000008 0.000012 0.000017 0.000026 0.000038 0.000056 0.000080 0.000115 0.000162 0.000226 0.000313 0.000429 0.000581 0.000779 0.001034 0.001357 0.001762 0.002265 0.002881 0.003625 0.004513 0.005559 0.006776 0.008171 0.009749 0.011509 0.013441 0.015532 0.017757 0.020086 0.022477 0.024886 0.027260 0.029542 0.031674 0.033598 0.035258 0.036607 0.037601 0.038211 0.038417 0.038211 0.037601 0.036607 0.035258 0.033598 0.031674 0.029542 0.027260 0.024886 0.022477 0.020086 0.017757 0.015532 0.013441 0.011509 0.009749 0.008171 0.006776 0.005559 0.004513 0.003625 0.002881 0.002265 0.001762 0.001357 0.001034 0.000779 0.000581 0.000429 0.000313 0.000226 0.000162 0.000115 0.000080 0.000056 0.000038 0.000026 0.000017 0.000012 0.000008 0.000005 0.000003 0.000002 0.000001 0.000001 0.000000 0.000000 0.000000 0.000000 
0.000000 0.000000 0.000000 0.000000 0.000001 0.000001 0.000002 0.000003 0.000005 0.000008 0.000012 0.000018 0.000026 0.000039 0.000058 0.000084 0.000122 0.000174 0.000245 0.000343 0.000475 0.000650 0.000880 0.001180 0.001565 0.002054 0.002667 0.003427 0.004357 0.005482 0.006824 0.008404 0.010241 0.012348 0.014731 0.017387 0.020304 0.023460 0.026817 0.030330 0.033939 0.037573 0.041153 0.044595 0.047811 0.050712 0.053217 0.055250 0.056750 0.057670 0.057979 0.057670 0.056750 0.055250 0.053217 0.050712 0.047811 0.044595 0.041153 0.037573 0.033939 0.030330 0.026817 0.023460 0.020304 0.017387 0.014731 0.012348 0.010241 0.008404 0.006824 0.005482 0.004357 0.003427 0.002667 0.002054 0.001565 0.001180 0.000880 0.000650 0.000475 0.000343 0.000245 0.000174 0.000122 0.000084 0.000058 0.000039 0.000026 0.000018 0.000012 0.000008 0.000005 0.000003 0.000002 0.000001 0.000001 0.000000 0.000000 0.000000 
0.000000 0.000000 0.000000 0.000001 0.000001 0.000002 0.000003 0.000005 0.000007 0.000011 0.000017 0.000026 0.000040 0.000059 0.000087 0.000127 0.000183 0.000261 0.000368 0.000515 0.000712 0.000974 0.001319 0.001768 0.002345 0.003076 0.003994 0.005132 0.006523 0.008205 0.010212 0.012575 0.015322 0.018471 0.022031 0.026000 0.030359 0.035072 0.040088 0.045335 0.050723 0.056150 0.061496 0.066635 0.071435 0.075767 0.079506 0.082541 0.084780 0.086152 0.086615 0.086152 0.084780 0.082541 0.079506 0.075767 0.071435 0.066635 0.061496 0.056150 0.050723 0.045335 0.040088 0.035072 0.030359 0.026000 0.022031 0.018471 0.015322 0.012575 0.010212 0.008205 0.006523 0.005132 0.003994 0.003076 0.002345 0.001768 0.001319 0.000974 0.000712 0.000515 0.000368 0.000261 0.000183 0.000127 0.000087 0.000059 0.000040 0.000026 0.000017 0.000011 0.000007 0.000005 0.000003 0.000002 0.000001 0.000001 0.000000 0.000000 
0.000000 0.000000 0.000001 0.000001 0.000002 0.000003 0.000004 0.000007 0.000011 0.000017 0.000026 0.000039 0.000059 0.000088 0.000129 0.000188 0.000271 0.000387 0.000547 0.000764 0.001057 0.001446 0.001957 0.002623 0.003477 0.004561 0.005921 0.007606 0.009666 0.012156 0.015126 0.018624 0.022688 0.027346 0.032614 0.038484 0.044929 0.051899 0.059315 0.067071 0.075037 0.083057 0.090959 0.098553 0.105647 0.112048 0.117573 0.122058 0.125366 0.127393 0.128077 0.127393 0.125366 0.122058 0.117573 0.112048 0.105647 0.098553 0.090959 0.083057 0.075037 0.067071 0.059315 0.051899 0.044929 0.038484 0.032614 0.027346 0.022688 0.018624 0.015126 0.012156 0.009666 0.007606 0.005921 0.004561 0.003477 0.002623 0.001957 0.001446 0.001057 0.000764 0.000547 0.000387 0.000271 0.000188 0.000129 0.000088 0.000059 0.000039 0.000026 0.000017 0.000011 0.000007 0.000004 0.000003 0.000002 0.000001 0.000000 0.000000 
0.000000 0.000000 0.000001 0.000001 0.000002 0.000004 0.000006 0.000010 0.000016 0.000025 0.000038 0.000058 0.000087 0.000129 0.000190 0.000277 0.000399 0.000570 0.000804 0.001123 0.001552 0.002124 0.002874 0.003850 0.005104 0.006694 0.008687 0.011157 0.014177 0.017825 0.022177 0.027300 0.033252 0.040074 0.047786 0.056379 0.065815 0.076016 0.086868 0.098218 0.109873 0.121607 0.133166 0.144276 0.154653 0.164015 0.172095 0.178654 0.183493 0.186458 0.187457 0.186458 0.183493 0.178654 0.172095 0.164015 0.154653 0.144276 0.133166 0.121607 0.109873 0.098218 0.086868 0.076016 0.065815 0.056379 0.047786 0.040074 0.033252 0.027300 0.022177 0.017825 0.014177 0.011157 0.008687 0.006694 0.005104 0.003850 0.002874 0.002124 0.001552 0.001123 0.000804 0.000570 0.000399 0.000277 0.000190 0.000129 0.000087 0.000058 0.000038 0.000025 0.000016 0.000010 0.000006 0.000004 0.000002 0.000001 0.000001 0.000000 
0.000000 0.000001 0.000001 0.000002 0.000004 0.000006 0.000009 0.000015 0.000023 0.000036 0.000056 0.000084 0.000127 0.000188 0.000277 0.000403 0.000581 0.000829 0.001170 0.001633 0.002257 0.003087 0.004178 0.005595 0.007414 0.009722 0.012615 0.016198 0.020579 0.025870 0.032180 0.039608 0.048236 0.058124 0.069300 0.081753 0.095423 0.110201 0.125921 0.142359 0.159239 0.176232 0.192970 0.209056 0.224080 0.237634 0.249332 0.258828 0.265831 0.270124 0.271571 0.270124 0.265831 0.258828 0.249332 0.237634 0.224080 0.209056 0.192970 0.176232 0.159239 0.142359 0.125921 0.110201 0.095423 0.081753 0.069300 0.058124 0.048236 0.039608 0.032180 0.025870 0.020579 0.016198 0.012615 0.009722 0.007414 0.005595 0.004178 0.003087 0.002257 0.001633 0.001170 0.000829 0.000581 0.000403 0.000277 0.000188 0.000127 0.000084 0.000056 0.000036 0.000023 0.000015 0.000009 0.000006 0.000003 0.000002 0.000001 0.000000 
0.000000 0.000001 0.000002 0.000003 0.000005 0.000009 0.000014 0.000022 0.000034 0.000052 0.000080 0.000122 0.000183 0.000271 0.000399 0.000581 0.000837 0.001194 0.001684 0.002351 0.003248 0.004441 0.006009 0.008046 0.010660 0.013976 0.018131 0.023275 0.029565 0.037161 0.046218 0.056876 0.069256 0.083442 0.099472 0.117332 0.136935 0.158125 0.180663 0.204229 0.228426 0.252782 0.276772 0.299827 0.321357 0.340780 0.357543 0.371150 0.381185 0.387336 0.389409 0.387336 0.381185 0.371150 0.357543 0.340780 0.321357 0.299827 0.276772 0.252782 0.228426 0.204229 0.180663 0.158125 0.136935 0.117332 0.099472 0.083442 0.069256 0.056876 0.046218 0.037161 0.029565 0.023275 0.018131 0.013976 0.010660 0.008046 0.006009 0.004441 0.003248 0.002351 0.001684 0.001194 0.000837 0.000581 0.000399 0.000271 0.000183 0.000122 0.000080 0.000052 0.000034 0.000022 0.000014 0.000008 0.000005 0.000003 0.000001 0.000000 
0.000000 0.000001 0.000002 0.000004 0.000007 0.000012 0.000019 0.000031 0.000048 0.000075 0.000115 0.000174 0.000261 0.000387 0.000570 0.000829 0.001194 0.001701 0.002399 0.003349 0.004626 0.006324 0.008554 0.011451 0.015168 0.019883 0.025790 0.033101 0.042039 0.052831 0.065696 0.080835 0.098415 0.118557 0.141317 0.166668 0.194493 0.224566 0.256550 0.289989 0.324319 0.358874 0.392907 0.425610 0.456149 0.483699 0.507474 0.526772 0.541005 0.549729 0.552668 0.549729 0.541005 0.526772 0.507474 0.483699 0.456149 0.425610 0.392907 0.358874 0.324319 0.289989 0.256550 0.224566 0.194493 0.166668 0.141317 0.118557 0.098415 0.080835 0.065696 0.052831 0.042039 0.033101 0.025790 0.019883 0.015168 0.011451 0.008554 0.006324 0.004626 0.003349 0.002399 0.001701 0.001194 0.000829 0.000570 0.000387 0.000261 0.000174 0.000115 0.000075 0.000048 0.000031 0.000019 0.000012 0.000007 0.000004 0.000002 0.000000 
0.000000 0.000002 0.000004 0.000006 0.000011 0.000017 0.000028 0.000044 0.000068 0.000106 0.000162 0.000245 0.000368 0.000547 0.000804 0.001170 0.001684 0.002399 0.003383 0.004722 0.006520 0.008911 0.012052 0.016130 0.021362 0.027995 0.036306 0.046590 0.059161 0.074336 0.092423 0.113704 0.138414 0.166721 0.198701 0.234320 0.273409 0.315653 0.360575 0.407538 0.455748 0.504271 0.552056 0.597971 0.640848 0.679524 0.712900 0.739991 0.759970 0.772216 0.776342 0.772216 0.759970 0.739991 0.712900 0.679524 0.640848 0.597971 0.552056 0.504271 0.455748 0.407538 0.360575 0.315653 0.273409 0.234320 0.198701 0.166721 0.138414 0.113704 0.092423 0.074336 0.059161 0.046590 0.036306 0.027995 0.021362 0.016130 0.012052 0.008911 0.006520 0.004722 0.003383 0.002399 0.001684 0.001170 0.000804 0.000547 0.000368 0.000245 0.000162 0.000106 0.000068 0.000044 0.000027 0.000017 0.000010 0.000006 0.000003 0.000000 
0.000000 0.000002 0.000005 0.000009 0.000015 0.000024 0.000039 0.000061 0.000095 0.000148 0.000226 0.000343 0.000515 0.000764 0.001123 0.001633 0.002351 0.003349 0.004722 0.006587 0.009095 0.012427 0.016804 0.022485 0.029773 0.039011 0.050582 0.064900 0.082398 0.103517 0.128685 0.158293 0.192667 0.232039 0.276515 0.326046 0.380397 0.439127 0.501576 0.566856 0.633864 0.701301 0.767709 0.831516 0.891096 0.944837 0.991212 1.028853 1.056612 1.073626 1.079358 1.073626 1.056612 1.028853 0.991212 0.944837 0.891096 0.831516 0.767709 0.701301 0.633864 0.566856 0.501576 0.439127 0.380397 0.326046 0.276515 0.232039 0.192667 0.158293 0.128685 0.103517 0.082398 0.064900 0.050582 0.039011 0.029773 0.022485 0.016804 0.012427 0.009095 0.006587 0.004722 0.003349 0.002351 0.001633 0.001123 0.000764 0.000515 0.000343 0.000226 0.000148 0.000095 0.000061 0.000038 0.000024 0.000014 0.000008 0.000004 0.000000 
0.000000 0.000003 0.000007 0.000012 0.000021 0.000033 0.000053 0.000085 0.000132 0.000205 0.000313 0.000475 0.000712 0.001057 0.001552 0.002257 0.003248 0.004626 0.006520 0.009095 0.012555 0.017151 0.023187 0.031020 0.041066 0.053799 0.069745 0.089471 0.113576 0.142665 0.177326 0.218095 0.265421 0.319621 0.380840 0.449009 0.523804 0.604618 0.690539 0.780349 0.872530 0.965294 1.056637 1.144396 1.226338 1.300246 1.364023 1.415785 1.453959 1.477355 1.485238 1.477355 1.453959 1.415785 1.364023 1.300246 1.226338 1.144396 1.056637 0.965294 0.872530 0.780349 0.690539 0.604618 0.523804 0.449009 0.380840 0.319621 0.265421 0.218095 0.177326 0.142665 0.113576 0.089471 0.069745 0.053799 0.041066 0.031020 0.023187 0.017151 0.012555 0.009095 0.006520 0.004626 0.003248 0.002257 0.001552 0.001057 0.000712 0.000475 0.000313 0.000204 0.000132 0.000084 0.000053 0.000033 0.000020 0.000011 0.000005 0.000000 
0.000000 0.000004 0.000009 0.000017 0.000028 0.000046 0.000073 0.000116 0.000181 0.000280 0.000429 0.000650 0.000974 0.001446 0.002124 0.003087 0.004441 0.006324 0.008911 0.012427 0.017151 0.023426 0.031663 0.042351 0.056057 0.073426 0.095172 0.122071 0.154935 0.194588 0.241830 0.297390 0.361876 0.435720 0.519118 0.611974 0.713844 0.823901 0.940905 1.063193 1.188699 1.314992 1.439341 1.558806 1.670346 1.770947 1.857755 1.928207 1.980162 2.012006 2.022734 2.012006 1.980162 1.928207 1.857755 1.770947 1.670346 1.558806 1.439341 1.314992 1.188699 1.063193 0.940905 0.823901 0.713844 0.611974 0.519118 0.435720 0.361876 0.297390 0.241830 0.194588 0.154935 0.122071 0.095172 0.073426 0.056057 0.042351 0.031663 0.023426 0.017151 0.012427 0.008911 0.006324 0.004441 0.003087 0.002124 0.001446 0.000974 0.000650 0.000429 0.000280 0.000181 0.000116 0.000073 0.000045 0.000027 0.000015 0.000007 0.000000 
0.000000 0.000006 0.000013 0.000023 0.000038 0.000062 0.000099 0.000157 0.000246 0.000380 0.000581 0.000880 0.001319 0.001957 0.002874 0.004178 0.006009 0.008554 0.012052 0.016804 0.023187 0.031663 0.042788 0.057221 0.075727 0.099173 0.128525 0.164824 0.209167 0.262663 0.326388 0.401323 0.488287 0.587858 0.700300 0.825479 0.962797 1.111138 1.268827 1.433625 1.602748 1.772920 1.940464 2.101417 2.251686 2.387213 2.504153 2.599059 2.669046 2.711941 2.726392 2.711941 2.669046 2.599059 2.504153 2.387213 2.251686 2.101417 1.940464 1.772920 1.602748 1.433625 1.268827 1.111138 0.962797 0.825479 0.700300 0.587858 0.488287 0.401323 0.326388 0.262663 0.209167 0.164824 0.128525 0.099173 0.075727 0.057221 0.042788 0.031663 0.023187 0.016804 0.012052 0.008554 0.006009 0.004178 0.002874 0.001957 0.001319 0.000880 0.000581 0.000380 0.000245 0.000157 0.000099 0.000061 0.000037 0.000021 0.000009 0.000000 
0.000000 0.000008 0.000017 0.000031 0.000051 0.000083 0.000134 0.000211 0.000329 0.000509 0.000779 0.001180 0.001768 0.002623 0.003850 0.005595 0.008046 0.011451 0.016130 0.022485 0.031020 0.042351 0.057221 0.076509 0.101236 0.132559 0.171765 0.220245 0.279457 0.350883 0.435954 0.535977 0.652042 0.784919 0.934954 1.101968 1.285162 1.483042 1.693375 1.913175 2.138726 2.365662 2.589079 2.803698 3.004062 3.184761 3.340673 3.467204 3.560512 3.617699 3.636965 3.617699 3.560512 3.467204 3.340673 3.184761 3.004062 2.803698 2.589079 2.365662 2.138726 1.913175 1.693375 1.483042 1.285162 1.101968 0.934954 0.784919 0.652042 0.535977 0.435954 0.350883 0.279457 0.220245 0.171765 0.132559 0.101236 0.076509 0.057221 0.042351 0.031020 0.022485 0.016130 0.011451 0.008046 0.005595 0.003850 0.002623 0.001768 0.001180 0.000779 0.000509 0.000329 0.000211 0.000133 0.000083 0.000050 0.000028 0.000012 0.000000 
0.000000 0.000010 0.000023 0.000041 0.000068 0.000111 0.000177 0.000280 0.000437 0.000676 0.001034 0.001565 0.002345 0.003477 0.005104 0.007414 0.010660 0.015168 0.021362 0.029773 0.041066 0.056057 0.075727 0.101236 0.133932 0.175345 0.227171 0.291246 0.369496 0.463873 0.576265 0.708396 0.861699 1.037190 1.235322 1.455853 1.697725 1.958966 2.236625 2.526758 2.824464 3.123980 3.418835 3.702064 3.966469 4.204916 4.410648 4.577607 4.700725 4.776181 4.801602 4.776181 4.700725 4.577607 4.410648 4.204916 3.966469 3.702064 3.418835 3.123980 2.824464 2.526758 2.236625 1.958966 1.697725 1.455853 1.235322 1.037190 0.861699 0.708396 0.576265 0.463873 0.369496 0.291246 0.227171 0.175345 0.133932 0.101236 0.075727 0.056057 0.041066 0.029773 0.021362 0.015168 0.010660 0.007414 0.005104 0.003477 0.002345 0.001565 0.001034 0.000676 0.000437 0.000280 0.000177 0.000110 0.000066 0.000037 0.000017 0.000000 
0.000000 0.000013 0.000030 0.000054 0.000090 0.000146 0.000233 0.000368 0.000574 0.000887 0.001357 0.002054 0.003076 0.004561 0.006694 0.009722 0.013976 0.019883 0.027995 0.039011 0.053799 0.073426 0.099173 0.132559 0.175345 0.229527 0.297325 0.381134 0.483471 0.606882 0.753833 0.926571 1.126967 1.356341 1.615281 1.903467 2.219515 2.560842 2.923593 3.302614 3.691502 4.082731 4.467851 4.837769 5.183088 5.494493 5.763166 5.981198 6.141975 6.240511 6.273706 6.240511 6.141975 5.981198 5.763166 5.494493 5.183088 4.837769 4.467851 4.082731 3.691502 3.302614 2.923593 2.560842 2.219515 1.903467 1.615281 1.356341 1.126967 0.926571 0.753833 0.606882 0.483471 0.381134 0.297325 0.229527 0.175345 0.132559 0.099173 0.073426 0.053799 0.039011 0.027995 0.019883 0.013976 0.009722 0.006694 0.004561 0.003076 0.002054 0.001357 0.000887 0.000574 0.000367 0.000232 0.000144 0.000087 0.000049 0.000022 0.000000 
0.000000 0.000017 0.000039 0.000070 0.000117 0.000190 0.000303 0.000478 0.000746 0.001153 0.001762 0.002667 0.003994 0.005921 0.008687 0.012615 0.018131 0.025790 0.036306 0.050582 0.069745 0.095172 0.128525 0.171765 0.227171 0.297325 0.385095 0.493579 0.626028 0.785732 0.975876 1.199361 1.458601 1.755298 2.090207 2.462909 2.871608 3.312962 3.781983 4.272007 4.774758 5.280504 5.778329 6.256481 6.702818 7.105306 7.452554 7.734344 7.942133 8.069480 8.112382 8.069480 7.942133 7.734344 7.452554 7.105306 6.702818 6.256481 5.778329 5.280504 4.774758 4.272007 3.781983 3.312962 2.871608 2.462909 2.090207 1.755298 1.458601 1.199361 0.975876 0.785732 0.626028 0.493579 0.385095 0.297325 0.227171 0.171765 0.128525 0.095172 0.069745 0.050582 0.036306 0.025790 0.018131 0.012615 0.008687 0.005921 0.003994 0.002667 0.001762 0.001153 0.000746 0.000477 0.000302 0.000187 0.000113 0.000063 0.000028 0.000000 
0.000000 0.000022 0.000050 0.000090 0.000150 0.000244 0.000390 0.000615 0.000960 0.001482 0.002265 0.003427 0.005132 0.007606 0.011157 0.016198 0.023275 0.033101 0.046590 0.064900 0.089471 0.122071 0.164824 0.220245 0.291246 0.381134 0.493579 0.632543 0.802184 1.006709 1.250188 1.536330 1.868217 2.248019 2.676697 3.153709 3.676747 4.241535 4.841684 5.468668 6.111895 6.758921 7.395780 8.007446 8.578391 9.093229 9.537395 9.897825 10.163598 10.326479 10.381352 10.326479 10.163598 9.897825 9.537395 9.093229 8.578391 8.007446 7.395780 6.758921 6.111895 5.468668 4.841684 4.241535 3.676747 3.153709 2.676697 2.248019 1.868217 1.536330 1.250188 1.006709 0.802184 0.632543 0.493579 0.381134 0.291246 0.220245 0.164824 0.122071 0.089471 0.064900 0.046590 0.033101 0.023275 0.016198 0.011157 0.007605 0.005132 0.003427 0.002265 0.001482 0.000959 0.000614 0.000388 0.000241 0.000145 0.000082 0.000037 0.000000 
0.000000 0.000028 0.000064 0.000114 0.000191 0.000310 0.000496 0.000782 0.001221 0.001885 0.002881 0.004357 0.006523 0.009666 0.014177 0.020579 0.029565 0.042039 0.059161 0.082398 0.113576 0.154935 0.209167 0.279457 0.369496 0.483471 0.626028 0.802184 1.017201 1.276403 1.584940 1.947501 2.367983 2.849125 3.392135 3.996320 4.658751 5.374004 6.133988 6.927903 7.742340 8.561544 9.367837 10.142201 10.864988 11.516725 12.078983 12.535233 12.871655 13.077833 13.147291 13.077833 12.871655 12.535233 12.078983 11.516725 10.864988 10.142201 9.367837 8.561544 7.742340 6.927903 6.133988 5.374004 4.658751 3.996320 3.392135 2.849125 2.367983 1.947501 1.584940 1.276403 1.017201 0.802184 0.626028 0.483471 0.369496 0.279457 0.209167 0.154935 0.113576 0.082398 0.059161 0.042039 0.029565 0.020579 0.014177 0.009666 0.006523 0.004357 0.002881 0.001885 0.001220 0.000781 0.000494 0.000307 0.000185 0.000104 0.000047 0.000000 
0.000000 0.000036 0.000080 0.000144 0.000241 0.000391 0.000625 0.000985 0.001537 0.002373 0.003625 0.005482 0.008205 0.012156 0.017825 0.025870 0.037161 0.052831 0.074336 0.103517 0.142665 0.194588 0.262663 0.350883 0.463873 0.606882 0.785732 1.006709 1.276403 1.601483 1.988396 2.443010 2.970201 3.573394 4.254090 5.011411 5.841679 6.738090 7.690500 8.685372 9.705904 10.732357 11.742589 12.712777 13.618311 14.434809 15.139188 15.710753 16.132197 16.390479 16.477490 16.390479 16.132197 15.710753 15.139188 14.434809 13.618311 12.712777 11.742589 10.732357 9.705904 8.685372 7.690500 6.738090 5.841679 5.011411 4.254090 3.573394 2.970201 2.443010 1.988396 1.601483 1.276403 1.006709 0.785732 0.606882 0.463873 0.350883 0.262663 0.194588 0.142665 0.103517 0.074336 0.052831 0.037161 0.025870 0.017825 0.012156 0.008205 0.005482 0.003625 0.002372 0.001536 0.000984 0.000622 0.000387 0.000233 0.000131 0.000059 0.000000 
0.000000 0.000045 0.000100 0.000180 0.000300 0.000487 0.000778 0.001227 0.001914 0.002954 0.004513 0.006824 0.010212 0.015126 0.022177 0.032180 0.046218 0.065696 0.092423 0.128685 0.177326 0.241830 0.326388 0.435954 0.576265 0.753833 0.975876 1.250188 1.584940 1.988396 2.468544 3.032655 3.686763 4.435105 5.279533 6.218945 7.248770 8.360560 9.541731 10.775493 12.041010 13.313808 14.566437 15.769369 16.892100 17.904408 18.777690 19.486296 20.008781 20.328982 20.436852 20.328982 20.008781 19.486296 18.777690 17.904408 16.892100 15.769369 14.566437 13.313808 12.041010 10.775493 9.541731 8.360560 7.248770 6.218945 5.279533 4.435105 3.686763 3.032655 2.468544 1.988396 1.584940 1.250188 0.975876 0.753833 0.576265 0.435954 0.326388 0.241830 0.177326 0.128685 0.092423 0.065696 0.046218 0.032180 0.022177 0.015126 0.010212 0.006823 0.004513 0.002954 0.001913 0.001225 0.000775 0.000482 0.000291 0.000163 0.000073 0.000000 
0.000000 0.000055 0.000124 0.000221 0.000370 0.000601 0.000959 0.001513 0.002359 0.003640 0.005559 0.008404 0.012575 0.018624 0.027300 0.039608 0.056876 0.080835 0.113704 0.158293 0.218095 0.297390 0.401323 0.535977 0.708396 0.926571 1.199361 1.536330 1.947501 2.443010 3.032655 3.725346 4.528479 5.447241 6.483889 7.637060 8.901130 10.265724 11.715388 13.229514 14.782534 16.344419 17.881491 19.357527 20.735110 21.977171 23.048628 23.918023 24.559055 24.951904 25.084247 24.951904 24.559055 23.918023 23.048628 21.977171 20.735110 19.357527 17.881491 16.344419 14.782534 13.229514 11.715388 10.265724 8.901130 7.637060 6.483889 5.447241 4.528479 3.725346 3.032655 2.443010 1.947501 1.536330 1.199361 0.926571 0.708396 0.535977 0.401323 0.297390 0.218095 0.158293 0.113704 0.080835 0.056876 0.039608 0.027300 0.018624 0.012575 0.008404 0.005559 0.003639 0.002358 0.001510 0.000955 0.000594 0.000358 0.000201 0.000090 0.000000 
0.000000 0.000067 0.000151 0.000270 0.000452 0.000733 0.001170 0.001845 0.002876 0.004437 0.006776 0.010241 0.015322 0.022688 0.033252 0.048236 0.069256 0.098415 0.138414 0.192667 0.265421 0.361876 0.488287 0.652042 0.861699 1.126967 1.458601 1.868217 2.367983 2.970201 3.686763 4.528479 5.504318 6.620563 7.879943 9.280783 10.816242 12.473706 14.234400 16.073291 17.959329 19.856051 21.722568 23.514904 25.187639 26.695778 27.996738 29.052335 29.830651 30.307628 30.468312 30.307628 29.830651 29.052335 27.996738 26.695778 25.187639 23.514904 21.722568 19.856051 17.959329 16.073291 14.234400 12.473706 10.816242 9.280783 7.879943 6.620563 5.504318 4.528479 3.686763 2.970201 2.367983 1.868217 1.458601 1.126967 0.861699 0.652042 0.488287 0.361876 0.265421 0.192667 0.138414 0.098415 0.069256 0.048236 0.033252 0.022688 0.015321 0.010241 0.006775 0.004436 0.002874 0.001842 0.001165 0.000725 0.000437 0.000246 0.000110 0.000000 
0.000000 0.000081 0.000182 0.000326 0.000545 0.000885 0.001412 0.002226 0.003469 0.005352 0.008171 0.012348 0.018471 0.027346 0.040074 0.058124 0.083442 0.118557 0.166721 0.232039 0.319621 0.435720 0.587858 0.784919 1.037190 1.356341 1.755298 2.248019 2.849125 3.573394 4.435105 5.447241 6.620563 7.962608 9.476636 11.160619 13.006317 14.998557 17.114766 19.324853 21.591501 23.870897 26.113911 28.267711 30.277732 32.089924 33.653135 34.921503 35.856688 36.429794 36.622861 36.429794 35.856688 34.921503 33.653135 32.089924 30.277732 28.267711 26.113911 23.870897 21.591501 19.324853 17.114766 14.998557 13.006317 11.160619 9.476636 7.962608 6.620563 5.447241 4.435105 3.573394 2.849125 2.248019 1.755298 1.356341 1.037190 0.784919 0.587858 0.435720 0.319621 0.232039 0.166721 0.118557 0.083442 0.058124 0.040074 0.027346 0.018470 0.012348 0.008170 0.005351 0.003467 0.002222 0.001406 0.000875 0.000528 0.000297 0.000133 0.000000 
0.000000 0.000097 0.000218 0.000390 0.000651 0.001057 0.001686 0.002657 0.004141 0.006386 0.009749 0.014731 0.022031 0.032614 0.047786 0.069300 0.099472 0.141317 0.198701 0.276515 0.380840 0.519118 0.700300 0.934954 1.235322 1.615281 2.090207 2.676697 3.392135 4.254090 5.279533 6.483889 7.879943 9.476636 11.277829 13.281088 15.476596 17.846293 20.363319 22.991883 25.687604 28.398380 31.065798 33.627042 36.017243 38.172148 40.030949 41.539132 42.651122 43.332575 43.562140 43.332575 42.651122 41.539132 40.030949 38.172148 36.017243 33.627042 31.065798 28.398380 25.687604 22.991883 20.363319 17.846293 15.476596 13.281088 11.277829 9.476636 7.879943 6.483889 5.279533 4.254090 3.392135 2.676697 2.090207 1.615281 1.235322 0.934954 0.700300 0.519118 0.380840 0.276515 0.198701 0.141317 0.099472 0.069300 0.047786 0.032613 0.022031 0.014730 0.009748 0.006385 0.004138 0.002653 0.001679 0.001044 0.000630 0.000355 0.000159 0.000000 
0.000000 0.000115 0.000257 0.000460 0.000769 0.001248 0.001991 0.003137 0.004889 0.007540 0.011509 0.017387 0.026000 0.038484 0.056379 0.081753 0.117332 0.166668 0.234320 0.326046 0.449009 0.611974 0.825479 1.101968 1.455853 1.903467 2.462909 3.153709 3.996320 5.011411 6.218945 7.637060 9.280783 11.160619 13.281088 15.639303 18.223694 21.012985 23.975553 27.069268 30.241897 33.432131 36.571234 39.585301 42.398015 44.933782 47.121074 48.895760 50.204229 51.006083 51.276208 51.006083 50.204229 48.895760 47.121074 44.933782 42.398015 39.585301 36.571234 33.432131 30.241897 27.069268 23.975553 21.012985 18.223694 15.639303 13.281088 11.160619 9.280783 7.637060 6.218945 5.011411 3.996320 3.153709 2.462909 1.903467 1.455853 1.101968 0.825479 0.611974 0.449009 0.326046 0.234320 0.166668 0.117332 0.081753 0.056379 0.038483 0.026000 0.017386 0.011508 0.007538 0.004887 0.003133 0.001983 0.001234 0.000745 0.000419 0.000188 0.000000 
0.000000 0.000134 0.000301 0.000538 0.000899 0.001459 0.002327 0.003666 0.005712 0.008807 0.013441 0.020304 0.030359 0.044929 0.065815 0.095423 0.136935 0.194493 0.273409 0.380397 0.523804 0.713844 0.962797 1.285162 1.697725 2.219515 2.871608 3.676747 4.658751 5.841679 7.248770 8.901130 10.816242 13.006317 15.476596 18.223694 21.234112 24.483052 27.933672 31.536899 35.231898 38.947274 42.602992 46.113001 49.388447 52.341326 54.888364 56.954906 58.478545 59.412252 59.726794 59.412252 58.478545 56.954906 54.888364 52.341326 49.388447 46.113001 42.602992 38.947274 35.231898 31.536899 27.933672 24.483052 21.234112 18.223694 15.476596 13.006317 10.816242 8.901130 7.248770 5.841679 4.658751 3.676747 2.871608 2.219515 1.697725 1.285162 0.962797 0.713844 0.523804 0.380397 0.273409 0.194493 0.136935 0.095423 0.065814 0.044929 0.030358 0.020304 0.013440 0.008806 0.005709 0.003660 0.002317 0.001442 0.000871 0.000490 0.000220 0.000000 
0.000000 0.000155 0.000348 0.000623 0.001040 0.001687 0.002690 0.004238 0.006602 0.010179 0.015532 0.023460 0.035072 0.051899 0.076016 0.110201 0.158125 0.224566 0.315653 0.439127 0.604618 0.823901 1.111138 1.483042 1.958966 2.560842 3.312962 4.241535 5.374004 6.738090 8.360560 10.265724 12.473706 14.998557 17.846293 21.012985 24.483052 28.227896 32.205040 36.357919 40.616424 44.898276 49.111255 53.156211 56.930774 60.333550 63.268606 65.649938 67.405650 68.481568 68.844016 68.481568 67.405650 65.649938 63.268606 60.333550 56.930774 53.156211 49.111255 44.898276 40.616424 36.357919 32.205040 28.227896 24.483052 21.012985 17.846293 14.998557 12.473706 10.265724 8.360560 6.738090 5.374004 4.241535 3.312962 2.560842 1.958966 1.483042 1.111138 0.823901 0.604618 0.439127 0.315653 0.224566 0.158125 0.110201 0.076016 0.051899 0.035072 0.023459 0.015531 0.010177 0.006598 0.004231 0.002679 0.001667 0.001007 0.000566 0.000254 0.000000 
0.000000 0.000178 0.000398 0.000712 0.001190 0.001930 0.003077 0.004847 0.007550 0.011638 0.017757 0.026817 0.040088 0.059315 0.086868 0.125921 0.180663 0.256550 0.360575 0.501576 0.690539 0.940905 1.268827 1.693375 2.236625 2.923593 3.781983 4.841684 6.133988 7.690500 9.541731 11.715388 14.234400 17.114766 20.363319 23.975553 27.933672 32.205040 36.741198 41.477624 46.334363 51.217586 56.022137 60.634964 64.939347 68.819691 72.166624 74.882094 76.884144 78.111014 78.524312 78.111014 76.884144 74.882094 72.166624 68.819691 64.939347 60.634964 56.022137 51.217586 46.334363 41.477624 36.741198 32.205040 27.933672 23.975553 20.363319 17.114766 14.234400 11.715388 9.541731 7.690500 6.133988 4.841684 3.781983 2.923593 2.236625 1.693375 1.268827 0.940905 0.690539 0.501576 0.360575 0.256550 0.180663 0.125921 0.086868 0.059315 0.040088 0.026817 0.017756 0.011636 0.007546 0.004839 0.003064 0.001907 0.001152 0.000648 0.000291 0.000000 
0.000000 0.000201 0.000451 0.000806 0.001347 0.002184 0.003482 0.005484 0.008541 0.013166 0.020086 0.030330 0.045335 0.067071 0.098218 0.142359 0.204229 0.289989 0.407538 0.566856 0.780349 1.063193 1.433625 1.913175 2.526758 3.302614 4.272007 5.468668 6.927903 8.685372 10.775493 13.229514 16.073291 19.324853 22.991883 27.069268 31.536899 36.357919 41.477624 46.823190 52.304378 57.815308 63.237321 68.442859 73.300229 77.679013 81.455815 84.520021 86.779166 88.163577 88.629945 88.163577 86.779166 84.520021 81.455815 77.679013 73.300229 68.442859 63.237321 57.815308 52.304378 46.823190 41.477624 36.357919 31.536899 27.069268 22.991883 19.324853 16.073291 13.229514 10.775493 8.685372 6.927903 5.468668 4.272007 3.302614 2.526758 1.913175 1.433625 1.063193 0.780349 0.566856 0.407538 0.289989 0.204229 0.142359 0.098217 0.067071 0.045334 0.030330 0.020084 0.013163 0.008537 0.005475 0.003468 0.002158 0.001304 0.000734 0.000329 0.000000 
0.000000 0.000225 0.000505 0.000903 0.001508 0.002445 0.003898 0.006139 0.009560 0.014735 0.022477 0.033939 0.050723 0.075037 0.109873 0.159239 0.228426 0.324319 0.455748 0.633864 0.872530 1.188699 1.602748 2.138726 2.824464 3.691502 4.774758 6.111895 7.742340 9.705904 12.041010 14.782534 17.959329 21.591501 25.687604 30.241897 35.231898 40.616424 46.334363 52.304378 58.425693 64.580072 70.635018 76.448105 81.872297 86.761981 90.979395 94.401045 96.923705 98.469591 98.990355 98.469591 96.923705 94.401045 90.979395 86.761981 81.872297 76.448105 70.635018 64.580072 58.425693 52.304378 46.334363 40.616424 35.231898 30.241897 25.687604 21.591501 17.959329 14.782534 12.041010 9.705904 7.742340 6.111895 4.774758 3.691502 2.824464 2.138726 1.602748 1.188699 0.872530 0.633864 0.455748 0.324319 0.228426 0.159239 0.109872 0.075036 0.050723 0.033938 0.022476 0.014732 0.009555 0.006129 0.003882 0.002417 0.001460 0.000821 0.000368 0.000000 
0.000000 0.000250 0.000559 0.001000 0.001671 0.002708 0.004318 0.006798 0.010587 0.016315 0.024886 0.037573 0.056150 0.083057 0.121607 0.176232 0.252782 0.358874 0.504271 0.701301 0.965294 1.314992 1.772920 2.365662 3.123980 4.082731 5.280504 6.758921 8.561544 10.732357 13.313808 16.344419 19.856051 23.870897 28.398380 33.432131 38.947274 44.898276 51.217586 57.815308 64.580072 71.381226 78.072362 84.496113 90.490022 95.893210 100.553477 104.334386 107.121895 108.830074 109.405508 108.830074 107.121895 104.334386 100.553477 95.893210 90.490022 84.496113 78.072362 71.381226 64.580072 57.815308 51.217586 44.898276 38.947274 33.432131 28.398380 23.870897 19.856051 16.344419 13.313808 10.732357 8.561544 6.758921 5.280504 4.082731 3.123980 2.365662 1.772920 1.314992 0.965294 0.701301 0.504271 0.358874 0.252782 0.176231 0.121607 0.083057 0.056149 0.037572 0.024884 0.016312 0.010581 0.006788 0.004300 0.002677 0.001617 0.000910 0.000408 0.000000 
0.000000 0.000274 0.000613 0.001096 0.001831 0.002968 0.004731 0.007449 0.011599 0.017873 0.027260 0.041153 0.061496 0.090959 0.133166 0.192970 0.276772 0.392907 0.552056 0.767709 1.056637 1.439341 1.940464 2.589079 3.418835 4.467851 5.778329 7.395780 9.367837 11.742589 14.566437 17.881491 21.722568 26.113911 31.065798 36.571234 42.602992 49.111255 56.022137 63.237321 70.635018 78.072362 85.389267 92.413667 98.967942 104.876200 109.972040 114.106300 117.154303 119.022104 119.651308 119.022104 117.154303 114.106300 109.972040 104.876200 98.967942 92.413667 85.389267 78.072362 70.635018 63.237321 56.022137 49.111255 42.602992 36.571234 31.065798 26.113911 21.722568 17.881491 14.566437 11.742589 9.367837 7.395780 5.778329 4.467851 3.418835 2.589079 1.940464 1.439341 1.056637 0.767709 0.552055 0.392907 0.276772 0.192969 0.133166 0.090958 0.061495 0.041152 0.027258 0.017869 0.011592 0.007437 0.004711 0.002933 0.001772 0.000997 0.000447 0.000000 
