0.000000 0.000000 0.000000 0.000000 0.000000 0.000000 0.000000 0.000000 0.000000 0.000000 0.000000 0.000000 0.000000 0.000000 0.000000 0.000000 0.000000 0.000000 0.000000 0.000000 0.000000 0.000000 0.000000 0.000000 0.000000 0.000000 0.000000 0.000000 0.000000 0.000000 0.000000 0.000000 0.000000 0.000000 0.000000 0.000000 0.000000 0.000000 0.000000 0.000000 0.000000 0.000000 0.000000 0.000000 0.000000 0.000000 0.000000 0.000000 0.000000 0.000000 0.000000 0.000000 0.000000 0.000000 0.000000 0.000000 0.000000 0.000000 0.000000 0.000000 0.000000 0.000000 0.000000 0.000000 0.000000 0.000000 0.000000 0.000000 0.000000 0.000000 0.000000 0.000000 0.000000 0.000000 0.000000 0.000000 0.000000 0.000000 0.000000 0.000000 0.000000 0.000000 0.000000 0.000000 0.000000 0.000000 0.000000 0.000000 0.000000 0.000000 0.000000 0.000000 0.000000 0.000000 0.000000 0.000000 0.000000 0.000000 0.000000 0.000000 
0.000000 0.000000 0.000000 0.000000 0.000000 0.000000 0.000000 0.000000 0.000000 0.000000 0.000000 0.000000 0.000000 0.000000 0.000000 0.000000 0.000000 0.000000 0.000000 0.000000 0.000000 0.000000 0.000000 0.000000 0.000000 0.000000 0.000000 0.000000 0.000000 0.000001 0.000001 0.000001 0.000002 0.000002 0.000003 0.000003 0.000004 0.000005 0.000006 0.000007 0.000008 0.000009 0.000010 0.000011 0.000012 0.000013 0.000014 0.000014 0.000015 0.000015 0.000015 0.000015 0.000015 0.000014 0.000014 0.000013 0.000012 0.000011 0.000010 0.000009 0.000008 0.000007 0.000006 0.000005 0.000004 0.000003 0.000003 0.000002 0.000002 0.000001 0.000001 0.000001 0.000000 0.000000 0.000000 0.000000 0.000000 0.000000 0.000000 0.000000 0.000000 0.000000 0.000000 0.000000 0.000000 0.000000 0.000000 0.000000 0.000000 0.000000 0.000000 0.000000 0.000000 0.000000 0.000000 0.000000 0.000000 0.000000 0.000000 0.000000 
0.000000 0.000000 0.000000 0.000000 0.000000 0.000000 0.000000 0.000000 0.000000 0.000000 0.000000 0.000000 0.000000 0.000000 0.000000 0.000000 0.000000 0.000000 0.000000 0.000000 0.000000 0.000000 0.000000 0.000000 0.000000 0.000000 0.000001 0.000001 0.000001 0.000002 0.000002 0.000003 0.000004 0.000005 0.000006 0.000008 0.000009 0.000011 0.000013 0.000016 0.000018 0.000021 0.000024 0.000026 0.000029 0.000031 0.000033 0.000035 0.000036 0.000037 0.000037 0.000037 0.000036 0.000035 0.000033 0.000031 0.000029 0.000026 0.000024 0.000021 0.000018 0.000016 0.000013 0.000011 0.000009 0.000008 0.000006 0.000005 0.000004 0.000003 0.000002 0.000002 0.000001 0.000001 0.000001 0.000000 0.000000 0.000000 0.000000 0.000000 0.000000 0.000000 0.000000 0.000000 0.000000 0.000000 0.000000 0.000000 0.000000 0.000000 0.000000 0.000000 0.000000 0.000000 0.000000 0.000000 0.000000 0.000000 0.000000 0.000000 
0.000000 0.000000 0.000000 0.000000 0.000000 0.000000 0.000000 0.000000 0.000000 0.000000 0.000000 0.000000 0.000000 0.000000 0.000000 0.000000 0.000000 0.000000 0.000000 0.000000 0.000000 0.000000 0.000000 0.000000 0.000001 0.000001 0.000001 0.000002 0.000002 0.000003 0.000004 0.000006 0.000007 0.000010 0.000012 0.000015 0.000018 0.000022 0.000027 0.000031 0.000036 0.000042 0.000047 0.000052 0.000057 0.000062 0.000066 0.000069 0.000072 0.000073 0.000074 0.000073 0.000072 0.000069 0.000066 0.000062 0.000057 0.000052 0.000047 0.000042 0.000036 0.000031 0.000027 0.000022 0.000018 0.000015 0.000012 0.000010 0.000007 0.000006 0.000004 0.000003 0.000002 0.000002 0.000001 0.000001 0.000001 0.000000 0.000000 0.000000 0.000000 0.000000 0.000000 0.000000 0.000000 0.000000 0.000000 0.000000 0.000000 0.000000 0.000000 0.000000 0.000000 0.000000 0.000000 0.000000 0.000000 0.000000 0.000000 0.000000 
0.000000 0.000000 0.000000 0.000000 0.000000 0.000000 0.000000 0.000000 0.000000 0.000000 0.000000 0.000000 0.000000 0.000000 0.000000 0.000000 0.000000 0.000000 0.000000 0.000000 0.000000 0.000000 0.000001 0.000001 0.000001 0.000002 0.000002 0.000003 0.000005 0.000006 0.000008 0.000011 0.000014 0.000018 0.000023 0.000028 0.000035 0.000042 0.000050 0.000059 0.000069 0.000078 0.000088 0.000098 0.000108 0.000117 0.000124 0.000131 0.000135 0.000138 0.000139 0.000138 0.000135 0.000131 0.000124 0.000117 0.000108 0.000098 0.000088 0.000078 0.000069 0.000059 0.000050 0.000042 0.000035 0.000028 0.000023 0.000018 0.000014 0.000011 0.000008 0.000006 0.000005 0.000003 0.000002 0.000002 0.000001 0.000001 0.000001 0.000000 0.000000 0.000000 0.000000 0.000000 0.000000 0.000000 0.000000 0.000000 0.000000 0.000000 0.000000 0.000000 0.000000 0.000000 0.000000 0.000000 0.000000 0.000000 0.000000 0.000000 
0.000000 0.000000 0.000000 0.000000 0.000000 0.000000 0.000000 0.000000 0.000000 0.000000 0.000000 0.000000 0.000000 0.000000 0.000000 0.000000 0.000000 0.000000 0.000000 0.000000 0.000000 0.000001 0.000001 0.000002 0.000002 0.000003 0.000004 0.000006 0.000008 0.000011 0.000015 0.000020 0.000026 0.000033 0.000042 0.000052 0.000064 0.000078 0.000093 0.000109 0.000126 0.000144 0.000163 0.000181 0.000199 0.000215 0.000229 0.000240 0.000249 0.000254 0.000256 0.000254 0.000249 0.000240 0.000229 0.000215 0.000199 0.000181 0.000163 0.000144 0.000126 0.000109 0.000093 0.000078 0.000064 0.000052 0.000042 0.000033 0.000026 0.000020 0.000015 0.000011 0.000008 0.000006 0.000004 0.000003 0.000002 0.000002 0.000001 0.000001 0.000000 0.000000 0.000000 0.000000 0.000000 0.000000 0.000000 0.000000 0.000000 0.000000 0.000000 0.000000 0.000000 0.000000 0.000000 0.000000 0.000000 0.000000 0.000000 0.000000 
0.000000 0.000000 0.000000 0.000000 0.000000 0.000000 0.000000 0.000000 0.000000 0.000000 0.000000 0.000000 0.000000 0.000000 0.000000 0.000000 0.000000 0.000000 0.000000 0.000001 0.000001 0.000001 0.000002 0.000003 0.000004 0.000006 0.000008 0.000011 0.000015 0.000021 0.000028 0.000036 0.000047 0.000060 0.000076 0.000095 0.000116 0.000141 0.000168 0.000198 0.000229 0.000262 0.000295 0.000328 0.000360 0.000389 0.000415 0.000436 0.000451 0.000461 0.000464 0.000461 0.000451 0.000436 0.000415 0.000389 0.000360 0.000328 0.000295 0.000262 0.000229 0.000198 0.000168 0.000141 0.000116 0.000095 0.000076 0.000060 0.000047 0.000036 0.000028 0.000021 0.000015 0.000011 0.000008 0.000006 0.000004 0.000003 0.000002 0.000001 0.000001 0.000001 0.000000 0.000000 0.000000 0.000000 0.000000 0.000000 0.000000 0.000000 0.000000 0.000000 0.000000 0.000000 0.000000 0.000000 0.000000 0.000000 0.000000 0.000000 
0.000000 0.000000 0.000000 0.000000 0.000000 0.000000 0.000000 0.000000 0.000000 0.000000 0.000000 0.000000 0.000000 0.000000 0.000000 0.000000 0.000000 0.000000 0.000001 0.000001 0.000002 0.000002 0.000003 0.000005 0.000007 0.000010 0.000014 0.000020 0.000028 0.000037 0.000050 0.000065 0.000085 0.000108 0.000137 0.000170 0.000209 0.000252 0.000301 0.000354 0.000410 0.000469 0.000528 0.000587 0.000644 0.000696 0.000741 0.000779 0.000807 0.000824 0.000830 0.000824 0.000807 0.000779 0.000741 0.000696 0.000644 0.000587 0.000528 0.000469 0.000410 0.000354 0.000301 0.000252 0.000209 0.000170 0.000137 0.000108 0.000085 0.000065 0.000050 0.000037 0.000028 0.000020 0.000014 0.000010 0.000007 0.000005 0.000003 0.000002 0.000002 0.000001 0.000001 0.000000 0.000000 0.000000 0.000000 0.000000 0.000000 0.000000 0.000000 0.000000 0.000000 0.000000 0.000000 0.000000 0.000000 0.000000 0.000000 0.000000 
0.000000 0.000000 0.000000 0.000000 0.000000 0.000000 0.000000 0.000000 0.000000 0.000000 0.000000 0.000000 0.000000 0.000000 0.000000 0.000000 0.000000 0.000001 0.000001 0.000002 0.000003 0.000004 0.000006 0.000009 0.000013 0.000018 0.000026 0.000036 0.000049 0.000066 0.000088 0.000116 0.000150 0.000192 0.000242 0.000301 0.000369 0.000446 0.000531 0.000625 0.000724 0.000828 0.000933 0.001037 0.001136 0.001228 0.001308 0.001374 0.001423 0.001454 0.001464 0.001454 0.001423 0.001374 0.001308 0.001228 0.001136 0.001037 0.000933 0.000828 0.000724 0.000625 0.000531 0.000446 0.000369 0.000301 0.000242 0.000192 0.000150 0.000116 0.000088 0.000066 0.000049 0.000036 0.000026 0.000018 0.000013 0.000009 0.000006 0.000004 0.000003 0.000002 0.000001 0.000001 0.000000 0.000000 0.000000 0.000000 0.000000 0.000000 0.000000 0.000000 0.000000 0.000000 0.000000 0.000000 0.000000 0.000000 0.000000 0.000000 
0.000000 0.000000 0.000000 0.000000 0.000000 0.000000 0.000000 0.000000 0.000000 0.000000 0.000000 0.000000 0.000000 0.000000 0.000000 0.000000 0.000001 0.000001 0.000002 0.000003 0.000005 0.000007 0.000011 0.000015 0.000022 0.000032 0.000045 0.000063 0.000086 0.000116 0.000154 0.000203 0.000262 0.000335 0.000423 0.000525 0.000644 0.000778 0.000927 0.001089 0.001263 0.001443 0.001626 0.001807 0.001980 0.002139 0.002278 0.002393 0.002479 0.002532 0.002550 0.002532 0.002479 0.002393 0.002278 0.002139 0.001980 0.001807 0.001626 0.001443 0.001263 0.001089 0.000927 0.000778 0.000644 0.000525 0.000423 0.000335 0.000262 0.000203 0.000154 0.000116 0.000086 0.000063 0.000045 0.000032 0.000022 0.000015 0.000011 0.000007 0.000005 0.000003 0.000002 0.000001 0.000001 0.000000 0.000000 0.000000 0.000000 0.000000 0.000000 0.000000 0.000000 0.000000 0.000000 0.000000 0.000000 0.000000 0.000000 0.000000 
0.000000 0.000000 0.000000 0.000000 0.000000 0.000000 0.000000 0.000000 0.000000 0.000000 0.000000 0.000000 0.000000 0.000000 0.000001 0.000001 0.000001 0.000002 0.000003 0.000005 0.000008 0.000012 0.000018 0.000027 0.000039 0.000055 0.000078 0.000108 0.000148 0.000200 0.000266 0.000349 0.000453 0.000578 0.000728 0.000905 0.001109 0.001340 0.001596 0.001876 0.002173 0.002483 0.002798 0.003108 0.003405 0.003678 0.003918 0.004116 0.004263 0.004353 0.004384 0.004353 0.004263 0.004116 0.003918 0.003678 0.003405 0.003108 0.002798 0.002483 0.002173 0.001876 0.001596 0.001340 0.001109 0.000905 0.000728 0.000578 0.000453 0.000349 0.000266 0.000200 0.000148 0.000108 0.000078 0.000055 0.000039 0.000027 0.000018 0.000012 0.000008 0.000005 0.000003 0.000002 0.000001 0.000001 0.000001 0.000000 0.000000 0.000000 0.000000 0.000000 0.000000 0.000000 0.000000 0.000000 0.000000 0.000000 0.000000 0.000000 
0.000000 0.000000 0.000000 0.000000 0.000000 0.000000 0.000000 0.000000 0.000000 0.000000 0.000000 0.000000 0.000000 0.000001 0.000001 0.000001 0.000002 0.000004 0.000006 0.000009 0.000014 0.000021 0.000031 0.000046 0.000066 0.000095 0.000133 0.000184 0.000252 0.000341 0.000453 0.000595 0.000771 0.000984 0.001240 0.001539 0.001886 0.002278 0.002713 0.003187 0.003692 0.004218 0.004751 0.005278 0.005781 0.006245 0.006652 0.006986 0.007236 0.007389 0.007441 0.007389 0.007236 0.006986 0.006652 0.006245 0.005781 0.005278 0.004751 0.004218 0.003692 0.003187 0.002713 0.002278 0.001886 0.001539 0.001240 0.000984 0.000771 0.000595 0.000453 0.000341 0.000252 0.000184 0.000133 0.000095 0.000066 0.000046 0.000031 0.000021 0.000014 0.000009 0.000006 0.000004 0.000002 0.000001 0.000001 0.000001 0.000000 0.000000 0.000000 0.000000 0.000000 0.000000 0.000000 0.000000 0.000000 0.000000 0.000000 0.000000 
0.000000 0.000000 0.000000 0.000000 0.000000 0.000000 0.000000 0.000000 0.000000 0.000000 0.000000 0.000000 0.000001 0.000001 0.000002 0.000003 0.000004 0.000006 0.000010 0.000016 0.000024 0.000036 0.000053 0.000077 0.000112 0.000159 0.000224 0.000311 0.000425 0.000573 0.000763 0.001001 0.001295 0.001654 0.002082 0.002585 0.003165 0.003823 0.004552 0.005346 0.006192 0.007072 0.007966 0.008847 0.009690 0.010466 0.011147 0.011707 0.012124 0.012381 0.012468 0.012381 0.012124 0.011707 0.011147 0.010466 0.009690 0.008847 0.007966 0.007072 0.006192 0.005346 0.004552 0.003823 0.003165 0.002585 0.002082 0.001654 0.001295 0.001001 0.000763 0.000573 0.000425 0.000311 0.000224 0.000159 0.000112 0.000077 0.000053 0.000036 0.000024 0.000016 0.000010 0.000006 0.000004 0.000003 0.000002 0.000001 0.000001 0.000000 0.000000 0.000000 0.000000 0.000000 0.000000 0.000000 0.000000 0.000000 0.000000 0.000000 
0.000000 0.000000 0.000000 0.000000 0.000000 0.000000 0.000000 0.000000 0.000000 0.000000 0.000000 0.000001 0.000001 0.000002 0.000003 0.000004 0.000007 0.000011 0.000017 0.000026 0.000039 0.000059 0.000088 0.000129 0.000186 0.000265 0.000372 0.000516 0.000706 0.000952 0.001266 0.001661 0.002149 0.002742 0.003451 0.004284 0.005245 0.006332 0.007539 0.008853 0.010251 0.011706 0.013182 0.014639 0.016032 0.017314 0.018438 0.019363 0.020052 0.020477 0.020621 0.020477 0.020052 0.019363 0.018438 0.017314 0.016032 0.014639 0.013182 0.011706 0.010251 0.008853 0.007539 0.006332 0.005245 0.004284 0.003451 0.002742 0.002149 0.001661 0.001266 0.000952 0.000706 0.000516 0.000372 0.000265 0.000186 0.000129 0.000088 0.000059 0.000039 0.000026 0.000017 0.000011 0.000007 0.000004 0.000003 0.000002 0.000001 0.000001 0.000000 0.000000 0.000000 0.000000 0.000000 0.000000 0.000000 0.000000 0.000000 0.000000 
0.000000 0.000000 0.000000 0.000000 0.000000 0.000000 0.000000 0.000000 0.000000 0.000000 0.000001 0.000001 0.000002 0.000003 0.000004 0.000007 0.000011 0.000018 0.000028 0.000043 0.000065 0.000098 0.000145 0.000212 0.000306 0.000435 0.000611 0.000847 0.001157 0.001560 0.002074 0.002720 0.003518 0.004489 0.005648 0.007008 0.008577 0.010353 0.012324 0.014468 0.016750 0.019124 0.021533 0.023910 0.026181 0.028271 0.030105 0.031613 0.032736 0.033430 0.033664 0.033430 0.032736 0.031613 0.030105 0.028271 0.026181 0.023910 0.021533 0.019124 0.016750 0.014468 0.012324 0.010353 0.008577 0.007008 0.005648 0.004489 0.003518 0.002720 0.002074 0.001560 0.001157 0.000847 0.000611 0.000435 0.000306 0.000212 0.000145 0.000098 0.000065 0.000043 0.000028 0.000018 0.000011 0.000007 0.000004 0.000003 0.000002 0.000001 0.000001 0.000000 0.000000 0.000000 0.000000 0.000000 0.000000 0.000000 0.000000 0.000000 
0.000000 0.000000 0.000000 0.000000 0.000000 0.000000 0.000000 0.000000 0.000000 0.000000 0.000001 0.000001 0.000003 0.000004 0.000007 0.000011 0.000018 0.000029 0.000045 0.000069 0.000105 0.000158 0.000235 0.000343 0.000495 0.000705 0.000990 0.001371 0.001873 0.002524 0.003354 0.004397 0.005686 0.007251 0.009121 0.011315 0.013845 0.016707 0.019884 0.023338 0.027014 0.030838 0.034717 0.038544 0.042200 0.045565 0.048516 0.050944 0.052752 0.053868 0.054245 0.053868 0.052752 0.050944 0.048516 0.045565 0.042200 0.038544 0.034717 0.030838 0.027014 0.023338 0.019884 0.016707 0.013845 0.011315 0.009121 0.007251 0.005686 0.004397 0.003354 0.002524 0.001873 0.001371 0.000990 0.000705 0.000495 0.000343 0.000235 0.000158 0.000105 0.000069 0.000045 0.000029 0.000018 0.000011 0.000007 0.000004 0.000003 0.000001 0.000001 0.000000 0.000000 0.000000 0.000000 0.000000 0.000000 0.000000 0.000000 0.000000 
0.000000 0.000000 0.000000 0.000000 0.000000 0.000000 0.000000 0.000000 0.000000 0.000001 0.000001 0.000002 0.000004 0.000007 0.000011 0.000018 0.000029 0.000046 0.000072 0.000111 0.000169 0.000254 0.000376 0.000550 0.000793 0.001128 0.001582 0.002190 0.002991 0.004029 0.005353 0.007015 0.009068 0.011561 0.014538 0.018031 0.022057 0.026610 0.031663 0.037156 0.043001 0.049080 0.055245 0.061327 0.067138 0.072483 0.077173 0.081029 0.083901 0.085673 0.086272 0.085673 0.083901 0.081029 0.077173 0.072483 0.067138 0.061327 0.055245 0.049080 0.043001 0.037156 0.031663 0.026610 0.022057 0.018031 0.014538 0.011561 0.009068 0.007015 0.005353 0.004029 0.002991 0.002190 0.001582 0.001128 0.000793 0.000550 0.000376 0.000254 0.000169 0.000111 0.000072 0.000046 0.000029 0.000018 0.000011 0.000007 0.000004 0.000002 0.000001 0.000001 0.000000 0.000000 0.000000 0.000000 0.000000 0.000000 0.000000 0.000000 
0.000000 0.000000 0.000000 0.000000 0.000000 0.000000 0.000000 0.000000 0.000001 0.000001 0.000002 0.000004 0.000006 0.000011 0.000018 0.000029 0.000046 0.000073 0.000114 0.000176 0.000267 0.000401 0.000594 0.000868 0.001251 0.001779 0.002496 0.003454 0.004714 0.006348 0.008431 0.011045 0.014273 0.018192 0.022870 0.028358 0.034680 0.041830 0.049762 0.058383 0.067556 0.077094 0.086767 0.096306 0.105420 0.113803 0.121156 0.127203 0.131707 0.134485 0.135424 0.134485 0.131707 0.127203 0.121156 0.113803 0.105420 0.096306 0.086767 0.077094 0.067556 0.058383 0.049762 0.041830 0.034680 0.028358 0.022870 0.018192 0.014273 0.011045 0.008431 0.006348 0.004714 0.003454 0.002496 0.001779 0.001251 0.000868 0.000594 0.000401 0.000267 0.000176 0.000114 0.000073 0.000046 0.000029 0.000018 0.000011 0.000006 0.000004 0.000002 0.000001 0.000001 0.000000 0.000000 0.000000 0.000000 0.000000 0.000000 0.000000 
0.000000 0.000000 0.000000 0.000000 0.000000 0.000000 0.000000 0.000001 0.000001 0.000002 0.000003 0.000006 0.000010 0.000017 0.000028 0.000045 0.000072 0.000114 0.000178 0.000274 0.000417 0.000626 0.000926 0.001353 0.001949 0.002770 0.003885 0.005373 0.007332 0.009869 0.013104 0.017162 0.022170 0.028250 0.035505 0.044013 0.053814 0.064895 0.077184 0.090540 0.104747 0.119517 0.134494 0.149262 0.163370 0.176345 0.187726 0.197085 0.204054 0.208353 0.209807 0.208353 0.204054 0.197085 0.187726 0.176345 0.163370 0.149262 0.134494 0.119517 0.104747 0.090540 0.077184 0.064895 0.053814 0.044013 0.035505 0.028250 0.022170 0.017162 0.013104 0.009869 0.007332 0.005373 0.003885 0.002770 0.001949 0.001353 0.000926 0.000626 0.000417 0.000274 0.000178 0.000114 0.000072 0.000045 0.000028 0.000017 0.000010 0.000006 0.000003 0.000002 0.000001 0.000001 0.000000 0.000000 0.000000 0.000000 0.000000 0.000000 
0.000000 0.000000 0.000000 0.000000 0.000000 0.000000 0.000001 0.000001 0.000002 0.000003 0.000005 0.000009 0.000016 0.000026 0.000043 0.000069 0.000111 0.000176 0.000274 0.000422 0.000642 0.000963 0.001425 0.002080 0.002996 0.004257 0.005966 0.008250 0.011254 0.015142 0.020099 0.026315 0.033985 0.043293 0.054397 0.067416 0.082409 0.099356 0.118148 0.138568 0.160285 0.182859 0.205745 0.228310 0.249864 0.269686 0.287071 0.301365 0.312009 0.318576 0.320795 0.318576 0.312009 0.301365 0.287071 0.269686 0.249864 0.228310 0.205745 0.182859 0.160285 0.138568 0.118148 0.099356 0.082409 0.067416 0.054397 0.043293 0.033985 0.026315 0.020099 0.015142 0.011254 0.008250 0.005966 0.004257 0.002996 0.002080 0.001425 0.000963 0.000642 0.000422 0.000274 0.000176 0.000111 0.000069 0.000043 0.000026 0.000016 0.000009 0.000005 0.000003 0.000002 0.000001 0.000001 0.000000 0.000000 0.000000 0.000000 0.000000 
0.000000 0.000000 0.000000 0.000000 0.000000 0.000000 0.000001 0.000002 0.000003 0.000005 0.000008 0.000014 0.000024 0.000039 0.000065 0.000105 0.000169 0.000267 0.000417 0.000642 0.000976 0.001463 0.002163 0.003156 0.004544 0.006454 0.009043 0.012499 0.017044 0.022926 0.030421 0.039818 0.051409 0.065472 0.082244 0.101904 0.124539 0.150120 0.178479 0.209289 0.242052 0.276102 0.310617 0.344644 0.377142 0.407028 0.433236 0.454783 0.470829 0.480727 0.484073 0.480727 0.470829 0.454783 0.433236 0.407028 0.377142 0.344644 0.310617 0.276102 0.242052 0.209289 0.178479 0.150120 0.124539 0.101904 0.082244 0.065472 0.051409 0.039818 0.030421 0.022926 0.017044 0.012499 0.009043 0.006454 0.004544 0.003156 0.002163 0.001463 0.000976 0.000642 0.000417 0.000267 0.000169 0.000105 0.000065 0.000039 0.000024 0.000014 0.000008 0.000005 0.000003 0.000002 0.000001 0.000000 0.000000 0.000000 0.000000 0.000000 
0.000000 0.000000 0.000000 0.000000 0.000000 0.000001 0.000001 0.000002 0.000004 0.000007 0.000012 0.000021 0.000036 0.000059 0.000098 0.000158 0.000254 0.000401 0.000626 0.000963 0.001463 0.002191 0.003240 0.004726 0.006801 0.009655 0.013523 0.018687 0.025472 0.034253 0.045436 0.059454 0.076741 0.097707 0.122708 0.152005 0.185729 0.223834 0.266070 0.311946 0.360723 0.411409 0.462781 0.513421 0.561780 0.606246 0.645239 0.677296 0.701166 0.715891 0.720868 0.715891 0.701166 0.677296 0.645239 0.606246 0.561780 0.513421 0.462781 0.411409 0.360723 0.311946 0.266070 0.223834 0.185729 0.152005 0.122708 0.097707 0.076741 0.059454 0.045436 0.034253 0.025472 0.018687 0.013523 0.009655 0.006801 0.004726 0.003240 0.002191 0.001463 0.000963 0.000626 0.000401 0.000254 0.000158 0.000098 0.000059 0.000036 0.000021 0.000012 0.000007 0.000004 0.000002 0.000001 0.000001 0.000000 0.000000 0.000000 0.000000 
0.000000 0.000000 0.000000 0.000000 0.000001 0.000001 0.000002 0.000003 0.000006 0.000011 0.000018 0.000031 0.000053 0.000088 0.000145 0.000235 0.000376 0.000594 0.000926 0.001425 0.002163 0.003240 0.004788 0.006981 0.010042 0.014252 0.019956 0.027565 0.037563 0.050496 0.066964 0.087599 0.113039 0.143886 0.180660 0.223745 0.273328 0.329342 0.391416 0.458830 0.530495 0.604953 0.680409 0.754783 0.825798 0.891093 0.948345 0.995411 1.030455 1.052073 1.059379 1.052073 1.030455 0.995411 0.948345 0.891093 0.825798 0.754783 0.680409 0.604953 0.530495 0.458830 0.391416 0.329342 0.273328 0.223745 0.180660 0.143886 0.113039 0.087599 0.066964 0.050496 0.037563 0.027565 0.019956 0.014252 0.010042 0.006981 0.004788 0.003240 0.002163 0.001425 0.000926 0.000594 0.000376 0.000235 0.000145 0.000088 0.000053 0.000031 0.000018 0.000011 0.000006 0.000003 0.000002 0.000001 0.000001 0.000000 0.000000 0.000000 
0.000000 0.000000 0.000000 0.000000 0.000001 0.000002 0.000003 0.000005 0.000009 0.000015 0.000027 0.000046 0.000077 0.000129 0.000212 0.000343 0.000550 0.000868 0.001353 0.002080 0.003156 0.004726 0.006981 0.010175 0.014631 0.020758 0.029055 0.040122 0.054657 0.073453 0.097380 0.127355 0.164298 0.209083 0.262461 0.324985 0.396924 0.478179 0.568207 0.665964 0.769869 0.877810 0.987184 1.094977 1.197892 1.292509 1.375467 1.443661 1.494435 1.525754 1.536339 1.525754 1.494435 1.443661 1.375467 1.292509 1.197892 1.094977 0.987184 0.877810 0.769869 0.665964 0.568207 0.478179 0.396924 0.324985 0.262461 0.209083 0.164298 0.127355 0.097380 0.073453 0.054657 0.040122 0.029055 0.020758 0.014631 0.010175 0.006981 0.004726 0.003156 0.002080 0.001353 0.000868 0.000550 0.000343 0.000212 0.000129 0.000077 0.000046 0.000027 0.000015 0.000009 0.000005 0.000003 0.000002 0.000001 0.000000 0.000000 0.000000 
0.000000 0.000000 0.000000 0.000001 0.000001 0.000002 0.000004 0.000007 0.000013 0.000022 0.000039 0.000066 0.000112 0.000186 0.000306 0.000495 0.000793 0.001251 0.001949 0.002996 0.004544 0.006801 0.010042 0.014631 0.021033 0.029830 0.041740 0.057619 0.078470 0.105426 0.139730 0.182693 0.235632 0.299791 0.376244 0.465778 0.568773 0.685084 0.813932 0.953818 1.102481 1.256898 1.413345 1.567515 1.714695 1.849996 1.968617 2.066122 2.138717 2.183495 2.198629 2.183495 2.138717 2.066122 1.968617 1.849996 1.714695 1.567515 1.413345 1.256898 1.102481 0.953818 0.813932 0.685084 0.568773 0.465778 0.376244 0.299791 0.235632 0.182693 0.139730 0.105426 0.078470 0.057619 0.041740 0.029830 0.021033 0.014631 0.010042 0.006801 0.004544 0.002996 0.001949 0.001251 0.000793 0.000495 0.000306 0.000186 0.000112 0.000066 0.000039 0.000022 0.000013 0.000007 0.000004 0.000002 0.000001 0.000001 0.000000 0.000000 
0.000000 0.000000 0.000000 0.000001 0.000002 0.000003 0.000006 0.000010 0.000018 0.000032 0.000055 0.000095 0.000159 0.000265 0.000435 0.000705 0.001128 0.001779 0.002770 0.004257 0.006454 0.009655 0.014252 0.020758 0.029830 0.042293 0.059160 0.081643 0.111156 0.149299 0.197827 0.258588 0.333441 0.424138 0.532189 0.658701 0.804208 0.968497 1.150463 1.347988 1.557877 1.775862 1.996687 2.214275 2.421980 2.612907 2.780285 2.917860 3.020284 3.083460 3.104812 3.083460 3.020284 2.917860 2.780285 2.612907 2.421980 2.214275 1.996687 1.775862 1.557877 1.347988 1.150463 0.968497 0.804208 0.658701 0.532189 0.424138 0.333441 0.258588 0.197827 0.149299 0.111156 0.081643 0.059160 0.042293 0.029830 0.020758 0.014252 0.009655 0.006454 0.004257 0.002770 0.001779 0.001128 0.000705 0.000435 0.000265 0.000159 0.000095 0.000055 0.000032 0.000018 0.000010 0.000006 0.000003 0.000002 0.000001 0.000000 0.000000 
0.000000 0.000000 0.000001 0.000001 0.000002 0.000004 0.000008 0.000014 0.000026 0.000045 0.000078 0.000133 0.000224 0.000372 0.000611 0.000990 0.001582 0.002496 0.003885 0.005966 0.009043 0.013523 0.019956 0.029055 0.041740 0.059160 0.082729 0.114136 0.155352 0.208606 0.276342 0.361132 0.465561 0.592068 0.742750 0.919142 1.121979 1.350961 1.604539 1.879759 2.172166 2.475815 2.783385 3.086417 3.375661 3.641520 3.874573 4.066120 4.208722 4.296677 4.326402 4.296677 4.208722 4.066120 3.874573 3.641520 3.375661 3.086417 2.783385 2.475815 2.172166 1.879759 1.604539 1.350961 1.121979 0.919142 0.742750 0.592068 0.465561 0.361132 0.276342 0.208606 0.155352 0.114136 0.082729 0.059160 0.041740 0.029055 0.019956 0.013523 0.009043 0.005966 0.003885 0.002496 0.001582 0.000990 0.000611 0.000372 0.000224 0.000133 0.000078 0.000045 0.000026 0.000014 0.000008 0.000004 0.000002 0.000001 0.000000 0.000000 
0.000000 0.000000 0.000001 0.000002 0.000003 0.000006 0.000011 0.000020 0.000036 0.000063 0.000108 0.000184 0.000311 0.000516 0.000847 0.001371 0.002190 0.003454 0.005373 0.008250 0.012499 0.018687 0.027565 0.040122 0.057619 0.081643 0.114136 0.157424 0.214214 0.287573 0.380858 0.497603 0.641356 0.815463 1.022800 1.265468 1.544468 1.859377 2.208060 2.586447 2.988411 3.405781 3.828495 4.244933 4.642389 5.007686 5.327888 5.591051 5.786961 5.907793 5.948630 5.907793 5.786961 5.591051 5.327888 5.007686 4.642389 4.244933 3.828495 3.405781 2.988411 2.586447 2.208060 1.859377 1.544468 1.265468 1.022800 0.815463 0.641356 0.497603 0.380858 0.287573 0.214214 0.157424 0.114136 0.081643 0.057619 0.040122 0.027565 0.018687 0.012499 0.008250 0.005373 0.003454 0.002190 0.001371 0.000847 0.000516 0.000311 0.000184 0.000108 0.000063 0.000036 0.000020 0.000011 0.000006 0.000003 0.000002 0.000001 0.000000 
0.000000 0.000000 0.000001 0.000002 0.000005 0.000008 0.000015 0.000028 0.000049 0.000086 0.000148 0.000252 0.000425 0.000706 0.001157 0.001873 0.002991 0.004714 0.007332 0.011254 0.017044 0.025472 0.037563 0.054657 0.078470 0.111156 0.155352 0.214214 0.291418 0.391121 0.517876 0.676472 0.871716 1.108140 1.389632 1.719033 2.097687 2.525008 2.998090 3.511403 4.056634 4.622696 5.195949 5.760639 6.299545 6.794815 7.228920 7.585680 7.851258 8.015057 8.070413 8.015057 7.851258 7.585680 7.228920 6.794815 6.299545 5.760639 5.195949 4.622696 4.056634 3.511403 2.998090 2.525008 2.097687 1.719033 1.389632 1.108140 0.871716 0.676472 0.517876 0.391121 0.291418 0.214214 0.155352 0.111156 0.078470 0.054657 0.037563 0.025472 0.017044 0.011254 0.007332 0.004714 0.002991 0.001873 0.001157 0.000706 0.000425 0.000252 0.000148 0.000086 0.000049 0.000028 0.000015 0.000008 0.000004 0.000002 0.000001 0.000000 
0.000000 0.000001 0.000002 0.000003 0.000006 0.000011 0.000021 0.000037 0.000066 0.000116 0.000200 0.000341 0.000573 0.000952 0.001560 0.002524 0.004029 0.006348 0.009869 0.015142 0.022926 0.034253 0.050496 0.073453 0.105426 0.149299 0.208606 0.287573 0.391121 0.524815 0.694743 0.907313 1.168950 1.485707 1.862778 2.303948 2.811000 3.383136 4.016451 4.703536 5.433255 6.190772 6.957838 7.713379 8.434369 9.096935 9.677643 10.154865 10.510107 10.729201 10.803244 10.729201 10.510107 10.154865 9.677643 9.096935 8.434369 7.713379 6.957838 6.190772 5.433255 4.703536 4.016451 3.383136 2.811000 2.303948 1.862778 1.485707 1.168950 0.907313 0.694743 0.524815 0.391121 0.287573 0.208606 0.149299 0.105426 0.073453 0.050496 0.034253 0.022926 0.015142 0.009869 0.006348 0.004029 0.002524 0.001560 0.000952 0.000573 0.000341 0.000200 0.000116 0.000066 0.000037 0.000021 0.000011 0.000006 0.000003 0.000001 0.000000 
0.000000 0.000001 0.000002 0.000004 0.000008 0.000015 0.000028 0.000050 0.000088 0.000154 0.000266 0.000453 0.000763 0.001266 0.002074 0.003354 0.005353 0.008431 0.013104 0.020099 0.030421 0.045436 0.066964 0.097380 0.139730 0.197827 0.276342 0.380858 0.517876 0.694743 0.919498 1.200595 1.546510 1.965221 2.463573 3.046543 3.716469 4.472276 5.308789 6.216211 7.179831 8.180055 9.192792 10.190232 11.141989 12.016568 12.783057 13.412926 13.881782 14.170942 14.268663 14.170942 13.881782 13.412926 12.783057 12.016568 11.141989 10.190232 9.192792 8.180055 7.179831 6.216211 5.308789 4.472276 3.716469 3.046543 2.463573 1.965221 1.546510 1.200595 0.919498 0.694743 0.517876 0.380858 0.276342 0.197827 0.139730 0.097380 0.066964 0.045436 0.030421 0.020099 0.013104 0.008431 0.005353 0.003354 0.002074 0.001266 0.000763 0.000453 0.000266 0.000154 0.000088 0.000050 0.000028 0.000015 0.000008 0.000004 0.000002 0.000000 
0.000000 0.000001 0.000003 0.000006 0.000011 0.000020 0.000036 0.000065 0.000116 0.000203 0.000349 0.000595 0.001001 0.001661 0.002720 0.004397 0.007015 0.011045 0.017162 0.026315 0.039818 0.059454 0.087599 0.127355 0.182693 0.258588 0.361132 0.497603 0.676472 0.907313 1.200595 1.567325 2.018535 2.564605 3.214431 3.974476 4.847760 5.832859 6.923010 8.105430 9.360943 10.664019 11.983281 13.282513 14.522155 15.661206 16.659432 17.479700 18.090267 18.466816 18.594069 18.466816 18.090267 17.479700 16.659432 15.661206 14.522155 13.282513 11.983281 10.664019 9.360943 8.105430 6.923010 5.832859 4.847760 3.974476 3.214431 2.564605 2.018535 1.567325 1.200595 0.907313 0.676472 0.497603 0.361132 0.258588 0.182693 0.127355 0.087599 0.059454 0.039818 0.026315 0.017162 0.011045 0.007015 0.004397 0.002720 0.001661 0.001001 0.000595 0.000349 0.000203 0.000116 0.000065 0.000036 0.000020 0.000011 0.000005 0.000002 0.000000 
0.000000 0.000002 0.000004 0.000007 0.000014 0.000026 0.000047 0.000085 0.000150 0.000262 0.000453 0.000771 0.001295 0.002149 0.003518 0.005686 0.009068 0.014273 0.022170 0.033985 0.051409 0.076741 0.113039 0.164298 0.235632 0.333441 0.465561 0.641356 0.871716 1.168950 1.546510 2.018535 2.599194 3.301811 4.137795 5.115427 6.238561 7.505333 8.907026 10.427186 12.041151 13.716102 15.411716 17.081460 18.674516 20.138222 21.420904 22.474878 23.259381 23.743191 23.906692 23.743191 23.259381 22.474878 21.420904 20.138222 18.674516 17.081460 15.411716 13.716102 12.041151 10.427186 8.907026 7.505333 6.238561 5.115427 4.137795 3.301811 2.599194 2.018535 1.546510 1.168950 0.871716 0.641356 0.465561 0.333441 0.235632 0.164298 0.113039 0.076741 0.051409 0.033985 0.022170 0.014273 0.009068 0.005686 0.003518 0.002149 0.001295 0.000771 0.000453 0.000262 0.000150 0.000085 0.000047 0.000026 0.000014 0.000007 0.000003 0.000000 
0.000000 0.000002 0.000005 0.000010 0.000018 0.000033 0.000060 0.000108 0.000192 0.000335 0.000578 0.000984 0.001654 0.002742 0.004489 0.007251 0.011561 0.018192 0.028250 0.043293 0.065472 0.097707 0.143886 0.209083 0.299791 0.424138 0.592068 0.815463 1.108140 1.485707 1.965221 2.564605 3.301811 4.193711 5.254750 6.495395 7.920496 9.527658 11.305789 13.233998 15.280993 17.405149 19.555337 21.672571 23.692439 25.548203 27.174383 28.510560 29.505089 30.118414 30.325681 30.118414 29.505089 28.510560 27.174383 25.548203 23.692439 21.672571 19.555337 17.405149 15.280993 13.233998 11.305789 9.527658 7.920496 6.495395 5.254750 4.193711 3.301811 2.564605 1.965221 1.485707 1.108140 0.815463 0.592068 0.424138 0.299791 0.209083 0.143886 0.097707 0.065472 0.043293 0.028250 0.018192 0.011561 0.007251 0.004489 0.002742 0.001654 0.000984 0.000578 0.000335 0.000192 0.000108 0.000060 0.000033 0.000018 0.000009 0.000004 0.000000 
0.000000 0.000003 0.000006 0.000012 0.000023 0.000042 0.000076 0.000137 0.000242 0.000423 0.000728 0.001240 0.002082 0.003451 0.005648 0.009121 0.014538 0.022870 0.035505 0.054397 0.082244 0.122708 0.180660 0.262461 0.376244 0.532189 0.742750 1.022800 1.389632 1.862778 2.463573 3.214431 4.137795 5.254750 6.583334 8.136607 9.920594 11.932254 14.157674 16.570682 19.132108 21.789864 24.479989 27.128709 29.655472 31.976832 34.010924 35.682211 36.926135 37.693248 37.952484 37.693248 36.926135 35.682211 34.010924 31.976832 29.655472 27.128709 24.479989 21.789864 19.132108 16.570682 14.157674 11.932254 9.920594 8.136607 6.583334 5.254750 4.137795 3.214431 2.463573 1.862778 1.389632 1.022800 0.742750 0.532189 0.376244 0.262461 0.180660 0.122708 0.082244 0.054397 0.035505 0.022870 0.014538 0.009121 0.005648 0.003451 0.002082 0.001240 0.000728 0.000423 0.000242 0.000137 0.000076 0.000042 0.000022 0.000011 0.000005 0.000000 
0.000000 0.000003 0.000008 0.000015 0.000028 0.000052 0.000095 0.000170 0.000301 0.000525 0.000905 0.001539 0.002585 0.004284 0.007008 0.011315 0.018031 0.028358 0.044013 0.067416 0.101904 0.152005 0.223745 0.324985 0.465778 0.658701 0.919142 1.265468 1.719033 2.303948 3.046543 3.974476 5.115427 6.495395 8.136607 10.055139 12.258379 14.742526 17.490360 20.469537 23.631683 26.912493 30.233027 33.502247 36.620769 39.485648 41.995899 44.058354 45.593382 46.540002 46.859897 46.540002 45.593382 44.058354 41.995899 39.485648 36.620769 33.502247 30.233027 26.912493 23.631683 20.469537 17.490360 14.742526 12.258379 10.055139 8.136607 6.495395 5.115427 3.974476 3.046543 2.303948 1.719033 1.265468 0.919142 0.658701 0.465778 0.324985 0.223745 0.152005 0.101904 0.067416 0.044013 0.028358 0.018031 0.011315 0.007008 0.004284 0.002585 0.001539 0.000905 0.000525 0.000301 0.000170 0.000095 0.000052 0.000028 0.000014 0.000006 0.000000 
0.000000 0.000004 0.000009 0.000018 0.000035 0.000064 0.000116 0.000209 0.000369 0.000644 0.001109 0.001886 0.003165 0.005245 0.008577 0.013845 0.022057 0.034680 0.053814 0.082409 0.124539 0.185729 0.273328 0.396924 0.568773 0.804208 1.121979 1.544468 2.097687 2.811000 3.716469 4.847760 6.238561 7.920496 9.920594 12.258379 14.942794 17.969155 21.316438 24.945213 28.796542 32.792104 36.835777 40.816727 44.613976 48.102224 51.158569 53.669626 55.538497 56.690972 57.080431 56.690972 55.538497 53.669626 51.158569 48.102224 44.613976 40.816727 36.835777 32.792104 28.796542 24.945213 21.316438 17.969155 14.942794 12.258379 9.920594 7.920496 6.238561 4.847760 3.716469 2.811000 2.097687 1.544468 1.121979 0.804208 0.568773 0.396924 0.273328 0.185729 0.124539 0.082409 0.053814 0.034680 0.022057 0.013845 0.008577 0.005245 0.003165 0.001886 0.001109 0.000644 0.000369 0.000209 0.000116 0.000064 0.000034 0.000017 0.000007 0.000000 
0.000000 0.000005 0.000011 0.000022 0.000042 0.000078 0.000141 0.000252 0.000446 0.000778 0.001340 0.002278 0.003823 0.006332 0.010353 0.016707 0.026610 0.041830 0.064895 0.099356 0.150120 0.223834 0.329342 0.478179 0.685084 0.968497 1.350961 1.859377 2.525008 3.383136 4.472276 5.832859 7.505333 9.527658 11.932254 14.742526 17.969155 21.606450 25.629094 29.989669 34.617330 39.417971 44.276116 49.058644 53.620263 57.810509 61.481806 64.498018 66.742808 68.127083 68.594871 68.127083 66.742808 64.498018 61.481806 57.810509 53.620263 49.058644 44.276116 39.417971 34.617330 29.989669 25.629094 21.606450 17.969155 14.742526 11.932254 9.527658 7.505333 5.832859 4.472276 3.383136 2.525008 1.859377 1.350961 0.968497 0.685084 0.478179 0.329342 0.223834 0.150120 0.099356 0.064895 0.041830 0.026610 0.016707 0.010353 0.006332 0.003823 0.002278 0.001340 0.000778 0.000446 0.000252 0.000141 0.000077 0.000041 0.000021 0.000009 0.000000 
0.000000 0.000006 0.000013 0.000027 0.000050 0.000093 0.000168 0.000301 0.000531 0.000927 0.001596 0.002713 0.004552 0.007539 0.012324 0.019884 0.031663 0.049762 0.077184 0.118148 0.178479 0.266070 0.391416 0.568207 0.813932 1.150463 1.604539 2.208060 2.998090 4.016451 5.308789 6.923010 8.907026 11.305789 14.157674 17.490360 21.316438 25.629094 30.398259 35.567673 41.053333 46.743685 52.501871 58.170141 63.576350 68.542236 72.892976 76.467304 79.127416 80.767783 81.322108 80.767783 79.127416 76.467304 72.892976 68.542236 63.576350 58.170141 52.501871 46.743685 41.053333 35.567673 30.398259 25.629094 21.316438 17.490360 14.157674 11.305789 8.907026 6.923010 5.308789 4.016451 2.998090 2.208060 1.604539 1.150463 0.813932 0.568207 0.391416 0.266070 0.178479 0.118148 0.077184 0.049762 0.031663 0.019884 0.012324 0.007539 0.004552 0.002713 0.001596 0.000927 0.000531 0.000301 0.000168 0.000092 0.000049 0.000025 0.000011 0.000000 
0.000000 0.000007 0.000016 0.000031 0.000059 0.000109 0.000198 0.000354 0.000625 0.001089 0.001876 0.003187 0.005346 0.008853 0.014468 0.023338 0.037156 0.058383 0.090540 0.138568 0.209289 0.311946 0.458830 0.665964 0.953818 1.347988 1.879759 2.586447 3.511403 4.703536 6.216211 8.105430 10.427186 13.233998 16.570682 20.469537 24.945213 29.989669 35.567673 41.613387 48.028544 54.682687 61.415800 68.043464 74.364454 80.170411 85.257008 89.435780 92.545680 94.463388 95.111431 94.463388 92.545680 89.435780 85.257008 80.170411 74.364454 68.043464 61.415800 54.682687 48.028544 41.613387 35.567673 29.989669 24.945213 20.469537 16.570682 13.233998 10.427186 8.105430 6.216211 4.703536 3.511403 2.586447 1.879759 1.347988 0.953818 0.665964 0.458830 0.311946 0.209289 0.138568 0.090540 0.058383 0.037156 0.023338 0.014468 0.008853 0.005346 0.003187 0.001876 0.001089 0.000625 0.000354 0.000197 0.000108 0.000058 0.000030 0.000012 0.000000 
0.000000 0.000008 0.000018 0.000036 0.000069 0.000126 0.000229 0.000410 0.000724 0.001263 0.002173 0.003692 0.006192 0.010251 0.016750 0.027014 0.043001 0.067556 0.104747 0.160285 0.242052 0.360723 0.530495 0.769869 1.102481 1.557877 2.172166 2.988411 4.056634 5.433255 7.179831 9.360943 12.041151 15.280993 19.132108 23.631683 28.796542 34.617330 41.053333 48.028544 55.429563 63.105887 70.872940 78.518025 85.809084 92.505857 98.372741 103.192435 106.779261 108.991040 109.738453 108.991040 106.779261 103.192435 98.372741 92.505857 85.809084 78.518025 70.872940 63.105887 55.429563 48.028544 41.053333 34.617330 28.796542 23.631683 19.132108 15.280993 12.041151 9.360943 7.179831 5.433255 4.056634 2.988411 2.172166 1.557877 1.102481 0.769869 0.530495 0.360723 0.242052 0.160285 0.104747 0.067556 0.043001 0.027014 0.016750 0.010251 0.006192 0.003692 0.002173 0.001263 0.000724 0.000410 0.000229 0.000126 0.000068 0.000034 0.000014 0.000000 
0.000000 0.000009 0.000021 0.000042 0.000078 0.000144 0.000262 0.000469 0.000828 0.001443 0.002483 0.004218 0.007072 0.011706 0.019124 0.030838 0.049080 0.077094 0.119517 0.182859 0.276102 0.411409 0.604953 0.877810 1.256898 1.775862 2.475815 3.405781 4.622696 6.190772 8.180055 10.664019 13.716102 17.405149 21.789864 26.912493 32.792104 39.417971 46.743685 54.682687 63.105887 71.841994 80.680972 89.380814 97.677506 105.297723 111.973454 117.457516 121.538708 124.055308 124.905723 124.055308 121.538708 117.457516 111.973454 105.297723 97.677506 89.380814 80.680972 71.841994 63.105887 54.682687 46.743685 39.417971 32.792104 26.912493 21.789864 17.405149 13.716102 10.664019 8.180055 6.190772 4.622696 3.405781 2.475815 1.775862 1.256898 0.877810 0.604953 0.411409 0.276102 0.182859 0.119517 0.077094 0.049080 0.030838 0.019124 0.011706 0.007072 0.004218 0.002483 0.001443 0.000828 0.000469 0.000262 0.000144 0.000077 0.000039 0.000016 0.000000 
0.000000 0.000010 0.000024 0.000047 0.000088 0.000163 0.000295 0.000528 0.000933 0.001626 0.002798 0.004751 0.007966 0.013182 0.021533 0.034717 0.055245 0.086767 0.134494 0.205745 0.310617 0.462781 0.680409 0.987184 1.413345 1.996687 2.783385 3.828495 5.195949 6.957838 9.192792 11.983281 15.411716 19.555337 24.479989 30.233027 36.835777 44.276116 52.501871 61.415800 70.872940 80.680972 90.604112 100.370712 109.684448 118.238562 125.732275 131.888198 136.469324 139.294175 140.248751 139.294175 136.469324 131.888198 125.732275 118.238562 109.684448 100.370712 90.604112 80.680972 70.872940 61.415800 52.501871 44.276116 36.835777 30.233027 24.479989 19.555337 15.411716 11.983281 9.192792 6.957838 5.195949 3.828495 2.783385 1.996687 1.413345 0.987184 0.680409 0.462781 0.310617 0.205745 0.134494 0.086767 0.055245 0.034717 0.021533 0.013182 0.007966 0.004751 0.002797 0.001626 0.000933 0.000528 0.000295 0.000162 0.000087 0.000044 0.000019 0.000000 
