0.000000 0.000000 0.000000 0.000000 0.000000 0.000000 0.000000 0.000000 0.000000 0.000000 0.000000 0.000000 0.000000 0.000000 0.000000 0.000000 0.000000 0.000000 0.000000 0.000000 0.000000 0.000000 0.000000 0.000000 0.000000 0.000000 0.000000 0.000000 0.000000 0.000000 0.000000 0.000000 0.000000 0.000000 0.000000 0.000000 0.000000 0.000000 0.000000 0.000000 0.000000 0.000000 0.000000 0.000000 0.000000 0.000000 0.000000 0.000000 0.000000 0.000000 0.000000 0.000000 0.000000 0.000000 0.000000 0.000000 0.000000 0.000000 0.000000 0.000000 0.000000 0.000000 0.000000 0.000000 0.000000 0.000000 0.000000 0.000000 0.000000 0.000000 0.000000 0.000000 0.000000 0.000000 0.000000 0.000000 0.000000 0.000000 0.000000 0.000000 0.000000 0.000000 0.000000 0.000000 0.000000 0.000000 0.000000 0.000000 0.000000 0.000000 0.000000 0.000000 0.000000 0.000000 0.000000 0.000000 0.000000 0.000000 0.000000 0.000000 
0.000000 0.000000 0.000000 0.000000 0.000000 0.000000 0.000001 0.000001 0.000001 0.000002 0.000003 0.000004 0.000006 0.000008 0.000011 0.000015 0.000020 0.000027 0.000035 0.000046 0.000060 0.000078 0.000099 0.000126 0.000158 0.000197 0.000243 0.000298 0.000362 0.000436 0.000521 0.000616 0.000723 0.000841 0.000970 0.001110 0.001258 0.001414 0.001576 0.001741 0.001906 0.002070 0.002228 0.002378 0.002515 0.002638 0.002743 0.002827 0.002889 0.002927 0.002940 0.002927 0.002889 0.002827 0.002743 0.002638 0.002515 0.002378 0.002228 0.002070 0.001906 0.001741 0.001576 0.001414 0.001258 0.001110 0.000970 0.000841 0.000723 0.000616 0.000521 0.000436 0.000362 0.000298 0.000243 0.000197 0.000158 0.000126 0.000099 0.000078 0.000060 0.000046 0.000035 0.000027 0.000020 0.000015 0.000011 0.000008 0.000006 0.000004 0.000003 0.000002 0.000001 0.000001 0.000001 0.000000 0.000000 0.000000 0.000000 0.000000 
0.000000 0.000000 0.000000 0.000000 0.000001 0.000001 0.000001 0.000002 0.000003 0.000004 0.000006 0.000009 0.000012 0.000017 0.000024 0.000032 0.000043 0.000057 0.000076 0.000100 0.000130 0.000167 0.000214 0.000271 0.000340 0.000424 0.000524 0.000642 0.000780 0.000939 0.001122 0.001328 0.001558 0.001812 0.002090 0.002390 0.002710 0.003046 0.003394 0.003749 0.004106 0.004458 0.004798 0.005120 0.005417 0.005681 0.005907 0.006088 0.006222 0.006303 0.006330 0.006303 0.006222 0.006088 0.005907 0.005681 0.005417 0.005120 0.004798 0.004458 0.004106 0.003749 0.003394 0.003046 0.002710 0.002390 0.002090 0.001812 0.001558 0.001328 0.001122 0.000939 0.000780 0.000642 0.000524 0.000424 0.000340 0.000271 0.000214 0.000167 0.000130 0.000100 0.000076 0.000057 0.000043 0.000032 0.000024 0.000017 0.000012 0.000009 0.000006 0.000004 0.000003 0.000002 0.000001 0.000001 0.000001 0.000000 0.000000 0.000000 
0.000000 0.000000 0.000000 0.000001 0.000001 0.000002 0.000003 0.000004 0.000005 0.000008 0.000011 0.000015 0.000021 0.000029 0.000040 0.000054 0.000073 0.000097 0.000128 0.000168 0.000219 0.000282 0.000361 0.000457 0.000575 0.000716 0.000885 0.001084 0.001317 0.001585 0.001893 0.002240 0.002628 0.003058 0.003527 0.004032 0.004571 0.005137 0.005724 0.006323 0.006925 0.007518 0.008092 0.008635 0.009134 0.009580 0.009960 0.010267 0.010491 0.010629 0.010675 0.010629 0.010491 0.010267 0.009960 0.009580 0.009134 0.008635 0.008092 0.007518 0.006925 0.006323 0.005724 0.005137 0.004571 0.004032 0.003527 0.003058 0.002628 0.002240 0.001893 0.001585 0.001317 0.001084 0.000885 0.000716 0.000575 0.000457 0.000361 0.000282 0.000219 0.000168 0.000128 0.000097 0.000073 0.000054 0.000040 0.000029 0.000021 0.000015 0.000011 0.000008 0.000005 0.000004 0.000003 0.000002 0.000001 0.000001 0.000000 0.000000 
0.000000 0.000000 0.000001 0.000001 0.000002 0.000003 0.000004 0.000006 0.000008 0.000012 0.000017 0.000024 0.000033 0.000045 0.000062 0.000084 0.000113 0.000151 0.000200 0.000262 0.000341 0.000439 0.000561 0.000712 0.000894 0.001114 0.001377 0.001686 0.002048 0.002465 0.002943 0.003483 0.004086 0.004754 0.005482 0.006268 0.007105 0.007985 0.008896 0.009827 0.010761 0.011682 0.012574 0.013417 0.014193 0.014885 0.015476 0.015952 0.016300 0.016513 0.016585 0.016513 0.016300 0.015952 0.015476 0.014885 0.014193 0.013417 0.012574 0.011682 0.010761 0.009827 0.008896 0.007985 0.007105 0.006268 0.005482 0.004754 0.004086 0.003483 0.002943 0.002465 0.002048 0.001686 0.001377 0.001114 0.000894 0.000712 0.000561 0.000439 0.000341 0.000262 0.000200 0.000151 0.000113 0.000084 0.000062 0.000045 0.000033 0.000024 0.000017 0.000012 0.000008 0.000006 0.000004 0.000003 0.000002 0.000001 0.000000 0.000000 
0.000000 0.000000 0.000001 0.000002 0.000003 0.000004 0.000006 0.000009 0.000012 0.000018 0.000025 0.000035 0.000049 0.000068 0.000093 0.000126 0.000170 0.000227 0.000300 0.000393 0.000511 0.000659 0.000843 0.001068 0.001342 0.001672 0.002065 0.002529 0.003071 0.003697 0.004413 0.005222 0.006127 0.007126 0.008218 0.009395 0.010649 0.011967 0.013332 0.014725 0.016124 0.017505 0.018840 0.020102 0.021264 0.022300 0.023185 0.023897 0.024420 0.024739 0.024846 0.024739 0.024420 0.023897 0.023185 0.022300 0.021264 0.020102 0.018840 0.017505 0.016124 0.014725 0.013332 0.011967 0.010649 0.009395 0.008218 0.007126 0.006127 0.005222 0.004413 0.003697 0.003071 0.002529 0.002065 0.001672 0.001342 0.001068 0.000843 0.000659 0.000511 0.000393 0.000300 0.000227 0.000170 0.000126 0.000093 0.000068 0.000049 0.000035 0.000025 0.000018 0.000012 0.000009 0.000006 0.000004 0.000003 0.000002 0.000001 0.000000 
0.000000 0.000001 0.000001 0.000003 0.000004 0.000006 0.000009 0.000013 0.000018 0.000026 0.000037 0.000052 0.000073 0.000100 0.000137 0.000186 0.000250 0.000334 0.000441 0.000579 0.000753 0.000970 0.001240 0.001571 0.001974 0.002459 0.003037 0.003720 0.004516 0.005436 0.006488 0.007676 0.009005 0.010473 0.012077 0.013806 0.015648 0.017583 0.019587 0.021633 0.023687 0.025714 0.027673 0.029526 0.031232 0.032753 0.034052 0.035098 0.035865 0.036333 0.036490 0.036333 0.035865 0.035098 0.034052 0.032753 0.031232 0.029526 0.027673 0.025714 0.023687 0.021633 0.019587 0.017583 0.015648 0.013806 0.012077 0.010473 0.009005 0.007676 0.006488 0.005436 0.004516 0.003720 0.003037 0.002459 0.001974 0.001571 0.001240 0.000970 0.000753 0.000579 0.000441 0.000334 0.000250 0.000186 0.000137 0.000100 0.000073 0.000052 0.000037 0.000026 0.000018 0.000013 0.000009 0.000006 0.000004 0.000002 0.000001 0.000000 
0.000000 0.000001 0.000002 0.000004 0.000006 0.000009 0.000013 0.000019 0.000027 0.000038 0.000054 0.000076 0.000106 0.000146 0.000199 0.000271 0.000364 0.000485 0.000641 0.000841 0.001093 0.001409 0.001801 0.002282 0.002866 0.003570 0.004409 0.005399 0.006554 0.007888 0.009413 0.011137 0.013063 0.015192 0.017516 0.020023 0.022692 0.025496 0.028401 0.031366 0.034342 0.037278 0.040117 0.042802 0.045274 0.047477 0.049359 0.050874 0.051984 0.052662 0.052890 0.052662 0.051984 0.050874 0.049359 0.047477 0.045274 0.042802 0.040117 0.037278 0.034342 0.031366 0.028401 0.025496 0.022692 0.020023 0.017516 0.015192 0.013063 0.011137 0.009413 0.007888 0.006554 0.005399 0.004409 0.003570 0.002866 0.002282 0.001801 0.001409 0.001093 0.000841 0.000641 0.000485 0.000364 0.000271 0.000199 0.000146 0.000106 0.000076 0.000054 0.000038 0.000027 0.000019 0.000013 0.000008 0.000005 0.000003 0.000002 0.000000 
0.000000 0.000001 0.000003 0.000005 0.000008 0.000012 0.000018 0.000027 0.000039 0.000055 0.000078 0.000109 0.000152 0.000210 0.000287 0.000389 0.000523 0.000698 0.000923 0.001209 0.001572 0.002026 0.002588 0.003279 0.004119 0.005130 0.006334 0.007755 0.009413 0.011328 0.013516 0.015990 0.018754 0.021808 0.025142 0.028738 0.032567 0.036589 0.040755 0.045007 0.049275 0.053485 0.057557 0.061406 0.064950 0.068108 0.070806 0.072978 0.074570 0.075543 0.075869 0.075543 0.074570 0.072978 0.070806 0.068108 0.064950 0.061406 0.057557 0.053485 0.049275 0.045007 0.040755 0.036589 0.032567 0.028738 0.025142 0.021808 0.018754 0.015990 0.013516 0.011328 0.009413 0.007755 0.006334 0.005130 0.004119 0.003279 0.002588 0.002026 0.001572 0.001209 0.000923 0.000698 0.000523 0.000389 0.000287 0.000210 0.000152 0.000109 0.000078 0.000055 0.000039 0.000027 0.000018 0.000012 0.000008 0.000005 0.000002 0.000000 
0.000000 0.000002 0.000004 0.000008 0.000012 0.000018 0.000026 0.000038 0.000055 0.000079 0.000111 0.000156 0.000217 0.000299 0.000409 0.000555 0.000746 0.000995 0.001315 0.001723 0.002239 0.002885 0.003686 0.004669 0.005864 0.007302 0.009016 0.011036 0.013395 0.016119 0.019230 0.022747 0.026677 0.031019 0.035758 0.040869 0.046310 0.052026 0.057947 0.063988 0.070053 0.076035 0.081819 0.087288 0.092322 0.096809 0.100642 0.103727 0.105989 0.107370 0.107834 0.107370 0.105989 0.103727 0.100642 0.096809 0.092322 0.087288 0.081819 0.076035 0.070053 0.063988 0.057947 0.052026 0.046310 0.040869 0.035758 0.031019 0.026677 0.022747 0.019230 0.016119 0.013395 0.011036 0.009016 0.007302 0.005864 0.004669 0.003686 0.002885 0.002239 0.001723 0.001315 0.000995 0.000746 0.000555 0.000409 0.000299 0.000217 0.000156 0.000111 0.000079 0.000055 0.000038 0.000026 0.000017 0.000011 0.000007 0.000003 0.000000 
0.000000 0.000003 0.000006 0.000011 0.000017 0.000025 0.000037 0.000054 0.000078 0.000111 0.000157 0.000221 0.000307 0.000423 0.000578 0.000784 0.001054 0.001405 0.001857 0.002434 0.003162 0.004074 0.005203 0.006590 0.008276 0.010305 0.012721 0.015570 0.018896 0.022736 0.027122 0.032079 0.037618 0.043736 0.050415 0.057616 0.065282 0.073335 0.081676 0.090186 0.098728 0.107154 0.115301 0.123002 0.130093 0.136411 0.141809 0.146154 0.149339 0.151284 0.151937 0.151284 0.149339 0.146154 0.141809 0.136411 0.130093 0.123002 0.115301 0.107154 0.098728 0.090186 0.081676 0.073335 0.065282 0.057616 0.050415 0.043736 0.037618 0.032079 0.027122 0.022736 0.018896 0.015570 0.012721 0.010305 0.008276 0.006590 0.005203 0.004074 0.003162 0.002434 0.001857 0.001405 0.001054 0.000784 0.000578 0.000423 0.000307 0.000221 0.000157 0.000111 0.000078 0.000054 0.000037 0.000025 0.000016 0.000009 0.000004 0.000000 
0.000000 0.000004 0.000009 0.000015 0.000024 0.000035 0.000052 0.000076 0.000109 0.000156 0.000221 0.000309 0.000430 0.000593 0.000811 0.001099 0.001477 0.001968 0.002601 0.003408 0.004427 0.005703 0.007283 0.009223 0.011581 0.014418 0.017797 0.021781 0.026429 0.031797 0.037928 0.044856 0.052596 0.061145 0.070476 0.080537 0.091247 0.102496 0.114146 0.126032 0.137963 0.149730 0.161107 0.171863 0.181764 0.190587 0.198123 0.204191 0.208638 0.211353 0.212266 0.211353 0.208638 0.204191 0.198123 0.190587 0.181764 0.171863 0.161107 0.149730 0.137963 0.126032 0.114146 0.102496 0.091247 0.080537 0.070476 0.061145 0.052596 0.044856 0.037928 0.031797 0.026429 0.021781 0.017797 0.014418 0.011581 0.009223 0.007283 0.005703 0.004427 0.003408 0.002601 0.001968 0.001477 0.001099 0.000811 0.000593 0.000430 0.000309 0.000221 0.000156 0.000109 0.000076 0.000052 0.000035 0.000022 0.000013 0.000006 0.000000 
0.000000 0.000006 0.000012 0.000021 0.000033 0.000049 0.000073 0.000106 0.000152 0.000217 0.000307 0.000430 0.000598 0.000824 0.001127 0.001527 0.002052 0.002734 0.003612 0.004732 0.006146 0.007916 0.010109 0.012800 0.016070 0.020003 0.024688 0.030212 0.036656 0.044096 0.052594 0.062194 0.072920 0.084766 0.097694 0.111632 0.126468 0.142050 0.158187 0.174649 0.191173 0.207469 0.223224 0.238118 0.251829 0.264046 0.274482 0.282883 0.289041 0.292800 0.294064 0.292800 0.289041 0.282883 0.274482 0.264046 0.251829 0.238118 0.223224 0.207469 0.191173 0.174649 0.158187 0.142050 0.126468 0.111632 0.097694 0.084766 0.072920 0.062194 0.052594 0.044096 0.036656 0.030212 0.024688 0.020003 0.016070 0.012800 0.010109 0.007916 0.006146 0.004732 0.003612 0.002734 0.002052 0.001527 0.001127 0.000824 0.000598 0.000430 0.000307 0.000217 0.000152 0.000105 0.000072 0.000048 0.000031 0.000019 0.000009 0.000000 
0.000000 0.000008 0.000017 0.000029 0.000045 0.000068 0.000100 0.000146 0.000210 0.000299 0.000423 0.000593 0.000824 0.001136 0.001552 0.002103 0.002826 0.003765 0.004973 0.006514 0.008461 0.010896 0.013912 0.017614 0.022111 0.027520 0.033962 0.041555 0.050414 0.060640 0.072319 0.085513 0.100252 0.116528 0.134290 0.153438 0.173819 0.195223 0.217387 0.239998 0.262692 0.285072 0.306709 0.327162 0.345989 0.362765 0.377094 0.388630 0.397085 0.402247 0.403982 0.402247 0.397085 0.388630 0.377094 0.362765 0.345989 0.327162 0.306709 0.285072 0.262692 0.239998 0.217387 0.195223 0.173819 0.153438 0.134290 0.116528 0.100252 0.085513 0.072319 0.060640 0.050414 0.041555 0.033962 0.027520 0.022111 0.017614 0.013912 0.010896 0.008461 0.006514 0.004973 0.003765 0.002826 0.002103 0.001552 0.001136 0.000824 0.000593 0.000423 0.000299 0.000209 0.000145 0.000099 0.000067 0.000043 0.000026 0.000012 0.000000 
0.000000 0.000011 0.000024 0.000040 0.000062 0.000093 0.000137 0.000199 0.000287 0.000409 0.000578 0.000811 0.001127 0.001552 0.002121 0.002873 0.003860 0.005142 0.006791 0.008894 0.011550 0.014871 0.018987 0.024035 0.030168 0.037544 0.046327 0.056679 0.068755 0.082694 0.098612 0.116592 0.136676 0.158853 0.183053 0.209140 0.236903 0.266059 0.296250 0.327046 0.357955 0.388434 0.417900 0.445753 0.471391 0.494234 0.513746 0.529454 0.540968 0.547996 0.550359 0.547996 0.540968 0.529454 0.513746 0.494234 0.471391 0.445753 0.417900 0.388434 0.357955 0.327046 0.296250 0.266059 0.236903 0.209140 0.183053 0.158853 0.136676 0.116592 0.098612 0.082694 0.068755 0.056679 0.046327 0.037544 0.030168 0.024035 0.018987 0.014871 0.011550 0.008894 0.006791 0.005142 0.003860 0.002873 0.002121 0.001552 0.001126 0.000811 0.000578 0.000409 0.000286 0.000199 0.000136 0.000091 0.000059 0.000035 0.000016 0.000000 
0.000000 0.000015 0.000032 0.000054 0.000084 0.000126 0.000186 0.000271 0.000389 0.000555 0.000784 0.001099 0.001527 0.002103 0.002873 0.003892 0.005228 0.006963 0.009195 0.012041 0.015634 0.020128 0.025694 0.032522 0.040816 0.050790 0.062665 0.076660 0.092984 0.111824 0.133338 0.157636 0.184776 0.214741 0.247438 0.282681 0.320186 0.359571 0.400351 0.441946 0.483693 0.524856 0.564650 0.602263 0.636885 0.667733 0.694081 0.715292 0.730838 0.740328 0.743519 0.740328 0.730838 0.715292 0.694081 0.667733 0.636885 0.602263 0.564650 0.524856 0.483693 0.441946 0.400351 0.359571 0.320186 0.282681 0.247438 0.214741 0.184776 0.157636 0.133338 0.111824 0.092984 0.076660 0.062665 0.050790 0.040816 0.032522 0.025694 0.020128 0.015634 0.012041 0.009195 0.006963 0.005228 0.003892 0.002873 0.002103 0.001527 0.001099 0.000784 0.000554 0.000389 0.000269 0.000184 0.000124 0.000080 0.000047 0.000022 0.000000 
0.000000 0.000020 0.000043 0.000073 0.000113 0.000170 0.000250 0.000364 0.000523 0.000746 0.001054 0.001477 0.002052 0.002826 0.003860 0.005228 0.007021 0.009349 0.012345 0.016164 0.020985 0.027013 0.034480 0.043637 0.054759 0.068133 0.084055 0.102817 0.124698 0.149951 0.178784 0.211347 0.247714 0.287865 0.331672 0.378887 0.429131 0.481890 0.536513 0.592227 0.648140 0.703269 0.756562 0.806935 0.853299 0.894607 0.929890 0.958293 0.979110 0.991818 0.996090 0.991818 0.979110 0.958293 0.929890 0.894607 0.853299 0.806935 0.756562 0.703269 0.648140 0.592227 0.536513 0.481890 0.429131 0.378887 0.331672 0.287865 0.247714 0.211347 0.178784 0.149951 0.124698 0.102817 0.084055 0.068133 0.054759 0.043637 0.034480 0.027013 0.020985 0.016164 0.012345 0.009349 0.007021 0.005228 0.003860 0.002826 0.002051 0.001477 0.001054 0.000745 0.000522 0.000362 0.000248 0.000166 0.000107 0.000064 0.000030 0.000000 
0.000000 0.000027 0.000057 0.000097 0.000151 0.000227 0.000334 0.000485 0.000698 0.000995 0.001405 0.001968 0.002734 0.003765 0.005142 0.006963 0.009349 0.012448 0.016435 0.021516 0.027930 0.035949 0.045880 0.058059 0.072849 0.090632 0.111800 0.136742 0.165828 0.199392 0.237712 0.280985 0.329310 0.382659 0.440862 0.503589 0.570335 0.640418 0.712974 0.786975 0.861237 0.934455 1.005233 1.072128 1.133699 1.188555 1.235408 1.273124 1.300767 1.317641 1.323314 1.317641 1.300767 1.273124 1.235408 1.188555 1.133699 1.072128 1.005233 0.934455 0.861237 0.786975 0.712974 0.640418 0.570335 0.503589 0.440862 0.382659 0.329310 0.280985 0.237712 0.199392 0.165828 0.136742 0.111800 0.090632 0.072849 0.058059 0.045880 0.035949 0.027930 0.021516 0.016435 0.012448 0.009349 0.006963 0.005142 0.003765 0.002734 0.001968 0.001405 0.000994 0.000697 0.000483 0.000331 0.000222 0.000143 0.000085 0.000040 0.000000 
0.000000 0.000035 0.000076 0.000128 0.000200 0.000300 0.000441 0.000641 0.000923 0.001315 0.001857 0.002601 0.003612 0.004973 0.006791 0.009195 0.012345 0.016435 0.021696 0.028400 0.036861 0.047440 0.060538 0.076599 0.096102 0.119548 0.147455 0.180335 0.218674 0.262912 0.313413 0.370439 0.434115 0.504408 0.581091 0.663729 0.751657 0.843974 0.939546 1.037015 1.134824 1.231254 1.324467 1.412564 1.493647 1.565885 1.627583 1.677248 1.713650 1.735869 1.743339 1.735869 1.713650 1.677248 1.627583 1.565885 1.493647 1.412564 1.324467 1.231254 1.134824 1.037015 0.939546 0.843974 0.751657 0.663729 0.581091 0.504408 0.434115 0.370439 0.313413 0.262912 0.218674 0.180335 0.147455 0.119548 0.096102 0.076599 0.060538 0.047440 0.036861 0.028400 0.021696 0.016435 0.012345 0.009195 0.006791 0.004973 0.003612 0.002600 0.001856 0.001314 0.000921 0.000639 0.000437 0.000293 0.000190 0.000113 0.000052 0.000000 
0.000000 0.000046 0.000100 0.000168 0.000262 0.000393 0.000579 0.000841 0.001209 0.001723 0.002434 0.003408 0.004732 0.006514 0.008894 0.012041 0.016164 0.021516 0.028400 0.037170 0.048239 0.062075 0.079206 0.100209 0.125710 0.156365 0.192848 0.235828 0.285940 0.343757 0.409755 0.484274 0.567477 0.659319 0.759505 0.867463 0.982325 1.102915 1.227750 1.355056 1.482802 1.608741 1.730476 1.845525 1.951411 2.045744 2.126312 2.191166 2.238699 2.267713 2.277468 2.267713 2.238699 2.191166 2.126312 2.045744 1.951411 1.845525 1.730476 1.608741 1.482802 1.355056 1.227750 1.102915 0.982325 0.867463 0.759505 0.659319 0.567477 0.484274 0.409755 0.343757 0.285940 0.235828 0.192848 0.156365 0.125710 0.100209 0.079206 0.062075 0.048239 0.037170 0.028400 0.021516 0.016164 0.012041 0.008894 0.006514 0.004731 0.003407 0.002433 0.001722 0.001207 0.000838 0.000573 0.000385 0.000249 0.000148 0.000069 0.000000 
0.000000 0.000060 0.000130 0.000219 0.000341 0.000511 0.000753 0.001093 0.001572 0.002239 0.003162 0.004427 0.006146 0.008461 0.011550 0.015634 0.020985 0.027930 0.036861 0.048239 0.062596 0.080542 0.102757 0.129993 0.163057 0.202800 0.250095 0.305805 0.370756 0.445687 0.531214 0.627775 0.735583 0.854575 0.984369 1.124225 1.273016 1.429218 1.590912 1.755799 1.921248 2.084352 2.242004 2.390994 2.528115 2.650271 2.754601 2.838580 2.900130 2.937700 2.950331 2.937700 2.900130 2.838580 2.754601 2.650271 2.528115 2.390994 2.242004 2.084352 1.921248 1.755799 1.590912 1.429218 1.273016 1.124225 0.984369 0.854575 0.735583 0.627775 0.531214 0.445687 0.370756 0.305805 0.250095 0.202800 0.163057 0.129993 0.102757 0.080542 0.062596 0.048239 0.036861 0.027930 0.020985 0.015634 0.011550 0.008461 0.006146 0.004426 0.003161 0.002237 0.001569 0.001089 0.000745 0.000500 0.000323 0.000192 0.000090 0.000000 
0.000000 0.000078 0.000167 0.000282 0.000439 0.000659 0.000970 0.001409 0.002026 0.002885 0.004074 0.005703 0.007916 0.010896 0.014871 0.020128 0.027013 0.035949 0.047440 0.062075 0.080542 0.103621 0.132189 0.167209 0.209718 0.260811 0.321605 0.393212 0.476687 0.572983 0.682887 0.806962 0.945478 1.098354 1.265097 1.444756 1.635884 1.836521 2.044201 2.255974 2.468461 2.677927 2.880385 3.071715 3.247797 3.404660 3.538628 3.646464 3.725498 3.773740 3.789959 3.773740 3.725498 3.646464 3.538628 3.404660 3.247797 3.071715 2.880385 2.677927 2.468461 2.255974 2.044201 1.836521 1.635884 1.444756 1.265097 1.098354 0.945478 0.806962 0.682887 0.572983 0.476687 0.393212 0.321605 0.260811 0.209718 0.167209 0.132189 0.103621 0.080542 0.062075 0.047439 0.035949 0.027013 0.020128 0.014871 0.010895 0.007915 0.005702 0.004072 0.002883 0.002022 0.001403 0.000961 0.000645 0.000417 0.000248 0.000115 0.000000 
0.000000 0.000099 0.000214 0.000361 0.000561 0.000843 0.001240 0.001801 0.002588 0.003686 0.005203 0.007283 0.010109 0.013912 0.018987 0.025694 0.034480 0.045880 0.060538 0.079206 0.102757 0.132189 0.168616 0.213265 0.267459 0.332589 0.410079 0.501344 0.607727 0.730439 0.870483 1.028571 1.205048 1.399809 1.612223 1.841078 2.084529 2.340080 2.604590 2.874302 3.144911 3.411665 3.669487 3.913129 4.137350 4.337093 4.507679 4.644988 4.745623 4.807048 4.827700 4.807048 4.745623 4.644988 4.507679 4.337093 4.137350 3.913129 3.669487 3.411665 3.144911 2.874302 2.604590 2.340080 2.084529 1.841078 1.612223 1.399809 1.205048 1.028571 0.870483 0.730439 0.607727 0.501344 0.410079 0.332589 0.267459 0.213265 0.168616 0.132189 0.102757 0.079206 0.060538 0.045880 0.034479 0.025694 0.018986 0.013912 0.010108 0.007282 0.005202 0.003683 0.002583 0.001793 0.001228 0.000824 0.000533 0.000317 0.000148 0.000000 
0.000000 0.000126 0.000271 0.000457 0.000712 0.001068 0.001571 0.002282 0.003279 0.004669 0.006590 0.009223 0.012800 0.017614 0.024035 0.032522 0.043637 0.058059 0.076599 0.100209 0.129993 0.167209 0.213265 0.269713 0.338221 0.420545 0.518486 0.633826 0.768263 0.923324 1.100271 1.300006 1.522959 1.768995 2.037318 2.326393 2.633888 2.956653 3.290717 3.631337 3.973078 4.309939 4.635510 4.943167 5.226293 5.478506 5.693899 5.867272 5.994337 6.071894 6.097969 6.071894 5.994337 5.867272 5.693899 5.478506 5.226293 4.943167 4.635510 4.309939 3.973078 3.631337 3.290717 2.956653 2.633888 2.326393 2.037318 1.768995 1.522959 1.300006 1.100271 0.923324 0.768263 0.633826 0.518486 0.420545 0.338221 0.269713 0.213265 0.167209 0.129993 0.100209 0.076599 0.058059 0.043637 0.032522 0.024035 0.017613 0.012799 0.009222 0.006588 0.004665 0.003273 0.002272 0.001556 0.001044 0.000675 0.000402 0.000187 0.000000 
0.000000 0.000158 0.000340 0.000575 0.000894 0.001342 0.001974 0.002866 0.004119 0.005864 0.008276 0.011581 0.016070 0.022111 0.030168 0.040816 0.054759 0.072849 0.096102 0.125710 0.163057 0.209718 0.267459 0.338221 0.424093 0.527275 0.650021 0.794561 0.963019 1.157307 1.379003 1.629232 1.908533 2.216733 2.552831 2.914904 3.300031 3.704263 4.122629 4.549188 4.977136 5.398959 5.806632 6.191865 6.546372 6.862166 7.131854 7.348927 7.508018 7.605123 7.637769 7.605123 7.508018 7.348927 7.131854 6.862166 6.546372 6.191865 5.806632 5.398959 4.977136 4.549188 4.122629 3.704263 3.300031 2.914904 2.552831 2.216733 1.908533 1.629232 1.379003 1.157307 0.963019 0.794561 0.650021 0.527275 0.424093 0.338221 0.267459 0.209718 0.163057 0.125710 0.096101 0.072849 0.054759 0.040815 0.030167 0.022110 0.016068 0.011579 0.008273 0.005859 0.004111 0.002854 0.001955 0.001312 0.000849 0.000505 0.000235 0.000000 
0.000000 0.000197 0.000424 0.000716 0.001114 0.001672 0.002459 0.003570 0.005130 0.007302 0.010305 0.014418 0.020003 0.027520 0.037544 0.050790 0.068133 0.090632 0.119548 0.156365 0.202800 0.260811 0.332589 0.420545 0.527275 0.655510 0.808045 0.987651 1.196963 1.438351 1.713774 2.024625 2.371571 2.754393 3.171847 3.621538 4.099841 4.601849 5.121388 5.651082 6.182483 6.706260 7.212454 7.690772 8.130930 8.523015 8.857850 9.127357 9.324874 9.445432 9.485964 9.445432 9.324874 9.127357 8.857850 8.523015 8.130930 7.690772 7.212454 6.706260 6.182483 5.651082 5.121388 4.601849 4.099841 3.621538 3.171847 2.754393 2.371571 2.024625 1.713774 1.438351 1.196963 0.987651 0.808045 0.655510 0.527275 0.420545 0.332589 0.260811 0.202800 0.156365 0.119548 0.090632 0.068133 0.050790 0.037543 0.027519 0.020002 0.014416 0.010301 0.007296 0.005120 0.003555 0.002436 0.001635 0.001058 0.000630 0.000293 0.000000 
0.000000 0.000243 0.000524 0.000885 0.001377 0.002065 0.003037 0.004409 0.006334 0.009016 0.012721 0.017797 0.024688 0.033962 0.046327 0.062665 0.084055 0.111800 0.147455 0.192848 0.250095 0.321605 0.410079 0.518486 0.650021 0.808045 0.996001 1.217298 1.475178 1.772558 2.111846 2.494754 2.922099 3.393609 3.907746 4.461561 5.050586 5.668777 6.308531 6.960766 7.615081 8.259990 8.883232 9.472138 10.014050 10.496766 10.908994 11.240789 11.483953 11.632373 11.682271 11.632373 11.483953 11.240789 10.908994 10.496766 10.014050 9.472138 8.883232 8.259990 7.615081 6.960766 6.308531 5.668777 5.050586 4.461561 3.907746 3.393609 2.922099 2.494754 2.111846 1.772558 1.475178 1.217298 0.996001 0.808045 0.650021 0.518486 0.410079 0.321605 0.250095 0.192848 0.147455 0.111800 0.084055 0.062665 0.046326 0.033961 0.024687 0.017794 0.012716 0.009008 0.006322 0.004390 0.003008 0.002020 0.001307 0.000778 0.000362 0.000000 
0.000000 0.000298 0.000642 0.001084 0.001686 0.002529 0.003720 0.005399 0.007755 0.011036 0.015570 0.021781 0.030212 0.041555 0.056679 0.076660 0.102817 0.136742 0.180335 0.235828 0.305805 0.393212 0.501344 0.633826 0.794561 0.987651 1.217298 1.487663 1.802702 2.165971 2.580410 3.048103 3.570043 4.145895 4.773776 5.450082 6.169353 6.924210 7.705367 8.501736 9.300619 10.087995 10.848897 11.567863 12.229443 12.818745 13.321987 13.727033 14.023879 14.205063 14.265976 14.205063 14.023879 13.727033 13.321987 12.818745 12.229443 11.567863 10.848897 10.087995 9.300619 8.501736 7.705367 6.924210 6.169353 5.450082 4.773776 4.145895 3.570043 3.048103 2.580410 2.165971 1.802702 1.487663 1.217298 0.987651 0.794561 0.633826 0.501344 0.393212 0.305805 0.235828 0.180335 0.136742 0.102816 0.076660 0.056678 0.041554 0.030210 0.021777 0.015565 0.011027 0.007740 0.005376 0.003684 0.002474 0.001600 0.000953 0.000444 0.000000 
0.000000 0.000362 0.000780 0.001317 0.002048 0.003071 0.004516 0.006554 0.009413 0.013395 0.018896 0.026429 0.036656 0.050414 0.068755 0.092984 0.124698 0.165828 0.218674 0.285940 0.370756 0.476687 0.607727 0.768263 0.963019 1.196963 1.475178 1.802702 2.184319 2.624334 3.126298 3.692732 4.324833 5.022188 5.782516 6.601447 7.472367 8.386340 9.332124 10.296293 11.263476 12.216701 13.137853 14.008218 14.809097 15.522467 16.131650 16.621960 16.981290 17.200611 17.274346 17.200611 16.981290 16.621960 16.131650 15.522467 14.809097 14.008218 13.137853 12.216701 11.263476 10.296293 9.332124 8.386340 7.472367 6.601447 5.782516 5.022188 4.324833 3.692732 3.126298 2.624334 2.184319 1.802702 1.475178 1.196963 0.963019 0.768263 0.607727 0.476687 0.370756 0.285940 0.218673 0.165827 0.124698 0.092983 0.068754 0.050412 0.036653 0.026425 0.018889 0.013384 0.009395 0.006526 0.004472 0.003004 0.001943 0.001157 0.000539 0.000000 
0.000000 0.000436 0.000939 0.001585 0.002465 0.003697 0.005436 0.007888 0.011328 0.016119 0.022736 0.031797 0.044096 0.060640 0.082694 0.111824 0.149951 0.199392 0.262912 0.343757 0.445687 0.572983 0.730439 0.923324 1.157307 1.438351 1.772558 2.165971 2.624334 3.152806 3.755648 4.435880 5.194934 6.032308 6.945257 7.928531 8.974186 10.071491 11.206947 12.364440 13.525516 14.669807 15.775569 16.820343 17.781690 18.637980 19.369200 19.957727 20.389034 20.652284 20.740788 20.652284 20.389034 19.957727 19.369200 18.637980 17.781690 16.820343 15.775569 14.669807 13.525516 12.364440 11.206947 10.071491 8.974186 7.928531 6.945257 6.032308 5.194934 4.435880 3.755648 3.152806 2.624334 2.165971 1.772558 1.438351 1.157307 0.923324 0.730439 0.572983 0.445687 0.343757 0.262911 0.199392 0.149950 0.111823 0.082692 0.060638 0.044093 0.031792 0.022727 0.016105 0.011307 0.007855 0.005384 0.003616 0.002340 0.001394 0.000649 0.000000 
0.000000 0.000521 0.001122 0.001893 0.002943 0.004413 0.006488 0.009413 0.013516 0.019230 0.027122 0.037928 0.052594 0.072319 0.098612 0.133338 0.178784 0.237712 0.313413 0.409755 0.531214 0.682887 0.870483 1.100271 1.379003 1.713774 2.111846 2.580410 3.126298 3.755648 4.473526 5.283522 6.187331 7.184351 8.271309 9.441947 10.686807 11.993109 13.344785 14.722652 16.104746 17.466824 18.783011 20.026579 21.170825 22.190012 23.060325 23.760794 24.274135 24.587453 24.692790 24.587453 24.274135 23.760794 23.060325 22.190012 21.170825 20.026579 18.783011 17.466824 16.104746 14.722652 13.344785 11.993109 10.686807 9.441947 8.271309 7.184351 6.187331 5.283522 4.473526 3.755648 3.126298 2.580410 2.111846 1.713774 1.379003 1.100271 0.870483 0.682887 0.531214 0.409755 0.313413 0.237711 0.178783 0.133337 0.098610 0.072317 0.052590 0.037922 0.027112 0.019215 0.013491 0.009373 0.006425 0.004316 0.002793 0.001663 0.000775 0.000000 
0.000000 0.000616 0.001328 0.002240 0.003483 0.005222 0.007676 0.011137 0.015990 0.022747 0.032079 0.044856 0.062194 0.085513 0.116592 0.157636 0.211347 0.280985 0.370439 0.484274 0.627775 0.806962 1.028571 1.300006 1.629232 2.024625 2.494754 3.048103 3.692732 4.435880 5.283522 6.239886 7.306967 8.484046 9.767252 11.149195 12.618702 14.160689 15.756186 17.382550 19.013861 20.621508 22.174957 23.642667 24.993130 26.195979 27.223114 28.049794 28.655623 29.025390 29.149704 29.025390 28.655623 28.049794 27.223114 26.195979 24.993130 23.642667 22.174957 20.621508 19.013861 17.382550 15.756186 14.160689 12.618702 11.149195 9.767252 8.484046 7.306967 6.239886 5.283522 4.435880 3.692732 3.048103 2.494754 2.024625 1.629232 1.300005 1.028571 0.806962 0.627775 0.484274 0.370438 0.280985 0.211346 0.157635 0.116590 0.085511 0.062190 0.044849 0.032068 0.022729 0.015960 0.011089 0.007602 0.005107 0.003305 0.001969 0.000917 0.000000 
0.000000 0.000723 0.001558 0.002628 0.004086 0.006127 0.009005 0.013063 0.018754 0.026677 0.037618 0.052596 0.072920 0.100252 0.136676 0.184776 0.247714 0.329310 0.434115 0.567477 0.735583 0.945478 1.205048 1.522959 1.908533 2.371571 2.922099 3.570043 4.324833 5.194934 6.187331 7.306967 8.556167 9.934082 11.436173 13.053785 14.773834 16.578662 18.446066 20.349545 22.258766 24.140249 25.958264 27.675907 29.256313 30.663949 31.865943 32.833347 33.542301 33.975008 34.120483 33.975008 33.542301 32.833347 31.865943 30.663949 29.256313 27.675907 25.958264 24.140249 22.258766 20.349545 18.446066 16.578662 14.773834 13.053785 11.436173 9.934082 8.556167 7.306967 6.187331 5.194934 4.324833 3.570043 2.922099 2.371571 1.908533 1.522959 1.205048 0.945478 0.735583 0.567477 0.434115 0.329309 0.247713 0.184775 0.136674 0.100249 0.072915 0.052588 0.037604 0.026655 0.018719 0.013008 0.008918 0.005991 0.003878 0.002310 0.001076 0.000000 
0.000000 0.000841 0.001812 0.003058 0.004754 0.007126 0.010473 0.015192 0.021808 0.031019 0.043736 0.061145 0.084766 0.116528 0.158853 0.214741 0.287865 0.382659 0.504408 0.659319 0.854575 1.098354 1.399809 1.768995 2.216733 2.754393 3.393609 4.145895 5.022188 6.032308 7.184351 8.484046 9.934082 11.533464 13.276917 15.154388 17.150687 19.245318 21.412511 23.621514 25.837128 28.020504 30.130188 32.123363 33.957257 35.590650 36.985404 38.107938 38.930572 39.432662 39.601462 39.432662 38.930572 38.107938 36.985404 35.590650 33.957257 32.123363 30.130188 28.020504 25.837128 23.621514 21.412511 19.245318 17.150687 15.154388 13.276917 11.533464 9.934082 8.484046 7.184351 6.032308 5.022188 4.145895 3.393609 2.754393 2.216733 1.768995 1.399809 1.098354 0.854575 0.659319 0.504408 0.382658 0.287864 0.214740 0.158851 0.116524 0.084760 0.061135 0.043720 0.030993 0.021767 0.015127 0.010372 0.006968 0.004511 0.002687 0.001252 0.000000 
0.000000 0.000970 0.002090 0.003527 0.005482 0.008218 0.012077 0.017516 0.025142 0.035758 0.050415 0.070476 0.097694 0.134290 0.183053 0.247438 0.331672 0.440862 0.581091 0.759505 0.984369 1.265097 1.612223 2.037318 2.552831 3.171847 3.907746 4.773776 5.782516 6.945257 8.271309 9.767252 11.436173 13.276917 15.283404 17.444057 19.741392 22.151816 24.645678 27.187589 29.737049 32.249363 34.676839 36.970216 39.080293 40.959651 42.564418 43.855966 44.802453 45.380133 45.574346 45.380133 44.802453 43.855966 42.564418 40.959651 39.080293 36.970216 34.676839 32.249363 29.737049 27.187589 24.645678 22.151816 19.741392 17.444057 15.283404 13.276917 11.436173 9.767252 8.271309 6.945257 5.782516 4.773776 3.907746 3.171847 2.552831 2.037318 1.612223 1.265097 0.984369 0.759504 0.581091 0.440862 0.331671 0.247436 0.183051 0.134286 0.097687 0.070465 0.050396 0.035729 0.025095 0.017441 0.011960 0.008036 0.005202 0.003099 0.001444 0.000000 
0.000000 0.001110 0.002390 0.004032 0.006268 0.009395 0.013806 0.020023 0.028738 0.040869 0.057616 0.080537 0.111632 0.153438 0.209140 0.282681 0.378887 0.503589 0.663729 0.867463 1.124225 1.444756 1.841078 2.326393 2.914904 3.621538 4.461561 5.450082 6.601447 7.928531 9.441947 11.149195 13.053785 15.154388 17.444057 19.909574 22.530984 25.281362 28.126875 31.027145 33.935967 36.802352 39.571894 42.188402 44.595750 46.739851 48.570661 50.044121 51.123914 51.782954 52.004518 51.782954 51.123914 50.044121 48.570661 46.739851 44.595750 42.188402 39.571894 36.802352 33.935967 31.027145 28.126875 25.281362 22.530984 19.909574 17.444057 15.154388 13.053785 11.149195 9.441947 7.928531 6.601447 5.450082 4.461561 3.621538 2.914904 2.326393 1.841078 1.444756 1.124224 0.867462 0.663729 0.503588 0.378886 0.282679 0.209137 0.153433 0.111624 0.080524 0.057595 0.040835 0.028684 0.019937 0.013672 0.009187 0.005948 0.003544 0.001651 0.000000 
0.000000 0.001258 0.002710 0.004571 0.007105 0.010649 0.015648 0.022692 0.032567 0.046310 0.065282 0.091247 0.126468 0.173819 0.236903 0.320186 0.429131 0.570335 0.751657 0.982325 1.273016 1.635884 2.084529 2.633888 3.300031 4.099841 5.050586 6.169353 7.472367 8.974186 10.686807 12.618702 14.773834 17.150687 19.741392 22.530984 25.496879 28.608614 31.827906 35.109078 38.399860 41.642576 44.775681 47.735622 50.458915 52.884385 54.955434 56.622228 57.843695 58.589202 58.839836 58.589202 57.843695 56.622228 54.955434 52.884385 50.458915 47.735622 44.775681 41.642576 38.399860 35.109078 31.827906 28.608614 25.496879 22.530984 19.741392 17.150687 14.773834 12.618702 10.686807 8.974186 7.472367 6.169353 5.050586 4.099841 3.300031 2.633888 2.084529 1.635883 1.273016 0.982325 0.751656 0.570335 0.429130 0.320184 0.236900 0.173813 0.126459 0.091232 0.065258 0.046272 0.032505 0.022595 0.015496 0.010413 0.006742 0.004017 0.001871 0.000000 
0.000000 0.001414 0.003046 0.005137 0.007985 0.011967 0.017583 0.025496 0.036589 0.052026 0.073335 0.102496 0.142050 0.195223 0.266059 0.359571 0.481890 0.640418 0.843974 1.102915 1.429218 1.836521 2.340080 2.956653 3.704263 4.601849 5.668777 6.924210 8.386340 10.071491 11.993109 14.160689 16.578662 19.245318 22.151816 25.281362 28.608614 32.099392 35.710750 39.391450 43.082863 46.720296 50.234725 53.554869 56.609530 59.330103 61.653113 63.522676 64.892729 65.728921 66.010042 65.728921 64.892729 63.522676 61.653113 59.330103 56.609530 53.554869 50.234725 46.720296 43.082863 39.391450 35.710750 32.099392 28.608614 25.281362 22.151816 19.245318 16.578662 14.160689 11.993109 10.071491 8.386340 6.924210 5.668777 4.601849 3.704263 2.956653 2.340080 1.836521 1.429218 1.102915 0.843974 0.640417 0.481888 0.359569 0.266056 0.195216 0.142040 0.102479 0.073308 0.051983 0.036520 0.025387 0.017412 0.011701 0.007576 0.004514 0.002103 0.000000 
0.000000 0.001576 0.003394 0.005724 0.008896 0.013332 0.019587 0.028401 0.040755 0.057947 0.081676 0.114146 0.158187 0.217387 0.296250 0.400351 0.536513 0.712974 0.939546 1.227750 1.590912 2.044201 2.604590 3.290717 4.122629 5.121388 6.308531 7.705367 9.332124 11.206947 13.344785 15.756186 18.446066 21.412511 24.645678 28.126875 31.827906 35.710750 39.727636 43.821576 47.927360 51.973043 55.881861 59.574546 62.971923 65.997700 68.581295 70.660563 72.184286 73.114265 73.426916 73.114265 72.184286 70.660563 68.581295 65.997700 62.971923 59.574546 55.881861 51.973043 47.927360 43.821576 39.727636 35.710750 31.827906 28.126875 24.645678 21.412511 18.446066 15.756186 13.344785 11.206947 9.332124 7.705367 6.308531 5.121388 4.122629 3.290717 2.604590 2.044201 1.590911 1.227750 0.939546 0.712974 0.536512 0.400349 0.296246 0.217380 0.158175 0.114127 0.081646 0.057899 0.040678 0.028279 0.019397 0.013036 0.008441 0.005030 0.002343 0.000000 
0.000000 0.001741 0.003749 0.006323 0.009827 0.014725 0.021633 0.031366 0.045007 0.063988 0.090186 0.126032 0.174649 0.239998 0.327046 0.441946 0.592227 0.786975 1.037015 1.355056 1.755799 2.255974 2.874302 3.631337 4.549188 5.651082 6.960766 8.501736 10.296293 12.364440 14.722652 17.382550 20.349545 23.621514 27.187589 31.027145 35.109078 39.391450 43.821576 48.336604 52.864624 57.326298 61.636980 65.709260 69.455840 72.792595 75.641702 77.934641 79.614937 80.640475 80.985252 80.640475 79.614937 77.934641 75.641702 72.792595 69.455840 65.709260 61.636980 57.326298 52.864624 48.336604 43.821576 39.391450 35.109078 31.027145 27.187589 23.621514 20.349545 17.382550 14.722652 12.364440 10.296293 8.501736 6.960766 5.651082 4.549188 3.631337 2.874302 2.255974 1.755799 1.355056 1.037014 0.786974 0.592225 0.441944 0.327041 0.239990 0.174636 0.126011 0.090152 0.063935 0.044921 0.031231 0.021422 0.014398 0.009324 0.005556 0.002588 0.000000 
0.000000 0.001906 0.004106 0.006925 0.010761 0.016124 0.023687 0.034342 0.049275 0.070053 0.098728 0.137963 0.191173 0.262692 0.357955 0.483693 0.648140 0.861237 1.134824 1.482802 1.921248 2.468461 3.144911 3.973078 4.977136 6.182483 7.615081 9.300619 11.263476 13.525516 16.104746 19.013861 22.258766 25.837128 29.737049 33.935967 38.399860 43.082863 47.927360 52.864624 57.816024 62.694811 67.408435 71.861326 75.958038 79.606598 82.721919 85.229093 87.066377 88.187726 88.564713 88.187726 87.066377 85.229093 82.721919 79.606598 75.958038 71.861326 67.408435 62.694811 57.816024 52.864624 47.927360 43.082863 38.399860 33.935967 29.737049 25.837128 22.258766 19.013861 16.104746 13.525516 11.263476 9.300619 7.615081 6.182483 4.977136 3.973078 3.144911 2.468460 1.921248 1.482802 1.134823 0.861236 0.648138 0.483690 0.357950 0.262684 0.191159 0.137941 0.098692 0.069994 0.049182 0.034195 0.023457 0.015766 0.010210 0.006084 0.002834 0.000000 
0.000000 0.002070 0.004458 0.007518 0.011682 0.017505 0.025714 0.037278 0.053485 0.076035 0.107154 0.149730 0.207469 0.285072 0.388434 0.524856 0.703269 0.934455 1.231254 1.608741 2.084352 2.677927 3.411665 4.309939 5.398959 6.706260 8.259990 10.087995 12.216701 14.669807 17.466824 20.621508 24.140249 28.020504 32.249363 36.802352 41.642576 46.720296 51.973043 57.326298 62.694811 67.984532 73.095123 77.922979 82.364626 86.320359 89.697941 92.416166 94.408103 95.623839 96.032557 95.623839 94.408103 92.416166 89.697941 86.320359 82.364626 77.922979 73.095123 67.984532 62.694811 57.326298 51.973043 46.720296 41.642576 36.802352 32.249363 28.020504 24.140249 20.621508 17.466824 14.669807 12.216701 10.087995 8.259990 6.706260 5.398959 4.309939 3.411665 2.677927 2.084351 1.608741 1.231253 0.934453 0.703267 0.524852 0.388428 0.285063 0.207454 0.149705 0.107114 0.075971 0.053384 0.037118 0.025463 0.017116 0.011084 0.006605 0.003077 0.000000 
0.000000 0.002228 0.004798 0.008092 0.012574 0.018840 0.027673 0.040117 0.057557 0.081819 0.115301 0.161107 0.223224 0.306709 0.417900 0.564650 0.756562 1.005233 1.324467 1.730476 2.242004 2.880385 3.669487 4.635510 5.806632 7.212454 8.883232 10.848897 13.137853 15.775569 18.783011 22.174957 25.958264 30.130188 34.676839 39.571894 44.775681 50.234725 55.881861 61.636980 67.408435 73.095123 78.589188 83.779258 88.554108 92.806565 96.437484 99.359579 101.500906 102.807817 103.247187 102.807817 101.500906 99.359579 96.437484 92.806565 88.554108 83.779258 78.589188 73.095123 67.408435 61.636980 55.881861 50.234725 44.775681 39.571894 34.676839 30.130188 25.958264 22.174957 18.783011 15.775569 13.137853 10.848897 8.883232 7.212454 5.806632 4.635510 3.669486 2.880385 2.242003 1.730475 1.324466 1.005231 0.756560 0.564646 0.417894 0.306699 0.223208 0.161081 0.115258 0.081751 0.057447 0.039945 0.027404 0.018421 0.011930 0.007109 0.003312 0.000000 
