0.000000 0.000000 0.000000 0.000000 0.000000 0.000000 0.000000 0.000000 0.000000 0.000000 0.000000 0.000000 0.000000 0.000000 0.000000 0.000000 0.000000 0.000000 0.000000 0.000000 0.000000 0.000000 0.000000 0.000000 0.000000 0.000000 0.000000 0.000000 0.000000 0.000000 0.000000 0.000000 0.000000 0.000000 0.000000 0.000000 0.000000 0.000000 0.000000 0.000000 0.000000 0.000000 0.000000 0.000000 0.000000 0.000000 0.000000 0.000000 0.000000 0.000000 0.000000 0.000000 0.000000 0.000000 0.000000 0.000000 0.000000 0.000000 0.000000 0.000000 0.000000 0.000000 0.000000 0.000000 0.000000 0.000000 0.000000 0.000000 0.000000 0.000000 0.000000 0.000000 0.000000 0.000000 0.000000 0.000000 0.000000 0.000000 0.000000 0.000000 0.000000 0.000000 0.000000 0.000000 0.000000 0.000000 0.000000 0.000000 0.000000 0.000000 0.000000 0.000000 0.000000 0.000000 0.000000 0.000000 0.000000 0.000000 0.000000 0.000000 
0.000000 0.000000 0.000000 0.000000 0.000000 0.000000 0.000000 0.000000 0.000000 0.000000 0.000001 0.000001 0.000001 0.000002 0.000002 0.000003 0.000004 0.000006 0.000008 0.000011 0.000015 0.000020 0.000026 0.000034 0.000043 0.000056 0.000070 0.000088 0.000110 0.000135 0.000164 0.000198 0.000237 0.000281 0.000329 0.000382 0.000440 0.000501 0.000565 0.000631 0.000699 0.000766 0.000832 0.000894 0.000952 0.001004 0.001049 0.001085 0.001112 0.001128 0.001133 0.001128 0.001112 0.001085 0.001049 0.001004 0.000952 0.000894 0.000832 0.000766 0.000699 0.000631 0.000565 0.000501 0.000440 0.000382 0.000329 0.000281 0.000237 0.000198 0.000164 0.000135 0.000110 0.000088 0.000070 0.000056 0.000043 0.000034 0.000026 0.000020 0.000015 0.000011 0.000008 0.000006 0.000004 0.000003 0.000002 0.000002 0.000001 0.000001 0.000001 0.000000 0.000000 0.000000 0.000000 0.000000 0.000000 0.000000 0.000000 0.000000 
0.000000 0.000000 0.000000 0.000000 0.000000 0.000000 0.000000 0.000000 0.000001 0.000001 0.000001 0.000002 0.000002 0.000003 0.000005 0.000007 0.000009 0.000013 0.000018 0.000024 0.000032 0.000043 0.000057 0.000074 0.000095 0.000122 0.000154 0.000193 0.000240 0.000296 0.000360 0.000435 0.000520 0.000615 0.000721 0.000838 0.000964 0.001098 0.001239 0.001385 0.001532 0.001680 0.001823 0.001960 0.002088 0.002202 0.002299 0.002379 0.002437 0.002472 0.002484 0.002472 0.002437 0.002379 0.002299 0.002202 0.002088 0.001960 0.001823 0.001680 0.001532 0.001385 0.001239 0.001098 0.000964 0.000838 0.000721 0.000615 0.000520 0.000435 0.000360 0.000296 0.000240 0.000193 0.000154 0.000122 0.000095 0.000074 0.000057 0.000043 0.000032 0.000024 0.000018 0.000013 0.000009 0.000007 0.000005 0.000003 0.000002 0.000002 0.000001 0.000001 0.000001 0.000000 0.000000 0.000000 0.000000 0.000000 0.000000 0.000000 
0.000000 0.000000 0.000000 0.000000 0.000000 0.000000 0.000000 0.000001 0.000001 0.000001 0.000002 0.000003 0.000004 0.000006 0.000008 0.000012 0.000016 0.000023 0.000031 0.000042 0.000056 0.000075 0.000098 0.000128 0.000165 0.000211 0.000268 0.000336 0.000417 0.000513 0.000625 0.000754 0.000901 0.001067 0.001251 0.001452 0.001671 0.001903 0.002147 0.002399 0.002655 0.002910 0.003159 0.003397 0.003617 0.003814 0.003984 0.004121 0.004221 0.004283 0.004304 0.004283 0.004221 0.004121 0.003984 0.003814 0.003617 0.003397 0.003159 0.002910 0.002655 0.002399 0.002147 0.001903 0.001671 0.001452 0.001251 0.001067 0.000901 0.000754 0.000625 0.000513 0.000417 0.000336 0.000268 0.000211 0.000165 0.000128 0.000098 0.000075 0.000056 0.000042 0.000031 0.000023 0.000016 0.000012 0.000008 0.000006 0.000004 0.000003 0.000002 0.000001 0.000001 0.000001 0.000000 0.000000 0.000000 0.000000 0.000000 0.000000 
0.000000 0.000000 0.000000 0.000000 0.000000 0.000000 0.000001 0.000001 0.000001 0.000002 0.000003 0.000005 0.000007 0.000010 0.000014 0.000019 0.000027 0.000037 0.000050 0.000068 0.000091 0.000120 0.000158 0.000206 0.000266 0.000340 0.000430 0.000540 0.000670 0.000824 0.001004 0.001212 0.001448 0.001714 0.002010 0.002334 0.002684 0.003058 0.003450 0.003854 0.004265 0.004675 0.005075 0.005456 0.005809 0.006126 0.006398 0.006618 0.006780 0.006878 0.006912 0.006878 0.006780 0.006618 0.006398 0.006126 0.005809 0.005456 0.005075 0.004675 0.004265 0.003854 0.003450 0.003058 0.002684 0.002334 0.002010 0.001714 0.001448 0.001212 0.001004 0.000824 0.000670 0.000540 0.000430 0.000340 0.000266 0.000206 0.000158 0.000120 0.000091 0.000068 0.000050 0.000037 0.000027 0.000019 0.000014 0.000010 0.000007 0.000005 0.000003 0.000002 0.000001 0.000001 0.000001 0.000000 0.000000 0.000000 0.000000 0.000000 
0.000000 0.000000 0.000000 0.000000 0.000000 0.000001 0.000001 0.000002 0.000002 0.000003 0.000005 0.000007 0.000010 0.000015 0.000021 0.000030 0.000041 0.000057 0.000078 0.000105 0.000141 0.000188 0.000247 0.000321 0.000414 0.000530 0.000670 0.000840 0.001043 0.001283 0.001563 0.001886 0.002253 0.002667 0.003126 0.003630 0.004174 0.004755 0.005363 0.005992 0.006631 0.007267 0.007888 0.008480 0.009028 0.009521 0.009943 0.010284 0.010536 0.010689 0.010741 0.010689 0.010536 0.010284 0.009943 0.009521 0.009028 0.008480 0.007888 0.007267 0.006631 0.005992 0.005363 0.004755 0.004174 0.003630 0.003126 0.002667 0.002253 0.001886 0.001563 0.001283 0.001043 0.000840 0.000670 0.000530 0.000414 0.000321 0.000247 0.000188 0.000141 0.000105 0.000078 0.000057 0.000041 0.000030 0.000021 0.000015 0.000010 0.000007 0.000005 0.000003 0.000002 0.000002 0.000001 0.000001 0.000000 0.000000 0.000000 0.000000 
0.000000 0.000000 0.000000 0.000000 0.000001 0.000001 0.000002 0.000002 0.000003 0.000005 0.000008 0.000011 0.000016 0.000023 0.000032 0.000046 0.000063 0.000087 0.000119 0.000162 0.000216 0.000287 0.000378 0.000492 0.000634 0.000810 0.001025 0.001285 0.001595 0.001961 0.002388 0.002881 0.003443 0.004074 0.004775 0.005544 0.006375 0.007260 0.008189 0.009149 0.010123 0.011093 0.012040 0.012943 0.013780 0.014530 0.015175 0.015695 0.016078 0.016312 0.016391 0.016312 0.016078 0.015695 0.015175 0.014530 0.013780 0.012943 0.012040 0.011093 0.010123 0.009149 0.008189 0.007260 0.006375 0.005544 0.004775 0.004074 0.003443 0.002881 0.002388 0.001961 0.001595 0.001285 0.001025 0.000810 0.000634 0.000492 0.000378 0.000287 0.000216 0.000162 0.000119 0.000087 0.000063 0.000046 0.000032 0.000023 0.000016 0.000011 0.000008 0.000005 0.000003 0.000002 0.000002 0.000001 0.000001 0.000000 0.000000 0.000000 
0.000000 0.000000 0.000000 0.000001 0.000001 0.000002 0.000002 0.000004 0.000005 0.000008 0.000012 0.000017 0.000024 0.000035 0.000049 0.000069 0.000096 0.000132 0.000181 0.000244 0.000327 0.000434 0.000570 0.000743 0.000958 0.001223 0.001548 0.001939 0.002407 0.002960 0.003604 0.004347 0.005194 0.006146 0.007203 0.008361 0.009613 0.010947 0.012346 0.013792 0.015259 0.016721 0.018147 0.019507 0.020767 0.021897 0.022868 0.023652 0.024228 0.024581 0.024700 0.024581 0.024228 0.023652 0.022868 0.021897 0.020767 0.019507 0.018147 0.016721 0.015259 0.013792 0.012346 0.010947 0.009613 0.008361 0.007203 0.006146 0.005194 0.004347 0.003604 0.002960 0.002407 0.001939 0.001548 0.001223 0.000958 0.000743 0.000570 0.000434 0.000327 0.000244 0.000181 0.000132 0.000096 0.000069 0.000049 0.000035 0.000024 0.000017 0.000012 0.000008 0.000005 0.000003 0.000002 0.000001 0.000001 0.000001 0.000000 0.000000 
0.000000 0.000000 0.000001 0.000001 0.000001 0.000002 0.000003 0.000005 0.000008 0.000012 0.000017 0.000025 0.000036 0.000052 0.000074 0.000103 0.000144 0.000198 0.000270 0.000365 0.000489 0.000649 0.000853 0.001110 0.001431 0.001828 0.002312 0.002897 0.003596 0.004420 0.005382 0.006490 0.007753 0.009173 0.010749 0.012477 0.014343 0.016332 0.018419 0.020574 0.022761 0.024939 0.027065 0.029091 0.030970 0.032654 0.034099 0.035268 0.036127 0.036653 0.036829 0.036653 0.036127 0.035268 0.034099 0.032654 0.030970 0.029091 0.027065 0.024939 0.022761 0.020574 0.018419 0.016332 0.014343 0.012477 0.010749 0.009173 0.007753 0.006490 0.005382 0.004420 0.003596 0.002897 0.002312 0.001828 0.001431 0.001110 0.000853 0.000649 0.000489 0.000365 0.000270 0.000198 0.000144 0.000103 0.000074 0.000052 0.000036 0.000025 0.000017 0.000012 0.000008 0.000005 0.000003 0.000002 0.000001 0.000001 0.000000 0.000000 
0.000000 0.000000 0.000001 0.000001 0.000002 0.000003 0.000005 0.000008 0.000012 0.000017 0.000026 0.000037 0.000054 0.000077 0.000109 0.000153 0.000213 0.000294 0.000401 0.000541 0.000725 0.000961 0.001263 0.001644 0.002119 0.002705 0.003421 0.004286 0.005318 0.006537 0.007958 0.009596 0.011461 0.013559 0.015887 0.018438 0.021195 0.024131 0.027212 0.030393 0.033621 0.036837 0.039975 0.042965 0.045737 0.048222 0.050355 0.052080 0.053347 0.054123 0.054384 0.054123 0.053347 0.052080 0.050355 0.048222 0.045737 0.042965 0.039975 0.036837 0.033621 0.030393 0.027212 0.024131 0.021195 0.018438 0.015887 0.013559 0.011461 0.009596 0.007958 0.006537 0.005318 0.004286 0.003421 0.002705 0.002119 0.001644 0.001263 0.000961 0.000725 0.000541 0.000401 0.000294 0.000213 0.000153 0.000109 0.000077 0.000054 0.000037 0.000026 0.000017 0.000012 0.000008 0.000005 0.000003 0.000002 0.000001 0.000001 0.000000 
0.000000 0.000001 0.000001 0.000002 0.000003 0.000005 0.000008 0.000012 0.000017 0.000026 0.000038 0.000055 0.000079 0.000113 0.000160 0.000225 0.000313 0.000431 0.000588 0.000795 0.001064 0.001410 0.001852 0.002410 0.003106 0.003965 0.005014 0.006281 0.007792 0.009576 0.011657 0.014054 0.016784 0.019853 0.023260 0.026992 0.031024 0.035319 0.039825 0.044477 0.049198 0.053900 0.058488 0.062860 0.066912 0.070545 0.073664 0.076185 0.078038 0.079171 0.079553 0.079171 0.078038 0.076185 0.073664 0.070545 0.066912 0.062860 0.058488 0.053900 0.049198 0.044477 0.039825 0.035319 0.031024 0.026992 0.023260 0.019853 0.016784 0.014054 0.011657 0.009576 0.007792 0.006281 0.005014 0.003965 0.003106 0.002410 0.001852 0.001410 0.001064 0.000795 0.000588 0.000431 0.000313 0.000225 0.000160 0.000113 0.000079 0.000055 0.000038 0.000026 0.000017 0.000011 0.000008 0.000005 0.000003 0.000002 0.000001 0.000000 
0.000000 0.000001 0.000002 0.000003 0.000005 0.000007 0.000011 0.000017 0.000025 0.000037 0.000055 0.000080 0.000115 0.000165 0.000234 0.000328 0.000455 0.000627 0.000855 0.001155 0.001546 0.002050 0.002692 0.003501 0.004512 0.005759 0.007281 0.009118 0.011311 0.013899 0.016916 0.020393 0.024350 0.028800 0.033738 0.039147 0.044991 0.051215 0.057744 0.064484 0.071324 0.078136 0.084782 0.091114 0.096985 0.102246 0.106763 0.110414 0.113098 0.114740 0.115293 0.114740 0.113098 0.110414 0.106763 0.102246 0.096985 0.091114 0.084782 0.078136 0.071324 0.064484 0.057744 0.051215 0.044991 0.039147 0.033738 0.028800 0.024350 0.020393 0.016916 0.013899 0.011311 0.009118 0.007281 0.005759 0.004512 0.003501 0.002692 0.002050 0.001546 0.001155 0.000855 0.000627 0.000455 0.000328 0.000234 0.000165 0.000115 0.000080 0.000055 0.000037 0.000025 0.000017 0.000011 0.000007 0.000004 0.000003 0.000001 0.000000 
0.000000 0.000001 0.000002 0.000004 0.000007 0.000010 0.000016 0.000024 0.000036 0.000054 0.000079 0.000115 0.000166 0.000238 0.000337 0.000472 0.000656 0.000903 0.001232 0.001664 0.002226 0.002951 0.003875 0.005039 0.006493 0.008286 0.010474 0.013115 0.016267 0.019985 0.024321 0.029316 0.035001 0.041392 0.048485 0.056253 0.064644 0.073579 0.082952 0.092628 0.102446 0.112224 0.121763 0.130851 0.139276 0.146827 0.153309 0.158548 0.162399 0.164755 0.165548 0.164755 0.162399 0.158548 0.153309 0.146827 0.139276 0.130851 0.121763 0.112224 0.102446 0.092628 0.082952 0.073579 0.064644 0.056253 0.048485 0.041392 0.035001 0.029316 0.024321 0.019985 0.016267 0.013115 0.010474 0.008286 0.006493 0.005039 0.003875 0.002951 0.002226 0.001664 0.001232 0.000903 0.000656 0.000472 0.000337 0.000238 0.000166 0.000115 0.000079 0.000054 0.000036 0.000024 0.000016 0.000010 0.000006 0.000004 0.000002 0.000000 
0.000000 0.000002 0.000003 0.000006 0.000010 0.000015 0.000023 0.000035 0.000052 0.000077 0.000113 0.000165 0.000238 0.000340 0.000481 0.000675 0.000937 0.001290 0.001758 0.002374 0.003176 0.004209 0.005526 0.007186 0.009256 0.011811 0.014928 0.018690 0.023178 0.028472 0.034644 0.041754 0.049846 0.058941 0.069033 0.080085 0.092023 0.104734 0.118067 0.131829 0.145793 0.159698 0.173263 0.186186 0.198164 0.208901 0.218117 0.225566 0.231042 0.234391 0.235518 0.234391 0.231042 0.225566 0.218117 0.208901 0.198164 0.186186 0.173263 0.159698 0.145793 0.131829 0.118067 0.104734 0.092023 0.080085 0.069033 0.058941 0.049846 0.041754 0.034644 0.028472 0.023178 0.018690 0.014928 0.011811 0.009256 0.007186 0.005526 0.004209 0.003176 0.002374 0.001758 0.001290 0.000937 0.000675 0.000481 0.000340 0.000238 0.000165 0.000113 0.000077 0.000052 0.000035 0.000023 0.000015 0.000009 0.000005 0.000002 0.000000 
0.000000 0.000002 0.000005 0.000008 0.000014 0.000021 0.000032 0.000049 0.000074 0.000109 0.000160 0.000234 0.000337 0.000481 0.000681 0.000955 0.001326 0.001824 0.002486 0.003357 0.004490 0.005949 0.007808 0.010152 0.013074 0.016680 0.021079 0.026387 0.032719 0.040187 0.048892 0.058919 0.070330 0.083154 0.097382 0.112962 0.129789 0.147705 0.166495 0.185888 0.205565 0.225159 0.244270 0.262478 0.279353 0.294478 0.307462 0.317955 0.325668 0.330386 0.331974 0.330386 0.325668 0.317955 0.307462 0.294478 0.279353 0.262478 0.244270 0.225159 0.205565 0.185888 0.166495 0.147705 0.129789 0.112962 0.097382 0.083154 0.070330 0.058919 0.048892 0.040187 0.032719 0.026387 0.021079 0.016680 0.013074 0.010152 0.007808 0.005949 0.004490 0.003357 0.002486 0.001824 0.001326 0.000955 0.000681 0.000481 0.000337 0.000234 0.000160 0.000109 0.000074 0.000049 0.000032 0.000021 0.000013 0.000008 0.000003 0.000000 
0.000000 0.000003 0.000007 0.000012 0.000019 0.000030 0.000046 0.000069 0.000103 0.000153 0.000225 0.000328 0.000472 0.000675 0.000955 0.001338 0.001858 0.002556 0.003482 0.004701 0.006287 0.008329 0.010930 0.014208 0.018296 0.023338 0.029489 0.036909 0.045760 0.056197 0.068362 0.082373 0.098314 0.116228 0.136103 0.157863 0.181363 0.206381 0.232617 0.259695 0.287166 0.314520 0.341199 0.366615 0.390171 0.411283 0.429404 0.444049 0.454815 0.461400 0.463616 0.461400 0.454815 0.444049 0.429404 0.411283 0.390171 0.366615 0.341199 0.314520 0.287166 0.259695 0.232617 0.206381 0.181363 0.157863 0.136103 0.116228 0.098314 0.082373 0.068362 0.056197 0.045760 0.036909 0.029489 0.023338 0.018296 0.014208 0.010930 0.008329 0.006287 0.004701 0.003482 0.002556 0.001858 0.001338 0.000955 0.000675 0.000472 0.000328 0.000225 0.000153 0.000103 0.000069 0.000045 0.000029 0.000018 0.000011 0.000005 0.000000 
0.000000 0.000004 0.000009 0.000016 0.000027 0.000041 0.000063 0.000096 0.000144 0.000213 0.000313 0.000455 0.000656 0.000937 0.001326 0.001858 0.002579 0.003547 0.004833 0.006523 0.008722 0.011552 0.015157 0.019701 0.025365 0.032350 0.040871 0.051148 0.063405 0.077857 0.094699 0.114094 0.136160 0.160954 0.188458 0.218569 0.251085 0.285699 0.321995 0.359453 0.397452 0.435287 0.472186 0.507338 0.539915 0.569111 0.594170 0.614423 0.629310 0.638416 0.641480 0.638416 0.629310 0.614423 0.594170 0.569111 0.539915 0.507338 0.472186 0.435287 0.397452 0.359453 0.321995 0.285699 0.251085 0.218569 0.188458 0.160954 0.136160 0.114094 0.094699 0.077857 0.063405 0.051148 0.040871 0.032350 0.025365 0.019701 0.015157 0.011552 0.008722 0.006523 0.004833 0.003547 0.002579 0.001858 0.001326 0.000937 0.000656 0.000455 0.000313 0.000213 0.000144 0.000096 0.000063 0.000041 0.000025 0.000015 0.000007 0.000000 
0.000000 0.000006 0.000013 0.000023 0.000037 0.000057 0.000087 0.000132 0.000198 0.000294 0.000431 0.000627 0.000903 0.001290 0.001824 0.002556 0.003547 0.004878 0.006644 0.008966 0.011986 0.015874 0.020824 0.027062 0.034838 0.044426 0.056119 0.070221 0.087038 0.106864 0.129965 0.156566 0.186827 0.220824 0.258536 0.299817 0.344391 0.391838 0.441588 0.492925 0.545002 0.596851 0.647415 0.695581 0.740219 0.780222 0.814556 0.842304 0.862701 0.875176 0.879375 0.875176 0.862701 0.842304 0.814556 0.780222 0.740219 0.695581 0.647415 0.596851 0.545002 0.492925 0.441588 0.391838 0.344391 0.299817 0.258536 0.220824 0.186827 0.156566 0.129965 0.106864 0.087038 0.070221 0.056119 0.044426 0.034838 0.027062 0.020824 0.015874 0.011986 0.008966 0.006644 0.004878 0.003547 0.002556 0.001824 0.001290 0.000903 0.000627 0.000431 0.000293 0.000198 0.000132 0.000087 0.000056 0.000035 0.000020 0.000009 0.000000 
0.000000 0.000008 0.000018 0.000031 0.000050 0.000078 0.000119 0.000181 0.000270 0.000401 0.000588 0.000855 0.001232 0.001758 0.002486 0.003482 0.004833 0.006644 0.009049 0.012210 0.016320 0.021609 0.028344 0.036828 0.047403 0.060441 0.076339 0.095510 0.118369 0.145314 0.176708 0.212853 0.253967 0.300154 0.351381 0.407452 0.467992 0.532427 0.599985 0.669696 0.740405 0.810801 0.879450 0.944840 1.005437 1.059741 1.106349 1.144015 1.171702 1.188636 1.194334 1.188636 1.171702 1.144015 1.106349 1.059741 1.005437 0.944840 0.879450 0.810801 0.740405 0.669696 0.599985 0.532427 0.467992 0.407452 0.351381 0.300154 0.253967 0.212853 0.176708 0.145314 0.118369 0.095510 0.076339 0.060441 0.047403 0.036828 0.028344 0.021609 0.016320 0.012210 0.009049 0.006644 0.004833 0.003482 0.002486 0.001758 0.001232 0.000855 0.000588 0.000400 0.000270 0.000180 0.000119 0.000077 0.000048 0.000028 0.000013 0.000000 
0.000000 0.000011 0.000024 0.000042 0.000068 0.000105 0.000162 0.000244 0.000365 0.000541 0.000795 0.001155 0.001664 0.002374 0.003357 0.004701 0.006523 0.008966 0.012210 0.016471 0.022012 0.029141 0.038218 0.049652 0.063900 0.081464 0.102878 0.128698 0.159480 0.195761 0.238028 0.286686 0.342027 0.404191 0.473133 0.548588 0.630049 0.716745 0.807637 0.901419 0.996539 1.091232 1.183571 1.271523 1.353025 1.426060 1.488744 1.539399 1.576634 1.599407 1.607070 1.599407 1.576634 1.539399 1.488744 1.426060 1.353025 1.271523 1.183571 1.091232 0.996539 0.901419 0.807637 0.716745 0.630049 0.548588 0.473133 0.404191 0.342027 0.286686 0.238028 0.195761 0.159480 0.128698 0.102878 0.081464 0.063900 0.049652 0.038218 0.029141 0.022012 0.016471 0.012210 0.008966 0.006523 0.004701 0.003357 0.002374 0.001664 0.001155 0.000794 0.000541 0.000365 0.000244 0.000161 0.000104 0.000065 0.000038 0.000017 0.000000 
0.000000 0.000015 0.000032 0.000056 0.000091 0.000141 0.000216 0.000327 0.000489 0.000725 0.001064 0.001546 0.002226 0.003176 0.004490 0.006287 0.008722 0.011986 0.016320 0.022012 0.029412 0.038933 0.051051 0.066315 0.085333 0.108774 0.137350 0.171800 0.212868 0.261266 0.317642 0.382537 0.456337 0.539228 0.631149 0.731745 0.840341 0.955908 1.077059 1.202055 1.328826 1.455023 1.578076 1.695278 1.803881 1.901199 1.984721 2.052215 2.101827 2.132169 2.142381 2.132169 2.101827 2.052215 1.984721 1.901199 1.803881 1.695278 1.578076 1.455023 1.328826 1.202055 1.077059 0.955908 0.840341 0.731745 0.631149 0.539228 0.456337 0.382537 0.317642 0.261266 0.212868 0.171800 0.137350 0.108774 0.085333 0.066315 0.051051 0.038933 0.029412 0.022012 0.016320 0.011986 0.008722 0.006287 0.004490 0.003176 0.002226 0.001546 0.001063 0.000725 0.000489 0.000326 0.000215 0.000139 0.000087 0.000050 0.000023 0.000000 
0.000000 0.000020 0.000043 0.000075 0.000120 0.000188 0.000287 0.000434 0.000649 0.000961 0.001410 0.002050 0.002951 0.004209 0.005949 0.008329 0.011552 0.015874 0.021609 0.029141 0.038933 0.051527 0.067556 0.087742 0.112891 0.143884 0.181661 0.227200 0.281478 0.345438 0.419934 0.505678 0.603180 0.712683 0.834102 0.966973 1.110397 1.263018 1.423004 1.588056 1.755443 1.922064 2.084527 2.239258 2.382632 2.511105 2.621363 2.710459 2.775950 2.816002 2.829481 2.816002 2.775950 2.710459 2.621363 2.511105 2.382632 2.239258 2.084527 1.922064 1.755443 1.588056 1.423004 1.263018 1.110397 0.966973 0.834102 0.712683 0.603180 0.505678 0.419934 0.345438 0.281478 0.227200 0.181661 0.143884 0.112891 0.087742 0.067556 0.051527 0.038933 0.029141 0.021609 0.015874 0.011552 0.008329 0.005949 0.004209 0.002951 0.002049 0.001410 0.000961 0.000648 0.000433 0.000285 0.000185 0.000116 0.000067 0.000031 0.000000 
0.000000 0.000026 0.000057 0.000098 0.000158 0.000247 0.000378 0.000570 0.000853 0.001263 0.001852 0.002692 0.003875 0.005526 0.007808 0.010930 0.015157 0.020824 0.028344 0.038218 0.051051 0.067556 0.088561 0.115008 0.147952 0.188547 0.238023 0.297657 0.368728 0.452467 0.549990 0.662228 0.789844 0.933155 1.092049 1.265915 1.453578 1.653261 1.862566 2.078486 2.297451 2.515402 2.727904 2.930287 3.117808 3.285835 3.430034 3.546556 3.632205 3.684585 3.702212 3.684585 3.632205 3.546556 3.430034 3.285835 3.117808 2.930287 2.727904 2.515402 2.297451 2.078486 1.862566 1.653261 1.453578 1.265915 1.092049 0.933155 0.789844 0.662228 0.549990 0.452467 0.368728 0.297657 0.238023 0.188547 0.147952 0.115008 0.088561 0.067556 0.051051 0.038218 0.028344 0.020824 0.015157 0.010930 0.007808 0.005526 0.003875 0.002691 0.001852 0.001262 0.000852 0.000569 0.000375 0.000243 0.000152 0.000088 0.000040 0.000000 
0.000000 0.000034 0.000074 0.000128 0.000206 0.000321 0.000492 0.000743 0.001110 0.001644 0.002410 0.003501 0.005039 0.007186 0.010152 0.014208 0.019701 0.027062 0.036828 0.049652 0.066315 0.087742 0.115008 0.149334 0.192087 0.244763 0.308956 0.386318 0.478509 0.587121 0.713599 0.859147 1.024622 1.210434 1.416434 1.641827 1.885089 2.143915 2.415196 2.695036 2.978808 3.261252 3.536624 3.798872 4.041855 4.259572 4.446410 4.597385 4.708356 4.776222 4.799061 4.776222 4.708356 4.597385 4.446410 4.259572 4.041855 3.798872 3.536624 3.261252 2.978808 2.695036 2.415196 2.143915 1.885089 1.641827 1.416434 1.210434 1.024622 0.859147 0.713599 0.587121 0.478509 0.386318 0.308956 0.244763 0.192087 0.149334 0.115008 0.087742 0.066315 0.049652 0.036828 0.027062 0.019701 0.014208 0.010152 0.007186 0.005039 0.003501 0.002410 0.001643 0.001109 0.000741 0.000488 0.000316 0.000198 0.000115 0.000052 0.000000 
0.000000 0.000043 0.000095 0.000165 0.000266 0.000414 0.000634 0.000958 0.001431 0.002119 0.003106 0.004512 0.006493 0.009256 0.013074 0.018296 0.025365 0.034838 0.047403 0.063900 0.085333 0.112891 0.147952 0.192087 0.247052 0.314765 0.397273 0.496698 0.615168 0.754725 0.917225 1.104208 1.316774 1.555444 1.820026 2.109494 2.421890 2.754253 3.102590 3.461897 3.826234 4.188851 4.542373 4.879036 5.190956 5.470434 5.710269 5.904064 6.046508 6.133620 6.162936 6.133620 6.046508 5.904064 5.710269 5.470434 5.190956 4.879036 4.542373 4.188851 3.826234 3.461897 3.102590 2.754253 2.421890 2.109494 1.820026 1.555444 1.316774 1.104208 0.917225 0.754725 0.615168 0.496698 0.397273 0.314765 0.247052 0.192087 0.147952 0.112891 0.085333 0.063900 0.047403 0.034838 0.025365 0.018296 0.013074 0.009256 0.006492 0.004511 0.003106 0.002118 0.001430 0.000955 0.000630 0.000408 0.000255 0.000148 0.000068 0.000000 
0.000000 0.000056 0.000122 0.000211 0.000340 0.000530 0.000810 0.001223 0.001828 0.002705 0.003965 0.005759 0.008286 0.011811 0.016680 0.023338 0.032350 0.044426 0.060441 0.081464 0.108774 0.143884 0.188547 0.244763 0.314765 0.400993 0.506050 0.632634 0.783451 0.961097 1.167926 1.405898 1.676408 1.980113 2.316766 2.685059 3.082498 3.505313 3.948425 4.405468 4.868887 5.330098 5.779725 6.207893 6.604582 6.960004 7.265004 7.511448 7.692589 7.803367 7.840646 7.803367 7.692589 7.511448 7.265004 6.960004 6.604582 6.207893 5.779725 5.330098 4.868887 4.405468 3.948425 3.505313 3.082498 2.685059 2.316766 1.980113 1.676408 1.405898 1.167926 0.961097 0.783451 0.632634 0.506050 0.400993 0.314765 0.244763 0.188547 0.143884 0.108774 0.081464 0.060441 0.044426 0.032350 0.023338 0.016680 0.011811 0.008285 0.005758 0.003965 0.002704 0.001826 0.001220 0.000805 0.000521 0.000326 0.000189 0.000087 0.000000 
0.000000 0.000070 0.000154 0.000268 0.000430 0.000670 0.001025 0.001548 0.002312 0.003421 0.005014 0.007281 0.010474 0.014928 0.021079 0.029489 0.040871 0.056119 0.076339 0.102878 0.137350 0.181661 0.238023 0.308956 0.397273 0.506050 0.638566 0.798221 0.988420 1.212434 1.473227 1.773262 2.114294 2.497147 2.921505 3.385715 3.886630 4.419496 4.977913 5.553857 6.137809 6.718955 7.285482 7.824955 8.324750 8.772541 9.156798 9.467279 9.695484 9.835043 9.882008 9.835043 9.695484 9.467279 9.156798 8.772541 8.324750 7.824955 7.285482 6.718955 6.137809 5.553857 4.977913 4.419496 3.886630 3.385715 2.921505 2.497147 2.114294 1.773262 1.473227 1.212434 0.988420 0.798221 0.638566 0.506050 0.397273 0.308956 0.238023 0.181661 0.137350 0.102878 0.076339 0.056119 0.040871 0.029489 0.021079 0.014928 0.010474 0.007280 0.005013 0.003420 0.002310 0.001544 0.001018 0.000659 0.000413 0.000239 0.000110 0.000000 
0.000000 0.000088 0.000193 0.000336 0.000540 0.000840 0.001285 0.001939 0.002897 0.004286 0.006281 0.009118 0.013115 0.018690 0.026387 0.036909 0.051148 0.070221 0.095510 0.128698 0.171800 0.227200 0.297657 0.386318 0.496698 0.632634 0.798221 0.997699 1.235320 1.515161 1.840920 2.215667 2.641587 3.119704 3.649617 4.229259 4.854695 5.519989 6.217146 6.936152 7.665122 8.390560 9.097725 9.771097 10.394926 10.953832 11.433429 11.820938 12.105757 12.279936 12.338551 12.279936 12.105757 11.820938 11.433429 10.953832 10.394926 9.771097 9.097725 8.390560 7.665122 6.936152 6.217146 5.519989 4.854695 4.229259 3.649617 3.119704 2.641587 2.215667 1.840920 1.515161 1.235320 0.997699 0.798221 0.632634 0.496698 0.386318 0.297657 0.227200 0.171800 0.128698 0.095510 0.070221 0.051148 0.036909 0.026387 0.018690 0.013115 0.009118 0.006280 0.004284 0.002894 0.001934 0.001276 0.000827 0.000518 0.000300 0.000137 0.000000 
0.000000 0.000110 0.000240 0.000417 0.000670 0.001043 0.001595 0.002407 0.003596 0.005318 0.007792 0.011311 0.016267 0.023178 0.032719 0.045760 0.063405 0.087038 0.118369 0.159480 0.212868 0.281478 0.368728 0.478509 0.615168 0.783451 0.988420 1.235320 1.529403 1.875710 2.278809 2.742491 3.269452 3.860953 4.516490 5.233501 6.007115 6.829986 7.692224 8.581443 9.482948 10.380051 11.254527 12.087189 12.858568 13.549652 14.142659 14.621796 14.973956 15.189316 15.261789 15.189316 14.973956 14.621796 14.142659 13.549652 12.858568 12.087189 11.254527 10.380051 9.482948 8.581443 7.692224 6.829986 6.007115 5.233501 4.516490 3.860953 3.269452 2.742491 2.278809 1.875710 1.529403 1.235320 0.988420 0.783451 0.615168 0.478509 0.368728 0.281478 0.212868 0.159480 0.118369 0.087038 0.063405 0.045760 0.032719 0.023178 0.016267 0.011311 0.007791 0.005316 0.003592 0.002401 0.001584 0.001026 0.000643 0.000373 0.000171 0.000000 
0.000000 0.000135 0.000296 0.000513 0.000824 0.001283 0.001961 0.002960 0.004420 0.006537 0.009576 0.013899 0.019985 0.028472 0.040187 0.056197 0.077857 0.106864 0.145314 0.195761 0.261266 0.345438 0.452467 0.587121 0.754725 0.961097 1.212434 1.515161 1.875710 2.300253 2.794379 3.362728 4.008596 4.733518 5.536871 6.415509 7.363458 8.371712 9.428151 10.517601 11.622060 12.721084 13.792353 14.812370 15.757290 16.603831 17.330221 17.917120 18.348479 18.612270 18.701041 18.612270 18.348479 17.917120 17.330221 16.603831 15.757290 14.812370 13.792353 12.721084 11.622060 10.517601 9.428151 8.371712 7.363458 6.415509 5.536871 4.733518 4.008596 3.362728 2.794379 2.300253 1.875710 1.515161 1.212434 0.961097 0.754725 0.587121 0.452467 0.345438 0.261266 0.195761 0.145314 0.106864 0.077857 0.056197 0.040187 0.028472 0.019985 0.013898 0.009575 0.006534 0.004415 0.002952 0.001948 0.001262 0.000791 0.000459 0.000210 0.000000 
0.000000 0.000164 0.000360 0.000625 0.001004 0.001563 0.002388 0.003604 0.005382 0.007958 0.011657 0.016916 0.024321 0.034644 0.048892 0.068362 0.094699 0.129965 0.176708 0.238028 0.317642 0.419934 0.549990 0.713599 0.917225 1.167926 1.473227 1.840920 2.278809 2.794379 3.394408 4.084520 4.868707 5.748823 6.724104 7.790722 8.941418 10.165259 11.447531 12.769815 14.110263 15.444070 16.744151 17.981998 19.128683 20.155962 21.037421 21.749601 22.273034 22.593129 22.700848 22.593129 22.273034 21.749601 21.037421 20.155962 19.128683 17.981998 16.744151 15.444070 14.110263 12.769815 11.447531 10.165259 8.941418 7.790722 6.724104 5.748823 4.868707 4.084520 3.394408 2.794379 2.278809 1.840920 1.473227 1.167926 0.917225 0.713599 0.549990 0.419934 0.317642 0.238028 0.176708 0.129965 0.094699 0.068362 0.048892 0.034644 0.024320 0.016915 0.011655 0.007954 0.005376 0.003595 0.002373 0.001537 0.000963 0.000559 0.000256 0.000000 
0.000000 0.000198 0.000435 0.000754 0.001212 0.001886 0.002881 0.004347 0.006490 0.009596 0.014054 0.020393 0.029316 0.041754 0.058919 0.082373 0.114094 0.156566 0.212853 0.286686 0.382537 0.505678 0.662228 0.859147 1.104208 1.405898 1.773262 2.215667 2.742491 3.362728 4.084520 4.914622 5.857821 6.916338 8.089245 9.371929 10.755654 12.227269 13.769076 15.358933 16.970570 18.574169 20.137174 21.625319 23.003837 24.238784 25.298415 26.154538 26.783759 27.168545 27.298033 27.168545 26.783759 26.154538 25.298415 24.238784 23.003837 21.625319 20.137174 18.574169 16.970570 15.358933 13.769076 12.227269 10.755654 9.371929 8.089245 6.916338 5.857821 4.914622 4.084520 3.362728 2.742491 2.215667 1.773262 1.405898 1.104208 0.859147 0.662228 0.505678 0.382537 0.286686 0.212853 0.156566 0.114094 0.082372 0.058919 0.041753 0.029315 0.020391 0.014052 0.009592 0.006484 0.004336 0.002862 0.001855 0.001162 0.000674 0.000309 0.000000 
0.000000 0.000237 0.000520 0.000901 0.001448 0.002253 0.003443 0.005194 0.007753 0.011461 0.016784 0.024350 0.035001 0.049846 0.070330 0.098314 0.136160 0.186827 0.253967 0.342027 0.456337 0.603180 0.789844 1.024622 1.316774 1.676408 2.114294 2.641587 3.269452 4.008596 4.868707 5.857821 6.981629 8.242768 9.640118 11.168173 12.816523 14.569491 16.405999 18.299667 20.219212 22.129123 23.990633 25.762942 27.404655 28.875356 30.137253 31.156784 31.906098 32.364319 32.518520 32.364319 31.906098 31.156784 30.137253 28.875356 27.404655 25.762942 23.990633 22.129123 20.219212 18.299667 16.405999 14.569491 12.816523 11.168173 9.640118 8.242768 6.981629 5.857821 4.868707 4.008596 3.269452 2.641587 2.114294 1.676408 1.316774 1.024622 0.789844 0.603180 0.456337 0.342027 0.253967 0.186827 0.136160 0.098314 0.070330 0.049845 0.035000 0.024349 0.016781 0.011456 0.007745 0.005180 0.003420 0.002217 0.001389 0.000806 0.000369 0.000000 
0.000000 0.000281 0.000615 0.001067 0.001714 0.002667 0.004074 0.006146 0.009173 0.013559 0.019853 0.028800 0.041392 0.058941 0.083154 0.116228 0.160954 0.220824 0.300154 0.404191 0.539228 0.712683 0.933155 1.210434 1.555444 1.980113 2.497147 3.119704 3.860953 4.733518 5.748823 6.916338 8.242768 9.731208 11.380326 13.183615 15.128778 17.197312 19.364340 21.598736 23.863590 26.117012 28.313267 30.404232 32.341079 34.076140 35.564843 36.767603 37.651575 38.192140 38.374050 38.192140 37.651575 36.767603 35.564843 34.076140 32.341079 30.404232 28.313267 26.117012 23.863590 21.598736 19.364340 17.197312 15.128778 13.183615 11.380326 9.731208 8.242768 6.916338 5.748823 4.733518 3.860953 3.119704 2.497147 1.980113 1.555444 1.210434 0.933155 0.712683 0.539228 0.404191 0.300154 0.220824 0.160954 0.116228 0.083153 0.058940 0.041391 0.028798 0.019850 0.013553 0.009163 0.006129 0.004048 0.002624 0.001644 0.000954 0.000437 0.000000 
0.000000 0.000329 0.000721 0.001251 0.002010 0.003126 0.004775 0.007203 0.010749 0.015887 0.023260 0.033738 0.048485 0.069033 0.097382 0.136103 0.188458 0.258536 0.351381 0.473133 0.631149 0.834102 1.092049 1.416434 1.820026 2.316766 2.921505 3.649617 4.516490 5.536871 6.724104 8.089245 9.640118 11.380326 13.308300 15.416418 17.690298 20.108303 22.641349 25.253055 27.900280 30.534068 33.100977 35.544770 37.808394 39.836155 41.575973 42.981599 44.014659 44.646391 44.858980 44.646391 44.014659 42.981599 41.575973 39.836155 37.808394 35.544770 33.100977 30.534068 27.900280 25.253055 22.641349 20.108303 17.690298 15.416418 13.308300 11.380326 9.640118 8.089245 6.724104 5.536871 4.516490 3.649617 2.921505 2.316766 1.820026 1.416434 1.092049 0.834102 0.631149 0.473133 0.351381 0.258536 0.188458 0.136102 0.097382 0.069032 0.048483 0.033736 0.023256 0.015880 0.010738 0.007184 0.004744 0.003075 0.001928 0.001119 0.000512 0.000000 
0.000000 0.000382 0.000838 0.001452 0.002334 0.003630 0.005544 0.008361 0.012477 0.018438 0.026992 0.039147 0.056253 0.080085 0.112962 0.157863 0.218569 0.299817 0.407452 0.548588 0.731745 0.966973 1.265915 1.641827 2.109494 2.685059 3.385715 4.229259 5.233501 6.415509 7.790722 9.371929 11.168173 13.183615 15.416418 17.857746 20.490932 23.290913 26.224008 29.248090 32.313212 35.362694 38.334670 41.164043 43.784773 46.132392 48.146622 49.773933 50.969909 51.701263 51.947376 51.701263 50.969909 49.773933 48.146622 46.132392 43.784773 41.164043 38.334670 35.362694 32.313212 29.248090 26.224008 23.290913 20.490932 17.857746 15.416418 13.183615 11.168173 9.371929 7.790722 6.415509 5.233501 4.229259 3.385715 2.685059 2.109494 1.641827 1.265915 0.966973 0.731745 0.548588 0.407452 0.299817 0.218569 0.157862 0.112962 0.080084 0.056251 0.039145 0.026987 0.018430 0.012464 0.008339 0.005508 0.003571 0.002238 0.001299 0.000595 0.000000 
0.000000 0.000440 0.000964 0.001671 0.002684 0.004174 0.006375 0.009613 0.014343 0.021195 0.031024 0.044991 0.064644 0.092023 0.129789 0.181363 0.251085 0.344391 0.467992 0.630049 0.840341 1.110397 1.453578 1.885089 2.421890 3.082498 3.886630 4.854695 6.007115 7.363458 8.941418 10.755654 12.816523 15.128778 17.690298 20.490932 23.511548 26.723391 30.087820 33.556514 37.072185 40.569832 43.978507 47.223561 50.229265 52.921701 55.231751 57.098039 58.469639 59.308385 59.590636 59.308385 58.469639 57.098039 55.231751 52.921701 50.229265 47.223561 43.978507 40.569832 37.072185 33.556514 30.087820 26.723391 23.511548 20.490932 17.690298 15.128778 12.816523 10.755654 8.941418 7.363458 6.007115 4.854695 3.886630 3.082498 2.421890 1.885089 1.453578 1.110397 0.840341 0.630049 0.467992 0.344391 0.251085 0.181362 0.129789 0.092022 0.064642 0.044988 0.031019 0.021186 0.014328 0.009588 0.006333 0.004106 0.002574 0.001494 0.000684 0.000000 
0.000000 0.000501 0.001098 0.001903 0.003058 0.004755 0.007260 0.010947 0.016332 0.024131 0.035319 0.051215 0.073579 0.104734 0.147705 0.206381 0.285699 0.391838 0.532427 0.716745 0.955908 1.263018 1.653261 2.143915 2.754253 3.505313 4.419496 5.519989 6.829986 8.371712 10.165259 12.227269 14.569491 17.197312 20.108303 23.290913 26.723391 30.373052 34.195985 38.137282 42.131857 46.105861 49.978695 53.665560 57.080434 60.139351 62.763804 64.884078 66.442331 67.395212 67.715870 67.395212 66.442331 64.884078 62.763804 60.139351 57.080434 53.665560 49.978695 46.105861 42.131857 38.137282 34.195985 30.373052 26.723391 23.290913 20.108303 17.197312 14.569491 12.227269 10.165259 8.371712 6.829986 5.519989 4.419496 3.505313 2.754253 2.143915 1.653261 1.263018 0.955908 0.716745 0.532427 0.391838 0.285698 0.206381 0.147704 0.104733 0.073577 0.051211 0.035313 0.024120 0.016315 0.010918 0.007212 0.004677 0.002932 0.001702 0.000779 0.000000 
0.000000 0.000565 0.001239 0.002147 0.003450 0.005363 0.008189 0.012346 0.018419 0.027212 0.039825 0.057744 0.082952 0.118067 0.166495 0.232617 0.321995 0.441588 0.599985 0.807637 1.077059 1.423004 1.862566 2.415196 3.102590 3.948425 4.977913 6.217146 7.692224 9.428151 11.447531 13.769076 16.405999 19.364340 22.641349 26.224008 30.087820 34.195985 38.499069 42.935272 47.431338 51.904154 56.263018 60.412504 64.255813 67.698462 70.652113 73.038324 74.792010 75.864395 76.225267 75.864395 74.792010 73.038324 70.652113 67.698462 64.255813 60.412504 56.263018 51.904154 47.431338 42.935272 38.499069 34.195985 30.087820 26.224008 22.641349 19.364340 16.405999 13.769076 11.447531 9.428151 7.692224 6.217146 4.977913 3.948425 3.102590 2.415196 1.862566 1.423004 1.077059 0.807637 0.599985 0.441587 0.321995 0.232617 0.166494 0.118066 0.082950 0.057740 0.039818 0.027200 0.018399 0.012314 0.008135 0.005276 0.003308 0.001920 0.000879 0.000000 
0.000000 0.000631 0.001385 0.002399 0.003854 0.005992 0.009149 0.013792 0.020574 0.030393 0.044477 0.064484 0.092628 0.131829 0.185888 0.259695 0.359453 0.492925 0.669696 0.901419 1.202055 1.588056 2.078486 2.695036 3.461897 4.405468 5.553857 6.936152 8.581443 10.517601 12.769815 15.358933 18.299667 21.598736 25.253055 29.248090 33.556514 38.137282 42.935272 47.881575 52.894515 57.881435 62.741221 67.367494 71.652350 75.490471 78.783388 81.443665 83.398759 84.594301 84.996616 84.594301 83.398759 81.443665 78.783388 75.490471 71.652350 67.367494 62.741221 57.881435 52.894515 47.881575 42.935272 38.137282 33.556514 29.248090 25.253055 21.598736 18.299667 15.358933 12.769815 10.517601 8.581443 6.936152 5.553857 4.405468 3.461897 2.695036 2.078486 1.588056 1.202055 0.901419 0.669696 0.492925 0.359452 0.259695 0.185887 0.131827 0.092626 0.064479 0.044469 0.030379 0.020552 0.013755 0.009089 0.005894 0.003696 0.002146 0.000983 0.000000 
0.000000 0.000699 0.001532 0.002655 0.004265 0.006631 0.010123 0.015259 0.022761 0.033621 0.049198 0.071324 0.102446 0.145793 0.205565 0.287166 0.397452 0.545002 0.740405 0.996539 1.328826 1.755443 2.297451 2.978808 3.826234 4.868887 6.137809 7.665122 9.482948 11.622060 14.110263 16.970570 20.219212 23.863590 27.900280 32.313212 37.072185 42.131857 47.431338 52.894515 58.431184 63.939017 69.306349 74.415707 79.147938 83.386745 87.023398 89.961352 92.120504 93.440823 93.885127 93.440823 92.120504 89.961352 87.023398 83.386745 79.147938 74.415707 69.306349 63.939017 58.431184 52.894515 47.431338 42.131857 37.072185 32.313212 27.900280 23.863590 20.219212 16.970570 14.110263 11.622060 9.482948 7.665122 6.137809 4.868887 3.826234 2.978808 2.297451 1.755443 1.328826 0.996539 0.740405 0.545002 0.397451 0.287166 0.205564 0.145791 0.102443 0.071319 0.049189 0.033607 0.022736 0.015219 0.010056 0.006522 0.004090 0.002375 0.001087 0.000000 
0.000000 0.000766 0.001680 0.002910 0.004675 0.007267 0.011093 0.016721 0.024939 0.036837 0.053900 0.078136 0.112224 0.159698 0.225159 0.314520 0.435287 0.596851 0.810801 1.091232 1.455023 1.922064 2.515402 3.261252 4.188851 5.330098 6.718955 8.390560 10.380051 12.721084 15.444070 18.574169 22.129123 26.117012 30.534068 35.362694 40.569832 46.105861 51.904154 57.881435 63.939017 69.964952 75.837084 81.426907 86.604080 91.241391 95.219905 98.434019 100.796114 102.240528 102.726590 102.240528 100.796114 98.434019 95.219905 91.241391 86.604080 81.426907 75.837084 69.964952 63.939017 57.881435 51.904154 46.105861 40.569832 35.362694 30.534068 26.117012 22.129123 18.574169 15.444070 12.721084 10.380051 8.390560 6.718955 5.330098 4.188851 3.261252 2.515402 1.922064 1.455023 1.091232 0.810801 0.596850 0.435286 0.314519 0.225158 0.159697 0.112221 0.078131 0.053891 0.036821 0.024913 0.016677 0.011020 0.007148 0.004483 0.002603 0.001192 0.000000 
0.000000 0.000832 0.001823 0.003159 0.005075 0.007888 0.012040 0.018147 0.027065 0.039975 0.058488 0.084782 0.121763 0.173263 0.244270 0.341199 0.472186 0.647415 0.879450 1.183571 1.578076 2.084527 2.727904 3.536624 4.542373 5.779725 7.285482 9.097725 11.254527 13.792353 16.744151 20.137174 23.990633 28.313267 33.100977 38.334670 43.978507 49.978695 56.263018 62.741221 69.306349 75.837084 82.201048 88.258988 93.869665 98.895230 103.206811 106.689978 109.249793 110.815107 111.341853 110.815107 109.249793 106.689978 103.206811 98.895230 93.869665 88.258988 82.201048 75.837084 69.306349 62.741221 56.263018 49.978695 43.978507 38.334670 33.100977 28.313267 23.990633 20.137174 16.744151 13.792353 11.254527 9.097725 7.285482 5.779725 4.542373 3.536624 2.727904 2.084527 1.578076 1.183571 0.879450 0.647415 0.472186 0.341198 0.244269 0.173261 0.121760 0.084776 0.058478 0.039957 0.027036 0.018099 0.011961 0.007759 0.004866 0.002825 0.001294 0.000000 
