0.000000 0.000000 0.000000 0.000000 0.000000 0.000000 0.000000 0.000000 0.000000 0.000000 0.000000 0.000000 0.000000 0.000000 0.000000 0.000000 0.000000 0.000000 0.000000 0.000000 0.000000 0.000000 0.000000 0.000000 0.000000 0.000000 0.000000 0.000000 0.000000 0.000000 0.000000 0.000000 0.000000 0.000000 0.000000 0.000000 0.000000 0.000000 0.000000 0.000000 0.000000 0.000000 0.000000 0.000000 0.000000 0.000000 0.000000 0.000000 0.000000 0.000000 0.000000 0.000000 0.000000 0.000000 0.000000 0.000000 0.000000 0.000000 0.000000 0.000000 0.000000 0.000000 0.000000 0.000000 0.000000 0.000000 0.000000 0.000000 0.000000 0.000000 0.000000 0.000000 0.000000 0.000000 0.000000 0.000000 0.000000 0.000000 0.000000 0.000000 0.000000 0.000000 0.000000 0.000000 0.000000 0.000000 0.000000 0.000000 0.000000 0.000000 0.000000 0.000000 0.000000 0.000000 0.000000 0.000000 0.000000 0.000000 0.000000 0.000000 
0.000000 0.000000 0.000000 0.000000 0.000000 0.000000 0.000000 0.000000 0.000000 0.000000 0.000000 0.000000 0.000000 0.000000 0.000000 0.000000 0.000000 0.000000 0.000000 0.000000 0.000000 0.000000 0.000000 0.000000 0.000000 0.000000 0.000000 0.000000 0.000000 0.000000 0.000000 0.000000 0.000000 0.000000 0.000000 0.000000 0.000000 0.000000 0.000000 0.000001 0.000001 0.000001 0.000001 0.000001 0.000001 0.000001 0.000001 0.000001 0.000002 0.000002 0.000002 0.000002 0.000002 0.000001 0.000001 0.000001 0.000001 0.000001 0.000001 0.000001 0.000001 0.000001 0.000000 0.000000 0.000000 0.000000 0.000000 0.000000 0.000000 0.000000 0.000000 0.000000 0.000000 0.000000 0.000000 0.000000 0.000000 0.000000 0.000000 0.000000 0.000000 0.000000 0.000000 0.000000 0.000000 0.000000 0.000000 0.000000 0.000000 0.000000 0.000000 0.000000 0.000000 0.000000 0.000000 0.000000 0.000000 0.000000 0.000000 0.000000 
0.000000 0.000000 0.000000 0.000000 0.000000 0.000000 0.000000 0.000000 0.000000 0.000000 0.000000 0.000000 0.000000 0.000000 0.000000 0.000000 0.000000 0.000000 0.000000 0.000000 0.000000 0.000000 0.000000 0.000000 0.000000 0.000000 0.000000 0.000000 0.000000 0.000000 0.000000 0.000000 0.000000 0.000000 0.000000 0.000001 0.000001 0.000001 0.000001 0.000002 0.000002 0.000002 0.000002 0.000003 0.000003 0.000003 0.000004 0.000004 0.000004 0.000004 0.000004 0.000004 0.000004 0.000004 0.000004 0.000003 0.000003 0.000003 0.000002 0.000002 0.000002 0.000002 0.000001 0.000001 0.000001 0.000001 0.000000 0.000000 0.000000 0.000000 0.000000 0.000000 0.000000 0.000000 0.000000 0.000000 0.000000 0.000000 0.000000 0.000000 0.000000 0.000000 0.000000 0.000000 0.000000 0.000000 0.000000 0.000000 0.000000 0.000000 0.000000 0.000000 0.000000 0.000000 0.000000 0.000000 0.000000 0.000000 0.000000 0.000000 
0.000000 0.000000 0.000000 0.000000 0.000000 0.000000 0.000000 0.000000 0.000000 0.000000 0.000000 0.000000 0.000000 0.000000 0.000000 0.000000 0.000000 0.000000 0.000000 0.000000 0.000000 0.000000 0.000000 0.000000 0.000000 0.000000 0.000000 0.000000 0.000000 0.000000 0.000000 0.000000 0.000001 0.000001 0.000001 0.000001 0.000002 0.000002 0.000003 0.000003 0.000004 0.000005 0.000005 0.000006 0.000007 0.000007 0.000008 0.000008 0.000009 0.000009 0.000009 0.000009 0.000009 0.000008 0.000008 0.000007 0.000007 0.000006 0.000005 0.000005 0.000004 0.000003 0.000003 0.000002 0.000002 0.000001 0.000001 0.000001 0.000001 0.000000 0.000000 0.000000 0.000000 0.000000 0.000000 0.000000 0.000000 0.000000 0.000000 0.000000 0.000000 0.000000 0.000000 0.000000 0.000000 0.000000 0.000000 0.000000 0.000000 0.000000 0.000000 0.000000 0.000000 0.000000 0.000000 0.000000 0.000000 0.000000 0.000000 0.000000 
0.000000 0.000000 0.000000 0.000000 0.000000 0.000000 0.000000 0.000000 0.000000 0.000000 0.000000 0.000000 0.000000 0.000000 0.000000 0.000000 0.000000 0.000000 0.000000 0.000000 0.000000 0.000000 0.000000 0.000000 0.000000 0.000000 0.000000 0.000000 0.000000 0.000000 0.000001 0.000001 0.000001 0.000002 0.000002 0.000003 0.000004 0.000004 0.000005 0.000007 0.000008 0.000009 0.000011 0.000012 0.000013 0.000015 0.000016 0.000017 0.000018 0.000018 0.000018 0.000018 0.000018 0.000017 0.000016 0.000015 0.000013 0.000012 0.000011 0.000009 0.000008 0.000007 0.000005 0.000004 0.000004 0.000003 0.000002 0.000002 0.000001 0.000001 0.000001 0.000000 0.000000 0.000000 0.000000 0.000000 0.000000 0.000000 0.000000 0.000000 0.000000 0.000000 0.000000 0.000000 0.000000 0.000000 0.000000 0.000000 0.000000 0.000000 0.000000 0.000000 0.000000 0.000000 0.000000 0.000000 0.000000 0.000000 0.000000 0.000000 
0.000000 0.000000 0.000000 0.000000 0.000000 0.000000 0.000000 0.000000 0.000000 0.000000 0.000000 0.000000 0.000000 0.000000 0.000000 0.000000 0.000000 0.000000 0.000000 0.000000 0.000000 0.000000 0.000000 0.000000 0.000000 0.000000 0.000000 0.000000 0.000001 0.000001 0.000001 0.000002 0.000003 0.000003 0.000004 0.000006 0.000007 0.000009 0.000011 0.000013 0.000016 0.000019 0.000021 0.000024 0.000027 0.000030 0.000032 0.000034 0.000035 0.000036 0.000037 0.000036 0.000035 0.000034 0.000032 0.000030 0.000027 0.000024 0.000021 0.000019 0.000016 0.000013 0.000011 0.000009 0.000007 0.000006 0.000004 0.000003 0.000003 0.000002 0.000001 0.000001 0.000001 0.000000 0.000000 0.000000 0.000000 0.000000 0.000000 0.000000 0.000000 0.000000 0.000000 0.000000 0.000000 0.000000 0.000000 0.000000 0.000000 0.000000 0.000000 0.000000 0.000000 0.000000 0.000000 0.000000 0.000000 0.000000 0.000000 0.000000 
0.000000 0.000000 0.000000 0.000000 0.000000 0.000000 0.000000 0.000000 0.000000 0.000000 0.000000 0.000000 0.000000 0.000000 0.000000 0.000000 0.000000 0.000000 0.000000 0.000000 0.000000 0.000000 0.000000 0.000000 0.000000 0.000000 0.000001 0.000001 0.000001 0.000002 0.000003 0.000004 0.000005 0.000007 0.000009 0.000011 0.000014 0.000018 0.000022 0.000027 0.000032 0.000037 0.000043 0.000048 0.000054 0.000059 0.000063 0.000067 0.000070 0.000072 0.000072 0.000072 0.000070 0.000067 0.000063 0.000059 0.000054 0.000048 0.000043 0.000037 0.000032 0.000027 0.000022 0.000018 0.000014 0.000011 0.000009 0.000007 0.000005 0.000004 0.000003 0.000002 0.000001 0.000001 0.000001 0.000000 0.000000 0.000000 0.000000 0.000000 0.000000 0.000000 0.000000 0.000000 0.000000 0.000000 0.000000 0.000000 0.000000 0.000000 0.000000 0.000000 0.000000 0.000000 0.000000 0.000000 0.000000 0.000000 0.000000 0.000000 
0.000000 0.000000 0.000000 0.000000 0.000000 0.000000 0.000000 0.000000 0.000000 0.000000 0.000000 0.000000 0.000000 0.000000 0.000000 0.000000 0.000000 0.000000 0.000000 0.000000 0.000000 0.000000 0.000000 0.000000 0.000001 0.000001 0.000001 0.000002 0.000003 0.000004 0.000005 0.000007 0.000010 0.000013 0.000017 0.000022 0.000028 0.000035 0.000043 0.000052 0.000062 0.000072 0.000083 0.000094 0.000105 0.000115 0.000123 0.000131 0.000136 0.000140 0.000141 0.000140 0.000136 0.000131 0.000123 0.000115 0.000105 0.000094 0.000083 0.000072 0.000062 0.000052 0.000043 0.000035 0.000028 0.000022 0.000017 0.000013 0.000010 0.000007 0.000005 0.000004 0.000003 0.000002 0.000001 0.000001 0.000001 0.000000 0.000000 0.000000 0.000000 0.000000 0.000000 0.000000 0.000000 0.000000 0.000000 0.000000 0.000000 0.000000 0.000000 0.000000 0.000000 0.000000 0.000000 0.000000 0.000000 0.000000 0.000000 0.000000 
0.000000 0.000000 0.000000 0.000000 0.000000 0.000000 0.000000 0.000000 0.000000 0.000000 0.000000 0.000000 0.000000 0.000000 0.000000 0.000000 0.000000 0.000000 0.000000 0.000000 0.000000 0.000000 0.000000 0.000001 0.000001 0.000002 0.000002 0.000004 0.000005 0.000007 0.000010 0.000014 0.000019 0.000025 0.000033 0.000043 0.000054 0.000067 0.000083 0.000100 0.000119 0.000139 0.000160 0.000181 0.000201 0.000220 0.000237 0.000251 0.000262 0.000269 0.000271 0.000269 0.000262 0.000251 0.000237 0.000220 0.000201 0.000181 0.000160 0.000139 0.000119 0.000100 0.000083 0.000067 0.000054 0.000043 0.000033 0.000025 0.000019 0.000014 0.000010 0.000007 0.000005 0.000004 0.000002 0.000002 0.000001 0.000001 0.000000 0.000000 0.000000 0.000000 0.000000 0.000000 0.000000 0.000000 0.000000 0.000000 0.000000 0.000000 0.000000 0.000000 0.000000 0.000000 0.000000 0.000000 0.000000 0.000000 0.000000 0.000000 
0.000000 0.000000 0.000000 0.000000 0.000000 0.000000 0.000000 0.000000 0.000000 0.000000 0.000000 0.000000 0.000000 0.000000 0.000000 0.000000 0.000000 0.000000 0.000000 0.000000 0.000000 0.000001 0.000001 0.000001 0.000002 0.000003 0.000005 0.000007 0.000010 0.000014 0.000019 0.000027 0.000036 0.000048 0.000063 0.000081 0.000103 0.000128 0.000157 0.000190 0.000225 0.000263 0.000303 0.000343 0.000381 0.000417 0.000449 0.000476 0.000496 0.000508 0.000513 0.000508 0.000496 0.000476 0.000449 0.000417 0.000381 0.000343 0.000303 0.000263 0.000225 0.000190 0.000157 0.000128 0.000103 0.000081 0.000063 0.000048 0.000036 0.000027 0.000019 0.000014 0.000010 0.000007 0.000005 0.000003 0.000002 0.000001 0.000001 0.000001 0.000000 0.000000 0.000000 0.000000 0.000000 0.000000 0.000000 0.000000 0.000000 0.000000 0.000000 0.000000 0.000000 0.000000 0.000000 0.000000 0.000000 0.000000 0.000000 0.000000 
0.000000 0.000000 0.000000 0.000000 0.000000 0.000000 0.000000 0.000000 0.000000 0.000000 0.000000 0.000000 0.000000 0.000000 0.000000 0.000000 0.000000 0.000000 0.000000 0.000000 0.000001 0.000001 0.000002 0.000002 0.000004 0.000006 0.000009 0.000013 0.000018 0.000026 0.000036 0.000050 0.000067 0.000090 0.000117 0.000151 0.000192 0.000239 0.000294 0.000355 0.000421 0.000492 0.000566 0.000640 0.000712 0.000779 0.000839 0.000889 0.000926 0.000949 0.000957 0.000949 0.000926 0.000889 0.000839 0.000779 0.000712 0.000640 0.000566 0.000492 0.000421 0.000355 0.000294 0.000239 0.000192 0.000151 0.000117 0.000090 0.000067 0.000050 0.000036 0.000026 0.000018 0.000013 0.000009 0.000006 0.000004 0.000002 0.000002 0.000001 0.000001 0.000000 0.000000 0.000000 0.000000 0.000000 0.000000 0.000000 0.000000 0.000000 0.000000 0.000000 0.000000 0.000000 0.000000 0.000000 0.000000 0.000000 0.000000 0.000000 
0.000000 0.000000 0.000000 0.000000 0.000000 0.000000 0.000000 0.000000 0.000000 0.000000 0.000000 0.000000 0.000000 0.000000 0.000000 0.000000 0.000000 0.000000 0.000000 0.000001 0.000001 0.000002 0.000003 0.000005 0.000007 0.000011 0.000016 0.000023 0.000034 0.000048 0.000067 0.000092 0.000125 0.000166 0.000217 0.000279 0.000354 0.000441 0.000541 0.000653 0.000776 0.000906 0.001041 0.001178 0.001310 0.001433 0.001543 0.001634 0.001702 0.001745 0.001759 0.001745 0.001702 0.001634 0.001543 0.001433 0.001310 0.001178 0.001041 0.000906 0.000776 0.000653 0.000541 0.000441 0.000354 0.000279 0.000217 0.000166 0.000125 0.000092 0.000067 0.000048 0.000034 0.000023 0.000016 0.000011 0.000007 0.000005 0.000003 0.000002 0.000001 0.000001 0.000000 0.000000 0.000000 0.000000 0.000000 0.000000 0.000000 0.000000 0.000000 0.000000 0.000000 0.000000 0.000000 0.000000 0.000000 0.000000 0.000000 0.000000 
0.000000 0.000000 0.000000 0.000000 0.000000 0.000000 0.000000 0.000000 0.000000 0.000000 0.000000 0.000000 0.000000 0.000000 0.000000 0.000000 0.000000 0.000000 0.000001 0.000001 0.000002 0.000003 0.000005 0.000008 0.000013 0.000020 0.000029 0.000043 0.000062 0.000088 0.000122 0.000168 0.000227 0.000301 0.000394 0.000508 0.000643 0.000801 0.000983 0.001186 0.001408 0.001644 0.001889 0.002135 0.002374 0.002598 0.002796 0.002961 0.003085 0.003161 0.003187 0.003161 0.003085 0.002961 0.002796 0.002598 0.002374 0.002135 0.001889 0.001644 0.001408 0.001186 0.000983 0.000801 0.000643 0.000508 0.000394 0.000301 0.000227 0.000168 0.000122 0.000088 0.000062 0.000043 0.000029 0.000020 0.000013 0.000008 0.000005 0.000003 0.000002 0.000001 0.000001 0.000000 0.000000 0.000000 0.000000 0.000000 0.000000 0.000000 0.000000 0.000000 0.000000 0.000000 0.000000 0.000000 0.000000 0.000000 0.000000 0.000000 
0.000000 0.000000 0.000000 0.000000 0.000000 0.000000 0.000000 0.000000 0.000000 0.000000 0.000000 0.000000 0.000000 0.000000 0.000000 0.000000 0.000000 0.000001 0.000001 0.000002 0.000004 0.000006 0.000010 0.000015 0.000024 0.000036 0.000053 0.000077 0.000111 0.000157 0.000219 0.000301 0.000407 0.000540 0.000707 0.000909 0.001151 0.001434 0.001758 0.002121 0.002516 0.002938 0.003375 0.003814 0.004241 0.004640 0.004993 0.005287 0.005507 0.005644 0.005690 0.005644 0.005507 0.005287 0.004993 0.004640 0.004241 0.003814 0.003375 0.002938 0.002516 0.002121 0.001758 0.001434 0.001151 0.000909 0.000707 0.000540 0.000407 0.000301 0.000219 0.000157 0.000111 0.000077 0.000053 0.000036 0.000024 0.000015 0.000010 0.000006 0.000004 0.000002 0.000001 0.000001 0.000000 0.000000 0.000000 0.000000 0.000000 0.000000 0.000000 0.000000 0.000000 0.000000 0.000000 0.000000 0.000000 0.000000 0.000000 0.000000 
0.000000 0.000000 0.000000 0.000000 0.000000 0.000000 0.000000 0.000000 0.000000 0.000000 0.000000 0.000000 0.000000 0.000000 0.000000 0.000001 0.000001 0.000002 0.000003 0.000004 0.000007 0.000011 0.000017 0.000027 0.000042 0.000063 0.000094 0.000137 0.000197 0.000279 0.000388 0.000532 0.000719 0.000954 0.001247 0.001604 0.002031 0.002529 0.003099 0.003736 0.004432 0.005174 0.005942 0.006714 0.007464 0.008163 0.008785 0.009300 0.009687 0.009927 0.010008 0.009927 0.009687 0.009300 0.008785 0.008163 0.007464 0.006714 0.005942 0.005174 0.004432 0.003736 0.003099 0.002529 0.002031 0.001604 0.001247 0.000954 0.000719 0.000532 0.000388 0.000279 0.000197 0.000137 0.000094 0.000063 0.000042 0.000027 0.000017 0.000011 0.000007 0.000004 0.000003 0.000002 0.000001 0.000001 0.000000 0.000000 0.000000 0.000000 0.000000 0.000000 0.000000 0.000000 0.000000 0.000000 0.000000 0.000000 0.000000 0.000000 
0.000000 0.000000 0.000000 0.000000 0.000000 0.000000 0.000000 0.000000 0.000000 0.000000 0.000000 0.000000 0.000000 0.000000 0.000001 0.000001 0.000002 0.000003 0.000004 0.000007 0.000012 0.000019 0.000031 0.000048 0.000073 0.000110 0.000163 0.000239 0.000343 0.000486 0.000676 0.000927 0.001251 0.001660 0.002169 0.002789 0.003528 0.004392 0.005380 0.006485 0.007691 0.008975 0.010305 0.011642 0.012940 0.014151 0.015226 0.016119 0.016788 0.017203 0.017344 0.017203 0.016788 0.016119 0.015226 0.014151 0.012940 0.011642 0.010305 0.008975 0.007691 0.006485 0.005380 0.004392 0.003528 0.002789 0.002169 0.001660 0.001251 0.000927 0.000676 0.000486 0.000343 0.000239 0.000163 0.000110 0.000073 0.000048 0.000031 0.000019 0.000012 0.000007 0.000004 0.000003 0.000002 0.000001 0.000001 0.000000 0.000000 0.000000 0.000000 0.000000 0.000000 0.000000 0.000000 0.000000 0.000000 0.000000 0.000000 0.000000 
0.000000 0.000000 0.000000 0.000000 0.000000 0.000000 0.000000 0.000000 0.000000 0.000000 0.000000 0.000000 0.000000 0.000000 0.000001 0.000002 0.000003 0.000005 0.000008 0.000013 0.000021 0.000033 0.000053 0.000082 0.000126 0.000189 0.000281 0.000410 0.000590 0.000834 0.001161 0.001590 0.002144 0.002845 0.003716 0.004775 0.006039 0.007515 0.009203 0.011089 0.013148 0.015339 0.017608 0.019888 0.022102 0.024167 0.026000 0.027521 0.028662 0.029369 0.029609 0.029369 0.028662 0.027521 0.026000 0.024167 0.022102 0.019888 0.017608 0.015339 0.013148 0.011089 0.009203 0.007515 0.006039 0.004775 0.003716 0.002845 0.002144 0.001590 0.001161 0.000834 0.000590 0.000410 0.000281 0.000189 0.000126 0.000082 0.000053 0.000033 0.000021 0.000013 0.000008 0.000005 0.000003 0.000002 0.000001 0.000000 0.000000 0.000000 0.000000 0.000000 0.000000 0.000000 0.000000 0.000000 0.000000 0.000000 0.000000 0.000000 
0.000000 0.000000 0.000000 0.000000 0.000000 0.000000 0.000000 0.000000 0.000000 0.000000 0.000000 0.000000 0.000000 0.000001 0.000002 0.000003 0.000005 0.000008 0.000013 0.000022 0.000035 0.000057 0.000090 0.000139 0.000213 0.000321 0.000476 0.000695 0.000998 0.001410 0.001962 0.002687 0.003622 0.004803 0.006270 0.008055 0.010182 0.012667 0.015506 0.018679 0.022141 0.025825 0.029638 0.033469 0.037189 0.040658 0.043736 0.046291 0.048207 0.049395 0.049797 0.049395 0.048207 0.046291 0.043736 0.040658 0.037189 0.033469 0.029638 0.025825 0.022141 0.018679 0.015506 0.012667 0.010182 0.008055 0.006270 0.004803 0.003622 0.002687 0.001962 0.001410 0.000998 0.000695 0.000476 0.000321 0.000213 0.000139 0.000090 0.000057 0.000035 0.000022 0.000013 0.000008 0.000005 0.000003 0.000002 0.000001 0.000000 0.000000 0.000000 0.000000 0.000000 0.000000 0.000000 0.000000 0.000000 0.000000 0.000000 0.000000 
0.000000 0.000000 0.000000 0.000000 0.000000 0.000000 0.000000 0.000000 0.000000 0.000000 0.000000 0.000000 0.000001 0.000001 0.000003 0.000004 0.000008 0.000013 0.000022 0.000037 0.000059 0.000095 0.000150 0.000233 0.000356 0.000536 0.000795 0.001159 0.001663 0.002350 0.003267 0.004472 0.006024 0.007987 0.010421 0.013382 0.016911 0.021030 0.025736 0.030993 0.036728 0.042828 0.049142 0.055484 0.061640 0.067380 0.072474 0.076701 0.079870 0.081835 0.082500 0.081835 0.079870 0.076701 0.072474 0.067380 0.061640 0.055484 0.049142 0.042828 0.036728 0.030993 0.025736 0.021030 0.016911 0.013382 0.010421 0.007987 0.006024 0.004472 0.003267 0.002350 0.001663 0.001159 0.000795 0.000536 0.000356 0.000233 0.000150 0.000095 0.000059 0.000037 0.000022 0.000013 0.000008 0.000004 0.000003 0.000001 0.000001 0.000000 0.000000 0.000000 0.000000 0.000000 0.000000 0.000000 0.000000 0.000000 0.000000 0.000000 
0.000000 0.000000 0.000000 0.000000 0.000000 0.000000 0.000000 0.000000 0.000000 0.000000 0.000000 0.000001 0.000001 0.000002 0.000004 0.000007 0.000013 0.000022 0.000037 0.000060 0.000098 0.000157 0.000247 0.000384 0.000587 0.000882 0.001306 0.001903 0.002730 0.003855 0.005358 0.007330 0.009870 0.013080 0.017060 0.021899 0.027664 0.034391 0.042075 0.050655 0.060012 0.069963 0.080261 0.090602 0.100638 0.109996 0.118298 0.125187 0.130352 0.133553 0.134638 0.133553 0.130352 0.125187 0.118298 0.109996 0.100638 0.090602 0.080261 0.069963 0.060012 0.050655 0.042075 0.034391 0.027664 0.021899 0.017060 0.013080 0.009870 0.007330 0.005358 0.003855 0.002730 0.001903 0.001306 0.000882 0.000587 0.000384 0.000247 0.000157 0.000098 0.000060 0.000037 0.000022 0.000013 0.000007 0.000004 0.000002 0.000001 0.000001 0.000000 0.000000 0.000000 0.000000 0.000000 0.000000 0.000000 0.000000 0.000000 0.000000 
0.000000 0.000000 0.000000 0.000000 0.000000 0.000000 0.000000 0.000000 0.000000 0.000000 0.000001 0.000001 0.000002 0.000004 0.000007 0.000012 0.000021 0.000035 0.000059 0.000098 0.000159 0.000255 0.000401 0.000623 0.000950 0.001428 0.002113 0.003078 0.004414 0.006229 0.008654 0.011834 0.015927 0.021098 0.027507 0.035296 0.044573 0.055395 0.067750 0.081544 0.096584 0.112573 0.129117 0.145727 0.161845 0.176871 0.190200 0.201259 0.209551 0.214690 0.216430 0.214690 0.209551 0.201259 0.190200 0.176871 0.161845 0.145727 0.129117 0.112573 0.096584 0.081544 0.067750 0.055395 0.044573 0.035296 0.027507 0.021098 0.015927 0.011834 0.008654 0.006229 0.004414 0.003078 0.002113 0.001428 0.000950 0.000623 0.000401 0.000255 0.000159 0.000098 0.000059 0.000035 0.000021 0.000012 0.000007 0.000004 0.000002 0.000001 0.000001 0.000000 0.000000 0.000000 0.000000 0.000000 0.000000 0.000000 0.000000 0.000000 
0.000000 0.000000 0.000000 0.000000 0.000000 0.000000 0.000000 0.000000 0.000000 0.000001 0.000001 0.000002 0.000003 0.000006 0.000011 0.000019 0.000033 0.000057 0.000095 0.000157 0.000255 0.000407 0.000641 0.000994 0.001516 0.002278 0.003368 0.004903 0.007027 0.009913 0.013765 0.018814 0.025311 0.033516 0.043681 0.056030 0.070732 0.087878 0.107449 0.129291 0.153100 0.178407 0.204586 0.230865 0.256362 0.280128 0.301207 0.318695 0.331806 0.339931 0.342683 0.339931 0.331806 0.318695 0.301207 0.280128 0.256362 0.230865 0.204586 0.178407 0.153100 0.129291 0.107449 0.087878 0.070732 0.056030 0.043681 0.033516 0.025311 0.018814 0.013765 0.009913 0.007027 0.004903 0.003368 0.002278 0.001516 0.000994 0.000641 0.000407 0.000255 0.000157 0.000095 0.000057 0.000033 0.000019 0.000011 0.000006 0.000003 0.000002 0.000001 0.000001 0.000000 0.000000 0.000000 0.000000 0.000000 0.000000 0.000000 0.000000 
0.000000 0.000000 0.000000 0.000000 0.000000 0.000000 0.000000 0.000000 0.000000 0.000001 0.000002 0.000003 0.000005 0.000010 0.000017 0.000031 0.000053 0.000090 0.000150 0.000247 0.000401 0.000641 0.001009 0.001562 0.002382 0.003577 0.005286 0.007691 0.011017 0.015534 0.021561 0.029457 0.039614 0.052435 0.068313 0.087595 0.110545 0.137301 0.167832 0.201897 0.239021 0.278473 0.319275 0.360225 0.399951 0.436977 0.469811 0.497050 0.517470 0.530123 0.534409 0.530123 0.517470 0.497050 0.469811 0.436977 0.399951 0.360225 0.319275 0.278473 0.239021 0.201897 0.167832 0.137301 0.110545 0.087595 0.068313 0.052435 0.039614 0.029457 0.021561 0.015534 0.011017 0.007691 0.005286 0.003577 0.002382 0.001562 0.001009 0.000641 0.000401 0.000247 0.000150 0.000090 0.000053 0.000031 0.000017 0.000010 0.000005 0.000003 0.000002 0.000001 0.000000 0.000000 0.000000 0.000000 0.000000 0.000000 0.000000 0.000000 
0.000000 0.000000 0.000000 0.000000 0.000000 0.000000 0.000000 0.000000 0.000001 0.000001 0.000002 0.000005 0.000008 0.000015 0.000027 0.000048 0.000082 0.000139 0.000233 0.000384 0.000623 0.000994 0.001562 0.002418 0.003685 0.005530 0.008169 0.011880 0.017008 0.023971 0.033257 0.045418 0.061055 0.080785 0.105210 0.134863 0.170144 0.211265 0.258174 0.310501 0.367512 0.428085 0.490719 0.553571 0.614533 0.671344 0.721720 0.763506 0.794830 0.814239 0.820814 0.814239 0.794830 0.763506 0.721720 0.671344 0.614533 0.553571 0.490719 0.428085 0.367512 0.310501 0.258174 0.211265 0.170144 0.134863 0.105210 0.080785 0.061055 0.045418 0.033257 0.023971 0.017008 0.011880 0.008169 0.005530 0.003685 0.002418 0.001562 0.000994 0.000623 0.000384 0.000233 0.000139 0.000082 0.000048 0.000027 0.000015 0.000008 0.000005 0.000002 0.000001 0.000001 0.000000 0.000000 0.000000 0.000000 0.000000 0.000000 0.000000 
0.000000 0.000000 0.000000 0.000000 0.000000 0.000000 0.000000 0.000001 0.000001 0.000002 0.000004 0.000007 0.000013 0.000024 0.000042 0.000073 0.000126 0.000213 0.000356 0.000587 0.000950 0.001516 0.002382 0.003685 0.005614 0.008419 0.012430 0.018068 0.025856 0.036425 0.050514 0.068959 0.092664 0.122565 0.159569 0.204476 0.257893 0.320132 0.391113 0.470273 0.556499 0.648094 0.742787 0.837794 0.929932 1.015785 1.091905 1.155041 1.202366 1.231689 1.241622 1.231689 1.202366 1.155041 1.091905 1.015785 0.929932 0.837794 0.742787 0.648094 0.556499 0.470273 0.391113 0.320132 0.257893 0.204476 0.159569 0.122565 0.092664 0.068959 0.050514 0.036425 0.025856 0.018068 0.012430 0.008419 0.005614 0.003685 0.002382 0.001516 0.000950 0.000587 0.000356 0.000213 0.000126 0.000073 0.000042 0.000024 0.000013 0.000007 0.000004 0.000002 0.000001 0.000001 0.000000 0.000000 0.000000 0.000000 0.000000 0.000000 
0.000000 0.000000 0.000000 0.000000 0.000000 0.000000 0.000000 0.000001 0.000002 0.000003 0.000006 0.000011 0.000020 0.000036 0.000063 0.000110 0.000189 0.000321 0.000536 0.000882 0.001428 0.002278 0.003577 0.005530 0.008419 0.012619 0.018623 0.027058 0.038703 0.054501 0.075550 0.103096 0.138486 0.183110 0.238316 0.305291 0.384934 0.477705 0.583479 0.701414 0.829848 0.966252 1.107244 1.248681 1.385828 1.513605 1.626885 1.720834 1.791252 1.834882 1.849660 1.834882 1.791252 1.720834 1.626885 1.513605 1.385828 1.248681 1.107244 0.966252 0.829848 0.701414 0.583479 0.477705 0.384934 0.305291 0.238316 0.183110 0.138486 0.103096 0.075550 0.054501 0.038703 0.027058 0.018623 0.012619 0.008419 0.005530 0.003577 0.002278 0.001428 0.000882 0.000536 0.000321 0.000189 0.000110 0.000063 0.000036 0.000020 0.000011 0.000006 0.000003 0.000002 0.000001 0.000000 0.000000 0.000000 0.000000 0.000000 0.000000 
0.000000 0.000000 0.000000 0.000000 0.000000 0.000000 0.000001 0.000001 0.000002 0.000005 0.000009 0.000016 0.000029 0.000053 0.000094 0.000163 0.000281 0.000476 0.000795 0.001306 0.002113 0.003368 0.005286 0.008169 0.012430 0.018623 0.027470 0.039895 0.057041 0.080291 0.111259 0.151768 0.203794 0.269373 0.350476 0.448840 0.565775 0.701950 0.857172 1.030201 1.218593 1.418639 1.625378 1.832738 2.033782 2.221068 2.387090 2.524770 2.627960 2.691892 2.713547 2.691892 2.627960 2.524770 2.387090 2.221068 2.033782 1.832738 1.625378 1.418639 1.218593 1.030201 0.857172 0.701950 0.565775 0.448840 0.350476 0.269373 0.203794 0.151768 0.111259 0.080291 0.057041 0.039895 0.027470 0.018623 0.012430 0.008169 0.005286 0.003368 0.002113 0.001306 0.000795 0.000476 0.000281 0.000163 0.000094 0.000053 0.000029 0.000016 0.000009 0.000005 0.000002 0.000001 0.000001 0.000000 0.000000 0.000000 0.000000 0.000000 
0.000000 0.000000 0.000000 0.000000 0.000000 0.000000 0.000001 0.000002 0.000004 0.000007 0.000013 0.000023 0.000043 0.000077 0.000137 0.000239 0.000410 0.000695 0.001159 0.001903 0.003078 0.004903 0.007691 0.011880 0.018068 0.027058 0.039895 0.057914 0.082772 0.116464 0.161323 0.219983 0.295292 0.390190 0.507515 0.649770 0.818837 1.015669 1.239981 1.489969 1.762100 2.051012 2.349541 2.648922 2.939147 3.209481 3.449101 3.647801 3.796716 3.888974 3.920223 3.888974 3.796716 3.647801 3.449101 3.209481 2.939147 2.648922 2.349541 2.051012 1.762100 1.489969 1.239981 1.015669 0.818837 0.649770 0.507515 0.390190 0.295292 0.219983 0.161323 0.116464 0.082772 0.057914 0.039895 0.027058 0.018068 0.011880 0.007691 0.004903 0.003078 0.001903 0.001159 0.000695 0.000410 0.000239 0.000137 0.000077 0.000043 0.000023 0.000013 0.000007 0.000004 0.000002 0.000001 0.000000 0.000000 0.000000 0.000000 0.000000 
0.000000 0.000000 0.000000 0.000000 0.000000 0.000001 0.000001 0.000003 0.000005 0.000010 0.000018 0.000034 0.000062 0.000111 0.000197 0.000343 0.000590 0.000998 0.001663 0.002730 0.004414 0.007027 0.011017 0.017008 0.025856 0.038703 0.057041 0.082772 0.118252 0.166324 0.230306 0.313942 0.421282 0.556499 0.723622 0.926199 1.166895 1.447051 1.766247 2.121905 2.508992 2.919876 3.344370 3.770016 4.182594 4.566855 4.907427 5.189820 5.401448 5.532553 5.576960 5.532553 5.401448 5.189820 4.907427 4.566855 4.182594 3.770016 3.344370 2.919876 2.508992 2.121905 1.766247 1.447051 1.166895 0.926199 0.723622 0.556499 0.421282 0.313942 0.230306 0.166324 0.118252 0.082772 0.057041 0.038703 0.025856 0.017008 0.011017 0.007027 0.004414 0.002730 0.001663 0.000998 0.000590 0.000343 0.000197 0.000111 0.000062 0.000034 0.000018 0.000010 0.000005 0.000003 0.000001 0.000001 0.000000 0.000000 0.000000 0.000000 
0.000000 0.000000 0.000000 0.000000 0.000000 0.000001 0.000002 0.000004 0.000007 0.000014 0.000026 0.000048 0.000088 0.000157 0.000279 0.000486 0.000834 0.001410 0.002350 0.003855 0.006229 0.009913 0.015534 0.023971 0.036425 0.054501 0.080291 0.116464 0.166324 0.233853 0.323703 0.441112 0.591751 0.781454 1.015854 1.299904 1.637318 2.029957 2.477213 2.975460 3.517636 4.093046 4.687426 5.283340 5.860890 6.398746 6.875410 7.270621 7.566779 7.750247 7.812388 7.750247 7.566779 7.270621 6.875410 6.398746 5.860890 5.283340 4.687426 4.093046 3.517636 2.975460 2.477213 2.029957 1.637318 1.299904 1.015854 0.781454 0.591751 0.441112 0.323703 0.233853 0.166324 0.116464 0.080291 0.054501 0.036425 0.023971 0.015534 0.009913 0.006229 0.003855 0.002350 0.001410 0.000834 0.000486 0.000279 0.000157 0.000088 0.000048 0.000026 0.000014 0.000007 0.000004 0.000002 0.000001 0.000000 0.000000 0.000000 0.000000 
0.000000 0.000000 0.000000 0.000000 0.000001 0.000001 0.000003 0.000005 0.000010 0.000019 0.000036 0.000067 0.000122 0.000219 0.000388 0.000676 0.001161 0.001962 0.003267 0.005358 0.008654 0.013765 0.021561 0.033257 0.050514 0.075550 0.111259 0.161323 0.230306 0.323703 0.447928 0.610205 0.818347 1.080390 1.404087 1.796249 2.261975 2.803805 3.420876 4.108166 4.855923 5.649387 6.468893 7.290407 8.086516 8.827839 9.484768 10.029405 10.437519 10.690334 10.775962 10.690334 10.437519 10.029405 9.484768 8.827839 8.086516 7.290407 6.468893 5.649387 4.855923 4.108166 3.420876 2.803805 2.261975 1.796249 1.404087 1.080390 0.818347 0.610205 0.447928 0.323703 0.230306 0.161323 0.111259 0.075550 0.050514 0.033257 0.021561 0.013765 0.008654 0.005358 0.003267 0.001962 0.001161 0.000676 0.000388 0.000219 0.000122 0.000067 0.000036 0.000019 0.000010 0.000005 0.000003 0.000001 0.000001 0.000000 0.000000 0.000000 
0.000000 0.000000 0.000000 0.000000 0.000001 0.000002 0.000004 0.000007 0.000014 0.000027 0.000050 0.000092 0.000168 0.000301 0.000532 0.000927 0.001590 0.002687 0.004472 0.007330 0.011834 0.018814 0.029457 0.045418 0.068959 0.103096 0.151768 0.219983 0.313942 0.441112 0.610205 0.831027 1.114179 1.470560 1.910677 2.443754 3.076683 3.812883 4.651150 5.584635 6.600076 7.677423 8.789977 9.905121 10.985663 11.991754 12.883240 13.622296 14.176069 14.519104 14.635288 14.519104 14.176069 13.622296 12.883240 11.991754 10.985663 9.905121 8.789977 7.677423 6.600076 5.584635 4.651150 3.812883 3.076683 2.443754 1.910677 1.470560 1.114179 0.831027 0.610205 0.441112 0.313942 0.219983 0.151768 0.103096 0.068959 0.045418 0.029457 0.018814 0.011834 0.007330 0.004472 0.002687 0.001590 0.000927 0.000532 0.000301 0.000168 0.000092 0.000050 0.000027 0.000014 0.000007 0.000004 0.000002 0.000001 0.000000 0.000000 0.000000 
0.000000 0.000000 0.000000 0.000001 0.000001 0.000003 0.000005 0.000010 0.000019 0.000036 0.000067 0.000125 0.000227 0.000407 0.000719 0.001251 0.002144 0.003622 0.006024 0.009870 0.015927 0.025311 0.039614 0.061055 0.092664 0.138486 0.203794 0.295292 0.421282 0.591751 0.818347 1.114179 1.493410 1.970594 2.559754 3.273190 4.120078 5.104948 6.226151 7.474494 8.832220 10.272510 11.759674 13.250127 14.694188 16.038632 17.229843 18.217318 18.957199 19.415506 19.570729 19.415506 18.957199 18.217318 17.229843 16.038632 14.694188 13.250127 11.759674 10.272510 8.832220 7.474494 6.226151 5.104948 4.120078 3.273190 2.559754 1.970594 1.493410 1.114179 0.818347 0.591751 0.421282 0.295292 0.203794 0.138486 0.092664 0.061055 0.039614 0.025311 0.015927 0.009870 0.006024 0.003622 0.002144 0.001251 0.000719 0.000407 0.000227 0.000125 0.000067 0.000036 0.000019 0.000010 0.000005 0.000003 0.000001 0.000001 0.000000 0.000000 
0.000000 0.000000 0.000000 0.000001 0.000002 0.000003 0.000007 0.000013 0.000025 0.000048 0.000090 0.000166 0.000301 0.000540 0.000954 0.001660 0.002845 0.004803 0.007987 0.013080 0.021098 0.033516 0.052435 0.080785 0.122565 0.183110 0.269373 0.390190 0.556499 0.781454 1.080390 1.470560 1.970594 2.599631 3.376097 4.316142 5.431801 6.728984 8.205469 9.849112 11.636505 13.532331 15.489615 17.451013 19.351176 21.120113 22.687330 23.986429 24.959758 25.562655 25.766846 25.562655 24.959758 23.986429 22.687330 21.120113 19.351176 17.451013 15.489615 13.532331 11.636505 9.849112 8.205469 6.728984 5.431801 4.316142 3.376097 2.599631 1.970594 1.470560 1.080390 0.781454 0.556499 0.390190 0.269373 0.183110 0.122565 0.080785 0.052435 0.033516 0.021098 0.013080 0.007987 0.004803 0.002845 0.001660 0.000954 0.000540 0.000301 0.000166 0.000090 0.000048 0.000025 0.000013 0.000007 0.000003 0.000002 0.000001 0.000000 0.000000 
0.000000 0.000000 0.000000 0.000001 0.000002 0.000004 0.000009 0.000017 0.000033 0.000063 0.000117 0.000217 0.000394 0.000707 0.001247 0.002169 0.003716 0.006270 0.010421 0.017060 0.027507 0.043681 0.068313 0.105210 0.159569 0.238316 0.350476 0.507515 0.723622 1.015854 1.404087 1.910677 2.559754 3.376097 4.383547 5.602988 7.049957 8.732052 10.646332 12.777005 15.093694 17.550607 20.086872 22.628204 25.089974 27.381554 29.411682 31.094411 32.355121 33.136005 33.400475 33.136005 32.355121 31.094411 29.411682 27.381554 25.089974 22.628204 20.086872 17.550607 15.093694 12.777005 10.646332 8.732052 7.049957 5.602988 4.383547 3.376097 2.559754 1.910677 1.404087 1.015854 0.723622 0.507515 0.350476 0.238316 0.159569 0.105210 0.068313 0.043681 0.027507 0.017060 0.010421 0.006270 0.003716 0.002169 0.001247 0.000707 0.000394 0.000217 0.000117 0.000063 0.000033 0.000017 0.000009 0.000004 0.000002 0.000001 0.000000 0.000000 
0.000000 0.000000 0.000001 0.000001 0.000003 0.000006 0.000011 0.000022 0.000043 0.000081 0.000151 0.000279 0.000508 0.000909 0.001604 0.002789 0.004775 0.008055 0.013382 0.021899 0.035296 0.056030 0.087595 0.134863 0.204476 0.305291 0.448840 0.649770 0.926199 1.299904 1.796249 2.443754 3.273190 4.316142 5.602988 7.160313 9.007875 11.155292 13.598740 16.318001 19.274268 22.409093 25.644809 28.886673 32.026776 34.949581 37.538759 39.684766 41.292508 42.288320 42.625577 42.288320 41.292508 39.684766 37.538759 34.949581 32.026776 28.886673 25.644809 22.409093 19.274268 16.318001 13.598740 11.155292 9.007875 7.160313 5.602988 4.316142 3.273190 2.443754 1.796249 1.299904 0.926199 0.649770 0.448840 0.305291 0.204476 0.134863 0.087595 0.056030 0.035296 0.021899 0.013382 0.008055 0.004775 0.002789 0.001604 0.000909 0.000508 0.000279 0.000151 0.000081 0.000043 0.000022 0.000011 0.000006 0.000003 0.000001 0.000001 0.000000 
0.000000 0.000000 0.000001 0.000002 0.000004 0.000007 0.000014 0.000028 0.000054 0.000103 0.000192 0.000354 0.000643 0.001151 0.002031 0.003528 0.006039 0.010182 0.016911 0.027664 0.044573 0.070732 0.110545 0.170144 0.257893 0.384934 0.565775 0.818837 1.166895 1.637318 2.261975 3.076683 4.120078 5.431801 7.049957 9.007875 11.330292 14.029204 17.099718 20.516363 24.230332 28.168174 32.232335 36.303849 40.247244 43.917501 47.168626 49.863158 51.881773 53.132045 53.555477 53.132045 51.881773 49.863158 47.168626 43.917501 40.247244 36.303849 32.232335 28.168174 24.230332 20.516363 17.099718 14.029204 11.330292 9.007875 7.049957 5.431801 4.120078 3.076683 2.261975 1.637318 1.166895 0.818837 0.565775 0.384934 0.257893 0.170144 0.110545 0.070732 0.044573 0.027664 0.016911 0.010182 0.006039 0.003528 0.002031 0.001151 0.000643 0.000354 0.000192 0.000103 0.000054 0.000028 0.000014 0.000007 0.000004 0.000002 0.000001 0.000000 
0.000000 0.000000 0.000001 0.000002 0.000004 0.000009 0.000018 0.000035 0.000067 0.000128 0.000239 0.000441 0.000801 0.001434 0.002529 0.004392 0.007515 0.012667 0.021030 0.034391 0.055395 0.087878 0.137301 0.211265 0.320132 0.477705 0.701950 1.015669 1.447051 2.029957 2.803805 3.812883 5.104948 6.728984 8.732052 11.155292 14.029204 17.368520 21.167092 25.393327 29.986804 34.856654 39.882240 44.916490 49.791964 54.329452 58.348558 61.679452 64.174719 65.720183 66.243582 65.720183 64.174719 61.679452 58.348558 54.329452 49.791964 44.916490 39.882240 34.856654 29.986804 25.393327 21.167092 17.368520 14.029204 11.155292 8.732052 6.728984 5.104948 3.812883 2.803805 2.029957 1.447051 1.015669 0.701950 0.477705 0.320132 0.211265 0.137301 0.087878 0.055395 0.034391 0.021030 0.012667 0.007515 0.004392 0.002529 0.001434 0.000801 0.000441 0.000239 0.000128 0.000067 0.000035 0.000018 0.000009 0.000004 0.000002 0.000001 0.000000 
0.000000 0.000000 0.000001 0.000003 0.000005 0.000011 0.000022 0.000043 0.000083 0.000157 0.000294 0.000541 0.000983 0.001758 0.003099 0.005380 0.009203 0.015506 0.025736 0.042075 0.067750 0.107449 0.167832 0.258174 0.391113 0.583479 0.857172 1.239981 1.766247 2.477213 3.420876 4.651150 6.226151 8.205469 10.646332 13.598740 17.099718 21.167092 25.793259 30.939660 36.532657 42.461581 48.579569 54.707623 60.641994 66.164645 71.056126 75.109853 78.146525 80.027276 80.664220 80.027276 78.146525 75.109853 71.056126 66.164645 60.641994 54.707623 48.579569 42.461581 36.532657 30.939660 25.793259 21.167092 17.099718 13.598740 10.646332 8.205469 6.226151 4.651150 3.420876 2.477213 1.766247 1.239981 0.857172 0.583479 0.391113 0.258174 0.167832 0.107449 0.067750 0.042075 0.025736 0.015506 0.009203 0.005380 0.003099 0.001758 0.000983 0.000541 0.000294 0.000157 0.000083 0.000043 0.000022 0.000011 0.000005 0.000003 0.000001 0.000000 
0.000000 0.000001 0.000002 0.000003 0.000007 0.000013 0.000027 0.000052 0.000100 0.000190 0.000355 0.000653 0.001186 0.002121 0.003736 0.006485 0.011089 0.018679 0.030993 0.050655 0.081544 0.129291 0.201897 0.310501 0.470273 0.701414 1.030201 1.489969 2.121905 2.975460 4.108166 5.584635 7.474494 9.849112 12.777005 16.318001 20.516363 25.393327 30.939660 37.109034 43.813110 50.919204 58.251303 65.594932 72.706010 79.323369 85.184181 90.041047 93.679256 95.932527 96.695623 95.932527 93.679256 90.041047 85.184181 79.323369 72.706010 65.594932 58.251303 50.919204 43.813110 37.109034 30.939660 25.393327 20.516363 16.318001 12.777005 9.849112 7.474494 5.584635 4.108166 2.975460 2.121905 1.489969 1.030201 0.701414 0.470273 0.310501 0.201897 0.129291 0.081544 0.050655 0.030993 0.018679 0.011089 0.006485 0.003736 0.002121 0.001186 0.000653 0.000355 0.000190 0.000100 0.000052 0.000027 0.000013 0.000007 0.000003 0.000001 0.000000 
0.000000 0.000001 0.000002 0.000004 0.000008 0.000016 0.000032 0.000062 0.000119 0.000225 0.000421 0.000776 0.001408 0.002516 0.004432 0.007691 0.013148 0.022141 0.036728 0.060012 0.096584 0.153100 0.239021 0.367512 0.556499 0.829848 1.218593 1.762100 2.508992 3.517636 4.855923 6.600076 8.832220 11.636505 15.093694 19.274268 24.230332 29.986804 36.532657 43.813110 51.723844 60.108261 68.758696 77.422162 85.810795 93.616622 100.529739 106.258464 110.549664 113.207310 114.107346 113.207310 110.549664 106.258464 100.529739 93.616622 85.810795 77.422162 68.758696 60.108261 51.723844 43.813110 36.532657 29.986804 24.230332 19.274268 15.093694 11.636505 8.832220 6.600076 4.855923 3.517636 2.508992 1.762100 1.218593 0.829848 0.556499 0.367512 0.239021 0.153100 0.096584 0.060012 0.036728 0.022141 0.013148 0.007691 0.004432 0.002516 0.001408 0.000776 0.000421 0.000225 0.000119 0.000062 0.000032 0.000016 0.000008 0.000004 0.000001 0.000000 
0.000000 0.000001 0.000002 0.000005 0.000009 0.000019 0.000037 0.000072 0.000139 0.000263 0.000492 0.000906 0.001644 0.002938 0.005174 0.008975 0.015339 0.025825 0.042828 0.069963 0.112573 0.178407 0.278473 0.428085 0.648094 0.966252 1.418639 2.051012 2.919876 4.093046 5.649387 7.677423 10.272510 13.532331 17.550607 22.409093 28.168174 34.856654 42.461581 50.919204 60.108261 69.846818 79.893679 89.955073 99.696775 108.761259 116.788787 123.440796 128.423486 131.509342 132.554387 131.509342 128.423486 123.440796 116.788787 108.761259 99.696775 89.955073 79.893679 69.846818 60.108261 50.919204 42.461581 34.856654 28.168174 22.409093 17.550607 13.532331 10.272510 7.677423 5.649387 4.093046 2.919876 2.051012 1.418639 0.966252 0.648094 0.428085 0.278473 0.178407 0.112573 0.069963 0.042828 0.025825 0.015339 0.008975 0.005174 0.002938 0.001644 0.000906 0.000492 0.000263 0.000139 0.000072 0.000037 0.000019 0.000009 0.000004 0.000002 0.000000 
0.000000 0.000001 0.000002 0.000005 0.000011 0.000021 0.000043 0.000083 0.000160 0.000303 0.000566 0.001041 0.001889 0.003375 0.005942 0.010305 0.017608 0.029638 0.049142 0.080261 0.129117 0.204586 0.319275 0.490719 0.742787 1.107244 1.625378 2.349541 3.344370 4.687426 6.468893 8.789977 11.759674 15.489615 20.086872 25.644809 32.232335 39.882240 48.579569 58.251303 68.758696 79.893679 91.380483 102.883285 114.020073 124.382244 133.558698 141.162561 146.858122 150.385423 151.579958 150.385423 146.858122 141.162561 133.558698 124.382244 114.020073 102.883285 91.380483 79.893679 68.758696 58.251303 48.579569 39.882240 32.232335 25.644809 20.086872 15.489615 11.759674 8.789977 6.468893 4.687426 3.344370 2.349541 1.625378 1.107244 0.742787 0.490719 0.319275 0.204586 0.129117 0.080261 0.049142 0.029638 0.017608 0.010305 0.005942 0.003375 0.001889 0.001041 0.000566 0.000303 0.000160 0.000083 0.000043 0.000021 0.000011 0.000005 0.000002 0.000000 
