0.000000 0.000000 0.000000 0.000000 0.000000 0.000000 0.000000 0.000000 0.000000 0.000000 0.000000 0.000000 0.000000 0.000000 0.000000 0.000000 0.000000 0.000000 0.000000 0.000000 0.000000 0.000000 0.000000 0.000000 0.000000 0.000000 0.000000 0.000000 0.000000 0.000000 0.000000 0.000000 0.000000 0.000000 0.000000 0.000000 0.000000 0.000000 0.000000 0.000000 0.000000 0.000000 0.000000 0.000000 0.000000 0.000000 0.000000 0.000000 0.000000 0.000000 0.000000 0.000000 0.000000 0.000000 0.000000 0.000000 0.000000 0.000000 0.000000 0.000000 0.000000 0.000000 0.000000 0.000000 0.000000 0.000000 0.000000 0.000000 0.000000 0.000000 0.000000 0.000000 0.000000 0.000000 0.000000 0.000000 0.000000 0.000000 0.000000 0.000000 0.000000 0.000000 0.000000 0.000000 0.000000 0.000000 0.000000 0.000000 0.000000 0.000000 0.000000 0.000000 0.000000 0.000000 0.000000 0.000000 0.000000 0.000000 0.000000 0.000000 
0.000000 0.000000 0.000000 0.000000 0.000000 0.000001 0.000001 0.000001 0.000002 0.000003 0.000004 0.000005 0.000007 0.000010 0.000014 0.000019 0.000025 0.000033 0.000044 0.000057 0.000074 0.000095 0.000121 0.000153 0.000191 0.000238 0.000293 0.000357 0.000432 0.000519 0.000618 0.000729 0.000853 0.000990 0.001139 0.001300 0.001471 0.001649 0.001835 0.002023 0.002212 0.002399 0.002578 0.002748 0.002905 0.003044 0.003163 0.003259 0.003329 0.003371 0.003386 0.003371 0.003329 0.003259 0.003163 0.003044 0.002905 0.002748 0.002578 0.002399 0.002212 0.002023 0.001835 0.001649 0.001471 0.001300 0.001139 0.000990 0.000853 0.000729 0.000618 0.000519 0.000432 0.000357 0.000293 0.000238 0.000191 0.000153 0.000121 0.000095 0.000074 0.000057 0.000044 0.000033 0.000025 0.000019 0.000014 0.000010 0.000007 0.000005 0.000004 0.000003 0.000002 0.000001 0.000001 0.000001 0.000000 0.000000 0.000000 0.000000 
0.000000 0.000000 0.000000 0.000001 0.000001 0.000001 0.000002 0.000003 0.000004 0.000006 0.000008 0.000011 0.000016 0.000022 0.000030 0.000040 0.000054 0.000071 0.000094 0.000123 0.000159 0.000204 0.000260 0.000329 0.000411 0.000511 0.000629 0.000768 0.000929 0.001115 0.001328 0.001567 0.001833 0.002128 0.002448 0.002793 0.003159 0.003544 0.003941 0.004346 0.004752 0.005152 0.005539 0.005904 0.006239 0.006538 0.006794 0.006999 0.007150 0.007241 0.007272 0.007241 0.007150 0.006999 0.006794 0.006538 0.006239 0.005904 0.005539 0.005152 0.004752 0.004346 0.003941 0.003544 0.003159 0.002793 0.002448 0.002128 0.001833 0.001567 0.001328 0.001115 0.000929 0.000768 0.000629 0.000511 0.000411 0.000329 0.000260 0.000204 0.000159 0.000123 0.000094 0.000071 0.000054 0.000040 0.000030 0.000022 0.000016 0.000011 0.000008 0.000006 0.000004 0.000003 0.000002 0.000001 0.000001 0.000001 0.000000 0.000000 
0.000000 0.000000 0.000001 0.000001 0.000002 0.000002 0.000003 0.000005 0.000007 0.000010 0.000014 0.000019 0.000027 0.000037 0.000050 0.000068 0.000091 0.000120 0.000158 0.000207 0.000268 0.000344 0.000438 0.000553 0.000692 0.000859 0.001057 0.001291 0.001562 0.001875 0.002231 0.002633 0.003081 0.003575 0.004114 0.004693 0.005308 0.005954 0.006622 0.007302 0.007984 0.008656 0.009305 0.009918 0.010481 0.010984 0.011412 0.011757 0.012010 0.012164 0.012216 0.012164 0.012010 0.011757 0.011412 0.010984 0.010481 0.009918 0.009305 0.008656 0.007984 0.007302 0.006622 0.005954 0.005308 0.004693 0.004114 0.003575 0.003081 0.002633 0.002231 0.001875 0.001562 0.001291 0.001057 0.000859 0.000692 0.000553 0.000438 0.000344 0.000268 0.000207 0.000158 0.000120 0.000091 0.000068 0.000050 0.000037 0.000027 0.000019 0.000014 0.000010 0.000007 0.000005 0.000003 0.000002 0.000001 0.000001 0.000000 0.000000 
0.000000 0.000000 0.000001 0.000002 0.000002 0.000004 0.000005 0.000008 0.000011 0.000015 0.000021 0.000030 0.000042 0.000057 0.000078 0.000105 0.000140 0.000186 0.000245 0.000320 0.000415 0.000532 0.000678 0.000856 0.001071 0.001330 0.001637 0.001998 0.002418 0.002902 0.003453 0.004075 0.004768 0.005532 0.006364 0.007260 0.008211 0.009209 0.010241 0.011293 0.012347 0.013386 0.014389 0.015336 0.016208 0.016984 0.017646 0.018180 0.018570 0.018809 0.018889 0.018809 0.018570 0.018180 0.017646 0.016984 0.016208 0.015336 0.014389 0.013386 0.012347 0.011293 0.010241 0.009209 0.008211 0.007260 0.006364 0.005532 0.004768 0.004075 0.003453 0.002902 0.002418 0.001998 0.001637 0.001330 0.001071 0.000856 0.000678 0.000532 0.000415 0.000320 0.000245 0.000186 0.000140 0.000105 0.000078 0.000057 0.000042 0.000030 0.000021 0.000015 0.000011 0.000007 0.000005 0.000003 0.000002 0.000001 0.000001 0.000000 
0.000000 0.000001 0.000001 0.000002 0.000004 0.000005 0.000008 0.000011 0.000016 0.000023 0.000032 0.000045 0.000062 0.000085 0.000116 0.000157 0.000210 0.000278 0.000366 0.000478 0.000619 0.000795 0.001012 0.001277 0.001598 0.001984 0.002442 0.002980 0.003606 0.004328 0.005150 0.006077 0.007109 0.008248 0.009488 0.010823 0.012241 0.013728 0.015265 0.016832 0.018402 0.019949 0.021444 0.022855 0.024153 0.025309 0.026295 0.027089 0.027671 0.028026 0.028145 0.028026 0.027671 0.027089 0.026295 0.025309 0.024153 0.022855 0.021444 0.019949 0.018402 0.016832 0.015265 0.013728 0.012241 0.010823 0.009488 0.008248 0.007109 0.006077 0.005150 0.004328 0.003606 0.002980 0.002442 0.001984 0.001598 0.001277 0.001012 0.000795 0.000619 0.000478 0.000366 0.000278 0.000210 0.000157 0.000116 0.000085 0.000062 0.000045 0.000032 0.000023 0.000016 0.000011 0.000008 0.000005 0.000003 0.000002 0.000001 0.000000 
0.000000 0.000001 0.000002 0.000003 0.000005 0.000008 0.000011 0.000016 0.000024 0.000033 0.000047 0.000066 0.000091 0.000125 0.000170 0.000229 0.000307 0.000407 0.000536 0.000700 0.000906 0.001163 0.001480 0.001868 0.002338 0.002901 0.003571 0.004357 0.005273 0.006327 0.007528 0.008881 0.010390 0.012053 0.013864 0.015813 0.017884 0.020055 0.022301 0.024588 0.026881 0.029139 0.031320 0.033380 0.035275 0.036962 0.038402 0.039561 0.040410 0.040928 0.041103 0.040928 0.040410 0.039561 0.038402 0.036962 0.035275 0.033380 0.031320 0.029139 0.026881 0.024588 0.022301 0.020055 0.017884 0.015813 0.013864 0.012053 0.010390 0.008881 0.007528 0.006327 0.005273 0.004357 0.003571 0.002901 0.002338 0.001868 0.001480 0.001163 0.000906 0.000700 0.000536 0.000407 0.000307 0.000229 0.000170 0.000125 0.000091 0.000066 0.000047 0.000033 0.000024 0.000016 0.000011 0.000008 0.000005 0.000003 0.000001 0.000000 
0.000000 0.000001 0.000003 0.000005 0.000008 0.000011 0.000016 0.000024 0.000034 0.000048 0.000068 0.000095 0.000132 0.000181 0.000246 0.000332 0.000444 0.000589 0.000775 0.001011 0.001308 0.001679 0.002137 0.002697 0.003375 0.004188 0.005153 0.006287 0.007607 0.009127 0.010859 0.012810 0.014985 0.017382 0.019992 0.022801 0.025785 0.028913 0.032148 0.035443 0.038747 0.042000 0.045142 0.048109 0.050838 0.053268 0.055343 0.057012 0.058235 0.058981 0.059232 0.058981 0.058235 0.057012 0.055343 0.053268 0.050838 0.048109 0.045142 0.042000 0.038747 0.035443 0.032148 0.028913 0.025785 0.022801 0.019992 0.017382 0.014985 0.012810 0.010859 0.009127 0.007607 0.006287 0.005153 0.004188 0.003375 0.002697 0.002137 0.001679 0.001308 0.001011 0.000775 0.000589 0.000444 0.000332 0.000246 0.000181 0.000132 0.000095 0.000068 0.000048 0.000034 0.000024 0.000016 0.000011 0.000007 0.000004 0.000002 0.000000 
0.000000 0.000002 0.000004 0.000007 0.000011 0.000016 0.000024 0.000034 0.000049 0.000069 0.000098 0.000136 0.000188 0.000258 0.000352 0.000474 0.000634 0.000842 0.001108 0.001445 0.001870 0.002400 0.003053 0.003853 0.004821 0.005981 0.007359 0.008978 0.010862 0.013031 0.015502 0.018286 0.021388 0.024807 0.028530 0.032536 0.036791 0.041253 0.045866 0.050564 0.055273 0.059912 0.064391 0.068621 0.072512 0.075976 0.078933 0.081312 0.083055 0.084119 0.084477 0.084119 0.083055 0.081312 0.078933 0.075976 0.072512 0.068621 0.064391 0.059912 0.055273 0.050564 0.045866 0.041253 0.036791 0.032536 0.028530 0.024807 0.021388 0.018286 0.015502 0.013031 0.010862 0.008978 0.007359 0.005981 0.004821 0.003853 0.003053 0.002400 0.001870 0.001445 0.001108 0.000842 0.000634 0.000474 0.000351 0.000258 0.000188 0.000136 0.000098 0.000069 0.000049 0.000034 0.000023 0.000016 0.000010 0.000006 0.000003 0.000000 
0.000000 0.000003 0.000006 0.000010 0.000015 0.000023 0.000033 0.000048 0.000069 0.000098 0.000138 0.000193 0.000267 0.000366 0.000498 0.000672 0.000899 0.001193 0.001569 0.002047 0.002649 0.003398 0.004323 0.005454 0.006824 0.008465 0.010414 0.012704 0.015368 0.018435 0.021928 0.025864 0.030250 0.035082 0.040344 0.046005 0.052018 0.058323 0.064840 0.071478 0.078132 0.084684 0.091012 0.096987 0.102483 0.107376 0.111552 0.114913 0.117376 0.118878 0.119383 0.118878 0.117376 0.114913 0.111552 0.107376 0.102483 0.096987 0.091012 0.084684 0.078132 0.071478 0.064840 0.058323 0.052018 0.046005 0.040344 0.035082 0.030250 0.025864 0.021928 0.018435 0.015368 0.012704 0.010414 0.008465 0.006824 0.005454 0.004323 0.003398 0.002649 0.002047 0.001569 0.001193 0.000899 0.000672 0.000498 0.000366 0.000267 0.000193 0.000138 0.000098 0.000069 0.000048 0.000033 0.000022 0.000014 0.000009 0.000004 0.000000 
0.000000 0.000004 0.000008 0.000014 0.000021 0.000032 0.000047 0.000068 0.000098 0.000138 0.000195 0.000272 0.000375 0.000515 0.000700 0.000944 0.001263 0.001676 0.002204 0.002875 0.003719 0.004770 0.006068 0.007655 0.009576 0.011878 0.014611 0.017822 0.021557 0.025856 0.030752 0.036268 0.042415 0.049186 0.056560 0.064491 0.072916 0.081748 0.090877 0.100176 0.109495 0.118673 0.127535 0.135904 0.143600 0.150452 0.156301 0.161007 0.164455 0.166559 0.167267 0.166559 0.164455 0.161007 0.156301 0.150452 0.143600 0.135904 0.127535 0.118673 0.109495 0.100176 0.090877 0.081748 0.072916 0.064491 0.056560 0.049186 0.042415 0.036268 0.030752 0.025856 0.021557 0.017822 0.014611 0.011878 0.009576 0.007655 0.006068 0.004770 0.003719 0.002875 0.002204 0.001676 0.001263 0.000944 0.000700 0.000515 0.000375 0.000271 0.000195 0.000138 0.000097 0.000068 0.000047 0.000031 0.000020 0.000012 0.000006 0.000000 
0.000000 0.000005 0.000011 0.000019 0.000030 0.000045 0.000066 0.000095 0.000136 0.000193 0.000272 0.000379 0.000523 0.000718 0.000976 0.001316 0.001760 0.002334 0.003069 0.004003 0.005177 0.006641 0.008446 0.010653 0.013325 0.016527 0.020327 0.024792 0.029984 0.035960 0.042766 0.050433 0.058975 0.068385 0.078630 0.089649 0.101354 0.113624 0.126306 0.139222 0.152166 0.164913 0.177222 0.188845 0.199533 0.209049 0.217171 0.223706 0.228495 0.231417 0.232399 0.231417 0.228495 0.223706 0.217171 0.209049 0.199533 0.188845 0.177222 0.164913 0.152166 0.139222 0.126306 0.113624 0.101354 0.089649 0.078630 0.068385 0.058975 0.050433 0.042766 0.035960 0.029984 0.024792 0.020327 0.016527 0.013325 0.010653 0.008446 0.006641 0.005177 0.004003 0.003069 0.002334 0.001760 0.001316 0.000976 0.000718 0.000523 0.000378 0.000271 0.000193 0.000136 0.000095 0.000065 0.000044 0.000028 0.000017 0.000008 0.000000 
0.000000 0.000007 0.000016 0.000027 0.000042 0.000062 0.000091 0.000132 0.000188 0.000267 0.000375 0.000523 0.000724 0.000992 0.001349 0.001818 0.002431 0.003224 0.004239 0.005528 0.007149 0.009168 0.011659 0.014703 0.018388 0.022805 0.028045 0.034202 0.041361 0.049600 0.058981 0.069548 0.081322 0.094290 0.108408 0.123592 0.139720 0.156624 0.174096 0.191889 0.209720 0.227279 0.244233 0.260242 0.274963 0.288068 0.299255 0.308256 0.314850 0.318874 0.320227 0.318874 0.314850 0.308256 0.299255 0.288068 0.274963 0.260242 0.244233 0.227279 0.209720 0.191889 0.174096 0.156624 0.139720 0.123592 0.108408 0.094290 0.081322 0.069548 0.058981 0.049600 0.041361 0.034202 0.028045 0.022805 0.018388 0.014703 0.011659 0.009168 0.007149 0.005528 0.004239 0.003224 0.002431 0.001818 0.001348 0.000992 0.000723 0.000523 0.000375 0.000267 0.000188 0.000131 0.000090 0.000061 0.000039 0.000024 0.000011 0.000000 
0.000000 0.000010 0.000022 0.000037 0.000057 0.000085 0.000125 0.000181 0.000258 0.000366 0.000515 0.000718 0.000992 0.001360 0.001848 0.002491 0.003331 0.004416 0.005806 0.007570 0.009788 0.012551 0.015960 0.020126 0.025167 0.031207 0.038375 0.046794 0.056584 0.067848 0.080674 0.095120 0.111213 0.128937 0.148232 0.168984 0.191022 0.214120 0.237994 0.262304 0.286666 0.310653 0.333815 0.355683 0.375792 0.393695 0.408975 0.421269 0.430277 0.435773 0.437621 0.435773 0.430277 0.421269 0.408975 0.393695 0.375792 0.355683 0.333815 0.310653 0.286666 0.262304 0.237994 0.214120 0.191022 0.168984 0.148232 0.128937 0.111213 0.095120 0.080674 0.067848 0.056584 0.046794 0.038375 0.031207 0.025167 0.020126 0.015960 0.012551 0.009788 0.007570 0.005806 0.004416 0.003331 0.002491 0.001848 0.001360 0.000992 0.000718 0.000515 0.000366 0.000258 0.000180 0.000124 0.000083 0.000054 0.000032 0.000015 0.000000 
0.000000 0.000014 0.000030 0.000050 0.000078 0.000116 0.000170 0.000246 0.000352 0.000498 0.000700 0.000976 0.001349 0.001848 0.002512 0.003386 0.004525 0.005999 0.007886 0.010281 0.013292 0.017042 0.021668 0.027320 0.034159 0.042354 0.052077 0.063496 0.076771 0.092046 0.109436 0.129023 0.150839 0.174867 0.201021 0.229147 0.259016 0.290319 0.322671 0.355613 0.388623 0.421126 0.452507 0.482136 0.509380 0.533634 0.554335 0.570990 0.583193 0.590639 0.593143 0.590639 0.583193 0.570990 0.554335 0.533634 0.509380 0.482136 0.452507 0.421126 0.388623 0.355613 0.322671 0.290319 0.259016 0.229147 0.201021 0.174867 0.150839 0.129023 0.109436 0.092046 0.076771 0.063496 0.052077 0.042354 0.034159 0.027320 0.021668 0.017042 0.013292 0.010281 0.007886 0.005999 0.004525 0.003385 0.002512 0.001848 0.001348 0.000976 0.000700 0.000498 0.000351 0.000245 0.000168 0.000113 0.000074 0.000044 0.000020 0.000000 
0.000000 0.000019 0.000040 0.000068 0.000105 0.000157 0.000229 0.000332 0.000474 0.000672 0.000944 0.001316 0.001818 0.002491 0.003386 0.004563 0.006098 0.008082 0.010624 0.013848 0.017902 0.022949 0.029175 0.036781 0.045983 0.057009 0.070088 0.085448 0.103304 0.123847 0.147233 0.173569 0.202903 0.235206 0.270367 0.308176 0.348325 0.390400 0.433882 0.478155 0.522518 0.566196 0.608366 0.648180 0.684788 0.717377 0.745193 0.767571 0.783967 0.793972 0.797335 0.793972 0.783967 0.767571 0.745193 0.717377 0.684788 0.648180 0.608366 0.566196 0.522518 0.478155 0.433882 0.390400 0.348325 0.308176 0.270367 0.235206 0.202903 0.173569 0.147233 0.123847 0.103304 0.085448 0.070088 0.057009 0.045983 0.036781 0.029175 0.022949 0.017902 0.013848 0.010624 0.008082 0.006098 0.004563 0.003385 0.002491 0.001818 0.001316 0.000944 0.000672 0.000473 0.000330 0.000227 0.000153 0.000099 0.000059 0.000028 0.000000 
0.000000 0.000025 0.000054 0.000091 0.000140 0.000210 0.000307 0.000444 0.000634 0.000899 0.001263 0.001760 0.002431 0.003331 0.004525 0.006098 0.008149 0.010799 0.014193 0.018499 0.023910 0.030648 0.038958 0.049109 0.061389 0.076101 0.093551 0.114042 0.137861 0.165262 0.196452 0.231574 0.270691 0.313764 0.360644 0.411053 0.464577 0.520665 0.578627 0.637641 0.696771 0.754986 0.811190 0.864250 0.913038 0.956468 0.993536 1.023358 1.045207 1.058539 1.063021 1.058539 1.045207 1.023358 0.993536 0.956468 0.913038 0.864250 0.811190 0.754986 0.696771 0.637641 0.578627 0.520665 0.464577 0.411053 0.360644 0.313764 0.270691 0.231574 0.196452 0.165262 0.137861 0.114042 0.093551 0.076101 0.061389 0.049109 0.038958 0.030648 0.023910 0.018499 0.014193 0.010799 0.008149 0.006098 0.004525 0.003331 0.002431 0.001759 0.001263 0.000898 0.000633 0.000442 0.000304 0.000205 0.000133 0.000079 0.000037 0.000000 
0.000000 0.000033 0.000071 0.000120 0.000186 0.000278 0.000407 0.000589 0.000842 0.001193 0.001676 0.002334 0.003224 0.004416 0.005999 0.008082 0.010799 0.014310 0.018804 0.024506 0.031671 0.040592 0.051592 0.065028 0.081280 0.100749 0.123838 0.150950 0.182461 0.218708 0.259964 0.306419 0.358152 0.415114 0.477106 0.543759 0.614529 0.688685 0.765313 0.843329 0.921495 0.998449 1.072741 1.142876 1.207362 1.264765 1.313757 1.353172 1.382049 1.399670 1.405593 1.399670 1.382049 1.353172 1.313757 1.264765 1.207362 1.142876 1.072741 0.998449 0.921495 0.843329 0.765313 0.688685 0.614529 0.543759 0.477106 0.415114 0.358152 0.306419 0.259964 0.218708 0.182461 0.150950 0.123838 0.100749 0.081280 0.065028 0.051592 0.040592 0.031671 0.024506 0.018804 0.014310 0.010799 0.008082 0.005999 0.004416 0.003223 0.002333 0.001675 0.001192 0.000840 0.000586 0.000403 0.000272 0.000177 0.000105 0.000049 0.000000 
0.000000 0.000044 0.000094 0.000158 0.000245 0.000366 0.000536 0.000775 0.001108 0.001569 0.002204 0.003069 0.004239 0.005806 0.007886 0.010624 0.014193 0.018804 0.024708 0.032196 0.041604 0.053317 0.067758 0.085395 0.106727 0.132278 0.162578 0.198154 0.239498 0.287052 0.341174 0.402110 0.469966 0.544675 0.625976 0.713386 0.806188 0.903424 1.003898 1.106187 1.208668 1.309557 1.406952 1.498895 1.583430 1.658678 1.722899 1.774566 1.812417 1.835515 1.843280 1.835515 1.812417 1.774566 1.722899 1.658678 1.583430 1.498895 1.406952 1.309557 1.208668 1.106187 1.003898 0.903424 0.806188 0.713386 0.625976 0.544675 0.469966 0.402110 0.341174 0.287052 0.239498 0.198154 0.162578 0.132278 0.106727 0.085395 0.067758 0.053317 0.041604 0.032196 0.024708 0.018804 0.014193 0.010624 0.007886 0.005806 0.004239 0.003069 0.002203 0.001568 0.001105 0.000771 0.000531 0.000358 0.000232 0.000139 0.000065 0.000000 
0.000000 0.000057 0.000123 0.000207 0.000320 0.000478 0.000700 0.001011 0.001445 0.002047 0.002875 0.004003 0.005528 0.007570 0.010281 0.013848 0.018499 0.024506 0.032196 0.041948 0.054200 0.069451 0.088253 0.111214 0.138982 0.172238 0.211673 0.257969 0.311769 0.373643 0.444057 0.523331 0.611601 0.708780 0.814527 0.928212 1.048904 1.175357 1.306013 1.439024 1.572279 1.703459 1.830093 1.949633 2.059540 2.157369 2.240862 2.308032 2.357240 2.387268 2.397362 2.387268 2.357240 2.308032 2.240862 2.157369 2.059540 1.949633 1.830093 1.703459 1.572279 1.439024 1.306013 1.175357 1.048904 0.928212 0.814527 0.708780 0.611601 0.523331 0.444057 0.373643 0.311769 0.257969 0.211673 0.172238 0.138982 0.111214 0.088253 0.069451 0.054200 0.041948 0.032196 0.024506 0.018499 0.013848 0.010281 0.007570 0.005527 0.004002 0.002874 0.002045 0.001442 0.001007 0.000693 0.000467 0.000304 0.000181 0.000085 0.000000 
0.000000 0.000074 0.000159 0.000268 0.000415 0.000619 0.000906 0.001308 0.001870 0.002649 0.003719 0.005177 0.007149 0.009788 0.013292 0.017902 0.023910 0.031671 0.041604 0.054200 0.070024 0.089718 0.113996 0.143639 0.179487 0.222415 0.273315 0.333065 0.402493 0.482335 0.573191 0.675472 0.789351 0.914716 1.051125 1.197766 1.353438 1.516531 1.685038 1.856574 2.028419 2.197581 2.360875 2.515018 2.656736 2.782878 2.890532 2.977138 3.040585 3.079302 3.092316 3.079302 3.040585 2.977138 2.890532 2.782878 2.656736 2.515018 2.360875 2.197581 2.028419 1.856574 1.685038 1.516531 1.353438 1.197766 1.051125 0.914716 0.789351 0.675472 0.573191 0.482335 0.402493 0.333065 0.273315 0.222415 0.179487 0.143639 0.113996 0.089718 0.070024 0.054200 0.041604 0.031671 0.023910 0.017902 0.013292 0.009788 0.007148 0.005177 0.003717 0.002646 0.001866 0.001303 0.000897 0.000605 0.000393 0.000235 0.000110 0.000000 
0.000000 0.000095 0.000204 0.000344 0.000532 0.000795 0.001163 0.001679 0.002400 0.003398 0.004770 0.006641 0.009168 0.012551 0.017042 0.022949 0.030648 0.040592 0.053317 0.069451 0.089718 0.114938 0.146026 0.183982 0.229877 0.284831 0.349986 0.426462 0.515319 0.617498 0.733761 0.864636 1.010342 1.170735 1.345246 1.532838 1.731971 1.940588 2.156120 2.375517 2.595302 2.811648 3.020482 3.217608 3.398839 3.560148 3.697813 3.808561 3.889693 3.939201 3.955843 3.939201 3.889693 3.808561 3.697813 3.560148 3.398839 3.217608 3.020482 2.811648 2.595302 2.375517 2.156120 1.940588 1.731971 1.532838 1.345246 1.170735 1.010342 0.864636 0.733761 0.617498 0.515319 0.426462 0.349986 0.284831 0.229877 0.183982 0.146026 0.114938 0.089718 0.069451 0.053317 0.040592 0.030648 0.022949 0.017042 0.012551 0.009167 0.006639 0.004768 0.003395 0.002395 0.001672 0.001151 0.000776 0.000504 0.000301 0.000141 0.000000 
0.000000 0.000121 0.000260 0.000438 0.000678 0.001012 0.001480 0.002137 0.003053 0.004323 0.006068 0.008446 0.011659 0.015960 0.021668 0.029175 0.038958 0.051592 0.067758 0.088253 0.113996 0.146026 0.185505 0.233701 0.291973 0.361741 0.444452 0.541529 0.654312 0.783993 0.931542 1.097621 1.282510 1.486023 1.707437 1.945435 2.198063 2.462710 2.736117 3.014416 3.293197 3.567606 3.832480 4.082497 4.312349 4.516930 4.691522 4.831973 4.934866 4.997651 5.018757 4.997651 4.934866 4.831973 4.691522 4.516930 4.312349 4.082497 3.832480 3.567606 3.293197 3.014416 2.736117 2.462710 2.198063 1.945435 1.707437 1.486023 1.282510 1.097621 0.931542 0.783993 0.654312 0.541529 0.444452 0.361741 0.291973 0.233701 0.185505 0.146026 0.113996 0.088253 0.067758 0.051592 0.038958 0.029175 0.021668 0.015960 0.011658 0.008445 0.006066 0.004319 0.003047 0.002127 0.001465 0.000988 0.000642 0.000384 0.000179 0.000000 
0.000000 0.000153 0.000329 0.000553 0.000856 0.001277 0.001868 0.002697 0.003853 0.005454 0.007655 0.010653 0.014703 0.020126 0.027320 0.036781 0.049109 0.065028 0.085395 0.111214 0.143639 0.183982 0.233701 0.294393 0.367766 0.455609 0.559738 0.681943 0.823911 0.987137 1.172840 1.381852 1.614522 1.870614 2.149218 2.448673 2.766520 3.099474 3.443436 3.793538 4.144233 4.489418 4.822599 5.137083 5.426196 5.683518 5.903116 6.079771 6.209184 6.288152 6.314697 6.288152 6.209184 6.079771 5.903116 5.683518 5.426196 5.137083 4.822599 4.489418 4.144233 3.793538 3.443436 3.099474 2.766520 2.448673 2.149218 1.870614 1.614522 1.381852 1.172840 0.987137 0.823911 0.681943 0.559738 0.455609 0.367766 0.294393 0.233701 0.183982 0.143639 0.111214 0.085395 0.065028 0.049109 0.036781 0.027320 0.020125 0.014702 0.010651 0.007652 0.005449 0.003845 0.002684 0.001849 0.001248 0.000811 0.000484 0.000226 0.000000 
0.000000 0.000191 0.000411 0.000692 0.001071 0.001598 0.002338 0.003375 0.004821 0.006824 0.009576 0.013325 0.018388 0.025167 0.034159 0.045983 0.061389 0.081280 0.106727 0.138982 0.179487 0.229877 0.291973 0.367766 0.459389 0.569071 0.699079 0.851644 1.028868 1.232617 1.464407 1.725275 2.015653 2.335245 2.682911 3.056580 3.453180 3.868612 4.297761 4.734554 5.172073 5.602704 6.018348 6.410657 6.771310 7.092299 7.366226 7.586582 7.748009 7.846511 7.879622 7.846511 7.748009 7.586582 7.366226 7.092299 6.771310 6.410657 6.018348 5.602704 5.172073 4.734554 4.297761 3.868612 3.453180 3.056580 2.682911 2.335245 2.015653 1.725275 1.464407 1.232617 1.028868 0.851644 0.699079 0.569071 0.459389 0.367766 0.291973 0.229877 0.179487 0.138982 0.106727 0.081280 0.061389 0.045983 0.034159 0.025166 0.018387 0.013322 0.009572 0.006817 0.004811 0.003359 0.002314 0.001562 0.001015 0.000606 0.000283 0.000000 
0.000000 0.000238 0.000511 0.000859 0.001330 0.001984 0.002901 0.004188 0.005981 0.008465 0.011878 0.016527 0.022805 0.031207 0.042354 0.057009 0.076101 0.100749 0.132278 0.172238 0.222415 0.284831 0.361741 0.455609 0.569071 0.704886 0.865859 1.054748 1.274151 1.526376 1.813295 2.136189 2.495590 2.891126 3.321387 3.783806 4.274580 4.788636 5.319645 5.860094 6.401422 6.934213 7.448446 7.933799 8.379978 8.777081 9.115956 9.388556 9.588253 9.710106 9.751068 9.710106 9.588253 9.388556 9.115956 8.777081 8.379978 7.933799 7.448446 6.934213 6.401422 5.860094 5.319645 4.788636 4.274580 3.783806 3.321387 2.891126 2.495590 2.136189 1.813295 1.526376 1.274151 1.054748 0.865859 0.704886 0.569071 0.455609 0.361741 0.284831 0.222415 0.172238 0.132278 0.100748 0.076101 0.057008 0.042354 0.031206 0.022803 0.016524 0.011873 0.008458 0.005969 0.004168 0.002872 0.001938 0.001260 0.000753 0.000351 0.000000 
0.000000 0.000293 0.000629 0.001057 0.001637 0.002442 0.003571 0.005153 0.007359 0.010414 0.014611 0.020327 0.028045 0.038375 0.052077 0.070088 0.093551 0.123838 0.162578 0.211673 0.273315 0.349986 0.444452 0.559738 0.699079 0.865859 1.063519 1.295440 1.564809 1.874456 2.226674 2.623031 3.064177 3.549652 4.077722 4.645234 5.247520 5.878353 6.529965 7.193138 7.857369 8.511105 9.142056 9.737557 10.284982 10.772186 11.187946 11.522390 11.767389 11.916885 11.967138 11.916885 11.767389 11.522390 11.187946 10.772186 10.284982 9.737557 9.142056 8.511105 7.857369 7.193138 6.529965 5.878353 5.247520 4.645234 4.077722 3.549652 3.064177 2.623031 2.226674 1.874456 1.564809 1.295440 1.063519 0.865859 0.699079 0.559738 0.444452 0.349986 0.273315 0.211673 0.162578 0.123838 0.093551 0.070087 0.052076 0.038374 0.028043 0.020323 0.014605 0.010405 0.007344 0.005129 0.003534 0.002385 0.001551 0.000927 0.000433 0.000000 
0.000000 0.000357 0.000768 0.001291 0.001998 0.002980 0.004357 0.006287 0.008978 0.012704 0.017822 0.024792 0.034202 0.046794 0.063496 0.085448 0.114042 0.150950 0.198154 0.257969 0.333065 0.426462 0.541529 0.681943 0.851644 1.054748 1.295440 1.577834 1.905805 2.282793 2.711586 3.194088 3.731085 4.322014 4.964760 5.655482 6.388498 7.156227 7.949216 8.756248 9.564543 10.360045 11.127801 11.852405 12.518498 13.111305 13.617175 14.024101 14.322195 14.504087 14.565231 14.504087 14.322195 14.024101 13.617175 13.111305 12.518498 11.852405 11.127801 10.360045 9.564543 8.756248 7.949216 7.156227 6.388498 5.655482 4.964760 4.322014 3.731085 3.194088 2.711586 2.282793 1.905805 1.577834 1.295440 1.054748 0.851644 0.681943 0.541529 0.426462 0.333065 0.257969 0.198154 0.150950 0.114042 0.085447 0.063495 0.046793 0.034199 0.024787 0.017815 0.012693 0.008960 0.006259 0.004313 0.002911 0.001893 0.001131 0.000528 0.000000 
0.000000 0.000432 0.000929 0.001562 0.002418 0.003606 0.005273 0.007607 0.010862 0.015368 0.021557 0.029984 0.041361 0.056584 0.076771 0.103304 0.137861 0.182461 0.239498 0.311769 0.402493 0.515319 0.654312 0.823911 1.028868 1.274151 1.564809 1.905805 2.301812 2.756978 3.274663 3.857162 4.505415 5.218742 5.994582 6.828299 7.713029 8.639624 9.596673 10.570639 11.546100 12.506098 13.432590 14.306990 15.110769 15.826102 16.436520 16.927540 17.287234 17.506714 17.580492 17.506714 17.287234 16.927540 16.436520 15.826102 15.110769 14.306990 13.432590 12.506098 11.546100 10.570639 9.596673 8.639624 7.713029 6.828299 5.994582 5.218742 4.505415 3.857162 3.274663 2.756978 2.301812 1.905805 1.564809 1.274151 1.028868 0.823911 0.654312 0.515319 0.402493 0.311769 0.239498 0.182461 0.137861 0.103303 0.076770 0.056581 0.041358 0.029979 0.021548 0.015354 0.010840 0.007573 0.005219 0.003523 0.002291 0.001369 0.000639 0.000000 
0.000000 0.000519 0.001115 0.001875 0.002902 0.004328 0.006327 0.009127 0.013031 0.018435 0.025856 0.035960 0.049600 0.067848 0.092046 0.123847 0.165262 0.218708 0.287052 0.373643 0.482335 0.617498 0.783993 0.987137 1.232617 1.526376 1.874456 2.282793 2.756978 3.301971 3.921788 4.619170 5.395239 6.249171 7.177901 8.175871 9.234866 10.343931 11.489411 12.655103 13.822552 14.971465 16.080254 17.126680 18.088573 18.944610 19.675086 20.262674 20.693106 20.955747 21.044034 20.955747 20.693106 20.262674 19.675086 18.944610 18.088573 17.126680 16.080254 14.971465 13.822552 12.655103 11.489411 10.343931 9.234866 8.175871 7.177901 6.249171 5.395239 4.619170 3.921788 3.301971 2.756978 2.282793 1.874456 1.526376 1.232617 0.987137 0.783993 0.617498 0.482335 0.373643 0.287052 0.218708 0.165261 0.123846 0.092045 0.067845 0.049596 0.035954 0.025845 0.018418 0.013005 0.009086 0.006262 0.004228 0.002749 0.001643 0.000767 0.000000 
0.000000 0.000618 0.001328 0.002231 0.003453 0.005150 0.007528 0.010859 0.015502 0.021928 0.030752 0.042766 0.058981 0.080674 0.109436 0.147233 0.196452 0.259964 0.341174 0.444057 0.573191 0.733761 0.931542 1.172840 1.464407 1.813295 2.226674 2.711586 3.274663 3.921788 4.657722 5.485712 6.407084 7.420854 8.523376 9.708050 10.965120 12.281581 13.641224 15.024818 16.410460 17.774070 19.090029 20.331948 21.473524 22.489453 23.356360 24.053685 24.564500 24.876187 24.980960 24.876187 24.564500 24.053685 23.356360 22.489453 21.473524 20.331948 19.090029 17.774070 16.410460 15.024818 13.641224 12.281581 10.965120 9.708050 8.523376 7.420854 6.407084 5.485712 4.657722 3.921788 3.274663 2.711586 2.226674 1.813295 1.464407 1.172840 0.931542 0.733761 0.573191 0.444057 0.341174 0.259964 0.196451 0.147232 0.109435 0.080671 0.058976 0.042758 0.030739 0.021908 0.015470 0.010809 0.007451 0.005031 0.003271 0.001956 0.000913 0.000000 
0.000000 0.000729 0.001567 0.002633 0.004075 0.006077 0.008881 0.012810 0.018286 0.025864 0.036268 0.050433 0.069548 0.095120 0.129023 0.173569 0.231574 0.306419 0.402110 0.523331 0.675472 0.864636 1.097621 1.381852 1.725275 2.136189 2.623031 3.194088 3.857162 4.619170 5.485712 6.460603 7.545396 8.738926 10.036896 11.431530 12.911339 14.461014 16.061472 17.690079 19.321056 20.926061 22.474950 23.936666 25.280258 26.475953 27.496244 28.316941 28.918126 29.284954 29.408262 29.284954 28.918126 28.316941 27.496244 26.475953 25.280258 23.936666 22.474950 20.926061 19.321056 17.690079 16.061472 14.461014 12.911339 11.431530 10.036896 8.738926 7.545396 6.460603 5.485712 4.619170 3.857162 3.194088 2.623031 2.136189 1.725275 1.381852 1.097621 0.864636 0.675471 0.523331 0.402110 0.306418 0.231573 0.173568 0.129020 0.095116 0.069543 0.050423 0.036253 0.025840 0.018248 0.012752 0.008790 0.005936 0.003860 0.002308 0.001077 0.000000 
0.000000 0.000853 0.001833 0.003081 0.004768 0.007109 0.010390 0.014985 0.021388 0.030250 0.042415 0.058975 0.081322 0.111213 0.150839 0.202903 0.270691 0.358152 0.469966 0.611601 0.789351 1.010342 1.282510 1.614522 2.015653 2.495590 3.064177 3.731085 4.505415 5.395239 6.407084 7.545396 8.811981 10.205471 11.720842 13.349011 15.076563 16.885621 18.753909 20.655008 22.558827 24.432290 26.240214 27.946357 29.514600 30.910198 32.101055 33.058943 33.760620 34.188762 34.332681 34.188762 33.760620 33.058943 32.101055 30.910198 29.514600 27.946357 26.240214 24.432290 22.558827 20.655008 18.753909 16.885621 15.076563 13.349011 11.720842 10.205471 8.811981 7.545396 6.407084 5.395239 4.505415 3.731085 3.064177 2.495590 2.015653 1.614522 1.282510 1.010342 0.789351 0.611601 0.469965 0.358151 0.270690 0.202901 0.150837 0.111208 0.081315 0.058964 0.042397 0.030222 0.021345 0.014917 0.010284 0.006945 0.004516 0.002700 0.001261 0.000000 
0.000000 0.000990 0.002128 0.003575 0.005532 0.008248 0.012053 0.017382 0.024807 0.035082 0.049186 0.068385 0.094290 0.128937 0.174867 0.235206 0.313764 0.415114 0.544675 0.708780 0.914716 1.170735 1.486023 1.870614 2.335245 2.891126 3.549652 4.322014 5.218742 6.249171 7.420854 8.738926 10.205471 11.818897 13.573378 15.458395 17.458409 19.552725 21.715552 23.916308 26.120164 28.288834 30.381599 32.356516 34.171782 35.787190 37.165594 38.274331 39.086503 39.582064 39.748646 39.582064 39.086503 38.274331 37.165594 35.787190 34.171782 32.356516 30.381599 28.288834 26.120164 23.916308 21.715552 19.552725 17.458409 15.458395 13.573378 11.818897 10.205471 8.738926 7.420854 6.249171 5.218742 4.322014 3.549652 2.891126 2.335245 1.870614 1.486023 1.170735 0.914716 0.708780 0.544675 0.415113 0.313763 0.235205 0.174864 0.128932 0.094282 0.068372 0.049166 0.035050 0.024756 0.017302 0.011929 0.008057 0.005240 0.003133 0.001463 0.000000 
0.000000 0.001139 0.002448 0.004114 0.006364 0.009488 0.013864 0.019992 0.028530 0.040344 0.056560 0.078630 0.108408 0.148232 0.201021 0.270367 0.360644 0.477106 0.625976 0.814527 1.051125 1.345246 1.707437 2.149218 2.682911 3.321387 4.077722 4.964760 5.994582 7.177901 8.523376 10.036896 11.720842 13.573378 15.587808 17.752046 20.048249 22.452655 24.935653 27.462135 29.992122 32.481669 34.884037 37.151087 39.234843 41.089158 42.671403 43.944092 44.876356 45.445193 45.636405 45.445193 44.876356 43.944092 42.671403 41.089158 39.234843 37.151087 34.884037 32.481669 29.992122 27.462135 24.935653 22.452655 20.048249 17.752046 15.587808 13.573378 11.720842 10.036896 8.523376 7.177901 5.994582 4.964760 4.077722 3.321387 2.682911 2.149218 1.707437 1.345246 1.051125 0.814526 0.625976 0.477105 0.360643 0.270365 0.201017 0.148227 0.108399 0.078615 0.056536 0.040307 0.028472 0.019900 0.013722 0.009268 0.006028 0.003605 0.001683 0.000000 
0.000000 0.001300 0.002793 0.004693 0.007260 0.010823 0.015813 0.022801 0.032536 0.046005 0.064491 0.089649 0.123592 0.168984 0.229147 0.308176 0.411053 0.543759 0.713386 0.928212 1.197766 1.532838 1.945435 2.448673 3.056580 3.783806 4.645234 5.655482 6.828299 8.175871 9.708050 11.431530 13.349011 15.458395 17.752046 20.216199 22.830533 25.567990 28.394859 31.271173 34.151418 36.985572 39.720436 42.301215 44.673305 46.784182 48.585329 50.034082 51.095312 51.742835 51.960497 51.742835 51.095312 50.034082 48.585329 46.784182 44.673305 42.301215 39.720436 36.985572 34.151418 31.271173 28.394859 25.567990 22.830533 20.216199 17.752046 15.458395 13.349011 11.431530 9.708050 8.175871 6.828299 5.655482 4.645234 3.783806 3.056580 2.448673 1.945435 1.532838 1.197766 0.928212 0.713385 0.543759 0.411051 0.308174 0.229143 0.168978 0.123582 0.089633 0.064464 0.045963 0.032469 0.022696 0.015651 0.010572 0.006876 0.004112 0.001920 0.000000 
0.000000 0.001471 0.003159 0.005308 0.008211 0.012241 0.017884 0.025785 0.036791 0.052018 0.072916 0.101354 0.139720 0.191022 0.259016 0.348325 0.464577 0.614529 0.806188 1.048904 1.353438 1.731971 2.198063 2.766520 3.453180 4.274580 5.247520 6.388498 7.713029 9.234866 10.965120 12.911339 15.076563 17.458409 20.048249 22.830533 25.782312 28.873031 32.064631 35.311987 38.563721 41.763366 44.850867 47.764377 50.442259 52.825231 54.858531 56.494005 57.692004 58.422977 58.668689 58.422977 57.692004 56.494005 54.858531 52.825231 50.442259 47.764377 44.850867 41.763366 38.563721 35.311987 32.064631 28.873031 25.782312 22.830533 20.048249 17.458409 15.076563 12.911339 10.965120 9.234866 7.713029 6.388498 5.247520 4.274580 3.453180 2.766520 2.198063 1.731971 1.353437 1.048904 0.806187 0.614528 0.464576 0.348323 0.259012 0.191015 0.139708 0.101336 0.072886 0.051970 0.036716 0.025666 0.017700 0.011957 0.007778 0.004651 0.002172 0.000000 
0.000000 0.001649 0.003544 0.005954 0.009209 0.013728 0.020055 0.028913 0.041253 0.058323 0.081748 0.113624 0.156624 0.214120 0.290319 0.390400 0.520665 0.688685 0.903424 1.175357 1.516531 1.940588 2.462710 3.099474 3.868612 4.788636 5.878353 7.156227 8.639624 10.343931 12.281581 14.461014 16.885621 19.552725 22.452655 25.567990 28.873031 32.333565 35.906975 39.542742 43.183348 46.765577 50.222205 53.483999 56.481963 59.149743 61.426040 63.256956 64.598111 65.416430 65.691503 65.416430 64.598111 63.256956 61.426040 59.149743 56.481963 53.483999 50.222205 46.765577 43.183348 39.542742 35.906975 32.333565 28.873031 25.567990 22.452655 19.552725 16.885621 14.461014 12.281581 10.343931 8.639624 7.156227 5.878353 4.788636 3.868612 3.099474 2.462710 1.940588 1.516531 1.175357 0.903424 0.688684 0.520664 0.390397 0.290314 0.214112 0.156611 0.113603 0.081714 0.058269 0.041168 0.028780 0.019849 0.013409 0.008723 0.005217 0.002436 0.000000 
0.000000 0.001835 0.003941 0.006622 0.010241 0.015265 0.022301 0.032148 0.045866 0.064840 0.090877 0.126306 0.174096 0.237994 0.322671 0.433882 0.578627 0.765313 1.003898 1.306013 1.685038 2.156120 2.736117 3.443436 4.297761 5.319645 6.529965 7.949216 9.596673 11.489411 13.641224 16.061472 18.753909 21.715552 24.935653 28.394859 32.064631 35.906975 39.874573 43.911337 47.953407 51.930605 55.768302 59.389642 62.718038 65.679829 68.206975 70.239648 71.728583 72.637069 72.942450 72.637069 71.728583 70.239648 68.206975 65.679829 62.718038 59.389642 55.768302 51.930605 47.953407 43.911337 39.874573 35.906975 32.064631 28.394859 24.935653 21.715552 18.753909 16.061472 13.641224 11.489411 9.596673 7.949216 6.529965 5.319645 4.297761 3.443436 2.736117 2.156120 1.685038 1.306013 1.003898 0.765312 0.578625 0.433878 0.322665 0.237985 0.174081 0.126283 0.090840 0.064780 0.045771 0.032000 0.022071 0.014911 0.009700 0.005802 0.002709 0.000000 
0.000000 0.002023 0.004346 0.007302 0.011293 0.016832 0.024588 0.035443 0.050564 0.071478 0.100176 0.139222 0.191889 0.262304 0.355613 0.478155 0.637641 0.843329 1.106187 1.439024 1.856574 2.375517 3.014416 3.793538 4.734554 5.860094 7.193138 8.756248 10.570639 12.655103 15.024818 17.690079 20.655008 23.916308 27.462135 31.271173 35.311987 39.542742 43.911337 48.356015 52.806469 57.185437 61.410761 65.397832 69.062338 72.323192 75.105495 77.343387 78.982639 79.982839 80.319049 79.982839 78.982639 77.343387 75.105495 72.323192 69.062338 65.397832 61.410761 57.185437 52.806469 48.356015 43.911337 39.542742 35.311987 31.271173 27.462135 23.916308 20.655008 17.690079 15.024818 12.655103 10.570639 8.756248 7.193138 5.860094 4.734554 3.793538 3.014416 2.375517 1.856573 1.439023 1.106186 0.843327 0.637638 0.478151 0.355607 0.262294 0.191873 0.139196 0.100134 0.071412 0.050460 0.035280 0.024334 0.016441 0.010696 0.006397 0.002988 0.000000 
0.000000 0.002212 0.004752 0.007984 0.012347 0.018402 0.026881 0.038747 0.055273 0.078132 0.109495 0.152166 0.209720 0.286666 0.388623 0.522518 0.696771 0.921495 1.208668 1.572279 2.028419 2.595302 3.293197 4.144233 5.172073 6.401422 7.857369 9.564543 11.546100 13.822552 16.410460 19.321056 22.558827 26.120164 29.992122 34.151418 38.563721 43.183348 47.953407 52.806469 57.665771 62.446962 67.060344 71.413548 75.414533 78.974775 82.012509 84.455841 86.245570 87.337582 87.704654 87.337582 86.245570 84.455841 82.012509 78.974775 75.414533 71.413548 67.060344 62.446962 57.665771 52.806469 47.953407 43.183348 38.563721 34.151418 29.992122 26.120164 22.558827 19.321056 16.410460 13.822552 11.546100 9.564543 7.857369 6.401422 5.172073 4.144233 3.293197 2.595302 2.028418 1.572279 1.208667 0.921493 0.696768 0.522514 0.388617 0.286655 0.209703 0.152138 0.109450 0.078059 0.055159 0.038568 0.026603 0.017975 0.011694 0.006995 0.003267 0.000000 
0.000000 0.002399 0.005152 0.008656 0.013386 0.019949 0.029139 0.042000 0.059912 0.084684 0.118673 0.164913 0.227279 0.310653 0.421126 0.566196 0.754986 0.998449 1.309557 1.703459 2.197581 2.811648 3.567606 4.489418 5.602704 6.934213 8.511105 10.360045 12.506098 14.971465 17.774070 20.926061 24.432290 28.288834 32.481669 36.985572 41.763366 46.765577 51.930605 57.185437 62.446962 67.623852 72.618994 77.332387 81.664382 85.519146 88.808159 91.453589 93.391348 94.573679 94.971110 94.573679 93.391348 91.453589 88.808159 85.519146 81.664382 77.332387 72.618994 67.623852 62.446962 57.185437 51.930605 46.765577 41.763366 36.985572 32.481669 28.288834 24.432290 20.926061 17.774070 14.971465 12.506098 10.360045 8.511105 6.934213 5.602704 4.489418 3.567606 2.811648 2.197581 1.703459 1.309556 0.998447 0.754984 0.566192 0.421119 0.310642 0.227260 0.164883 0.118623 0.084606 0.059788 0.041806 0.028838 0.019486 0.012678 0.007583 0.003541 0.000000 
0.000000 0.002578 0.005539 0.009305 0.014389 0.021444 0.031320 0.045142 0.064391 0.091012 0.127535 0.177222 0.244233 0.333815 0.452507 0.608366 0.811190 1.072741 1.406952 1.830093 2.360875 3.020482 3.832480 4.822599 6.018348 7.448446 9.142056 11.127801 13.432590 16.080254 19.090029 22.474950 26.240214 30.381599 34.884037 39.720436 44.850867 50.222205 55.768302 61.410761 67.060344 72.618994 77.982446 83.043333 87.694672 91.833574 95.365006 98.205407 100.285975 101.555439 101.982158 101.555439 100.285975 98.205407 95.365006 91.833574 87.694672 83.043333 77.982446 72.618994 67.060344 61.410761 55.768302 50.222205 44.850867 39.720436 34.884037 30.381599 26.240214 22.474950 19.090029 16.080254 13.432590 11.127801 9.142056 7.448446 6.018348 4.822599 3.832480 3.020482 2.360875 1.830092 1.406951 1.072739 0.811187 0.608362 0.452500 0.333802 0.244213 0.177189 0.127482 0.090928 0.064258 0.044934 0.030996 0.020945 0.013628 0.008152 0.003807 0.000000 
