0.000000 0.000000 0.000000 0.000000 0.000000 0.000000 0.000000 0.000000 0.000000 0.000000 0.000000 0.000000 0.000000 0.000000 0.000000 0.000000 0.000000 0.000000 0.000000 0.000000 0.000000 0.000000 0.000000 0.000000 0.000000 0.000000 0.000000 0.000000 0.000000 0.000000 0.000000 0.000000 0.000000 0.000000 0.000000 0.000000 0.000000 0.000000 0.000000 0.000000 0.000000 0.000000 0.000000 0.000000 0.000000 0.000000 0.000000 0.000000 0.000000 0.000000 0.000000 0.000000 0.000000 0.000000 0.000000 0.000000 0.000000 0.000000 0.000000 0.000000 0.000000 0.000000 0.000000 0.000000 0.000000 0.000000 0.000000 0.000000 0.000000 0.000000 0.000000 0.000000 0.000000 0.000000 0.000000 0.000000 0.000000 0.000000 0.000000 0.000000 0.000000 0.000000 0.000000 0.000000 0.000000 0.000000 0.000000 0.000000 0.000000 0.000000 0.000000 0.000000 0.000000 0.000000 0.000000 0.000000 0.000000 0.000000 0.000000 0.000000 
0.000000 0.000000 0.000000 0.000000 0.000000 0.000000 0.000000 0.000000 0.000000 0.000001 0.000001 0.000001 0.000002 0.000003 0.000004 0.000006 0.000008 0.000011 0.000015 0.000020 0.000026 0.000034 0.000044 0.000057 0.000073 0.000092 0.000115 0.000144 0.000177 0.000216 0.000261 0.000312 0.000370 0.000435 0.000507 0.000585 0.000669 0.000759 0.000852 0.000947 0.001044 0.001140 0.001234 0.001322 0.001405 0.001478 0.001541 0.001592 0.001629 0.001652 0.001660 0.001652 0.001629 0.001592 0.001541 0.001478 0.001405 0.001322 0.001234 0.001140 0.001044 0.000947 0.000852 0.000759 0.000669 0.000585 0.000507 0.000435 0.000370 0.000312 0.000261 0.000216 0.000177 0.000144 0.000115 0.000092 0.000073 0.000057 0.000044 0.000034 0.000026 0.000020 0.000015 0.000011 0.000008 0.000006 0.000004 0.000003 0.000002 0.000001 0.000001 0.000001 0.000000 0.000000 0.000000 0.000000 0.000000 0.000000 0.000000 0.000000 
0.000000 0.000000 0.000000 0.000000 0.000000 0.000000 0.000000 0.000001 0.000001 0.000002 0.000002 0.000003 0.000005 0.000007 0.000009 0.000013 0.000017 0.000024 0.000032 0.000043 0.000056 0.000074 0.000096 0.000124 0.000159 0.000201 0.000252 0.000313 0.000385 0.000469 0.000567 0.000679 0.000806 0.000948 0.001104 0.001274 0.001457 0.001651 0.001854 0.002062 0.002273 0.002482 0.002685 0.002878 0.003057 0.003217 0.003354 0.003464 0.003545 0.003595 0.003612 0.003595 0.003545 0.003464 0.003354 0.003217 0.003057 0.002878 0.002685 0.002482 0.002273 0.002062 0.001854 0.001651 0.001457 0.001274 0.001104 0.000948 0.000806 0.000679 0.000567 0.000469 0.000385 0.000313 0.000252 0.000201 0.000159 0.000124 0.000096 0.000074 0.000056 0.000043 0.000032 0.000024 0.000017 0.000013 0.000009 0.000007 0.000005 0.000003 0.000002 0.000002 0.000001 0.000001 0.000000 0.000000 0.000000 0.000000 0.000000 0.000000 
0.000000 0.000000 0.000000 0.000000 0.000000 0.000001 0.000001 0.000001 0.000002 0.000003 0.000004 0.000006 0.000008 0.000011 0.000016 0.000022 0.000030 0.000041 0.000055 0.000073 0.000097 0.000127 0.000165 0.000213 0.000272 0.000344 0.000432 0.000536 0.000660 0.000805 0.000973 0.001165 0.001382 0.001625 0.001893 0.002185 0.002498 0.002830 0.003178 0.003534 0.003895 0.004253 0.004601 0.004932 0.005238 0.005512 0.005746 0.005936 0.006075 0.006160 0.006188 0.006160 0.006075 0.005936 0.005746 0.005512 0.005238 0.004932 0.004601 0.004253 0.003895 0.003534 0.003178 0.002830 0.002498 0.002185 0.001893 0.001625 0.001382 0.001165 0.000973 0.000805 0.000660 0.000536 0.000432 0.000344 0.000272 0.000213 0.000165 0.000127 0.000097 0.000073 0.000055 0.000041 0.000030 0.000022 0.000016 0.000011 0.000008 0.000006 0.000004 0.000003 0.000002 0.000001 0.000001 0.000001 0.000000 0.000000 0.000000 0.000000 
0.000000 0.000000 0.000000 0.000000 0.000001 0.000001 0.000001 0.000002 0.000003 0.000004 0.000006 0.000009 0.000013 0.000018 0.000025 0.000034 0.000047 0.000064 0.000087 0.000116 0.000154 0.000202 0.000263 0.000338 0.000432 0.000546 0.000685 0.000851 0.001047 0.001277 0.001543 0.001848 0.002192 0.002577 0.003001 0.003464 0.003961 0.004487 0.005037 0.005602 0.006174 0.006741 0.007293 0.007817 0.008301 0.008735 0.009106 0.009406 0.009626 0.009761 0.009806 0.009761 0.009626 0.009406 0.009106 0.008735 0.008301 0.007817 0.007293 0.006741 0.006174 0.005602 0.005037 0.004487 0.003961 0.003464 0.003001 0.002577 0.002192 0.001848 0.001543 0.001277 0.001047 0.000851 0.000685 0.000546 0.000432 0.000338 0.000263 0.000202 0.000154 0.000116 0.000087 0.000064 0.000047 0.000034 0.000025 0.000018 0.000013 0.000009 0.000006 0.000004 0.000003 0.000002 0.000001 0.000001 0.000001 0.000000 0.000000 0.000000 
0.000000 0.000000 0.000000 0.000001 0.000001 0.000001 0.000002 0.000003 0.000004 0.000007 0.000009 0.000014 0.000019 0.000027 0.000038 0.000053 0.000073 0.000099 0.000134 0.000178 0.000236 0.000310 0.000403 0.000519 0.000663 0.000838 0.001051 0.001305 0.001606 0.001958 0.002366 0.002832 0.003360 0.003949 0.004599 0.005307 0.006068 0.006875 0.007716 0.008582 0.009457 0.010325 0.011169 0.011971 0.012713 0.013376 0.013945 0.014403 0.014740 0.014946 0.015016 0.014946 0.014740 0.014403 0.013945 0.013376 0.012713 0.011971 0.011169 0.010325 0.009457 0.008582 0.007716 0.006875 0.006068 0.005307 0.004599 0.003949 0.003360 0.002832 0.002366 0.001958 0.001606 0.001305 0.001051 0.000838 0.000663 0.000519 0.000403 0.000310 0.000236 0.000178 0.000134 0.000099 0.000073 0.000053 0.000038 0.000027 0.000019 0.000014 0.000009 0.000007 0.000004 0.000003 0.000002 0.000001 0.000001 0.000000 0.000000 0.000000 
0.000000 0.000000 0.000000 0.000001 0.000001 0.000002 0.000003 0.000005 0.000007 0.000010 0.000014 0.000021 0.000029 0.000041 0.000058 0.000080 0.000110 0.000149 0.000201 0.000269 0.000356 0.000467 0.000607 0.000782 0.000998 0.001262 0.001582 0.001964 0.002417 0.002947 0.003560 0.004261 0.005054 0.005940 0.006917 0.007982 0.009125 0.010337 0.011601 0.012902 0.014216 0.015520 0.016788 0.017993 0.019107 0.020103 0.020957 0.021646 0.022152 0.022462 0.022566 0.022462 0.022152 0.021646 0.020957 0.020103 0.019107 0.017993 0.016788 0.015520 0.014216 0.012902 0.011601 0.010337 0.009125 0.007982 0.006917 0.005940 0.005054 0.004261 0.003560 0.002947 0.002417 0.001964 0.001582 0.001262 0.000998 0.000782 0.000607 0.000467 0.000356 0.000269 0.000201 0.000149 0.000110 0.000080 0.000058 0.000041 0.000029 0.000021 0.000014 0.000010 0.000007 0.000005 0.000003 0.000002 0.000001 0.000001 0.000000 0.000000 
0.000000 0.000000 0.000001 0.000001 0.000002 0.000003 0.000005 0.000007 0.000010 0.000015 0.000021 0.000031 0.000044 0.000062 0.000086 0.000119 0.000163 0.000222 0.000300 0.000400 0.000530 0.000695 0.000903 0.001163 0.001484 0.001876 0.002351 0.002919 0.003591 0.004378 0.005288 0.006330 0.007507 0.008821 0.010272 0.011850 0.013547 0.015344 0.017221 0.019149 0.021098 0.023033 0.024913 0.026700 0.028352 0.029829 0.031095 0.032117 0.032867 0.033326 0.033480 0.033326 0.032867 0.032117 0.031095 0.029829 0.028352 0.026700 0.024913 0.023033 0.021098 0.019149 0.017221 0.015344 0.013547 0.011850 0.010272 0.008821 0.007507 0.006330 0.005288 0.004378 0.003591 0.002919 0.002351 0.001876 0.001484 0.001163 0.000903 0.000695 0.000530 0.000400 0.000300 0.000222 0.000163 0.000119 0.000086 0.000062 0.000044 0.000031 0.000021 0.000015 0.000010 0.000007 0.000005 0.000003 0.000002 0.000001 0.000001 0.000000 
0.000000 0.000000 0.000001 0.000002 0.000003 0.000004 0.000007 0.000010 0.000015 0.000022 0.000031 0.000045 0.000064 0.000091 0.000127 0.000176 0.000241 0.000327 0.000441 0.000589 0.000780 0.001023 0.001329 0.001711 0.002183 0.002760 0.003458 0.004293 0.005281 0.006437 0.007774 0.009304 0.011033 0.012964 0.015093 0.017412 0.019902 0.022541 0.025296 0.028127 0.030988 0.033826 0.036586 0.039208 0.041633 0.043801 0.045658 0.047157 0.048258 0.048931 0.049158 0.048931 0.048258 0.047157 0.045658 0.043801 0.041633 0.039208 0.036586 0.033826 0.030988 0.028127 0.025296 0.022541 0.019902 0.017412 0.015093 0.012964 0.011033 0.009304 0.007774 0.006437 0.005281 0.004293 0.003458 0.002760 0.002183 0.001711 0.001329 0.001023 0.000780 0.000589 0.000441 0.000327 0.000241 0.000176 0.000127 0.000091 0.000064 0.000045 0.000031 0.000022 0.000015 0.000010 0.000007 0.000004 0.000003 0.000002 0.000001 0.000000 
0.000000 0.000001 0.000002 0.000003 0.000004 0.000007 0.000010 0.000015 0.000022 0.000032 0.000046 0.000066 0.000094 0.000132 0.000185 0.000256 0.000351 0.000478 0.000644 0.000860 0.001137 0.001491 0.001937 0.002494 0.003181 0.004022 0.005038 0.006253 0.007691 0.009374 0.011320 0.013546 0.016062 0.018871 0.021968 0.025341 0.028963 0.032800 0.036805 0.040922 0.045081 0.049208 0.053221 0.057032 0.060556 0.063707 0.066407 0.068586 0.070186 0.071164 0.071493 0.071164 0.070186 0.068586 0.066407 0.063707 0.060556 0.057032 0.053221 0.049208 0.045081 0.040922 0.036805 0.032800 0.028963 0.025341 0.021968 0.018871 0.016062 0.013546 0.011320 0.009374 0.007691 0.006253 0.005038 0.004022 0.003181 0.002494 0.001937 0.001491 0.001137 0.000860 0.000644 0.000478 0.000351 0.000256 0.000185 0.000132 0.000094 0.000066 0.000046 0.000032 0.000022 0.000015 0.000010 0.000006 0.000004 0.000002 0.000001 0.000000 
0.000000 0.000001 0.000002 0.000004 0.000006 0.000009 0.000014 0.000021 0.000031 0.000046 0.000067 0.000096 0.000136 0.000192 0.000268 0.000371 0.000508 0.000691 0.000931 0.001242 0.001643 0.002154 0.002798 0.003602 0.004594 0.005807 0.007273 0.009026 0.011101 0.013527 0.016334 0.019544 0.023170 0.027220 0.031684 0.036544 0.041765 0.047294 0.053065 0.058996 0.064989 0.070934 0.076714 0.082204 0.087280 0.091819 0.095708 0.098846 0.101151 0.102559 0.103033 0.102559 0.101151 0.098846 0.095708 0.091819 0.087280 0.082204 0.076714 0.070934 0.064989 0.058996 0.053065 0.047294 0.041765 0.036544 0.031684 0.027220 0.023170 0.019544 0.016334 0.013527 0.011101 0.009026 0.007273 0.005807 0.004594 0.003602 0.002798 0.002154 0.001643 0.001242 0.000931 0.000691 0.000508 0.000371 0.000268 0.000192 0.000136 0.000096 0.000067 0.000046 0.000031 0.000021 0.000014 0.000009 0.000006 0.000003 0.000002 0.000000 
0.000000 0.000001 0.000003 0.000006 0.000009 0.000014 0.000021 0.000031 0.000045 0.000066 0.000096 0.000137 0.000195 0.000275 0.000384 0.000531 0.000728 0.000990 0.001333 0.001779 0.002353 0.003084 0.004006 0.005155 0.006575 0.008309 0.010405 0.012912 0.015877 0.019345 0.023357 0.027943 0.033125 0.038910 0.045288 0.052230 0.059686 0.067583 0.075824 0.084293 0.092849 0.101338 0.109589 0.117427 0.124673 0.131152 0.136704 0.141183 0.144473 0.146484 0.147160 0.146484 0.144473 0.141183 0.136704 0.131152 0.124673 0.117427 0.109589 0.101338 0.092849 0.084293 0.075824 0.067583 0.059686 0.052230 0.045288 0.038910 0.033125 0.027943 0.023357 0.019345 0.015877 0.012912 0.010405 0.008309 0.006575 0.005155 0.004006 0.003084 0.002353 0.001779 0.001333 0.000990 0.000728 0.000531 0.000384 0.000275 0.000195 0.000137 0.000096 0.000066 0.000045 0.000031 0.000020 0.000013 0.000008 0.000005 0.000002 0.000000 
0.000000 0.000002 0.000005 0.000008 0.000013 0.000019 0.000029 0.000044 0.000064 0.000094 0.000136 0.000195 0.000277 0.000391 0.000545 0.000755 0.001035 0.001406 0.001893 0.002526 0.003340 0.004377 0.005683 0.007313 0.009325 0.011783 0.014754 0.018306 0.022507 0.027420 0.033102 0.039597 0.046935 0.055126 0.064156 0.073984 0.084538 0.095715 0.107380 0.119365 0.131474 0.143486 0.155162 0.166252 0.176504 0.185671 0.193525 0.199862 0.204516 0.207361 0.208317 0.207361 0.204516 0.199862 0.193525 0.185671 0.176504 0.166252 0.155162 0.143486 0.131474 0.119365 0.107380 0.095715 0.084538 0.073984 0.064156 0.055126 0.046935 0.039597 0.033102 0.027420 0.022507 0.018306 0.014754 0.011783 0.009325 0.007313 0.005683 0.004377 0.003340 0.002526 0.001893 0.001406 0.001035 0.000755 0.000545 0.000391 0.000277 0.000195 0.000136 0.000094 0.000064 0.000043 0.000029 0.000019 0.000012 0.000007 0.000003 0.000000 
0.000000 0.000003 0.000007 0.000011 0.000018 0.000027 0.000041 0.000062 0.000091 0.000132 0.000192 0.000275 0.000391 0.000550 0.000768 0.001062 0.001456 0.001978 0.002663 0.003553 0.004698 0.006155 0.007991 0.010281 0.013108 0.016561 0.020733 0.025722 0.031620 0.038518 0.046495 0.055612 0.065911 0.077406 0.090078 0.103867 0.118675 0.134355 0.150718 0.167529 0.184513 0.201360 0.217736 0.233289 0.247665 0.260520 0.271533 0.280420 0.286946 0.290934 0.292276 0.290934 0.286946 0.280420 0.271533 0.260520 0.247665 0.233289 0.217736 0.201360 0.184513 0.167529 0.150718 0.134355 0.118675 0.103867 0.090078 0.077406 0.065911 0.055612 0.046495 0.038518 0.031620 0.025722 0.020733 0.016561 0.013108 0.010281 0.007991 0.006155 0.004698 0.003553 0.002663 0.001978 0.001456 0.001062 0.000768 0.000550 0.000391 0.000275 0.000192 0.000132 0.000091 0.000061 0.000041 0.000027 0.000017 0.000010 0.000005 0.000000 
0.000000 0.000004 0.000009 0.000016 0.000025 0.000038 0.000058 0.000086 0.000127 0.000185 0.000268 0.000384 0.000545 0.000768 0.001072 0.001482 0.002031 0.002759 0.003714 0.004954 0.006549 0.008579 0.011136 0.014326 0.018262 0.023069 0.028877 0.035820 0.044029 0.053627 0.064725 0.077409 0.091736 0.107725 0.125348 0.144525 0.165116 0.186919 0.209669 0.233041 0.256652 0.280071 0.302834 0.324452 0.344433 0.362300 0.377607 0.389958 0.399028 0.404570 0.406435 0.404570 0.399028 0.389958 0.377607 0.362300 0.344433 0.324452 0.302834 0.280071 0.256652 0.233041 0.209669 0.186919 0.165116 0.144525 0.125348 0.107725 0.091736 0.077409 0.064725 0.053627 0.044029 0.035820 0.028877 0.023069 0.018262 0.014326 0.011136 0.008579 0.006549 0.004954 0.003714 0.002759 0.002031 0.001482 0.001072 0.000768 0.000545 0.000384 0.000268 0.000185 0.000127 0.000086 0.000057 0.000038 0.000024 0.000014 0.000006 0.000000 
0.000000 0.000006 0.000013 0.000022 0.000034 0.000053 0.000080 0.000119 0.000176 0.000256 0.000371 0.000531 0.000755 0.001062 0.001482 0.002049 0.002808 0.003814 0.005133 0.006845 0.009047 0.011850 0.015380 0.019782 0.025214 0.031847 0.039860 0.049438 0.060760 0.073998 0.089302 0.106791 0.126544 0.148586 0.172878 0.199310 0.227688 0.257736 0.289086 0.321291 0.353823 0.386090 0.417450 0.447233 0.474760 0.499373 0.520458 0.537472 0.549965 0.557599 0.560168 0.557599 0.549965 0.537472 0.520458 0.499373 0.474760 0.447233 0.417450 0.386090 0.353823 0.321291 0.289086 0.257736 0.227688 0.199310 0.172878 0.148586 0.126544 0.106791 0.089302 0.073998 0.060760 0.049438 0.039860 0.031847 0.025214 0.019782 0.015380 0.011850 0.009047 0.006845 0.005133 0.003814 0.002808 0.002049 0.001482 0.001062 0.000755 0.000531 0.000371 0.000256 0.000175 0.000119 0.000079 0.000052 0.000033 0.000019 0.000009 0.000000 
0.000000 0.000008 0.000017 0.000030 0.000047 0.000073 0.000110 0.000163 0.000241 0.000351 0.000508 0.000728 0.001035 0.001456 0.002031 0.002808 0.003848 0.005224 0.007030 0.009374 0.012387 0.016222 0.021052 0.027073 0.034503 0.043573 0.054530 0.067624 0.083102 0.101197 0.122113 0.146013 0.173004 0.203120 0.236308 0.272416 0.311181 0.352222 0.395040 0.439022 0.483449 0.527511 0.570333 0.610999 0.648584 0.682189 0.710977 0.734206 0.751262 0.761685 0.765192 0.761685 0.751262 0.734206 0.710977 0.682189 0.648584 0.610999 0.570333 0.527511 0.483449 0.439022 0.395040 0.352222 0.311181 0.272416 0.236308 0.203120 0.173004 0.146013 0.122113 0.101197 0.083102 0.067624 0.054530 0.043573 0.034503 0.027073 0.021052 0.016222 0.012387 0.009374 0.007030 0.005224 0.003848 0.002808 0.002031 0.001456 0.001035 0.000728 0.000508 0.000351 0.000241 0.000163 0.000109 0.000071 0.000045 0.000027 0.000012 0.000000 
0.000000 0.000011 0.000024 0.000041 0.000064 0.000099 0.000149 0.000222 0.000327 0.000478 0.000691 0.000990 0.001406 0.001978 0.002759 0.003814 0.005224 0.007092 0.009542 0.012721 0.016808 0.022008 0.028557 0.036721 0.046791 0.059084 0.073933 0.091675 0.112645 0.137158 0.165489 0.197859 0.234413 0.275195 0.320133 0.369021 0.421502 0.477061 0.535022 0.594555 0.654686 0.714321 0.772275 0.827308 0.878171 0.923646 0.962602 0.994034 1.017113 1.031217 1.035962 1.031217 1.017113 0.994034 0.962602 0.923646 0.878171 0.827308 0.772275 0.714321 0.654686 0.594555 0.535022 0.477061 0.421502 0.369021 0.320133 0.275195 0.234413 0.197859 0.165489 0.137158 0.112645 0.091675 0.073933 0.059084 0.046791 0.036721 0.028557 0.022008 0.016808 0.012721 0.009542 0.007092 0.005224 0.003814 0.002759 0.001978 0.001406 0.000990 0.000691 0.000478 0.000327 0.000222 0.000148 0.000097 0.000062 0.000036 0.000017 0.000000 
0.000000 0.000015 0.000032 0.000055 0.000087 0.000134 0.000201 0.000300 0.000441 0.000644 0.000931 0.001333 0.001893 0.002663 0.003714 0.005133 0.007030 0.009542 0.012835 0.017109 0.022603 0.029591 0.038391 0.049359 0.062888 0.079400 0.099342 0.123169 0.151326 0.184237 0.222271 0.265723 0.314785 0.369519 0.429826 0.495427 0.565845 0.640388 0.718149 0.798014 0.878677 0.958672 1.036407 1.110223 1.178441 1.239433 1.291678 1.333834 1.364786 1.383701 1.390064 1.383701 1.364786 1.333834 1.291678 1.239433 1.178441 1.110223 1.036407 0.958672 0.878677 0.798014 0.718149 0.640388 0.565845 0.495427 0.429826 0.369519 0.314785 0.265723 0.222271 0.184237 0.151326 0.123169 0.099342 0.079400 0.062888 0.049359 0.038391 0.029591 0.022603 0.017109 0.012835 0.009542 0.007030 0.005133 0.003714 0.002663 0.001893 0.001333 0.000930 0.000643 0.000441 0.000299 0.000200 0.000131 0.000083 0.000049 0.000022 0.000000 
0.000000 0.000020 0.000043 0.000073 0.000116 0.000178 0.000269 0.000400 0.000589 0.000860 0.001242 0.001779 0.002526 0.003553 0.004954 0.006845 0.009374 0.012721 0.017109 0.022805 0.030122 0.039430 0.051149 0.065753 0.083765 0.105746 0.132290 0.164001 0.201472 0.245263 0.295867 0.353674 0.418939 0.491741 0.571951 0.659196 0.752840 0.851963 0.955359 1.061547 1.168790 1.275138 1.378480 1.476607 1.567290 1.648364 1.717810 1.773844 1.814985 1.840126 1.848584 1.840126 1.814985 1.773844 1.717810 1.648364 1.567290 1.476607 1.378480 1.275138 1.168790 1.061547 0.955359 0.851963 0.752840 0.659196 0.571951 0.491741 0.418939 0.353674 0.295867 0.245263 0.201472 0.164001 0.132290 0.105746 0.083765 0.065753 0.051149 0.039430 0.030122 0.022805 0.017109 0.012721 0.009374 0.006845 0.004954 0.003553 0.002526 0.001779 0.001242 0.000859 0.000589 0.000399 0.000267 0.000175 0.000111 0.000065 0.000030 0.000000 
0.000000 0.000026 0.000056 0.000097 0.000154 0.000236 0.000356 0.000530 0.000780 0.001137 0.001643 0.002353 0.003340 0.004698 0.006549 0.009047 0.012387 0.016808 0.022603 0.030122 0.039782 0.052068 0.067535 0.086807 0.110572 0.139572 0.174587 0.216413 0.265833 0.323581 0.390307 0.466525 0.552568 0.648541 0.754270 0.869265 0.992685 1.123317 1.259574 1.399501 1.540812 1.680939 1.817097 1.946380 2.065852 2.172661 2.264150 2.337967 2.392164 2.425285 2.436426 2.425285 2.392164 2.337967 2.264150 2.172661 2.065852 1.946380 1.817097 1.680939 1.540812 1.399501 1.259574 1.123317 0.992685 0.869265 0.754270 0.648541 0.552568 0.466525 0.390307 0.323581 0.265833 0.216413 0.174587 0.139572 0.110572 0.086807 0.067535 0.052068 0.039782 0.030122 0.022603 0.016808 0.012387 0.009047 0.006549 0.004698 0.003340 0.002353 0.001643 0.001137 0.000779 0.000528 0.000353 0.000232 0.000147 0.000086 0.000040 0.000000 
0.000000 0.000034 0.000074 0.000127 0.000202 0.000310 0.000467 0.000695 0.001023 0.001491 0.002154 0.003084 0.004377 0.006155 0.008579 0.011850 0.016222 0.022008 0.029591 0.039430 0.052068 0.068139 0.088369 0.113572 0.144648 0.182565 0.228342 0.283016 0.347610 0.423084 0.510282 0.609876 0.722299 0.847686 0.985809 1.136026 1.297238 1.467860 1.645818 1.828561 2.013102 2.196088 2.373885 2.542697 2.698695 2.838154 2.957608 3.053986 3.124747 3.167989 3.182536 3.167989 3.124747 3.053986 2.957608 2.838154 2.698695 2.542697 2.373885 2.196088 2.013102 1.828561 1.645818 1.467860 1.297238 1.136026 0.985809 0.847686 0.722299 0.609876 0.510282 0.423084 0.347610 0.283016 0.228342 0.182565 0.144648 0.113572 0.088369 0.068139 0.052068 0.039430 0.029591 0.022008 0.016222 0.011850 0.008579 0.006155 0.004376 0.003084 0.002154 0.001490 0.001021 0.000692 0.000463 0.000304 0.000193 0.000113 0.000052 0.000000 
0.000000 0.000044 0.000096 0.000165 0.000263 0.000403 0.000607 0.000903 0.001329 0.001937 0.002798 0.004006 0.005683 0.007991 0.011136 0.015380 0.021052 0.028557 0.038391 0.051149 0.067535 0.088369 0.114590 0.147255 0.187526 0.236657 0.295966 0.366795 0.450467 0.548223 0.661155 0.790130 0.935707 1.098058 1.276887 1.471361 1.680056 1.900920 2.131267 2.367795 2.606640 2.843460 3.073558 3.292020 3.493892 3.674358 3.828933 3.953645 4.045208 4.101162 4.119985 4.101162 4.045208 3.953645 3.828933 3.674358 3.493892 3.292020 3.073558 2.843460 2.606640 2.367795 2.131267 1.900920 1.680056 1.471361 1.276887 1.098058 0.935707 0.790130 0.661155 0.548223 0.450467 0.366795 0.295966 0.236657 0.187526 0.147255 0.114590 0.088369 0.067535 0.051149 0.038391 0.028557 0.021052 0.015380 0.011136 0.007991 0.005683 0.004005 0.002798 0.001936 0.001327 0.000900 0.000602 0.000396 0.000251 0.000147 0.000068 0.000000 
0.000000 0.000057 0.000124 0.000213 0.000338 0.000519 0.000782 0.001163 0.001711 0.002494 0.003602 0.005155 0.007313 0.010281 0.014326 0.019782 0.027073 0.036721 0.049359 0.065753 0.086807 0.113572 0.147255 0.189209 0.240927 0.304018 0.380170 0.471105 0.578519 0.704001 0.848951 1.014478 1.201298 1.409630 1.639090 1.888608 2.156356 2.439699 2.735193 3.038600 3.344965 3.648722 3.943844 4.224034 4.482938 4.714383 4.912619 5.072555 5.189977 5.261733 5.285871 5.261733 5.189977 5.072555 4.912619 4.714383 4.482938 4.224034 3.943844 3.648722 3.344965 3.038600 2.735193 2.439699 2.156356 1.888608 1.639090 1.409630 1.201298 1.014478 0.848951 0.704001 0.578519 0.471105 0.380170 0.304018 0.240927 0.189209 0.147255 0.113572 0.086807 0.065753 0.049359 0.036720 0.027073 0.019782 0.014325 0.010281 0.007313 0.005155 0.003601 0.002492 0.001709 0.001159 0.000776 0.000510 0.000323 0.000189 0.000087 0.000000 
0.000000 0.000073 0.000159 0.000272 0.000432 0.000663 0.000998 0.001484 0.002183 0.003181 0.004594 0.006575 0.009325 0.013108 0.018262 0.025214 0.034503 0.046791 0.062888 0.083765 0.110572 0.144648 0.187526 0.240927 0.306750 0.387039 0.483939 0.599640 0.736294 0.895922 1.080299 1.290834 1.528435 1.793374 2.085164 2.402440 2.742875 3.103120 3.478793 3.864509 4.253969 4.640097 5.015236 5.371382 5.700463 5.994636 6.246593 6.449868 6.599108 6.690306 6.720984 6.690306 6.599108 6.449868 6.246593 5.994636 5.700463 5.371382 5.015236 4.640097 4.253969 3.864509 3.478793 3.103120 2.742875 2.402440 2.085164 1.793374 1.528435 1.290834 1.080299 0.895922 0.736294 0.599640 0.483939 0.387039 0.306750 0.240927 0.187526 0.144648 0.110572 0.083765 0.062888 0.046791 0.034503 0.025214 0.018262 0.013108 0.009325 0.006574 0.004593 0.003180 0.002180 0.001479 0.000990 0.000651 0.000413 0.000242 0.000111 0.000000 
0.000000 0.000092 0.000201 0.000344 0.000546 0.000838 0.001262 0.001876 0.002760 0.004022 0.005807 0.008309 0.011783 0.016561 0.023069 0.031847 0.043573 0.059084 0.079400 0.105746 0.139572 0.182565 0.236657 0.304018 0.387039 0.488294 0.610488 0.756376 0.928670 1.129912 1.362337 1.627716 1.927189 2.261098 2.628822 3.028641 3.457620 3.911537 4.384869 4.870833 5.361493 5.847937 6.320521 6.769165 7.183703 7.554259 7.871632 8.127680 8.315661 8.430533 8.469176 8.430533 8.315661 8.127680 7.871632 7.554259 7.183703 6.769165 6.320521 5.847937 5.361493 4.870833 4.384869 3.911537 3.457620 3.028641 2.628822 2.261098 1.927189 1.627716 1.362337 1.129912 0.928670 0.756376 0.610488 0.488294 0.387039 0.304018 0.236657 0.182565 0.139572 0.105746 0.079400 0.059084 0.043573 0.031847 0.023069 0.016561 0.011783 0.008308 0.005806 0.004020 0.002756 0.001870 0.001252 0.000823 0.000522 0.000306 0.000141 0.000000 
0.000000 0.000115 0.000252 0.000432 0.000685 0.001051 0.001582 0.002351 0.003458 0.005038 0.007273 0.010405 0.014754 0.020733 0.028877 0.039860 0.054530 0.073933 0.099342 0.132290 0.174587 0.228342 0.295966 0.380170 0.483939 0.610488 0.763191 0.945490 1.160766 1.412192 1.702554 2.034061 2.408131 2.825187 3.284450 3.783769 4.319474 4.886293 5.477328 6.084109 6.696729 7.304062 7.894071 8.454176 8.971688 9.434282 9.830477 10.150111 10.384773 10.528169 10.576407 10.528169 10.384773 10.150111 9.830477 9.434282 8.971688 8.454176 7.894071 7.304062 6.696729 6.084109 5.477328 4.886293 4.319474 3.783769 3.284450 2.825187 2.408131 2.034061 1.702554 1.412192 1.160766 0.945490 0.763191 0.610488 0.483939 0.380170 0.295966 0.228342 0.174587 0.132290 0.099342 0.073933 0.054530 0.039860 0.028877 0.020733 0.014753 0.010404 0.007271 0.005035 0.003453 0.002343 0.001570 0.001031 0.000654 0.000384 0.000177 0.000000 
0.000000 0.000144 0.000313 0.000536 0.000851 0.001305 0.001964 0.002919 0.004293 0.006253 0.009026 0.012912 0.018306 0.025722 0.035820 0.049438 0.067624 0.091675 0.123169 0.164001 0.216413 0.283016 0.366795 0.471105 0.599640 0.756376 0.945490 1.171237 1.437799 1.749098 2.108580 2.518971 2.982024 3.498254 4.066695 4.684679 5.347660 6.049114 6.780502 7.531344 8.289381 9.040850 9.770860 10.463850 11.104127 11.676446 12.166608 12.562045 12.852355 13.029756 13.089432 13.029756 12.852355 12.562045 12.166608 11.676446 11.104127 10.463850 9.770860 9.040850 8.289381 7.531344 6.780502 6.049114 5.347660 4.684679 4.066695 3.498254 2.982024 2.518971 2.108580 1.749098 1.437799 1.171237 0.945490 0.756376 0.599640 0.471105 0.366795 0.283016 0.216413 0.164001 0.123169 0.091675 0.067624 0.049438 0.035820 0.025721 0.018305 0.012911 0.009024 0.006250 0.004287 0.002910 0.001949 0.001281 0.000813 0.000477 0.000220 0.000000 
0.000000 0.000177 0.000385 0.000660 0.001047 0.001606 0.002417 0.003591 0.005281 0.007691 0.011101 0.015877 0.022507 0.031620 0.044029 0.060760 0.083102 0.112645 0.151326 0.201472 0.265833 0.347610 0.450467 0.578519 0.736294 0.928670 1.160766 1.437799 1.764893 2.146856 2.587908 3.091388 3.659437 4.292683 4.989936 5.747915 6.561046 7.421321 8.318269 9.239037 10.168593 11.090066 11.985196 12.834911 13.619972 14.321694 14.922672 15.407504 15.763439 15.980940 16.054106 15.980940 15.763439 15.407504 14.922672 14.321694 13.619972 12.834911 11.985196 11.090066 10.168593 9.239037 8.318269 7.421321 6.561046 5.747915 4.989936 4.292683 3.659437 3.091388 2.587908 2.146856 1.764893 1.437799 1.160766 0.928670 0.736294 0.578519 0.450467 0.347610 0.265833 0.201472 0.151326 0.112645 0.083102 0.060760 0.044028 0.031620 0.022506 0.015876 0.011098 0.007687 0.005274 0.003580 0.002398 0.001576 0.001000 0.000587 0.000270 0.000000 
0.000000 0.000216 0.000469 0.000805 0.001277 0.001958 0.002947 0.004378 0.006437 0.009374 0.013527 0.019345 0.027420 0.038518 0.053627 0.073998 0.101197 0.137158 0.184237 0.245263 0.323581 0.423084 0.548223 0.704001 0.895922 1.129912 1.412192 1.749098 2.146856 2.611304 3.147564 3.759689 4.450274 5.220076 6.067639 6.988974 7.977298 9.022876 10.112981 11.231992 12.361644 13.481435 14.569184 15.601717 16.555665 17.408328 18.138567 18.727669 19.160150 19.424424 19.513323 19.424424 19.160150 18.727669 18.138567 17.408328 16.555665 15.601717 14.569184 13.481435 12.361644 11.231992 10.112981 9.022876 7.977298 6.988974 6.067639 5.220076 4.450274 3.759689 3.147564 2.611304 2.146856 1.749098 1.412192 1.129912 0.895922 0.704001 0.548223 0.423084 0.323581 0.245263 0.184237 0.137158 0.101197 0.073998 0.053627 0.038518 0.027419 0.019344 0.013524 0.009369 0.006428 0.004364 0.002924 0.001922 0.001220 0.000715 0.000330 0.000000 
0.000000 0.000261 0.000567 0.000973 0.001543 0.002366 0.003560 0.005288 0.007774 0.011320 0.016334 0.023357 0.033102 0.046495 0.064725 0.089302 0.122113 0.165489 0.222271 0.295867 0.390307 0.510282 0.661155 0.848951 1.080299 1.362337 1.702554 2.108580 2.587908 3.147564 3.793712 4.531225 5.363222 6.290605 7.311614 8.421438 9.611899 10.871271 12.184222 13.531938 14.892424 16.240992 17.550935 18.794353 19.943111 20.969881 21.849215 22.558588 23.079359 23.397581 23.504629 23.397581 23.079359 22.558588 21.849215 20.969881 19.943111 18.794353 17.550935 16.240992 14.892424 13.531938 12.184222 10.871271 9.611899 8.421438 7.311614 6.290605 5.363222 4.531225 3.793712 3.147564 2.587908 2.108580 1.702554 1.362337 1.080299 0.848951 0.661155 0.510282 0.390307 0.295866 0.222271 0.165489 0.122112 0.089302 0.064725 0.046494 0.033100 0.023355 0.016330 0.011314 0.007764 0.005271 0.003533 0.002322 0.001474 0.000865 0.000398 0.000000 
0.000000 0.000312 0.000679 0.001165 0.001848 0.002832 0.004261 0.006330 0.009304 0.013546 0.019544 0.027943 0.039597 0.055612 0.077409 0.106791 0.146013 0.197859 0.265723 0.353674 0.466525 0.609876 0.790130 1.014478 1.290834 1.627716 2.034061 2.518971 3.091388 3.759689 4.531225 5.411804 6.405141 7.512302 8.731180 10.056021 11.477061 12.980296 14.547426 16.155995 17.779752 19.389239 20.952586 22.436504 23.807425 25.032745 26.082103 26.928628 27.550079 27.929822 28.057564 27.929822 27.550079 26.928628 26.082103 25.032745 23.807425 22.436504 20.952586 19.389239 17.779752 16.155995 14.547426 12.980296 11.477061 10.056021 8.731180 7.512302 6.405141 5.411804 4.531225 3.759689 3.091388 2.518971 2.034061 1.627716 1.290834 1.014478 0.790130 0.609876 0.466525 0.353674 0.265723 0.197859 0.146013 0.106791 0.077409 0.055611 0.039595 0.027940 0.019539 0.013539 0.009292 0.006309 0.004229 0.002780 0.001765 0.001035 0.000477 0.000000 
0.000000 0.000370 0.000806 0.001382 0.002192 0.003360 0.005054 0.007507 0.011033 0.016062 0.023170 0.033125 0.046935 0.065911 0.091736 0.126544 0.173004 0.234413 0.314785 0.418939 0.552568 0.722299 0.935707 1.201298 1.528435 1.927189 2.408131 2.982024 3.659437 4.450274 5.363222 6.405141 7.580414 8.890296 10.332280 11.899553 13.580559 15.358729 17.212412 19.115046 21.035588 22.939198 24.788190 26.543201 28.164540 29.613658 30.854659 31.855771 32.590703 33.039786 33.190853 33.039786 32.590703 31.855771 30.854659 29.613658 28.164540 26.543201 24.788190 22.939198 21.035588 19.115046 17.212412 15.358729 13.580559 11.899553 10.332280 8.890296 7.580414 6.405141 5.363222 4.450274 3.659437 2.982024 2.408131 1.927189 1.528435 1.201298 0.935707 0.722299 0.552568 0.418939 0.314785 0.234413 0.173004 0.126543 0.091736 0.065910 0.046933 0.033122 0.023165 0.016053 0.011018 0.007483 0.005016 0.003298 0.002094 0.001228 0.000566 0.000000 
0.000000 0.000435 0.000948 0.001625 0.002577 0.003949 0.005940 0.008821 0.012964 0.018871 0.027220 0.038910 0.055126 0.077406 0.107725 0.148586 0.203120 0.275195 0.369519 0.491741 0.648541 0.847686 1.098058 1.409630 1.793374 2.261098 2.825187 3.498254 4.292683 5.220076 6.290605 7.512302 8.890296 10.426042 12.116594 13.953956 15.924572 18.009015 20.181902 22.412101 24.663225 26.894443 29.061593 31.118547 33.018796 34.717172 36.171612 37.344895 38.206212 38.732521 38.909565 38.732521 38.206212 37.344895 36.171612 34.717172 33.018796 31.118547 29.061593 26.894443 24.663225 22.412101 20.181902 18.009015 15.924572 13.953956 12.116594 10.426042 8.890296 7.512302 6.290605 5.220076 4.292683 3.498254 2.825187 2.261098 1.793374 1.409630 1.098058 0.847686 0.648541 0.491741 0.369519 0.275195 0.203120 0.148585 0.107724 0.077405 0.055124 0.038906 0.027213 0.018860 0.012947 0.008793 0.005895 0.003877 0.002462 0.001444 0.000666 0.000000 
0.000000 0.000507 0.001104 0.001893 0.003001 0.004599 0.006917 0.010272 0.015093 0.021968 0.031684 0.045288 0.064156 0.090078 0.125348 0.172878 0.236308 0.320133 0.429826 0.571951 0.754270 0.985809 1.276887 1.639090 2.085164 2.628822 3.284450 4.066695 4.989936 6.067639 7.311614 8.731180 10.332280 12.116594 14.080688 16.215261 18.504559 20.926007 23.450118 26.040726 28.655569 31.247227 33.764411 36.153552 38.360643 40.333233 42.022483 43.385169 44.385523 44.996786 45.202408 44.996786 44.385523 43.385169 42.022483 40.333233 38.360643 36.153552 33.764411 31.247227 28.655569 26.040726 23.450118 20.926007 18.504559 16.215261 14.080688 12.116594 10.332280 8.731180 7.311614 6.067639 4.989936 4.066695 3.284450 2.628822 2.085163 1.639090 1.276887 0.985809 0.754270 0.571951 0.429825 0.320133 0.236308 0.172878 0.125347 0.090076 0.064154 0.045284 0.031677 0.021956 0.015073 0.010239 0.006865 0.004515 0.002867 0.001682 0.000775 0.000000 
0.000000 0.000585 0.001274 0.002185 0.003464 0.005307 0.007982 0.011850 0.017412 0.025341 0.036544 0.052230 0.073984 0.103867 0.144525 0.199310 0.272416 0.369021 0.495427 0.659196 0.869265 1.136026 1.471361 1.888608 2.402440 3.028641 3.783769 4.684679 5.747915 6.988974 8.421438 10.056021 11.899553 13.953956 16.215261 18.672752 21.308281 24.095856 27.001528 29.983667 32.993627 35.976828 38.874242 41.624221 44.164613 46.435059 48.379359 49.947775 51.099147 51.802687 52.039349 51.802687 51.099147 49.947775 48.379359 46.435059 44.164613 41.624221 38.874242 35.976828 32.993627 29.983667 27.001528 24.095856 21.308281 18.672752 16.215261 13.953956 11.899553 10.056021 8.421438 6.988974 5.747915 4.684679 3.783769 3.028641 2.402440 1.888608 1.471361 1.136026 0.869265 0.659196 0.495427 0.369021 0.272416 0.199309 0.144524 0.103865 0.073981 0.052225 0.036536 0.025326 0.017388 0.011813 0.007920 0.005210 0.003309 0.001941 0.000895 0.000000 
0.000000 0.000669 0.001457 0.002498 0.003961 0.006068 0.009125 0.013547 0.019902 0.028963 0.041765 0.059686 0.084538 0.118675 0.165116 0.227688 0.311181 0.421502 0.565845 0.752840 0.992685 1.297238 1.680056 2.156356 2.742875 3.457620 4.319474 5.347660 6.561046 7.977298 9.611899 11.477061 13.580559 15.924572 18.504559 21.308281 24.315028 27.495138 30.809882 34.211769 37.645310 41.048252 44.353272 47.490061 50.387739 52.977471 55.195168 56.984110 58.297362 59.099814 59.369748 59.099814 58.297362 56.984110 55.195168 52.977471 50.387739 47.490061 44.353272 41.048252 37.645310 34.211769 30.809882 27.495138 24.315028 21.308281 18.504559 15.924572 13.580559 11.477061 9.611899 7.977298 6.561046 5.347660 4.319474 3.457620 2.742875 2.156356 1.680056 1.297238 0.992685 0.752840 0.565845 0.421502 0.311180 0.227688 0.165114 0.118673 0.084535 0.059680 0.041755 0.028947 0.019876 0.013504 0.009055 0.005956 0.003783 0.002219 0.001023 0.000000 
0.000000 0.000759 0.001651 0.002830 0.004487 0.006875 0.010337 0.015344 0.022541 0.032800 0.047294 0.067583 0.095715 0.134355 0.186919 0.257736 0.352222 0.477061 0.640388 0.851963 1.123317 1.467860 1.900920 2.439699 3.103120 3.911537 4.886293 6.049114 7.421321 9.022876 10.871271 12.980296 15.358729 18.009015 20.926007 24.095856 27.495138 31.090314 34.837598 38.683302 42.564703 46.411436 50.147407 53.693154 56.968569 59.895860 62.402596 64.424681 65.909072 66.816093 67.121203 66.816093 65.909072 64.424681 62.402596 59.895860 56.968569 53.693154 50.147407 46.411436 42.564703 38.683302 34.837598 31.090314 27.495138 24.095856 20.926007 18.009015 15.358729 12.980296 10.871271 9.022876 7.421321 6.049114 4.886293 3.911537 3.103120 2.439699 1.900920 1.467860 1.123317 0.851963 0.640388 0.477060 0.352221 0.257735 0.186917 0.134353 0.095712 0.067576 0.047283 0.032782 0.022511 0.015295 0.010257 0.006748 0.004286 0.002514 0.001159 0.000000 
0.000000 0.000852 0.001854 0.003178 0.005037 0.007716 0.011601 0.017221 0.025296 0.036805 0.053065 0.075824 0.107380 0.150718 0.209669 0.289086 0.395040 0.535022 0.718149 0.955359 1.259574 1.645818 2.131267 2.735193 3.478793 4.384869 5.477328 6.780502 8.318269 10.112981 12.184222 14.547426 17.212412 20.181902 23.450118 27.001528 30.809882 34.837598 39.035619 43.343802 47.691883 52.001048 56.186065 60.157934 63.826934 67.105940 69.913837 72.178838 73.841542 74.857517 75.199275 74.857517 73.841542 72.178838 69.913837 67.105940 63.826934 60.157934 56.186065 52.001048 47.691883 43.343802 39.035619 34.837598 30.809882 27.001528 23.450118 20.181902 17.212412 14.547426 12.184222 10.112981 8.318269 6.780502 5.477328 4.384869 3.478793 2.735193 2.131267 1.645818 1.259574 0.955359 0.718149 0.535022 0.395040 0.289086 0.209668 0.150716 0.107376 0.075817 0.053053 0.036785 0.025262 0.017165 0.011512 0.007574 0.004811 0.002823 0.001302 0.000000 
0.000000 0.000947 0.002062 0.003534 0.005602 0.008582 0.012902 0.019149 0.028127 0.040922 0.058996 0.084293 0.119365 0.167529 0.233041 0.321291 0.439022 0.594555 0.798014 1.061547 1.399501 1.828561 2.367795 3.038600 3.864509 4.870833 6.084109 7.531344 9.239037 11.231992 13.531938 16.155995 19.115046 22.412101 26.040726 29.983667 34.211769 38.683302 43.343802 48.126499 52.953398 57.737011 62.382736 66.791787 70.864583 74.504427 77.621290 80.135503 81.981140 83.108890 83.488247 83.108890 81.981140 80.135503 77.621290 74.504427 70.864583 66.791787 62.382736 57.737011 52.953398 48.126499 43.343802 38.683302 34.211769 29.983667 26.040726 22.412101 19.115046 16.155995 13.531938 11.231992 9.239037 7.531344 6.084109 4.870833 3.864509 3.038600 2.367795 1.828561 1.399501 1.061546 0.798014 0.594554 0.439022 0.321290 0.233039 0.167526 0.119360 0.084284 0.058982 0.040899 0.028089 0.019088 0.012802 0.008423 0.005351 0.003140 0.001448 0.000000 
0.000000 0.001044 0.002273 0.003895 0.006174 0.009457 0.014216 0.021098 0.030988 0.045081 0.064989 0.092849 0.131474 0.184513 0.256652 0.353823 0.483449 0.654686 0.878677 1.168790 1.540812 2.013102 2.606640 3.344965 4.253969 5.361493 6.696729 8.289381 10.168593 12.361644 14.892424 17.779752 21.035588 24.663225 28.655569 32.993627 37.645310 42.564703 47.691883 52.953398 58.263447 63.525795 68.636381 73.486550 77.966773 81.970695 85.399297 88.164958 90.195167 91.435693 91.852986 91.435693 90.195167 88.164958 85.399297 81.970695 77.966773 73.486550 68.636381 63.525795 58.263447 52.953398 47.691883 42.564703 37.645310 32.993627 28.655569 24.663225 21.035588 17.779752 14.892424 12.361644 10.168593 8.289381 6.696729 5.361493 4.253969 3.344965 2.606640 2.013102 1.540812 1.168790 0.878677 0.654685 0.483448 0.353822 0.256650 0.184510 0.131468 0.092840 0.064973 0.045056 0.030946 0.021031 0.014107 0.009282 0.005897 0.003460 0.001596 0.000000 
0.000000 0.001140 0.002482 0.004253 0.006741 0.010325 0.015520 0.023033 0.033826 0.049208 0.070934 0.101338 0.143486 0.201360 0.280071 0.386090 0.527511 0.714321 0.958672 1.275138 1.680939 2.196088 2.843460 3.648722 4.640097 5.847937 7.304062 9.040850 11.090066 13.481435 16.240992 19.389239 22.939198 26.894443 31.247227 35.976828 41.048252 46.411436 52.001048 57.737011 63.525795 69.262494 74.833681 80.120919 85.004824 89.369475 93.106946 96.121736 98.334818 99.687080 100.141959 99.687080 98.334818 96.121736 93.106946 89.369475 85.004824 80.120919 74.833681 69.262494 63.525795 57.737011 52.001048 46.411436 41.048252 35.976828 31.247227 26.894443 22.939198 19.389239 16.240992 13.481435 11.090066 9.040850 7.304062 5.847937 4.640097 3.648722 2.843460 2.196088 1.680938 1.275138 0.958671 0.714320 0.527510 0.386089 0.280069 0.201357 0.143480 0.101328 0.070917 0.049181 0.033781 0.022959 0.015401 0.010134 0.006438 0.003778 0.001742 0.000000 
0.000000 0.001234 0.002685 0.004601 0.007293 0.011169 0.016788 0.024913 0.036586 0.053221 0.076714 0.109589 0.155162 0.217736 0.302834 0.417450 0.570333 0.772275 1.036407 1.378480 1.817097 2.373885 3.073558 3.943844 5.015236 6.320521 7.894071 9.770860 11.985196 14.569184 17.550935 20.952586 24.788190 29.061593 33.764411 38.874242 44.353272 50.147407 56.186065 62.382736 68.636381 74.833681 80.852109 86.563735 91.839607 96.554514 100.591887 103.848572 106.239213 107.699966 108.191339 107.699966 106.239213 103.848572 100.591887 96.554514 91.839607 86.563735 80.852109 74.833681 68.636381 62.382736 56.186065 50.147407 44.353272 38.874242 33.764411 29.061593 24.788190 20.952586 17.550935 14.569184 11.985196 9.770860 7.894071 6.320521 5.015236 3.943844 3.073558 2.373885 1.817097 1.378480 1.036407 0.772274 0.570333 0.417449 0.302831 0.217732 0.155155 0.109579 0.076696 0.053191 0.036537 0.024833 0.016659 0.010962 0.006965 0.004087 0.001885 0.000000 
