0.000000 0.000000 0.000000 0.000000 0.000000 0.000000 0.000000 0.000000 0.000000 0.000000 0.000000 0.000000 0.000000 0.000000 0.000000 0.000000 0.000000 0.000000 0.000000 0.000000 0.000000 0.000000 0.000000 0.000000 0.000000 0.000000 0.000000 0.000000 0.000000 0.000000 0.000000 0.000000 0.000000 0.000000 0.000000 0.000000 0.000000 0.000000 0.000000 0.000000 0.000000 0.000000 0.000000 0.000000 0.000000 0.000000 0.000000 0.000000 0.000000 0.000000 0.000000 0.000000 0.000000 0.000000 0.000000 0.000000 0.000000 0.000000 0.000000 0.000000 0.000000 0.000000 0.000000 0.000000 0.000000 0.000000 0.000000 0.000000 0.000000 0.000000 0.000000 0.000000 0.000000 0.000000 0.000000 0.000000 0.000000 0.000000 0.000000 0.000000 0.000000 0.000000 0.000000 0.000000 0.000000 0.000000 0.000000 0.000000 0.000000 0.000000 0.000000 0.000000 0.000000 0.000000 0.000000 0.000000 0.000000 0.000000 0.000000 0.000000 
0.000000 0.000000 0.000000 0.000000 0.000000 0.000000 0.000000 0.000001 0.000001 0.000001 0.000002 0.000003 0.000004 0.000006 0.000008 0.000011 0.000014 0.000019 0.000026 0.000034 0.000044 0.000058 0.000074 0.000094 0.000119 0.000150 0.000186 0.000229 0.000279 0.000338 0.000405 0.000482 0.000568 0.000663 0.000767 0.000880 0.001001 0.001129 0.001261 0.001397 0.001533 0.001668 0.001799 0.001923 0.002037 0.002139 0.002226 0.002297 0.002348 0.002380 0.002390 0.002380 0.002348 0.002297 0.002226 0.002139 0.002037 0.001923 0.001799 0.001668 0.001533 0.001397 0.001261 0.001129 0.001001 0.000880 0.000767 0.000663 0.000568 0.000482 0.000405 0.000338 0.000279 0.000229 0.000186 0.000150 0.000119 0.000094 0.000074 0.000058 0.000044 0.000034 0.000026 0.000019 0.000014 0.000011 0.000008 0.000006 0.000004 0.000003 0.000002 0.000001 0.000001 0.000001 0.000000 0.000000 0.000000 0.000000 0.000000 0.000000 
0.000000 0.000000 0.000000 0.000000 0.000000 0.000001 0.000001 0.000001 0.000002 0.000003 0.000004 0.000006 0.000009 0.000012 0.000017 0.000023 0.000031 0.000042 0.000055 0.000073 0.000096 0.000124 0.000160 0.000204 0.000258 0.000324 0.000402 0.000495 0.000604 0.000731 0.000876 0.001042 0.001227 0.001433 0.001659 0.001904 0.002165 0.002440 0.002727 0.003020 0.003315 0.003606 0.003889 0.004157 0.004404 0.004624 0.004812 0.004964 0.005076 0.005144 0.005167 0.005144 0.005076 0.004964 0.004812 0.004624 0.004404 0.004157 0.003889 0.003606 0.003315 0.003020 0.002727 0.002440 0.002165 0.001904 0.001659 0.001433 0.001227 0.001042 0.000876 0.000731 0.000604 0.000495 0.000402 0.000324 0.000258 0.000204 0.000160 0.000124 0.000096 0.000073 0.000055 0.000042 0.000031 0.000023 0.000017 0.000012 0.000009 0.000006 0.000004 0.000003 0.000002 0.000001 0.000001 0.000001 0.000000 0.000000 0.000000 0.000000 
0.000000 0.000000 0.000000 0.000000 0.000001 0.000001 0.000002 0.000002 0.000004 0.000005 0.000007 0.000011 0.000015 0.000021 0.000028 0.000039 0.000053 0.000071 0.000094 0.000124 0.000163 0.000211 0.000272 0.000347 0.000438 0.000549 0.000682 0.000840 0.001025 0.001240 0.001487 0.001768 0.002083 0.002432 0.002815 0.003230 0.003673 0.004140 0.004626 0.005122 0.005622 0.006117 0.006596 0.007050 0.007469 0.007842 0.008162 0.008420 0.008608 0.008724 0.008763 0.008724 0.008608 0.008420 0.008162 0.007842 0.007469 0.007050 0.006596 0.006117 0.005622 0.005122 0.004626 0.004140 0.003673 0.003230 0.002815 0.002432 0.002083 0.001768 0.001487 0.001240 0.001025 0.000840 0.000682 0.000549 0.000438 0.000347 0.000272 0.000211 0.000163 0.000124 0.000094 0.000071 0.000053 0.000039 0.000028 0.000021 0.000015 0.000011 0.000007 0.000005 0.000004 0.000002 0.000002 0.000001 0.000001 0.000000 0.000000 0.000000 
0.000000 0.000000 0.000000 0.000001 0.000001 0.000002 0.000003 0.000004 0.000006 0.000008 0.000012 0.000017 0.000023 0.000032 0.000045 0.000061 0.000083 0.000111 0.000148 0.000195 0.000255 0.000331 0.000426 0.000544 0.000687 0.000861 0.001069 0.001316 0.001606 0.001943 0.002329 0.002768 0.003261 0.003808 0.004407 0.005056 0.005750 0.006481 0.007240 0.008017 0.008800 0.009573 0.010323 0.011033 0.011687 0.012272 0.012772 0.013174 0.013470 0.013650 0.013711 0.013650 0.013470 0.013174 0.012772 0.012272 0.011687 0.011033 0.010323 0.009573 0.008800 0.008017 0.007240 0.006481 0.005750 0.005056 0.004407 0.003808 0.003261 0.002768 0.002329 0.001943 0.001606 0.001316 0.001069 0.000861 0.000687 0.000544 0.000426 0.000331 0.000255 0.000195 0.000148 0.000111 0.000083 0.000061 0.000045 0.000032 0.000023 0.000017 0.000012 0.000008 0.000006 0.000004 0.000003 0.000002 0.000001 0.000001 0.000000 0.000000 
0.000000 0.000000 0.000001 0.000001 0.000002 0.000003 0.000004 0.000006 0.000009 0.000012 0.000018 0.000025 0.000035 0.000049 0.000067 0.000092 0.000125 0.000168 0.000224 0.000295 0.000386 0.000501 0.000645 0.000822 0.001039 0.001302 0.001617 0.001990 0.002428 0.002937 0.003521 0.004184 0.004928 0.005754 0.006660 0.007639 0.008686 0.009790 0.010936 0.012110 0.013290 0.014458 0.015589 0.016661 0.017649 0.018531 0.019285 0.019893 0.020339 0.020611 0.020703 0.020611 0.020339 0.019893 0.019285 0.018531 0.017649 0.016661 0.015589 0.014458 0.013290 0.012110 0.010936 0.009790 0.008686 0.007639 0.006660 0.005754 0.004928 0.004184 0.003521 0.002937 0.002428 0.001990 0.001617 0.001302 0.001039 0.000822 0.000645 0.000501 0.000386 0.000295 0.000224 0.000168 0.000125 0.000092 0.000067 0.000049 0.000035 0.000025 0.000018 0.000012 0.000009 0.000006 0.000004 0.000003 0.000002 0.000001 0.000000 0.000000 
0.000000 0.000000 0.000001 0.000002 0.000003 0.000004 0.000006 0.000009 0.000013 0.000018 0.000026 0.000037 0.000052 0.000073 0.000100 0.000137 0.000186 0.000249 0.000332 0.000438 0.000574 0.000744 0.000957 0.001220 0.001542 0.001931 0.002398 0.002951 0.003601 0.004354 0.005220 0.006202 0.007305 0.008528 0.009869 0.011320 0.012871 0.014505 0.016202 0.017939 0.019687 0.021416 0.023090 0.024677 0.026139 0.027445 0.028561 0.029461 0.030121 0.030524 0.030659 0.030524 0.030121 0.029461 0.028561 0.027445 0.026139 0.024677 0.023090 0.021416 0.019687 0.017939 0.016202 0.014505 0.012871 0.011320 0.009869 0.008528 0.007305 0.006202 0.005220 0.004354 0.003601 0.002951 0.002398 0.001931 0.001542 0.001220 0.000957 0.000744 0.000574 0.000438 0.000332 0.000249 0.000186 0.000137 0.000100 0.000073 0.000052 0.000037 0.000026 0.000018 0.000013 0.000009 0.000006 0.000004 0.000003 0.000001 0.000001 0.000000 
0.000000 0.000001 0.000001 0.000002 0.000004 0.000006 0.000009 0.000013 0.000019 0.000027 0.000039 0.000055 0.000077 0.000107 0.000147 0.000201 0.000272 0.000366 0.000487 0.000643 0.000841 0.001090 0.001402 0.001787 0.002258 0.002828 0.003511 0.004320 0.005270 0.006373 0.007638 0.009075 0.010688 0.012476 0.014436 0.016558 0.018824 0.021212 0.023693 0.026231 0.028786 0.031311 0.033758 0.036076 0.038213 0.040120 0.041751 0.043066 0.044030 0.044619 0.044817 0.044619 0.044030 0.043066 0.041751 0.040120 0.038213 0.036076 0.033758 0.031311 0.028786 0.026231 0.023693 0.021212 0.018824 0.016558 0.014436 0.012476 0.010688 0.009075 0.007638 0.006373 0.005270 0.004320 0.003511 0.002828 0.002258 0.001787 0.001402 0.001090 0.000841 0.000643 0.000487 0.000366 0.000272 0.000201 0.000147 0.000107 0.000077 0.000055 0.000039 0.000027 0.000019 0.000013 0.000009 0.000006 0.000004 0.000002 0.000001 0.000000 
0.000000 0.000001 0.000002 0.000004 0.000006 0.000009 0.000013 0.000019 0.000027 0.000039 0.000056 0.000079 0.000111 0.000155 0.000213 0.000292 0.000395 0.000530 0.000706 0.000932 0.001219 0.001581 0.002033 0.002590 0.003272 0.004098 0.005087 0.006259 0.007634 0.009230 0.011062 0.013141 0.015475 0.018063 0.020899 0.023968 0.027246 0.030700 0.034288 0.037960 0.041654 0.045306 0.048845 0.052196 0.055286 0.058043 0.060402 0.062302 0.063696 0.064547 0.064833 0.064547 0.063696 0.062302 0.060402 0.058043 0.055286 0.052196 0.048845 0.045306 0.041654 0.037960 0.034288 0.030700 0.027246 0.023968 0.020899 0.018063 0.015475 0.013141 0.011062 0.009230 0.007634 0.006259 0.005087 0.004098 0.003272 0.002590 0.002033 0.001581 0.001219 0.000932 0.000706 0.000530 0.000395 0.000292 0.000213 0.000155 0.000111 0.000079 0.000056 0.000039 0.000027 0.000019 0.000013 0.000008 0.000005 0.000003 0.000001 0.000000 
0.000000 0.000001 0.000003 0.000005 0.000008 0.000012 0.000018 0.000027 0.000039 0.000057 0.000081 0.000114 0.000160 0.000223 0.000307 0.000419 0.000568 0.000763 0.001015 0.001339 0.001752 0.002271 0.002919 0.003720 0.004699 0.005883 0.007302 0.008983 0.010956 0.013245 0.015872 0.018853 0.022198 0.025908 0.029973 0.034372 0.039070 0.044020 0.049162 0.054423 0.059716 0.064948 0.070018 0.074819 0.079245 0.083195 0.086573 0.089295 0.091292 0.092511 0.092921 0.092511 0.091292 0.089295 0.086573 0.083195 0.079245 0.074819 0.070018 0.064948 0.059716 0.054423 0.049162 0.044020 0.039070 0.034372 0.029973 0.025908 0.022198 0.018853 0.015872 0.013245 0.010956 0.008983 0.007302 0.005883 0.004699 0.003720 0.002919 0.002271 0.001752 0.001339 0.001015 0.000763 0.000568 0.000419 0.000307 0.000223 0.000160 0.000114 0.000081 0.000057 0.000039 0.000027 0.000018 0.000012 0.000008 0.000005 0.000002 0.000000 
0.000000 0.000002 0.000004 0.000007 0.000012 0.000018 0.000026 0.000039 0.000056 0.000081 0.000115 0.000163 0.000229 0.000318 0.000438 0.000598 0.000809 0.001086 0.001446 0.001907 0.002494 0.003234 0.004156 0.005295 0.006687 0.008371 0.010389 0.012780 0.015584 0.018837 0.022571 0.026808 0.031562 0.036834 0.042609 0.048858 0.055531 0.062563 0.069866 0.077337 0.084855 0.092285 0.099483 0.106301 0.112586 0.118194 0.122990 0.126855 0.129689 0.131421 0.132003 0.131421 0.129689 0.126855 0.122990 0.118194 0.112586 0.106301 0.099483 0.092285 0.084855 0.077337 0.069866 0.062563 0.055531 0.048858 0.042609 0.036834 0.031562 0.026808 0.022571 0.018837 0.015584 0.012780 0.010389 0.008371 0.006687 0.005295 0.004156 0.003234 0.002494 0.001907 0.001446 0.001086 0.000809 0.000598 0.000438 0.000318 0.000228 0.000163 0.000115 0.000081 0.000056 0.000038 0.000026 0.000017 0.000011 0.000007 0.000003 0.000000 
0.000000 0.000003 0.000006 0.000011 0.000017 0.000025 0.000037 0.000055 0.000079 0.000114 0.000163 0.000230 0.000323 0.000449 0.000618 0.000844 0.001143 0.001534 0.002042 0.002693 0.003521 0.004564 0.005865 0.007471 0.009434 0.011808 0.014652 0.018023 0.021975 0.026559 0.031820 0.037790 0.044487 0.051913 0.060047 0.068848 0.078246 0.088148 0.098432 0.108950 0.119534 0.129995 0.140128 0.149725 0.158573 0.166467 0.173218 0.178657 0.182647 0.185083 0.185903 0.185083 0.182647 0.178657 0.173218 0.166467 0.158573 0.149725 0.140128 0.129995 0.119534 0.108950 0.098432 0.088148 0.078246 0.068848 0.060047 0.051913 0.044487 0.037790 0.031820 0.026559 0.021975 0.018023 0.014652 0.011808 0.009434 0.007471 0.005865 0.004564 0.003521 0.002693 0.002042 0.001534 0.001143 0.000844 0.000618 0.000449 0.000323 0.000230 0.000163 0.000114 0.000079 0.000054 0.000037 0.000025 0.000016 0.000009 0.000004 0.000000 
0.000000 0.000004 0.000009 0.000015 0.000023 0.000035 0.000052 0.000077 0.000111 0.000160 0.000229 0.000323 0.000453 0.000629 0.000866 0.001183 0.001601 0.002148 0.002858 0.003769 0.004928 0.006386 0.008205 0.010450 0.013194 0.016514 0.020488 0.025198 0.030720 0.037126 0.044475 0.052813 0.062167 0.072537 0.083896 0.096185 0.109307 0.123131 0.137487 0.152170 0.166944 0.181545 0.195689 0.209082 0.221430 0.232447 0.241868 0.249459 0.255026 0.258427 0.259570 0.258427 0.255026 0.249459 0.241868 0.232447 0.221430 0.209082 0.195689 0.181545 0.166944 0.152170 0.137487 0.123131 0.109307 0.096185 0.083896 0.072537 0.062167 0.052813 0.044475 0.037126 0.030720 0.025198 0.020488 0.016514 0.013194 0.010450 0.008205 0.006386 0.004928 0.003769 0.002858 0.002148 0.001601 0.001183 0.000866 0.000629 0.000453 0.000323 0.000228 0.000160 0.000111 0.000076 0.000052 0.000034 0.000022 0.000013 0.000006 0.000000 
0.000000 0.000006 0.000012 0.000021 0.000032 0.000049 0.000073 0.000107 0.000155 0.000223 0.000318 0.000449 0.000629 0.000874 0.001203 0.001642 0.002222 0.002982 0.003966 0.005230 0.006837 0.008859 0.011381 0.014493 0.018296 0.022896 0.028404 0.034929 0.042578 0.051451 0.061629 0.073177 0.086129 0.100488 0.116215 0.133227 0.151392 0.170527 0.190398 0.210720 0.231166 0.251371 0.270944 0.289477 0.306564 0.321807 0.334842 0.345345 0.353049 0.357753 0.359335 0.357753 0.353049 0.345345 0.334842 0.321807 0.306564 0.289477 0.270944 0.251371 0.231166 0.210720 0.190398 0.170527 0.151392 0.133227 0.116215 0.100488 0.086129 0.073177 0.061629 0.051451 0.042578 0.034929 0.028404 0.022896 0.018296 0.014493 0.011381 0.008859 0.006837 0.005230 0.003966 0.002982 0.002222 0.001642 0.001203 0.000873 0.000629 0.000449 0.000317 0.000223 0.000155 0.000106 0.000072 0.000048 0.000031 0.000018 0.000008 0.000000 
0.000000 0.000008 0.000017 0.000028 0.000045 0.000067 0.000100 0.000147 0.000213 0.000307 0.000438 0.000618 0.000866 0.001203 0.001656 0.002261 0.003059 0.004104 0.005457 0.007195 0.009404 0.012184 0.015650 0.019927 0.025153 0.031473 0.039039 0.048002 0.058508 0.070693 0.084670 0.100526 0.118308 0.138020 0.159608 0.182958 0.207889 0.234150 0.261418 0.289305 0.317360 0.345083 0.371937 0.397365 0.420806 0.441719 0.459601 0.474009 0.484576 0.491030 0.493200 0.491030 0.484576 0.474009 0.459601 0.441719 0.420806 0.397365 0.371937 0.345083 0.317360 0.289305 0.261418 0.234150 0.207889 0.182958 0.159608 0.138020 0.118308 0.100526 0.084670 0.070693 0.058508 0.048002 0.039039 0.031473 0.025153 0.019927 0.015650 0.012184 0.009404 0.007195 0.005457 0.004104 0.003059 0.002261 0.001656 0.001203 0.000866 0.000618 0.000437 0.000307 0.000213 0.000146 0.000099 0.000066 0.000042 0.000025 0.000012 0.000000 
0.000000 0.000011 0.000023 0.000039 0.000061 0.000092 0.000137 0.000201 0.000292 0.000419 0.000598 0.000844 0.001183 0.001642 0.002261 0.003085 0.004174 0.005598 0.007444 0.009813 0.012824 0.016613 0.021336 0.027164 0.034283 0.042892 0.053197 0.065403 0.079710 0.096300 0.115329 0.136913 0.161119 0.187948 0.217328 0.249105 0.283031 0.318763 0.355864 0.393804 0.431971 0.469686 0.506217 0.540805 0.572690 0.601136 0.625458 0.645055 0.659428 0.668205 0.671157 0.668205 0.659428 0.645055 0.625458 0.601136 0.572690 0.540805 0.506217 0.469686 0.431971 0.393804 0.355864 0.318763 0.283031 0.249105 0.217328 0.187948 0.161119 0.136913 0.115329 0.096300 0.079710 0.065403 0.053197 0.042892 0.034283 0.027164 0.021336 0.016613 0.012824 0.009813 0.007444 0.005598 0.004174 0.003085 0.002261 0.001642 0.001183 0.000844 0.000597 0.000419 0.000291 0.000200 0.000136 0.000090 0.000058 0.000034 0.000016 0.000000 
0.000000 0.000014 0.000031 0.000053 0.000083 0.000125 0.000186 0.000272 0.000395 0.000568 0.000809 0.001143 0.001601 0.002222 0.003059 0.004174 0.005646 0.007572 0.010067 0.013269 0.017338 0.022458 0.028838 0.036710 0.046326 0.057953 0.071867 0.088348 0.107663 0.130059 0.155744 0.184876 0.217542 0.253746 0.293390 0.336265 0.382036 0.430241 0.480289 0.531467 0.582948 0.633817 0.683087 0.729736 0.772737 0.811098 0.843899 0.870326 0.889708 0.901544 0.905525 0.901544 0.889708 0.870326 0.843899 0.811098 0.772737 0.729736 0.683087 0.633817 0.582948 0.531467 0.480289 0.430241 0.382036 0.336265 0.293390 0.253746 0.217542 0.184876 0.155744 0.130059 0.107663 0.088348 0.071867 0.057953 0.046326 0.036710 0.028838 0.022458 0.017338 0.013269 0.010067 0.007572 0.005646 0.004174 0.003059 0.002222 0.001601 0.001143 0.000809 0.000568 0.000394 0.000271 0.000184 0.000122 0.000079 0.000046 0.000022 0.000000 
0.000000 0.000019 0.000042 0.000071 0.000111 0.000168 0.000249 0.000366 0.000530 0.000763 0.001086 0.001534 0.002148 0.002982 0.004104 0.005598 0.007572 0.010153 0.013497 0.017787 0.023238 0.030097 0.038643 0.049186 0.062061 0.077629 0.096257 0.118319 0.144172 0.174145 0.208518 0.247500 0.291208 0.339645 0.392681 0.450035 0.511258 0.575734 0.642672 0.711116 0.779963 0.847988 0.913872 0.976249 1.033747 1.085039 1.128895 1.164229 1.190143 1.205968 1.211290 1.205968 1.190143 1.164229 1.128895 1.085039 1.033747 0.976249 0.913872 0.847988 0.779963 0.711116 0.642672 0.575734 0.511258 0.450035 0.392681 0.339645 0.291208 0.247500 0.208518 0.174145 0.144172 0.118319 0.096257 0.077629 0.062061 0.049186 0.038643 0.030097 0.023238 0.017787 0.013497 0.010153 0.007572 0.005598 0.004104 0.002982 0.002148 0.001534 0.001086 0.000762 0.000530 0.000364 0.000247 0.000164 0.000106 0.000062 0.000029 0.000000 
0.000000 0.000026 0.000055 0.000094 0.000148 0.000224 0.000332 0.000487 0.000706 0.001015 0.001446 0.002042 0.002858 0.003966 0.005457 0.007444 0.010067 0.013497 0.017940 0.023638 0.030878 0.039987 0.051335 0.065333 0.082427 0.103091 0.127816 0.157095 0.191403 0.231174 0.276779 0.328494 0.386475 0.450725 0.521069 0.597135 0.678328 0.763829 0.852589 0.943343 1.034627 1.124816 1.212164 1.294859 1.371083 1.439079 1.497217 1.544055 1.578407 1.599384 1.606439 1.599384 1.578407 1.544055 1.497217 1.439079 1.371083 1.294859 1.212164 1.124816 1.034627 0.943343 0.852589 0.763829 0.678328 0.597135 0.521069 0.450725 0.386475 0.328494 0.276779 0.231174 0.191403 0.157095 0.127816 0.103091 0.082427 0.065333 0.051335 0.039987 0.030878 0.023638 0.017940 0.013497 0.010067 0.007444 0.005457 0.003966 0.002858 0.002041 0.001445 0.001014 0.000705 0.000485 0.000329 0.000219 0.000141 0.000083 0.000039 0.000000 
0.000000 0.000034 0.000073 0.000124 0.000195 0.000295 0.000438 0.000643 0.000932 0.001339 0.001907 0.002693 0.003769 0.005230 0.007195 0.009813 0.013269 0.017787 0.023638 0.031143 0.040677 0.052670 0.067609 0.086035 0.108533 0.135727 0.168263 0.206787 0.251923 0.304242 0.364231 0.432251 0.508506 0.592999 0.685501 0.785520 0.892274 1.004685 1.121376 1.240681 1.360678 1.479230 1.594044 1.702738 1.802924 1.892293 1.968702 2.030261 2.075408 2.102978 2.112249 2.102978 2.075408 2.030261 1.968702 1.892293 1.802924 1.702738 1.594044 1.479230 1.360678 1.240681 1.121376 1.004685 0.892274 0.785520 0.685501 0.592999 0.508506 0.432251 0.364231 0.304242 0.251923 0.206787 0.168263 0.135727 0.108533 0.086035 0.067609 0.052670 0.040677 0.031143 0.023638 0.017787 0.013269 0.009813 0.007195 0.005230 0.003769 0.002692 0.001907 0.001338 0.000930 0.000640 0.000435 0.000289 0.000186 0.000110 0.000051 0.000000 
0.000000 0.000044 0.000096 0.000163 0.000255 0.000386 0.000574 0.000841 0.001219 0.001752 0.002494 0.003521 0.004928 0.006837 0.009404 0.012824 0.017338 0.023238 0.030878 0.040677 0.053123 0.068777 0.088275 0.112319 0.141676 0.177157 0.219602 0.269854 0.328726 0.396962 0.475193 0.563891 0.663319 0.773481 0.894078 1.024464 1.163624 1.310149 1.462245 1.617740 1.774130 1.928632 2.078255 2.219899 2.350452 2.466906 2.566471 2.646684 2.705512 2.741434 2.753514 2.741434 2.705512 2.646684 2.566471 2.466906 2.350452 2.219899 2.078255 1.928632 1.774130 1.617740 1.462245 1.310149 1.163624 1.024464 0.894078 0.773481 0.663319 0.563891 0.475193 0.396962 0.328726 0.269854 0.219602 0.177157 0.141676 0.112319 0.088275 0.068777 0.053123 0.040677 0.030878 0.023238 0.017338 0.012824 0.009404 0.006836 0.004927 0.003521 0.002494 0.001750 0.001217 0.000838 0.000569 0.000379 0.000243 0.000144 0.000067 0.000000 
0.000000 0.000058 0.000124 0.000211 0.000331 0.000501 0.000744 0.001090 0.001581 0.002271 0.003234 0.004564 0.006386 0.008859 0.012184 0.016613 0.022458 0.030097 0.039987 0.052670 0.068777 0.089034 0.114262 0.145369 0.183345 0.229239 0.284135 0.349123 0.425251 0.513480 0.614624 0.729293 0.857824 1.000221 1.156094 1.324611 1.504456 1.693810 1.890353 2.091279 2.293353 2.492979 2.686295 2.869295 3.037962 3.188411 3.317038 3.420663 3.496659 3.543065 3.558671 3.543065 3.496659 3.420663 3.317038 3.188411 3.037962 2.869295 2.686295 2.492979 2.293353 2.091279 1.890353 1.693810 1.504456 1.324611 1.156094 1.000221 0.857824 0.729293 0.614624 0.513480 0.425251 0.349123 0.284135 0.229239 0.183345 0.145369 0.114262 0.089034 0.068777 0.052670 0.039987 0.030097 0.022458 0.016613 0.012184 0.008859 0.006386 0.004564 0.003233 0.002270 0.001579 0.001086 0.000738 0.000491 0.000315 0.000187 0.000087 0.000000 
0.000000 0.000074 0.000160 0.000272 0.000426 0.000645 0.000957 0.001402 0.002033 0.002919 0.004156 0.005865 0.008205 0.011381 0.015650 0.021336 0.028838 0.038643 0.051335 0.067609 0.088275 0.114262 0.146622 0.186520 0.235222 0.294073 0.364462 0.447783 0.545378 0.658477 0.788121 0.935090 1.099814 1.282296 1.482036 1.697964 1.928394 2.170995 2.422793 2.680197 2.939060 3.194776 3.442402 3.676807 3.892846 4.085547 4.250294 4.383015 4.480349 4.539785 4.559772 4.539785 4.480349 4.383015 4.250294 4.085547 3.892846 3.676807 3.442402 3.194776 2.939060 2.680197 2.422793 2.170995 1.928394 1.697964 1.482036 1.282296 1.099814 0.935090 0.788121 0.658477 0.545378 0.447783 0.364462 0.294073 0.235222 0.186520 0.146622 0.114262 0.088275 0.067609 0.051335 0.038643 0.028838 0.021336 0.015650 0.011381 0.008205 0.005864 0.004155 0.002917 0.002029 0.001397 0.000949 0.000632 0.000406 0.000240 0.000111 0.000000 
0.000000 0.000094 0.000204 0.000347 0.000544 0.000822 0.001220 0.001787 0.002590 0.003720 0.005295 0.007471 0.010450 0.014493 0.019927 0.027164 0.036710 0.049186 0.065333 0.086035 0.112319 0.145369 0.186520 0.237251 0.299172 0.373987 0.463464 0.569369 0.693407 0.837137 1.001883 1.188629 1.397922 1.629762 1.883513 2.157813 2.450519 2.758671 3.078489 3.405412 3.734176 4.058931 4.373402 4.671074 4.945416 5.190116 5.399315 5.567845 5.691439 5.766909 5.792288 5.766909 5.691439 5.567845 5.399315 5.190116 4.945416 4.671074 4.373402 4.058931 3.734176 3.405412 3.078489 2.758671 2.450519 2.157813 1.883513 1.629762 1.397922 1.188629 1.001883 0.837137 0.693407 0.569369 0.463464 0.373987 0.299172 0.237251 0.186520 0.145369 0.112319 0.086035 0.065333 0.049185 0.036710 0.027164 0.019927 0.014493 0.010450 0.007470 0.005293 0.003717 0.002586 0.001780 0.001209 0.000805 0.000517 0.000306 0.000142 0.000000 
0.000000 0.000119 0.000258 0.000438 0.000687 0.001039 0.001542 0.002258 0.003272 0.004699 0.006687 0.009434 0.013194 0.018296 0.025153 0.034283 0.046326 0.062061 0.082427 0.108533 0.141676 0.183345 0.235222 0.299172 0.377217 0.471508 0.584266 0.717716 0.874003 1.055089 1.262635 1.497883 1.761514 2.053529 2.373121 2.718576 3.087192 3.475240 3.877960 4.289610 4.703563 5.112453 5.508382 5.883150 6.228538 6.536600 6.799964 7.012127 7.167717 7.262725 7.294674 7.262725 7.167717 7.012127 6.799964 6.536600 6.228538 5.883150 5.508382 5.112453 4.703563 4.289610 3.877960 3.475240 3.087192 2.718576 2.373121 2.053529 1.761514 1.497883 1.262635 1.055089 0.874003 0.717716 0.584266 0.471508 0.377217 0.299172 0.235222 0.183345 0.141676 0.108533 0.082427 0.062061 0.046326 0.034283 0.025153 0.018296 0.013194 0.009432 0.006685 0.004695 0.003267 0.002249 0.001528 0.001018 0.000654 0.000387 0.000180 0.000000 
0.000000 0.000150 0.000324 0.000549 0.000861 0.001302 0.001931 0.002828 0.004098 0.005883 0.008371 0.011808 0.016514 0.022896 0.031473 0.042892 0.057953 0.077629 0.103091 0.135727 0.177157 0.229239 0.294073 0.373987 0.471508 0.589318 0.730189 0.896898 1.092119 1.318301 1.577515 1.871305 2.200522 2.565161 2.964214 3.395536 3.855753 4.340208 4.842958 5.356836 5.873568 6.383964 6.878165 7.345941 7.777035 8.161534 8.490238 8.755034 8.949221 9.067797 9.107671 9.067797 8.949221 8.755034 8.490238 8.161534 7.777035 7.345941 6.878165 6.383964 5.873568 5.356836 4.842958 4.340208 3.855753 3.395536 2.964214 2.565161 2.200522 1.871305 1.577515 1.318301 1.092119 0.896898 0.730189 0.589318 0.471508 0.373987 0.294073 0.229239 0.177157 0.135727 0.103091 0.077629 0.057953 0.042892 0.031473 0.022896 0.016513 0.011807 0.008369 0.005879 0.004091 0.002817 0.001914 0.001275 0.000819 0.000485 0.000225 0.000000 
0.000000 0.000186 0.000402 0.000682 0.001069 0.001617 0.002398 0.003511 0.005087 0.007302 0.010389 0.014652 0.020488 0.028404 0.039039 0.053197 0.071867 0.096257 0.127816 0.168263 0.219602 0.284135 0.364462 0.463464 0.584266 0.730189 0.904661 1.111119 1.352871 1.632940 1.953891 2.317629 2.725204 3.176605 3.670581 4.204474 4.774106 5.373712 5.995935 6.631904 7.271383 7.903001 8.514559 9.093402 9.626842 10.102615 10.509342 10.836986 11.077261 11.223979 11.273316 11.223979 11.077261 10.836986 10.509342 10.102615 9.626842 9.093402 8.514559 7.903001 7.271383 6.631904 5.995935 5.373712 4.774106 4.204474 3.670581 3.176605 2.725204 2.317629 1.953891 1.632940 1.352871 1.111119 0.904661 0.730189 0.584266 0.463464 0.364462 0.284135 0.219602 0.168263 0.127816 0.096257 0.071867 0.053197 0.039039 0.028403 0.020487 0.014650 0.010385 0.007296 0.005078 0.003497 0.002377 0.001583 0.001017 0.000602 0.000279 0.000000 
0.000000 0.000229 0.000495 0.000840 0.001316 0.001990 0.002951 0.004320 0.006259 0.008983 0.012780 0.018023 0.025198 0.034929 0.048002 0.065403 0.088348 0.118319 0.157095 0.206787 0.269854 0.349123 0.447783 0.569369 0.717716 0.896898 1.111119 1.364594 1.661379 2.005181 2.399141 2.845595 3.345824 3.899812 4.506017 5.161177 5.860160 6.595891 7.359343 8.139632 8.924200 9.699100 10.449368 11.159484 11.813885 12.397531 12.896469 13.298391 13.593133 13.773109 13.833629 13.773109 13.593133 13.298391 12.896469 12.397531 11.813885 11.159484 10.449368 9.699100 8.924200 8.139632 7.359343 6.595891 5.860160 5.161177 4.506017 3.899812 3.345824 2.845595 2.399141 2.005181 1.661379 1.364594 1.111119 0.896898 0.717716 0.569369 0.447783 0.349123 0.269854 0.206787 0.157095 0.118319 0.088348 0.065403 0.048001 0.034928 0.025197 0.018020 0.012776 0.008977 0.006249 0.004304 0.002925 0.001949 0.001252 0.000742 0.000344 0.000000 
0.000000 0.000279 0.000604 0.001025 0.001606 0.002428 0.003601 0.005270 0.007634 0.010956 0.015584 0.021975 0.030720 0.042578 0.058508 0.079710 0.107663 0.144172 0.191403 0.251923 0.328726 0.425251 0.545378 0.693407 0.874003 1.092119 1.352871 1.661379 2.022575 2.440966 2.920367 3.463613 4.072259 4.746279 5.483793 6.280827 7.131137 8.026111 8.954772 9.903879 10.858160 11.800652 12.713161 13.576814 14.372690 15.082501 15.689285 16.178075 16.536519 16.755390 16.828990 16.755390 16.536519 16.178075 15.689285 15.082501 14.372690 13.576814 12.713161 11.800652 10.858160 9.903879 8.954772 8.026111 7.131137 6.280827 5.483793 4.746279 4.072259 3.463613 2.920367 2.440966 2.022575 1.661379 1.352871 1.092119 0.874003 0.693407 0.545378 0.425251 0.328726 0.251923 0.191403 0.144172 0.107663 0.079710 0.058508 0.042577 0.030718 0.021972 0.015579 0.010948 0.007622 0.005250 0.003569 0.002378 0.001528 0.000905 0.000420 0.000000 
0.000000 0.000338 0.000731 0.001240 0.001943 0.002937 0.004354 0.006373 0.009230 0.013245 0.018837 0.026559 0.037126 0.051451 0.070693 0.096300 0.130059 0.174145 0.231174 0.304242 0.396962 0.513480 0.658477 0.837137 1.055089 1.318301 1.632940 2.005181 2.440966 2.945725 3.524053 4.179364 4.913527 5.726503 6.616020 7.577281 8.602750 9.682043 10.801917 11.946408 13.097102 14.233549 15.333814 16.375146 17.334738 18.190547 18.922127 19.511439 19.943594 20.207474 20.296208 20.207474 19.943594 19.511439 18.922127 18.190547 17.334738 16.375146 15.333814 14.233549 13.097102 11.946408 10.801917 9.682043 8.602750 7.577281 6.616020 5.726503 4.913527 4.179364 3.524053 2.945725 2.440966 2.005181 1.632940 1.318301 1.055089 0.837137 0.658477 0.513480 0.396962 0.304242 0.231174 0.174145 0.130058 0.096300 0.070692 0.051449 0.037123 0.026556 0.018831 0.013235 0.009215 0.006348 0.004316 0.002876 0.001848 0.001095 0.000508 0.000000 
0.000000 0.000405 0.000876 0.001487 0.002329 0.003521 0.005220 0.007638 0.011062 0.015872 0.022571 0.031820 0.044475 0.061629 0.084670 0.115329 0.155744 0.208518 0.276779 0.364231 0.475193 0.614624 0.788121 1.001883 1.262635 1.577515 1.953891 2.399141 2.920367 3.524053 4.215689 4.999347 5.877254 6.849360 7.912938 9.062249 10.288280 11.578611 12.917411 14.285596 15.661155 17.019646 18.334854 19.579588 20.726595 21.749532 22.623968 23.328348 23.844880 24.160280 24.266338 24.160280 23.844880 23.328348 22.623968 21.749532 20.726595 19.579588 18.334854 17.019646 15.661155 14.285596 12.917411 11.578611 10.288280 9.062249 7.912938 6.849360 5.877254 4.999347 4.215689 3.524053 2.920367 2.399141 1.953891 1.577515 1.262635 1.001883 0.788121 0.614624 0.475193 0.364231 0.276779 0.208518 0.155744 0.115329 0.084669 0.061628 0.044472 0.031816 0.022564 0.015860 0.011044 0.007609 0.005173 0.003448 0.002216 0.001313 0.000609 0.000000 
0.000000 0.000482 0.001042 0.001768 0.002768 0.004184 0.006202 0.009075 0.013141 0.018853 0.026808 0.037790 0.052813 0.073177 0.100526 0.136913 0.184876 0.247500 0.328494 0.432251 0.563891 0.729293 0.935090 1.188629 1.497883 1.871305 2.317629 2.845595 3.463613 4.179364 4.999347 5.928381 6.969096 8.121426 9.382132 10.744402 12.197553 13.726860 15.313559 16.935034 18.565202 20.175100 21.733669 23.208693 24.567885 25.780036 26.816204 27.650855 28.262912 28.636638 28.762309 28.636638 28.262912 27.650855 26.816204 25.780036 24.567885 23.208693 21.733669 20.175100 18.565202 16.935034 15.313559 13.726860 12.197553 10.744402 9.382132 8.121426 6.969096 5.928381 4.999347 4.179364 3.463613 2.845595 2.317629 1.871305 1.497883 1.188629 0.935090 0.729293 0.563891 0.432251 0.328494 0.247500 0.184875 0.136913 0.100525 0.073175 0.052810 0.037785 0.026800 0.018839 0.013120 0.009040 0.006147 0.004098 0.002634 0.001560 0.000724 0.000000 
0.000000 0.000568 0.001227 0.002083 0.003261 0.004928 0.007305 0.010688 0.015475 0.022198 0.031562 0.044487 0.062167 0.086129 0.118308 0.161119 0.217542 0.291208 0.386475 0.508506 0.663319 0.857824 1.099814 1.397922 1.761514 2.200522 2.725204 3.345824 4.072259 4.913527 5.877254 6.969096 8.192135 9.546281 11.027723 12.628449 14.335901 16.132773 17.997020 19.902070 21.817281 23.708631 25.539637 27.272462 28.869182 30.293143 31.510355 32.490831 33.209817 33.648832 33.796458 33.648832 33.209817 32.490831 31.510355 30.293143 28.869182 27.272462 25.539637 23.708631 21.817281 19.902070 17.997020 16.132773 14.335901 12.628449 11.027723 9.546281 8.192135 6.969096 5.877254 4.913527 4.072259 3.345824 2.725204 2.200522 1.761514 1.397922 1.099814 0.857824 0.663319 0.508506 0.386475 0.291207 0.217542 0.161118 0.118307 0.086127 0.062163 0.044481 0.031552 0.022182 0.015449 0.010647 0.007240 0.004826 0.003103 0.001838 0.000853 0.000000 
0.000000 0.000663 0.001433 0.002432 0.003808 0.005754 0.008528 0.012476 0.018063 0.025908 0.036834 0.051913 0.072537 0.100488 0.138020 0.187948 0.253746 0.339645 0.450725 0.592999 0.773481 1.000221 1.282296 1.629762 2.053529 2.565161 3.176605 3.899812 4.746279 5.726503 6.849360 8.121426 9.546281 11.123813 12.849570 14.714216 16.703113 18.796103 20.967504 23.186369 25.417012 27.619813 29.752288 31.770380 33.629929 35.288260 36.705796 37.847624 38.684924 39.196180 39.368098 39.196180 38.684924 37.847624 36.705796 35.288260 33.629929 31.770380 29.752288 27.619813 25.417012 23.186369 20.967504 18.796103 16.703113 14.714216 12.849570 11.123813 9.546281 8.121426 6.849360 5.726503 4.746279 3.899812 3.176605 2.565161 2.053529 1.629762 1.282296 1.000221 0.773481 0.592999 0.450724 0.339645 0.253745 0.187947 0.138018 0.100486 0.072533 0.051906 0.036822 0.025890 0.018033 0.012428 0.008452 0.005635 0.003623 0.002146 0.000996 0.000000 
0.000000 0.000767 0.001659 0.002815 0.004407 0.006660 0.009869 0.014436 0.020899 0.029973 0.042609 0.060047 0.083896 0.116215 0.159608 0.217328 0.293390 0.392681 0.521069 0.685501 0.894078 1.156094 1.482036 1.883513 2.373121 2.964214 3.670581 4.506017 5.483793 6.616020 7.912938 9.382132 11.027723 12.849570 14.842526 16.995797 19.292478 21.709286 24.216565 26.778582 29.354135 31.897487 34.359591 36.689590 38.836510 40.751091 42.387650 43.705890 44.672547 45.262785 45.461262 45.262785 44.672547 43.705890 42.387650 40.751091 38.836510 36.689590 34.359591 31.897487 29.354135 26.778582 24.216565 21.709286 19.292478 16.995797 14.842526 12.849570 11.027723 9.382132 7.912938 6.616020 5.483793 4.506017 3.670581 2.964214 2.373121 1.883513 1.482036 1.156094 0.894078 0.685501 0.521069 0.392681 0.293390 0.217327 0.159606 0.116212 0.083891 0.060039 0.042596 0.029952 0.020864 0.014381 0.009781 0.006522 0.004193 0.002484 0.001153 0.000000 
0.000000 0.000880 0.001904 0.003230 0.005056 0.007639 0.011320 0.016558 0.023968 0.034372 0.048858 0.068848 0.096185 0.133227 0.182958 0.249105 0.336265 0.450035 0.597135 0.785520 1.024464 1.324611 1.697964 2.157813 2.718576 3.395536 4.204474 5.161177 6.280827 7.577281 9.062249 10.744402 12.628449 14.714216 16.995797 19.460831 22.089957 24.856518 27.726566 30.659199 33.607260 36.518402 39.336495 42.003337 44.460599 46.651908 48.524992 50.033739 51.140087 51.815618 52.042774 51.815618 51.140087 50.033739 48.524992 46.651908 44.460599 42.003337 39.336495 36.518402 33.607260 30.659199 27.726566 24.856518 22.089957 19.460831 16.995797 14.714216 12.628449 10.744402 9.062249 7.577281 6.280827 5.161177 4.204474 3.395536 2.718576 2.157813 1.697964 1.324611 1.024464 0.785519 0.597134 0.450034 0.336264 0.249104 0.182956 0.133224 0.096179 0.068838 0.048842 0.034347 0.023928 0.016494 0.011219 0.007481 0.004810 0.002850 0.001323 0.000000 
0.000000 0.001001 0.002165 0.003673 0.005750 0.008686 0.012871 0.018824 0.027246 0.039070 0.055531 0.078246 0.109307 0.151392 0.207889 0.283031 0.382036 0.511258 0.678328 0.892274 1.163624 1.504456 1.928394 2.450519 3.087192 3.855753 4.774106 5.860160 7.131137 8.602750 10.288280 12.197553 14.335901 16.703113 19.292478 22.089957 25.073570 28.213065 31.469916 34.797710 38.142939 41.446211 44.643846 47.669812 50.457937 52.944272 55.069517 56.781363 58.036634 58.803093 59.060825 58.803093 58.036634 56.781363 55.069517 52.944272 50.457937 47.669812 44.643846 41.446211 38.142939 34.797710 31.469916 28.213065 25.073570 22.089957 19.292478 16.703113 14.335901 12.197553 10.288280 8.602750 7.131137 5.860160 4.774106 3.855753 3.087192 2.450519 1.928394 1.504456 1.163624 0.892274 0.678328 0.511258 0.382035 0.283029 0.207887 0.151388 0.109301 0.078236 0.055514 0.039042 0.027200 0.018751 0.012756 0.008506 0.005469 0.003241 0.001504 0.000000 
0.000000 0.001129 0.002440 0.004140 0.006481 0.009790 0.014505 0.021212 0.030700 0.044020 0.062563 0.088148 0.123131 0.170527 0.234150 0.318763 0.430241 0.575734 0.763829 1.004685 1.310149 1.693810 2.170995 2.758671 3.475240 4.340208 5.373712 6.595891 8.026111 9.682043 11.578611 13.726860 16.132773 18.796103 21.709286 24.856518 28.213065 31.744890 35.408651 39.152137 42.915162 46.630923 50.227797 53.631521 56.767671 59.564331 61.954810 63.880285 65.292198 66.154299 66.444191 66.154299 65.292198 63.880285 61.954810 59.564331 56.767671 53.631521 50.227797 46.630923 42.915162 39.152137 35.408651 31.744890 28.213065 24.856518 21.709286 18.796103 16.132773 13.726860 11.578611 9.682043 8.026111 6.595891 5.373712 4.340208 3.475240 2.758671 2.170995 1.693810 1.310149 1.004685 0.763828 0.575734 0.430240 0.318761 0.234147 0.170523 0.123124 0.088136 0.062544 0.043989 0.030649 0.021130 0.014375 0.009587 0.006165 0.003653 0.001695 0.000000 
0.000000 0.001261 0.002727 0.004626 0.007240 0.010936 0.016202 0.023693 0.034288 0.049162 0.069866 0.098432 0.137487 0.190398 0.261418 0.355864 0.480289 0.642672 0.852589 1.121376 1.462245 1.890353 2.422793 3.078489 3.877960 4.842958 5.995935 7.359343 8.954772 10.801917 12.917411 15.313559 17.997020 20.967504 24.216565 27.726566 31.469916 35.408651 39.494433 43.669041 47.865361 52.008906 56.019817 59.815293 63.312359 66.430834 69.096366 71.243375 72.817727 73.779009 74.102251 73.779009 72.817727 71.243375 69.096366 66.430834 63.312359 59.815293 56.019817 52.008906 47.865361 43.669041 39.494433 35.408651 31.469916 27.726566 24.216565 20.967504 17.997020 15.313559 12.917411 10.801917 8.954772 7.359343 5.995935 4.842958 3.877960 3.078489 2.422793 1.890352 1.462244 1.121376 0.852589 0.642671 0.480288 0.355862 0.261415 0.190393 0.137479 0.098418 0.069845 0.049127 0.034231 0.023601 0.016057 0.010709 0.006887 0.004081 0.001894 0.000000 
0.000000 0.001397 0.003020 0.005122 0.008017 0.012110 0.017939 0.026231 0.037960 0.054423 0.077337 0.108950 0.152170 0.210720 0.289305 0.393804 0.531467 0.711116 0.943343 1.240681 1.617740 2.091279 2.680197 3.405412 4.289610 5.356836 6.631904 8.139632 9.903879 11.946408 14.285596 16.935034 19.902070 23.186369 26.778582 30.659199 34.797710 39.152137 43.669041 48.284058 52.923000 57.503531 61.937378 66.133022 69.998752 73.445948 76.392434 78.765728 80.506002 81.568590 81.925898 81.568590 80.506002 78.765728 76.392434 73.445948 69.998752 66.133022 61.937378 57.503531 52.923000 48.284058 43.669041 39.152137 34.797710 30.659199 26.778582 23.186369 19.902070 16.935034 14.285596 11.946408 9.903879 8.139632 6.631904 5.356836 4.289610 3.405412 2.680197 2.091279 1.617740 1.240681 0.943342 0.711115 0.531465 0.393802 0.289301 0.210714 0.152161 0.108935 0.077313 0.054383 0.037896 0.026130 0.017779 0.011858 0.007626 0.004519 0.002098 0.000000 
0.000000 0.001533 0.003315 0.005622 0.008800 0.013290 0.019687 0.028786 0.041654 0.059716 0.084855 0.119534 0.166944 0.231166 0.317360 0.431971 0.582948 0.779963 1.034627 1.360678 1.774130 2.293353 2.939060 3.734176 4.703563 5.873568 7.271383 8.924200 10.858160 13.097102 15.661155 18.565202 21.817281 25.417012 29.354135 33.607260 38.142939 42.915162 47.865361 52.923000 58.006781 63.026478 67.885368 72.483168 76.719390 80.496933 83.725761 86.326457 88.233471 89.397865 89.789406 89.397865 88.233471 86.326457 83.725761 80.496933 76.719390 72.483168 67.885368 63.026478 58.006781 52.923000 47.865361 42.915162 38.142939 33.607260 29.354135 25.417012 21.817281 18.565202 15.661155 13.097102 10.858160 8.924200 7.271383 5.873568 4.703563 3.734176 2.939060 2.293353 1.774130 1.360678 1.034627 0.779963 0.582947 0.431969 0.317356 0.231160 0.166934 0.119518 0.084828 0.059673 0.041584 0.028675 0.019511 0.013014 0.008370 0.004960 0.002302 0.000000 
0.000000 0.001668 0.003606 0.006117 0.009573 0.014458 0.021416 0.031311 0.045306 0.064948 0.092285 0.129995 0.181545 0.251371 0.345083 0.469686 0.633817 0.847988 1.124816 1.479230 1.928632 2.492979 3.194776 4.058931 5.112453 6.383964 7.903001 9.699100 11.800652 14.233549 17.019646 20.175100 23.708631 27.619813 31.897487 36.518402 41.446211 46.630923 52.008906 57.503531 63.026478 68.479738 73.758239 78.753054 83.355028 87.458690 90.966243 93.791427 95.863043 97.127938 97.553273 97.127938 95.863043 93.791427 90.966243 87.458690 83.355028 78.753054 73.758239 68.479738 63.026478 57.503531 52.008906 46.630923 41.446211 36.518402 31.897487 27.619813 23.708631 20.175100 17.019646 14.233549 11.800652 9.699100 7.903001 6.383964 5.112453 4.058931 3.194776 2.492979 1.928632 1.479230 1.124816 0.847987 0.633816 0.469684 0.345079 0.251365 0.181534 0.129977 0.092256 0.064901 0.045230 0.031190 0.021224 0.014157 0.009106 0.005396 0.002505 0.000000 
0.000000 0.001799 0.003889 0.006596 0.010323 0.015589 0.023090 0.033758 0.048845 0.070018 0.099483 0.140128 0.195689 0.270944 0.371937 0.506217 0.683087 0.913872 1.212164 1.594044 2.078255 2.686295 3.442402 4.373402 5.508382 6.878165 8.514559 10.449368 12.713161 15.333814 18.334854 21.733669 25.539637 29.752288 34.359591 39.336495 44.643846 50.227797 56.019817 61.937378 67.885368 73.758239 79.442848 84.821896 89.777843 94.197120 97.974419 101.016858 103.247774 104.609931 105.067970 104.609931 103.247774 101.016858 97.974419 94.197120 89.777843 84.821896 79.442848 73.758239 67.885368 61.937378 56.019817 50.227797 44.643846 39.336495 34.359591 29.752288 25.539637 21.733669 18.334854 15.333814 12.713161 10.449368 8.514559 6.878165 5.508382 4.373402 3.442402 2.686295 2.078255 1.594044 1.212163 0.913871 0.683085 0.506214 0.371933 0.270937 0.195677 0.140109 0.099452 0.069967 0.048763 0.033628 0.022884 0.015265 0.009818 0.005819 0.002701 0.000000 
