0.000000 0.000000 0.000000 0.000000 0.000000 0.000000 0.000000 0.000000 0.000000 0.000000 0.000000 0.000000 0.000000 0.000000 0.000000 0.000000 0.000000 0.000000 0.000000 0.000000 0.000000 0.000000 0.000000 0.000000 0.000000 0.000000 0.000000 0.000000 0.000000 0.000000 0.000000 0.000000 0.000000 0.000000 0.000000 0.000000 0.000000 0.000000 0.000000 0.000000 0.000000 0.000000 0.000000 0.000000 0.000000 0.000000 0.000000 0.000000 0.000000 0.000000 0.000000 0.000000 0.000000 0.000000 0.000000 0.000000 0.000000 0.000000 0.000000 0.000000 0.000000 0.000000 0.000000 0.000000 0.000000 0.000000 0.000000 0.000000 0.000000 0.000000 0.000000 0.000000 0.000000 0.000000 0.000000 0.000000 0.000000 0.000000 0.000000 0.000000 0.000000 0.000000 0.000000 0.000000 0.000000 0.000000 0.000000 0.000000 0.000000 0.000000 0.000000 0.000000 0.000000 0.000000 0.000000 0.000000 0.000000 0.000000 0.000000 0.000000 
0.000000 0.000000 0.000000 0.000000 0.000000 0.000000 0.000000 0.000000 0.000000 0.000000 0.000000 0.000000 0.000000 0.000000 0.000000 0.000000 0.000000 0.000000 0.000000 0.000000 0.000000 0.000000 0.000001 0.000001 0.000001 0.000002 0.000002 0.000003 0.000004 0.000005 0.000007 0.000008 0.000011 0.000013 0.000016 0.000020 0.000024 0.000028 0.000033 0.000038 0.000043 0.000048 0.000054 0.000059 0.000064 0.000069 0.000073 0.000076 0.000078 0.000080 0.000080 0.000080 0.000078 0.000076 0.000073 0.000069 0.000064 0.000059 0.000054 0.000048 0.000043 0.000038 0.000033 0.000028 0.000024 0.000020 0.000016 0.000013 0.000011 0.000008 0.000007 0.000005 0.000004 0.000003 0.000002 0.000002 0.000001 0.000001 0.000001 0.000000 0.000000 0.000000 0.000000 0.000000 0.000000 0.000000 0.000000 0.000000 0.000000 0.000000 0.000000 0.000000 0.000000 0.000000 0.000000 0.000000 0.000000 0.000000 0.000000 0.000000 
0.000000 0.000000 0.000000 0.000000 0.000000 0.000000 0.000000 0.000000 0.000000 0.000000 0.000000 0.000000 0.000000 0.000000 0.000000 0.000000 0.000000 0.000000 0.000000 0.000000 0.000001 0.000001 0.000001 0.000002 0.000003 0.000004 0.000005 0.000007 0.000009 0.000012 0.000015 0.000020 0.000025 0.000031 0.000038 0.000046 0.000055 0.000065 0.000076 0.000088 0.000100 0.000112 0.000125 0.000137 0.000149 0.000159 0.000168 0.000176 0.000181 0.000185 0.000186 0.000185 0.000181 0.000176 0.000168 0.000159 0.000149 0.000137 0.000125 0.000112 0.000100 0.000088 0.000076 0.000065 0.000055 0.000046 0.000038 0.000031 0.000025 0.000020 0.000015 0.000012 0.000009 0.000007 0.000005 0.000004 0.000003 0.000002 0.000001 0.000001 0.000001 0.000000 0.000000 0.000000 0.000000 0.000000 0.000000 0.000000 0.000000 0.000000 0.000000 0.000000 0.000000 0.000000 0.000000 0.000000 0.000000 0.000000 0.000000 0.000000 
0.000000 0.000000 0.000000 0.000000 0.000000 0.000000 0.000000 0.000000 0.000000 0.000000 0.000000 0.000000 0.000000 0.000000 0.000000 0.000000 0.000000 0.000000 0.000001 0.000001 0.000001 0.000002 0.000003 0.000004 0.000005 0.000007 0.000010 0.000013 0.000017 0.000023 0.000029 0.000037 0.000047 0.000058 0.000071 0.000086 0.000103 0.000122 0.000143 0.000165 0.000188 0.000211 0.000235 0.000258 0.000279 0.000299 0.000316 0.000330 0.000341 0.000347 0.000349 0.000347 0.000341 0.000330 0.000316 0.000299 0.000279 0.000258 0.000235 0.000211 0.000188 0.000165 0.000143 0.000122 0.000103 0.000086 0.000071 0.000058 0.000047 0.000037 0.000029 0.000023 0.000017 0.000013 0.000010 0.000007 0.000005 0.000004 0.000003 0.000002 0.000001 0.000001 0.000001 0.000000 0.000000 0.000000 0.000000 0.000000 0.000000 0.000000 0.000000 0.000000 0.000000 0.000000 0.000000 0.000000 0.000000 0.000000 0.000000 0.000000 
0.000000 0.000000 0.000000 0.000000 0.000000 0.000000 0.000000 0.000000 0.000000 0.000000 0.000000 0.000000 0.000000 0.000000 0.000000 0.000000 0.000000 0.000001 0.000001 0.000002 0.000002 0.000003 0.000005 0.000007 0.000009 0.000013 0.000017 0.000023 0.000031 0.000040 0.000052 0.000066 0.000083 0.000103 0.000126 0.000153 0.000183 0.000216 0.000253 0.000292 0.000332 0.000374 0.000415 0.000456 0.000494 0.000529 0.000560 0.000585 0.000603 0.000614 0.000618 0.000614 0.000603 0.000585 0.000560 0.000529 0.000494 0.000456 0.000415 0.000374 0.000332 0.000292 0.000253 0.000216 0.000183 0.000153 0.000126 0.000103 0.000083 0.000066 0.000052 0.000040 0.000031 0.000023 0.000017 0.000013 0.000009 0.000007 0.000005 0.000003 0.000002 0.000002 0.000001 0.000001 0.000000 0.000000 0.000000 0.000000 0.000000 0.000000 0.000000 0.000000 0.000000 0.000000 0.000000 0.000000 0.000000 0.000000 0.000000 0.000000 
0.000000 0.000000 0.000000 0.000000 0.000000 0.000000 0.000000 0.000000 0.000000 0.000000 0.000000 0.000000 0.000000 0.000000 0.000000 0.000001 0.000001 0.000001 0.000002 0.000003 0.000004 0.000006 0.000008 0.000012 0.000016 0.000022 0.000030 0.000040 0.000053 0.000069 0.000089 0.000114 0.000143 0.000178 0.000218 0.000264 0.000316 0.000374 0.000436 0.000503 0.000573 0.000645 0.000717 0.000786 0.000852 0.000913 0.000965 0.001008 0.001040 0.001059 0.001066 0.001059 0.001040 0.001008 0.000965 0.000913 0.000852 0.000786 0.000717 0.000645 0.000573 0.000503 0.000436 0.000374 0.000316 0.000264 0.000218 0.000178 0.000143 0.000114 0.000089 0.000069 0.000053 0.000040 0.000030 0.000022 0.000016 0.000012 0.000008 0.000006 0.000004 0.000003 0.000002 0.000001 0.000001 0.000001 0.000000 0.000000 0.000000 0.000000 0.000000 0.000000 0.000000 0.000000 0.000000 0.000000 0.000000 0.000000 0.000000 0.000000 
0.000000 0.000000 0.000000 0.000000 0.000000 0.000000 0.000000 0.000000 0.000000 0.000000 0.000000 0.000000 0.000000 0.000000 0.000001 0.000001 0.000001 0.000002 0.000003 0.000005 0.000007 0.000010 0.000014 0.000020 0.000028 0.000038 0.000051 0.000069 0.000091 0.000118 0.000152 0.000194 0.000243 0.000302 0.000371 0.000449 0.000537 0.000635 0.000741 0.000855 0.000974 0.001095 0.001217 0.001335 0.001447 0.001549 0.001638 0.001711 0.001765 0.001798 0.001809 0.001798 0.001765 0.001711 0.001638 0.001549 0.001447 0.001335 0.001217 0.001095 0.000974 0.000855 0.000741 0.000635 0.000537 0.000449 0.000371 0.000302 0.000243 0.000194 0.000152 0.000118 0.000091 0.000069 0.000051 0.000038 0.000028 0.000020 0.000014 0.000010 0.000007 0.000005 0.000003 0.000002 0.000001 0.000001 0.000001 0.000000 0.000000 0.000000 0.000000 0.000000 0.000000 0.000000 0.000000 0.000000 0.000000 0.000000 0.000000 0.000000 
0.000000 0.000000 0.000000 0.000000 0.000000 0.000000 0.000000 0.000000 0.000000 0.000000 0.000000 0.000000 0.000000 0.000001 0.000001 0.000002 0.000002 0.000004 0.000006 0.000008 0.000012 0.000017 0.000024 0.000034 0.000047 0.000064 0.000087 0.000116 0.000152 0.000199 0.000256 0.000326 0.000409 0.000508 0.000622 0.000754 0.000902 0.001066 0.001244 0.001434 0.001633 0.001836 0.002040 0.002238 0.002426 0.002597 0.002746 0.002867 0.002957 0.003013 0.003032 0.003013 0.002957 0.002867 0.002746 0.002597 0.002426 0.002238 0.002040 0.001836 0.001633 0.001434 0.001244 0.001066 0.000902 0.000754 0.000622 0.000508 0.000409 0.000326 0.000256 0.000199 0.000152 0.000116 0.000087 0.000064 0.000047 0.000034 0.000024 0.000017 0.000012 0.000008 0.000006 0.000004 0.000002 0.000002 0.000001 0.000001 0.000000 0.000000 0.000000 0.000000 0.000000 0.000000 0.000000 0.000000 0.000000 0.000000 0.000000 0.000000 
0.000000 0.000000 0.000000 0.000000 0.000000 0.000000 0.000000 0.000000 0.000000 0.000000 0.000000 0.000000 0.000001 0.000001 0.000002 0.000003 0.000004 0.000006 0.000009 0.000014 0.000020 0.000028 0.000040 0.000056 0.000078 0.000106 0.000144 0.000192 0.000253 0.000330 0.000425 0.000540 0.000679 0.000842 0.001033 0.001250 0.001495 0.001767 0.002061 0.002376 0.002705 0.003042 0.003379 0.003708 0.004018 0.004301 0.004547 0.004748 0.004897 0.004989 0.005020 0.004989 0.004897 0.004748 0.004547 0.004301 0.004018 0.003708 0.003379 0.003042 0.002705 0.002376 0.002061 0.001767 0.001495 0.001250 0.001033 0.000842 0.000679 0.000540 0.000425 0.000330 0.000253 0.000192 0.000144 0.000106 0.000078 0.000056 0.000040 0.000028 0.000020 0.000014 0.000009 0.000006 0.000004 0.000003 0.000002 0.000001 0.000001 0.000000 0.000000 0.000000 0.000000 0.000000 0.000000 0.000000 0.000000 0.000000 0.000000 0.000000 
0.000000 0.000000 0.000000 0.000000 0.000000 0.000000 0.000000 0.000000 0.000000 0.000000 0.000000 0.000001 0.000001 0.000002 0.000003 0.000004 0.000007 0.000010 0.000015 0.000022 0.000032 0.000047 0.000066 0.000092 0.000128 0.000175 0.000236 0.000316 0.000416 0.000542 0.000698 0.000887 0.001114 0.001382 0.001693 0.002050 0.002451 0.002895 0.003378 0.003893 0.004431 0.004983 0.005534 0.006071 0.006578 0.007041 0.007443 0.007772 0.008016 0.008166 0.008216 0.008166 0.008016 0.007772 0.007443 0.007041 0.006578 0.006071 0.005534 0.004983 0.004431 0.003893 0.003378 0.002895 0.002451 0.002050 0.001693 0.001382 0.001114 0.000887 0.000698 0.000542 0.000416 0.000316 0.000236 0.000175 0.000128 0.000092 0.000066 0.000047 0.000032 0.000022 0.000015 0.000010 0.000007 0.000004 0.000003 0.000002 0.000001 0.000001 0.000000 0.000000 0.000000 0.000000 0.000000 0.000000 0.000000 0.000000 0.000000 0.000000 
0.000000 0.000000 0.000000 0.000000 0.000000 0.000000 0.000000 0.000000 0.000000 0.000000 0.000001 0.000001 0.000002 0.000003 0.000005 0.000007 0.000011 0.000017 0.000025 0.000036 0.000053 0.000076 0.000107 0.000150 0.000208 0.000284 0.000384 0.000512 0.000676 0.000880 0.001132 0.001439 0.001806 0.002240 0.002744 0.003321 0.003971 0.004689 0.005470 0.006303 0.007174 0.008066 0.008957 0.009826 0.010646 0.011394 0.012044 0.012576 0.012970 0.013212 0.013294 0.013212 0.012970 0.012576 0.012044 0.011394 0.010646 0.009826 0.008957 0.008066 0.007174 0.006303 0.005470 0.004689 0.003971 0.003321 0.002744 0.002240 0.001806 0.001439 0.001132 0.000880 0.000676 0.000512 0.000384 0.000284 0.000208 0.000150 0.000107 0.000076 0.000053 0.000036 0.000025 0.000017 0.000011 0.000007 0.000005 0.000003 0.000002 0.000001 0.000001 0.000000 0.000000 0.000000 0.000000 0.000000 0.000000 0.000000 0.000000 0.000000 
0.000000 0.000000 0.000000 0.000000 0.000000 0.000000 0.000000 0.000000 0.000000 0.000001 0.000001 0.000002 0.000003 0.000005 0.000008 0.000012 0.000018 0.000027 0.000040 0.000058 0.000085 0.000122 0.000173 0.000242 0.000334 0.000457 0.000617 0.000823 0.001084 0.001411 0.001815 0.002306 0.002895 0.003590 0.004397 0.005320 0.006359 0.007509 0.008757 0.010089 0.011482 0.012907 0.014332 0.015720 0.017031 0.018225 0.019265 0.020114 0.020744 0.021131 0.021261 0.021131 0.020744 0.020114 0.019265 0.018225 0.017031 0.015720 0.014332 0.012907 0.011482 0.010089 0.008757 0.007509 0.006359 0.005320 0.004397 0.003590 0.002895 0.002306 0.001815 0.001411 0.001084 0.000823 0.000617 0.000457 0.000334 0.000242 0.000173 0.000122 0.000085 0.000058 0.000040 0.000027 0.000018 0.000012 0.000008 0.000005 0.000003 0.000002 0.000001 0.000001 0.000000 0.000000 0.000000 0.000000 0.000000 0.000000 0.000000 0.000000 
0.000000 0.000000 0.000000 0.000000 0.000000 0.000000 0.000000 0.000000 0.000001 0.000001 0.000002 0.000003 0.000005 0.000008 0.000012 0.000019 0.000028 0.000043 0.000063 0.000093 0.000135 0.000194 0.000274 0.000384 0.000531 0.000725 0.000979 0.001305 0.001719 0.002238 0.002877 0.003655 0.004587 0.005686 0.006963 0.008424 0.010067 0.011884 0.013858 0.015964 0.018165 0.020417 0.022668 0.024860 0.026931 0.028818 0.030460 0.031801 0.032795 0.033407 0.033613 0.033407 0.032795 0.031801 0.030460 0.028818 0.026931 0.024860 0.022668 0.020417 0.018165 0.015964 0.013858 0.011884 0.010067 0.008424 0.006963 0.005686 0.004587 0.003655 0.002877 0.002238 0.001719 0.001305 0.000979 0.000725 0.000531 0.000384 0.000274 0.000194 0.000135 0.000093 0.000063 0.000043 0.000028 0.000019 0.000012 0.000008 0.000005 0.000003 0.000002 0.000001 0.000001 0.000000 0.000000 0.000000 0.000000 0.000000 0.000000 0.000000 
0.000000 0.000000 0.000000 0.000000 0.000000 0.000000 0.000000 0.000001 0.000001 0.000002 0.000003 0.000005 0.000008 0.000012 0.000019 0.000029 0.000045 0.000067 0.000100 0.000146 0.000212 0.000304 0.000431 0.000603 0.000833 0.001137 0.001535 0.002046 0.002695 0.003507 0.004508 0.005725 0.007182 0.008902 0.010899 0.013183 0.015751 0.018591 0.021677 0.024966 0.028405 0.031923 0.035439 0.038862 0.042096 0.045041 0.047605 0.049699 0.051251 0.052205 0.052527 0.052205 0.051251 0.049699 0.047605 0.045041 0.042096 0.038862 0.035439 0.031923 0.028405 0.024966 0.021677 0.018591 0.015751 0.013183 0.010899 0.008902 0.007182 0.005725 0.004508 0.003507 0.002695 0.002046 0.001535 0.001137 0.000833 0.000603 0.000431 0.000304 0.000212 0.000146 0.000100 0.000067 0.000045 0.000029 0.000019 0.000012 0.000008 0.000005 0.000003 0.000002 0.000001 0.000001 0.000000 0.000000 0.000000 0.000000 0.000000 0.000000 
0.000000 0.000000 0.000000 0.000000 0.000000 0.000000 0.000001 0.000001 0.000002 0.000003 0.000005 0.000008 0.000012 0.000019 0.000030 0.000046 0.000069 0.000104 0.000155 0.000227 0.000330 0.000472 0.000668 0.000935 0.001292 0.001764 0.002379 0.003171 0.004176 0.005432 0.006981 0.008863 0.011117 0.013776 0.016863 0.020392 0.024361 0.028748 0.033514 0.038594 0.043903 0.049335 0.054763 0.060047 0.065038 0.069585 0.073540 0.076772 0.079167 0.080640 0.081137 0.080640 0.079167 0.076772 0.073540 0.069585 0.065038 0.060047 0.054763 0.049335 0.043903 0.038594 0.033514 0.028748 0.024361 0.020392 0.016863 0.013776 0.011117 0.008863 0.006981 0.005432 0.004176 0.003171 0.002379 0.001764 0.001292 0.000935 0.000668 0.000472 0.000330 0.000227 0.000155 0.000104 0.000069 0.000046 0.000030 0.000019 0.000012 0.000008 0.000005 0.000003 0.000002 0.000001 0.000001 0.000000 0.000000 0.000000 0.000000 0.000000 
0.000000 0.000000 0.000000 0.000000 0.000000 0.000001 0.000001 0.000002 0.000003 0.000004 0.000007 0.000012 0.000019 0.000029 0.000046 0.000070 0.000107 0.000160 0.000238 0.000349 0.000506 0.000725 0.001026 0.001434 0.001981 0.002703 0.003646 0.004857 0.006394 0.008316 0.010684 0.013562 0.017007 0.021070 0.025787 0.031177 0.037238 0.043938 0.051213 0.058968 0.067072 0.075361 0.083644 0.091707 0.099322 0.106257 0.112292 0.117221 0.120875 0.123121 0.123879 0.123121 0.120875 0.117221 0.112292 0.106257 0.099322 0.091707 0.083644 0.075361 0.067072 0.058968 0.051213 0.043938 0.037238 0.031177 0.025787 0.021070 0.017007 0.013562 0.010684 0.008316 0.006394 0.004857 0.003646 0.002703 0.001981 0.001434 0.001026 0.000725 0.000506 0.000349 0.000238 0.000160 0.000107 0.000070 0.000046 0.000029 0.000019 0.000012 0.000007 0.000004 0.000003 0.000002 0.000001 0.000001 0.000000 0.000000 0.000000 0.000000 
0.000000 0.000000 0.000000 0.000000 0.000000 0.000001 0.000001 0.000002 0.000004 0.000007 0.000011 0.000018 0.000028 0.000045 0.000069 0.000107 0.000162 0.000244 0.000361 0.000530 0.000768 0.001099 0.001555 0.002173 0.003001 0.004095 0.005521 0.007354 0.009677 0.012582 0.016162 0.020511 0.025715 0.031851 0.038974 0.047113 0.056262 0.066373 0.077352 0.089053 0.101278 0.113782 0.126275 0.138434 0.149917 0.160376 0.169474 0.176907 0.182415 0.185802 0.186945 0.185802 0.182415 0.176907 0.169474 0.160376 0.149917 0.138434 0.126275 0.113782 0.101278 0.089053 0.077352 0.066373 0.056262 0.047113 0.038974 0.031851 0.025715 0.020511 0.016162 0.012582 0.009677 0.007354 0.005521 0.004095 0.003001 0.002173 0.001555 0.001099 0.000768 0.000530 0.000361 0.000244 0.000162 0.000107 0.000069 0.000045 0.000028 0.000018 0.000011 0.000007 0.000004 0.000002 0.000001 0.000001 0.000000 0.000000 0.000000 0.000000 
0.000000 0.000000 0.000000 0.000000 0.000001 0.000001 0.000002 0.000004 0.000006 0.000010 0.000017 0.000027 0.000043 0.000067 0.000104 0.000160 0.000244 0.000366 0.000542 0.000795 0.001151 0.001647 0.002330 0.003255 0.004494 0.006130 0.008262 0.011002 0.014475 0.018815 0.024163 0.030657 0.038428 0.047587 0.058218 0.070364 0.084014 0.099097 0.115472 0.132921 0.151151 0.169793 0.188417 0.206542 0.223658 0.239246 0.252805 0.263882 0.272090 0.277137 0.278840 0.277137 0.272090 0.263882 0.252805 0.239246 0.223658 0.206542 0.188417 0.169793 0.151151 0.132921 0.115472 0.099097 0.084014 0.070364 0.058218 0.047587 0.038428 0.030657 0.024163 0.018815 0.014475 0.011002 0.008262 0.006130 0.004494 0.003255 0.002330 0.001647 0.001151 0.000795 0.000542 0.000366 0.000244 0.000160 0.000104 0.000067 0.000043 0.000027 0.000017 0.000010 0.000006 0.000004 0.000002 0.000001 0.000001 0.000000 0.000000 0.000000 
0.000000 0.000000 0.000000 0.000001 0.000001 0.000002 0.000003 0.000006 0.000009 0.000015 0.000025 0.000040 0.000063 0.000100 0.000155 0.000238 0.000361 0.000542 0.000804 0.001178 0.001706 0.002440 0.003450 0.004818 0.006650 0.009069 0.012219 0.016267 0.021397 0.027806 0.035701 0.045287 0.056754 0.070268 0.085950 0.103863 0.123991 0.146229 0.170369 0.196088 0.222954 0.250425 0.277867 0.304571 0.329786 0.352749 0.372723 0.389038 0.401128 0.408561 0.411070 0.408561 0.401128 0.389038 0.372723 0.352749 0.329786 0.304571 0.277867 0.250425 0.222954 0.196088 0.170369 0.146229 0.123991 0.103863 0.085950 0.070268 0.056754 0.045287 0.035701 0.027806 0.021397 0.016267 0.012219 0.009069 0.006650 0.004818 0.003450 0.002440 0.001706 0.001178 0.000804 0.000542 0.000361 0.000238 0.000155 0.000100 0.000063 0.000040 0.000025 0.000015 0.000009 0.000006 0.000003 0.000002 0.000001 0.000001 0.000000 0.000000 
0.000000 0.000000 0.000000 0.000001 0.000002 0.000003 0.000005 0.000008 0.000014 0.000022 0.000036 0.000058 0.000093 0.000146 0.000227 0.000349 0.000530 0.000795 0.001178 0.001726 0.002497 0.003572 0.005048 0.007048 0.009725 0.013259 0.017860 0.023771 0.031258 0.040612 0.052132 0.066114 0.082839 0.102545 0.125407 0.151517 0.180852 0.213258 0.248428 0.285896 0.325029 0.365039 0.405003 0.443890 0.480604 0.514037 0.543117 0.566869 0.584469 0.595291 0.598942 0.595291 0.584469 0.566869 0.543117 0.514037 0.480604 0.443890 0.405003 0.365039 0.325029 0.285896 0.248428 0.213258 0.180852 0.151517 0.125407 0.102545 0.082839 0.066114 0.052132 0.040612 0.031258 0.023771 0.017860 0.013259 0.009725 0.007048 0.005048 0.003572 0.002497 0.001726 0.001178 0.000795 0.000530 0.000349 0.000227 0.000146 0.000093 0.000058 0.000036 0.000022 0.000014 0.000008 0.000005 0.000003 0.000002 0.000001 0.000000 0.000000 
0.000000 0.000000 0.000001 0.000001 0.000002 0.000004 0.000007 0.000012 0.000020 0.000032 0.000053 0.000085 0.000135 0.000212 0.000330 0.000506 0.000768 0.001151 0.001706 0.002497 0.003613 0.005166 0.007299 0.010189 0.014055 0.019156 0.025797 0.034326 0.045128 0.058619 0.075230 0.095388 0.119495 0.147893 0.180835 0.218449 0.260703 0.307372 0.358016 0.411961 0.468298 0.525891 0.583412 0.639378 0.692215 0.740324 0.782168 0.816344 0.841668 0.857238 0.862492 0.857238 0.841668 0.816344 0.782168 0.740324 0.692215 0.639378 0.583412 0.525891 0.468298 0.411961 0.358016 0.307372 0.260703 0.218449 0.180835 0.147893 0.119495 0.095388 0.075230 0.058619 0.045128 0.034326 0.025797 0.019156 0.014055 0.010189 0.007299 0.005166 0.003613 0.002497 0.001706 0.001151 0.000768 0.000506 0.000330 0.000212 0.000135 0.000085 0.000053 0.000032 0.000020 0.000012 0.000007 0.000004 0.000002 0.000001 0.000001 0.000000 
0.000000 0.000000 0.000001 0.000002 0.000003 0.000006 0.000010 0.000017 0.000028 0.000047 0.000076 0.000122 0.000194 0.000304 0.000472 0.000725 0.001099 0.001647 0.002440 0.003572 0.005166 0.007384 0.010429 0.014555 0.020072 0.027350 0.036823 0.048985 0.064385 0.083614 0.107286 0.136007 0.170346 0.210791 0.257700 0.311253 0.371402 0.437828 0.509902 0.586663 0.666818 0.748754 0.830579 0.910186 0.985335 1.053757 1.113265 1.161866 1.197878 1.220019 1.227490 1.220019 1.197878 1.161866 1.113265 1.053757 0.985335 0.910186 0.830579 0.748754 0.666818 0.586663 0.509902 0.437828 0.371402 0.311253 0.257700 0.210791 0.170346 0.136007 0.107286 0.083614 0.064385 0.048985 0.036823 0.027350 0.020072 0.014555 0.010429 0.007384 0.005166 0.003572 0.002440 0.001647 0.001099 0.000725 0.000472 0.000304 0.000194 0.000122 0.000076 0.000047 0.000028 0.000017 0.000010 0.000006 0.000003 0.000002 0.000001 0.000000 
0.000000 0.000001 0.000001 0.000003 0.000005 0.000008 0.000014 0.000024 0.000040 0.000066 0.000107 0.000173 0.000274 0.000431 0.000668 0.001026 0.001555 0.002330 0.003450 0.005048 0.007299 0.010429 0.014726 0.020546 0.028326 0.038587 0.051940 0.069079 0.090776 0.117863 0.151199 0.191639 0.239981 0.296908 0.362921 0.438273 0.522894 0.616332 0.717701 0.825651 0.938362 1.053564 1.168601 1.280510 1.386145 1.482319 1.565959 1.634266 1.684878 1.715995 1.726494 1.715995 1.684878 1.634266 1.565959 1.482319 1.386145 1.280510 1.168601 1.053564 0.938362 0.825651 0.717701 0.616332 0.522894 0.438273 0.362921 0.296908 0.239981 0.191639 0.151199 0.117863 0.090776 0.069079 0.051940 0.038587 0.028326 0.020546 0.014726 0.010429 0.007299 0.005048 0.003450 0.002330 0.001555 0.001026 0.000668 0.000431 0.000274 0.000173 0.000107 0.000066 0.000040 0.000024 0.000014 0.000008 0.000005 0.000003 0.000001 0.000000 
0.000000 0.000001 0.000002 0.000004 0.000007 0.000012 0.000020 0.000034 0.000056 0.000092 0.000150 0.000242 0.000384 0.000603 0.000935 0.001434 0.002173 0.003255 0.004818 0.007048 0.010189 0.014555 0.020546 0.028659 0.039501 0.053797 0.072396 0.096264 0.126474 0.164178 0.210573 0.266844 0.334098 0.413281 0.505089 0.609869 0.727520 0.857413 0.998314 1.148345 1.304975 1.465053 1.624887 1.780363 1.927114 2.060714 2.176895 2.271775 2.342073 2.385294 2.399877 2.385294 2.342073 2.271775 2.176895 2.060714 1.927114 1.780363 1.624887 1.465053 1.304975 1.148345 0.998314 0.857413 0.727520 0.609869 0.505089 0.413281 0.334098 0.266844 0.210573 0.164178 0.126474 0.096264 0.072396 0.053797 0.039501 0.028659 0.020546 0.014555 0.010189 0.007048 0.004818 0.003255 0.002173 0.001434 0.000935 0.000603 0.000384 0.000242 0.000150 0.000092 0.000056 0.000034 0.000020 0.000012 0.000007 0.000004 0.000002 0.000000 
0.000000 0.000001 0.000003 0.000005 0.000009 0.000016 0.000028 0.000047 0.000078 0.000128 0.000208 0.000334 0.000531 0.000833 0.001292 0.001981 0.003001 0.004494 0.006650 0.009725 0.014055 0.020072 0.028326 0.039501 0.054431 0.074114 0.099715 0.132561 0.174125 0.225990 0.289798 0.367175 0.459637 0.568483 0.694663 0.838648 1.000301 1.178749 1.372298 1.578366 1.793475 2.013301 2.232771 2.446243 2.647722 2.831134 2.990627 3.120874 3.217371 3.276699 3.296717 3.276699 3.217371 3.120874 2.990627 2.831134 2.647722 2.446243 2.232771 2.013301 1.793475 1.578366 1.372298 1.178749 1.000301 0.838648 0.694663 0.568483 0.459637 0.367175 0.289798 0.225990 0.174125 0.132561 0.099715 0.074114 0.054431 0.039501 0.028326 0.020072 0.014055 0.009725 0.006650 0.004494 0.003001 0.001981 0.001292 0.000833 0.000531 0.000334 0.000208 0.000128 0.000078 0.000047 0.000028 0.000016 0.000009 0.000005 0.000002 0.000000 
0.000000 0.000002 0.000004 0.000007 0.000013 0.000022 0.000038 0.000064 0.000106 0.000175 0.000284 0.000457 0.000725 0.001137 0.001764 0.002703 0.004095 0.006130 0.009069 0.013259 0.019156 0.027350 0.038587 0.053797 0.074114 0.100892 0.135713 0.180380 0.236890 0.307392 0.394113 0.499255 0.624876 0.772732 0.944108 1.139641 1.359136 1.601407 1.864149 2.143855 2.435806 2.734130 3.031950 3.321608 3.594977 3.843819 4.060199 4.236895 4.367803 4.448285 4.475441 4.448285 4.367803 4.236895 4.060199 3.843819 3.594977 3.321608 3.031950 2.734130 2.435806 2.143855 1.864149 1.601407 1.359136 1.139641 0.944108 0.772732 0.624876 0.499255 0.394113 0.307392 0.236890 0.180380 0.135713 0.100892 0.074114 0.053797 0.038587 0.027350 0.019156 0.013259 0.009069 0.006130 0.004095 0.002703 0.001764 0.001137 0.000725 0.000457 0.000284 0.000175 0.000106 0.000064 0.000038 0.000022 0.000013 0.000007 0.000003 0.000000 
0.000000 0.000002 0.000005 0.000010 0.000017 0.000030 0.000051 0.000087 0.000144 0.000236 0.000384 0.000617 0.000979 0.001535 0.002379 0.003646 0.005521 0.008262 0.012219 0.017860 0.025797 0.036823 0.051940 0.072396 0.099715 0.135713 0.182514 0.242535 0.318457 0.413160 0.529627 0.670811 0.839466 1.037942 1.267958 1.530361 1.824883 2.149928 2.502397 2.877587 3.269164 3.669256 4.068640 4.457053 4.823600 5.157244 5.447351 5.684244 5.859746 5.967642 6.004048 5.967642 5.859746 5.684244 5.447351 5.157244 4.823600 4.457053 4.068640 3.669256 3.269164 2.877587 2.502397 2.149928 1.824883 1.530361 1.267958 1.037942 0.839466 0.670811 0.529627 0.413160 0.318457 0.242535 0.182514 0.135713 0.099715 0.072396 0.051940 0.036823 0.025797 0.017860 0.012219 0.008262 0.005521 0.003646 0.002379 0.001535 0.000979 0.000617 0.000384 0.000236 0.000144 0.000086 0.000051 0.000030 0.000017 0.000009 0.000004 0.000000 
0.000000 0.000003 0.000007 0.000013 0.000023 0.000040 0.000069 0.000116 0.000192 0.000316 0.000512 0.000823 0.001305 0.002046 0.003171 0.004857 0.007354 0.011002 0.016267 0.023771 0.034326 0.048985 0.069079 0.096264 0.132561 0.180380 0.242535 0.322233 0.423026 0.548729 0.703294 0.890631 1.114384 1.377663 1.682737 2.030720 2.421250 2.852203 3.319467 3.816801 4.335813 4.866065 5.395341 5.910043 6.395743 6.837822 7.222198 7.536059 7.768577 7.911523 7.959754 7.911523 7.768577 7.536059 7.222198 6.837822 6.395743 5.910043 5.395341 4.866065 4.335813 3.816801 3.319467 2.852203 2.421250 2.030720 1.682737 1.377663 1.114384 0.890631 0.703294 0.548729 0.423026 0.322233 0.242535 0.180380 0.132561 0.096264 0.069079 0.048985 0.034326 0.023771 0.016267 0.011002 0.007354 0.004857 0.003171 0.002046 0.001305 0.000823 0.000512 0.000316 0.000192 0.000115 0.000069 0.000040 0.000023 0.000012 0.000005 0.000000 
0.000000 0.000004 0.000009 0.000017 0.000031 0.000053 0.000091 0.000152 0.000253 0.000416 0.000676 0.001084 0.001719 0.002695 0.004176 0.006394 0.009677 0.014475 0.021397 0.031258 0.045128 0.064385 0.090776 0.126474 0.174125 0.236890 0.318457 0.423026 0.555248 0.720120 0.922814 1.168447 1.461784 1.806890 2.206729 2.662747 3.174461 3.739081 4.351211 5.002673 5.682471 6.376939 7.070077 7.744089 8.380086 8.958937 9.462213 9.873148 10.177574 10.364724 10.427870 10.364724 10.177574 9.873148 9.462213 8.958937 8.380086 7.744089 7.070077 6.376939 5.682471 5.002673 4.351211 3.739081 3.174461 2.662747 2.206729 1.806890 1.461784 1.168447 0.922814 0.720120 0.555248 0.423026 0.318457 0.236890 0.174125 0.126474 0.090776 0.064385 0.045128 0.031258 0.021397 0.014475 0.009677 0.006394 0.004176 0.002695 0.001719 0.001084 0.000676 0.000416 0.000253 0.000152 0.000090 0.000053 0.000030 0.000016 0.000007 0.000000 
0.000000 0.000005 0.000012 0.000023 0.000040 0.000069 0.000118 0.000199 0.000330 0.000542 0.000880 0.001411 0.002238 0.003507 0.005432 0.008316 0.012582 0.018815 0.027806 0.040612 0.058619 0.083614 0.117863 0.164178 0.225990 0.307392 0.413160 0.548729 0.720120 0.933798 1.196453 1.514702 1.894704 2.341708 2.859541 3.450062 4.112631 4.843625 5.636053 6.479322 7.359197 8.257991 9.155005 10.027214 10.850186 11.599179 12.250357 12.782043 13.175913 13.418046 13.499744 13.418046 13.175913 12.782043 12.250357 11.599179 10.850186 10.027214 9.155005 8.257991 7.359197 6.479322 5.636053 4.843625 4.112631 3.450062 2.859541 2.341708 1.894704 1.514702 1.196453 0.933798 0.720120 0.548729 0.413160 0.307392 0.225990 0.164178 0.117863 0.083614 0.058619 0.040612 0.027806 0.018815 0.012582 0.008316 0.005432 0.003507 0.002238 0.001411 0.000880 0.000542 0.000330 0.000199 0.000118 0.000069 0.000039 0.000021 0.000009 0.000000 
0.000000 0.000007 0.000015 0.000029 0.000052 0.000089 0.000152 0.000256 0.000425 0.000698 0.001132 0.001815 0.002877 0.004508 0.006981 0.010684 0.016162 0.024163 0.035701 0.052132 0.075230 0.107286 0.151199 0.210573 0.289798 0.394113 0.529627 0.703294 0.922814 1.196453 1.532763 1.940197 2.426625 2.998748 3.661442 4.417073 5.264806 6.199993 7.213680 8.292311 9.417677 10.567158 11.714288 12.829633 13.881963 14.839655 15.672247 16.352037 16.855612 17.165182 17.269633 17.165182 16.855612 16.352037 15.672247 14.839655 13.881963 12.829633 11.714288 10.567158 9.417677 8.292311 7.213680 6.199993 5.264806 4.417073 3.661442 2.998748 2.426625 1.940197 1.532763 1.196453 0.922814 0.703294 0.529627 0.394113 0.289798 0.210573 0.151199 0.107286 0.075230 0.052132 0.035701 0.024163 0.016162 0.010684 0.006981 0.004508 0.002877 0.001815 0.001132 0.000698 0.000425 0.000256 0.000152 0.000089 0.000051 0.000027 0.000012 0.000000 
0.000000 0.000008 0.000020 0.000037 0.000066 0.000114 0.000194 0.000326 0.000540 0.000887 0.001439 0.002306 0.003655 0.005725 0.008863 0.013562 0.020511 0.030657 0.045287 0.066114 0.095388 0.136007 0.191639 0.266844 0.367175 0.499255 0.670811 0.890631 1.168447 1.514702 1.940197 2.455610 3.070871 3.794434 4.632448 5.587880 6.659660 7.841893 9.123250 10.486588 11.908890 13.361572 14.811193 16.220572 17.550259 18.760315 19.812271 20.671142 21.307363 21.698472 21.830433 21.698472 21.307363 20.671142 19.812271 18.760315 17.550259 16.220572 14.811193 13.361572 11.908890 10.486588 9.123250 7.841893 6.659660 5.587880 4.632448 3.794434 3.070871 2.455610 1.940197 1.514702 1.168447 0.890631 0.670811 0.499255 0.367175 0.266844 0.191639 0.136007 0.095388 0.066114 0.045287 0.030657 0.020511 0.013562 0.008863 0.005725 0.003655 0.002306 0.001438 0.000887 0.000540 0.000325 0.000193 0.000113 0.000064 0.000034 0.000015 0.000000 
0.000000 0.000011 0.000025 0.000047 0.000083 0.000143 0.000243 0.000409 0.000679 0.001114 0.001806 0.002895 0.004587 0.007182 0.011117 0.017007 0.025715 0.038428 0.056754 0.082839 0.119495 0.170346 0.239981 0.334098 0.459637 0.624876 0.839466 1.114384 1.461784 1.894704 2.426625 3.070871 3.839829 4.744040 5.791160 6.984875 8.323823 9.800625 11.401115 13.103872 14.880146 16.694243 18.504413 20.264239 21.924484 23.435299 24.748675 25.820956 26.615247 27.103522 27.268266 27.103522 26.615247 25.820956 24.748675 23.435299 21.924484 20.264239 18.504413 16.694243 14.880146 13.103872 11.401115 9.800625 8.323823 6.984875 5.791160 4.744040 3.839829 3.070871 2.426625 1.894704 1.461784 1.114384 0.839466 0.624876 0.459637 0.334098 0.239981 0.170346 0.119495 0.082839 0.056754 0.038428 0.025715 0.017007 0.011117 0.007182 0.004586 0.002895 0.001806 0.001114 0.000679 0.000409 0.000243 0.000142 0.000081 0.000043 0.000019 0.000000 
0.000000 0.000013 0.000031 0.000058 0.000103 0.000178 0.000302 0.000508 0.000842 0.001382 0.002240 0.003590 0.005686 0.008902 0.013776 0.021070 0.031851 0.047587 0.070268 0.102545 0.147893 0.210791 0.296908 0.413281 0.568483 0.772732 1.037942 1.377663 1.806890 2.341708 2.998748 3.794434 4.744040 5.860549 7.153387 8.627076 10.279910 12.102758 14.078120 16.179548 18.371558 20.610106 22.843686 25.015040 27.063438 28.927402 30.547726 31.870577 32.850459 33.452815 33.656049 33.452815 32.850459 31.870577 30.547726 28.927402 27.063438 25.015040 22.843686 20.610106 18.371558 16.179548 14.078120 12.102758 10.279910 8.627076 7.153387 5.860549 4.744040 3.794434 2.998748 2.341708 1.806890 1.377663 1.037942 0.772732 0.568483 0.413281 0.296908 0.210791 0.147893 0.102545 0.070268 0.047587 0.031851 0.021070 0.013776 0.008902 0.005686 0.003590 0.002240 0.001382 0.000842 0.000507 0.000302 0.000176 0.000101 0.000054 0.000023 0.000000 
0.000000 0.000016 0.000038 0.000071 0.000126 0.000218 0.000371 0.000622 0.001033 0.001693 0.002744 0.004397 0.006963 0.010899 0.016863 0.025787 0.038974 0.058218 0.085950 0.125407 0.180835 0.257700 0.362921 0.505089 0.694663 0.944108 1.267958 1.682737 2.206729 2.859541 3.661442 4.632448 5.791160 7.153387 8.730595 10.528267 12.544294 14.767515 17.176566 19.739185 22.412095 25.141597 27.864898 30.512208 33.009508 35.281878 37.257168 38.869779 40.064277 40.798554 41.046296 40.798554 40.064277 38.869779 37.257168 35.281878 33.009508 30.512208 27.864898 25.141597 22.412095 19.739185 17.176566 14.767515 12.544294 10.528267 8.730595 7.153387 5.791160 4.632448 3.661442 2.859541 2.206729 1.682737 1.267958 0.944108 0.694663 0.505089 0.362921 0.257700 0.180835 0.125407 0.085950 0.058218 0.038974 0.025787 0.016863 0.010899 0.006963 0.004397 0.002744 0.001693 0.001032 0.000622 0.000370 0.000216 0.000123 0.000066 0.000029 0.000000 
0.000000 0.000020 0.000046 0.000086 0.000153 0.000264 0.000449 0.000754 0.001250 0.002050 0.003321 0.005320 0.008424 0.013183 0.020392 0.031177 0.047113 0.070364 0.103863 0.151517 0.218449 0.311253 0.438273 0.609869 0.838648 1.139641 1.530361 2.030720 2.662747 3.450062 4.417073 5.587880 6.984875 8.627076 10.528267 12.695022 15.124764 17.804017 20.707013 23.794862 27.015416 30.303978 33.584909 36.774150 39.782558 42.519912 44.899330 46.841828 48.280656 49.165117 49.463529 49.165117 48.280656 46.841828 44.899330 42.519912 39.782558 36.774150 33.584909 30.303978 27.015416 23.794862 20.707013 17.804017 15.124764 12.695022 10.528267 8.627076 6.984875 5.587880 4.417073 3.450062 2.662747 2.030720 1.530361 1.139641 0.838648 0.609869 0.438273 0.311253 0.218449 0.151517 0.103863 0.070364 0.047113 0.031177 0.020392 0.013183 0.008424 0.005320 0.003321 0.002050 0.001250 0.000753 0.000448 0.000262 0.000150 0.000080 0.000035 0.000000 
0.000000 0.000024 0.000055 0.000103 0.000183 0.000316 0.000537 0.000902 0.001495 0.002451 0.003971 0.006359 0.010067 0.015751 0.024361 0.037238 0.056262 0.084014 0.123991 0.180852 0.260703 0.371402 0.522894 0.727520 1.000301 1.359136 1.824883 2.421250 3.174461 4.112631 5.264806 6.659660 8.323823 10.279910 12.544294 15.124764 18.018217 21.208571 24.665123 28.341553 32.175768 36.090751 39.996471 43.792885 47.373913 50.632194 53.464352 55.776407 57.488944 58.541646 58.896820 58.541646 57.488944 55.776407 53.464352 50.632194 47.373913 43.792885 39.996471 36.090751 32.175768 28.341553 24.665123 21.208571 18.018217 15.124764 12.544294 10.279910 8.323823 6.659660 5.264806 4.112631 3.174461 2.421250 1.824883 1.359136 1.000301 0.727520 0.522894 0.371402 0.260703 0.180852 0.123991 0.084014 0.056262 0.037238 0.024361 0.015751 0.010067 0.006359 0.003971 0.002451 0.001495 0.000901 0.000536 0.000314 0.000179 0.000096 0.000042 0.000000 
0.000000 0.000028 0.000065 0.000122 0.000216 0.000374 0.000635 0.001066 0.001767 0.002895 0.004689 0.007509 0.011884 0.018591 0.028748 0.043938 0.066373 0.099097 0.146229 0.213258 0.307372 0.437828 0.616332 0.857413 1.178749 1.601407 2.149928 2.852203 3.739081 4.843625 6.199993 7.841893 9.800625 12.102758 14.767515 17.804017 21.208571 24.962224 29.028825 33.353865 37.864293 42.469514 47.063645 51.529035 55.740945 59.573140 62.904075 65.623259 67.637329 68.875371 69.293075 68.875371 67.637329 65.623259 62.904075 59.573140 55.740945 51.529035 47.063645 42.469514 37.864293 33.353865 29.028825 24.962224 21.208571 17.804017 14.767515 12.102758 9.800625 7.841893 6.199993 4.843625 3.739081 2.852203 2.149928 1.601407 1.178749 0.857413 0.616332 0.437828 0.307372 0.213258 0.146229 0.099097 0.066373 0.043938 0.028748 0.018591 0.011884 0.007509 0.004689 0.002895 0.001766 0.001065 0.000634 0.000371 0.000212 0.000113 0.000049 0.000000 
0.000000 0.000033 0.000076 0.000143 0.000253 0.000436 0.000741 0.001244 0.002061 0.003378 0.005470 0.008757 0.013858 0.021677 0.033514 0.051213 0.077352 0.115472 0.170369 0.248428 0.358016 0.509902 0.717701 0.998314 1.372298 1.864149 2.502397 3.319467 4.351211 5.636053 7.213680 9.123250 11.401115 14.078120 17.176566 20.707013 24.665123 29.028825 33.756068 38.783470 44.026113 49.378703 54.718192 59.907872 64.802806 69.256331 73.127241 76.287174 78.627670 80.066353 80.551750 80.066353 78.627670 76.287174 73.127241 69.256331 64.802806 59.907872 54.718192 49.378703 44.026113 38.783470 33.756068 29.028825 24.665123 20.707013 17.176566 14.078120 11.401115 9.123250 7.213680 5.636053 4.351211 3.319467 2.502397 1.864149 1.372298 0.998314 0.717701 0.509902 0.358016 0.248428 0.170369 0.115472 0.077352 0.051213 0.033514 0.021677 0.013858 0.008757 0.005470 0.003377 0.002061 0.001243 0.000740 0.000433 0.000247 0.000133 0.000057 0.000000 
0.000000 0.000038 0.000088 0.000165 0.000292 0.000503 0.000855 0.001434 0.002376 0.003893 0.006303 0.010089 0.015964 0.024966 0.038594 0.058968 0.089053 0.132921 0.196088 0.285896 0.411961 0.586663 0.825651 1.148345 1.578366 2.143855 2.877587 3.816801 5.002673 6.479322 8.292311 10.486588 13.103872 16.179548 19.739185 23.794862 28.341553 33.353865 38.783470 44.557550 50.578573 56.725620 62.857398 68.816945 74.437864 79.551782 83.996602 87.624976 90.312404 91.964330 92.521670 91.964330 90.312404 87.624976 83.996602 79.551782 74.437864 68.816945 62.857398 56.725620 50.578573 44.557550 38.783470 33.353865 28.341553 23.794862 19.739185 16.179548 13.103872 10.486588 8.292311 6.479322 5.002673 3.816801 2.877587 2.143855 1.578366 1.148345 0.825651 0.586663 0.411961 0.285896 0.196088 0.132921 0.089053 0.058968 0.038594 0.024966 0.015964 0.010089 0.006303 0.003892 0.002376 0.001433 0.000853 0.000500 0.000285 0.000153 0.000066 0.000000 
0.000000 0.000043 0.000100 0.000188 0.000332 0.000573 0.000974 0.001633 0.002705 0.004431 0.007174 0.011482 0.018165 0.028405 0.043903 0.067072 0.101278 0.151151 0.222954 0.325029 0.468298 0.666818 0.938362 1.304975 1.793475 2.435806 3.269164 4.335813 5.682471 7.359197 9.417677 11.908890 14.880146 18.371558 22.412095 27.015416 32.175768 37.864293 44.026113 50.578573 57.410990 64.386155 71.343764 78.105747 84.483341 90.285556 95.328523 99.445113 102.494114 104.368280 105.000599 104.368280 102.494114 99.445113 95.328523 90.285556 84.483341 78.105747 71.343764 64.386155 57.410990 50.578573 44.026113 37.864293 32.175768 27.015416 22.412095 18.371558 14.880146 11.908890 9.417677 7.359197 5.682471 4.335813 3.269164 2.435806 1.793475 1.304975 0.938362 0.666818 0.468298 0.325029 0.222954 0.151151 0.101278 0.067072 0.043903 0.028405 0.018165 0.011482 0.007174 0.004431 0.002705 0.001631 0.000971 0.000569 0.000325 0.000174 0.000076 0.000000 
0.000000 0.000048 0.000112 0.000211 0.000374 0.000645 0.001095 0.001836 0.003042 0.004983 0.008066 0.012907 0.020417 0.031923 0.049335 0.075361 0.113782 0.169793 0.250425 0.365039 0.525891 0.748754 1.053564 1.465053 2.013301 2.734130 3.669256 4.866065 6.376939 8.257991 10.567158 13.361572 16.694243 20.610106 25.141597 30.303978 36.090751 42.469514 49.378703 56.725620 64.386155 72.206480 80.006888 87.587770 94.737546 101.242146 106.895494 111.510278 114.928238 117.029183 117.738012 117.029183 114.928238 111.510278 106.895494 101.242146 94.737546 87.587770 80.006888 72.206480 64.386155 56.725620 49.378703 42.469514 36.090751 30.303978 25.141597 20.610106 16.694243 13.361572 10.567158 8.257991 6.376939 4.866065 3.669256 2.734130 2.013301 1.465053 1.053564 0.748754 0.525891 0.365039 0.250425 0.169793 0.113782 0.075361 0.049335 0.031922 0.020417 0.012907 0.008066 0.004982 0.003042 0.001835 0.001093 0.000640 0.000365 0.000196 0.000085 0.000000 
0.000000 0.000054 0.000125 0.000235 0.000415 0.000717 0.001217 0.002040 0.003379 0.005534 0.008957 0.014332 0.022668 0.035439 0.054763 0.083644 0.126275 0.188417 0.277867 0.405003 0.583412 0.830579 1.168601 1.624887 2.232771 3.031950 4.068640 5.395341 7.070077 9.155005 11.714288 14.811193 18.504413 22.843686 27.864898 33.584909 39.996471 47.063645 54.718192 62.857398 71.343764 80.006888 88.647715 97.045164 104.964906 112.169864 118.431820 123.543345 127.329185 129.656243 130.441358 129.656243 127.329185 123.543345 118.431820 112.169864 104.964906 97.045164 88.647715 80.006888 71.343764 62.857398 54.718192 47.063645 39.996471 33.584909 27.864898 22.843686 18.504413 14.811193 11.714288 9.155005 7.070077 5.395341 4.068640 3.031950 2.232771 1.624887 1.168601 0.830579 0.583412 0.405003 0.277867 0.188417 0.126275 0.083644 0.054763 0.035439 0.022668 0.014332 0.008957 0.005533 0.003379 0.002038 0.001214 0.000712 0.000406 0.000218 0.000095 0.000000 
