0.000000 0.000000 0.000000 0.000000 0.000000 0.000000 0.000000 0.000000 0.000000 0.000000 0.000000 0.000000 0.000000 0.000000 0.000000 0.000000 0.000000 0.000000 0.000000 0.000000 0.000000 0.000000 0.000000 0.000000 0.000000 0.000000 0.000000 0.000000 0.000000 0.000000 0.000000 0.000000 0.000000 0.000000 0.000000 0.000000 0.000000 0.000000 0.000000 0.000000 0.000000 0.000000 0.000000 0.000000 0.000000 0.000000 0.000000 0.000000 0.000000 0.000000 0.000000 0.000000 0.000000 0.000000 0.000000 0.000000 0.000000 0.000000 0.000000 0.000000 0.000000 0.000000 0.000000 0.000000 0.000000 0.000000 0.000000 0.000000 0.000000 0.000000 0.000000 0.000000 0.000000 0.000000 0.000000 0.000000 0.000000 0.000000 0.000000 0.000000 0.000000 0.000000 0.000000 0.000000 0.000000 0.000000 0.000000 0.000000 0.000000 0.000000 0.000000 0.000000 0.000000 0.000000 0.000000 0.000000 0.000000 0.000000 0.000000 0.000000 
0.000000 0.000000 0.000000 0.000000 0.000000 0.000000 0.000000 0.000000 0.000001 0.000001 0.000001 0.000002 0.000003 0.000004 0.000005 0.000007 0.000010 0.000013 0.000018 0.000024 0.000031 0.000041 0.000053 0.000068 0.000087 0.000110 0.000137 0.000170 0.000208 0.000253 0.000305 0.000364 0.000431 0.000506 0.000588 0.000677 0.000773 0.000875 0.000980 0.001089 0.001198 0.001307 0.001412 0.001512 0.001605 0.001687 0.001758 0.001815 0.001857 0.001883 0.001891 0.001883 0.001857 0.001815 0.001758 0.001687 0.001605 0.001512 0.001412 0.001307 0.001198 0.001089 0.000980 0.000875 0.000773 0.000677 0.000588 0.000506 0.000431 0.000364 0.000305 0.000253 0.000208 0.000170 0.000137 0.000110 0.000087 0.000068 0.000053 0.000041 0.000031 0.000024 0.000018 0.000013 0.000010 0.000007 0.000005 0.000004 0.000003 0.000002 0.000001 0.000001 0.000001 0.000000 0.000000 0.000000 0.000000 0.000000 0.000000 0.000000 
0.000000 0.000000 0.000000 0.000000 0.000000 0.000000 0.000001 0.000001 0.000001 0.000002 0.000003 0.000004 0.000006 0.000008 0.000011 0.000016 0.000021 0.000029 0.000039 0.000052 0.000068 0.000089 0.000116 0.000148 0.000189 0.000238 0.000297 0.000368 0.000452 0.000550 0.000663 0.000792 0.000937 0.001099 0.001277 0.001471 0.001679 0.001899 0.002128 0.002364 0.002601 0.002837 0.003066 0.003283 0.003483 0.003663 0.003816 0.003940 0.004031 0.004087 0.004105 0.004087 0.004031 0.003940 0.003816 0.003663 0.003483 0.003283 0.003066 0.002837 0.002601 0.002364 0.002128 0.001899 0.001679 0.001471 0.001277 0.001099 0.000937 0.000792 0.000663 0.000550 0.000452 0.000368 0.000297 0.000238 0.000189 0.000148 0.000116 0.000089 0.000068 0.000052 0.000039 0.000029 0.000021 0.000016 0.000011 0.000008 0.000006 0.000004 0.000003 0.000002 0.000001 0.000001 0.000001 0.000000 0.000000 0.000000 0.000000 0.000000 
0.000000 0.000000 0.000000 0.000000 0.000000 0.000001 0.000001 0.000002 0.000002 0.000003 0.000005 0.000007 0.000010 0.000014 0.000019 0.000027 0.000037 0.000049 0.000066 0.000088 0.000117 0.000152 0.000198 0.000254 0.000323 0.000407 0.000508 0.000630 0.000773 0.000940 0.001132 0.001352 0.001601 0.001877 0.002182 0.002513 0.002868 0.003243 0.003635 0.004036 0.004442 0.004844 0.005234 0.005605 0.005947 0.006253 0.006515 0.006727 0.006882 0.006977 0.007009 0.006977 0.006882 0.006727 0.006515 0.006253 0.005947 0.005605 0.005234 0.004844 0.004442 0.004036 0.003635 0.003243 0.002868 0.002513 0.002182 0.001877 0.001601 0.001352 0.001132 0.000940 0.000773 0.000630 0.000508 0.000407 0.000323 0.000254 0.000198 0.000152 0.000117 0.000088 0.000066 0.000049 0.000037 0.000027 0.000019 0.000014 0.000010 0.000007 0.000005 0.000003 0.000002 0.000002 0.000001 0.000001 0.000000 0.000000 0.000000 0.000000 
0.000000 0.000000 0.000000 0.000000 0.000001 0.000001 0.000002 0.000003 0.000004 0.000005 0.000008 0.000011 0.000016 0.000022 0.000031 0.000042 0.000058 0.000078 0.000105 0.000140 0.000184 0.000241 0.000312 0.000401 0.000510 0.000643 0.000803 0.000994 0.001220 0.001484 0.001788 0.002135 0.002527 0.002963 0.003444 0.003966 0.004526 0.005118 0.005735 0.006369 0.007008 0.007642 0.008258 0.008842 0.009382 0.009865 0.010278 0.010611 0.010856 0.011005 0.011056 0.011005 0.010856 0.010611 0.010278 0.009865 0.009382 0.008842 0.008258 0.007642 0.007008 0.006369 0.005735 0.005118 0.004526 0.003966 0.003444 0.002963 0.002527 0.002135 0.001788 0.001484 0.001220 0.000994 0.000803 0.000643 0.000510 0.000401 0.000312 0.000241 0.000184 0.000140 0.000105 0.000078 0.000058 0.000042 0.000031 0.000022 0.000016 0.000011 0.000008 0.000005 0.000004 0.000003 0.000002 0.000001 0.000001 0.000000 0.000000 0.000000 
0.000000 0.000000 0.000000 0.000001 0.000001 0.000002 0.000003 0.000004 0.000006 0.000008 0.000012 0.000017 0.000024 0.000034 0.000047 0.000065 0.000088 0.000120 0.000161 0.000214 0.000282 0.000368 0.000477 0.000612 0.000778 0.000981 0.001226 0.001517 0.001862 0.002264 0.002727 0.003257 0.003853 0.004519 0.005251 0.006046 0.006899 0.007801 0.008742 0.009707 0.010681 0.011646 0.012584 0.013474 0.014296 0.015031 0.015660 0.016167 0.016540 0.016768 0.016844 0.016768 0.016540 0.016167 0.015660 0.015031 0.014296 0.013474 0.012584 0.011646 0.010681 0.009707 0.008742 0.007801 0.006899 0.006046 0.005251 0.004519 0.003853 0.003257 0.002727 0.002264 0.001862 0.001517 0.001226 0.000981 0.000778 0.000612 0.000477 0.000368 0.000282 0.000214 0.000161 0.000120 0.000088 0.000065 0.000047 0.000034 0.000024 0.000017 0.000012 0.000008 0.000006 0.000004 0.000003 0.000002 0.000001 0.000001 0.000000 0.000000 
0.000000 0.000000 0.000001 0.000001 0.000002 0.000003 0.000004 0.000006 0.000008 0.000012 0.000018 0.000025 0.000036 0.000051 0.000070 0.000097 0.000132 0.000179 0.000241 0.000320 0.000422 0.000552 0.000714 0.000917 0.001166 0.001469 0.001835 0.002272 0.002787 0.003388 0.004082 0.004874 0.005766 0.006761 0.007855 0.009044 0.010320 0.011668 0.013074 0.014516 0.015972 0.017415 0.018816 0.020146 0.021374 0.022472 0.023411 0.024170 0.024726 0.025066 0.025181 0.025066 0.024726 0.024170 0.023411 0.022472 0.021374 0.020146 0.018816 0.017415 0.015972 0.014516 0.013074 0.011668 0.010320 0.009044 0.007855 0.006761 0.005766 0.004874 0.004082 0.003388 0.002787 0.002272 0.001835 0.001469 0.001166 0.000917 0.000714 0.000552 0.000422 0.000320 0.000241 0.000179 0.000132 0.000097 0.000070 0.000051 0.000036 0.000025 0.000018 0.000012 0.000008 0.000006 0.000004 0.000003 0.000002 0.000001 0.000000 0.000000 
0.000000 0.000000 0.000001 0.000002 0.000003 0.000004 0.000006 0.000009 0.000013 0.000018 0.000026 0.000038 0.000053 0.000075 0.000104 0.000144 0.000196 0.000266 0.000356 0.000474 0.000625 0.000816 0.001057 0.001356 0.001724 0.002173 0.002713 0.003358 0.004119 0.005007 0.006032 0.007200 0.008518 0.009986 0.011601 0.013357 0.015239 0.017229 0.019303 0.021431 0.023579 0.025707 0.027774 0.029735 0.031547 0.033166 0.034552 0.035671 0.036492 0.036993 0.037162 0.036993 0.036492 0.035671 0.034552 0.033166 0.031547 0.029735 0.027774 0.025707 0.023579 0.021431 0.019303 0.017229 0.015239 0.013357 0.011601 0.009986 0.008518 0.007200 0.006032 0.005007 0.004119 0.003358 0.002713 0.002173 0.001724 0.001356 0.001057 0.000816 0.000625 0.000474 0.000356 0.000266 0.000196 0.000144 0.000104 0.000075 0.000053 0.000038 0.000026 0.000018 0.000013 0.000009 0.000006 0.000004 0.000002 0.000001 0.000001 0.000000 
0.000000 0.000001 0.000001 0.000002 0.000004 0.000006 0.000008 0.000013 0.000018 0.000027 0.000039 0.000055 0.000078 0.000110 0.000153 0.000210 0.000287 0.000389 0.000522 0.000694 0.000915 0.001195 0.001547 0.001984 0.002523 0.003179 0.003970 0.004913 0.006025 0.007322 0.008820 0.010527 0.012452 0.014597 0.016957 0.019520 0.022269 0.025175 0.028204 0.031311 0.034447 0.037554 0.040571 0.043434 0.046079 0.048442 0.050466 0.052098 0.053296 0.054028 0.054275 0.054028 0.053296 0.052098 0.050466 0.048442 0.046079 0.043434 0.040571 0.037554 0.034447 0.031311 0.028204 0.025175 0.022269 0.019520 0.016957 0.014597 0.012452 0.010527 0.008820 0.007322 0.006025 0.004913 0.003970 0.003179 0.002523 0.001984 0.001547 0.001195 0.000915 0.000694 0.000522 0.000389 0.000287 0.000210 0.000153 0.000110 0.000078 0.000055 0.000039 0.000027 0.000018 0.000013 0.000008 0.000006 0.000004 0.000002 0.000001 0.000000 
0.000000 0.000001 0.000002 0.000003 0.000005 0.000008 0.000012 0.000018 0.000027 0.000039 0.000056 0.000080 0.000114 0.000160 0.000222 0.000306 0.000417 0.000565 0.000758 0.001007 0.001327 0.001733 0.002243 0.002877 0.003658 0.004608 0.005753 0.007118 0.008729 0.010608 0.012775 0.015247 0.018033 0.021137 0.024551 0.028260 0.032237 0.036441 0.040822 0.045316 0.049852 0.054345 0.058709 0.062849 0.066673 0.070091 0.073017 0.075377 0.077109 0.078168 0.078524 0.078168 0.077109 0.075377 0.073017 0.070091 0.066673 0.062849 0.058709 0.054345 0.049852 0.045316 0.040822 0.036441 0.032237 0.028260 0.024551 0.021137 0.018033 0.015247 0.012775 0.010608 0.008729 0.007118 0.005753 0.004608 0.003658 0.002877 0.002243 0.001733 0.001327 0.001007 0.000758 0.000565 0.000417 0.000306 0.000222 0.000160 0.000114 0.000080 0.000056 0.000039 0.000027 0.000018 0.000012 0.000008 0.000005 0.000003 0.000001 0.000000 
0.000000 0.000001 0.000003 0.000005 0.000008 0.000012 0.000018 0.000026 0.000039 0.000056 0.000081 0.000116 0.000164 0.000230 0.000319 0.000440 0.000600 0.000812 0.001089 0.001448 0.001908 0.002491 0.003223 0.004134 0.005254 0.006619 0.008262 0.010222 0.012533 0.015228 0.018338 0.021883 0.025880 0.030330 0.035227 0.040545 0.046247 0.052274 0.058554 0.064996 0.071497 0.077937 0.084191 0.090124 0.095605 0.100502 0.104694 0.108076 0.110559 0.112075 0.112585 0.112075 0.110559 0.108076 0.104694 0.100502 0.095605 0.090124 0.084191 0.077937 0.071497 0.064996 0.058554 0.052274 0.046247 0.040545 0.035227 0.030330 0.025880 0.021883 0.018338 0.015228 0.012533 0.010222 0.008262 0.006619 0.005254 0.004134 0.003223 0.002491 0.001908 0.001448 0.001089 0.000812 0.000600 0.000440 0.000319 0.000230 0.000164 0.000116 0.000081 0.000056 0.000039 0.000026 0.000018 0.000012 0.000007 0.000004 0.000002 0.000000 
0.000000 0.000002 0.000004 0.000007 0.000011 0.000017 0.000025 0.000038 0.000055 0.000080 0.000116 0.000165 0.000234 0.000328 0.000455 0.000627 0.000856 0.001158 0.001553 0.002064 0.002718 0.003548 0.004591 0.005887 0.007481 0.009422 0.011761 0.014548 0.017835 0.021668 0.026089 0.031130 0.036812 0.043138 0.050098 0.057657 0.065758 0.074323 0.083246 0.092399 0.101634 0.110784 0.119667 0.128095 0.135880 0.142835 0.148790 0.153593 0.157119 0.159273 0.159998 0.159273 0.157119 0.153593 0.148790 0.142835 0.135880 0.128095 0.119667 0.110784 0.101634 0.092399 0.083246 0.074323 0.065758 0.057657 0.050098 0.043138 0.036812 0.031130 0.026089 0.021668 0.017835 0.014548 0.011761 0.009422 0.007481 0.005887 0.004591 0.003548 0.002718 0.002064 0.001553 0.001158 0.000856 0.000627 0.000455 0.000328 0.000234 0.000165 0.000116 0.000080 0.000055 0.000038 0.000025 0.000017 0.000011 0.000006 0.000003 0.000000 
0.000000 0.000003 0.000006 0.000010 0.000016 0.000024 0.000036 0.000053 0.000078 0.000114 0.000164 0.000234 0.000330 0.000463 0.000644 0.000886 0.001209 0.001636 0.002193 0.002915 0.003838 0.005010 0.006481 0.008309 0.010558 0.013296 0.016593 0.020523 0.025157 0.030560 0.036791 0.043895 0.051901 0.060815 0.070620 0.081269 0.092681 0.104744 0.117311 0.130202 0.143207 0.156091 0.168599 0.180467 0.191427 0.201220 0.209604 0.216366 0.221329 0.224362 0.225382 0.224362 0.221329 0.216366 0.209604 0.201220 0.191427 0.180467 0.168599 0.156091 0.143207 0.130202 0.117311 0.104744 0.092681 0.081269 0.070620 0.060815 0.051901 0.043895 0.036791 0.030560 0.025157 0.020523 0.016593 0.013296 0.010558 0.008309 0.006481 0.005010 0.003838 0.002915 0.002193 0.001636 0.001209 0.000886 0.000644 0.000463 0.000330 0.000234 0.000164 0.000114 0.000078 0.000053 0.000036 0.000024 0.000015 0.000009 0.000004 0.000000 
0.000000 0.000004 0.000008 0.000014 0.000022 0.000034 0.000051 0.000075 0.000110 0.000160 0.000230 0.000328 0.000463 0.000649 0.000902 0.001241 0.001694 0.002291 0.003071 0.004080 0.005373 0.007012 0.009069 0.011625 0.014769 0.018596 0.023205 0.028698 0.035173 0.042722 0.051428 0.061352 0.072534 0.084984 0.098677 0.113546 0.129481 0.146323 0.163868 0.181864 0.200018 0.218002 0.235461 0.252025 0.267321 0.280988 0.292689 0.302126 0.309052 0.313284 0.314708 0.313284 0.309052 0.302126 0.292689 0.280988 0.267321 0.252025 0.235461 0.218002 0.200018 0.181864 0.163868 0.146323 0.129481 0.113546 0.098677 0.084984 0.072534 0.061352 0.051428 0.042722 0.035173 0.028698 0.023205 0.018596 0.014769 0.011625 0.009069 0.007012 0.005373 0.004080 0.003071 0.002291 0.001694 0.001241 0.000902 0.000649 0.000463 0.000328 0.000230 0.000159 0.000110 0.000075 0.000050 0.000033 0.000021 0.000012 0.000006 0.000000 
0.000000 0.000005 0.000011 0.000019 0.000031 0.000047 0.000070 0.000104 0.000153 0.000222 0.000319 0.000455 0.000644 0.000902 0.001252 0.001724 0.002352 0.003180 0.004262 0.005662 0.007454 0.009726 0.012578 0.016121 0.020478 0.025781 0.032167 0.039776 0.048744 0.059201 0.071256 0.084998 0.100480 0.117717 0.136672 0.157254 0.179308 0.202618 0.226898 0.251801 0.276921 0.301804 0.325960 0.348876 0.370038 0.388945 0.405132 0.418187 0.427769 0.433623 0.435592 0.433623 0.427769 0.418187 0.405132 0.388945 0.370038 0.348876 0.325960 0.301804 0.276921 0.251801 0.226898 0.202618 0.179308 0.157254 0.136672 0.117717 0.100480 0.084998 0.071256 0.059201 0.048744 0.039776 0.032167 0.025781 0.020478 0.016121 0.012578 0.009726 0.007454 0.005662 0.004262 0.003180 0.002352 0.001724 0.001252 0.000902 0.000644 0.000455 0.000319 0.000222 0.000153 0.000104 0.000070 0.000046 0.000029 0.000017 0.000008 0.000000 
0.000000 0.000007 0.000016 0.000027 0.000042 0.000065 0.000097 0.000144 0.000210 0.000306 0.000440 0.000627 0.000886 0.001241 0.001724 0.002372 0.003236 0.004375 0.005863 0.007787 0.010250 0.013373 0.017291 0.022159 0.028144 0.035428 0.044197 0.054646 0.066960 0.081315 0.097863 0.116724 0.137972 0.161626 0.187636 0.215875 0.246134 0.278111 0.311418 0.345577 0.380032 0.414160 0.447289 0.478718 0.507739 0.533667 0.555864 0.573766 0.586905 0.594932 0.597632 0.594932 0.586905 0.573766 0.555864 0.533667 0.507739 0.478718 0.447289 0.414160 0.380032 0.345577 0.311418 0.278111 0.246134 0.215875 0.187636 0.161626 0.137972 0.116724 0.097863 0.081315 0.066960 0.054646 0.044197 0.035428 0.028144 0.022159 0.017291 0.013373 0.010250 0.007787 0.005863 0.004375 0.003236 0.002372 0.001724 0.001241 0.000886 0.000627 0.000440 0.000305 0.000210 0.000143 0.000096 0.000063 0.000040 0.000024 0.000011 0.000000 
0.000000 0.000010 0.000021 0.000037 0.000058 0.000088 0.000132 0.000196 0.000287 0.000417 0.000600 0.000856 0.001209 0.001694 0.002352 0.003236 0.004414 0.005966 0.007994 0.010615 0.013971 0.018224 0.023561 0.030190 0.038340 0.048255 0.060193 0.074414 0.091173 0.110707 0.133223 0.158884 0.187790 0.219965 0.255343 0.293749 0.334899 0.378384 0.423673 0.470118 0.516964 0.563363 0.608401 0.651126 0.690577 0.725822 0.755995 0.780328 0.798187 0.809099 0.812769 0.809099 0.798187 0.780328 0.755995 0.725822 0.690577 0.651126 0.608401 0.563363 0.516964 0.470118 0.423673 0.378384 0.334899 0.293749 0.255343 0.219965 0.187790 0.158884 0.133223 0.110707 0.091173 0.074414 0.060193 0.048255 0.038340 0.030190 0.023561 0.018224 0.013971 0.010615 0.007994 0.005966 0.004414 0.003236 0.002352 0.001694 0.001209 0.000856 0.000600 0.000417 0.000287 0.000196 0.000131 0.000087 0.000055 0.000032 0.000015 0.000000 
0.000000 0.000013 0.000029 0.000049 0.000078 0.000120 0.000179 0.000266 0.000389 0.000565 0.000812 0.001158 0.001636 0.002291 0.003180 0.004375 0.005966 0.008064 0.010802 0.014342 0.018874 0.024617 0.031822 0.040769 0.051768 0.065148 0.081256 0.100442 0.123049 0.149397 0.179765 0.214370 0.253348 0.296731 0.344427 0.396205 0.451675 0.510290 0.571333 0.633930 0.697063 0.759592 0.820285 0.877858 0.931017 0.978507 1.019162 1.051948 1.076011 1.090712 1.095658 1.090712 1.076011 1.051948 1.019162 0.978507 0.931017 0.877858 0.820285 0.759592 0.697063 0.633930 0.571333 0.510290 0.451675 0.396205 0.344427 0.296731 0.253348 0.214370 0.179765 0.149397 0.123049 0.100442 0.081256 0.065148 0.051768 0.040769 0.031822 0.024617 0.018874 0.014342 0.010802 0.008064 0.005966 0.004375 0.003180 0.002291 0.001636 0.001158 0.000812 0.000564 0.000389 0.000265 0.000178 0.000117 0.000075 0.000044 0.000020 0.000000 
0.000000 0.000018 0.000039 0.000066 0.000105 0.000161 0.000241 0.000356 0.000522 0.000758 0.001089 0.001553 0.002193 0.003071 0.004262 0.005863 0.007994 0.010802 0.014468 0.019207 0.025273 0.032958 0.042598 0.054569 0.069282 0.087179 0.108721 0.134378 0.164606 0.199832 0.240430 0.286687 0.338785 0.396766 0.460506 0.529695 0.603815 0.682130 0.763684 0.847311 0.931649 1.015176 1.096247 1.173148 1.244151 1.307581 1.361879 1.405667 1.437804 1.457439 1.464043 1.457439 1.437804 1.405667 1.361879 1.307581 1.244151 1.173148 1.096247 1.015176 0.931649 0.847311 0.763684 0.682130 0.603815 0.529695 0.460506 0.396766 0.338785 0.286687 0.240430 0.199832 0.164606 0.134378 0.108721 0.087179 0.069282 0.054569 0.042598 0.032958 0.025273 0.019207 0.014468 0.010802 0.007993 0.005863 0.004262 0.003071 0.002193 0.001553 0.001089 0.000757 0.000521 0.000355 0.000239 0.000158 0.000100 0.000059 0.000027 0.000000 
0.000000 0.000024 0.000052 0.000088 0.000140 0.000214 0.000320 0.000474 0.000694 0.001007 0.001448 0.002064 0.002915 0.004080 0.005662 0.007787 0.010615 0.014342 0.019207 0.025495 0.033541 0.043735 0.056520 0.072395 0.091903 0.115630 0.144187 0.178193 0.218256 0.264938 0.318733 0.380022 0.449044 0.525853 0.610286 0.701929 0.800097 0.903814 1.011816 1.122556 1.234233 1.344830 1.452172 1.553987 1.647991 1.731967 1.803851 1.861820 1.904365 1.930358 1.939101 1.930358 1.904365 1.861820 1.803851 1.731967 1.647991 1.553987 1.452172 1.344830 1.234233 1.122556 1.011816 0.903814 0.800097 0.701929 0.610286 0.525853 0.449044 0.380022 0.318733 0.264938 0.218256 0.178193 0.144187 0.115630 0.091903 0.072395 0.056520 0.043735 0.033541 0.025495 0.019207 0.014342 0.010615 0.007787 0.005662 0.004080 0.002914 0.002063 0.001448 0.001007 0.000693 0.000472 0.000318 0.000210 0.000133 0.000078 0.000036 0.000000 
0.000000 0.000031 0.000068 0.000117 0.000184 0.000282 0.000422 0.000625 0.000915 0.001327 0.001908 0.002718 0.003838 0.005373 0.007454 0.010250 0.013971 0.018874 0.025273 0.033541 0.044120 0.057522 0.074329 0.095194 0.120832 0.152011 0.189532 0.234209 0.286837 0.348156 0.418810 0.499301 0.589939 0.690795 0.801654 0.921971 1.050846 1.186999 1.328767 1.474122 1.620700 1.765854 1.906730 2.040348 2.163712 2.273912 2.368243 2.444312 2.500140 2.534248 2.545721 2.534248 2.500140 2.444312 2.368243 2.273912 2.163712 2.040348 1.906730 1.765854 1.620700 1.474122 1.328767 1.186999 1.050846 0.921971 0.801654 0.690795 0.589939 0.499301 0.418810 0.348156 0.286837 0.234209 0.189532 0.152011 0.120832 0.095194 0.074329 0.057522 0.044120 0.033541 0.025272 0.018874 0.013971 0.010250 0.007454 0.005373 0.003838 0.002718 0.001907 0.001326 0.000914 0.000623 0.000419 0.000276 0.000176 0.000103 0.000048 0.000000 
0.000000 0.000041 0.000089 0.000152 0.000241 0.000368 0.000552 0.000816 0.001195 0.001733 0.002491 0.003548 0.005010 0.007012 0.009726 0.013373 0.018224 0.024617 0.032958 0.043735 0.057522 0.074985 0.096883 0.124065 0.157461 0.198070 0.246935 0.305113 0.373637 0.453471 0.545450 0.650226 0.768202 0.899468 1.043741 1.200314 1.368012 1.545170 1.729625 1.918736 2.109430 2.298264 2.481525 2.655339 2.815809 2.959152 3.081850 3.180793 3.253409 3.297772 3.312694 3.297772 3.253409 3.180793 3.081850 2.959152 2.815809 2.655339 2.481525 2.298264 2.109430 1.918736 1.729625 1.545170 1.368012 1.200314 1.043741 0.899468 0.768202 0.650226 0.545450 0.453471 0.373637 0.305113 0.246935 0.198070 0.157461 0.124065 0.096883 0.074985 0.057522 0.043735 0.032958 0.024617 0.018224 0.013373 0.009726 0.007011 0.005010 0.003548 0.002490 0.001732 0.001193 0.000813 0.000547 0.000361 0.000230 0.000135 0.000062 0.000000 
0.000000 0.000053 0.000116 0.000198 0.000312 0.000477 0.000714 0.001057 0.001547 0.002243 0.003223 0.004591 0.006481 0.009069 0.012578 0.017291 0.023561 0.031822 0.042598 0.056520 0.074329 0.096883 0.125162 0.160259 0.203376 0.255800 0.318875 0.393965 0.482400 0.585421 0.704105 0.839291 0.991495 1.160833 1.346938 1.548896 1.765190 1.993672 2.231553 2.475427 2.721331 2.964827 3.201126 3.425239 3.632139 3.816952 3.975146 4.102709 4.196328 4.253523 4.272761 4.253523 4.196328 4.102709 3.975146 3.816952 3.632139 3.425239 3.201126 2.964827 2.721331 2.475427 2.231553 1.993672 1.765190 1.548896 1.346938 1.160833 0.991495 0.839291 0.704105 0.585421 0.482400 0.393965 0.318875 0.255800 0.203376 0.160259 0.125162 0.096883 0.074329 0.056520 0.042598 0.031822 0.023561 0.017291 0.012578 0.009069 0.006481 0.004591 0.003223 0.002242 0.001545 0.001053 0.000709 0.000468 0.000298 0.000175 0.000081 0.000000 
0.000000 0.000068 0.000148 0.000254 0.000401 0.000612 0.000917 0.001356 0.001984 0.002877 0.004134 0.005887 0.008309 0.011625 0.016121 0.022159 0.030190 0.040769 0.054569 0.072395 0.095194 0.124065 0.160259 0.205177 0.260352 0.327429 0.408126 0.504186 0.617309 0.749078 0.900868 1.073748 1.268379 1.484903 1.722851 1.981052 2.257565 2.549643 2.853720 3.165444 3.479748 3.790962 4.092968 4.379389 4.643805 4.879989 5.082149 5.245164 5.364799 5.437888 5.462472 5.437888 5.364799 5.245164 5.082149 4.879989 4.643805 4.379389 4.092968 3.790962 3.479748 3.165444 2.853720 2.549643 2.257565 1.981052 1.722851 1.484903 1.268379 1.073748 0.900868 0.749078 0.617309 0.504186 0.408126 0.327429 0.260352 0.205177 0.160259 0.124065 0.095194 0.072395 0.054569 0.040769 0.030190 0.022159 0.016121 0.011625 0.008309 0.005886 0.004133 0.002876 0.001982 0.001351 0.000909 0.000600 0.000382 0.000225 0.000104 0.000000 
0.000000 0.000087 0.000189 0.000323 0.000510 0.000778 0.001166 0.001724 0.002523 0.003658 0.005254 0.007481 0.010558 0.014769 0.020478 0.028144 0.038340 0.051768 0.069282 0.091903 0.120832 0.157461 0.203376 0.260352 0.330331 0.415397 0.517727 0.639527 0.782948 0.949996 1.142410 1.361543 1.608227 1.882642 2.184189 2.511381 2.861759 3.231840 3.617105 4.012041 4.410229 4.804488 5.187068 5.549895 5.884837 6.184009 6.440080 6.646564 6.798098 6.890674 6.921812 6.890674 6.798098 6.646564 6.440080 6.184009 5.884837 5.549895 5.187068 4.804488 4.410229 4.012041 3.617105 3.231840 2.861759 2.511381 2.184189 1.882642 1.608227 1.361543 1.142410 0.949996 0.782948 0.639527 0.517727 0.415397 0.330331 0.260352 0.203376 0.157461 0.120832 0.091903 0.069282 0.051768 0.038340 0.028144 0.020478 0.014769 0.010558 0.007480 0.005253 0.003655 0.002519 0.001718 0.001157 0.000764 0.000487 0.000286 0.000132 0.000000 
0.000000 0.000110 0.000238 0.000407 0.000643 0.000981 0.001469 0.002173 0.003179 0.004608 0.006619 0.009422 0.013296 0.018596 0.025781 0.035428 0.048255 0.065148 0.087179 0.115630 0.152011 0.198070 0.255800 0.327429 0.415397 0.522321 0.650933 0.804001 0.984228 1.194126 1.435879 1.711182 2.021077 2.365785 2.744552 3.155507 3.595561 4.060335 4.544157 5.040101 5.540109 6.035164 6.515540 6.971099 7.391636 7.767255 8.088751 8.347988 8.538235 8.654460 8.693553 8.654460 8.538235 8.347988 8.088751 7.767255 7.391636 6.971099 6.515540 6.035164 5.540109 5.040101 4.544157 4.060335 3.595561 3.155507 2.744552 2.365785 2.021077 1.711182 1.435879 1.194126 0.984228 0.804001 0.650933 0.522321 0.415397 0.327429 0.255800 0.198070 0.152011 0.115630 0.087179 0.065148 0.048255 0.035428 0.025781 0.018596 0.013295 0.009421 0.006617 0.004605 0.003175 0.002165 0.001458 0.000962 0.000613 0.000361 0.000167 0.000000 
0.000000 0.000137 0.000297 0.000508 0.000803 0.001226 0.001835 0.002713 0.003970 0.005753 0.008262 0.011761 0.016593 0.023205 0.032167 0.044197 0.060193 0.081256 0.108721 0.144187 0.189532 0.246935 0.318875 0.408126 0.517727 0.650933 0.811144 1.001803 1.226272 1.487677 1.788731 2.131540 2.517398 2.946576 3.418130 3.929729 4.477523 5.056063 5.658284 6.275569 6.897887 7.514020 8.111865 8.678807 9.202151 9.669587 10.069664 10.392259 10.628999 10.773628 10.822274 10.773628 10.628999 10.392259 10.069664 9.669587 9.202151 8.678807 8.111865 7.514020 6.897887 6.275569 5.658284 5.056063 4.477523 3.929729 3.418130 2.946576 2.517398 2.131540 1.788731 1.487677 1.226272 1.001803 0.811144 0.650933 0.517727 0.408126 0.318875 0.246935 0.189532 0.144187 0.108721 0.081256 0.060193 0.044197 0.032167 0.023205 0.016592 0.011759 0.008260 0.005750 0.003964 0.002704 0.001821 0.001202 0.000766 0.000451 0.000208 0.000000 
0.000000 0.000170 0.000368 0.000630 0.000994 0.001517 0.002272 0.003358 0.004913 0.007118 0.010222 0.014548 0.020523 0.028698 0.039776 0.054646 0.074414 0.100442 0.134378 0.178193 0.234209 0.305113 0.393965 0.504186 0.639527 0.804001 1.001803 1.237178 1.514272 1.836936 2.208516 2.631604 3.107790 3.637406 4.219281 4.850537 5.526419 6.240202 6.983169 7.744690 8.512391 9.272437 10.009900 10.709225 11.354757 11.931315 12.424781 12.822673 13.114669 13.293053 13.353052 13.293053 13.114669 12.822673 12.424781 11.931315 11.354757 10.709225 10.009900 9.272437 8.512391 7.744690 6.983169 6.240202 5.526419 4.850537 4.219281 3.637406 3.107790 2.631604 2.208516 1.836936 1.514272 1.237178 1.001803 0.804001 0.639527 0.504186 0.393965 0.305113 0.234209 0.178193 0.134378 0.100441 0.074414 0.054645 0.039775 0.028697 0.020522 0.014547 0.010219 0.007114 0.004906 0.003347 0.002254 0.001488 0.000949 0.000558 0.000258 0.000000 
0.000000 0.000208 0.000452 0.000773 0.001220 0.001862 0.002787 0.004119 0.006025 0.008729 0.012533 0.017835 0.025157 0.035173 0.048744 0.066960 0.091173 0.123049 0.164606 0.218256 0.286837 0.373637 0.482400 0.617309 0.782948 0.984228 1.226272 1.514272 1.853292 2.248039 2.702599 3.220136 3.802589 4.450358 5.162005 5.934006 6.760544 7.633390 8.541887 9.473034 10.411706 11.340986 12.242630 13.097622 13.886830 14.591699 15.194974 15.681401 16.038365 16.256437 16.329786 16.256437 16.038365 15.681401 15.194974 14.591699 13.886830 13.097622 12.242630 11.340986 10.411706 9.473034 8.541887 7.633390 6.760544 5.934006 5.162005 4.450358 3.802589 3.220136 2.702599 2.248039 1.853292 1.514272 1.226272 0.984228 0.782948 0.617309 0.482400 0.373637 0.286837 0.218256 0.164606 0.123048 0.091173 0.066959 0.048744 0.035172 0.025156 0.017833 0.012530 0.008724 0.006016 0.004105 0.002765 0.001826 0.001164 0.000685 0.000316 0.000000 
0.000000 0.000253 0.000550 0.000940 0.001484 0.002264 0.003388 0.005007 0.007322 0.010608 0.015228 0.021668 0.030560 0.042722 0.059201 0.081315 0.110707 0.149397 0.199832 0.264938 0.348156 0.453471 0.585421 0.749078 0.949996 1.194126 1.487677 1.836936 2.248039 2.726687 3.277822 3.905277 4.611395 5.396650 6.259298 7.195059 8.196879 9.254782 10.355850 11.484328 12.621886 13.748029 14.840649 15.876711 16.833036 17.687147 18.418143 19.007545 19.440073 19.704307 19.793181 19.704307 19.440073 19.007545 18.418143 17.687147 16.833036 15.876711 14.840649 13.748029 12.621886 11.484328 10.355850 9.254782 8.196879 7.195059 6.259298 5.396650 4.611395 3.905277 3.277822 2.726687 2.248039 1.836936 1.487677 1.194126 0.949996 0.749078 0.585421 0.453471 0.348156 0.264938 0.199832 0.149397 0.110707 0.081314 0.059200 0.042722 0.030559 0.021666 0.015224 0.010601 0.007312 0.004990 0.003361 0.002220 0.001416 0.000833 0.000385 0.000000 
0.000000 0.000305 0.000663 0.001132 0.001788 0.002727 0.004082 0.006032 0.008820 0.012775 0.018338 0.026089 0.036791 0.051428 0.071256 0.097863 0.133223 0.179765 0.240430 0.318733 0.418810 0.545450 0.704105 0.900868 1.142410 1.435879 1.788731 2.208516 2.702599 3.277822 3.940119 4.694084 5.542524 6.486004 7.522418 8.646619 9.850128 11.120959 12.443592 13.799103 15.165477 16.518099 17.830421 19.074784 20.223355 21.249146 22.127062 22.834917 23.354368 23.671700 23.778434 23.671700 23.354368 22.834917 22.127062 21.249146 20.223355 19.074784 17.830421 16.518099 15.165477 13.799103 12.443592 11.120959 9.850128 8.646619 7.522418 6.486004 5.542524 4.694084 3.940119 3.277822 2.702599 2.208516 1.788731 1.435879 1.142410 0.900868 0.704105 0.545450 0.418810 0.318733 0.240430 0.179765 0.133223 0.097863 0.071256 0.051427 0.036790 0.026086 0.018333 0.012767 0.008807 0.006011 0.004049 0.002675 0.001706 0.001004 0.000464 0.000000 
0.000000 0.000364 0.000792 0.001352 0.002135 0.003257 0.004874 0.007200 0.010527 0.015247 0.021883 0.031130 0.043895 0.061352 0.084998 0.116724 0.158884 0.214370 0.286687 0.380022 0.499301 0.650226 0.839291 1.073748 1.361543 1.711182 2.131540 2.631604 3.220136 3.905277 4.694084 5.592020 6.602416 7.725936 8.960067 10.298673 11.731651 13.244728 14.819424 16.433209 18.059877 19.670127 21.232363 22.713665 24.080907 25.301974 26.347000 27.189586 27.807902 28.185628 28.312675 28.185628 27.807902 27.189586 26.347000 25.301974 24.080907 22.713665 21.232363 19.670127 18.059877 16.433209 14.819424 13.244728 11.731651 10.298673 8.960067 7.725936 6.602416 5.592020 4.694084 3.905277 3.220136 2.631604 2.131540 1.711182 1.361543 1.073748 0.839291 0.650226 0.499301 0.380022 0.286687 0.214370 0.158884 0.116724 0.084997 0.061351 0.043893 0.031127 0.021878 0.015237 0.010512 0.007176 0.004834 0.003194 0.002037 0.001199 0.000554 0.000000 
0.000000 0.000431 0.000937 0.001601 0.002527 0.003853 0.005766 0.008518 0.012452 0.018033 0.025880 0.036812 0.051901 0.072534 0.100480 0.137972 0.187790 0.253348 0.338785 0.449044 0.589939 0.768202 0.991495 1.268379 1.608227 2.021077 2.517398 3.107790 3.802589 4.611395 5.542524 6.602416 7.794992 9.121026 10.577542 12.157291 13.848345 15.633859 17.492021 19.396249 21.315620 23.215570 25.058824 26.806547 28.419666 29.860299 31.093221 32.087293 32.816768 33.262399 33.412285 33.262399 32.816768 32.087293 31.093221 29.860299 28.419666 26.806547 25.058824 23.215570 21.315620 19.396249 17.492021 15.633859 13.848345 12.157291 10.577542 9.121026 7.794992 6.602416 5.542524 4.611395 3.802589 3.107790 2.517398 2.021077 1.608227 1.268379 0.991495 0.768202 0.589939 0.449044 0.338785 0.253348 0.187790 0.137972 0.100479 0.072533 0.051899 0.036808 0.025873 0.018022 0.012434 0.008489 0.005720 0.003780 0.002410 0.001419 0.000656 0.000000 
0.000000 0.000506 0.001099 0.001877 0.002963 0.004519 0.006761 0.009986 0.014597 0.021137 0.030330 0.043138 0.060815 0.084984 0.117717 0.161626 0.219965 0.296731 0.396766 0.525853 0.690795 0.899468 1.160833 1.484903 1.882642 2.365785 2.946576 3.637406 4.450358 5.396650 6.486004 7.725936 9.121026 10.672166 12.375865 14.223637 16.201524 18.289818 20.463009 22.690008 24.934655 27.156534 29.312060 31.355831 33.242164 34.926771 36.368473 37.530866 38.383853 38.904934 39.080197 38.904934 38.383853 37.530866 36.368473 34.926771 33.242164 31.355831 29.312060 27.156534 24.934655 22.690008 20.463009 18.289818 16.201524 14.223637 12.375865 10.672166 9.121026 7.725936 6.486004 5.396650 4.450358 3.637406 2.946576 2.365785 1.882642 1.484903 1.160833 0.899468 0.690795 0.525853 0.396766 0.296731 0.219965 0.161626 0.117716 0.084983 0.060813 0.043134 0.030323 0.021124 0.014576 0.009952 0.006706 0.004432 0.002827 0.001664 0.000769 0.000000 
0.000000 0.000588 0.001277 0.002182 0.003444 0.005251 0.007855 0.011601 0.016957 0.024551 0.035227 0.050098 0.070620 0.098677 0.136672 0.187636 0.255343 0.344427 0.460506 0.610286 0.801654 1.043741 1.346938 1.722851 2.184189 2.744552 3.418130 4.219281 5.162005 6.259298 7.522418 8.960067 10.577542 12.375865 14.350980 16.493037 18.785851 21.206570 23.725624 26.306975 28.908715 31.484002 33.982330 36.351084 38.537330 40.489749 42.160626 43.507783 44.496347 45.100247 45.303365 45.100247 44.496347 43.507783 42.160626 40.489749 38.537330 36.351084 33.982330 31.484002 28.908715 26.306975 23.725624 21.206570 18.785851 16.493037 14.350980 12.375865 10.577542 8.960067 7.522418 6.259298 5.162005 4.219281 3.418130 2.744552 2.184189 1.722851 1.346938 1.043741 0.801654 0.610286 0.460506 0.344427 0.255342 0.187635 0.136671 0.098675 0.070617 0.050092 0.035218 0.024536 0.016932 0.011562 0.007792 0.005150 0.003285 0.001934 0.000894 0.000000 
0.000000 0.000677 0.001471 0.002513 0.003966 0.006046 0.009044 0.013357 0.019520 0.028260 0.040545 0.057657 0.081269 0.113546 0.157254 0.215875 0.293749 0.396205 0.529695 0.701929 0.921971 1.200314 1.548896 1.981052 2.511381 3.155507 3.929729 4.850537 5.934006 7.195059 8.646619 10.298673 12.157291 14.223637 16.493037 18.954166 21.588419 24.369539 27.263548 30.229049 33.217899 36.176295 39.046224 41.767259 44.278603 46.521320 48.440612 49.988042 51.123561 51.817231 52.050542 51.817231 51.123561 49.988042 48.440612 46.521320 44.278603 41.767259 39.046224 36.176295 33.217899 30.229049 27.263548 24.369539 21.588419 18.954166 16.493037 14.223637 12.157291 10.298673 8.646619 7.195059 5.934006 4.850537 3.929729 3.155507 2.511381 1.981052 1.548896 1.200314 0.921971 0.701929 0.529695 0.396204 0.293749 0.215875 0.157252 0.113544 0.081265 0.057650 0.040535 0.028243 0.019492 0.013311 0.008971 0.005930 0.003783 0.002227 0.001029 0.000000 
0.000000 0.000773 0.001679 0.002868 0.004526 0.006899 0.010320 0.015239 0.022269 0.032237 0.046247 0.065758 0.092681 0.129481 0.179308 0.246134 0.334899 0.451675 0.603815 0.800097 1.050846 1.368012 1.765190 2.257565 2.861759 3.595561 4.477523 5.526419 6.760544 8.196879 9.850128 11.731651 13.848345 16.201524 18.785851 21.588419 24.588036 27.754797 31.050012 34.426544 37.829583 41.197878 44.465388 47.563323 50.422482 52.975777 55.160836 56.922526 58.215262 59.004971 59.270583 59.004971 58.215262 56.922526 55.160836 52.975777 50.422482 47.563323 44.465388 41.197878 37.829583 34.426544 31.050012 27.754797 24.588036 21.588419 18.785851 16.201524 13.848345 11.731651 9.850128 8.196879 6.760543 5.526419 4.477523 3.595561 2.861759 2.257565 1.765190 1.368012 1.050846 0.800097 0.603815 0.451675 0.334899 0.246133 0.179307 0.129478 0.092676 0.065751 0.046235 0.032217 0.022237 0.015187 0.010236 0.006766 0.004317 0.002541 0.001175 0.000000 
0.000000 0.000875 0.001899 0.003243 0.005118 0.007801 0.011668 0.017229 0.025175 0.036441 0.052274 0.074323 0.104744 0.146323 0.202618 0.278111 0.378384 0.510290 0.682130 0.903814 1.186999 1.545170 1.993672 2.549643 3.231840 4.060335 5.056063 6.240202 7.633390 9.254782 11.120959 13.244728 15.633859 18.289818 21.206570 24.369539 27.754797 31.328589 35.047253 38.857594 42.697767 46.498657 50.185754 53.681447 56.907661 59.788712 62.254233 64.242029 65.700674 66.591730 66.891429 66.591730 65.700674 64.242029 62.254233 59.788712 56.907661 53.681447 50.185754 46.498657 42.697767 38.857594 35.047253 31.328589 27.754797 24.369539 21.206570 18.289818 15.633859 13.244728 11.120959 9.254782 7.633390 6.240202 5.056063 4.060335 3.231840 2.549643 1.993672 1.545170 1.186999 0.903814 0.682129 0.510289 0.378384 0.278110 0.202616 0.146321 0.104739 0.074314 0.052260 0.036419 0.025139 0.017170 0.011574 0.007651 0.004881 0.002874 0.001328 0.000000 
0.000000 0.000980 0.002128 0.003635 0.005735 0.008742 0.013074 0.019303 0.028204 0.040822 0.058554 0.083246 0.117311 0.163868 0.226898 0.311418 0.423673 0.571333 0.763684 1.011816 1.328767 1.729625 2.231553 2.853720 3.617105 4.544157 5.658284 6.983169 8.541887 10.355850 12.443592 14.819424 17.492021 20.463009 23.725624 27.263548 31.050012 35.047253 39.206434 43.468060 47.762965 52.013859 56.137421 60.046865 63.654889 66.876865 69.634117 71.857100 73.488317 74.484790 74.819945 74.484790 73.488317 71.857100 69.634117 66.876865 63.654889 60.046865 56.137421 52.013859 47.762965 43.468060 39.206434 35.047253 31.050012 27.263548 23.725624 20.463009 17.492021 14.819424 12.443592 10.355850 8.541887 6.983169 5.658284 4.544157 3.617105 2.853720 2.231553 1.729625 1.328767 1.011816 0.763684 0.571332 0.423673 0.311417 0.226896 0.163865 0.117305 0.083236 0.058538 0.040797 0.028163 0.019237 0.012968 0.008573 0.005470 0.003221 0.001489 0.000000 
0.000000 0.001089 0.002364 0.004036 0.006369 0.009707 0.014516 0.021431 0.031311 0.045316 0.064996 0.092399 0.130202 0.181864 0.251801 0.345577 0.470118 0.633930 0.847311 1.122556 1.474122 1.918736 2.475427 3.165444 4.012041 5.040101 6.275569 7.744690 9.473034 11.484328 13.799103 16.433209 19.396249 22.690008 26.306975 30.229049 34.426544 38.857594 43.468060 48.191992 52.952726 57.664599 62.235262 66.568534 70.567662 74.138860 77.194938 79.658828 81.466812 82.571265 82.942737 82.571265 81.466812 79.658828 77.194938 74.138860 70.567662 66.568534 62.235262 57.664599 52.952726 48.191992 43.468060 38.857594 34.426544 30.229049 26.306975 22.690008 19.396249 16.433209 13.799103 11.484328 9.473034 7.744690 6.275569 5.040101 4.012041 3.165444 2.475427 1.918736 1.474122 1.122556 0.847311 0.633930 0.470118 0.345576 0.251799 0.181861 0.130196 0.092389 0.064979 0.045288 0.031266 0.021357 0.014399 0.009520 0.006074 0.003577 0.001653 0.000000 
0.000000 0.001198 0.002601 0.004442 0.007008 0.010681 0.015972 0.023579 0.034447 0.049852 0.071497 0.101634 0.143207 0.200018 0.276921 0.380032 0.516964 0.697063 0.931649 1.234233 1.620700 2.109430 2.721331 3.479748 4.410229 5.540109 6.897887 8.512391 10.411706 12.621886 15.165477 18.059877 21.315620 24.934655 28.908715 33.217899 37.829583 42.697767 47.762965 52.952726 58.182833 63.359181 68.380332 73.140636 77.533820 81.456874 84.814028 87.520637 89.506718 90.719961 91.128024 90.719961 89.506718 87.520637 84.814028 81.456874 77.533820 73.140636 68.380332 63.359181 58.182833 52.952726 47.762965 42.697767 37.829583 33.217899 28.908715 24.934655 21.315620 18.059877 15.165477 12.621886 10.411706 8.512391 6.897887 5.540109 4.410229 3.479748 2.721331 2.109430 1.620700 1.234233 0.931649 0.697063 0.516963 0.380030 0.276918 0.200014 0.143200 0.101623 0.071478 0.049821 0.034397 0.023498 0.015842 0.010475 0.006684 0.003936 0.001819 0.000000 
0.000000 0.001307 0.002837 0.004844 0.007642 0.011646 0.017415 0.025707 0.037554 0.054345 0.077937 0.110784 0.156091 0.218002 0.301804 0.414160 0.563363 0.759592 1.015176 1.344830 1.765854 2.298264 2.964827 3.790962 4.804488 6.035164 7.514020 9.272437 11.340986 13.748029 16.518099 19.670127 23.215570 27.156534 31.484002 36.176295 41.197878 46.498657 52.013859 57.664599 63.359181 68.995154 74.462081 79.644946 84.428058 88.699276 92.354348 95.301127 97.463434 98.784325 99.228594 98.784325 97.463434 95.301127 92.354348 88.699276 84.428058 79.644946 74.462081 68.995154 63.359181 57.664599 52.013859 46.498657 41.197878 36.176295 31.484002 27.156534 23.215570 19.670127 16.518099 13.748029 11.340986 9.272437 7.514020 6.035164 4.804488 3.790962 2.964826 2.298264 1.765854 1.344830 1.015176 0.759592 0.563362 0.414159 0.301801 0.217998 0.156084 0.110771 0.077917 0.054312 0.037499 0.025619 0.017273 0.011422 0.007289 0.004292 0.001984 0.000000 
0.000000 0.001412 0.003066 0.005234 0.008258 0.012584 0.018816 0.027774 0.040571 0.058709 0.084191 0.119667 0.168599 0.235461 0.325960 0.447289 0.608401 0.820285 1.096247 1.452172 1.906730 2.481525 3.201126 4.092968 5.187068 6.515540 8.111865 10.009900 12.242630 14.840649 17.830421 21.232363 25.058824 29.312060 33.982330 39.046224 44.465388 50.185754 56.137421 62.235262 68.380332 74.462081 80.361349 85.954035 91.115315 95.724194 99.668193 102.847896 105.181110 106.606400 107.085781 106.606400 105.181110 102.847896 99.668193 95.724194 91.115315 85.954035 80.361349 74.462081 68.380332 62.235262 56.137421 50.185754 44.465388 39.046224 33.982330 29.312060 25.058824 21.232363 17.830421 14.840649 12.242630 10.009900 8.111865 6.515540 5.187068 4.092968 3.201126 2.481525 1.906730 1.452172 1.096247 0.820285 0.608401 0.447288 0.325957 0.235456 0.168591 0.119654 0.084169 0.058672 0.040512 0.027678 0.018663 0.012341 0.007876 0.004638 0.002144 0.000000 
