0.000000 0.000000 0.000000 0.000000 0.000000 0.000000 0.000000 0.000000 0.000000 0.000000 0.000000 0.000000 0.000000 0.000000 0.000000 0.000000 0.000000 0.000000 0.000000 0.000000 0.000000 0.000000 0.000000 0.000000 0.000000 0.000000 0.000000 0.000000 0.000000 0.000000 0.000000 0.000000 0.000000 0.000000 0.000000 0.000000 0.000000 0.000000 0.000000 0.000000 0.000000 0.000000 0.000000 0.000000 0.000000 0.000000 0.000000 0.000000 0.000000 0.000000 0.000000 0.000000 0.000000 0.000000 0.000000 0.000000 0.000000 0.000000 0.000000 0.000000 0.000000 0.000000 0.000000 0.000000 0.000000 0.000000 0.000000 0.000000 0.000000 0.000000 0.000000 0.000000 0.000000 0.000000 0.000000 0.000000 0.000000 0.000000 0.000000 0.000000 0.000000 0.000000 0.000000 0.000000 0.000000 0.000000 0.000000 0.000000 0.000000 0.000000 0.000000 0.000000 0.000000 0.000000 0.000000 0.000000 0.000000 0.000000 0.000000 0.000000 
0.000000 0.000000 0.000000 0.000000 0.000000 0.000000 0.000000 0.000000 0.000000 0.000000 0.000001 0.000001 0.000001 0.000002 0.000003 0.000004 0.000005 0.000007 0.000009 0.000013 0.000017 0.000022 0.000029 0.000038 0.000049 0.000063 0.000079 0.000099 0.000123 0.000150 0.000183 0.000221 0.000263 0.000311 0.000364 0.000422 0.000485 0.000552 0.000622 0.000695 0.000768 0.000841 0.000913 0.000980 0.001043 0.001100 0.001148 0.001187 0.001216 0.001234 0.001240 0.001234 0.001216 0.001187 0.001148 0.001100 0.001043 0.000980 0.000913 0.000841 0.000768 0.000695 0.000622 0.000552 0.000485 0.000422 0.000364 0.000311 0.000263 0.000221 0.000183 0.000150 0.000123 0.000099 0.000079 0.000063 0.000049 0.000038 0.000029 0.000022 0.000017 0.000013 0.000009 0.000007 0.000005 0.000004 0.000003 0.000002 0.000001 0.000001 0.000001 0.000000 0.000000 0.000000 0.000000 0.000000 0.000000 0.000000 0.000000 0.000000 
0.000000 0.000000 0.000000 0.000000 0.000000 0.000000 0.000000 0.000000 0.000001 0.000001 0.000001 0.000002 0.000003 0.000004 0.000006 0.000008 0.000011 0.000015 0.000020 0.000028 0.000037 0.000049 0.000064 0.000083 0.000107 0.000137 0.000173 0.000217 0.000268 0.000330 0.000401 0.000483 0.000576 0.000681 0.000797 0.000925 0.001062 0.001209 0.001362 0.001520 0.001681 0.001841 0.001997 0.002146 0.002283 0.002407 0.002513 0.002598 0.002661 0.002700 0.002713 0.002700 0.002661 0.002598 0.002513 0.002407 0.002283 0.002146 0.001997 0.001841 0.001681 0.001520 0.001362 0.001209 0.001062 0.000925 0.000797 0.000681 0.000576 0.000483 0.000401 0.000330 0.000268 0.000217 0.000173 0.000137 0.000107 0.000083 0.000064 0.000049 0.000037 0.000028 0.000020 0.000015 0.000011 0.000008 0.000006 0.000004 0.000003 0.000002 0.000001 0.000001 0.000001 0.000000 0.000000 0.000000 0.000000 0.000000 0.000000 0.000000 
0.000000 0.000000 0.000000 0.000000 0.000000 0.000000 0.000000 0.000001 0.000001 0.000002 0.000002 0.000003 0.000005 0.000007 0.000010 0.000014 0.000019 0.000026 0.000035 0.000048 0.000064 0.000085 0.000111 0.000144 0.000186 0.000237 0.000299 0.000375 0.000464 0.000570 0.000693 0.000835 0.000996 0.001178 0.001379 0.001599 0.001836 0.002089 0.002354 0.002628 0.002905 0.003182 0.003451 0.003708 0.003946 0.004159 0.004342 0.004490 0.004598 0.004665 0.004687 0.004665 0.004598 0.004490 0.004342 0.004159 0.003946 0.003708 0.003451 0.003182 0.002905 0.002628 0.002354 0.002089 0.001836 0.001599 0.001379 0.001178 0.000996 0.000835 0.000693 0.000570 0.000464 0.000375 0.000299 0.000237 0.000186 0.000144 0.000111 0.000085 0.000064 0.000048 0.000035 0.000026 0.000019 0.000014 0.000010 0.000007 0.000005 0.000003 0.000002 0.000002 0.000001 0.000001 0.000000 0.000000 0.000000 0.000000 0.000000 0.000000 
0.000000 0.000000 0.000000 0.000000 0.000000 0.000000 0.000001 0.000001 0.000002 0.000003 0.000004 0.000005 0.000008 0.000011 0.000016 0.000022 0.000030 0.000042 0.000057 0.000077 0.000103 0.000136 0.000178 0.000232 0.000298 0.000380 0.000480 0.000601 0.000744 0.000914 0.001111 0.001338 0.001597 0.001887 0.002209 0.002561 0.002941 0.003346 0.003771 0.004208 0.004653 0.005095 0.005526 0.005937 0.006317 0.006658 0.006951 0.007188 0.007362 0.007468 0.007504 0.007468 0.007362 0.007188 0.006951 0.006658 0.006317 0.005937 0.005526 0.005095 0.004653 0.004208 0.003771 0.003346 0.002941 0.002561 0.002209 0.001887 0.001597 0.001338 0.001111 0.000914 0.000744 0.000601 0.000480 0.000380 0.000298 0.000232 0.000178 0.000136 0.000103 0.000077 0.000057 0.000042 0.000030 0.000022 0.000016 0.000011 0.000008 0.000005 0.000004 0.000003 0.000002 0.000001 0.000001 0.000000 0.000000 0.000000 0.000000 0.000000 
0.000000 0.000000 0.000000 0.000000 0.000000 0.000001 0.000001 0.000002 0.000003 0.000004 0.000006 0.000008 0.000012 0.000017 0.000024 0.000034 0.000047 0.000065 0.000088 0.000119 0.000159 0.000211 0.000277 0.000360 0.000463 0.000590 0.000745 0.000932 0.001154 0.001417 0.001723 0.002075 0.002475 0.002925 0.003423 0.003969 0.004558 0.005185 0.005842 0.006520 0.007208 0.007892 0.008560 0.009195 0.009784 0.010312 0.010765 0.011131 0.011400 0.011565 0.011620 0.011565 0.011400 0.011131 0.010765 0.010312 0.009784 0.009195 0.008560 0.007892 0.007208 0.006520 0.005842 0.005185 0.004558 0.003969 0.003423 0.002925 0.002475 0.002075 0.001723 0.001417 0.001154 0.000932 0.000745 0.000590 0.000463 0.000360 0.000277 0.000211 0.000159 0.000119 0.000088 0.000065 0.000047 0.000034 0.000024 0.000017 0.000012 0.000008 0.000006 0.000004 0.000003 0.000002 0.000001 0.000001 0.000000 0.000000 0.000000 0.000000 
0.000000 0.000000 0.000000 0.000000 0.000001 0.000001 0.000002 0.000003 0.000004 0.000006 0.000009 0.000013 0.000018 0.000026 0.000037 0.000052 0.000072 0.000099 0.000135 0.000182 0.000243 0.000322 0.000422 0.000548 0.000705 0.000899 0.001135 0.001419 0.001758 0.002158 0.002623 0.003159 0.003768 0.004451 0.005210 0.006040 0.006935 0.007888 0.008887 0.009918 0.010963 0.012004 0.013018 0.013984 0.014880 0.015682 0.016370 0.016927 0.017335 0.017586 0.017670 0.017586 0.017335 0.016927 0.016370 0.015682 0.014880 0.013984 0.013018 0.012004 0.010963 0.009918 0.008887 0.007888 0.006935 0.006040 0.005210 0.004451 0.003768 0.003159 0.002623 0.002158 0.001758 0.001419 0.001135 0.000899 0.000705 0.000548 0.000422 0.000322 0.000243 0.000182 0.000135 0.000099 0.000072 0.000052 0.000037 0.000026 0.000018 0.000013 0.000009 0.000006 0.000004 0.000003 0.000002 0.000001 0.000001 0.000000 0.000000 0.000000 
0.000000 0.000000 0.000000 0.000001 0.000001 0.000002 0.000003 0.000004 0.000006 0.000009 0.000013 0.000019 0.000028 0.000040 0.000056 0.000078 0.000109 0.000149 0.000203 0.000274 0.000366 0.000485 0.000635 0.000825 0.001061 0.001353 0.001707 0.002135 0.002644 0.003245 0.003944 0.004748 0.005663 0.006690 0.007829 0.009075 0.010420 0.011850 0.013350 0.014897 0.016466 0.018027 0.019550 0.021000 0.022343 0.023547 0.024580 0.025414 0.026028 0.026403 0.026529 0.026403 0.026028 0.025414 0.024580 0.023547 0.022343 0.021000 0.019550 0.018027 0.016466 0.014897 0.013350 0.011850 0.010420 0.009075 0.007829 0.006690 0.005663 0.004748 0.003944 0.003245 0.002644 0.002135 0.001707 0.001353 0.001061 0.000825 0.000635 0.000485 0.000366 0.000274 0.000203 0.000149 0.000109 0.000078 0.000056 0.000040 0.000028 0.000019 0.000013 0.000009 0.000006 0.000004 0.000003 0.000002 0.000001 0.000001 0.000000 0.000000 
0.000000 0.000000 0.000001 0.000001 0.000002 0.000003 0.000004 0.000006 0.000009 0.000014 0.000020 0.000029 0.000042 0.000059 0.000084 0.000117 0.000162 0.000223 0.000303 0.000409 0.000546 0.000722 0.000947 0.001229 0.001581 0.002014 0.002541 0.003177 0.003935 0.004828 0.005867 0.007063 0.008423 0.009949 0.011642 0.013493 0.015491 0.017616 0.019844 0.022142 0.024472 0.026791 0.029051 0.031204 0.033199 0.034986 0.036520 0.037759 0.038670 0.039227 0.039414 0.039227 0.038670 0.037759 0.036520 0.034986 0.033199 0.031204 0.029051 0.026791 0.024472 0.022142 0.019844 0.017616 0.015491 0.013493 0.011642 0.009949 0.008423 0.007063 0.005867 0.004828 0.003935 0.003177 0.002541 0.002014 0.001581 0.001229 0.000947 0.000722 0.000546 0.000409 0.000303 0.000223 0.000162 0.000117 0.000084 0.000059 0.000042 0.000029 0.000020 0.000014 0.000009 0.000006 0.000004 0.000003 0.000002 0.000001 0.000000 0.000000 
0.000000 0.000000 0.000001 0.000002 0.000003 0.000004 0.000006 0.000009 0.000014 0.000020 0.000029 0.000043 0.000061 0.000088 0.000124 0.000173 0.000240 0.000329 0.000448 0.000604 0.000806 0.001066 0.001396 0.001813 0.002331 0.002969 0.003747 0.004684 0.005800 0.007114 0.008645 0.010406 0.012407 0.014654 0.017144 0.019868 0.022808 0.025935 0.029213 0.032593 0.036020 0.039430 0.042755 0.045921 0.048855 0.051483 0.053738 0.055560 0.056899 0.057718 0.057994 0.057718 0.056899 0.055560 0.053738 0.051483 0.048855 0.045921 0.042755 0.039430 0.036020 0.032593 0.029213 0.025935 0.022808 0.019868 0.017144 0.014654 0.012407 0.010406 0.008645 0.007114 0.005800 0.004684 0.003747 0.002969 0.002331 0.001813 0.001396 0.001066 0.000806 0.000604 0.000448 0.000329 0.000240 0.000173 0.000124 0.000088 0.000061 0.000043 0.000029 0.000020 0.000014 0.000009 0.000006 0.000004 0.000002 0.000001 0.000001 0.000000 
0.000000 0.000001 0.000001 0.000002 0.000004 0.000006 0.000009 0.000013 0.000020 0.000029 0.000043 0.000063 0.000090 0.000128 0.000181 0.000253 0.000351 0.000482 0.000655 0.000883 0.001178 0.001558 0.002041 0.002649 0.003405 0.004337 0.005472 0.006839 0.008468 0.010386 0.012618 0.015186 0.018105 0.021381 0.025012 0.028984 0.033269 0.037827 0.042603 0.047529 0.052523 0.057493 0.062338 0.066950 0.071224 0.075052 0.078338 0.080992 0.082943 0.084136 0.084538 0.084136 0.082943 0.080992 0.078338 0.075052 0.071224 0.066950 0.062338 0.057493 0.052523 0.047529 0.042603 0.037827 0.033269 0.028984 0.025012 0.021381 0.018105 0.015186 0.012618 0.010386 0.008468 0.006839 0.005472 0.004337 0.003405 0.002649 0.002041 0.001558 0.001178 0.000883 0.000655 0.000482 0.000351 0.000253 0.000181 0.000128 0.000090 0.000063 0.000043 0.000029 0.000020 0.000013 0.000009 0.000006 0.000004 0.000002 0.000001 0.000000 
0.000000 0.000001 0.000002 0.000003 0.000005 0.000008 0.000013 0.000019 0.000029 0.000043 0.000063 0.000091 0.000131 0.000186 0.000262 0.000367 0.000509 0.000698 0.000949 0.001279 0.001706 0.002256 0.002955 0.003835 0.004929 0.006277 0.007918 0.009895 0.012249 0.015022 0.018248 0.021959 0.026176 0.030910 0.036155 0.041892 0.048081 0.054664 0.061561 0.068674 0.075885 0.083060 0.090053 0.096713 0.102881 0.108408 0.113150 0.116981 0.119797 0.121519 0.122099 0.121519 0.119797 0.116981 0.113150 0.108408 0.102881 0.096713 0.090053 0.083060 0.075885 0.068674 0.061561 0.054664 0.048081 0.041892 0.036155 0.030910 0.026176 0.021959 0.018248 0.015022 0.012249 0.009895 0.007918 0.006277 0.004929 0.003835 0.002955 0.002256 0.001706 0.001279 0.000949 0.000698 0.000509 0.000367 0.000262 0.000186 0.000131 0.000091 0.000063 0.000043 0.000029 0.000019 0.000013 0.000008 0.000005 0.000003 0.000001 0.000000 
0.000000 0.000001 0.000003 0.000005 0.000008 0.000012 0.000018 0.000028 0.000042 0.000061 0.000090 0.000131 0.000188 0.000267 0.000377 0.000527 0.000730 0.001002 0.001363 0.001835 0.002449 0.003237 0.004240 0.005500 0.007069 0.009000 0.011352 0.014184 0.017557 0.021527 0.026148 0.031462 0.037499 0.044275 0.051783 0.059994 0.068852 0.078271 0.088141 0.098317 0.108633 0.118898 0.128902 0.138427 0.147251 0.155155 0.161938 0.167418 0.171445 0.173908 0.174737 0.173908 0.171445 0.167418 0.161938 0.155155 0.147251 0.138427 0.128902 0.118898 0.108633 0.098317 0.088141 0.078271 0.068852 0.059994 0.051783 0.044275 0.037499 0.031462 0.026148 0.021527 0.017557 0.014184 0.011352 0.009000 0.007069 0.005500 0.004240 0.003237 0.002449 0.001835 0.001363 0.001002 0.000730 0.000527 0.000377 0.000267 0.000188 0.000131 0.000090 0.000061 0.000042 0.000028 0.000018 0.000012 0.000007 0.000004 0.000002 0.000000 
0.000000 0.000002 0.000004 0.000007 0.000011 0.000017 0.000026 0.000040 0.000059 0.000088 0.000128 0.000186 0.000267 0.000381 0.000537 0.000751 0.001039 0.001426 0.001938 0.002610 0.003482 0.004602 0.006026 0.007817 0.010045 0.012787 0.016126 0.020147 0.024933 0.030568 0.037124 0.044663 0.053229 0.062840 0.073489 0.085133 0.097693 0.111049 0.125042 0.139469 0.154093 0.168643 0.182824 0.196325 0.208830 0.220033 0.229645 0.237411 0.243118 0.246608 0.247783 0.246608 0.243118 0.237411 0.229645 0.220033 0.208830 0.196325 0.182824 0.168643 0.154093 0.139469 0.125042 0.111049 0.097693 0.085133 0.073489 0.062840 0.053229 0.044663 0.037124 0.030568 0.024933 0.020147 0.016126 0.012787 0.010045 0.007817 0.006026 0.004602 0.003482 0.002610 0.001938 0.001426 0.001039 0.000751 0.000537 0.000381 0.000267 0.000186 0.000128 0.000088 0.000059 0.000040 0.000026 0.000017 0.000011 0.000006 0.000003 0.000000 
0.000000 0.000003 0.000006 0.000010 0.000016 0.000024 0.000037 0.000056 0.000084 0.000124 0.000181 0.000262 0.000377 0.000537 0.000757 0.001058 0.001466 0.002010 0.002732 0.003678 0.004906 0.006483 0.008487 0.011007 0.014142 0.018001 0.022698 0.028352 0.035084 0.043007 0.052225 0.062823 0.074863 0.088371 0.103336 0.119699 0.137347 0.156112 0.175770 0.196036 0.216578 0.237014 0.256931 0.275892 0.293455 0.309187 0.322685 0.333590 0.341605 0.346506 0.348155 0.346506 0.341605 0.333590 0.322685 0.309187 0.293455 0.275892 0.256931 0.237014 0.216578 0.196036 0.175770 0.156112 0.137347 0.119699 0.103336 0.088371 0.074863 0.062823 0.052225 0.043007 0.035084 0.028352 0.022698 0.018001 0.014142 0.011007 0.008487 0.006483 0.004906 0.003678 0.002732 0.002010 0.001466 0.001058 0.000757 0.000537 0.000377 0.000262 0.000181 0.000124 0.000084 0.000056 0.000037 0.000024 0.000015 0.000009 0.000004 0.000000 
0.000000 0.000004 0.000008 0.000014 0.000022 0.000034 0.000052 0.000078 0.000117 0.000173 0.000253 0.000367 0.000527 0.000751 0.001058 0.001479 0.002047 0.002808 0.003815 0.005135 0.006848 0.009048 0.011843 0.015357 0.019728 0.025107 0.031653 0.039534 0.048914 0.059953 0.072794 0.087557 0.104325 0.123137 0.143976 0.166758 0.191328 0.217452 0.244815 0.273025 0.301615 0.330057 0.357775 0.384161 0.408600 0.430492 0.449274 0.464447 0.475599 0.482418 0.484713 0.482418 0.475599 0.464447 0.449274 0.430492 0.408600 0.384161 0.357775 0.330057 0.301615 0.273025 0.244815 0.217452 0.191328 0.166758 0.143976 0.123137 0.104325 0.087557 0.072794 0.059953 0.048914 0.039534 0.031653 0.025107 0.019728 0.015357 0.011843 0.009048 0.006848 0.005135 0.003815 0.002808 0.002047 0.001479 0.001058 0.000751 0.000527 0.000367 0.000253 0.000173 0.000117 0.000078 0.000052 0.000034 0.000021 0.000012 0.000006 0.000000 
0.000000 0.000005 0.000011 0.000019 0.000030 0.000047 0.000072 0.000109 0.000162 0.000240 0.000351 0.000509 0.000730 0.001039 0.001466 0.002047 0.002833 0.003885 0.005278 0.007103 0.009471 0.012511 0.016374 0.021229 0.027267 0.034696 0.043737 0.054618 0.067569 0.082807 0.100532 0.120907 0.144047 0.170006 0.198757 0.230188 0.264082 0.300116 0.337858 0.376764 0.416193 0.455415 0.493637 0.530020 0.563718 0.593901 0.619797 0.640717 0.656091 0.665493 0.668656 0.665493 0.656091 0.640717 0.619797 0.593901 0.563718 0.530020 0.493637 0.455415 0.416193 0.376764 0.337858 0.300116 0.264082 0.230188 0.198757 0.170006 0.144047 0.120907 0.100532 0.082807 0.067569 0.054618 0.043737 0.034696 0.027267 0.021229 0.016374 0.012511 0.009471 0.007103 0.005278 0.003885 0.002833 0.002047 0.001465 0.001039 0.000730 0.000508 0.000351 0.000240 0.000162 0.000109 0.000072 0.000047 0.000029 0.000017 0.000008 0.000000 
0.000000 0.000007 0.000015 0.000026 0.000042 0.000065 0.000099 0.000149 0.000223 0.000329 0.000482 0.000698 0.001002 0.001426 0.002010 0.002808 0.003885 0.005326 0.007234 0.009735 0.012978 0.017141 0.022429 0.029075 0.037339 0.047506 0.059876 0.074763 0.092479 0.113322 0.137564 0.165426 0.197067 0.232557 0.271863 0.314827 0.361155 0.410405 0.461984 0.515151 0.569030 0.622623 0.674846 0.724556 0.770594 0.811830 0.847207 0.875786 0.896788 0.909631 0.913953 0.909631 0.896788 0.875786 0.847207 0.811830 0.770594 0.724556 0.674846 0.622623 0.569030 0.515151 0.461984 0.410405 0.361155 0.314827 0.271863 0.232557 0.197067 0.165426 0.137564 0.113322 0.092479 0.074763 0.059876 0.047506 0.037339 0.029075 0.022429 0.017141 0.012978 0.009735 0.007234 0.005326 0.003885 0.002808 0.002010 0.001426 0.001002 0.000698 0.000481 0.000329 0.000223 0.000149 0.000099 0.000064 0.000040 0.000023 0.000011 0.000000 
0.000000 0.000009 0.000020 0.000035 0.000057 0.000088 0.000135 0.000203 0.000303 0.000448 0.000655 0.000949 0.001363 0.001938 0.002732 0.003815 0.005278 0.007234 0.009824 0.013217 0.017618 0.023266 0.030439 0.039453 0.050660 0.064445 0.081216 0.101396 0.125407 0.153655 0.186503 0.224255 0.267121 0.315198 0.368439 0.426630 0.489372 0.556067 0.625911 0.697902 0.770850 0.843409 0.914109 0.981403 1.043725 1.099545 1.147431 1.186116 1.214544 1.231928 1.237778 1.231928 1.214544 1.186116 1.147431 1.099545 1.043725 0.981403 0.914109 0.843409 0.770850 0.697902 0.625911 0.556067 0.489372 0.426630 0.368439 0.315198 0.267121 0.224255 0.186503 0.153655 0.125407 0.101396 0.081216 0.064445 0.050660 0.039453 0.030439 0.023266 0.017618 0.013217 0.009824 0.007234 0.005278 0.003815 0.002732 0.001938 0.001363 0.000949 0.000655 0.000448 0.000303 0.000203 0.000134 0.000087 0.000055 0.000032 0.000015 0.000000 
0.000000 0.000013 0.000028 0.000048 0.000077 0.000119 0.000182 0.000274 0.000409 0.000604 0.000883 0.001279 0.001835 0.002610 0.003678 0.005135 0.007103 0.009735 0.013217 0.017780 0.023696 0.031288 0.040928 0.053041 0.068099 0.086617 0.109144 0.136247 0.168492 0.206421 0.250523 0.301203 0.358744 0.423273 0.494727 0.572819 0.657011 0.746500 0.840209 0.936791 1.034653 1.131988 1.226824 1.317089 1.400681 1.475549 1.539775 1.591658 1.629785 1.653099 1.660945 1.653099 1.629785 1.591658 1.539775 1.475549 1.400681 1.317089 1.226824 1.131988 1.034653 0.936791 0.840209 0.746500 0.657011 0.572819 0.494727 0.423273 0.358744 0.301203 0.250523 0.206421 0.168492 0.136247 0.109144 0.086617 0.068099 0.053041 0.040928 0.031288 0.023696 0.017780 0.013217 0.009735 0.007103 0.005135 0.003678 0.002610 0.001835 0.001279 0.000882 0.000603 0.000408 0.000274 0.000181 0.000117 0.000074 0.000043 0.000020 0.000000 
0.000000 0.000017 0.000037 0.000064 0.000103 0.000159 0.000243 0.000366 0.000546 0.000806 0.001178 0.001706 0.002449 0.003482 0.004906 0.006848 0.009471 0.012978 0.017618 0.023696 0.031576 0.041686 0.054523 0.070649 0.090693 0.115341 0.145321 0.181386 0.224289 0.274749 0.333416 0.400825 0.477353 0.563168 0.658183 0.762016 0.873953 0.992924 1.117497 1.245881 1.375960 1.505331 1.631376 1.751340 1.862432 1.961926 2.047277 2.116223 2.166889 2.197870 2.208295 2.197870 2.166889 2.116223 2.047277 1.961926 1.862432 1.751340 1.631376 1.505331 1.375960 1.245881 1.117497 0.992924 0.873953 0.762016 0.658183 0.563168 0.477353 0.400825 0.333416 0.274749 0.224289 0.181386 0.145321 0.115341 0.090693 0.070649 0.054523 0.041686 0.031576 0.023696 0.017618 0.012978 0.009471 0.006848 0.004906 0.003482 0.002449 0.001706 0.001178 0.000805 0.000545 0.000365 0.000242 0.000157 0.000098 0.000057 0.000026 0.000000 
0.000000 0.000022 0.000049 0.000085 0.000136 0.000211 0.000322 0.000485 0.000722 0.001066 0.001558 0.002256 0.003237 0.004602 0.006483 0.009048 0.012511 0.017141 0.023266 0.031288 0.041686 0.055026 0.071959 0.093231 0.119667 0.152170 0.191700 0.239248 0.295805 0.362316 0.439637 0.528472 0.629315 0.742386 0.867569 1.004359 1.151813 1.308524 1.472602 1.641692 1.813003 1.983375 2.149359 2.307329 2.453611 2.584618 2.696999 2.787778 2.854487 2.895278 2.909004 2.895278 2.854487 2.787778 2.696999 2.584618 2.453611 2.307329 2.149359 1.983375 1.813003 1.641692 1.472602 1.308524 1.151813 1.004359 0.867569 0.742386 0.629315 0.528472 0.439637 0.362316 0.295805 0.239248 0.191700 0.152170 0.119667 0.093231 0.071959 0.055026 0.041686 0.031288 0.023266 0.017141 0.012511 0.009048 0.006483 0.004602 0.003237 0.002256 0.001558 0.001065 0.000721 0.000483 0.000320 0.000208 0.000130 0.000076 0.000035 0.000000 
0.000000 0.000029 0.000064 0.000111 0.000178 0.000277 0.000422 0.000635 0.000947 0.001396 0.002041 0.002955 0.004240 0.006026 0.008487 0.011843 0.016374 0.022429 0.030439 0.040928 0.054523 0.071959 0.094092 0.121890 0.156434 0.198900 0.250540 0.312648 0.386515 0.473375 0.574342 0.690333 0.821991 0.969600 1.133009 1.311556 1.504009 1.708530 1.922653 2.143303 2.366842 2.589143 2.805710 3.011814 3.202661 3.373576 3.520187 3.638614 3.725639 3.778852 3.796758 3.778852 3.725639 3.638614 3.520187 3.373576 3.202661 3.011814 2.805710 2.589143 2.366842 2.143303 1.922653 1.708530 1.504009 1.311556 1.133009 0.969600 0.821991 0.690333 0.574342 0.473375 0.386515 0.312648 0.250540 0.198900 0.156434 0.121890 0.094092 0.071959 0.054523 0.040928 0.030439 0.022429 0.016374 0.011843 0.008487 0.006026 0.004239 0.002955 0.002041 0.001396 0.000946 0.000634 0.000419 0.000272 0.000171 0.000099 0.000046 0.000000 
0.000000 0.000038 0.000083 0.000144 0.000232 0.000360 0.000548 0.000825 0.001229 0.001813 0.002649 0.003835 0.005500 0.007817 0.011007 0.015357 0.021229 0.029075 0.039453 0.053041 0.070649 0.093231 0.121890 0.157881 0.202601 0.257570 0.324406 0.404782 0.500366 0.612752 0.743378 0.893428 1.063731 1.254651 1.465991 1.696892 1.945761 2.210217 2.487074 2.772355 3.061355 3.348744 3.628707 3.895135 4.141833 4.362759 4.552265 4.705339 4.817823 4.886602 4.909746 4.886602 4.817823 4.705339 4.552265 4.362759 4.141833 3.895135 3.628707 3.348744 3.061355 2.772355 2.487074 2.210217 1.945761 1.696892 1.465991 1.254651 1.063731 0.893428 0.743378 0.612752 0.500366 0.404782 0.324406 0.257570 0.202601 0.157881 0.121890 0.093231 0.070649 0.053041 0.039453 0.029075 0.021229 0.015357 0.011007 0.007817 0.005500 0.003834 0.002648 0.001812 0.001228 0.000823 0.000545 0.000354 0.000222 0.000129 0.000059 0.000000 
0.000000 0.000049 0.000107 0.000186 0.000298 0.000463 0.000705 0.001061 0.001581 0.002331 0.003405 0.004929 0.007069 0.010045 0.014142 0.019728 0.027267 0.037339 0.050660 0.068099 0.090693 0.119667 0.156434 0.202601 0.259956 0.330450 0.416155 0.519210 0.641751 0.785819 0.953255 1.145570 1.363825 1.608485 1.879291 2.175141 2.493993 2.832794 3.187462 3.552904 3.923091 4.291198 4.649780 4.991014 5.306969 5.589908 5.832604 6.028638 6.172689 6.260769 6.290408 6.260769 6.172689 6.028638 5.832604 5.589908 5.306969 4.991014 4.649780 4.291198 3.923091 3.552904 3.187462 2.832794 2.493993 2.175141 1.879291 1.608485 1.363825 1.145570 0.953255 0.785819 0.641751 0.519210 0.416155 0.330450 0.259956 0.202601 0.156434 0.119667 0.090693 0.068099 0.050660 0.037339 0.027267 0.019728 0.014142 0.010045 0.007069 0.004929 0.003405 0.002330 0.001579 0.001059 0.000701 0.000455 0.000286 0.000166 0.000076 0.000000 
0.000000 0.000063 0.000137 0.000237 0.000380 0.000590 0.000899 0.001353 0.002014 0.002969 0.004337 0.006277 0.009000 0.012787 0.018001 0.025107 0.034696 0.047506 0.064445 0.086617 0.115341 0.152170 0.198900 0.257570 0.330450 0.420016 0.528896 0.659804 0.815451 0.998424 1.211055 1.455262 1.732384 2.043010 2.386808 2.762376 3.167117 3.597156 4.047310 4.511114 4.980921 5.448067 5.903108 6.336120 6.737042 7.096062 7.404009 7.652746 7.835522 7.947279 7.984884 7.947279 7.835522 7.652746 7.404009 7.096062 6.737042 6.336120 5.903108 5.448067 4.980921 4.511114 4.047310 3.597156 3.167117 2.762376 2.386808 2.043010 1.732384 1.455262 1.211055 0.998424 0.815451 0.659804 0.528896 0.420016 0.330450 0.257570 0.198900 0.152170 0.115341 0.086617 0.064445 0.047506 0.034696 0.025107 0.018001 0.012787 0.009000 0.006276 0.004336 0.002968 0.002011 0.001349 0.000893 0.000580 0.000364 0.000212 0.000097 0.000000 
0.000000 0.000079 0.000173 0.000299 0.000480 0.000745 0.001135 0.001707 0.002541 0.003747 0.005472 0.007918 0.011352 0.016126 0.022698 0.031653 0.043737 0.059876 0.081216 0.109144 0.145321 0.191700 0.250540 0.324406 0.416155 0.528896 0.665934 0.830682 1.026546 1.256777 1.524302 1.831531 2.180143 2.570873 3.003299 3.475655 3.984672 4.525474 5.091542 5.674747 6.265473 6.852830 7.424947 7.969349 8.473392 8.924743 9.311880 9.624576 9.854346 9.994837 10.042111 9.994837 9.854346 9.624576 9.311880 8.924743 8.473392 7.969349 7.424947 6.852830 6.265473 5.674747 5.091542 4.525474 3.984672 3.475655 3.003299 2.570873 2.180143 1.831531 1.524302 1.256777 1.026546 0.830682 0.665934 0.528896 0.416155 0.324406 0.250540 0.191700 0.145321 0.109144 0.081216 0.059876 0.043737 0.031653 0.022698 0.016126 0.011352 0.007917 0.005471 0.003745 0.002539 0.001703 0.001127 0.000732 0.000460 0.000268 0.000123 0.000000 
0.000000 0.000099 0.000217 0.000375 0.000601 0.000932 0.001419 0.002135 0.003177 0.004684 0.006839 0.009895 0.014184 0.020147 0.028352 0.039534 0.054618 0.074763 0.101396 0.136247 0.181386 0.239248 0.312648 0.404782 0.519210 0.659804 0.830682 1.036095 1.280281 1.567288 1.900759 2.283692 2.718174 3.205114 3.743982 4.332572 4.966806 5.640609 6.345855 7.072419 7.808321 8.539998 9.252665 9.930787 10.558620 11.120808 11.603003 11.992472 12.278653 12.453633 12.512513 12.453633 12.278653 11.992472 11.603003 11.120808 10.558620 9.930787 9.252665 8.539998 7.808321 7.072419 6.345855 5.640609 4.966806 4.332572 3.743982 3.205114 2.718174 2.283692 1.900759 1.567288 1.280281 1.036095 0.830682 0.659804 0.519210 0.404782 0.312648 0.239248 0.181386 0.136247 0.101396 0.074763 0.054618 0.039534 0.028352 0.020146 0.014184 0.009894 0.006838 0.004682 0.003174 0.002129 0.001410 0.000916 0.000576 0.000335 0.000153 0.000000 
0.000000 0.000123 0.000268 0.000464 0.000744 0.001154 0.001758 0.002644 0.003935 0.005800 0.008468 0.012249 0.017557 0.024933 0.035084 0.048914 0.067569 0.092479 0.125407 0.168492 0.224289 0.295805 0.386515 0.500366 0.641751 0.815451 1.026546 1.280281 1.581884 1.936349 2.348167 2.821032 3.357515 3.958731 4.624020 5.350652 6.133590 6.965331 7.835844 8.732630 9.640905 10.543931 11.423467 12.260343 13.035138 13.728906 14.323948 14.804555 15.157701 15.373625 15.446281 15.373625 15.157701 14.804555 14.323948 13.728906 13.035138 12.260343 11.423467 10.543931 9.640905 8.732630 7.835844 6.965331 6.133590 5.350652 4.624020 3.958731 3.357515 2.821032 2.348167 1.936349 1.581884 1.280281 1.026546 0.815451 0.641751 0.500366 0.386515 0.295805 0.224289 0.168492 0.125407 0.092479 0.067568 0.048914 0.035084 0.024933 0.017556 0.012248 0.008466 0.005797 0.003931 0.002637 0.001747 0.001135 0.000713 0.000415 0.000190 0.000000 
0.000000 0.000150 0.000330 0.000570 0.000914 0.001417 0.002158 0.003245 0.004828 0.007114 0.010386 0.015022 0.021527 0.030568 0.043007 0.059953 0.082807 0.113322 0.153655 0.206421 0.274749 0.362316 0.473375 0.612752 0.785819 0.998424 1.256777 1.567288 1.936349 2.370061 2.873912 3.452411 4.108694 4.844120 5.657873 6.546608 7.504159 8.521347 9.585903 10.682540 11.793184 12.897371 13.972800 14.996040 15.943348 16.791572 17.519076 18.106664 18.538413 18.802395 18.891222 18.802395 18.538413 18.106664 17.519076 16.791572 15.943348 14.996040 13.972800 12.897371 11.793184 10.682540 9.585903 8.521347 7.504159 6.546608 5.657873 4.844120 4.108694 3.452411 2.873912 2.370061 1.936349 1.567288 1.256777 0.998424 0.785819 0.612752 0.473375 0.362316 0.274749 0.206421 0.153655 0.113322 0.082807 0.059952 0.043007 0.030567 0.021527 0.015020 0.010384 0.007111 0.004823 0.003236 0.002143 0.001393 0.000876 0.000509 0.000233 0.000000 
0.000000 0.000183 0.000401 0.000693 0.001111 0.001723 0.002623 0.003944 0.005867 0.008645 0.012618 0.018248 0.026148 0.037124 0.052225 0.072794 0.100532 0.137564 0.186503 0.250523 0.333416 0.439637 0.574342 0.743378 0.953255 1.211055 1.524302 1.900759 2.348167 2.873912 3.484635 4.185792 4.981176 5.872422 6.858535 7.935452 9.095699 10.328148 11.617932 12.946531 14.292050 15.629700 16.932472 18.171990 19.319499 20.346962 21.228182 21.939913 22.462874 22.782623 22.890216 22.782623 22.462874 21.939913 21.228182 20.346962 19.319499 18.171990 16.932472 15.629700 14.292050 12.946531 11.617932 10.328148 9.095699 7.935452 6.858535 5.872422 4.981176 4.185792 3.484635 2.873912 2.348167 1.900759 1.524302 1.211055 0.953255 0.743378 0.574342 0.439637 0.333416 0.250523 0.186503 0.137564 0.100532 0.072794 0.052225 0.037124 0.026147 0.018247 0.012616 0.008641 0.005861 0.003933 0.002605 0.001694 0.001065 0.000619 0.000284 0.000000 
0.000000 0.000221 0.000483 0.000835 0.001338 0.002075 0.003159 0.004748 0.007063 0.010406 0.015186 0.021959 0.031462 0.044663 0.062823 0.087557 0.120907 0.165426 0.224255 0.301203 0.400825 0.528472 0.690333 0.893428 1.145570 1.455262 1.831531 2.283692 2.821032 3.452411 4.185792 5.027717 5.982728 7.052777 8.236660 9.529493 10.922296 12.401705 13.949875 15.544573 17.159523 18.764976 20.328524 21.816117 23.193257 24.426303 25.483828 26.337942 26.965518 27.349228 27.478342 27.349228 26.965518 26.337942 25.483828 24.426303 23.193257 21.816117 20.328524 18.764976 17.159523 15.544573 13.949875 12.401705 10.922296 9.529493 8.236660 7.052777 5.982728 5.027717 4.185792 3.452411 2.821032 2.283692 1.831531 1.455262 1.145570 0.893428 0.690333 0.528472 0.400825 0.301203 0.224254 0.165426 0.120907 0.087557 0.062823 0.044663 0.031461 0.021958 0.015183 0.010401 0.007055 0.004735 0.003137 0.002040 0.001282 0.000746 0.000342 0.000000 
0.000000 0.000263 0.000576 0.000996 0.001597 0.002475 0.003768 0.005663 0.008423 0.012407 0.018105 0.026176 0.037499 0.053229 0.074863 0.104325 0.144047 0.197067 0.267121 0.358744 0.477353 0.629315 0.821991 1.063731 1.363825 1.732384 2.180143 2.718174 3.357515 4.108694 4.981176 5.982728 7.118739 8.391523 9.799635 11.337257 12.993701 14.753070 16.594138 18.490469 20.410817 22.319814 24.178931 25.947692 27.585088 29.051133 30.308470 31.323951 32.070087 32.526283 32.679788 32.526283 32.070087 31.323951 30.308470 29.051133 27.585088 25.947692 24.178931 22.319814 20.410817 18.490469 16.594138 14.753070 12.993701 11.337257 9.799635 8.391523 7.118739 5.982728 4.981176 4.108694 3.357515 2.718174 2.180143 1.732384 1.363825 1.063731 0.821991 0.629315 0.477353 0.358744 0.267121 0.197067 0.144047 0.104325 0.074863 0.053228 0.037498 0.026174 0.018102 0.012401 0.008413 0.005647 0.003742 0.002434 0.001530 0.000890 0.000408 0.000000 
0.000000 0.000311 0.000681 0.001178 0.001887 0.002925 0.004451 0.006690 0.009949 0.014654 0.021381 0.030910 0.044275 0.062840 0.088371 0.123137 0.170006 0.232557 0.315198 0.423273 0.563168 0.742386 0.969600 1.254651 1.608485 2.043010 2.570873 3.205114 3.958731 4.844120 5.872422 7.052777 8.391523 9.891373 11.550611 13.362372 15.314056 17.386927 19.555972 21.790046 24.052345 26.301206 28.491250 30.574806 32.503578 34.230476 35.711510 36.907645 37.786511 38.323857 38.504667 38.323857 37.786511 36.907645 35.711510 34.230476 32.503578 30.574806 28.491250 26.301206 24.052345 21.790046 19.555972 17.386927 15.314056 13.362372 11.550611 9.891373 8.391523 7.052777 5.872422 4.844120 3.958731 3.205114 2.570873 2.043010 1.608485 1.254651 0.969600 0.742386 0.563168 0.423273 0.315198 0.232557 0.170005 0.123137 0.088371 0.062839 0.044274 0.030907 0.021377 0.014647 0.009938 0.006672 0.004421 0.002876 0.001808 0.001052 0.000482 0.000000 
0.000000 0.000364 0.000797 0.001379 0.002209 0.003423 0.005210 0.007829 0.011642 0.017144 0.025012 0.036155 0.051783 0.073489 0.103336 0.143976 0.198757 0.271863 0.368439 0.494727 0.658183 0.867569 1.133009 1.465991 1.879291 2.386808 3.003299 3.743982 4.624020 5.657873 6.858535 8.236660 9.799635 11.550611 13.487572 15.602495 17.880659 20.300191 22.831891 25.439409 28.079788 30.704413 33.260331 35.691916 37.942821 39.958103 41.686439 43.082288 44.107887 44.734943 44.945939 44.734943 44.107887 43.082288 41.686439 39.958103 37.942821 35.691916 33.260331 30.704413 28.079788 25.439409 22.831891 20.300191 17.880659 15.602495 13.487572 11.550611 9.799635 8.236660 6.858535 5.657873 4.624020 3.743982 3.003299 2.386808 1.879291 1.465991 1.133009 0.867569 0.658183 0.494727 0.368439 0.271863 0.198757 0.143975 0.103336 0.073488 0.051782 0.036152 0.025007 0.017136 0.011629 0.007807 0.005174 0.003366 0.002116 0.001231 0.000565 0.000000 
0.000000 0.000422 0.000925 0.001599 0.002561 0.003969 0.006040 0.009075 0.013493 0.019868 0.028984 0.041892 0.059994 0.085133 0.119699 0.166758 0.230188 0.314827 0.426630 0.572819 0.762016 1.004359 1.311556 1.696892 2.175141 2.762376 3.475655 4.332572 5.350652 6.546608 7.935452 9.529493 11.337257 13.362372 15.602495 18.048332 20.682851 23.480751 26.408262 29.423351 32.476352 35.511060 38.466256 41.277640 43.880075 46.210054 48.208253 49.822034 51.007749 51.732697 51.976632 51.732697 51.007749 49.822034 48.208253 46.210054 43.880075 41.277640 38.466256 35.511060 32.476352 29.423351 26.408262 23.480751 20.682851 18.048332 15.602495 13.362372 11.337257 9.529493 7.935452 6.546608 5.350652 4.332572 3.475655 2.762376 2.175141 1.696892 1.311556 1.004359 0.762016 0.572819 0.426630 0.314827 0.230187 0.166758 0.119698 0.085132 0.059992 0.041889 0.028978 0.019859 0.013478 0.009050 0.005999 0.003902 0.002454 0.001428 0.000655 0.000000 
0.000000 0.000485 0.001062 0.001836 0.002941 0.004558 0.006935 0.010420 0.015491 0.022808 0.033269 0.048081 0.068852 0.097693 0.137347 0.191328 0.264082 0.361155 0.489372 0.657011 0.873953 1.151813 1.504009 1.945761 2.493993 3.167117 3.984672 4.966806 6.133590 7.504159 9.095699 10.922296 12.993701 15.314056 17.880659 20.682851 23.701108 26.906434 30.260142 33.714077 37.211352 40.687587 44.072669 47.292957 50.273855 52.942636 55.231366 57.079768 58.437858 59.268193 59.547588 59.268193 58.437858 57.079768 55.231366 52.942636 50.273855 47.292957 44.072669 40.687587 37.211352 33.714077 30.260142 26.906434 23.701108 20.682851 17.880659 15.314056 12.993701 10.922296 9.095699 7.504159 6.133590 4.966806 3.984672 3.167117 2.493993 1.945761 1.504009 1.151813 0.873953 0.657011 0.489372 0.361155 0.264081 0.191328 0.137346 0.097692 0.068849 0.048077 0.033263 0.022798 0.015473 0.010391 0.006888 0.004481 0.002818 0.001640 0.000752 0.000000 
0.000000 0.000552 0.001209 0.002089 0.003346 0.005185 0.007888 0.011850 0.017616 0.025935 0.037827 0.054664 0.078271 0.111049 0.156112 0.217452 0.300116 0.410405 0.556067 0.746500 0.992924 1.308524 1.708530 2.210217 2.832794 3.597156 4.525474 5.640609 6.965331 8.521347 10.328148 12.401705 14.753070 17.386927 20.300191 23.480751 26.906434 30.544325 34.350512 38.270345 42.239265 46.184220 50.025654 53.680012 57.062660 60.091085 62.688213 64.785662 66.326726 67.268928 67.585964 67.268928 66.326726 64.785662 62.688213 60.091085 57.062660 53.680012 50.025654 46.184220 42.239265 38.270345 34.350512 30.544325 26.906434 23.480751 20.300191 17.386927 14.753070 12.401705 10.328148 8.521347 6.965331 5.640609 4.525474 3.597156 2.832794 2.210217 1.708530 1.308524 0.992924 0.746500 0.556067 0.410405 0.300116 0.217451 0.156112 0.111048 0.078269 0.054660 0.037820 0.025923 0.017597 0.011818 0.007835 0.005098 0.003206 0.001866 0.000856 0.000000 
0.000000 0.000622 0.001362 0.002354 0.003771 0.005842 0.008887 0.013350 0.019844 0.029213 0.042603 0.061561 0.088141 0.125042 0.175770 0.244815 0.337858 0.461984 0.625911 0.840209 1.117497 1.472602 1.922653 2.487074 3.187462 4.047310 5.091542 6.345855 7.835844 9.585903 11.617932 13.949875 16.594138 19.555972 22.831891 26.408262 30.260142 34.350512 38.629996 43.037148 47.499388 51.934593 56.253332 60.361682 64.164511 67.569075 70.488744 72.846658 74.579083 75.638278 75.994680 75.638278 74.579083 72.846658 70.488744 67.569075 64.164511 60.361682 56.253332 51.934593 47.499388 43.037148 38.629996 34.350512 30.260142 26.408262 22.831891 19.555972 16.594138 13.949875 11.617932 9.585903 7.835844 6.345855 5.091542 4.047310 3.187462 2.487074 1.922653 1.472602 1.117497 0.840209 0.625911 0.461984 0.337857 0.244814 0.175769 0.125040 0.088138 0.061556 0.042595 0.029199 0.019822 0.013313 0.008827 0.005744 0.003612 0.002102 0.000964 0.000000 
0.000000 0.000695 0.001520 0.002628 0.004208 0.006520 0.009918 0.014897 0.022142 0.032593 0.047529 0.068674 0.098317 0.139469 0.196036 0.273025 0.376764 0.515151 0.697902 0.936791 1.245881 1.641692 2.143303 2.772355 3.552904 4.511114 5.674747 7.072419 8.732630 10.682540 12.946531 15.544573 18.490469 21.790046 25.439409 29.423351 33.714077 38.270345 43.037148 47.946046 52.916198 57.856144 62.666288 67.242034 71.477445 75.269242 78.520963 81.147021 83.076448 84.256084 84.653011 84.256084 83.076448 81.147021 78.520963 75.269242 71.477445 67.242034 62.666288 57.856144 52.916198 47.946046 43.037148 38.270345 33.714077 29.423351 25.439409 21.790046 18.490469 15.544573 12.946531 10.682540 8.732630 7.072419 5.674747 4.511114 3.552904 2.772355 2.143303 1.641692 1.245881 0.936791 0.697901 0.515151 0.376764 0.273024 0.196035 0.139467 0.098314 0.068669 0.047520 0.032578 0.022117 0.014856 0.009850 0.006410 0.004032 0.002347 0.001076 0.000000 
0.000000 0.000768 0.001681 0.002905 0.004653 0.007208 0.010963 0.016466 0.024472 0.036020 0.052523 0.075885 0.108633 0.154093 0.216578 0.301615 0.416193 0.569030 0.770850 1.034653 1.375960 1.813003 2.366842 3.061355 3.923091 4.980921 6.265473 7.808321 9.640905 11.793184 14.292050 17.159523 20.410817 24.052345 28.079788 32.476352 37.211352 42.239265 47.499388 52.916198 58.400497 63.851369 69.158931 74.207786 78.881059 83.064815 86.652634 89.550102 91.678930 92.980473 93.418419 92.980473 91.678930 89.550102 86.652634 83.064815 78.881059 74.207786 69.158931 63.851369 58.400497 52.916198 47.499388 42.239265 37.211352 32.476352 28.079788 24.052345 20.410817 17.159523 14.292050 11.793184 9.640905 7.808321 6.265473 4.980921 3.923091 3.061355 2.366842 1.813003 1.375960 1.034653 0.770850 0.569029 0.416192 0.301614 0.216577 0.154091 0.108630 0.075879 0.052513 0.036003 0.024444 0.016420 0.010889 0.007086 0.004457 0.002594 0.001190 0.000000 
0.000000 0.000841 0.001841 0.003182 0.005095 0.007892 0.012004 0.018027 0.026791 0.039430 0.057493 0.083060 0.118898 0.168643 0.237014 0.330057 0.455415 0.622623 0.843409 1.131988 1.505331 1.983375 2.589143 3.348744 4.291198 5.448067 6.852830 8.539998 10.543931 12.897371 15.629700 18.764976 22.319814 26.301206 30.704413 35.511060 40.687587 46.184220 51.934593 57.856144 63.851369 69.809960 75.611809 81.130790 86.239160 90.812393 94.734182 97.901338 100.228300 101.650976 102.129681 101.650976 100.228300 97.901338 94.734182 90.812393 86.239160 81.130790 75.611809 69.809960 63.851369 57.856144 51.934593 46.184220 40.687587 35.511060 30.704413 26.301206 22.319814 18.764976 15.629700 12.897371 10.543931 8.539998 6.852830 5.448067 4.291198 3.348744 2.589143 1.983375 1.505331 1.131988 0.843409 0.622623 0.455415 0.330057 0.237013 0.168641 0.118894 0.083053 0.057482 0.039412 0.026761 0.017977 0.011922 0.007759 0.004881 0.002841 0.001303 0.000000 
0.000000 0.000913 0.001997 0.003451 0.005526 0.008560 0.013018 0.019550 0.029051 0.042755 0.062338 0.090053 0.128902 0.182824 0.256931 0.357775 0.493637 0.674846 0.914109 1.226824 1.631376 2.149359 2.805710 3.628707 4.649780 5.903108 7.424947 9.252665 11.423467 13.972800 16.932472 20.328524 24.178931 28.491250 33.260331 38.466256 44.072669 50.025654 56.253332 62.666288 69.158931 75.611809 81.894864 87.871522 93.403464 98.355855 102.602762 106.032457 108.552301 110.092898 110.611280 110.092898 108.552301 106.032457 102.602762 98.355855 93.403464 87.871522 81.894864 75.611809 69.158931 62.666288 56.253332 50.025654 44.072669 38.466256 33.260331 28.491250 24.178931 20.328524 16.932472 13.972800 11.423467 9.252665 7.424947 5.903108 4.649780 3.628707 2.805710 2.149359 1.631376 1.226824 0.914109 0.674846 0.493636 0.357774 0.256930 0.182821 0.128898 0.090047 0.062326 0.042736 0.029019 0.019496 0.012929 0.008415 0.005294 0.003081 0.001413 0.000000 
