0.000000 0.000000 0.000000 0.000000 0.000000 0.000000 0.000000 0.000000 0.000000 0.000000 0.000000 0.000000 0.000000 0.000000 0.000000 0.000000 0.000000 0.000000 0.000000 0.000000 0.000000 0.000000 0.000000 0.000000 0.000000 0.000000 0.000000 0.000000 0.000000 0.000000 0.000000 0.000000 0.000000 0.000000 0.000000 0.000000 0.000000 0.000000 0.000000 0.000000 0.000000 0.000000 0.000000 0.000000 0.000000 0.000000 0.000000 0.000000 0.000000 0.000000 0.000000 0.000000 0.000000 0.000000 0.000000 0.000000 0.000000 0.000000 0.000000 0.000000 0.000000 0.000000 0.000000 0.000000 0.000000 0.000000 0.000000 0.000000 0.000000 0.000000 0.000000 0.000000 0.000000 0.000000 0.000000 0.000000 0.000000 0.000000 0.000000 0.000000 0.000000 0.000000 0.000000 0.000000 0.000000 0.000000 0.000000 0.000000 0.000000 0.000000 0.000000 0.000000 0.000000 0.000000 0.000000 0.000000 0.000000 0.000000 0.000000 0.000000 
0.000000 0.000000 0.000000 0.000000 0.000000 0.000000 0.000000 0.000000 0.000000 0.000000 0.000000 0.000000 0.000000 0.000000 0.000000 0.000000 0.000000 0.000000 0.000000 0.000000 0.000000 0.000000 0.000000 0.000000 0.000000 0.000000 0.000000 0.000001 0.000001 0.000001 0.000002 0.000002 0.000003 0.000003 0.000004 0.000005 0.000007 0.000008 0.000009 0.000011 0.000013 0.000014 0.000016 0.000018 0.000020 0.000021 0.000023 0.000024 0.000025 0.000025 0.000025 0.000025 0.000025 0.000024 0.000023 0.000021 0.000020 0.000018 0.000016 0.000014 0.000013 0.000011 0.000009 0.000008 0.000007 0.000005 0.000004 0.000003 0.000003 0.000002 0.000002 0.000001 0.000001 0.000001 0.000000 0.000000 0.000000 0.000000 0.000000 0.000000 0.000000 0.000000 0.000000 0.000000 0.000000 0.000000 0.000000 0.000000 0.000000 0.000000 0.000000 0.000000 0.000000 0.000000 0.000000 0.000000 0.000000 0.000000 0.000000 0.000000 
0.000000 0.000000 0.000000 0.000000 0.000000 0.000000 0.000000 0.000000 0.000000 0.000000 0.000000 0.000000 0.000000 0.000000 0.000000 0.000000 0.000000 0.000000 0.000000 0.000000 0.000000 0.000000 0.000000 0.000000 0.000001 0.000001 0.000001 0.000002 0.000002 0.000003 0.000004 0.000005 0.000007 0.000008 0.000010 0.000013 0.000016 0.000019 0.000022 0.000026 0.000030 0.000034 0.000039 0.000043 0.000047 0.000051 0.000054 0.000056 0.000058 0.000060 0.000060 0.000060 0.000058 0.000056 0.000054 0.000051 0.000047 0.000043 0.000039 0.000034 0.000030 0.000026 0.000022 0.000019 0.000016 0.000013 0.000010 0.000008 0.000007 0.000005 0.000004 0.000003 0.000002 0.000002 0.000001 0.000001 0.000001 0.000000 0.000000 0.000000 0.000000 0.000000 0.000000 0.000000 0.000000 0.000000 0.000000 0.000000 0.000000 0.000000 0.000000 0.000000 0.000000 0.000000 0.000000 0.000000 0.000000 0.000000 0.000000 0.000000 
0.000000 0.000000 0.000000 0.000000 0.000000 0.000000 0.000000 0.000000 0.000000 0.000000 0.000000 0.000000 0.000000 0.000000 0.000000 0.000000 0.000000 0.000000 0.000000 0.000000 0.000000 0.000000 0.000001 0.000001 0.000001 0.000002 0.000002 0.000003 0.000004 0.000006 0.000008 0.000010 0.000013 0.000016 0.000020 0.000025 0.000031 0.000037 0.000044 0.000051 0.000059 0.000067 0.000076 0.000084 0.000092 0.000099 0.000105 0.000110 0.000114 0.000116 0.000117 0.000116 0.000114 0.000110 0.000105 0.000099 0.000092 0.000084 0.000076 0.000067 0.000059 0.000051 0.000044 0.000037 0.000031 0.000025 0.000020 0.000016 0.000013 0.000010 0.000008 0.000006 0.000004 0.000003 0.000002 0.000002 0.000001 0.000001 0.000001 0.000000 0.000000 0.000000 0.000000 0.000000 0.000000 0.000000 0.000000 0.000000 0.000000 0.000000 0.000000 0.000000 0.000000 0.000000 0.000000 0.000000 0.000000 0.000000 0.000000 0.000000 
0.000000 0.000000 0.000000 0.000000 0.000000 0.000000 0.000000 0.000000 0.000000 0.000000 0.000000 0.000000 0.000000 0.000000 0.000000 0.000000 0.000000 0.000000 0.000000 0.000000 0.000000 0.000001 0.000001 0.000002 0.000002 0.000003 0.000004 0.000006 0.000008 0.000011 0.000014 0.000019 0.000024 0.000030 0.000038 0.000047 0.000057 0.000068 0.000081 0.000095 0.000109 0.000125 0.000140 0.000155 0.000169 0.000183 0.000194 0.000204 0.000211 0.000215 0.000217 0.000215 0.000211 0.000204 0.000194 0.000183 0.000169 0.000155 0.000140 0.000125 0.000109 0.000095 0.000081 0.000068 0.000057 0.000047 0.000038 0.000030 0.000024 0.000019 0.000014 0.000011 0.000008 0.000006 0.000004 0.000003 0.000002 0.000002 0.000001 0.000001 0.000000 0.000000 0.000000 0.000000 0.000000 0.000000 0.000000 0.000000 0.000000 0.000000 0.000000 0.000000 0.000000 0.000000 0.000000 0.000000 0.000000 0.000000 0.000000 0.000000 
0.000000 0.000000 0.000000 0.000000 0.000000 0.000000 0.000000 0.000000 0.000000 0.000000 0.000000 0.000000 0.000000 0.000000 0.000000 0.000000 0.000000 0.000000 0.000000 0.000001 0.000001 0.000001 0.000002 0.000003 0.000004 0.000006 0.000008 0.000011 0.000015 0.000019 0.000026 0.000034 0.000043 0.000055 0.000068 0.000084 0.000103 0.000124 0.000147 0.000171 0.000198 0.000225 0.000253 0.000280 0.000306 0.000330 0.000350 0.000368 0.000380 0.000388 0.000391 0.000388 0.000380 0.000368 0.000350 0.000330 0.000306 0.000280 0.000253 0.000225 0.000198 0.000171 0.000147 0.000124 0.000103 0.000084 0.000068 0.000055 0.000043 0.000034 0.000026 0.000019 0.000015 0.000011 0.000008 0.000006 0.000004 0.000003 0.000002 0.000001 0.000001 0.000001 0.000000 0.000000 0.000000 0.000000 0.000000 0.000000 0.000000 0.000000 0.000000 0.000000 0.000000 0.000000 0.000000 0.000000 0.000000 0.000000 0.000000 0.000000 
0.000000 0.000000 0.000000 0.000000 0.000000 0.000000 0.000000 0.000000 0.000000 0.000000 0.000000 0.000000 0.000000 0.000000 0.000000 0.000000 0.000000 0.000000 0.000001 0.000001 0.000002 0.000002 0.000003 0.000005 0.000007 0.000010 0.000014 0.000019 0.000026 0.000035 0.000046 0.000060 0.000077 0.000097 0.000122 0.000150 0.000183 0.000220 0.000261 0.000305 0.000352 0.000400 0.000449 0.000498 0.000544 0.000586 0.000623 0.000653 0.000676 0.000690 0.000694 0.000690 0.000676 0.000653 0.000623 0.000586 0.000544 0.000498 0.000449 0.000400 0.000352 0.000305 0.000261 0.000220 0.000183 0.000150 0.000122 0.000097 0.000077 0.000060 0.000046 0.000035 0.000026 0.000019 0.000014 0.000010 0.000007 0.000005 0.000003 0.000002 0.000002 0.000001 0.000001 0.000000 0.000000 0.000000 0.000000 0.000000 0.000000 0.000000 0.000000 0.000000 0.000000 0.000000 0.000000 0.000000 0.000000 0.000000 0.000000 0.000000 
0.000000 0.000000 0.000000 0.000000 0.000000 0.000000 0.000000 0.000000 0.000000 0.000000 0.000000 0.000000 0.000000 0.000000 0.000000 0.000000 0.000000 0.000001 0.000001 0.000002 0.000003 0.000004 0.000006 0.000009 0.000013 0.000018 0.000025 0.000034 0.000046 0.000061 0.000081 0.000105 0.000135 0.000171 0.000214 0.000264 0.000322 0.000387 0.000458 0.000535 0.000617 0.000703 0.000788 0.000873 0.000954 0.001028 0.001092 0.001146 0.001185 0.001210 0.001218 0.001210 0.001185 0.001146 0.001092 0.001028 0.000954 0.000873 0.000788 0.000703 0.000617 0.000535 0.000458 0.000387 0.000322 0.000264 0.000214 0.000171 0.000135 0.000105 0.000081 0.000061 0.000046 0.000034 0.000025 0.000018 0.000013 0.000009 0.000006 0.000004 0.000003 0.000002 0.000001 0.000001 0.000000 0.000000 0.000000 0.000000 0.000000 0.000000 0.000000 0.000000 0.000000 0.000000 0.000000 0.000000 0.000000 0.000000 0.000000 0.000000 
0.000000 0.000000 0.000000 0.000000 0.000000 0.000000 0.000000 0.000000 0.000000 0.000000 0.000000 0.000000 0.000000 0.000000 0.000000 0.000001 0.000001 0.000001 0.000002 0.000003 0.000005 0.000007 0.000011 0.000015 0.000022 0.000031 0.000043 0.000059 0.000080 0.000107 0.000141 0.000183 0.000235 0.000298 0.000372 0.000459 0.000559 0.000671 0.000794 0.000928 0.001070 0.001217 0.001366 0.001513 0.001652 0.001780 0.001892 0.001984 0.002053 0.002095 0.002109 0.002095 0.002053 0.001984 0.001892 0.001780 0.001652 0.001513 0.001366 0.001217 0.001070 0.000928 0.000794 0.000671 0.000559 0.000459 0.000372 0.000298 0.000235 0.000183 0.000141 0.000107 0.000080 0.000059 0.000043 0.000031 0.000022 0.000015 0.000011 0.000007 0.000005 0.000003 0.000002 0.000001 0.000001 0.000001 0.000000 0.000000 0.000000 0.000000 0.000000 0.000000 0.000000 0.000000 0.000000 0.000000 0.000000 0.000000 0.000000 0.000000 
0.000000 0.000000 0.000000 0.000000 0.000000 0.000000 0.000000 0.000000 0.000000 0.000000 0.000000 0.000000 0.000000 0.000000 0.000001 0.000001 0.000002 0.000002 0.000004 0.000006 0.000008 0.000012 0.000018 0.000026 0.000038 0.000053 0.000074 0.000101 0.000137 0.000183 0.000241 0.000314 0.000403 0.000510 0.000638 0.000786 0.000957 0.001149 0.001360 0.001589 0.001832 0.002084 0.002338 0.002588 0.002826 0.003045 0.003236 0.003394 0.003510 0.003583 0.003607 0.003583 0.003510 0.003394 0.003236 0.003045 0.002826 0.002588 0.002338 0.002084 0.001832 0.001589 0.001360 0.001149 0.000957 0.000786 0.000638 0.000510 0.000403 0.000314 0.000241 0.000183 0.000137 0.000101 0.000074 0.000053 0.000038 0.000026 0.000018 0.000012 0.000008 0.000006 0.000004 0.000002 0.000002 0.000001 0.000001 0.000000 0.000000 0.000000 0.000000 0.000000 0.000000 0.000000 0.000000 0.000000 0.000000 0.000000 0.000000 0.000000 
0.000000 0.000000 0.000000 0.000000 0.000000 0.000000 0.000000 0.000000 0.000000 0.000000 0.000000 0.000000 0.000000 0.000001 0.000001 0.000002 0.000003 0.000004 0.000006 0.000009 0.000014 0.000021 0.000031 0.000045 0.000064 0.000090 0.000125 0.000172 0.000232 0.000310 0.000409 0.000532 0.000682 0.000864 0.001080 0.001331 0.001619 0.001943 0.002300 0.002687 0.003097 0.003522 0.003951 0.004373 0.004775 0.005143 0.005466 0.005732 0.005929 0.006051 0.006092 0.006051 0.005929 0.005732 0.005466 0.005143 0.004775 0.004373 0.003951 0.003522 0.003097 0.002687 0.002300 0.001943 0.001619 0.001331 0.001080 0.000864 0.000682 0.000532 0.000409 0.000310 0.000232 0.000172 0.000125 0.000090 0.000064 0.000045 0.000031 0.000021 0.000014 0.000009 0.000006 0.000004 0.000003 0.000002 0.000001 0.000001 0.000000 0.000000 0.000000 0.000000 0.000000 0.000000 0.000000 0.000000 0.000000 0.000000 0.000000 0.000000 
0.000000 0.000000 0.000000 0.000000 0.000000 0.000000 0.000000 0.000000 0.000000 0.000000 0.000000 0.000000 0.000001 0.000001 0.000002 0.000003 0.000004 0.000007 0.000010 0.000016 0.000024 0.000035 0.000052 0.000075 0.000107 0.000151 0.000210 0.000287 0.000389 0.000519 0.000684 0.000890 0.001142 0.001445 0.001805 0.002224 0.002705 0.003245 0.003841 0.004487 0.005170 0.005878 0.006593 0.007296 0.007966 0.008581 0.009119 0.009560 0.009889 0.010092 0.010160 0.010092 0.009889 0.009560 0.009119 0.008581 0.007966 0.007296 0.006593 0.005878 0.005170 0.004487 0.003841 0.003245 0.002705 0.002224 0.001805 0.001445 0.001142 0.000890 0.000684 0.000519 0.000389 0.000287 0.000210 0.000151 0.000107 0.000075 0.000052 0.000035 0.000024 0.000016 0.000010 0.000007 0.000004 0.000003 0.000002 0.000001 0.000001 0.000000 0.000000 0.000000 0.000000 0.000000 0.000000 0.000000 0.000000 0.000000 0.000000 0.000000 
0.000000 0.000000 0.000000 0.000000 0.000000 0.000000 0.000000 0.000000 0.000000 0.000000 0.000000 0.000001 0.000001 0.000002 0.000003 0.000005 0.000007 0.000011 0.000017 0.000026 0.000040 0.000059 0.000086 0.000124 0.000178 0.000250 0.000347 0.000476 0.000643 0.000859 0.001131 0.001470 0.001885 0.002386 0.002979 0.003671 0.004462 0.005353 0.006335 0.007397 0.008522 0.009688 0.010865 0.012022 0.013124 0.014136 0.015021 0.015748 0.016289 0.016622 0.016734 0.016622 0.016289 0.015748 0.015021 0.014136 0.013124 0.012022 0.010865 0.009688 0.008522 0.007397 0.006335 0.005353 0.004462 0.003671 0.002979 0.002386 0.001885 0.001470 0.001131 0.000859 0.000643 0.000476 0.000347 0.000250 0.000178 0.000124 0.000086 0.000059 0.000040 0.000026 0.000017 0.000011 0.000007 0.000005 0.000003 0.000002 0.000001 0.000001 0.000000 0.000000 0.000000 0.000000 0.000000 0.000000 0.000000 0.000000 0.000000 0.000000 
0.000000 0.000000 0.000000 0.000000 0.000000 0.000000 0.000000 0.000000 0.000000 0.000000 0.000001 0.000001 0.000002 0.000003 0.000005 0.000007 0.000012 0.000018 0.000028 0.000043 0.000065 0.000096 0.000141 0.000204 0.000290 0.000409 0.000567 0.000777 0.001051 0.001402 0.001846 0.002398 0.003075 0.003890 0.004856 0.005982 0.007270 0.008718 0.010316 0.012044 0.013873 0.015767 0.017681 0.019561 0.021353 0.022996 0.024435 0.025616 0.026494 0.027035 0.027218 0.027035 0.026494 0.025616 0.024435 0.022996 0.021353 0.019561 0.017681 0.015767 0.013873 0.012044 0.010316 0.008718 0.007270 0.005982 0.004856 0.003890 0.003075 0.002398 0.001846 0.001402 0.001051 0.000777 0.000567 0.000409 0.000290 0.000204 0.000141 0.000096 0.000065 0.000043 0.000028 0.000018 0.000012 0.000007 0.000005 0.000003 0.000002 0.000001 0.000001 0.000000 0.000000 0.000000 0.000000 0.000000 0.000000 0.000000 0.000000 0.000000 
0.000000 0.000000 0.000000 0.000000 0.000000 0.000000 0.000000 0.000000 0.000000 0.000001 0.000001 0.000002 0.000003 0.000005 0.000008 0.000012 0.000019 0.000030 0.000046 0.000070 0.000105 0.000156 0.000228 0.000329 0.000469 0.000660 0.000915 0.001254 0.001694 0.002260 0.002974 0.003863 0.004952 0.006263 0.007816 0.009625 0.011695 0.014022 0.016588 0.019363 0.022300 0.025341 0.028412 0.031430 0.034305 0.036942 0.039250 0.041144 0.042553 0.043422 0.043715 0.043422 0.042553 0.041144 0.039250 0.036942 0.034305 0.031430 0.028412 0.025341 0.022300 0.019363 0.016588 0.014022 0.011695 0.009625 0.007816 0.006263 0.004952 0.003863 0.002974 0.002260 0.001694 0.001254 0.000915 0.000660 0.000469 0.000329 0.000228 0.000156 0.000105 0.000070 0.000046 0.000030 0.000019 0.000012 0.000008 0.000005 0.000003 0.000002 0.000001 0.000001 0.000000 0.000000 0.000000 0.000000 0.000000 0.000000 0.000000 0.000000 
0.000000 0.000000 0.000000 0.000000 0.000000 0.000000 0.000000 0.000000 0.000001 0.000001 0.000002 0.000003 0.000005 0.000007 0.000012 0.000019 0.000031 0.000048 0.000074 0.000112 0.000168 0.000249 0.000364 0.000525 0.000748 0.001051 0.001458 0.001996 0.002697 0.003597 0.004732 0.006145 0.007874 0.009955 0.012421 0.015292 0.018577 0.022268 0.026338 0.030738 0.035395 0.040215 0.045083 0.049866 0.054421 0.058599 0.062256 0.065257 0.067489 0.068865 0.069330 0.068865 0.067489 0.065257 0.062256 0.058599 0.054421 0.049866 0.045083 0.040215 0.035395 0.030738 0.026338 0.022268 0.018577 0.015292 0.012421 0.009955 0.007874 0.006145 0.004732 0.003597 0.002697 0.001996 0.001458 0.001051 0.000748 0.000525 0.000364 0.000249 0.000168 0.000112 0.000074 0.000048 0.000031 0.000019 0.000012 0.000007 0.000005 0.000003 0.000002 0.000001 0.000001 0.000000 0.000000 0.000000 0.000000 0.000000 0.000000 0.000000 
0.000000 0.000000 0.000000 0.000000 0.000000 0.000000 0.000000 0.000000 0.000001 0.000002 0.000003 0.000004 0.000007 0.000012 0.000019 0.000031 0.000048 0.000075 0.000116 0.000177 0.000265 0.000392 0.000573 0.000827 0.001177 0.001654 0.002294 0.003139 0.004240 0.005652 0.007434 0.009650 0.012361 0.015625 0.019490 0.023989 0.029136 0.034918 0.041292 0.048181 0.055472 0.063017 0.070635 0.078120 0.085247 0.091784 0.097505 0.102200 0.105691 0.107843 0.108570 0.107843 0.105691 0.102200 0.097505 0.091784 0.085247 0.078120 0.070635 0.063017 0.055472 0.048181 0.041292 0.034918 0.029136 0.023989 0.019490 0.015625 0.012361 0.009650 0.007434 0.005652 0.004240 0.003139 0.002294 0.001654 0.001177 0.000827 0.000573 0.000392 0.000265 0.000177 0.000116 0.000075 0.000048 0.000031 0.000019 0.000012 0.000007 0.000004 0.000003 0.000002 0.000001 0.000000 0.000000 0.000000 0.000000 0.000000 0.000000 0.000000 
0.000000 0.000000 0.000000 0.000000 0.000000 0.000000 0.000000 0.000001 0.000001 0.000002 0.000004 0.000007 0.000011 0.000018 0.000030 0.000048 0.000075 0.000118 0.000181 0.000275 0.000412 0.000610 0.000892 0.001286 0.001830 0.002570 0.003562 0.004873 0.006580 0.008768 0.011529 0.014962 0.019160 0.024213 0.030194 0.037156 0.045118 0.054060 0.063917 0.074568 0.085839 0.097500 0.109273 0.120839 0.131850 0.141949 0.150786 0.158038 0.163431 0.166755 0.167878 0.166755 0.163431 0.158038 0.150786 0.141949 0.131850 0.120839 0.109273 0.097500 0.085839 0.074568 0.063917 0.054060 0.045118 0.037156 0.030194 0.024213 0.019160 0.014962 0.011529 0.008768 0.006580 0.004873 0.003562 0.002570 0.001830 0.001286 0.000892 0.000610 0.000412 0.000275 0.000181 0.000118 0.000075 0.000048 0.000030 0.000018 0.000011 0.000007 0.000004 0.000002 0.000001 0.000001 0.000000 0.000000 0.000000 0.000000 0.000000 0.000000 
0.000000 0.000000 0.000000 0.000000 0.000000 0.000000 0.000001 0.000001 0.000002 0.000004 0.000006 0.000010 0.000017 0.000028 0.000046 0.000074 0.000116 0.000181 0.000279 0.000423 0.000634 0.000938 0.001369 0.001973 0.002807 0.003941 0.005461 0.007469 0.010081 0.013429 0.017654 0.022903 0.029321 0.037045 0.046185 0.056821 0.068982 0.082638 0.097687 0.113946 0.131148 0.148945 0.166909 0.184555 0.201353 0.216758 0.230236 0.241297 0.249522 0.254591 0.256304 0.254591 0.249522 0.241297 0.230236 0.216758 0.201353 0.184555 0.166909 0.148945 0.131148 0.113946 0.097687 0.082638 0.068982 0.056821 0.046185 0.037045 0.029321 0.022903 0.017654 0.013429 0.010081 0.007469 0.005461 0.003941 0.002807 0.001973 0.001369 0.000938 0.000634 0.000423 0.000279 0.000181 0.000116 0.000074 0.000046 0.000028 0.000017 0.000010 0.000006 0.000004 0.000002 0.000001 0.000001 0.000000 0.000000 0.000000 0.000000 0.000000 
0.000000 0.000000 0.000000 0.000000 0.000000 0.000001 0.000001 0.000002 0.000003 0.000006 0.000009 0.000016 0.000026 0.000043 0.000070 0.000112 0.000177 0.000275 0.000423 0.000642 0.000961 0.001422 0.002075 0.002990 0.004252 0.005967 0.008266 0.011301 0.015249 0.020307 0.026687 0.034612 0.044301 0.055956 0.069746 0.085789 0.104129 0.124719 0.147405 0.171911 0.197835 0.224650 0.251715 0.278297 0.303599 0.326800 0.347099 0.363756 0.376142 0.383776 0.386355 0.383776 0.376142 0.363756 0.347099 0.326800 0.303599 0.278297 0.251715 0.224650 0.197835 0.171911 0.147405 0.124719 0.104129 0.085789 0.069746 0.055956 0.044301 0.034612 0.026687 0.020307 0.015249 0.011301 0.008266 0.005967 0.004252 0.002990 0.002075 0.001422 0.000961 0.000642 0.000423 0.000275 0.000177 0.000112 0.000070 0.000043 0.000026 0.000016 0.000009 0.000006 0.000003 0.000002 0.000001 0.000001 0.000000 0.000000 0.000000 0.000000 
0.000000 0.000000 0.000000 0.000000 0.000000 0.000001 0.000002 0.000003 0.000005 0.000008 0.000014 0.000024 0.000040 0.000065 0.000105 0.000168 0.000265 0.000412 0.000634 0.000961 0.001440 0.002128 0.003105 0.004472 0.006357 0.008919 0.012351 0.016881 0.022771 0.030314 0.039828 0.051641 0.066080 0.083445 0.103986 0.127877 0.155183 0.185834 0.219599 0.256067 0.294639 0.334532 0.374791 0.414327 0.451957 0.486459 0.516643 0.541410 0.559826 0.571175 0.575009 0.571175 0.559826 0.541410 0.516643 0.486459 0.451957 0.414327 0.374791 0.334532 0.294639 0.256067 0.219599 0.185834 0.155183 0.127877 0.103986 0.083445 0.066080 0.051641 0.039828 0.030314 0.022771 0.016881 0.012351 0.008919 0.006357 0.004472 0.003105 0.002128 0.001440 0.000961 0.000634 0.000412 0.000265 0.000168 0.000105 0.000065 0.000040 0.000024 0.000014 0.000008 0.000005 0.000003 0.000002 0.000001 0.000000 0.000000 0.000000 0.000000 
0.000000 0.000000 0.000000 0.000000 0.000001 0.000001 0.000002 0.000004 0.000007 0.000012 0.000021 0.000035 0.000059 0.000096 0.000156 0.000249 0.000392 0.000610 0.000938 0.001422 0.002128 0.003145 0.004587 0.006603 0.009383 0.013160 0.018218 0.024892 0.033567 0.044674 0.058678 0.076064 0.097307 0.122849 0.153057 0.188183 0.228323 0.273371 0.322986 0.376565 0.433228 0.491822 0.550948 0.609006 0.664259 0.714916 0.759229 0.795589 0.822623 0.839283 0.844912 0.839283 0.822623 0.795589 0.759229 0.714916 0.664259 0.609006 0.550948 0.491822 0.433228 0.376565 0.322986 0.273371 0.228323 0.188183 0.153057 0.122849 0.097307 0.076064 0.058678 0.044674 0.033567 0.024892 0.018218 0.013160 0.009383 0.006603 0.004587 0.003145 0.002128 0.001422 0.000938 0.000610 0.000392 0.000249 0.000156 0.000096 0.000059 0.000035 0.000021 0.000012 0.000007 0.000004 0.000002 0.000001 0.000001 0.000000 0.000000 0.000000 
0.000000 0.000000 0.000000 0.000001 0.000001 0.000002 0.000003 0.000006 0.000011 0.000018 0.000031 0.000052 0.000086 0.000141 0.000228 0.000364 0.000573 0.000892 0.001369 0.002075 0.003105 0.004587 0.006687 0.009624 0.013671 0.019168 0.026527 0.036233 0.048847 0.064992 0.085343 0.110601 0.141457 0.178548 0.222404 0.273391 0.331643 0.397007 0.468987 0.546705 0.628884 0.713853 0.799583 0.883756 0.963855 1.037287 1.101517 1.154216 1.193398 1.217544 1.225701 1.217544 1.193398 1.154216 1.101517 1.037287 0.963855 0.883756 0.799583 0.713853 0.628884 0.546705 0.468987 0.397007 0.331643 0.273391 0.222404 0.178548 0.141457 0.110601 0.085343 0.064992 0.048847 0.036233 0.026527 0.019168 0.013671 0.009624 0.006687 0.004587 0.003105 0.002075 0.001369 0.000892 0.000573 0.000364 0.000228 0.000141 0.000086 0.000052 0.000031 0.000018 0.000011 0.000006 0.000003 0.000002 0.000001 0.000001 0.000000 0.000000 
0.000000 0.000000 0.000000 0.000001 0.000002 0.000003 0.000005 0.000009 0.000015 0.000026 0.000045 0.000075 0.000124 0.000204 0.000329 0.000525 0.000827 0.001286 0.001973 0.002990 0.004472 0.006603 0.009624 0.013846 0.019662 0.027559 0.038128 0.052064 0.070168 0.093336 0.122532 0.158758 0.203002 0.256174 0.319032 0.392096 0.475555 0.569188 0.672281 0.783575 0.901242 1.022888 1.145612 1.266093 1.380733 1.485822 1.577738 1.653149 1.709215 1.743765 1.755437 1.743765 1.709215 1.653149 1.577738 1.485822 1.380733 1.266093 1.145612 1.022888 0.901242 0.783575 0.672281 0.569188 0.475555 0.392096 0.319032 0.256174 0.203002 0.158758 0.122532 0.093336 0.070168 0.052064 0.038128 0.027559 0.019662 0.013846 0.009624 0.006603 0.004472 0.002990 0.001973 0.001286 0.000827 0.000525 0.000329 0.000204 0.000124 0.000075 0.000045 0.000026 0.000015 0.000009 0.000005 0.000003 0.000002 0.000001 0.000000 0.000000 
0.000000 0.000000 0.000001 0.000001 0.000002 0.000004 0.000007 0.000013 0.000022 0.000038 0.000064 0.000107 0.000178 0.000290 0.000469 0.000748 0.001177 0.001830 0.002807 0.004252 0.006357 0.009383 0.013671 0.019662 0.027912 0.039112 0.054095 0.073846 0.099499 0.132316 0.173663 0.224953 0.287581 0.362832 0.451772 0.555132 0.673178 0.805590 0.951358 1.108700 1.275029 1.446963 1.620400 1.790653 1.952637 2.101116 2.230974 2.337509 2.416712 2.465519 2.482006 2.465519 2.416712 2.337509 2.230974 2.101116 1.952637 1.790653 1.620400 1.446963 1.275029 1.108700 0.951358 0.805590 0.673178 0.555132 0.451772 0.362832 0.287581 0.224953 0.173663 0.132316 0.099499 0.073846 0.054095 0.039112 0.027912 0.019662 0.013671 0.009383 0.006357 0.004252 0.002807 0.001830 0.001177 0.000748 0.000469 0.000290 0.000178 0.000107 0.000064 0.000038 0.000022 0.000013 0.000007 0.000004 0.000002 0.000001 0.000000 0.000000 
0.000000 0.000000 0.000001 0.000002 0.000003 0.000006 0.000010 0.000018 0.000031 0.000053 0.000090 0.000151 0.000250 0.000409 0.000660 0.001051 0.001654 0.002570 0.003941 0.005967 0.008919 0.013160 0.019168 0.027559 0.039112 0.054789 0.075757 0.103390 0.139269 0.185158 0.242960 0.314646 0.402160 0.507290 0.631520 0.775866 0.940692 1.125548 1.329019 1.548615 1.780724 2.020628 2.262604 2.500115 2.726072 2.933176 3.114298 3.262882 3.373342 3.441409 3.464402 3.441409 3.373342 3.262882 3.114298 2.933176 2.726072 2.500115 2.262604 2.020628 1.780724 1.548615 1.329019 1.125548 0.940692 0.775866 0.631520 0.507290 0.402160 0.314646 0.242960 0.185158 0.139269 0.103390 0.075757 0.054789 0.039112 0.027559 0.019168 0.013160 0.008919 0.005967 0.003941 0.002570 0.001654 0.001051 0.000660 0.000409 0.000250 0.000151 0.000090 0.000053 0.000031 0.000018 0.000010 0.000006 0.000003 0.000002 0.000001 0.000000 
0.000000 0.000000 0.000001 0.000002 0.000004 0.000008 0.000014 0.000025 0.000043 0.000074 0.000125 0.000210 0.000347 0.000567 0.000915 0.001458 0.002294 0.003562 0.005461 0.008266 0.012351 0.018218 0.026527 0.038128 0.054095 0.075757 0.104720 0.142881 0.192417 0.255758 0.335523 0.434427 0.555142 0.700127 0.871423 1.070418 1.297611 1.552373 1.832748 2.135304 2.455060 2.785518 3.118797 3.445896 3.757061 4.042243 4.291634 4.496214 4.648297 4.742010 4.773667 4.742010 4.648297 4.496214 4.291634 4.042243 3.757061 3.445896 3.118797 2.785518 2.455060 2.135304 1.832748 1.552373 1.297611 1.070418 0.871423 0.700127 0.555142 0.434427 0.335523 0.255758 0.192417 0.142881 0.104720 0.075757 0.054095 0.038128 0.026527 0.018218 0.012351 0.008266 0.005461 0.003562 0.002294 0.001458 0.000915 0.000567 0.000347 0.000210 0.000125 0.000074 0.000043 0.000025 0.000014 0.000008 0.000004 0.000002 0.000001 0.000000 
0.000000 0.000001 0.000002 0.000003 0.000006 0.000011 0.000019 0.000034 0.000059 0.000101 0.000172 0.000287 0.000476 0.000777 0.001254 0.001996 0.003139 0.004873 0.007469 0.011301 0.016881 0.024892 0.036233 0.052064 0.073846 0.103390 0.142881 0.194899 0.262407 0.348708 0.457363 0.592059 0.756427 0.953804 1.186957 1.457767 1.766900 2.113494 2.494881 2.906387 3.341237 3.790592 4.243740 4.688448 5.111460 5.499127 5.838120 6.116191 6.322902 6.450272 6.493298 6.450272 6.322902 6.116191 5.838120 5.499127 5.111460 4.688448 4.243740 3.790592 3.341237 2.906387 2.494881 2.113494 1.766900 1.457767 1.186957 0.953804 0.756427 0.592059 0.457363 0.348708 0.262407 0.194899 0.142881 0.103390 0.073846 0.052064 0.036233 0.024892 0.016881 0.011301 0.007469 0.004873 0.003139 0.001996 0.001254 0.000777 0.000476 0.000287 0.000172 0.000101 0.000059 0.000034 0.000019 0.000011 0.000006 0.000003 0.000001 0.000000 
0.000000 0.000001 0.000002 0.000004 0.000008 0.000015 0.000026 0.000046 0.000080 0.000137 0.000232 0.000389 0.000643 0.001051 0.001694 0.002697 0.004240 0.006580 0.010081 0.015249 0.022771 0.033567 0.048847 0.070168 0.099499 0.139269 0.192417 0.262407 0.353217 0.469281 0.615377 0.796452 1.017371 1.282609 1.595869 1.959663 2.374877 2.840340 3.352461 3.904958 4.488731 5.091914 5.700134 6.296977 6.864660 7.384877 7.839757 8.212872 8.490227 8.661124 8.718852 8.661124 8.490227 8.212872 7.839757 7.384877 6.864660 6.296977 5.700134 5.091914 4.488731 3.904958 3.352461 2.840340 2.374877 1.959663 1.595869 1.282609 1.017371 0.796452 0.615377 0.469281 0.353217 0.262407 0.192417 0.139269 0.099499 0.070168 0.048847 0.033567 0.022771 0.015249 0.010081 0.006580 0.004240 0.002697 0.001694 0.001051 0.000643 0.000389 0.000232 0.000137 0.000080 0.000046 0.000026 0.000014 0.000008 0.000004 0.000002 0.000000 
0.000000 0.000001 0.000003 0.000006 0.000011 0.000019 0.000035 0.000061 0.000107 0.000183 0.000310 0.000519 0.000859 0.001402 0.002260 0.003597 0.005652 0.008768 0.013429 0.020307 0.030314 0.044674 0.064992 0.093336 0.132316 0.185158 0.255758 0.348708 0.469281 0.623352 0.817251 1.057526 1.350619 1.702448 2.117906 2.600312 3.150820 3.767867 4.446681 5.178927 5.952541 6.751800 7.557662 8.348387 9.100430 9.789551 10.392091 10.886306 11.253669 11.480022 11.556482 11.480022 11.253669 10.886306 10.392091 9.789551 9.100430 8.348387 7.557662 6.751800 5.952541 5.178927 4.446681 3.767867 3.150820 2.600312 2.117906 1.702448 1.350619 1.057526 0.817251 0.623352 0.469281 0.348708 0.255758 0.185158 0.132316 0.093336 0.064992 0.044674 0.030314 0.020307 0.013429 0.008768 0.005652 0.003597 0.002260 0.001402 0.000859 0.000519 0.000310 0.000183 0.000107 0.000061 0.000035 0.000019 0.000011 0.000005 0.000002 0.000000 
0.000000 0.000002 0.000004 0.000008 0.000014 0.000026 0.000046 0.000081 0.000141 0.000241 0.000409 0.000684 0.001131 0.001846 0.002974 0.004732 0.007434 0.011529 0.017654 0.026687 0.039828 0.058678 0.085343 0.122532 0.173663 0.242960 0.335523 0.457363 0.615377 0.817251 1.071260 1.385964 1.769780 2.230434 2.774315 3.405742 4.126210 4.933654 5.821816 6.779782 7.791764 8.837196 9.891176 10.925281 11.908734 12.809853 13.597719 14.243917 14.724240 15.020188 15.120156 15.020188 14.724240 14.243917 13.597719 12.809853 11.908734 10.925281 9.891176 8.837196 7.791764 6.779782 5.821816 4.933654 4.126210 3.405742 2.774315 2.230434 1.769780 1.385964 1.071260 0.817251 0.615377 0.457363 0.335523 0.242960 0.173663 0.122532 0.085343 0.058678 0.039828 0.026687 0.017654 0.011529 0.007434 0.004732 0.002974 0.001846 0.001131 0.000684 0.000409 0.000241 0.000141 0.000081 0.000046 0.000026 0.000014 0.000007 0.000003 0.000000 
0.000000 0.000002 0.000005 0.000010 0.000019 0.000034 0.000060 0.000105 0.000183 0.000314 0.000532 0.000890 0.001470 0.002398 0.003863 0.006145 0.009650 0.014962 0.022903 0.034612 0.051641 0.076064 0.110601 0.158758 0.224953 0.314646 0.434427 0.592059 0.796452 1.057526 1.385964 1.792810 2.288920 2.884254 3.587041 4.402838 5.333551 6.376492 7.523561 8.760651 10.067369 11.417158 12.777876 14.112840 15.382336 16.545489 17.562410 18.396449 19.016377 19.398336 19.527355 19.398336 19.016377 18.396449 17.562410 16.545489 15.382336 14.112840 12.777876 11.417158 10.067369 8.760651 7.523561 6.376492 5.333551 4.402838 3.587041 2.884254 2.288920 1.792810 1.385964 1.057526 0.796452 0.592059 0.434427 0.314646 0.224953 0.158758 0.110601 0.076064 0.051641 0.034612 0.022903 0.014962 0.009650 0.006145 0.003863 0.002398 0.001470 0.000890 0.000532 0.000314 0.000183 0.000105 0.000060 0.000033 0.000018 0.000009 0.000004 0.000000 
0.000000 0.000003 0.000007 0.000013 0.000024 0.000043 0.000077 0.000135 0.000235 0.000403 0.000682 0.001142 0.001885 0.003075 0.004952 0.007874 0.012361 0.019160 0.029321 0.044301 0.066080 0.097307 0.141457 0.203002 0.287581 0.402160 0.555142 0.756427 1.017371 1.350619 1.769780 2.288920 2.921859 3.681276 4.577634 5.617988 6.804740 8.134438 9.596735 11.173632 12.839128 14.559376 16.293420 17.994531 19.612122 21.094136 22.389776 23.452373 24.242165 24.728774 24.893142 24.728774 24.242165 23.452373 22.389776 21.094136 19.612122 17.994531 16.293420 14.559376 12.839128 11.173632 9.596735 8.134438 6.804740 5.617988 4.577634 3.681276 2.921859 2.288920 1.769780 1.350619 1.017371 0.756427 0.555142 0.402160 0.287581 0.203002 0.141457 0.097307 0.066080 0.044301 0.029321 0.019160 0.012361 0.007874 0.004952 0.003075 0.001885 0.001142 0.000682 0.000403 0.000235 0.000135 0.000077 0.000043 0.000023 0.000012 0.000005 0.000000 
0.000000 0.000003 0.000008 0.000016 0.000030 0.000055 0.000097 0.000171 0.000298 0.000510 0.000864 0.001445 0.002386 0.003890 0.006263 0.009955 0.015625 0.024213 0.037045 0.055956 0.083445 0.122849 0.178548 0.256174 0.362832 0.507290 0.700127 0.953804 1.282609 1.702448 2.230434 2.884254 3.681276 4.637427 5.765842 7.075366 8.568987 10.242331 12.082352 14.066385 16.161709 18.325743 20.506975 22.646646 24.681150 26.545044 28.174476 29.510783 30.503992 31.115920 31.322617 31.115920 30.503992 29.510783 28.174476 26.545044 24.681150 22.646646 20.506975 18.325743 16.161709 14.066385 12.082352 10.242331 8.568987 7.075366 5.765842 4.637427 3.681276 2.884254 2.230434 1.702448 1.282609 0.953804 0.700127 0.507290 0.362832 0.256174 0.178548 0.122849 0.083445 0.055956 0.037045 0.024213 0.015625 0.009955 0.006263 0.003890 0.002386 0.001445 0.000864 0.000510 0.000298 0.000171 0.000097 0.000054 0.000030 0.000015 0.000006 0.000000 
0.000000 0.000004 0.000010 0.000020 0.000038 0.000068 0.000122 0.000214 0.000372 0.000638 0.001080 0.001805 0.002979 0.004856 0.007816 0.012421 0.019490 0.030194 0.046185 0.069746 0.103986 0.153057 0.222404 0.319032 0.451772 0.631520 0.871423 1.186957 1.595869 2.117906 2.774315 3.587041 4.577634 5.765842 7.167944 8.794886 10.650341 12.728838 15.014145 17.478093 20.080037 22.767102 25.475339 28.131812 30.657584 32.971446 34.994166 36.652962 37.885832 38.645408 38.901975 38.645408 37.885832 36.652962 34.994166 32.971446 30.657584 28.131812 25.475339 22.767102 20.080037 17.478093 15.014145 12.728838 10.650341 8.794886 7.167944 5.765842 4.577634 3.587041 2.774315 2.117906 1.595869 1.186957 0.871423 0.631520 0.451772 0.319032 0.222404 0.153057 0.103986 0.069746 0.046185 0.030194 0.019490 0.012421 0.007816 0.004856 0.002979 0.001805 0.001080 0.000638 0.000372 0.000214 0.000122 0.000068 0.000037 0.000019 0.000008 0.000000 
0.000000 0.000005 0.000013 0.000025 0.000047 0.000084 0.000150 0.000264 0.000459 0.000786 0.001331 0.002224 0.003671 0.005982 0.009625 0.015292 0.023989 0.037156 0.056821 0.085789 0.127877 0.188183 0.273391 0.392096 0.555132 0.775866 1.070418 1.457767 1.959663 2.600312 3.405742 4.402838 5.617988 7.075366 8.794886 10.789923 13.064932 15.613166 18.414691 21.434955 24.624123 27.917391 31.236395 34.491778 37.586840 40.422108 42.900541 44.933000 46.443558 47.374204 47.688553 47.374204 46.443558 44.933000 42.900541 40.422108 37.586840 34.491778 31.236395 27.917391 24.624123 21.434955 18.414691 15.613166 13.064932 10.789923 8.794886 7.075366 5.617988 4.402838 3.405742 2.600312 1.959663 1.457767 1.070418 0.775866 0.555132 0.392096 0.273391 0.188183 0.127877 0.085789 0.056821 0.037156 0.023989 0.015292 0.009625 0.005982 0.003671 0.002224 0.001331 0.000786 0.000459 0.000264 0.000150 0.000084 0.000046 0.000024 0.000010 0.000000 
0.000000 0.000007 0.000016 0.000031 0.000057 0.000103 0.000183 0.000322 0.000559 0.000957 0.001619 0.002705 0.004462 0.007270 0.011695 0.018577 0.029136 0.045118 0.068982 0.104129 0.155183 0.228323 0.331643 0.475555 0.673178 0.940692 1.297611 1.766900 2.374877 3.150820 4.126210 5.333551 6.804740 8.568987 10.650341 13.064932 15.818102 18.901637 22.291381 25.945500 29.803691 33.787555 37.802315 41.739907 45.483408 48.912549 51.910014 54.368045 56.194857 57.320332 57.700486 57.320332 56.194857 54.368045 51.910014 48.912549 45.483408 41.739907 37.802315 33.787555 29.803691 25.945500 22.291381 18.901637 15.818102 13.064932 10.650341 8.568987 6.804740 5.333551 4.126210 3.150820 2.374877 1.766900 1.297611 0.940692 0.673178 0.475555 0.331643 0.228323 0.155183 0.104129 0.068982 0.045118 0.029136 0.018577 0.011695 0.007270 0.004462 0.002705 0.001619 0.000957 0.000558 0.000322 0.000183 0.000102 0.000056 0.000029 0.000012 0.000000 
0.000000 0.000008 0.000019 0.000037 0.000068 0.000124 0.000220 0.000387 0.000671 0.001149 0.001943 0.003245 0.005353 0.008718 0.014022 0.022268 0.034918 0.054060 0.082638 0.124719 0.185834 0.273371 0.397007 0.569188 0.805590 1.125548 1.552373 2.113494 2.840340 3.767867 4.933654 6.376492 8.134438 10.242331 12.728838 15.613166 18.901637 22.584389 26.632531 30.996077 35.603001 40.359695 45.153011 49.853964 54.323004 58.416606 61.994777 64.928935 67.109566 68.453006 68.906780 68.453006 67.109566 64.928935 61.994777 58.416606 54.323004 49.853964 45.153011 40.359695 35.603001 30.996077 26.632531 22.584389 18.901637 15.613166 12.728838 10.242331 8.134438 6.376492 4.933654 3.767867 2.840340 2.113494 1.552373 1.125548 0.805590 0.569188 0.397007 0.273371 0.185834 0.124719 0.082638 0.054060 0.034918 0.022268 0.014022 0.008718 0.005353 0.003245 0.001943 0.001149 0.000670 0.000386 0.000220 0.000123 0.000067 0.000035 0.000015 0.000000 
0.000000 0.000009 0.000022 0.000044 0.000081 0.000147 0.000261 0.000458 0.000794 0.001360 0.002300 0.003841 0.006335 0.010316 0.016588 0.026338 0.041292 0.063917 0.097687 0.147405 0.219599 0.322986 0.468987 0.672281 0.951358 1.329019 1.832748 2.494881 3.352461 4.446681 5.821816 7.523561 9.596735 12.082352 15.014145 18.414691 22.291381 26.632531 31.404042 36.546964 41.976395 47.582014 53.230501 58.769894 64.035800 68.859160 73.075082 76.532128 79.101318 80.684124 81.218746 80.684124 79.101318 76.532128 73.075082 68.859160 64.035800 58.769894 53.230501 47.582014 41.976395 36.546964 31.404042 26.632531 22.291381 18.414691 15.014145 12.082352 9.596735 7.523561 5.821816 4.446681 3.352461 2.494881 1.832748 1.329019 0.951358 0.672281 0.468987 0.322986 0.219599 0.147405 0.097687 0.063917 0.041292 0.026338 0.016588 0.010316 0.006335 0.003841 0.002300 0.001360 0.000794 0.000458 0.000260 0.000146 0.000080 0.000041 0.000017 0.000000 
0.000000 0.000011 0.000026 0.000051 0.000095 0.000171 0.000305 0.000535 0.000928 0.001589 0.002687 0.004487 0.007397 0.012044 0.019363 0.030738 0.048181 0.074568 0.113946 0.171911 0.256067 0.376565 0.546705 0.783575 1.108700 1.548615 2.135304 2.906387 3.904958 5.178927 6.779782 8.760651 11.173632 14.066385 17.478093 21.434955 25.945500 30.996077 36.546964 42.529552 48.845061 55.365171 61.934830 68.377333 74.501536 80.110885 85.013682 89.033879 92.021543 93.862138 94.483830 93.862138 92.021543 89.033879 85.013682 80.110885 74.501536 68.377333 61.934830 55.365171 48.845061 42.529552 36.546964 30.996077 25.945500 21.434955 17.478093 14.066385 11.173632 8.760651 6.779782 5.178927 3.904958 2.906387 2.135304 1.548615 1.108700 0.783575 0.546705 0.376565 0.256067 0.171911 0.113946 0.074568 0.048181 0.030738 0.019363 0.012044 0.007397 0.004486 0.002687 0.001589 0.000928 0.000535 0.000305 0.000171 0.000093 0.000048 0.000020 0.000000 
0.000000 0.000013 0.000030 0.000059 0.000109 0.000198 0.000352 0.000617 0.001070 0.001832 0.003097 0.005170 0.008522 0.013873 0.022300 0.035395 0.055472 0.085839 0.131148 0.197835 0.294639 0.433228 0.628884 0.901242 1.275029 1.780724 2.455060 3.341237 4.488731 5.952541 7.791764 10.067369 12.839128 16.161709 20.080037 24.624123 29.803691 35.603001 41.976395 48.845061 56.095575 63.580621 71.122224 78.517574 85.547311 91.985882 97.613318 102.227615 105.656743 107.769289 108.482833 107.769289 105.656743 102.227615 97.613318 91.985882 85.547311 78.517574 71.122224 63.580621 56.095575 48.845061 41.976395 35.603001 29.803691 24.624123 20.080037 16.161709 12.839128 10.067369 7.791764 5.952541 4.488731 3.341237 2.455060 1.780724 1.275029 0.901242 0.628884 0.433228 0.294639 0.197835 0.131148 0.085839 0.055472 0.035395 0.022300 0.013873 0.008522 0.005170 0.003097 0.001832 0.001070 0.000617 0.000351 0.000197 0.000108 0.000056 0.000023 0.000000 
0.000000 0.000014 0.000034 0.000067 0.000125 0.000225 0.000400 0.000703 0.001217 0.002084 0.003522 0.005878 0.009688 0.015767 0.025341 0.040215 0.063017 0.097500 0.148945 0.224650 0.334532 0.491822 0.713853 1.022888 1.446963 2.020628 2.785518 3.790592 5.091914 6.751800 8.837196 11.417158 14.559376 18.325743 22.767102 27.917391 33.787555 40.359695 47.582014 55.365171 63.580621 72.061448 80.606022 88.984601 96.948716 104.242898 110.618016 115.845295 119.729910 122.123044 122.931357 122.123044 119.729910 115.845295 110.618016 104.242898 96.948716 88.984601 80.606022 72.061448 63.580621 55.365171 47.582014 40.359695 33.787555 27.917391 22.767102 18.325743 14.559376 11.417158 8.837196 6.751800 5.091914 3.790592 2.785518 2.020628 1.446963 1.022888 0.713853 0.491822 0.334532 0.224650 0.148945 0.097500 0.063017 0.040215 0.025341 0.015767 0.009688 0.005878 0.003522 0.002084 0.001217 0.000702 0.000400 0.000224 0.000122 0.000063 0.000027 0.000000 
0.000000 0.000016 0.000039 0.000076 0.000140 0.000253 0.000449 0.000788 0.001366 0.002338 0.003951 0.006593 0.010865 0.017681 0.028412 0.045083 0.070635 0.109273 0.166909 0.251715 0.374791 0.550948 0.799583 1.145612 1.620400 2.262604 3.118797 4.243740 5.700134 7.557662 9.891176 12.777876 16.293420 20.506975 25.475339 31.236395 37.802315 45.153011 53.230501 61.934830 71.122224 80.606022 90.160771 99.529610 108.434757 116.590621 123.718711 129.563299 133.906613 136.582308 137.486057 136.582308 133.906613 129.563299 123.718711 116.590621 108.434757 99.529610 90.160771 80.606022 71.122224 61.934830 53.230501 45.153011 37.802315 31.236395 25.475339 20.506975 16.293420 12.777876 9.891176 7.557662 5.700134 4.243740 3.118797 2.262604 1.620400 1.145612 0.799583 0.550948 0.374791 0.251715 0.166909 0.109273 0.070635 0.045083 0.028412 0.017681 0.010865 0.006593 0.003951 0.002338 0.001366 0.000788 0.000449 0.000251 0.000138 0.000071 0.000030 0.000000 
