0.000000 0.000000 0.000000 0.000000 0.000000 0.000000 0.000000 0.000000 0.000000 0.000000 0.000000 0.000000 0.000000 0.000000 0.000000 0.000000 0.000000 0.000000 0.000000 0.000000 0.000000 0.000000 0.000000 0.000000 0.000000 0.000000 0.000000 0.000000 0.000000 0.000000 0.000000 0.000000 0.000000 0.000000 0.000000 0.000000 0.000000 0.000000 0.000000 0.000000 0.000000 0.000000 0.000000 0.000000 0.000000 0.000000 0.000000 0.000000 0.000000 0.000000 0.000000 0.000000 0.000000 0.000000 0.000000 0.000000 0.000000 0.000000 0.000000 0.000000 0.000000 0.000000 0.000000 0.000000 0.000000 0.000000 0.000000 0.000000 0.000000 0.000000 0.000000 0.000000 0.000000 0.000000 0.000000 0.000000 0.000000 0.000000 0.000000 0.000000 0.000000 0.000000 0.000000 0.000000 0.000000 0.000000 0.000000 0.000000 0.000000 0.000000 0.000000 0.000000 0.000000 0.000000 0.000000 0.000000 0.000000 0.000000 0.000000 0.000000 
0.000000 0.000000 0.000000 0.000000 0.000000 0.000000 0.000000 0.000000 0.000000 0.000001 0.000001 0.000001 0.000002 0.000002 0.000003 0.000005 0.000006 0.000009 0.000012 0.000016 0.000021 0.000028 0.000037 0.000047 0.000061 0.000077 0.000097 0.000121 0.000149 0.000183 0.000221 0.000266 0.000316 0.000373 0.000435 0.000503 0.000577 0.000655 0.000737 0.000821 0.000906 0.000991 0.001073 0.001152 0.001224 0.001289 0.001345 0.001390 0.001423 0.001443 0.001450 0.001443 0.001423 0.001390 0.001345 0.001289 0.001224 0.001152 0.001073 0.000991 0.000906 0.000821 0.000737 0.000655 0.000577 0.000503 0.000435 0.000373 0.000316 0.000266 0.000221 0.000183 0.000149 0.000121 0.000097 0.000077 0.000061 0.000047 0.000037 0.000028 0.000021 0.000016 0.000012 0.000009 0.000006 0.000005 0.000003 0.000002 0.000002 0.000001 0.000001 0.000001 0.000000 0.000000 0.000000 0.000000 0.000000 0.000000 0.000000 0.000000 
0.000000 0.000000 0.000000 0.000000 0.000000 0.000000 0.000000 0.000001 0.000001 0.000001 0.000002 0.000003 0.000004 0.000005 0.000007 0.000010 0.000014 0.000019 0.000026 0.000035 0.000046 0.000061 0.000080 0.000103 0.000132 0.000168 0.000212 0.000264 0.000326 0.000399 0.000483 0.000580 0.000690 0.000813 0.000950 0.001099 0.001259 0.001429 0.001608 0.001791 0.001977 0.002162 0.002342 0.002513 0.002671 0.002813 0.002935 0.003033 0.003105 0.003149 0.003164 0.003149 0.003105 0.003033 0.002935 0.002813 0.002671 0.002513 0.002342 0.002162 0.001977 0.001791 0.001608 0.001429 0.001259 0.001099 0.000950 0.000813 0.000690 0.000580 0.000483 0.000399 0.000326 0.000264 0.000212 0.000168 0.000132 0.000103 0.000080 0.000061 0.000046 0.000035 0.000026 0.000019 0.000014 0.000010 0.000007 0.000005 0.000004 0.000003 0.000002 0.000001 0.000001 0.000001 0.000000 0.000000 0.000000 0.000000 0.000000 0.000000 
0.000000 0.000000 0.000000 0.000000 0.000000 0.000000 0.000001 0.000001 0.000001 0.000002 0.000003 0.000004 0.000006 0.000009 0.000013 0.000018 0.000024 0.000033 0.000045 0.000060 0.000080 0.000105 0.000138 0.000178 0.000228 0.000290 0.000364 0.000454 0.000561 0.000686 0.000832 0.000999 0.001188 0.001400 0.001635 0.001891 0.002167 0.002460 0.002766 0.003082 0.003402 0.003719 0.004029 0.004323 0.004595 0.004839 0.005048 0.005217 0.005341 0.005417 0.005443 0.005417 0.005341 0.005217 0.005048 0.004839 0.004595 0.004323 0.004029 0.003719 0.003402 0.003082 0.002766 0.002460 0.002167 0.001891 0.001635 0.001400 0.001188 0.000999 0.000832 0.000686 0.000561 0.000454 0.000364 0.000290 0.000228 0.000178 0.000138 0.000105 0.000080 0.000060 0.000045 0.000033 0.000024 0.000018 0.000013 0.000009 0.000006 0.000004 0.000003 0.000002 0.000001 0.000001 0.000001 0.000000 0.000000 0.000000 0.000000 0.000000 
0.000000 0.000000 0.000000 0.000000 0.000000 0.000001 0.000001 0.000002 0.000002 0.000003 0.000005 0.000007 0.000010 0.000014 0.000020 0.000028 0.000039 0.000053 0.000071 0.000096 0.000128 0.000168 0.000220 0.000284 0.000364 0.000462 0.000581 0.000724 0.000894 0.001094 0.001326 0.001592 0.001893 0.002231 0.002605 0.003012 0.003452 0.003918 0.004406 0.004908 0.005417 0.005923 0.006415 0.006883 0.007317 0.007705 0.008037 0.008306 0.008504 0.008624 0.008665 0.008624 0.008504 0.008306 0.008037 0.007705 0.007317 0.006883 0.006415 0.005923 0.005417 0.004908 0.004406 0.003918 0.003452 0.003012 0.002605 0.002231 0.001893 0.001592 0.001326 0.001094 0.000894 0.000724 0.000581 0.000462 0.000364 0.000284 0.000220 0.000168 0.000128 0.000096 0.000071 0.000053 0.000039 0.000028 0.000020 0.000014 0.000010 0.000007 0.000005 0.000003 0.000002 0.000002 0.000001 0.000001 0.000000 0.000000 0.000000 0.000000 
0.000000 0.000000 0.000000 0.000000 0.000001 0.000001 0.000002 0.000002 0.000004 0.000005 0.000008 0.000011 0.000016 0.000022 0.000031 0.000043 0.000060 0.000082 0.000110 0.000148 0.000197 0.000260 0.000339 0.000438 0.000561 0.000713 0.000896 0.001117 0.001379 0.001686 0.002043 0.002453 0.002917 0.003437 0.004012 0.004640 0.005316 0.006034 0.006785 0.007558 0.008341 0.009119 0.009876 0.010597 0.011263 0.011860 0.012372 0.012786 0.013089 0.013275 0.013338 0.013275 0.013089 0.012786 0.012372 0.011860 0.011263 0.010597 0.009876 0.009119 0.008341 0.007558 0.006785 0.006034 0.005316 0.004640 0.004012 0.003437 0.002917 0.002453 0.002043 0.001686 0.001379 0.001117 0.000896 0.000713 0.000561 0.000438 0.000339 0.000260 0.000197 0.000148 0.000110 0.000082 0.000060 0.000043 0.000031 0.000022 0.000016 0.000011 0.000008 0.000005 0.000004 0.000002 0.000002 0.000001 0.000001 0.000000 0.000000 0.000000 
0.000000 0.000000 0.000000 0.000001 0.000001 0.000002 0.000002 0.000004 0.000005 0.000008 0.000011 0.000017 0.000024 0.000034 0.000047 0.000066 0.000090 0.000124 0.000167 0.000225 0.000299 0.000393 0.000513 0.000663 0.000850 0.001079 0.001357 0.001690 0.002086 0.002551 0.003091 0.003710 0.004412 0.005198 0.006068 0.007016 0.008038 0.009122 0.010257 0.011424 0.012607 0.013782 0.014926 0.016014 0.017021 0.017922 0.018695 0.019320 0.019778 0.020059 0.020153 0.020059 0.019778 0.019320 0.018695 0.017922 0.017021 0.016014 0.014926 0.013782 0.012607 0.011424 0.010257 0.009122 0.008038 0.007016 0.006068 0.005198 0.004412 0.003710 0.003091 0.002551 0.002086 0.001690 0.001357 0.001079 0.000850 0.000663 0.000513 0.000393 0.000299 0.000225 0.000167 0.000124 0.000090 0.000066 0.000047 0.000034 0.000024 0.000017 0.000011 0.000008 0.000005 0.000004 0.000002 0.000002 0.000001 0.000001 0.000000 0.000000 
0.000000 0.000000 0.000001 0.000001 0.000002 0.000002 0.000004 0.000005 0.000008 0.000012 0.000017 0.000025 0.000035 0.000050 0.000071 0.000098 0.000135 0.000185 0.000250 0.000336 0.000447 0.000588 0.000767 0.000992 0.001271 0.001613 0.002028 0.002526 0.003117 0.003812 0.004618 0.005542 0.006590 0.007763 0.009060 0.010475 0.011999 0.013616 0.015308 0.017050 0.018814 0.020566 0.022272 0.023894 0.025396 0.026740 0.027892 0.028823 0.029507 0.029925 0.030065 0.029925 0.029507 0.028823 0.027892 0.026740 0.025396 0.023894 0.022272 0.020566 0.018814 0.017050 0.015308 0.013616 0.011999 0.010475 0.009060 0.007763 0.006590 0.005542 0.004618 0.003812 0.003117 0.002526 0.002028 0.001613 0.001271 0.000992 0.000767 0.000588 0.000447 0.000336 0.000250 0.000185 0.000135 0.000098 0.000071 0.000050 0.000035 0.000025 0.000017 0.000012 0.000008 0.000005 0.000004 0.000002 0.000001 0.000001 0.000000 0.000000 
0.000000 0.000000 0.000001 0.000001 0.000002 0.000004 0.000005 0.000008 0.000012 0.000017 0.000025 0.000037 0.000053 0.000074 0.000105 0.000146 0.000201 0.000274 0.000371 0.000498 0.000661 0.000871 0.001136 0.001468 0.001880 0.002386 0.002999 0.003735 0.004609 0.005635 0.006826 0.008191 0.009738 0.011471 0.013386 0.015475 0.017725 0.020113 0.022610 0.025181 0.027784 0.030369 0.032886 0.035280 0.037496 0.039479 0.041179 0.042552 0.043561 0.044178 0.044385 0.044178 0.043561 0.042552 0.041179 0.039479 0.037496 0.035280 0.032886 0.030369 0.027784 0.025181 0.022610 0.020113 0.017725 0.015475 0.013386 0.011471 0.009738 0.008191 0.006826 0.005635 0.004609 0.003735 0.002999 0.002386 0.001880 0.001468 0.001136 0.000871 0.000661 0.000498 0.000371 0.000274 0.000201 0.000146 0.000105 0.000074 0.000053 0.000037 0.000025 0.000017 0.000012 0.000008 0.000005 0.000003 0.000002 0.000001 0.000001 0.000000 
0.000000 0.000001 0.000001 0.000002 0.000003 0.000005 0.000008 0.000012 0.000017 0.000026 0.000037 0.000054 0.000077 0.000109 0.000154 0.000214 0.000294 0.000402 0.000544 0.000730 0.000970 0.001277 0.001665 0.002152 0.002755 0.003495 0.004393 0.005471 0.006750 0.008252 0.009993 0.011991 0.014255 0.016788 0.019589 0.022645 0.025934 0.029426 0.033077 0.036835 0.040639 0.044418 0.048097 0.051596 0.054834 0.057732 0.060216 0.062223 0.063697 0.064598 0.064901 0.064598 0.063697 0.062223 0.060216 0.057732 0.054834 0.051596 0.048097 0.044418 0.040639 0.036835 0.033077 0.029426 0.025934 0.022645 0.019589 0.016788 0.014255 0.011991 0.009993 0.008252 0.006750 0.005471 0.004393 0.003495 0.002755 0.002152 0.001665 0.001277 0.000970 0.000730 0.000544 0.000402 0.000294 0.000214 0.000154 0.000109 0.000077 0.000054 0.000037 0.000026 0.000017 0.000012 0.000008 0.000005 0.000003 0.000002 0.000001 0.000000 
0.000000 0.000001 0.000002 0.000003 0.000005 0.000008 0.000011 0.000017 0.000025 0.000037 0.000054 0.000079 0.000112 0.000159 0.000223 0.000311 0.000428 0.000585 0.000791 0.001061 0.001409 0.001854 0.002418 0.003125 0.004000 0.005074 0.006377 0.007940 0.009795 0.011971 0.014497 0.017392 0.020673 0.024345 0.028403 0.032831 0.037597 0.042654 0.047943 0.053387 0.058896 0.064369 0.069697 0.074763 0.079451 0.083647 0.087245 0.090150 0.092284 0.093589 0.094028 0.093589 0.092284 0.090150 0.087245 0.083647 0.079451 0.074763 0.069697 0.064369 0.058896 0.053387 0.047943 0.042654 0.037597 0.032831 0.028403 0.024345 0.020673 0.017392 0.014497 0.011971 0.009795 0.007940 0.006377 0.005074 0.004000 0.003125 0.002418 0.001854 0.001409 0.001061 0.000791 0.000585 0.000428 0.000311 0.000223 0.000159 0.000112 0.000079 0.000054 0.000037 0.000025 0.000017 0.000011 0.000007 0.000005 0.000003 0.000001 0.000000 
0.000000 0.000001 0.000003 0.000004 0.000007 0.000011 0.000017 0.000025 0.000037 0.000054 0.000079 0.000113 0.000162 0.000229 0.000322 0.000448 0.000617 0.000842 0.001139 0.001527 0.002028 0.002669 0.003480 0.004496 0.005755 0.007298 0.009171 0.011417 0.014083 0.017210 0.020838 0.024997 0.029709 0.034982 0.040810 0.047167 0.054009 0.061270 0.068861 0.076674 0.084581 0.092436 0.100082 0.107352 0.114079 0.120100 0.125262 0.129430 0.132492 0.134364 0.134994 0.134364 0.132492 0.129430 0.125262 0.120100 0.114079 0.107352 0.100082 0.092436 0.084581 0.076674 0.068861 0.061270 0.054009 0.047167 0.040810 0.034982 0.029709 0.024997 0.020838 0.017210 0.014083 0.011417 0.009171 0.007298 0.005755 0.004496 0.003480 0.002669 0.002028 0.001527 0.001139 0.000842 0.000617 0.000448 0.000322 0.000229 0.000162 0.000113 0.000079 0.000054 0.000037 0.000025 0.000016 0.000011 0.000007 0.000004 0.000002 0.000000 
0.000000 0.000002 0.000004 0.000006 0.000010 0.000016 0.000024 0.000035 0.000053 0.000077 0.000112 0.000162 0.000232 0.000328 0.000460 0.000639 0.000881 0.001202 0.001626 0.002179 0.002894 0.003807 0.004963 0.006411 0.008204 0.010403 0.013070 0.016270 0.020065 0.024518 0.029683 0.035603 0.042310 0.049814 0.058107 0.067152 0.076887 0.087216 0.098014 0.109128 0.120374 0.131546 0.142419 0.152757 0.162324 0.170885 0.178225 0.184152 0.188505 0.191167 0.192062 0.191167 0.188505 0.184152 0.178225 0.170885 0.162324 0.152757 0.142419 0.131546 0.120374 0.109128 0.098014 0.087216 0.076887 0.067152 0.058107 0.049814 0.042310 0.035603 0.029683 0.024518 0.020065 0.016270 0.013070 0.010403 0.008204 0.006411 0.004963 0.003807 0.002894 0.002179 0.001626 0.001202 0.000881 0.000639 0.000460 0.000328 0.000232 0.000162 0.000112 0.000077 0.000052 0.000035 0.000023 0.000015 0.000010 0.000006 0.000003 0.000000 
0.000000 0.000002 0.000005 0.000009 0.000014 0.000022 0.000034 0.000050 0.000074 0.000109 0.000159 0.000229 0.000328 0.000464 0.000651 0.000905 0.001246 0.001700 0.002299 0.003081 0.004091 0.005381 0.007014 0.009058 0.011591 0.014695 0.018460 0.022975 0.028331 0.034614 0.041901 0.050252 0.059712 0.070295 0.081990 0.094744 0.108469 0.123031 0.138254 0.153921 0.169772 0.185518 0.200842 0.215412 0.228893 0.240958 0.251302 0.259653 0.265788 0.269538 0.270800 0.269538 0.265788 0.259653 0.251302 0.240958 0.228893 0.215412 0.200842 0.185518 0.169772 0.153921 0.138254 0.123031 0.108469 0.094744 0.081990 0.070295 0.059712 0.050252 0.041901 0.034614 0.028331 0.022975 0.018460 0.014695 0.011591 0.009058 0.007014 0.005381 0.004091 0.003081 0.002299 0.001700 0.001246 0.000905 0.000651 0.000464 0.000328 0.000229 0.000159 0.000109 0.000074 0.000050 0.000033 0.000022 0.000014 0.000008 0.000004 0.000000 
0.000000 0.000003 0.000007 0.000013 0.000020 0.000031 0.000047 0.000071 0.000105 0.000154 0.000223 0.000322 0.000460 0.000651 0.000913 0.001269 0.001747 0.002383 0.003222 0.004317 0.005730 0.007537 0.009822 0.012683 0.016226 0.020570 0.025835 0.032151 0.039641 0.048427 0.058614 0.070289 0.083511 0.098303 0.114646 0.132469 0.151646 0.171991 0.193259 0.215144 0.237286 0.259280 0.280683 0.301033 0.319860 0.336710 0.351154 0.362817 0.371383 0.376621 0.378383 0.376621 0.371383 0.362817 0.351154 0.336710 0.319860 0.301033 0.280683 0.259280 0.237286 0.215144 0.193259 0.171991 0.151646 0.132469 0.114646 0.098303 0.083511 0.070289 0.058614 0.048427 0.039641 0.032151 0.025835 0.020570 0.016226 0.012683 0.009822 0.007537 0.005730 0.004317 0.003222 0.002383 0.001747 0.001269 0.000913 0.000651 0.000460 0.000322 0.000223 0.000154 0.000104 0.000070 0.000047 0.000031 0.000019 0.000011 0.000005 0.000000 
0.000000 0.000005 0.000010 0.000018 0.000028 0.000043 0.000066 0.000098 0.000146 0.000214 0.000311 0.000448 0.000639 0.000905 0.001269 0.001762 0.002426 0.003310 0.004475 0.005993 0.007954 0.010460 0.013630 0.017597 0.022511 0.028532 0.035831 0.044584 0.054965 0.067138 0.081252 0.097426 0.115741 0.136230 0.158863 0.183545 0.210099 0.238269 0.267713 0.298011 0.328662 0.359106 0.388732 0.416898 0.442956 0.466275 0.486266 0.502406 0.514262 0.521509 0.523948 0.521509 0.514262 0.502406 0.486266 0.466275 0.442956 0.416898 0.388732 0.359106 0.328662 0.298011 0.267713 0.238269 0.210099 0.183545 0.158863 0.136230 0.115741 0.097426 0.081252 0.067138 0.054965 0.044584 0.035831 0.028532 0.022511 0.017597 0.013630 0.010460 0.007954 0.005993 0.004475 0.003310 0.002426 0.001762 0.001269 0.000905 0.000639 0.000448 0.000311 0.000214 0.000145 0.000098 0.000065 0.000042 0.000027 0.000016 0.000007 0.000000 
0.000000 0.000006 0.000014 0.000024 0.000039 0.000060 0.000090 0.000135 0.000201 0.000294 0.000428 0.000617 0.000881 0.001246 0.001747 0.002426 0.003340 0.004556 0.006157 0.008246 0.010942 0.014387 0.018743 0.024195 0.030946 0.039218 0.049245 0.061267 0.075523 0.092239 0.111617 0.133821 0.158962 0.187084 0.218148 0.252018 0.288456 0.327108 0.367507 0.409073 0.451122 0.492884 0.533522 0.572156 0.607897 0.639881 0.667298 0.689434 0.705694 0.715633 0.718977 0.715633 0.705694 0.689434 0.667298 0.639881 0.607897 0.572156 0.533522 0.492884 0.451122 0.409073 0.367507 0.327108 0.288456 0.252018 0.218148 0.187084 0.158962 0.133821 0.111617 0.092239 0.075523 0.061267 0.049245 0.039218 0.030946 0.024195 0.018743 0.014387 0.010942 0.008246 0.006157 0.004556 0.003340 0.002426 0.001747 0.001246 0.000881 0.000617 0.000428 0.000294 0.000200 0.000135 0.000090 0.000059 0.000037 0.000022 0.000010 0.000000 
0.000000 0.000009 0.000019 0.000033 0.000053 0.000082 0.000124 0.000185 0.000274 0.000402 0.000585 0.000842 0.001202 0.001700 0.002383 0.003310 0.004556 0.006213 0.008395 0.011241 0.014914 0.019607 0.025540 0.032964 0.042157 0.053419 0.067067 0.083430 0.102831 0.125577 0.151942 0.182150 0.216350 0.254600 0.296849 0.342911 0.392461 0.445018 0.499946 0.556457 0.613622 0.670395 0.725635 0.778150 0.826731 0.870203 0.907468 0.937554 0.959653 0.973162 0.977707 0.973162 0.959653 0.937554 0.907468 0.870203 0.826731 0.778150 0.725635 0.670395 0.613622 0.556457 0.499946 0.445018 0.392461 0.342911 0.296849 0.254600 0.216350 0.182150 0.151942 0.125577 0.102831 0.083430 0.067067 0.053419 0.042157 0.032964 0.025540 0.019607 0.014914 0.011241 0.008395 0.006213 0.004556 0.003310 0.002383 0.001700 0.001202 0.000842 0.000585 0.000402 0.000274 0.000184 0.000123 0.000080 0.000051 0.000029 0.000014 0.000000 
0.000000 0.000012 0.000026 0.000045 0.000071 0.000110 0.000167 0.000250 0.000371 0.000544 0.000791 0.001139 0.001626 0.002299 0.003222 0.004475 0.006157 0.008395 0.011343 0.015185 0.020144 0.026478 0.034486 0.044504 0.056907 0.072100 0.090511 0.112580 0.138743 0.169414 0.204963 0.245687 0.291789 0.343347 0.400288 0.462365 0.529137 0.599956 0.673965 0.750102 0.827117 0.903598 0.978013 1.048752 1.114191 1.172746 1.222939 1.263460 1.293224 1.311419 1.317541 1.311419 1.293224 1.263460 1.222939 1.172746 1.114191 1.048752 0.978013 0.903598 0.827117 0.750102 0.673965 0.599956 0.529137 0.462365 0.400288 0.343347 0.291789 0.245687 0.204963 0.169414 0.138743 0.112580 0.090511 0.072100 0.056907 0.044504 0.034486 0.026478 0.020144 0.015185 0.011343 0.008395 0.006157 0.004475 0.003222 0.002299 0.001626 0.001139 0.000791 0.000544 0.000371 0.000250 0.000166 0.000108 0.000068 0.000040 0.000018 0.000000 
0.000000 0.000016 0.000035 0.000060 0.000096 0.000148 0.000225 0.000336 0.000498 0.000730 0.001061 0.001527 0.002179 0.003081 0.004317 0.005993 0.008246 0.011241 0.015185 0.020326 0.026960 0.035432 0.046141 0.059538 0.076121 0.096431 0.121040 0.150535 0.185499 0.226483 0.273978 0.328383 0.389968 0.458834 0.534885 0.617788 0.706954 0.801519 0.900337 1.001990 1.104810 1.206912 1.306250 1.400680 1.488030 1.566188 1.633184 1.687270 1.726997 1.751282 1.759452 1.751282 1.726997 1.687270 1.633184 1.566188 1.488030 1.400680 1.306250 1.206912 1.104810 1.001990 0.900337 0.801519 0.706954 0.617788 0.534885 0.458834 0.389968 0.328383 0.273978 0.226483 0.185499 0.150535 0.121040 0.096431 0.076121 0.059538 0.046141 0.035432 0.026960 0.020326 0.015185 0.011241 0.008246 0.005993 0.004317 0.003081 0.002179 0.001527 0.001060 0.000730 0.000497 0.000335 0.000223 0.000146 0.000092 0.000054 0.000025 0.000000 
0.000000 0.000021 0.000046 0.000080 0.000128 0.000197 0.000299 0.000447 0.000661 0.000970 0.001409 0.002028 0.002894 0.004091 0.005730 0.007954 0.010942 0.014914 0.020144 0.026960 0.035753 0.046982 0.061174 0.078925 0.100895 0.127800 0.160396 0.199459 0.245759 0.300026 0.362909 0.434933 0.516454 0.607607 0.708260 0.817975 0.935969 1.061100 1.191850 1.326345 1.462375 1.597449 1.728862 1.853775 1.969320 2.072705 2.161321 2.232859 2.285405 2.317525 2.328332 2.317525 2.285405 2.232859 2.161321 2.072705 1.969320 1.853775 1.728862 1.597449 1.462375 1.326345 1.191850 1.061100 0.935969 0.817975 0.708260 0.607607 0.516454 0.434933 0.362909 0.300026 0.245759 0.199459 0.160396 0.127800 0.100895 0.078925 0.061174 0.046982 0.035753 0.026960 0.020144 0.014914 0.010942 0.007954 0.005730 0.004090 0.002893 0.002028 0.001409 0.000969 0.000661 0.000445 0.000296 0.000194 0.000122 0.000071 0.000033 0.000000 
0.000000 0.000028 0.000061 0.000105 0.000168 0.000260 0.000393 0.000588 0.000871 0.001277 0.001854 0.002669 0.003807 0.005381 0.007537 0.010460 0.014387 0.019607 0.026478 0.035432 0.046982 0.061730 0.080366 0.103672 0.132515 0.167832 0.210614 0.261879 0.322636 0.393839 0.476339 0.570824 0.677757 0.797315 0.929324 1.073206 1.227936 1.392013 1.563449 1.739784 1.918123 2.095202 2.267472 2.431217 2.582677 2.718191 2.834346 2.928114 2.996986 3.039086 3.053250 3.039086 2.996986 2.928114 2.834346 2.718191 2.582677 2.431217 2.267472 2.095202 1.918123 1.739784 1.563449 1.392013 1.227936 1.073206 0.929324 0.797315 0.677757 0.570824 0.476339 0.393839 0.322636 0.261879 0.210614 0.167832 0.132515 0.103672 0.080366 0.061730 0.046982 0.035432 0.026478 0.019607 0.014387 0.010460 0.007537 0.005381 0.003807 0.002669 0.001854 0.001276 0.000870 0.000586 0.000390 0.000255 0.000161 0.000094 0.000043 0.000000 
0.000000 0.000037 0.000080 0.000138 0.000220 0.000339 0.000513 0.000767 0.001136 0.001665 0.002418 0.003480 0.004963 0.007014 0.009822 0.013630 0.018743 0.025540 0.034486 0.046141 0.061174 0.080366 0.104615 0.134937 0.172458 0.218395 0.274037 0.340704 0.419706 0.512282 0.619537 0.742362 0.881357 1.036750 1.208312 1.395292 1.596356 1.809552 2.032297 2.261395 2.493087 2.723129 2.946917 3.159622 3.356362 3.532385 3.683258 3.805050 3.894506 3.949187 3.967585 3.949187 3.894506 3.805050 3.683258 3.532385 3.356362 3.159622 2.946917 2.723129 2.493087 2.261395 2.032297 1.809552 1.596356 1.395292 1.208312 1.036750 0.881357 0.742362 0.619537 0.512282 0.419706 0.340704 0.274037 0.218395 0.172458 0.134937 0.104615 0.080366 0.061174 0.046141 0.034486 0.025540 0.018743 0.013630 0.009822 0.007014 0.004963 0.003480 0.002418 0.001664 0.001135 0.000765 0.000509 0.000333 0.000210 0.000123 0.000056 0.000000 
0.000000 0.000047 0.000103 0.000178 0.000284 0.000438 0.000663 0.000992 0.001468 0.002152 0.003125 0.004496 0.006411 0.009058 0.012683 0.017597 0.024195 0.032964 0.044504 0.059538 0.078925 0.103672 0.134937 0.174028 0.222393 0.281600 0.353308 0.439216 0.541008 0.660280 0.798450 0.956665 1.135695 1.335829 1.556772 1.797554 2.056456 2.330964 2.617751 2.912703 3.210978 3.507119 3.795196 4.068997 4.322240 4.548810 4.743004 4.899765 5.014903 5.085282 5.108961 5.085282 5.014903 4.899765 4.743004 4.548810 4.322240 4.068997 3.795196 3.507119 3.210978 2.912703 2.617751 2.330964 2.056456 1.797554 1.556772 1.335829 1.135695 0.956665 0.798450 0.660280 0.541008 0.439216 0.353308 0.281600 0.222393 0.174028 0.134937 0.103672 0.078925 0.059538 0.044504 0.032964 0.024195 0.017597 0.012683 0.009058 0.006410 0.004496 0.003124 0.002151 0.001466 0.000989 0.000659 0.000430 0.000272 0.000159 0.000073 0.000000 
0.000000 0.000061 0.000132 0.000228 0.000364 0.000561 0.000850 0.001271 0.001880 0.002755 0.004000 0.005755 0.008204 0.011591 0.016226 0.022511 0.030946 0.042157 0.056907 0.076121 0.100895 0.132515 0.172458 0.222393 0.284168 0.359784 0.451354 0.561048 0.691012 0.843279 1.019656 1.221604 1.450104 1.705520 1.987473 2.294723 2.625075 2.975318 3.341209 3.717498 4.098010 4.475782 4.843255 5.192505 5.515523 5.804512 6.052200 6.252140 6.398990 6.488753 6.518954 6.488753 6.398990 6.252140 6.052200 5.804512 5.515523 5.192505 4.843255 4.475782 4.098010 3.717498 3.341209 2.975318 2.625075 2.294723 1.987473 1.705520 1.450104 1.221604 1.019656 0.843279 0.691012 0.561048 0.451354 0.359784 0.284168 0.222393 0.172458 0.132515 0.100895 0.076121 0.056907 0.042157 0.030946 0.022511 0.016226 0.011590 0.008204 0.005754 0.003999 0.002754 0.001878 0.001267 0.000844 0.000551 0.000348 0.000203 0.000093 0.000000 
0.000000 0.000077 0.000168 0.000290 0.000462 0.000713 0.001079 0.001613 0.002386 0.003495 0.005074 0.007298 0.010403 0.014695 0.020570 0.028532 0.039218 0.053419 0.072100 0.096431 0.127800 0.167832 0.218395 0.281600 0.359784 0.455475 0.571345 0.710133 0.874554 1.067173 1.290273 1.545698 1.834684 2.157688 2.514227 2.902730 3.320418 3.763233 4.225807 4.701503 5.182517 5.660049 6.124545 6.565992 6.974271 7.339531 7.652583 7.905282 8.090881 8.204328 8.242496 8.204328 8.090881 7.905282 7.652583 7.339531 6.974271 6.565992 6.124545 5.660049 5.182517 4.701503 4.225807 3.763233 3.320418 2.902730 2.514227 2.157688 1.834684 1.545698 1.290273 1.067173 0.874554 0.710133 0.571345 0.455475 0.359784 0.281600 0.218395 0.167832 0.127800 0.096431 0.072100 0.053418 0.039218 0.028532 0.020569 0.014695 0.010403 0.007298 0.005073 0.003494 0.002383 0.001608 0.001071 0.000700 0.000442 0.000258 0.000119 0.000000 
0.000000 0.000097 0.000212 0.000364 0.000581 0.000896 0.001357 0.002028 0.002999 0.004393 0.006377 0.009171 0.013070 0.018460 0.025835 0.035831 0.049245 0.067067 0.090511 0.121040 0.160396 0.210614 0.274037 0.353308 0.451354 0.571345 0.716624 0.890623 1.096738 1.338183 1.617813 1.937934 2.300089 2.704848 3.151601 3.638375 4.161688 4.716451 5.295939 5.891839 6.494374 7.092525 7.674327 8.227243 8.738602 9.196069 9.588142 9.904622 10.137064 10.279142 10.326943 10.279142 10.137064 9.904622 9.588142 9.196069 8.738602 8.227243 7.674327 7.092525 6.494374 5.891839 5.295939 4.716451 4.161688 3.638375 3.151601 2.704848 2.300089 1.937934 1.617813 1.338183 1.096738 0.890623 0.716624 0.571345 0.451354 0.353308 0.274037 0.210614 0.160396 0.121040 0.090511 0.067067 0.049245 0.035831 0.025835 0.018459 0.013070 0.009170 0.006375 0.004391 0.002995 0.002022 0.001347 0.000880 0.000556 0.000325 0.000149 0.000000 
0.000000 0.000121 0.000264 0.000454 0.000724 0.001117 0.001690 0.002526 0.003735 0.005471 0.007940 0.011417 0.016270 0.022975 0.032151 0.044584 0.061267 0.083430 0.112580 0.150535 0.199459 0.261879 0.340704 0.439216 0.561048 0.710133 0.890623 1.106775 1.362801 1.662687 2.009975 2.407521 2.857236 3.359822 3.914518 4.518869 5.168547 5.857235 6.576583 7.316271 8.064165 8.806590 9.528698 10.214934 10.849576 11.417322 11.903899 12.296658 12.585119 12.761438 12.820759 12.761438 12.585119 12.296658 11.903899 11.417322 10.849576 10.214934 9.528698 8.806590 8.064165 7.316271 6.576583 5.857235 5.168547 4.518869 3.914518 3.359822 2.857236 2.407521 2.009975 1.662687 1.362801 1.106775 0.890623 0.710133 0.561048 0.439216 0.340704 0.261879 0.199459 0.150535 0.112580 0.083430 0.061267 0.044584 0.032150 0.022975 0.016269 0.011416 0.007938 0.005468 0.003731 0.002518 0.001678 0.001097 0.000693 0.000405 0.000186 0.000000 
0.000000 0.000149 0.000326 0.000561 0.000894 0.001379 0.002086 0.003117 0.004609 0.006750 0.009795 0.014083 0.020065 0.028331 0.039641 0.054965 0.075523 0.102831 0.138743 0.185499 0.245759 0.322636 0.419706 0.541008 0.691012 0.874554 1.096738 1.362801 1.677919 2.046993 2.474372 2.963566 3.516919 4.135288 4.817730 5.561221 6.360433 7.207591 8.092424 9.002237 9.922108 10.835221 11.723316 12.567271 13.347754 14.045953 14.644323 15.127312 15.482040 15.698862 15.771809 15.698862 15.482040 15.127312 14.644323 14.045953 13.347754 12.567271 11.723316 10.835221 9.922108 9.002237 8.092424 7.207591 6.360433 5.561221 4.817730 4.135288 3.516919 2.963566 2.474372 2.046993 1.677919 1.362801 1.096738 0.874554 0.691012 0.541008 0.419706 0.322636 0.245759 0.185499 0.138743 0.102830 0.075523 0.054965 0.039641 0.028331 0.020065 0.014082 0.009793 0.006747 0.004604 0.003108 0.002071 0.001354 0.000856 0.000500 0.000230 0.000000 
0.000000 0.000183 0.000399 0.000686 0.001094 0.001686 0.002551 0.003812 0.005635 0.008252 0.011971 0.017210 0.024518 0.034614 0.048427 0.067138 0.092239 0.125577 0.169414 0.226483 0.300026 0.393839 0.512282 0.660280 0.843279 1.067173 1.338183 1.662687 2.046993 2.497066 3.018206 3.614680 4.289341 5.043225 5.875175 6.781500 7.755701 8.788297 9.866768 10.975639 12.096729 13.209543 14.291837 15.320310 16.271411 17.122223 17.851373 18.439917 18.872164 19.136367 19.225255 19.136367 18.872164 18.439917 17.851373 17.122223 16.271411 15.320310 14.291837 13.209543 12.096729 10.975639 9.866768 8.788297 7.755701 6.781500 5.875175 5.043225 4.289341 3.614680 3.018206 2.497066 2.046993 1.662687 1.338183 1.067173 0.843279 0.660280 0.512282 0.393839 0.300026 0.226483 0.169414 0.125576 0.092239 0.067138 0.048426 0.034614 0.024518 0.017209 0.011969 0.008247 0.005628 0.003800 0.002533 0.001656 0.001047 0.000611 0.000281 0.000000 
0.000000 0.000221 0.000483 0.000832 0.001326 0.002043 0.003091 0.004618 0.006826 0.009993 0.014497 0.020838 0.029683 0.041901 0.058614 0.081252 0.111617 0.151942 0.204963 0.273978 0.362909 0.476339 0.619537 0.798450 1.019656 1.290273 1.617813 2.009975 2.474372 3.018206 3.647867 4.368505 5.183554 6.094260 7.099216 8.193958 9.370629 10.617775 11.920273 13.259436 14.613306 15.957139 17.264078 18.505993 19.654453 20.681794 21.562214 22.272850 22.794761 23.113766 23.221092 23.113766 22.794761 22.272850 21.562214 20.681794 19.654453 18.505993 17.264078 15.957139 14.613306 13.259436 11.920273 10.617775 9.370629 8.193958 7.099216 6.094260 5.183554 4.368505 3.647867 3.018206 2.474372 2.009975 1.617813 1.290273 1.019656 0.798450 0.619537 0.476339 0.362909 0.273978 0.204963 0.151942 0.111617 0.081252 0.058613 0.041900 0.029682 0.020836 0.014494 0.009988 0.006817 0.004604 0.003069 0.002007 0.001268 0.000741 0.000341 0.000000 
0.000000 0.000266 0.000580 0.000999 0.001592 0.002453 0.003710 0.005542 0.008191 0.011991 0.017392 0.024997 0.035603 0.050252 0.070289 0.097426 0.133821 0.182150 0.245687 0.328383 0.434933 0.570824 0.742362 0.956665 1.221604 1.545698 1.937934 2.407521 2.963566 3.614680 4.368505 5.231193 6.206846 7.296945 8.499797 9.810050 11.218298 12.710827 14.269536 15.872063 17.492135 19.100148 20.663970 22.149950 23.524081 24.753270 25.806657 26.656893 27.281323 27.662989 27.791396 27.662989 27.281323 26.656893 25.806657 24.753270 23.524081 22.149950 20.663970 19.100148 17.492135 15.872063 14.269536 12.710827 11.218298 9.810050 8.499797 7.296945 6.206846 5.231193 4.368505 3.614680 2.963566 2.407521 1.937934 1.545698 1.221604 0.956665 0.742362 0.570824 0.434933 0.328383 0.245687 0.182150 0.133821 0.097426 0.070288 0.050252 0.035602 0.024995 0.017389 0.011985 0.008181 0.005525 0.003684 0.002410 0.001523 0.000890 0.000409 0.000000 
0.000000 0.000316 0.000690 0.001188 0.001893 0.002917 0.004412 0.006590 0.009738 0.014255 0.020673 0.029709 0.042310 0.059712 0.083511 0.115741 0.158962 0.216350 0.291789 0.389968 0.516454 0.677757 0.881357 1.135695 1.450104 1.834684 2.300089 2.857236 3.516919 4.289341 5.183554 6.206846 7.364070 8.656969 10.083529 11.637392 13.307397 15.077276 16.925564 18.825744 20.746667 22.653235 24.507360 26.269151 27.898299 29.355582 30.604421 31.612403 32.352679 32.805151 32.957378 32.805151 32.352679 31.612403 30.604421 29.355582 27.898299 26.269151 24.507360 22.653235 20.746667 18.825744 16.925564 15.077276 13.307397 11.637392 10.083529 8.656969 7.364070 6.206846 5.183554 4.289341 3.516919 2.857236 2.300089 1.834684 1.450104 1.135695 0.881357 0.677757 0.516454 0.389968 0.291789 0.216349 0.158962 0.115741 0.083510 0.059711 0.042308 0.029707 0.020669 0.014247 0.009727 0.006570 0.004381 0.002866 0.001811 0.001058 0.000487 0.000000 
0.000000 0.000373 0.000813 0.001400 0.002231 0.003437 0.005198 0.007763 0.011471 0.016788 0.024345 0.034982 0.049814 0.070295 0.098303 0.136230 0.187084 0.254600 0.343347 0.458834 0.607607 0.797315 1.036750 1.335829 1.705520 2.157688 2.704848 3.359822 4.135288 5.043225 6.094260 7.296945 8.656969 10.176372 11.852773 13.678692 15.641006 17.720596 19.892238 22.124777 24.381618 26.621533 28.799781 30.869509 32.783373 34.495307 35.962353 37.146446 38.016052 38.547570 38.726391 38.547570 38.016052 37.146446 35.962353 34.495307 32.783373 30.869509 28.799781 26.621533 24.381618 22.124777 19.892238 17.720596 15.641006 13.678692 11.852773 10.176372 8.656969 7.296945 6.094260 5.043225 4.135288 3.359822 2.704848 2.157688 1.705520 1.335829 1.036750 0.797315 0.607607 0.458834 0.343347 0.254600 0.187084 0.136229 0.098303 0.070294 0.049813 0.034979 0.024340 0.016780 0.011457 0.007740 0.005161 0.003377 0.002134 0.001247 0.000574 0.000000 
0.000000 0.000435 0.000950 0.001635 0.002605 0.004012 0.006068 0.009060 0.013386 0.019589 0.028403 0.040810 0.058107 0.081990 0.114646 0.158863 0.218148 0.296849 0.400288 0.534885 0.708260 0.929324 1.208312 1.556772 1.987473 2.514227 3.151601 3.914518 4.817730 5.875175 7.099216 8.499797 10.083529 11.852773 13.804744 15.930724 18.215424 20.636579 23.164820 25.763878 28.391152 30.998653 33.534309 35.943589 38.171394 40.164115 41.871759 43.250031 44.262236 44.880909 45.089052 44.880909 44.262236 43.250031 41.871759 40.164115 38.171394 35.943589 33.534309 30.998653 28.391152 25.763878 23.164820 20.636579 18.215424 15.930724 13.804744 11.852773 10.083529 8.499797 7.099216 5.875175 4.817730 3.914518 3.151601 2.514227 1.987473 1.556772 1.208312 0.929324 0.708260 0.534885 0.400288 0.296848 0.218147 0.158863 0.114645 0.081989 0.058105 0.040807 0.028397 0.019579 0.013369 0.009033 0.006024 0.003942 0.002492 0.001456 0.000670 0.000000 
0.000000 0.000503 0.001099 0.001891 0.003012 0.004640 0.007016 0.010475 0.015475 0.022645 0.032831 0.047167 0.067152 0.094744 0.132469 0.183545 0.252018 0.342911 0.462365 0.617788 0.817975 1.073206 1.395292 1.797554 2.294723 2.902730 3.638375 4.518869 5.561221 6.781500 8.193958 9.810050 11.637392 13.678692 15.930724 18.383417 21.019127 23.812161 26.728636 29.726714 32.757259 35.764924 38.689653 41.468561 44.038108 46.336475 48.306017 49.895655 51.063080 51.776622 52.016681 51.776622 51.063080 49.895655 48.306017 46.336475 44.038108 41.468561 38.689653 35.764924 32.757259 29.726714 26.728636 23.812161 21.019127 18.383417 15.930724 13.678692 11.637392 9.810050 8.193958 6.781500 5.561221 4.518869 3.638375 2.902730 2.294723 1.797554 1.395292 1.073206 0.817975 0.617788 0.462365 0.342911 0.252018 0.183544 0.132468 0.094743 0.067150 0.047163 0.032824 0.022633 0.015456 0.010444 0.006965 0.004558 0.002882 0.001684 0.000775 0.000000 
0.000000 0.000577 0.001259 0.002167 0.003452 0.005316 0.008038 0.011999 0.017725 0.025934 0.037597 0.054009 0.076887 0.108469 0.151646 0.210099 0.288456 0.392461 0.529137 0.706954 0.935969 1.227936 1.596356 2.056456 2.625075 3.320418 4.161688 5.168547 6.360433 7.755701 9.370629 11.218298 13.307397 15.641006 18.215424 21.019127 24.031935 27.224474 30.558011 33.984728 37.448467 40.885976 44.228628 47.404564 50.341180 52.967842 55.218684 57.035346 58.369487 59.184924 59.459263 59.184924 58.369487 57.035346 55.218684 52.967842 50.341180 47.404564 44.228628 40.885976 37.448467 33.984728 30.558011 27.224474 24.031935 21.019127 18.215424 15.641006 13.307397 11.218298 9.370629 7.755701 6.360433 5.168547 4.161688 3.320418 2.625075 2.056456 1.596356 1.227936 0.935969 0.706954 0.529137 0.392460 0.288456 0.210098 0.151645 0.108467 0.076884 0.054004 0.037589 0.025921 0.017703 0.011963 0.007979 0.005222 0.003302 0.001930 0.000888 0.000000 
0.000000 0.000655 0.001429 0.002460 0.003918 0.006034 0.009122 0.013616 0.020113 0.029426 0.042654 0.061270 0.087216 0.123031 0.171991 0.238269 0.327108 0.445018 0.599956 0.801519 1.061100 1.392013 1.809552 2.330964 2.975318 3.763233 4.716451 5.857235 7.207591 8.788297 10.617775 12.710827 15.077276 17.720596 20.636579 23.812161 27.224474 30.840243 34.615599 38.496385 42.419006 46.311841 50.097181 53.693665 57.019090 59.993485 62.542279 64.599401 66.110125 67.033486 67.344134 67.033486 66.110125 64.599401 62.542279 59.993485 57.019090 53.693665 50.097181 46.311841 42.419006 38.496385 34.615599 30.840243 27.224474 23.812161 20.636579 17.720596 15.077276 12.710827 10.617775 8.788297 7.207591 5.857235 4.716451 3.763233 2.975318 2.330964 1.809552 1.392013 1.061100 0.801518 0.599956 0.445017 0.327108 0.238268 0.171990 0.123029 0.087212 0.061264 0.042645 0.029411 0.020088 0.013576 0.009056 0.005927 0.003748 0.002190 0.001008 0.000000 
0.000000 0.000737 0.001608 0.002766 0.004406 0.006785 0.010257 0.015308 0.022610 0.033077 0.047943 0.068861 0.098014 0.138254 0.193259 0.267713 0.367507 0.499946 0.673965 0.900337 1.191850 1.563449 2.032297 2.617751 3.341209 4.225807 5.295939 6.576583 8.092424 9.866768 11.920273 14.269536 16.925564 19.892238 23.164820 26.728636 30.558011 34.615599 38.852165 43.206937 47.608561 51.976673 56.224092 60.259538 63.990789 67.328132 70.187912 72.496013 74.191041 75.227047 75.575591 75.227047 74.191041 72.496013 70.187912 67.328132 63.990789 60.259538 56.224092 51.976673 47.608561 43.206937 38.852165 34.615599 30.558011 26.728636 23.164820 19.892238 16.925564 14.269536 11.920273 9.866768 8.092424 6.576583 5.295939 4.225807 3.341209 2.617751 2.032297 1.563449 1.191850 0.900337 0.673965 0.499946 0.367507 0.267713 0.193258 0.138252 0.098011 0.068855 0.047933 0.033060 0.022582 0.015263 0.010182 0.006665 0.004214 0.002463 0.001133 0.000000 
0.000000 0.000821 0.001791 0.003082 0.004908 0.007558 0.011424 0.017050 0.025181 0.036835 0.053387 0.076674 0.109128 0.153921 0.215144 0.298011 0.409073 0.556457 0.750102 1.001990 1.326345 1.739784 2.261395 2.912703 3.717498 4.701503 5.891839 7.316271 9.002237 10.975639 13.259436 15.872063 18.825744 22.124777 25.763878 29.726714 33.984728 38.496385 43.206937 48.048817 52.942690 57.799217 62.521478 67.008003 71.156279 74.866580 78.045921 80.611917 82.496330 83.648083 84.035567 83.648083 82.496330 80.611917 78.045921 74.866580 71.156279 67.008003 62.521478 57.799217 52.942690 48.048817 43.206937 38.496385 33.984728 29.726714 25.763878 22.124777 18.825744 15.872063 13.259436 10.975639 9.002237 7.316271 5.891839 4.701503 3.717498 2.912703 2.261395 1.739784 1.326345 1.001990 0.750102 0.556457 0.409072 0.298010 0.215143 0.153918 0.109124 0.076668 0.053375 0.036816 0.025150 0.016999 0.011341 0.007424 0.004695 0.002744 0.001262 0.000000 
0.000000 0.000906 0.001977 0.003402 0.005417 0.008341 0.012607 0.018814 0.027784 0.040639 0.058896 0.084581 0.120374 0.169772 0.237286 0.328662 0.451122 0.613622 0.827117 1.104810 1.462375 1.918123 2.493087 3.210978 4.098010 5.182517 6.494374 8.064165 9.922108 12.096729 14.613306 17.492135 20.746667 24.381618 28.391152 32.757259 37.448467 42.419006 47.608561 52.942690 58.334001 63.684081 68.886173 73.828510 78.398181 82.485345 85.987590 88.814177 90.889952 92.158662 92.585494 92.158662 90.889952 88.814177 85.987590 82.485345 78.398181 73.828510 68.886173 63.684081 58.334001 52.942690 47.608561 42.419006 37.448467 32.757259 28.391152 24.381618 20.746667 17.492135 14.613306 12.096729 9.922108 8.064165 6.494374 5.182517 4.098010 3.210978 2.493086 1.918123 1.462375 1.104810 0.827117 0.613622 0.451122 0.328661 0.237285 0.169769 0.120370 0.084574 0.058883 0.040618 0.027749 0.018757 0.012515 0.008193 0.005181 0.003029 0.001393 0.000000 
0.000000 0.000991 0.002162 0.003719 0.005923 0.009119 0.013782 0.020566 0.030369 0.044418 0.064369 0.092436 0.131546 0.185518 0.259280 0.359106 0.492884 0.670395 0.903598 1.206912 1.597449 2.095202 2.723129 3.507119 4.475782 5.660049 7.092525 8.806590 10.835221 13.209543 15.957139 19.100148 22.653235 26.621533 30.998653 35.764924 40.885976 46.311841 51.976673 57.799217 63.684081 69.523853 75.202014 80.596585 85.584337 90.045398 93.868002 96.953126 99.218754 100.603497 101.069365 100.603497 99.218754 96.953126 93.868002 90.045398 85.584337 80.596585 75.202014 69.523853 63.684081 57.799217 51.976673 46.311841 40.885976 35.764924 30.998653 26.621533 22.653235 19.100148 15.957139 13.209543 10.835221 8.806590 7.092525 5.660049 4.475782 3.507119 2.723129 2.095202 1.597449 1.206912 0.903598 0.670394 0.492884 0.359105 0.259278 0.185515 0.131541 0.092428 0.064356 0.044396 0.030332 0.020504 0.013681 0.008957 0.005665 0.003312 0.001523 0.000000 
0.000000 0.001073 0.002342 0.004029 0.006415 0.009876 0.014926 0.022272 0.032886 0.048097 0.069697 0.100082 0.142419 0.200842 0.280683 0.388732 0.533522 0.725635 0.978013 1.306250 1.728862 2.267472 2.946917 3.795196 4.843255 6.124545 7.674327 9.528698 11.723316 14.291837 17.264078 20.663970 24.507360 28.799781 33.534309 38.689653 44.228628 50.097181 56.224092 62.521478 68.886173 75.202014 81.342997 87.177210 92.571400 97.395942 101.529978 104.866433 107.316622 108.814164 109.317980 108.814164 107.316622 104.866433 101.529978 97.395942 92.571400 87.177210 81.342997 75.202014 68.886173 62.521478 56.224092 50.097181 44.228628 38.689653 33.534309 28.799781 24.507360 20.663970 17.264078 14.291837 11.723316 9.528698 7.674327 6.124545 4.843255 3.795196 2.946917 2.267472 1.728862 1.306250 0.978012 0.725635 0.533521 0.388731 0.280681 0.200839 0.142413 0.100073 0.069682 0.048073 0.032846 0.022205 0.014817 0.009701 0.006136 0.003587 0.001650 0.000000 
