0.000000 0.000000 0.000000 0.000000 0.000000 0.000000 0.000000 0.000000 0.000000 0.000000 0.000000 0.000000 0.000000 0.000000 0.000000 0.000000 0.000000 0.000000 0.000000 0.000000 0.000000 0.000000 0.000000 0.000000 0.000000 0.000000 0.000000 0.000000 0.000000 0.000000 0.000000 0.000000 0.000000 0.000000 0.000000 0.000000 0.000000 0.000000 0.000000 0.000000 0.000000 0.000000 0.000000 0.000000 0.000000 0.000000 0.000000 0.000000 0.000000 0.000000 0.000000 0.000000 0.000000 0.000000 0.000000 0.000000 0.000000 0.000000 0.000000 0.000000 0.000000 0.000000 0.000000 0.000000 0.000000 0.000000 0.000000 0.000000 0.000000 0.000000 0.000000 0.000000 0.000000 0.000000 0.000000 0.000000 0.000000 0.000000 0.000000 0.000000 0.000000 0.000000 0.000000 0.000000 0.000000 0.000000 0.000000 0.000000 0.000000 0.000000 0.000000 0.000000 0.000000 0.000000 0.000000 0.000000 0.000000 0.000000 0.000000 0.000000 
0.000000 0.000000 0.000000 0.000000 0.000000 0.000000 0.000000 0.000000 0.000000 0.000000 0.000000 0.000000 0.000000 0.000000 0.000000 0.000000 0.000000 0.000000 0.000000 0.000000 0.000001 0.000001 0.000001 0.000002 0.000002 0.000003 0.000004 0.000005 0.000007 0.000009 0.000011 0.000014 0.000018 0.000022 0.000027 0.000032 0.000038 0.000045 0.000052 0.000060 0.000068 0.000076 0.000085 0.000092 0.000100 0.000107 0.000113 0.000118 0.000121 0.000123 0.000124 0.000123 0.000121 0.000118 0.000113 0.000107 0.000100 0.000092 0.000085 0.000076 0.000068 0.000060 0.000052 0.000045 0.000038 0.000032 0.000027 0.000022 0.000018 0.000014 0.000011 0.000009 0.000007 0.000005 0.000004 0.000003 0.000002 0.000002 0.000001 0.000001 0.000001 0.000000 0.000000 0.000000 0.000000 0.000000 0.000000 0.000000 0.000000 0.000000 0.000000 0.000000 0.000000 0.000000 0.000000 0.000000 0.000000 0.000000 0.000000 0.000000 
0.000000 0.000000 0.000000 0.000000 0.000000 0.000000 0.000000 0.000000 0.000000 0.000000 0.000000 0.000000 0.000000 0.000000 0.000000 0.000000 0.000000 0.000000 0.000001 0.000001 0.000001 0.000002 0.000003 0.000004 0.000005 0.000007 0.000009 0.000012 0.000016 0.000020 0.000026 0.000033 0.000041 0.000050 0.000061 0.000074 0.000088 0.000103 0.000120 0.000138 0.000156 0.000175 0.000194 0.000212 0.000230 0.000245 0.000259 0.000270 0.000278 0.000283 0.000285 0.000283 0.000278 0.000270 0.000259 0.000245 0.000230 0.000212 0.000194 0.000175 0.000156 0.000138 0.000120 0.000103 0.000088 0.000074 0.000061 0.000050 0.000041 0.000033 0.000026 0.000020 0.000016 0.000012 0.000009 0.000007 0.000005 0.000004 0.000003 0.000002 0.000001 0.000001 0.000001 0.000000 0.000000 0.000000 0.000000 0.000000 0.000000 0.000000 0.000000 0.000000 0.000000 0.000000 0.000000 0.000000 0.000000 0.000000 0.000000 0.000000 
0.000000 0.000000 0.000000 0.000000 0.000000 0.000000 0.000000 0.000000 0.000000 0.000000 0.000000 0.000000 0.000000 0.000000 0.000000 0.000000 0.000001 0.000001 0.000001 0.000002 0.000002 0.000003 0.000005 0.000007 0.000009 0.000013 0.000017 0.000022 0.000029 0.000038 0.000048 0.000061 0.000076 0.000094 0.000114 0.000137 0.000163 0.000192 0.000223 0.000256 0.000290 0.000325 0.000360 0.000394 0.000425 0.000454 0.000480 0.000500 0.000515 0.000525 0.000528 0.000525 0.000515 0.000500 0.000480 0.000454 0.000425 0.000394 0.000360 0.000325 0.000290 0.000256 0.000223 0.000192 0.000163 0.000137 0.000114 0.000094 0.000076 0.000061 0.000048 0.000038 0.000029 0.000022 0.000017 0.000013 0.000009 0.000007 0.000005 0.000003 0.000002 0.000002 0.000001 0.000001 0.000001 0.000000 0.000000 0.000000 0.000000 0.000000 0.000000 0.000000 0.000000 0.000000 0.000000 0.000000 0.000000 0.000000 0.000000 0.000000 
0.000000 0.000000 0.000000 0.000000 0.000000 0.000000 0.000000 0.000000 0.000000 0.000000 0.000000 0.000000 0.000000 0.000000 0.000000 0.000001 0.000001 0.000001 0.000002 0.000003 0.000004 0.000006 0.000009 0.000012 0.000016 0.000022 0.000030 0.000039 0.000051 0.000066 0.000084 0.000106 0.000133 0.000163 0.000199 0.000239 0.000285 0.000334 0.000388 0.000446 0.000505 0.000566 0.000626 0.000685 0.000741 0.000791 0.000835 0.000871 0.000897 0.000913 0.000919 0.000913 0.000897 0.000871 0.000835 0.000791 0.000741 0.000685 0.000626 0.000566 0.000505 0.000446 0.000388 0.000334 0.000285 0.000239 0.000199 0.000163 0.000133 0.000106 0.000084 0.000066 0.000051 0.000039 0.000030 0.000022 0.000016 0.000012 0.000009 0.000006 0.000004 0.000003 0.000002 0.000001 0.000001 0.000001 0.000000 0.000000 0.000000 0.000000 0.000000 0.000000 0.000000 0.000000 0.000000 0.000000 0.000000 0.000000 0.000000 0.000000 
0.000000 0.000000 0.000000 0.000000 0.000000 0.000000 0.000000 0.000000 0.000000 0.000000 0.000000 0.000000 0.000000 0.000000 0.000001 0.000001 0.000002 0.000002 0.000004 0.000005 0.000007 0.000010 0.000015 0.000020 0.000028 0.000038 0.000050 0.000066 0.000087 0.000112 0.000143 0.000181 0.000225 0.000277 0.000338 0.000406 0.000483 0.000567 0.000659 0.000756 0.000857 0.000960 0.001062 0.001162 0.001256 0.001341 0.001415 0.001476 0.001520 0.001548 0.001557 0.001548 0.001520 0.001476 0.001415 0.001341 0.001256 0.001162 0.001062 0.000960 0.000857 0.000756 0.000659 0.000567 0.000483 0.000406 0.000338 0.000277 0.000225 0.000181 0.000143 0.000112 0.000087 0.000066 0.000050 0.000038 0.000028 0.000020 0.000015 0.000010 0.000007 0.000005 0.000004 0.000002 0.000002 0.000001 0.000001 0.000000 0.000000 0.000000 0.000000 0.000000 0.000000 0.000000 0.000000 0.000000 0.000000 0.000000 0.000000 0.000000 
0.000000 0.000000 0.000000 0.000000 0.000000 0.000000 0.000000 0.000000 0.000000 0.000000 0.000000 0.000000 0.000000 0.000001 0.000001 0.000002 0.000003 0.000004 0.000006 0.000009 0.000012 0.000017 0.000024 0.000034 0.000046 0.000063 0.000084 0.000111 0.000145 0.000188 0.000239 0.000302 0.000376 0.000463 0.000564 0.000678 0.000807 0.000947 0.001100 0.001261 0.001430 0.001601 0.001772 0.001938 0.002095 0.002237 0.002361 0.002461 0.002536 0.002582 0.002597 0.002582 0.002536 0.002461 0.002361 0.002237 0.002095 0.001938 0.001772 0.001601 0.001430 0.001261 0.001100 0.000947 0.000807 0.000678 0.000564 0.000463 0.000376 0.000302 0.000239 0.000188 0.000145 0.000111 0.000084 0.000063 0.000046 0.000034 0.000024 0.000017 0.000012 0.000009 0.000006 0.000004 0.000003 0.000002 0.000001 0.000001 0.000000 0.000000 0.000000 0.000000 0.000000 0.000000 0.000000 0.000000 0.000000 0.000000 0.000000 0.000000 
0.000000 0.000000 0.000000 0.000000 0.000000 0.000000 0.000000 0.000000 0.000000 0.000000 0.000000 0.000001 0.000001 0.000001 0.000002 0.000003 0.000004 0.000007 0.000010 0.000014 0.000020 0.000029 0.000040 0.000056 0.000077 0.000104 0.000139 0.000184 0.000240 0.000310 0.000395 0.000498 0.000621 0.000765 0.000931 0.001119 0.001330 0.001562 0.001813 0.002079 0.002356 0.002639 0.002920 0.003194 0.003451 0.003685 0.003888 0.004054 0.004177 0.004252 0.004278 0.004252 0.004177 0.004054 0.003888 0.003685 0.003451 0.003194 0.002920 0.002639 0.002356 0.002079 0.001813 0.001562 0.001330 0.001119 0.000931 0.000765 0.000621 0.000498 0.000395 0.000310 0.000240 0.000184 0.000139 0.000104 0.000077 0.000056 0.000040 0.000029 0.000020 0.000014 0.000010 0.000007 0.000004 0.000003 0.000002 0.000001 0.000001 0.000001 0.000000 0.000000 0.000000 0.000000 0.000000 0.000000 0.000000 0.000000 0.000000 0.000000 
0.000000 0.000000 0.000000 0.000000 0.000000 0.000000 0.000000 0.000000 0.000000 0.000000 0.000001 0.000001 0.000001 0.000002 0.000003 0.000005 0.000007 0.000011 0.000016 0.000023 0.000033 0.000047 0.000066 0.000092 0.000126 0.000170 0.000227 0.000300 0.000392 0.000506 0.000645 0.000813 0.001013 0.001247 0.001517 0.001825 0.002168 0.002546 0.002954 0.003387 0.003839 0.004298 0.004756 0.005201 0.005619 0.006000 0.006330 0.006600 0.006800 0.006922 0.006964 0.006922 0.006800 0.006600 0.006330 0.006000 0.005619 0.005201 0.004756 0.004298 0.003839 0.003387 0.002954 0.002546 0.002168 0.001825 0.001517 0.001247 0.001013 0.000813 0.000645 0.000506 0.000392 0.000300 0.000227 0.000170 0.000126 0.000092 0.000066 0.000047 0.000033 0.000023 0.000016 0.000011 0.000007 0.000005 0.000003 0.000002 0.000001 0.000001 0.000001 0.000000 0.000000 0.000000 0.000000 0.000000 0.000000 0.000000 0.000000 0.000000 
0.000000 0.000000 0.000000 0.000000 0.000000 0.000000 0.000000 0.000000 0.000000 0.000001 0.000001 0.000001 0.000002 0.000003 0.000005 0.000008 0.000012 0.000018 0.000026 0.000038 0.000054 0.000077 0.000107 0.000148 0.000203 0.000274 0.000367 0.000485 0.000633 0.000816 0.001041 0.001312 0.001634 0.002011 0.002447 0.002941 0.003494 0.004102 0.004760 0.005457 0.006183 0.006922 0.007659 0.008374 0.009048 0.009660 0.010191 0.010625 0.010946 0.011143 0.011209 0.011143 0.010946 0.010625 0.010191 0.009660 0.009048 0.008374 0.007659 0.006922 0.006183 0.005457 0.004760 0.004102 0.003494 0.002941 0.002447 0.002011 0.001634 0.001312 0.001041 0.000816 0.000633 0.000485 0.000367 0.000274 0.000203 0.000148 0.000107 0.000077 0.000054 0.000038 0.000026 0.000018 0.000012 0.000008 0.000005 0.000003 0.000002 0.000001 0.000001 0.000001 0.000000 0.000000 0.000000 0.000000 0.000000 0.000000 0.000000 0.000000 
0.000000 0.000000 0.000000 0.000000 0.000000 0.000000 0.000000 0.000000 0.000001 0.000001 0.000001 0.000002 0.000004 0.000005 0.000008 0.000013 0.000019 0.000028 0.000042 0.000060 0.000086 0.000122 0.000171 0.000237 0.000324 0.000439 0.000586 0.000774 0.001010 0.001303 0.001661 0.002093 0.002606 0.003207 0.003901 0.004688 0.005569 0.006537 0.007583 0.008693 0.009848 0.011024 0.012196 0.013333 0.014405 0.015378 0.016223 0.016913 0.017423 0.017736 0.017842 0.017736 0.017423 0.016913 0.016223 0.015378 0.014405 0.013333 0.012196 0.011024 0.009848 0.008693 0.007583 0.006537 0.005569 0.004688 0.003901 0.003207 0.002606 0.002093 0.001661 0.001303 0.001010 0.000774 0.000586 0.000439 0.000324 0.000237 0.000171 0.000122 0.000086 0.000060 0.000042 0.000028 0.000019 0.000013 0.000008 0.000005 0.000004 0.000002 0.000001 0.000001 0.000001 0.000000 0.000000 0.000000 0.000000 0.000000 0.000000 0.000000 
0.000000 0.000000 0.000000 0.000000 0.000000 0.000000 0.000000 0.000001 0.000001 0.000001 0.000002 0.000004 0.000006 0.000009 0.000013 0.000020 0.000030 0.000045 0.000066 0.000096 0.000137 0.000194 0.000271 0.000375 0.000513 0.000693 0.000926 0.001222 0.001595 0.002056 0.002621 0.003302 0.004110 0.005057 0.006149 0.007390 0.008776 0.010300 0.011946 0.013693 0.015510 0.017361 0.019205 0.020993 0.022678 0.024209 0.025538 0.026622 0.027425 0.027918 0.028084 0.027918 0.027425 0.026622 0.025538 0.024209 0.022678 0.020993 0.019205 0.017361 0.015510 0.013693 0.011946 0.010300 0.008776 0.007390 0.006149 0.005057 0.004110 0.003302 0.002621 0.002056 0.001595 0.001222 0.000926 0.000693 0.000513 0.000375 0.000271 0.000194 0.000137 0.000096 0.000066 0.000045 0.000030 0.000020 0.000013 0.000009 0.000006 0.000004 0.000002 0.000001 0.000001 0.000001 0.000000 0.000000 0.000000 0.000000 0.000000 0.000000 
0.000000 0.000000 0.000000 0.000000 0.000000 0.000000 0.000000 0.000001 0.000001 0.000002 0.000004 0.000006 0.000009 0.000014 0.000021 0.000032 0.000048 0.000070 0.000103 0.000150 0.000214 0.000303 0.000424 0.000586 0.000801 0.001083 0.001446 0.001908 0.002489 0.003209 0.004089 0.005150 0.006410 0.007885 0.009586 0.011517 0.013675 0.016048 0.018610 0.021328 0.024155 0.027035 0.029903 0.032685 0.035305 0.037686 0.039753 0.041439 0.042687 0.043454 0.043712 0.043454 0.042687 0.041439 0.039753 0.037686 0.035305 0.032685 0.029903 0.027035 0.024155 0.021328 0.018610 0.016048 0.013675 0.011517 0.009586 0.007885 0.006410 0.005150 0.004089 0.003209 0.002489 0.001908 0.001446 0.001083 0.000801 0.000586 0.000424 0.000303 0.000214 0.000150 0.000103 0.000070 0.000048 0.000032 0.000021 0.000014 0.000009 0.000006 0.000004 0.000002 0.000001 0.000001 0.000000 0.000000 0.000000 0.000000 0.000000 0.000000 
0.000000 0.000000 0.000000 0.000000 0.000000 0.000000 0.000001 0.000001 0.000002 0.000003 0.000005 0.000009 0.000014 0.000021 0.000032 0.000049 0.000074 0.000109 0.000160 0.000231 0.000331 0.000469 0.000656 0.000906 0.001238 0.001672 0.002233 0.002946 0.003842 0.004952 0.006309 0.007943 0.009884 0.012156 0.014776 0.017750 0.021072 0.024723 0.028667 0.032849 0.037199 0.041630 0.046041 0.050321 0.054350 0.058012 0.061190 0.063783 0.065702 0.066880 0.067278 0.066880 0.065702 0.063783 0.061190 0.058012 0.054350 0.050321 0.046041 0.041630 0.037199 0.032849 0.028667 0.024723 0.021072 0.017750 0.014776 0.012156 0.009884 0.007943 0.006309 0.004952 0.003842 0.002946 0.002233 0.001672 0.001238 0.000906 0.000656 0.000469 0.000331 0.000231 0.000160 0.000109 0.000074 0.000049 0.000032 0.000021 0.000014 0.000009 0.000005 0.000003 0.000002 0.000001 0.000001 0.000000 0.000000 0.000000 0.000000 0.000000 
0.000000 0.000000 0.000000 0.000000 0.000000 0.000001 0.000001 0.000002 0.000003 0.000005 0.000008 0.000013 0.000021 0.000032 0.000050 0.000075 0.000113 0.000167 0.000245 0.000354 0.000507 0.000717 0.001002 0.001385 0.001892 0.002554 0.003409 0.004497 0.005863 0.007555 0.009623 0.012113 0.015071 0.018531 0.022520 0.027048 0.032106 0.037663 0.043664 0.050028 0.056646 0.063387 0.070096 0.076605 0.082734 0.088301 0.093135 0.097077 0.099994 0.101787 0.102391 0.101787 0.099994 0.097077 0.093135 0.088301 0.082734 0.076605 0.070096 0.063387 0.056646 0.050028 0.043664 0.037663 0.032106 0.027048 0.022520 0.018531 0.015071 0.012113 0.009623 0.007555 0.005863 0.004497 0.003409 0.002554 0.001892 0.001385 0.001002 0.000717 0.000507 0.000354 0.000245 0.000167 0.000113 0.000075 0.000050 0.000032 0.000021 0.000013 0.000008 0.000005 0.000003 0.000002 0.000001 0.000001 0.000000 0.000000 0.000000 0.000000 
0.000000 0.000000 0.000000 0.000000 0.000001 0.000001 0.000002 0.000003 0.000005 0.000008 0.000013 0.000020 0.000032 0.000049 0.000075 0.000114 0.000171 0.000253 0.000370 0.000536 0.000766 0.001084 0.001515 0.002092 0.002858 0.003857 0.005146 0.006787 0.008847 0.011397 0.014513 0.018266 0.022720 0.027932 0.033938 0.040754 0.048367 0.056731 0.065761 0.075336 0.085292 0.095432 0.105524 0.115312 0.124529 0.132901 0.140169 0.146096 0.150482 0.153177 0.154086 0.153177 0.150482 0.146096 0.140169 0.132901 0.124529 0.115312 0.105524 0.095432 0.085292 0.075336 0.065761 0.056731 0.048367 0.040754 0.033938 0.027932 0.022720 0.018266 0.014513 0.011397 0.008847 0.006787 0.005146 0.003857 0.002858 0.002092 0.001515 0.001084 0.000766 0.000536 0.000370 0.000253 0.000171 0.000114 0.000075 0.000049 0.000032 0.000020 0.000013 0.000008 0.000005 0.000003 0.000002 0.000001 0.000001 0.000000 0.000000 0.000000 
0.000000 0.000000 0.000000 0.000001 0.000001 0.000002 0.000003 0.000004 0.000007 0.000012 0.000019 0.000030 0.000048 0.000074 0.000113 0.000171 0.000256 0.000379 0.000554 0.000801 0.001146 0.001620 0.002263 0.003126 0.004267 0.005759 0.007681 0.010128 0.013198 0.017000 0.021642 0.027232 0.033867 0.041627 0.050570 0.060716 0.072046 0.084492 0.097928 0.112172 0.126983 0.142064 0.157073 0.171630 0.185334 0.197783 0.208589 0.217401 0.223922 0.227929 0.229280 0.227929 0.223922 0.217401 0.208589 0.197783 0.185334 0.171630 0.157073 0.142064 0.126983 0.112172 0.097928 0.084492 0.072046 0.060716 0.050570 0.041627 0.033867 0.027232 0.021642 0.017000 0.013198 0.010128 0.007681 0.005759 0.004267 0.003126 0.002263 0.001620 0.001146 0.000801 0.000554 0.000379 0.000256 0.000171 0.000113 0.000074 0.000048 0.000030 0.000019 0.000012 0.000007 0.000004 0.000003 0.000002 0.000001 0.000000 0.000000 0.000000 
0.000000 0.000000 0.000000 0.000001 0.000001 0.000002 0.000004 0.000007 0.000011 0.000018 0.000028 0.000045 0.000070 0.000109 0.000167 0.000253 0.000379 0.000560 0.000819 0.001185 0.001694 0.002394 0.003343 0.004616 0.006301 0.008500 0.011336 0.014942 0.019467 0.025069 0.031908 0.040141 0.049912 0.061338 0.074502 0.089435 0.106109 0.124421 0.144189 0.165142 0.186926 0.209106 0.231176 0.252581 0.272731 0.291033 0.306919 0.319873 0.329460 0.335350 0.337336 0.335350 0.329460 0.319873 0.306919 0.291033 0.272731 0.252581 0.231176 0.209106 0.186926 0.165142 0.144189 0.124421 0.106109 0.089435 0.074502 0.061338 0.049912 0.040141 0.031908 0.025069 0.019467 0.014942 0.011336 0.008500 0.006301 0.004616 0.003343 0.002394 0.001694 0.001185 0.000819 0.000560 0.000379 0.000253 0.000167 0.000109 0.000070 0.000045 0.000028 0.000018 0.000011 0.000007 0.000004 0.000002 0.000001 0.000001 0.000000 0.000000 
0.000000 0.000000 0.000001 0.000001 0.000002 0.000004 0.000006 0.000010 0.000016 0.000026 0.000042 0.000066 0.000103 0.000160 0.000245 0.000370 0.000554 0.000819 0.001198 0.001732 0.002475 0.003497 0.004883 0.006740 0.009197 0.012405 0.016538 0.021794 0.028389 0.036550 0.046512 0.058501 0.072727 0.089361 0.108520 0.130253 0.154514 0.181155 0.209909 0.240384 0.272064 0.304317 0.336408 0.367528 0.396822 0.423428 0.446521 0.465350 0.479285 0.487846 0.490733 0.487846 0.479285 0.465350 0.446521 0.423428 0.396822 0.367528 0.336408 0.304317 0.272064 0.240384 0.209909 0.181155 0.154514 0.130253 0.108520 0.089361 0.072727 0.058501 0.046512 0.036550 0.028389 0.021794 0.016538 0.012405 0.009197 0.006740 0.004883 0.003497 0.002475 0.001732 0.001198 0.000819 0.000554 0.000370 0.000245 0.000160 0.000103 0.000066 0.000042 0.000026 0.000016 0.000010 0.000006 0.000003 0.000002 0.000001 0.000000 0.000000 
0.000000 0.000000 0.000001 0.000002 0.000003 0.000005 0.000009 0.000014 0.000023 0.000038 0.000060 0.000096 0.000150 0.000231 0.000354 0.000536 0.000801 0.001185 0.001732 0.002503 0.003576 0.005050 0.007050 0.009729 0.013272 0.017897 0.023855 0.031429 0.040929 0.052685 0.067031 0.084294 0.104773 0.128713 0.156285 0.187554 0.222457 0.260778 0.302133 0.345958 0.391512 0.437884 0.484020 0.528756 0.570864 0.609106 0.642297 0.669359 0.689386 0.701689 0.705838 0.701689 0.689386 0.669359 0.642297 0.609106 0.570864 0.528756 0.484020 0.437884 0.391512 0.345958 0.302133 0.260778 0.222457 0.187554 0.156285 0.128713 0.104773 0.084294 0.067031 0.052685 0.040929 0.031429 0.023855 0.017897 0.013272 0.009729 0.007050 0.005050 0.003576 0.002503 0.001732 0.001185 0.000801 0.000536 0.000354 0.000231 0.000150 0.000096 0.000060 0.000038 0.000023 0.000014 0.000009 0.000005 0.000003 0.000002 0.000001 0.000000 
0.000000 0.000001 0.000001 0.000002 0.000004 0.000007 0.000012 0.000020 0.000033 0.000054 0.000086 0.000137 0.000214 0.000331 0.000507 0.000766 0.001146 0.001694 0.002475 0.003576 0.005107 0.007211 0.010064 0.013884 0.018935 0.025527 0.034017 0.044808 0.058340 0.075080 0.095506 0.120081 0.149227 0.183295 0.222525 0.267007 0.316652 0.371151 0.429958 0.492271 0.557035 0.622956 0.688536 0.752120 0.811965 0.866314 0.913480 0.951937 0.980395 0.997877 1.003773 0.997877 0.980395 0.951937 0.913480 0.866314 0.811965 0.752120 0.688536 0.622956 0.557035 0.492271 0.429958 0.371151 0.316652 0.267007 0.222525 0.183295 0.149227 0.120081 0.095506 0.075080 0.058340 0.044808 0.034017 0.025527 0.018935 0.013884 0.010064 0.007211 0.005107 0.003576 0.002475 0.001694 0.001146 0.000766 0.000507 0.000331 0.000214 0.000137 0.000086 0.000054 0.000033 0.000020 0.000012 0.000007 0.000004 0.000002 0.000001 0.000000 
0.000000 0.000001 0.000002 0.000003 0.000006 0.000010 0.000017 0.000029 0.000047 0.000077 0.000122 0.000194 0.000303 0.000469 0.000717 0.001084 0.001620 0.002394 0.003497 0.005050 0.007211 0.010177 0.014201 0.019587 0.026707 0.035995 0.047956 0.063154 0.082210 0.105779 0.134531 0.169117 0.210131 0.258061 0.313245 0.375808 0.445622 0.522254 0.604933 0.692532 0.783567 0.876219 0.968384 1.057738 1.141832 1.218199 1.284471 1.338502 1.378485 1.403046 1.411330 1.403046 1.378485 1.338502 1.284471 1.218199 1.141832 1.057738 0.968384 0.876219 0.783567 0.692532 0.604933 0.522254 0.445622 0.375808 0.313245 0.258061 0.210131 0.169117 0.134531 0.105779 0.082210 0.063154 0.047956 0.035995 0.026707 0.019587 0.014201 0.010177 0.007211 0.005050 0.003497 0.002394 0.001620 0.001084 0.000717 0.000469 0.000303 0.000194 0.000122 0.000077 0.000047 0.000029 0.000017 0.000010 0.000006 0.000003 0.000001 0.000000 
0.000000 0.000001 0.000003 0.000005 0.000009 0.000015 0.000024 0.000040 0.000066 0.000107 0.000171 0.000271 0.000424 0.000656 0.001002 0.001515 0.002263 0.003343 0.004883 0.007050 0.010064 0.014201 0.019809 0.027316 0.037237 0.050176 0.066834 0.087998 0.114527 0.147333 0.187346 0.235469 0.292526 0.359195 0.435940 0.522938 0.620005 0.726537 0.841463 0.963214 1.089728 1.218479 1.346542 1.470691 1.587525 1.693616 1.785680 1.860736 1.916276 1.950393 1.961900 1.950393 1.916276 1.860736 1.785680 1.693616 1.587525 1.470691 1.346542 1.218479 1.089728 0.963214 0.841463 0.726537 0.620005 0.522938 0.435940 0.359195 0.292526 0.235469 0.187346 0.147333 0.114527 0.087998 0.066834 0.050176 0.037237 0.027316 0.019809 0.014201 0.010064 0.007050 0.004883 0.003343 0.002263 0.001515 0.001002 0.000656 0.000424 0.000271 0.000171 0.000107 0.000066 0.000040 0.000024 0.000014 0.000008 0.000005 0.000002 0.000000 
0.000000 0.000002 0.000004 0.000007 0.000012 0.000020 0.000034 0.000056 0.000092 0.000148 0.000237 0.000375 0.000586 0.000906 0.001385 0.002092 0.003126 0.004616 0.006740 0.009729 0.013884 0.019587 0.027316 0.037660 0.051325 0.069145 0.092081 0.121215 0.157728 0.202871 0.257922 0.324119 0.402593 0.494273 0.599794 0.719394 0.852821 0.999241 1.157179 1.324480 1.498310 1.675198 1.851127 2.021667 2.182148 2.327867 2.454313 2.557397 2.633673 2.680528 2.696332 2.680528 2.633673 2.557397 2.454313 2.327867 2.182148 2.021667 1.851127 1.675198 1.498310 1.324480 1.157179 0.999241 0.852821 0.719394 0.599794 0.494273 0.402593 0.324119 0.257922 0.202871 0.157728 0.121215 0.092081 0.069145 0.051325 0.037660 0.027316 0.019587 0.013884 0.009729 0.006740 0.004616 0.003126 0.002092 0.001385 0.000906 0.000586 0.000375 0.000237 0.000148 0.000092 0.000056 0.000034 0.000020 0.000012 0.000006 0.000003 0.000000 
0.000000 0.000002 0.000005 0.000009 0.000016 0.000028 0.000046 0.000077 0.000126 0.000203 0.000324 0.000513 0.000801 0.001238 0.001892 0.002858 0.004267 0.006301 0.009197 0.013272 0.018935 0.026707 0.037237 0.051325 0.069932 0.094193 0.125414 0.165061 0.214742 0.276154 0.351031 0.441055 0.547757 0.672396 0.815833 0.978386 1.159708 1.358666 1.573251 1.800534 2.036665 2.276931 2.515877 2.747488 2.965425 3.163305 3.335005 3.474978 3.578548 3.642167 3.663625 3.642167 3.578548 3.474978 3.335005 3.163305 2.965425 2.747488 2.515877 2.276931 2.036665 1.800534 1.573251 1.358666 1.159708 0.978386 0.815833 0.672396 0.547757 0.441055 0.351031 0.276154 0.214742 0.165061 0.125414 0.094193 0.069932 0.051325 0.037237 0.026707 0.018935 0.013272 0.009197 0.006301 0.004267 0.002858 0.001892 0.001238 0.000801 0.000513 0.000324 0.000203 0.000126 0.000077 0.000046 0.000027 0.000016 0.000009 0.000004 0.000000 
0.000000 0.000003 0.000007 0.000013 0.000022 0.000038 0.000063 0.000104 0.000170 0.000274 0.000439 0.000693 0.001083 0.001672 0.002554 0.003857 0.005759 0.008500 0.012405 0.017897 0.025527 0.035995 0.050176 0.069145 0.094193 0.126845 0.168855 0.222195 0.289019 0.371611 0.472293 0.593323 0.736753 0.904272 1.097027 1.315446 1.559054 1.826326 2.114561 2.419824 2.736942 3.059587 3.380437 3.691417 3.984022 4.249684 4.480191 4.668097 4.807131 4.892534 4.921338 4.892534 4.807131 4.668097 4.480191 4.249684 3.984022 3.691417 3.380437 3.059587 2.736942 2.419824 2.114561 1.826326 1.559054 1.315446 1.097027 0.904272 0.736753 0.593323 0.472293 0.371611 0.289019 0.222195 0.168855 0.126845 0.094193 0.069145 0.050176 0.035995 0.025527 0.017897 0.012405 0.008500 0.005759 0.003857 0.002554 0.001672 0.001083 0.000693 0.000439 0.000274 0.000170 0.000104 0.000063 0.000037 0.000022 0.000012 0.000005 0.000000 
0.000000 0.000004 0.000009 0.000017 0.000030 0.000050 0.000084 0.000139 0.000227 0.000367 0.000586 0.000926 0.001446 0.002233 0.003409 0.005146 0.007681 0.011336 0.016538 0.023855 0.034017 0.047956 0.066834 0.092081 0.125414 0.168855 0.224736 0.295675 0.384533 0.494337 0.628171 0.789029 0.979630 1.202212 1.458292 1.748431 2.071994 2.426948 2.809705 3.215036 3.636074 4.064417 4.490346 4.903149 5.291538 5.644150 5.950088 6.199477 6.383998 6.497340 6.535567 6.497340 6.383998 6.199477 5.950088 5.644150 5.291538 4.903149 4.490346 4.064417 3.636074 3.215036 2.809705 2.426948 2.071994 1.748431 1.458292 1.202212 0.979630 0.789029 0.628171 0.494337 0.384533 0.295675 0.224736 0.168855 0.125414 0.092081 0.066834 0.047956 0.034017 0.023855 0.016538 0.011336 0.007681 0.005146 0.003409 0.002233 0.001446 0.000926 0.000586 0.000367 0.000227 0.000139 0.000084 0.000050 0.000029 0.000016 0.000007 0.000000 
0.000000 0.000005 0.000012 0.000022 0.000039 0.000066 0.000111 0.000184 0.000300 0.000485 0.000774 0.001222 0.001908 0.002946 0.004497 0.006787 0.010128 0.014942 0.021794 0.031429 0.044808 0.063154 0.087998 0.121215 0.165061 0.222195 0.295675 0.388939 0.505742 0.650055 0.825923 1.037271 1.287664 1.580030 1.916356 2.297368 2.722226 3.188254 3.690738 4.222810 4.775455 5.337647 5.896634 6.438362 6.948026 7.410720 7.812153 8.139379 8.381483 8.530195 8.580350 8.530195 8.381483 8.139379 7.812153 7.410720 6.948026 6.438362 5.896634 5.337647 4.775455 4.222810 3.690738 3.188254 2.722226 2.297368 1.916356 1.580030 1.287664 1.037271 0.825923 0.650055 0.505742 0.388939 0.295675 0.222195 0.165061 0.121215 0.087998 0.063154 0.044808 0.031429 0.021794 0.014942 0.010128 0.006787 0.004497 0.002946 0.001908 0.001222 0.000774 0.000485 0.000300 0.000184 0.000111 0.000066 0.000038 0.000021 0.000009 0.000000 
0.000000 0.000007 0.000016 0.000029 0.000051 0.000087 0.000145 0.000240 0.000392 0.000633 0.001010 0.001595 0.002489 0.003842 0.005863 0.008847 0.013198 0.019467 0.028389 0.040929 0.058340 0.082210 0.114527 0.157728 0.214742 0.289019 0.384533 0.505742 0.657517 0.845012 1.073470 1.347978 1.673156 2.052796 2.489466 2.984098 3.535592 4.140469 4.792604 5.483080 6.200198 6.929653 7.654904 8.357723 9.018909 9.619136 10.139876 10.564340 10.878382 11.071278 11.136335 11.071278 10.878382 10.564340 10.139876 9.619136 9.018909 8.357723 7.654904 6.929653 6.200198 5.483080 4.792604 4.140469 3.535592 2.984098 2.489466 2.052796 1.673156 1.347978 1.073470 0.845012 0.657517 0.505742 0.384533 0.289019 0.214742 0.157728 0.114527 0.082210 0.058340 0.040929 0.028389 0.019467 0.013198 0.008847 0.005863 0.003842 0.002489 0.001595 0.001010 0.000633 0.000392 0.000240 0.000145 0.000086 0.000050 0.000027 0.000012 0.000000 
0.000000 0.000009 0.000020 0.000038 0.000066 0.000112 0.000188 0.000310 0.000506 0.000816 0.001303 0.002056 0.003209 0.004952 0.007555 0.011397 0.017000 0.025069 0.036550 0.052685 0.075080 0.105779 0.147333 0.202871 0.276154 0.371611 0.494337 0.650055 0.845012 1.085814 1.379186 1.731644 2.149108 2.636431 3.196896 3.831687 4.539381 5.315505 6.152191 7.037998 7.957915 8.893595 9.823826 10.725236 11.573210 12.342972 13.010772 13.555093 13.957804 14.205161 14.288585 14.205161 13.957804 13.555093 13.010772 12.342972 11.573210 10.725236 9.823826 8.893595 7.957915 7.037998 6.152191 5.315505 4.539381 3.831687 3.196896 2.636431 2.149108 1.731644 1.379186 1.085814 0.845012 0.650055 0.494337 0.371611 0.276154 0.202871 0.147333 0.105779 0.075080 0.052685 0.036550 0.025069 0.017000 0.011397 0.007555 0.004952 0.003209 0.002056 0.001303 0.000816 0.000506 0.000309 0.000187 0.000111 0.000064 0.000035 0.000015 0.000000 
0.000000 0.000011 0.000026 0.000048 0.000084 0.000143 0.000239 0.000395 0.000645 0.001041 0.001661 0.002621 0.004089 0.006309 0.009623 0.014513 0.021642 0.031908 0.046512 0.067031 0.095506 0.134531 0.187346 0.257922 0.351031 0.472293 0.628171 0.825923 1.073470 1.379186 1.751591 2.198945 2.728741 3.347122 4.058239 4.863577 5.761319 6.745777 7.806967 8.930371 10.096952 11.283446 12.462961 13.605874 14.680985 15.656897 16.503513 17.193569 17.704091 18.017664 18.123419 18.017664 17.704091 17.193569 16.503513 15.656897 14.680985 13.605874 12.462961 11.283446 10.096952 8.930371 7.806967 6.745777 5.761319 4.863577 4.058239 3.347122 2.728741 2.198945 1.751591 1.379186 1.073470 0.825923 0.628171 0.472293 0.351031 0.257922 0.187346 0.134531 0.095506 0.067031 0.046512 0.031908 0.021642 0.014513 0.009623 0.006309 0.004089 0.002621 0.001661 0.001041 0.000645 0.000395 0.000239 0.000142 0.000082 0.000045 0.000020 0.000000 
0.000000 0.000014 0.000033 0.000061 0.000106 0.000181 0.000302 0.000498 0.000813 0.001312 0.002093 0.003302 0.005150 0.007943 0.012113 0.018266 0.027232 0.040141 0.058501 0.084294 0.120081 0.169117 0.235469 0.324119 0.441055 0.593323 0.789029 1.037271 1.347978 1.731644 2.198945 2.760223 3.424861 4.200547 5.092464 6.102460 7.228239 8.462656 9.793180 11.201606 12.664064 14.151394 15.629896 17.062446 18.409954 19.633085 20.694133 21.558947 22.198748 22.591721 22.724254 22.591721 22.198748 21.558947 20.694133 19.633085 18.409954 17.062446 15.629896 14.151394 12.664064 11.201606 9.793180 8.462656 7.228239 6.102460 5.092464 4.200547 3.424861 2.760223 2.198945 1.731644 1.347978 1.037271 0.789029 0.593323 0.441055 0.324119 0.235469 0.169117 0.120081 0.084294 0.058501 0.040141 0.027232 0.018266 0.012113 0.007943 0.005150 0.003302 0.002093 0.001312 0.000813 0.000498 0.000301 0.000179 0.000104 0.000056 0.000025 0.000000 
0.000000 0.000018 0.000041 0.000076 0.000133 0.000225 0.000376 0.000621 0.001013 0.001634 0.002606 0.004110 0.006410 0.009884 0.015071 0.022720 0.033867 0.049912 0.072727 0.104773 0.149227 0.210131 0.292526 0.402593 0.547757 0.736753 0.979630 1.287664 1.673156 2.149108 2.728741 3.424861 4.249083 5.210914 6.316761 7.568892 8.964442 10.494538 12.143638 13.889169 15.701550 17.544647 19.376708 21.151745 22.821342 24.336779 25.651361 26.722793 27.515439 28.002286 28.166478 28.002286 27.515439 26.722793 25.651361 24.336779 22.821342 21.151745 19.376708 17.544647 15.701550 13.889169 12.143638 10.494538 8.964442 7.568892 6.316761 5.210914 4.249083 3.424861 2.728741 2.149108 1.673156 1.287664 0.979630 0.736753 0.547757 0.402593 0.292526 0.210131 0.149227 0.104773 0.072727 0.049912 0.033867 0.022720 0.015071 0.009884 0.006410 0.004110 0.002606 0.001634 0.001013 0.000620 0.000375 0.000223 0.000129 0.000070 0.000031 0.000000 
0.000000 0.000022 0.000050 0.000094 0.000163 0.000277 0.000463 0.000765 0.001247 0.002011 0.003207 0.005057 0.007885 0.012156 0.018531 0.027932 0.041627 0.061338 0.089361 0.128713 0.183295 0.258061 0.359195 0.494273 0.672396 0.904272 1.202212 1.580030 2.052796 2.636431 3.347122 4.200547 5.210914 6.389853 7.745189 9.279677 10.989784 12.864620 14.885128 17.023643 19.243924 21.501711 23.745866 25.920076 27.965055 29.821152 31.431199 32.743418 33.714181 34.310421 34.511506 34.310421 33.714181 32.743418 31.431199 29.821152 27.965055 25.920076 23.745866 21.501711 19.243924 17.023643 14.885128 12.864620 10.989784 9.279677 7.745189 6.389853 5.210914 4.200547 3.347122 2.636431 2.052796 1.580030 1.202212 0.904272 0.672396 0.494273 0.359195 0.258061 0.183295 0.128713 0.089361 0.061338 0.041627 0.027932 0.018531 0.012156 0.007885 0.005057 0.003207 0.002011 0.001247 0.000764 0.000462 0.000275 0.000159 0.000087 0.000038 0.000000 
0.000000 0.000027 0.000061 0.000114 0.000199 0.000338 0.000564 0.000931 0.001517 0.002447 0.003901 0.006149 0.009586 0.014776 0.022520 0.033938 0.050570 0.074502 0.108520 0.156285 0.222525 0.313245 0.435940 0.599794 0.815833 1.097027 1.458292 1.916356 2.489466 3.196896 4.058239 5.092464 6.316761 7.745189 9.387199 11.246099 13.317587 15.588449 18.035588 20.625491 23.314265 26.048316 28.765734 31.398346 33.874391 36.121669 38.070989 39.659690 40.834972 41.556821 41.800266 41.556821 40.834972 39.659690 38.070989 36.121669 33.874391 31.398346 28.765734 26.048316 23.314265 20.625491 18.035588 15.588449 13.317587 11.246099 9.387199 7.745189 6.316761 5.092464 4.058239 3.196896 2.489466 1.916356 1.458292 1.097027 0.815833 0.599794 0.435940 0.313245 0.222525 0.156285 0.108520 0.074502 0.050570 0.033938 0.022520 0.014776 0.009586 0.006149 0.003901 0.002446 0.001517 0.000930 0.000563 0.000335 0.000194 0.000105 0.000046 0.000000 
0.000000 0.000032 0.000074 0.000137 0.000239 0.000406 0.000678 0.001119 0.001825 0.002941 0.004688 0.007390 0.011517 0.017750 0.027048 0.040754 0.060716 0.089435 0.130253 0.187554 0.267007 0.375808 0.522938 0.719394 0.978386 1.315446 1.748431 2.297368 2.984098 3.831687 4.863577 6.102460 7.568892 9.279677 11.246099 13.472091 15.952469 18.671390 21.601184 24.701719 27.920444 31.193212 34.445926 37.597005 40.560581 43.250268 45.583284 47.484658 48.891230 49.755125 50.046475 49.755125 48.891230 47.484658 45.583284 43.250268 40.560581 37.597005 34.445926 31.193212 27.920444 24.701719 21.601184 18.671390 15.952469 13.472091 11.246099 9.279677 7.568892 6.102460 4.863577 3.831687 2.984098 2.297368 1.748431 1.315446 0.978386 0.719394 0.522938 0.375808 0.267007 0.187554 0.130253 0.089435 0.060716 0.040754 0.027048 0.017750 0.011517 0.007390 0.004688 0.002941 0.001824 0.001118 0.000677 0.000403 0.000233 0.000127 0.000056 0.000000 
0.000000 0.000038 0.000088 0.000163 0.000285 0.000483 0.000807 0.001330 0.002168 0.003494 0.005569 0.008776 0.013675 0.021072 0.032106 0.048367 0.072046 0.106109 0.154514 0.222457 0.316652 0.445622 0.620005 0.852821 1.159708 1.559054 2.071994 2.722226 3.535592 4.539381 5.761319 7.228239 8.964442 10.989784 13.317587 15.952469 18.888265 22.106197 25.573498 29.242664 33.051505 36.924119 40.772846 44.501179 48.007547 51.189775 53.949954 56.199420 57.863473 58.885502 59.230181 58.885502 57.863473 56.199420 53.949954 51.189775 48.007547 44.501179 40.772846 36.924119 33.051505 29.242664 25.573498 22.106197 18.888265 15.952469 13.317587 10.989784 8.964442 7.228239 5.761319 4.539381 3.535592 2.722226 2.071994 1.559054 1.159708 0.852821 0.620005 0.445622 0.316652 0.222457 0.154514 0.106109 0.072046 0.048367 0.032106 0.021072 0.013675 0.008776 0.005569 0.003494 0.002167 0.001329 0.000804 0.000479 0.000278 0.000151 0.000066 0.000000 
0.000000 0.000045 0.000103 0.000192 0.000334 0.000567 0.000947 0.001562 0.002546 0.004102 0.006537 0.010300 0.016048 0.024723 0.037663 0.056731 0.084492 0.124421 0.181155 0.260778 0.371151 0.522254 0.726537 0.999241 1.358666 1.826326 2.426948 3.188254 4.140469 5.315505 6.745777 8.462656 10.494538 12.864620 15.588449 18.671390 22.106197 25.870873 29.927062 34.219181 38.674482 43.204188 47.705780 52.066408 56.167305 59.889006 63.117041 65.747751 67.693808 68.889027 69.292112 68.889027 67.693808 65.747751 63.117041 59.889006 56.167305 52.066408 47.705780 43.204188 38.674482 34.219181 29.927062 25.870873 22.106197 18.671390 15.588449 12.864620 10.494538 8.462656 6.745777 5.315505 4.140469 3.188254 2.426948 1.826326 1.358666 0.999241 0.726537 0.522254 0.371151 0.260778 0.181155 0.124421 0.084492 0.056731 0.037663 0.024723 0.016047 0.010300 0.006537 0.004102 0.002545 0.001561 0.000945 0.000563 0.000326 0.000177 0.000078 0.000000 
0.000000 0.000052 0.000120 0.000223 0.000388 0.000659 0.001100 0.001813 0.002954 0.004760 0.007583 0.011946 0.018610 0.028667 0.043664 0.065761 0.097928 0.144189 0.209909 0.302133 0.429958 0.604933 0.841463 1.157179 1.573251 2.114561 2.809705 3.690738 4.792604 6.152191 7.806967 9.793180 12.143638 14.885128 18.035588 21.601184 25.573498 29.927062 34.617499 39.580524 44.732013 49.969328 55.173953 60.215439 64.956510 69.259088 72.990877 76.032076 78.281764 79.663455 80.129425 79.663455 78.281764 76.032076 72.990877 69.259088 64.956510 60.215439 55.173953 49.969328 44.732013 39.580524 34.617499 29.927062 25.573498 21.601184 18.035588 14.885128 12.143638 9.793180 7.806967 6.152191 4.792604 3.690738 2.809705 2.114561 1.573251 1.157179 0.841463 0.604933 0.429958 0.302133 0.209909 0.144189 0.097928 0.065761 0.043664 0.028667 0.018610 0.011946 0.007583 0.004759 0.002953 0.001811 0.001097 0.000653 0.000379 0.000206 0.000090 0.000000 
0.000000 0.000060 0.000138 0.000256 0.000446 0.000756 0.001261 0.002079 0.003387 0.005457 0.008693 0.013693 0.021328 0.032849 0.050028 0.075336 0.112172 0.165142 0.240384 0.345958 0.492271 0.692532 0.963214 1.324480 1.800534 2.419824 3.215036 4.222810 5.483080 7.037998 8.930371 11.201606 13.889169 17.023643 20.625491 24.701719 29.242664 34.219181 39.580524 45.253196 51.141047 57.126774 63.074946 68.836505 74.254604 79.171486 83.436005 86.911301 89.482077 91.060959 91.593430 91.060959 89.482077 86.911301 83.436005 79.171486 74.254604 68.836505 63.074946 57.126774 51.141047 45.253196 39.580524 34.219181 29.242664 24.701719 20.625491 17.023643 13.889169 11.201606 8.930371 7.037998 5.483080 4.222810 3.215036 2.419824 1.800534 1.324480 0.963214 0.692532 0.492271 0.345958 0.240384 0.165142 0.112172 0.075336 0.050028 0.032849 0.021328 0.013692 0.008692 0.005456 0.003387 0.002077 0.001258 0.000750 0.000435 0.000236 0.000103 0.000000 
0.000000 0.000068 0.000156 0.000290 0.000505 0.000857 0.001430 0.002356 0.003839 0.006183 0.009848 0.015510 0.024155 0.037199 0.056646 0.085292 0.126983 0.186926 0.272064 0.391512 0.557035 0.783567 1.089728 1.498310 2.036665 2.736942 3.636074 4.775455 6.200198 7.957915 10.096952 12.664064 15.701550 19.243924 23.314265 27.920444 33.051505 38.674482 44.732013 51.141047 57.792949 64.555205 71.274833 77.783472 83.903974 89.458171 94.275368 98.201006 101.104885 102.888335 103.489794 102.888335 101.104885 98.201006 94.275368 89.458171 83.903974 77.783472 71.274833 64.555205 57.792949 51.141047 44.732013 38.674482 33.051505 27.920444 23.314265 19.243924 15.701550 12.664064 10.096952 7.957915 6.200198 4.775455 3.636074 2.736942 2.036665 1.498310 1.089728 0.783567 0.557035 0.391512 0.272064 0.186926 0.126983 0.085292 0.056646 0.037199 0.024155 0.015510 0.009847 0.006182 0.003837 0.002354 0.001426 0.000850 0.000493 0.000268 0.000117 0.000000 
0.000000 0.000076 0.000175 0.000325 0.000566 0.000960 0.001601 0.002639 0.004298 0.006922 0.011024 0.017361 0.027035 0.041630 0.063387 0.095432 0.142064 0.209106 0.304317 0.437884 0.622956 0.876219 1.218479 1.675198 2.276931 3.059587 4.064417 5.337647 6.929653 8.893595 11.283446 14.151394 17.544647 21.501711 26.048316 31.193212 36.924119 43.204188 49.969328 57.126774 64.555205 72.106645 79.610280 86.878136 93.712435 99.914273 105.293093 109.676357 112.918723 114.910047 115.581608 114.910047 112.918723 109.676357 105.293093 99.914273 93.712435 86.878136 79.610280 72.106645 64.555205 57.126774 49.969328 43.204188 36.924119 31.193212 26.048316 21.501711 17.544647 14.151394 11.283446 8.893595 6.929653 5.337647 4.064417 3.059587 2.276931 1.675198 1.218479 0.876219 0.622956 0.437884 0.304317 0.209106 0.142064 0.095432 0.063387 0.041630 0.027035 0.017361 0.011024 0.006922 0.004297 0.002637 0.001597 0.000952 0.000552 0.000300 0.000131 0.000000 
0.000000 0.000085 0.000194 0.000360 0.000626 0.001062 0.001772 0.002920 0.004756 0.007659 0.012196 0.019205 0.029903 0.046041 0.070096 0.105524 0.157073 0.231176 0.336408 0.484020 0.688536 0.968384 1.346542 1.851127 2.515877 3.380437 4.490346 5.896634 7.654904 9.823826 12.462961 15.629896 19.376708 23.745866 28.765734 34.445926 40.772846 47.705780 55.173953 63.074946 71.274833 79.610280 87.892760 95.914814 103.458180 110.303355 116.240058 121.077896 124.656488 126.854296 127.595490 126.854296 124.656488 121.077896 116.240058 110.303355 103.458180 95.914814 87.892760 79.610280 71.274833 63.074946 55.173953 47.705780 40.772846 34.445926 28.765734 23.745866 19.376708 15.629896 12.462961 9.823826 7.654904 5.896634 4.490346 3.380437 2.515877 1.851127 1.346542 0.968384 0.688536 0.484020 0.336408 0.231176 0.157073 0.105524 0.070096 0.046041 0.029903 0.019204 0.012196 0.007658 0.004755 0.002918 0.001768 0.001054 0.000611 0.000332 0.000146 0.000000 
