0.000000 0.000000 0.000000 0.000000 0.000000 0.000000 0.000000 0.000000 0.000000 0.000000 0.000000 0.000000 0.000000 0.000000 0.000000 0.000000 0.000000 0.000000 0.000000 0.000000 0.000000 0.000000 0.000000 0.000000 0.000000 0.000000 0.000000 0.000000 0.000000 0.000000 0.000000 0.000000 0.000000 0.000000 0.000000 0.000000 0.000000 0.000000 0.000000 0.000000 0.000000 0.000000 0.000000 0.000000 0.000000 0.000000 0.000000 0.000000 0.000000 0.000000 0.000000 0.000000 0.000000 0.000000 0.000000 0.000000 0.000000 0.000000 0.000000 0.000000 0.000000 0.000000 0.000000 0.000000 0.000000 0.000000 0.000000 0.000000 0.000000 0.000000 0.000000 0.000000 0.000000 0.000000 0.000000 0.000000 0.000000 0.000000 0.000000 0.000000 0.000000 0.000000 0.000000 0.000000 0.000000 0.000000 0.000000 0.000000 0.000000 0.000000 0.000000 0.000000 0.000000 0.000000 0.000000 0.000000 0.000000 0.000000 0.000000 0.000000 
0.000000 0.000000 0.000000 0.000000 0.000000 0.000000 0.000000 0.000000 0.000000 0.000000 0.000000 0.000000 0.000000 0.000000 0.000000 0.000000 0.000000 0.000000 0.000000 0.000000 0.000000 0.000000 0.000000 0.000000 0.000000 0.000000 0.000000 0.000000 0.000000 0.000000 0.000000 0.000000 0.000000 0.000000 0.000000 0.000001 0.000001 0.000001 0.000001 0.000001 0.000001 0.000002 0.000002 0.000002 0.000002 0.000003 0.000003 0.000003 0.000003 0.000003 0.000003 0.000003 0.000003 0.000003 0.000003 0.000003 0.000002 0.000002 0.000002 0.000002 0.000001 0.000001 0.000001 0.000001 0.000001 0.000001 0.000000 0.000000 0.000000 0.000000 0.000000 0.000000 0.000000 0.000000 0.000000 0.000000 0.000000 0.000000 0.000000 0.000000 0.000000 0.000000 0.000000 0.000000 0.000000 0.000000 0.000000 0.000000 0.000000 0.000000 0.000000 0.000000 0.000000 0.000000 0.000000 0.000000 0.000000 0.000000 0.000000 0.000000 
0.000000 0.000000 0.000000 0.000000 0.000000 0.000000 0.000000 0.000000 0.000000 0.000000 0.000000 0.000000 0.000000 0.000000 0.000000 0.000000 0.000000 0.000000 0.000000 0.000000 0.000000 0.000000 0.000000 0.000000 0.000000 0.000000 0.000000 0.000000 0.000000 0.000000 0.000000 0.000000 0.000001 0.000001 0.000001 0.000001 0.000002 0.000002 0.000003 0.000003 0.000004 0.000004 0.000005 0.000006 0.000006 0.000007 0.000007 0.000008 0.000008 0.000008 0.000008 0.000008 0.000008 0.000008 0.000007 0.000007 0.000006 0.000006 0.000005 0.000004 0.000004 0.000003 0.000003 0.000002 0.000002 0.000001 0.000001 0.000001 0.000001 0.000000 0.000000 0.000000 0.000000 0.000000 0.000000 0.000000 0.000000 0.000000 0.000000 0.000000 0.000000 0.000000 0.000000 0.000000 0.000000 0.000000 0.000000 0.000000 0.000000 0.000000 0.000000 0.000000 0.000000 0.000000 0.000000 0.000000 0.000000 0.000000 0.000000 0.000000 
0.000000 0.000000 0.000000 0.000000 0.000000 0.000000 0.000000 0.000000 0.000000 0.000000 0.000000 0.000000 0.000000 0.000000 0.000000 0.000000 0.000000 0.000000 0.000000 0.000000 0.000000 0.000000 0.000000 0.000000 0.000000 0.000000 0.000000 0.000000 0.000000 0.000001 0.000001 0.000001 0.000001 0.000002 0.000002 0.000003 0.000004 0.000004 0.000005 0.000007 0.000008 0.000009 0.000010 0.000012 0.000013 0.000014 0.000015 0.000016 0.000017 0.000017 0.000017 0.000017 0.000017 0.000016 0.000015 0.000014 0.000013 0.000012 0.000010 0.000009 0.000008 0.000007 0.000005 0.000004 0.000004 0.000003 0.000002 0.000002 0.000001 0.000001 0.000001 0.000001 0.000000 0.000000 0.000000 0.000000 0.000000 0.000000 0.000000 0.000000 0.000000 0.000000 0.000000 0.000000 0.000000 0.000000 0.000000 0.000000 0.000000 0.000000 0.000000 0.000000 0.000000 0.000000 0.000000 0.000000 0.000000 0.000000 0.000000 0.000000 
0.000000 0.000000 0.000000 0.000000 0.000000 0.000000 0.000000 0.000000 0.000000 0.000000 0.000000 0.000000 0.000000 0.000000 0.000000 0.000000 0.000000 0.000000 0.000000 0.000000 0.000000 0.000000 0.000000 0.000000 0.000000 0.000000 0.000000 0.000001 0.000001 0.000001 0.000001 0.000002 0.000003 0.000003 0.000005 0.000006 0.000007 0.000009 0.000011 0.000013 0.000015 0.000018 0.000021 0.000023 0.000026 0.000028 0.000030 0.000032 0.000033 0.000034 0.000034 0.000034 0.000033 0.000032 0.000030 0.000028 0.000026 0.000023 0.000021 0.000018 0.000015 0.000013 0.000011 0.000009 0.000007 0.000006 0.000005 0.000003 0.000003 0.000002 0.000001 0.000001 0.000001 0.000001 0.000000 0.000000 0.000000 0.000000 0.000000 0.000000 0.000000 0.000000 0.000000 0.000000 0.000000 0.000000 0.000000 0.000000 0.000000 0.000000 0.000000 0.000000 0.000000 0.000000 0.000000 0.000000 0.000000 0.000000 0.000000 0.000000 
0.000000 0.000000 0.000000 0.000000 0.000000 0.000000 0.000000 0.000000 0.000000 0.000000 0.000000 0.000000 0.000000 0.000000 0.000000 0.000000 0.000000 0.000000 0.000000 0.000000 0.000000 0.000000 0.000000 0.000000 0.000000 0.000000 0.000001 0.000001 0.000001 0.000002 0.000003 0.000004 0.000005 0.000007 0.000009 0.000011 0.000014 0.000018 0.000021 0.000026 0.000030 0.000035 0.000040 0.000045 0.000050 0.000055 0.000059 0.000062 0.000065 0.000066 0.000067 0.000066 0.000065 0.000062 0.000059 0.000055 0.000050 0.000045 0.000040 0.000035 0.000030 0.000026 0.000021 0.000018 0.000014 0.000011 0.000009 0.000007 0.000005 0.000004 0.000003 0.000002 0.000001 0.000001 0.000001 0.000000 0.000000 0.000000 0.000000 0.000000 0.000000 0.000000 0.000000 0.000000 0.000000 0.000000 0.000000 0.000000 0.000000 0.000000 0.000000 0.000000 0.000000 0.000000 0.000000 0.000000 0.000000 0.000000 0.000000 0.000000 
0.000000 0.000000 0.000000 0.000000 0.000000 0.000000 0.000000 0.000000 0.000000 0.000000 0.000000 0.000000 0.000000 0.000000 0.000000 0.000000 0.000000 0.000000 0.000000 0.000000 0.000000 0.000000 0.000000 0.000000 0.000001 0.000001 0.000001 0.000002 0.000003 0.000004 0.000006 0.000008 0.000010 0.000013 0.000017 0.000022 0.000027 0.000034 0.000041 0.000050 0.000058 0.000068 0.000078 0.000087 0.000097 0.000106 0.000113 0.000120 0.000125 0.000128 0.000129 0.000128 0.000125 0.000120 0.000113 0.000106 0.000097 0.000087 0.000078 0.000068 0.000058 0.000050 0.000041 0.000034 0.000027 0.000022 0.000017 0.000013 0.000010 0.000008 0.000006 0.000004 0.000003 0.000002 0.000001 0.000001 0.000001 0.000000 0.000000 0.000000 0.000000 0.000000 0.000000 0.000000 0.000000 0.000000 0.000000 0.000000 0.000000 0.000000 0.000000 0.000000 0.000000 0.000000 0.000000 0.000000 0.000000 0.000000 0.000000 0.000000 
0.000000 0.000000 0.000000 0.000000 0.000000 0.000000 0.000000 0.000000 0.000000 0.000000 0.000000 0.000000 0.000000 0.000000 0.000000 0.000000 0.000000 0.000000 0.000000 0.000000 0.000000 0.000000 0.000001 0.000001 0.000001 0.000002 0.000003 0.000004 0.000005 0.000008 0.000011 0.000014 0.000019 0.000025 0.000033 0.000042 0.000052 0.000065 0.000079 0.000094 0.000111 0.000129 0.000148 0.000166 0.000184 0.000201 0.000215 0.000228 0.000237 0.000242 0.000244 0.000242 0.000237 0.000228 0.000215 0.000201 0.000184 0.000166 0.000148 0.000129 0.000111 0.000094 0.000079 0.000065 0.000052 0.000042 0.000033 0.000025 0.000019 0.000014 0.000011 0.000008 0.000005 0.000004 0.000003 0.000002 0.000001 0.000001 0.000001 0.000000 0.000000 0.000000 0.000000 0.000000 0.000000 0.000000 0.000000 0.000000 0.000000 0.000000 0.000000 0.000000 0.000000 0.000000 0.000000 0.000000 0.000000 0.000000 0.000000 0.000000 
0.000000 0.000000 0.000000 0.000000 0.000000 0.000000 0.000000 0.000000 0.000000 0.000000 0.000000 0.000000 0.000000 0.000000 0.000000 0.000000 0.000000 0.000000 0.000000 0.000000 0.000000 0.000001 0.000001 0.000002 0.000002 0.000003 0.000005 0.000007 0.000010 0.000014 0.000020 0.000027 0.000036 0.000047 0.000061 0.000078 0.000098 0.000121 0.000148 0.000177 0.000208 0.000242 0.000277 0.000311 0.000345 0.000376 0.000403 0.000426 0.000443 0.000454 0.000457 0.000454 0.000443 0.000426 0.000403 0.000376 0.000345 0.000311 0.000277 0.000242 0.000208 0.000177 0.000148 0.000121 0.000098 0.000078 0.000061 0.000047 0.000036 0.000027 0.000020 0.000014 0.000010 0.000007 0.000005 0.000003 0.000002 0.000002 0.000001 0.000001 0.000000 0.000000 0.000000 0.000000 0.000000 0.000000 0.000000 0.000000 0.000000 0.000000 0.000000 0.000000 0.000000 0.000000 0.000000 0.000000 0.000000 0.000000 0.000000 0.000000 
0.000000 0.000000 0.000000 0.000000 0.000000 0.000000 0.000000 0.000000 0.000000 0.000000 0.000000 0.000000 0.000000 0.000000 0.000000 0.000000 0.000000 0.000000 0.000000 0.000000 0.000001 0.000001 0.000002 0.000003 0.000004 0.000006 0.000009 0.000013 0.000019 0.000027 0.000037 0.000050 0.000067 0.000088 0.000114 0.000145 0.000182 0.000224 0.000273 0.000327 0.000385 0.000447 0.000511 0.000575 0.000636 0.000694 0.000744 0.000786 0.000818 0.000837 0.000844 0.000837 0.000818 0.000786 0.000744 0.000694 0.000636 0.000575 0.000511 0.000447 0.000385 0.000327 0.000273 0.000224 0.000182 0.000145 0.000114 0.000088 0.000067 0.000050 0.000037 0.000027 0.000019 0.000013 0.000009 0.000006 0.000004 0.000003 0.000002 0.000001 0.000001 0.000000 0.000000 0.000000 0.000000 0.000000 0.000000 0.000000 0.000000 0.000000 0.000000 0.000000 0.000000 0.000000 0.000000 0.000000 0.000000 0.000000 0.000000 0.000000 
0.000000 0.000000 0.000000 0.000000 0.000000 0.000000 0.000000 0.000000 0.000000 0.000000 0.000000 0.000000 0.000000 0.000000 0.000000 0.000000 0.000000 0.000000 0.000001 0.000001 0.000001 0.000002 0.000003 0.000005 0.000008 0.000012 0.000017 0.000025 0.000035 0.000049 0.000067 0.000091 0.000122 0.000160 0.000207 0.000264 0.000331 0.000409 0.000497 0.000595 0.000702 0.000814 0.000930 0.001046 0.001158 0.001263 0.001355 0.001431 0.001488 0.001524 0.001536 0.001524 0.001488 0.001431 0.001355 0.001263 0.001158 0.001046 0.000930 0.000814 0.000702 0.000595 0.000497 0.000409 0.000331 0.000264 0.000207 0.000160 0.000122 0.000091 0.000067 0.000049 0.000035 0.000025 0.000017 0.000012 0.000008 0.000005 0.000003 0.000002 0.000001 0.000001 0.000001 0.000000 0.000000 0.000000 0.000000 0.000000 0.000000 0.000000 0.000000 0.000000 0.000000 0.000000 0.000000 0.000000 0.000000 0.000000 0.000000 0.000000 
0.000000 0.000000 0.000000 0.000000 0.000000 0.000000 0.000000 0.000000 0.000000 0.000000 0.000000 0.000000 0.000000 0.000000 0.000000 0.000000 0.000000 0.000001 0.000001 0.000002 0.000003 0.000004 0.000006 0.000009 0.000014 0.000021 0.000031 0.000045 0.000063 0.000088 0.000122 0.000165 0.000220 0.000289 0.000373 0.000475 0.000596 0.000736 0.000894 0.001070 0.001261 0.001462 0.001670 0.001878 0.002079 0.002266 0.002431 0.002568 0.002670 0.002734 0.002755 0.002734 0.002670 0.002568 0.002431 0.002266 0.002079 0.001878 0.001670 0.001462 0.001261 0.001070 0.000894 0.000736 0.000596 0.000475 0.000373 0.000289 0.000220 0.000165 0.000122 0.000088 0.000063 0.000045 0.000031 0.000021 0.000014 0.000009 0.000006 0.000004 0.000003 0.000002 0.000001 0.000001 0.000000 0.000000 0.000000 0.000000 0.000000 0.000000 0.000000 0.000000 0.000000 0.000000 0.000000 0.000000 0.000000 0.000000 0.000000 0.000000 
0.000000 0.000000 0.000000 0.000000 0.000000 0.000000 0.000000 0.000000 0.000000 0.000000 0.000000 0.000000 0.000000 0.000000 0.000000 0.000000 0.000001 0.000001 0.000002 0.000003 0.000005 0.000007 0.000011 0.000017 0.000025 0.000038 0.000055 0.000080 0.000113 0.000157 0.000216 0.000293 0.000390 0.000512 0.000662 0.000843 0.001056 0.001304 0.001584 0.001895 0.002232 0.002589 0.002956 0.003323 0.003678 0.004008 0.004300 0.004542 0.004723 0.004835 0.004873 0.004835 0.004723 0.004542 0.004300 0.004008 0.003678 0.003323 0.002956 0.002589 0.002232 0.001895 0.001584 0.001304 0.001056 0.000843 0.000662 0.000512 0.000390 0.000293 0.000216 0.000157 0.000113 0.000080 0.000055 0.000038 0.000025 0.000017 0.000011 0.000007 0.000005 0.000003 0.000002 0.000001 0.000001 0.000000 0.000000 0.000000 0.000000 0.000000 0.000000 0.000000 0.000000 0.000000 0.000000 0.000000 0.000000 0.000000 0.000000 0.000000 
0.000000 0.000000 0.000000 0.000000 0.000000 0.000000 0.000000 0.000000 0.000000 0.000000 0.000000 0.000000 0.000000 0.000000 0.000000 0.000001 0.000001 0.000002 0.000003 0.000005 0.000008 0.000013 0.000019 0.000030 0.000045 0.000066 0.000097 0.000140 0.000198 0.000276 0.000379 0.000513 0.000683 0.000896 0.001158 0.001474 0.001847 0.002278 0.002767 0.003309 0.003897 0.004519 0.005159 0.005798 0.006417 0.006991 0.007499 0.007920 0.008235 0.008430 0.008496 0.008430 0.008235 0.007920 0.007499 0.006991 0.006417 0.005798 0.005159 0.004519 0.003897 0.003309 0.002767 0.002278 0.001847 0.001474 0.001158 0.000896 0.000683 0.000513 0.000379 0.000276 0.000198 0.000140 0.000097 0.000066 0.000045 0.000030 0.000019 0.000013 0.000008 0.000005 0.000003 0.000002 0.000001 0.000001 0.000000 0.000000 0.000000 0.000000 0.000000 0.000000 0.000000 0.000000 0.000000 0.000000 0.000000 0.000000 0.000000 0.000000 
0.000000 0.000000 0.000000 0.000000 0.000000 0.000000 0.000000 0.000000 0.000000 0.000000 0.000000 0.000000 0.000000 0.000000 0.000001 0.000001 0.000002 0.000003 0.000005 0.000009 0.000014 0.000022 0.000034 0.000052 0.000078 0.000115 0.000168 0.000241 0.000342 0.000477 0.000655 0.000885 0.001179 0.001546 0.001997 0.002540 0.003182 0.003924 0.004765 0.005697 0.006707 0.007775 0.008874 0.009972 0.011034 0.012020 0.012893 0.013615 0.014155 0.014490 0.014603 0.014490 0.014155 0.013615 0.012893 0.012020 0.011034 0.009972 0.008874 0.007775 0.006707 0.005697 0.004765 0.003924 0.003182 0.002540 0.001997 0.001546 0.001179 0.000885 0.000655 0.000477 0.000342 0.000241 0.000168 0.000115 0.000078 0.000052 0.000034 0.000022 0.000014 0.000009 0.000005 0.000003 0.000002 0.000001 0.000001 0.000000 0.000000 0.000000 0.000000 0.000000 0.000000 0.000000 0.000000 0.000000 0.000000 0.000000 0.000000 0.000000 
0.000000 0.000000 0.000000 0.000000 0.000000 0.000000 0.000000 0.000000 0.000000 0.000000 0.000000 0.000000 0.000000 0.000001 0.000001 0.000002 0.000003 0.000006 0.000009 0.000015 0.000024 0.000037 0.000058 0.000088 0.000133 0.000196 0.000287 0.000412 0.000583 0.000812 0.001114 0.001506 0.002006 0.002629 0.003395 0.004316 0.005403 0.006662 0.008087 0.009667 0.011378 0.013187 0.015048 0.016907 0.018704 0.020373 0.021850 0.023071 0.023986 0.024552 0.024743 0.024552 0.023986 0.023071 0.021850 0.020373 0.018704 0.016907 0.015048 0.013187 0.011378 0.009667 0.008087 0.006662 0.005403 0.004316 0.003395 0.002629 0.002006 0.001506 0.001114 0.000812 0.000583 0.000412 0.000287 0.000196 0.000133 0.000088 0.000058 0.000037 0.000024 0.000015 0.000009 0.000006 0.000003 0.000002 0.000001 0.000001 0.000000 0.000000 0.000000 0.000000 0.000000 0.000000 0.000000 0.000000 0.000000 0.000000 0.000000 0.000000 
0.000000 0.000000 0.000000 0.000000 0.000000 0.000000 0.000000 0.000000 0.000000 0.000000 0.000000 0.000000 0.000001 0.000001 0.000002 0.000003 0.000006 0.000009 0.000016 0.000025 0.000040 0.000063 0.000097 0.000149 0.000223 0.000331 0.000482 0.000692 0.000979 0.001363 0.001870 0.002527 0.003362 0.004406 0.005687 0.007228 0.009046 0.011148 0.013530 0.016169 0.019026 0.022045 0.025152 0.028255 0.031253 0.034038 0.036500 0.038538 0.040063 0.041007 0.041327 0.041007 0.040063 0.038538 0.036500 0.034038 0.031253 0.028255 0.025152 0.022045 0.019026 0.016169 0.013530 0.011148 0.009046 0.007228 0.005687 0.004406 0.003362 0.002527 0.001870 0.001363 0.000979 0.000692 0.000482 0.000331 0.000223 0.000149 0.000097 0.000063 0.000040 0.000025 0.000016 0.000009 0.000006 0.000003 0.000002 0.000001 0.000001 0.000000 0.000000 0.000000 0.000000 0.000000 0.000000 0.000000 0.000000 0.000000 0.000000 0.000000 
0.000000 0.000000 0.000000 0.000000 0.000000 0.000000 0.000000 0.000000 0.000000 0.000000 0.000000 0.000001 0.000001 0.000002 0.000003 0.000006 0.000009 0.000016 0.000026 0.000042 0.000067 0.000105 0.000162 0.000247 0.000371 0.000548 0.000798 0.001146 0.001620 0.002255 0.003093 0.004177 0.005556 0.007278 0.009390 0.011929 0.014925 0.018389 0.022311 0.026656 0.031359 0.036328 0.041438 0.046543 0.051474 0.056054 0.060103 0.063453 0.065961 0.067513 0.068038 0.067513 0.065961 0.063453 0.060103 0.056054 0.051474 0.046543 0.041438 0.036328 0.031359 0.026656 0.022311 0.018389 0.014925 0.011929 0.009390 0.007278 0.005556 0.004177 0.003093 0.002255 0.001620 0.001146 0.000798 0.000548 0.000371 0.000247 0.000162 0.000105 0.000067 0.000042 0.000026 0.000016 0.000009 0.000006 0.000003 0.000002 0.000001 0.000001 0.000000 0.000000 0.000000 0.000000 0.000000 0.000000 0.000000 0.000000 0.000000 0.000000 
0.000000 0.000000 0.000000 0.000000 0.000000 0.000000 0.000000 0.000000 0.000000 0.000000 0.000001 0.000001 0.000002 0.000003 0.000005 0.000009 0.000016 0.000026 0.000042 0.000069 0.000109 0.000171 0.000265 0.000404 0.000606 0.000895 0.001304 0.001870 0.002643 0.003678 0.005041 0.006805 0.009048 0.011848 0.015280 0.019406 0.024272 0.029896 0.036262 0.043313 0.050944 0.059003 0.067291 0.075568 0.083562 0.090985 0.097547 0.102978 0.107041 0.109556 0.110407 0.109556 0.107041 0.102978 0.097547 0.090985 0.083562 0.075568 0.067291 0.059003 0.050944 0.043313 0.036262 0.029896 0.024272 0.019406 0.015280 0.011848 0.009048 0.006805 0.005041 0.003678 0.002643 0.001870 0.001304 0.000895 0.000606 0.000404 0.000265 0.000171 0.000109 0.000069 0.000042 0.000026 0.000016 0.000009 0.000005 0.000003 0.000002 0.000001 0.000001 0.000000 0.000000 0.000000 0.000000 0.000000 0.000000 0.000000 0.000000 0.000000 
0.000000 0.000000 0.000000 0.000000 0.000000 0.000000 0.000000 0.000000 0.000000 0.000000 0.000001 0.000002 0.000003 0.000005 0.000009 0.000015 0.000025 0.000042 0.000069 0.000111 0.000176 0.000277 0.000427 0.000651 0.000976 0.001442 0.002098 0.003008 0.004248 0.005910 0.008097 0.010926 0.014522 0.019009 0.024506 0.031113 0.038903 0.047903 0.058088 0.069364 0.081566 0.094451 0.107699 0.120926 0.133701 0.145561 0.156044 0.164719 0.171209 0.175226 0.176585 0.175226 0.171209 0.164719 0.156044 0.145561 0.133701 0.120926 0.107699 0.094451 0.081566 0.069364 0.058088 0.047903 0.038903 0.031113 0.024506 0.019009 0.014522 0.010926 0.008097 0.005910 0.004248 0.003008 0.002098 0.001442 0.000976 0.000651 0.000427 0.000277 0.000176 0.000111 0.000069 0.000042 0.000025 0.000015 0.000009 0.000005 0.000003 0.000002 0.000001 0.000000 0.000000 0.000000 0.000000 0.000000 0.000000 0.000000 0.000000 0.000000 
0.000000 0.000000 0.000000 0.000000 0.000000 0.000000 0.000000 0.000000 0.000000 0.000001 0.000001 0.000003 0.000005 0.000008 0.000014 0.000024 0.000040 0.000067 0.000109 0.000176 0.000281 0.000440 0.000679 0.001033 0.001549 0.002287 0.003328 0.004768 0.006731 0.009358 0.012816 0.017288 0.022968 0.030055 0.038733 0.049160 0.061450 0.075645 0.091704 0.109480 0.128711 0.149013 0.169884 0.190720 0.210839 0.229515 0.246022 0.259679 0.269897 0.276220 0.278361 0.276220 0.269897 0.259679 0.246022 0.229515 0.210839 0.190720 0.169884 0.149013 0.128711 0.109480 0.091704 0.075645 0.061450 0.049160 0.038733 0.030055 0.022968 0.017288 0.012816 0.009358 0.006731 0.004768 0.003328 0.002287 0.001549 0.001033 0.000679 0.000440 0.000281 0.000176 0.000109 0.000067 0.000040 0.000024 0.000014 0.000008 0.000005 0.000003 0.000001 0.000001 0.000000 0.000000 0.000000 0.000000 0.000000 0.000000 0.000000 0.000000 
0.000000 0.000000 0.000000 0.000000 0.000000 0.000000 0.000000 0.000000 0.000001 0.000001 0.000002 0.000004 0.000007 0.000013 0.000022 0.000037 0.000063 0.000105 0.000171 0.000277 0.000440 0.000689 0.001063 0.001617 0.002423 0.003576 0.005200 0.007447 0.010508 0.014603 0.019991 0.026956 0.035799 0.046828 0.060329 0.076548 0.095655 0.117721 0.142676 0.170294 0.200165 0.231693 0.264099 0.296446 0.327675 0.356660 0.382278 0.403470 0.419325 0.429136 0.432457 0.429136 0.419325 0.403470 0.382278 0.356660 0.327675 0.296446 0.264099 0.231693 0.200165 0.170294 0.142676 0.117721 0.095655 0.076548 0.060329 0.046828 0.035799 0.026956 0.019991 0.014603 0.010508 0.007447 0.005200 0.003576 0.002423 0.001617 0.001063 0.000689 0.000440 0.000277 0.000171 0.000105 0.000063 0.000037 0.000022 0.000013 0.000007 0.000004 0.000002 0.000001 0.000001 0.000000 0.000000 0.000000 0.000000 0.000000 0.000000 0.000000 
0.000000 0.000000 0.000000 0.000000 0.000000 0.000000 0.000000 0.000001 0.000001 0.000002 0.000003 0.000006 0.000011 0.000019 0.000034 0.000058 0.000097 0.000162 0.000265 0.000427 0.000679 0.001063 0.001641 0.002493 0.003734 0.005508 0.008005 0.011461 0.016164 0.022455 0.030727 0.041416 0.054985 0.071899 0.092599 0.117458 0.146736 0.180537 0.218756 0.261043 0.306770 0.355023 0.404612 0.454102 0.501875 0.546212 0.585393 0.617804 0.642049 0.657052 0.662131 0.657052 0.642049 0.617804 0.585393 0.546212 0.501875 0.454102 0.404612 0.355023 0.306770 0.261043 0.218756 0.180537 0.146736 0.117458 0.092599 0.071899 0.054985 0.041416 0.030727 0.022455 0.016164 0.011461 0.008005 0.005508 0.003734 0.002493 0.001641 0.001063 0.000679 0.000427 0.000265 0.000162 0.000097 0.000058 0.000034 0.000019 0.000011 0.000006 0.000003 0.000002 0.000001 0.000001 0.000000 0.000000 0.000000 0.000000 0.000000 0.000000 
0.000000 0.000000 0.000000 0.000000 0.000000 0.000000 0.000000 0.000001 0.000002 0.000003 0.000005 0.000009 0.000017 0.000030 0.000052 0.000088 0.000149 0.000247 0.000404 0.000651 0.001033 0.001617 0.002493 0.003788 0.005670 0.008360 0.012144 0.017379 0.024499 0.034021 0.046537 0.062704 0.083217 0.108781 0.140056 0.177603 0.221814 0.272840 0.330522 0.394328 0.463311 0.536093 0.610876 0.685498 0.757522 0.824358 0.883416 0.932265 0.968807 0.991417 0.999071 0.991417 0.968807 0.932265 0.883416 0.824358 0.757522 0.685498 0.610876 0.536093 0.463311 0.394328 0.330522 0.272840 0.221814 0.177603 0.140056 0.108781 0.083217 0.062704 0.046537 0.034021 0.024499 0.017379 0.012144 0.008360 0.005670 0.003788 0.002493 0.001617 0.001033 0.000651 0.000404 0.000247 0.000149 0.000088 0.000052 0.000030 0.000017 0.000009 0.000005 0.000003 0.000002 0.000001 0.000000 0.000000 0.000000 0.000000 0.000000 0.000000 
0.000000 0.000000 0.000000 0.000000 0.000000 0.000000 0.000001 0.000001 0.000002 0.000004 0.000008 0.000014 0.000025 0.000045 0.000078 0.000133 0.000223 0.000371 0.000606 0.000976 0.001549 0.002423 0.003734 0.005670 0.008482 0.012501 0.018152 0.025965 0.036588 0.050789 0.069448 0.093541 0.124101 0.162173 0.208737 0.264622 0.330407 0.406315 0.492104 0.586980 0.689535 0.797716 0.908855 1.019738 1.126747 1.226038 1.313765 1.386323 1.440596 1.474177 1.485544 1.474177 1.440596 1.386323 1.313765 1.226038 1.126747 1.019738 0.908855 0.797716 0.689535 0.586980 0.492104 0.406315 0.330407 0.264622 0.208737 0.162173 0.124101 0.093541 0.069448 0.050789 0.036588 0.025965 0.018152 0.012501 0.008482 0.005670 0.003734 0.002423 0.001549 0.000976 0.000606 0.000371 0.000223 0.000133 0.000078 0.000045 0.000025 0.000014 0.000008 0.000004 0.000002 0.000001 0.000001 0.000000 0.000000 0.000000 0.000000 0.000000 
0.000000 0.000000 0.000000 0.000000 0.000000 0.000000 0.000001 0.000002 0.000003 0.000006 0.000012 0.000021 0.000038 0.000066 0.000115 0.000196 0.000331 0.000548 0.000895 0.001442 0.002287 0.003576 0.005508 0.008360 0.012501 0.018417 0.026730 0.038220 0.053837 0.074705 0.102114 0.137492 0.182353 0.238224 0.306535 0.388499 0.484959 0.596233 0.721963 0.860983 1.011225 1.169683 1.332446 1.494814 1.651489 1.796848 1.925266 2.031473 2.110911 2.160061 2.176697 2.160061 2.110911 2.031473 1.925266 1.796848 1.651489 1.494814 1.332446 1.169683 1.011225 0.860983 0.721963 0.596233 0.484959 0.388499 0.306535 0.238224 0.182353 0.137492 0.102114 0.074705 0.053837 0.038220 0.026730 0.018417 0.012501 0.008360 0.005508 0.003576 0.002287 0.001442 0.000895 0.000548 0.000331 0.000196 0.000115 0.000066 0.000038 0.000021 0.000012 0.000006 0.000003 0.000002 0.000001 0.000000 0.000000 0.000000 0.000000 0.000000 
0.000000 0.000000 0.000000 0.000000 0.000000 0.000001 0.000001 0.000003 0.000005 0.000009 0.000017 0.000031 0.000055 0.000097 0.000168 0.000287 0.000482 0.000798 0.001304 0.002098 0.003328 0.005200 0.008005 0.012144 0.018152 0.026730 0.038781 0.055429 0.078048 0.108262 0.147932 0.199119 0.264007 0.344794 0.443542 0.561994 0.701360 0.862093 1.043667 1.244395 1.461285 1.689997 1.924888 2.159176 2.385224 2.594924 2.780169 2.933364 3.047941 3.118829 3.142824 3.118829 3.047941 2.933364 2.780169 2.594924 2.385224 2.159176 1.924888 1.689997 1.461285 1.244395 1.043667 0.862093 0.701360 0.561994 0.443542 0.344794 0.264007 0.199119 0.147932 0.108262 0.078048 0.055429 0.038781 0.026730 0.018152 0.012144 0.008005 0.005200 0.003328 0.002098 0.001304 0.000798 0.000482 0.000287 0.000168 0.000097 0.000055 0.000031 0.000017 0.000009 0.000005 0.000003 0.000001 0.000001 0.000000 0.000000 0.000000 0.000000 
0.000000 0.000000 0.000000 0.000000 0.000001 0.000001 0.000002 0.000004 0.000007 0.000013 0.000025 0.000045 0.000080 0.000140 0.000241 0.000412 0.000692 0.001146 0.001870 0.003008 0.004768 0.007447 0.011461 0.017379 0.025965 0.038220 0.055429 0.079195 0.111473 0.154572 0.211143 0.284113 0.376587 0.491686 0.632336 0.801008 0.999413 1.228185 1.486567 1.772148 2.080671 2.405958 2.739983 3.073110 3.394483 3.692586 3.955903 4.173647 4.336495 4.437244 4.471346 4.437244 4.336495 4.173647 3.955903 3.692586 3.394483 3.073110 2.739983 2.405958 2.080671 1.772148 1.486567 1.228185 0.999413 0.801008 0.632336 0.491686 0.376587 0.284113 0.211143 0.154572 0.111473 0.079195 0.055429 0.038220 0.025965 0.017379 0.011461 0.007447 0.004768 0.003008 0.001870 0.001146 0.000692 0.000412 0.000241 0.000140 0.000080 0.000045 0.000025 0.000013 0.000007 0.000004 0.000002 0.000001 0.000001 0.000000 0.000000 0.000000 
0.000000 0.000000 0.000000 0.000000 0.000001 0.000001 0.000003 0.000005 0.000010 0.000019 0.000035 0.000063 0.000113 0.000198 0.000342 0.000583 0.000979 0.001620 0.002643 0.004248 0.006731 0.010508 0.016164 0.024499 0.036588 0.053837 0.078048 0.111473 0.156851 0.217424 0.296904 0.399393 0.529238 0.690808 0.888193 1.124846 1.403150 1.723980 2.086265 2.486612 2.919046 3.374906 3.842949 4.309674 4.759884 5.177456 5.546272 5.851238 6.079307 6.220402 6.268160 6.220402 6.079307 5.851238 5.546272 5.177456 4.759884 4.309674 3.842949 3.374906 2.919046 2.486612 2.086265 1.723980 1.403150 1.124846 0.888193 0.690808 0.529238 0.399393 0.296904 0.217424 0.156851 0.111473 0.078048 0.053837 0.036588 0.024499 0.016164 0.010508 0.006731 0.004248 0.002643 0.001620 0.000979 0.000583 0.000342 0.000198 0.000113 0.000063 0.000035 0.000019 0.000010 0.000005 0.000003 0.000001 0.000001 0.000000 0.000000 0.000000 
0.000000 0.000000 0.000000 0.000001 0.000001 0.000002 0.000004 0.000008 0.000014 0.000027 0.000049 0.000088 0.000157 0.000276 0.000477 0.000812 0.001363 0.002255 0.003678 0.005910 0.009358 0.014603 0.022455 0.034021 0.050789 0.074705 0.108262 0.154572 0.217424 0.301294 0.411309 0.553132 0.732760 0.956215 1.229138 1.556278 1.940910 2.384225 2.884725 3.437710 4.034919 4.664389 5.310594 5.954903 6.576350 7.152694 7.661706 8.082572 8.397303 8.592006 8.657907 8.592006 8.397303 8.082572 7.661706 7.152694 6.576350 5.954903 5.310594 4.664389 4.034919 3.437710 2.884725 2.384225 1.940910 1.556278 1.229138 0.956215 0.732760 0.553132 0.411309 0.301294 0.217424 0.154572 0.108262 0.074705 0.050789 0.034021 0.022455 0.014603 0.009358 0.005910 0.003678 0.002255 0.001363 0.000812 0.000477 0.000276 0.000157 0.000088 0.000049 0.000027 0.000014 0.000008 0.000004 0.000002 0.000001 0.000000 0.000000 0.000000 
0.000000 0.000000 0.000000 0.000001 0.000001 0.000003 0.000006 0.000011 0.000020 0.000037 0.000067 0.000122 0.000216 0.000379 0.000655 0.001114 0.001870 0.003093 0.005041 0.008097 0.012816 0.019991 0.030727 0.046537 0.069448 0.102114 0.147932 0.211143 0.296904 0.411309 0.561334 0.754681 0.999502 1.303981 1.675775 2.121326 2.645071 3.248604 3.929863 4.682437 5.495071 6.351481 7.230550 8.106941 8.952150 9.735950 10.428133 11.000419 11.428365 11.693101 11.782704 11.693101 11.428365 11.000419 10.428133 9.735950 8.952150 8.106941 7.230550 6.351481 5.495071 4.682437 3.929863 3.248604 2.645071 2.121326 1.675775 1.303981 0.999502 0.754681 0.561334 0.411309 0.296904 0.211143 0.147932 0.102114 0.069448 0.046537 0.030727 0.019991 0.012816 0.008097 0.005041 0.003093 0.001870 0.001114 0.000655 0.000379 0.000216 0.000122 0.000067 0.000037 0.000020 0.000011 0.000006 0.000003 0.000001 0.000001 0.000000 0.000000 
0.000000 0.000000 0.000000 0.000001 0.000002 0.000004 0.000008 0.000014 0.000027 0.000050 0.000091 0.000165 0.000293 0.000513 0.000885 0.001506 0.002527 0.004177 0.006805 0.010926 0.017288 0.026956 0.041416 0.062704 0.093541 0.137492 0.199119 0.284113 0.399393 0.553132 0.754681 1.014362 1.343093 1.751830 2.250820 2.848673 3.551306 4.360828 5.274447 6.283542 7.373008 8.521010 9.699242 10.873759 12.006381 13.056628 13.984050 14.750787 15.324118 15.678781 15.798820 15.678781 15.324118 14.750787 13.984050 13.056628 12.006381 10.873759 9.699242 8.521010 7.373008 6.283542 5.274447 4.360828 3.551306 2.848673 2.250820 1.751830 1.343093 1.014362 0.754681 0.553132 0.399393 0.284113 0.199119 0.137492 0.093541 0.062704 0.041416 0.026956 0.017288 0.010926 0.006805 0.004177 0.002527 0.001506 0.000885 0.000513 0.000293 0.000165 0.000091 0.000050 0.000027 0.000014 0.000008 0.000004 0.000002 0.000001 0.000000 0.000000 
0.000000 0.000000 0.000001 0.000001 0.000003 0.000005 0.000010 0.000019 0.000036 0.000067 0.000122 0.000220 0.000390 0.000683 0.001179 0.002006 0.003362 0.005556 0.009048 0.014522 0.022968 0.035799 0.054985 0.083217 0.124101 0.182353 0.264007 0.376587 0.529238 0.732760 0.999502 1.343093 1.777941 2.318500 2.978275 3.768609 4.697283 5.767040 6.974160 8.307223 9.746259 11.262421 12.818330 14.369174 15.864567 17.251093 18.475391 19.487514 20.244305 20.712444 20.870889 20.712444 20.244305 19.487514 18.475391 17.251093 15.864567 14.369174 12.818330 11.262421 9.746259 8.307223 6.974160 5.767040 4.697283 3.768609 2.978275 2.318500 1.777941 1.343093 0.999502 0.732760 0.529238 0.376587 0.264007 0.182353 0.124101 0.083217 0.054985 0.035799 0.022968 0.014522 0.009048 0.005556 0.003362 0.002006 0.001179 0.000683 0.000390 0.000220 0.000122 0.000067 0.000036 0.000019 0.000010 0.000005 0.000003 0.000001 0.000001 0.000000 
0.000000 0.000000 0.000001 0.000002 0.000003 0.000007 0.000013 0.000025 0.000047 0.000088 0.000160 0.000289 0.000512 0.000896 0.001546 0.002629 0.004406 0.007278 0.011848 0.019009 0.030055 0.046828 0.071899 0.108781 0.162173 0.238224 0.344794 0.491686 0.690808 0.956215 1.303981 1.751830 2.318500 3.022772 3.882193 4.911482 6.120718 7.513428 9.084722 10.819705 12.692364 14.665151 16.689437 18.706938 20.652138 22.455596 24.047945 25.364273 26.348489 26.957296 27.163348 26.957296 26.348489 25.364273 24.047945 22.455596 20.652138 18.706938 16.689437 14.665151 12.692364 10.819705 9.084722 7.513428 6.120718 4.911482 3.882193 3.022772 2.318500 1.751830 1.303981 0.956215 0.690808 0.491686 0.344794 0.238224 0.162173 0.108781 0.071899 0.046828 0.030055 0.019009 0.011848 0.007278 0.004406 0.002629 0.001546 0.000896 0.000512 0.000289 0.000160 0.000088 0.000047 0.000025 0.000013 0.000007 0.000003 0.000002 0.000001 0.000000 
0.000000 0.000000 0.000001 0.000002 0.000005 0.000009 0.000017 0.000033 0.000061 0.000114 0.000207 0.000373 0.000662 0.001158 0.001997 0.003395 0.005687 0.009390 0.015280 0.024506 0.038733 0.060329 0.092599 0.140056 0.208737 0.306535 0.443542 0.632336 0.888193 1.229138 1.675775 2.250820 2.978275 3.882193 4.985029 6.305604 7.856788 9.643045 11.658053 13.882671 16.283518 18.812448 21.407128 23.992877 26.485762 28.796837 30.837269 32.523929 33.785000 34.565043 34.829047 34.565043 33.785000 32.523929 30.837269 28.796837 26.485762 23.992877 21.407128 18.812448 16.283518 13.882671 11.658053 9.643045 7.856788 6.305604 4.985029 3.882193 2.978275 2.250820 1.675775 1.229138 0.888193 0.632336 0.443542 0.306535 0.208737 0.140056 0.092599 0.060329 0.038733 0.024506 0.015280 0.009390 0.005687 0.003395 0.001997 0.001158 0.000662 0.000373 0.000207 0.000114 0.000061 0.000033 0.000017 0.000009 0.000004 0.000002 0.000001 0.000000 
0.000000 0.000001 0.000001 0.000003 0.000006 0.000011 0.000022 0.000042 0.000078 0.000145 0.000264 0.000475 0.000843 0.001474 0.002540 0.004316 0.007228 0.011929 0.019406 0.031113 0.049160 0.076548 0.117458 0.177603 0.264622 0.388499 0.561994 0.801008 1.124846 1.556278 2.121326 2.848673 3.768609 4.911482 6.305604 7.974692 9.934937 12.191907 14.737556 17.547655 20.580007 23.773791 27.050296 30.315244 33.462698 36.380418 38.956313 41.085508 42.677398 43.662050 43.995300 43.662050 42.677398 41.085508 38.956313 36.380418 33.462698 30.315244 27.050296 23.773791 20.580007 17.547655 14.737556 12.191907 9.934937 7.974692 6.305604 4.911482 3.768609 2.848673 2.121326 1.556278 1.124846 0.801008 0.561994 0.388499 0.264622 0.177603 0.117458 0.076548 0.049160 0.031113 0.019406 0.011929 0.007228 0.004316 0.002540 0.001474 0.000843 0.000475 0.000264 0.000145 0.000078 0.000042 0.000022 0.000011 0.000006 0.000003 0.000001 0.000000 
0.000000 0.000001 0.000002 0.000004 0.000007 0.000014 0.000027 0.000052 0.000098 0.000182 0.000331 0.000596 0.001056 0.001847 0.003182 0.005403 0.009046 0.014925 0.024272 0.038903 0.061450 0.095655 0.146736 0.221814 0.330407 0.484959 0.701360 0.999413 1.403150 1.940910 2.645071 3.551306 4.697283 6.120718 7.856788 9.934937 12.375233 15.184529 18.352737 21.849650 25.622723 29.596262 33.672352 37.733739 41.648697 45.277682 48.481354 51.129353 53.109067 54.333580 54.748006 54.333580 53.109067 51.129353 48.481354 45.277682 41.648697 37.733739 33.672352 29.596262 25.622723 21.849650 18.352737 15.184529 12.375233 9.934937 7.856788 6.120718 4.697283 3.551306 2.645071 1.940910 1.403150 0.999413 0.701360 0.484959 0.330407 0.221814 0.146736 0.095655 0.061450 0.038903 0.024272 0.014925 0.009046 0.005403 0.003182 0.001847 0.001056 0.000596 0.000331 0.000182 0.000098 0.000052 0.000027 0.000014 0.000007 0.000003 0.000001 0.000000 
0.000000 0.000001 0.000002 0.000004 0.000009 0.000018 0.000034 0.000065 0.000121 0.000224 0.000409 0.000736 0.001304 0.002278 0.003924 0.006662 0.011148 0.018389 0.029896 0.047903 0.075645 0.117721 0.180537 0.272840 0.406315 0.596233 0.862093 1.228185 1.723980 2.384225 3.248604 4.360828 5.767040 7.513428 9.643045 12.191907 15.184529 18.629219 22.513531 26.800363 31.425264 36.295436 41.290880 46.267934 51.065233 55.511857 59.437159 62.681500 65.106988 66.607198 67.114927 66.607198 65.106988 62.681500 59.437159 55.511857 51.065233 46.267934 41.290880 36.295436 31.425264 26.800363 22.513531 18.629219 15.184529 12.191907 9.643045 7.513428 5.767040 4.360828 3.248604 2.384225 1.723980 1.228185 0.862093 0.596233 0.406315 0.272840 0.180537 0.117721 0.075645 0.047903 0.029896 0.018389 0.011148 0.006662 0.003924 0.002278 0.001304 0.000736 0.000409 0.000224 0.000121 0.000065 0.000034 0.000018 0.000009 0.000004 0.000002 0.000000 
0.000000 0.000001 0.000003 0.000005 0.000011 0.000021 0.000041 0.000079 0.000148 0.000273 0.000497 0.000894 0.001584 0.002767 0.004765 0.008087 0.013530 0.022311 0.036262 0.058088 0.091704 0.142676 0.218756 0.330522 0.492104 0.721963 1.043667 1.486567 2.086265 2.884725 3.929863 5.274447 6.974160 9.084722 11.658053 14.737556 18.352737 22.513531 27.204810 32.381699 37.966318 43.846597 49.877661 55.886107 61.677197 67.044691 71.782694 75.698613 78.626101 80.436776 81.049572 80.436776 78.626101 75.698613 71.782694 67.044691 61.677197 55.886107 49.877661 43.846597 37.966318 32.381699 27.204810 22.513531 18.352737 14.737556 11.658053 9.084722 6.974160 5.274447 3.929863 2.884725 2.086265 1.486567 1.043667 0.721963 0.492104 0.330522 0.218756 0.142676 0.091704 0.058088 0.036262 0.022311 0.013530 0.008087 0.004765 0.002767 0.001584 0.000894 0.000497 0.000273 0.000148 0.000079 0.000041 0.000021 0.000011 0.000005 0.000002 0.000000 
0.000000 0.000001 0.000003 0.000007 0.000013 0.000026 0.000050 0.000094 0.000177 0.000327 0.000595 0.001070 0.001895 0.003309 0.005697 0.009667 0.016169 0.026656 0.043313 0.069364 0.109480 0.170294 0.261043 0.394328 0.586980 0.860983 1.244395 1.772148 2.486612 3.437710 4.682437 6.283542 8.307223 10.819705 13.882671 17.547655 21.849650 26.800363 32.381699 38.540190 45.183142 52.177227 59.350147 66.495711 73.382400 79.765048 85.398926 90.055131 93.535962 95.688850 96.417458 95.688850 93.535962 90.055131 85.398926 79.765048 73.382400 66.495711 59.350147 52.177227 45.183142 38.540190 32.381699 26.800363 21.849650 17.547655 13.882671 10.819705 8.307223 6.283542 4.682437 3.437710 2.486612 1.772148 1.244395 0.860983 0.586980 0.394328 0.261043 0.170294 0.109480 0.069364 0.043313 0.026656 0.016169 0.009667 0.005697 0.003309 0.001895 0.001070 0.000595 0.000327 0.000177 0.000094 0.000050 0.000026 0.000013 0.000006 0.000003 0.000000 
0.000000 0.000001 0.000004 0.000008 0.000015 0.000030 0.000058 0.000111 0.000208 0.000385 0.000702 0.001261 0.002232 0.003897 0.006707 0.011378 0.019026 0.031359 0.050944 0.081566 0.128711 0.200165 0.306770 0.463311 0.689535 1.011225 1.461285 2.080671 2.919046 4.034919 5.495071 7.373008 9.746259 12.692364 16.283518 20.580007 25.622723 31.425264 37.966318 45.183142 52.967059 61.161825 69.565576 77.936791 86.004316 93.481049 100.080421 105.534413 109.611558 112.133227 112.986636 112.133227 109.611558 105.534413 100.080421 93.481049 86.004316 77.936791 69.565576 61.161825 52.967059 45.183142 37.966318 31.425264 25.622723 20.580007 16.283518 12.692364 9.746259 7.373008 5.495071 4.034919 2.919046 2.080671 1.461285 1.011225 0.689535 0.463311 0.306770 0.200165 0.128711 0.081566 0.050944 0.031359 0.019026 0.011378 0.006707 0.003897 0.002232 0.001261 0.000702 0.000385 0.000208 0.000111 0.000058 0.000030 0.000015 0.000007 0.000003 0.000000 
0.000000 0.000002 0.000004 0.000009 0.000018 0.000035 0.000068 0.000129 0.000242 0.000447 0.000814 0.001462 0.002589 0.004519 0.007775 0.013187 0.022045 0.036328 0.059003 0.094451 0.149013 0.231693 0.355023 0.536093 0.797716 1.169683 1.689997 2.405958 3.374906 4.664389 6.351481 8.521010 11.262421 14.665151 18.812448 23.773791 29.596262 36.295436 43.846597 52.177227 61.161825 70.620024 80.318854 89.979626 99.289497 107.917257 115.532337 121.825588 126.530028 129.439634 130.424327 129.439634 126.530028 121.825588 115.532337 107.917257 99.289497 89.979626 80.318854 70.620024 61.161825 52.177227 43.846597 36.295436 29.596262 23.773791 18.812448 14.665151 11.262421 8.521010 6.351481 4.664389 3.374906 2.405958 1.689997 1.169683 0.797716 0.536093 0.355023 0.231693 0.149013 0.094451 0.059003 0.036328 0.022045 0.013187 0.007775 0.004519 0.002589 0.001462 0.000814 0.000447 0.000242 0.000129 0.000068 0.000035 0.000018 0.000009 0.000003 0.000000 
0.000000 0.000002 0.000005 0.000010 0.000021 0.000040 0.000078 0.000148 0.000277 0.000511 0.000930 0.001670 0.002956 0.005159 0.008874 0.015048 0.025152 0.041438 0.067291 0.107699 0.169884 0.264099 0.404612 0.610876 0.908855 1.332446 1.924888 2.739983 3.842949 5.310594 7.230550 9.699242 12.818330 16.689437 21.407128 27.050296 33.672352 41.290880 49.877661 59.350147 69.565576 80.318854 91.345128 102.327618 112.910763 122.718161 131.374165 138.527486 143.874767 147.181919 148.301145 147.181919 143.874767 138.527486 131.374165 122.718161 112.910763 102.327618 91.345128 80.318854 69.565576 59.350147 49.877661 41.290880 33.672352 27.050296 21.407128 16.689437 12.818330 9.699242 7.230550 5.310594 3.842949 2.739983 1.924888 1.332446 0.908855 0.610876 0.404612 0.264099 0.169884 0.107699 0.067291 0.041438 0.025152 0.015048 0.008874 0.005159 0.002956 0.001670 0.000930 0.000511 0.000277 0.000148 0.000078 0.000040 0.000020 0.000010 0.000004 0.000000 
