0.000000 0.000000 0.000000 0.000000 0.000000 0.000000 0.000000 0.000000 0.000000 0.000000 0.000000 0.000000 0.000000 0.000000 0.000000 0.000000 0.000000 0.000000 0.000000 0.000000 0.000000 0.000000 0.000000 0.000000 0.000000 0.000000 0.000000 0.000000 0.000000 0.000000 0.000000 0.000000 0.000000 0.000000 0.000000 0.000000 0.000000 0.000000 0.000000 0.000000 0.000000 0.000000 0.000000 0.000000 0.000000 0.000000 0.000000 0.000000 0.000000 0.000000 0.000000 0.000000 0.000000 0.000000 0.000000 0.000000 0.000000 0.000000 0.000000 0.000000 0.000000 0.000000 0.000000 0.000000 0.000000 0.000000 0.000000 0.000000 0.000000 0.000000 0.000000 0.000000 0.000000 0.000000 0.000000 0.000000 0.000000 0.000000 0.000000 0.000000 0.000000 0.000000 0.000000 0.000000 0.000000 0.000000 0.000000 0.000000 0.000000 0.000000 0.000000 0.000000 0.000000 0.000000 0.000000 0.000000 0.000000 0.000000 0.000000 0.000000 
0.000000 0.000000 0.000000 0.000000 0.000000 0.000000 0.000000 0.000000 0.000000 0.000000 0.000000 0.000000 0.000000 0.000000 0.000000 0.000000 0.000000 0.000000 0.000000 0.000000 0.000000 0.000000 0.000000 0.000000 0.000000 0.000000 0.000000 0.000000 0.000000 0.000000 0.000000 0.000000 0.000000 0.000000 0.000000 0.000000 0.000000 0.000000 0.000000 0.000000 0.000000 0.000000 0.000000 0.000000 0.000000 0.000000 0.000000 0.000000 0.000000 0.000000 0.000000 0.000000 0.000000 0.000000 0.000000 0.000000 0.000000 0.000000 0.000000 0.000000 0.000000 0.000000 0.000000 0.000000 0.000000 0.000000 0.000000 0.000000 0.000000 0.000000 0.000000 0.000000 0.000000 0.000000 0.000000 0.000000 0.000000 0.000000 0.000000 0.000000 0.000000 0.000000 0.000000 0.000000 0.000000 0.000000 0.000000 0.000000 0.000000 0.000000 0.000000 0.000000 0.000000 0.000000 0.000000 0.000000 0.000000 0.000000 0.000000 0.000000 
0.000000 0.000000 0.000000 0.000000 0.000000 0.000000 0.000000 0.000000 0.000000 0.000000 0.000000 0.000000 0.000000 0.000000 0.000000 0.000000 0.000000 0.000000 0.000000 0.000000 0.000000 0.000000 0.000000 0.000000 0.000000 0.000000 0.000000 0.000000 0.000000 0.000000 0.000000 0.000000 0.000000 0.000000 0.000000 0.000000 0.000000 0.000000 0.000000 0.000000 0.000000 0.000000 0.000000 0.000000 0.000000 0.000000 0.000000 0.000000 0.000000 0.000000 0.000000 0.000000 0.000000 0.000000 0.000000 0.000000 0.000000 0.000000 0.000000 0.000000 0.000000 0.000000 0.000000 0.000000 0.000000 0.000000 0.000000 0.000000 0.000000 0.000000 0.000000 0.000000 0.000000 0.000000 0.000000 0.000000 0.000000 0.000000 0.000000 0.000000 0.000000 0.000000 0.000000 0.000000 0.000000 0.000000 0.000000 0.000000 0.000000 0.000000 0.000000 0.000000 0.000000 0.000000 0.000000 0.000000 0.000000 0.000000 0.000000 0.000000 
0.000000 0.000000 0.000000 0.000000 0.000000 0.000000 0.000000 0.000000 0.000000 0.000000 0.000000 0.000000 0.000000 0.000000 0.000000 0.000000 0.000000 0.000000 0.000000 0.000000 0.000000 0.000000 0.000000 0.000000 0.000000 0.000000 0.000000 0.000000 0.000000 0.000000 0.000000 0.000000 0.000000 0.000000 0.000000 0.000000 0.000000 0.000000 0.000000 0.000000 0.000000 0.000000 0.000000 0.000000 0.000001 0.000001 0.000001 0.000001 0.000001 0.000001 0.000001 0.000001 0.000001 0.000001 0.000001 0.000001 0.000001 0.000000 0.000000 0.000000 0.000000 0.000000 0.000000 0.000000 0.000000 0.000000 0.000000 0.000000 0.000000 0.000000 0.000000 0.000000 0.000000 0.000000 0.000000 0.000000 0.000000 0.000000 0.000000 0.000000 0.000000 0.000000 0.000000 0.000000 0.000000 0.000000 0.000000 0.000000 0.000000 0.000000 0.000000 0.000000 0.000000 0.000000 0.000000 0.000000 0.000000 0.000000 0.000000 0.000000 
0.000000 0.000000 0.000000 0.000000 0.000000 0.000000 0.000000 0.000000 0.000000 0.000000 0.000000 0.000000 0.000000 0.000000 0.000000 0.000000 0.000000 0.000000 0.000000 0.000000 0.000000 0.000000 0.000000 0.000000 0.000000 0.000000 0.000000 0.000000 0.000000 0.000000 0.000000 0.000000 0.000000 0.000000 0.000000 0.000000 0.000000 0.000000 0.000000 0.000001 0.000001 0.000001 0.000001 0.000001 0.000001 0.000001 0.000001 0.000002 0.000002 0.000002 0.000002 0.000002 0.000002 0.000002 0.000001 0.000001 0.000001 0.000001 0.000001 0.000001 0.000001 0.000001 0.000000 0.000000 0.000000 0.000000 0.000000 0.000000 0.000000 0.000000 0.000000 0.000000 0.000000 0.000000 0.000000 0.000000 0.000000 0.000000 0.000000 0.000000 0.000000 0.000000 0.000000 0.000000 0.000000 0.000000 0.000000 0.000000 0.000000 0.000000 0.000000 0.000000 0.000000 0.000000 0.000000 0.000000 0.000000 0.000000 0.000000 0.000000 
0.000000 0.000000 0.000000 0.000000 0.000000 0.000000 0.000000 0.000000 0.000000 0.000000 0.000000 0.000000 0.000000 0.000000 0.000000 0.000000 0.000000 0.000000 0.000000 0.000000 0.000000 0.000000 0.000000 0.000000 0.000000 0.000000 0.000000 0.000000 0.000000 0.000000 0.000000 0.000000 0.000000 0.000000 0.000000 0.000000 0.000001 0.000001 0.000001 0.000001 0.000001 0.000002 0.000002 0.000002 0.000003 0.000003 0.000003 0.000003 0.000004 0.000004 0.000004 0.000004 0.000004 0.000003 0.000003 0.000003 0.000003 0.000002 0.000002 0.000002 0.000001 0.000001 0.000001 0.000001 0.000001 0.000000 0.000000 0.000000 0.000000 0.000000 0.000000 0.000000 0.000000 0.000000 0.000000 0.000000 0.000000 0.000000 0.000000 0.000000 0.000000 0.000000 0.000000 0.000000 0.000000 0.000000 0.000000 0.000000 0.000000 0.000000 0.000000 0.000000 0.000000 0.000000 0.000000 0.000000 0.000000 0.000000 0.000000 0.000000 
0.000000 0.000000 0.000000 0.000000 0.000000 0.000000 0.000000 0.000000 0.000000 0.000000 0.000000 0.000000 0.000000 0.000000 0.000000 0.000000 0.000000 0.000000 0.000000 0.000000 0.000000 0.000000 0.000000 0.000000 0.000000 0.000000 0.000000 0.000000 0.000000 0.000000 0.000000 0.000000 0.000000 0.000000 0.000001 0.000001 0.000001 0.000002 0.000002 0.000002 0.000003 0.000004 0.000004 0.000005 0.000006 0.000006 0.000007 0.000007 0.000008 0.000008 0.000008 0.000008 0.000008 0.000007 0.000007 0.000006 0.000006 0.000005 0.000004 0.000004 0.000003 0.000002 0.000002 0.000002 0.000001 0.000001 0.000001 0.000000 0.000000 0.000000 0.000000 0.000000 0.000000 0.000000 0.000000 0.000000 0.000000 0.000000 0.000000 0.000000 0.000000 0.000000 0.000000 0.000000 0.000000 0.000000 0.000000 0.000000 0.000000 0.000000 0.000000 0.000000 0.000000 0.000000 0.000000 0.000000 0.000000 0.000000 0.000000 0.000000 
0.000000 0.000000 0.000000 0.000000 0.000000 0.000000 0.000000 0.000000 0.000000 0.000000 0.000000 0.000000 0.000000 0.000000 0.000000 0.000000 0.000000 0.000000 0.000000 0.000000 0.000000 0.000000 0.000000 0.000000 0.000000 0.000000 0.000000 0.000000 0.000000 0.000000 0.000000 0.000001 0.000001 0.000001 0.000001 0.000002 0.000003 0.000003 0.000004 0.000005 0.000007 0.000008 0.000009 0.000011 0.000012 0.000014 0.000015 0.000016 0.000017 0.000017 0.000017 0.000017 0.000017 0.000016 0.000015 0.000014 0.000012 0.000011 0.000009 0.000008 0.000007 0.000005 0.000004 0.000003 0.000003 0.000002 0.000001 0.000001 0.000001 0.000001 0.000000 0.000000 0.000000 0.000000 0.000000 0.000000 0.000000 0.000000 0.000000 0.000000 0.000000 0.000000 0.000000 0.000000 0.000000 0.000000 0.000000 0.000000 0.000000 0.000000 0.000000 0.000000 0.000000 0.000000 0.000000 0.000000 0.000000 0.000000 0.000000 0.000000 
0.000000 0.000000 0.000000 0.000000 0.000000 0.000000 0.000000 0.000000 0.000000 0.000000 0.000000 0.000000 0.000000 0.000000 0.000000 0.000000 0.000000 0.000000 0.000000 0.000000 0.000000 0.000000 0.000000 0.000000 0.000000 0.000000 0.000000 0.000000 0.000000 0.000001 0.000001 0.000001 0.000002 0.000002 0.000003 0.000004 0.000005 0.000007 0.000009 0.000011 0.000014 0.000017 0.000020 0.000023 0.000026 0.000029 0.000031 0.000034 0.000035 0.000036 0.000037 0.000036 0.000035 0.000034 0.000031 0.000029 0.000026 0.000023 0.000020 0.000017 0.000014 0.000011 0.000009 0.000007 0.000005 0.000004 0.000003 0.000002 0.000002 0.000001 0.000001 0.000001 0.000000 0.000000 0.000000 0.000000 0.000000 0.000000 0.000000 0.000000 0.000000 0.000000 0.000000 0.000000 0.000000 0.000000 0.000000 0.000000 0.000000 0.000000 0.000000 0.000000 0.000000 0.000000 0.000000 0.000000 0.000000 0.000000 0.000000 0.000000 
0.000000 0.000000 0.000000 0.000000 0.000000 0.000000 0.000000 0.000000 0.000000 0.000000 0.000000 0.000000 0.000000 0.000000 0.000000 0.000000 0.000000 0.000000 0.000000 0.000000 0.000000 0.000000 0.000000 0.000000 0.000000 0.000000 0.000000 0.000000 0.000001 0.000001 0.000002 0.000002 0.000003 0.000005 0.000006 0.000009 0.000012 0.000015 0.000019 0.000024 0.000029 0.000035 0.000041 0.000048 0.000054 0.000060 0.000066 0.000070 0.000074 0.000076 0.000077 0.000076 0.000074 0.000070 0.000066 0.000060 0.000054 0.000048 0.000041 0.000035 0.000029 0.000024 0.000019 0.000015 0.000012 0.000009 0.000006 0.000005 0.000003 0.000002 0.000002 0.000001 0.000001 0.000000 0.000000 0.000000 0.000000 0.000000 0.000000 0.000000 0.000000 0.000000 0.000000 0.000000 0.000000 0.000000 0.000000 0.000000 0.000000 0.000000 0.000000 0.000000 0.000000 0.000000 0.000000 0.000000 0.000000 0.000000 0.000000 0.000000 
0.000000 0.000000 0.000000 0.000000 0.000000 0.000000 0.000000 0.000000 0.000000 0.000000 0.000000 0.000000 0.000000 0.000000 0.000000 0.000000 0.000000 0.000000 0.000000 0.000000 0.000000 0.000000 0.000000 0.000000 0.000000 0.000000 0.000001 0.000001 0.000002 0.000002 0.000003 0.000005 0.000007 0.000010 0.000013 0.000018 0.000024 0.000031 0.000039 0.000049 0.000060 0.000072 0.000085 0.000098 0.000111 0.000124 0.000135 0.000144 0.000151 0.000156 0.000157 0.000156 0.000151 0.000144 0.000135 0.000124 0.000111 0.000098 0.000085 0.000072 0.000060 0.000049 0.000039 0.000031 0.000024 0.000018 0.000013 0.000010 0.000007 0.000005 0.000003 0.000002 0.000002 0.000001 0.000001 0.000000 0.000000 0.000000 0.000000 0.000000 0.000000 0.000000 0.000000 0.000000 0.000000 0.000000 0.000000 0.000000 0.000000 0.000000 0.000000 0.000000 0.000000 0.000000 0.000000 0.000000 0.000000 0.000000 0.000000 0.000000 
0.000000 0.000000 0.000000 0.000000 0.000000 0.000000 0.000000 0.000000 0.000000 0.000000 0.000000 0.000000 0.000000 0.000000 0.000000 0.000000 0.000000 0.000000 0.000000 0.000000 0.000000 0.000000 0.000000 0.000000 0.000000 0.000001 0.000001 0.000002 0.000003 0.000005 0.000007 0.000010 0.000014 0.000020 0.000027 0.000037 0.000048 0.000062 0.000079 0.000099 0.000121 0.000145 0.000171 0.000198 0.000224 0.000249 0.000272 0.000291 0.000305 0.000314 0.000317 0.000314 0.000305 0.000291 0.000272 0.000249 0.000224 0.000198 0.000171 0.000145 0.000121 0.000099 0.000079 0.000062 0.000048 0.000037 0.000027 0.000020 0.000014 0.000010 0.000007 0.000005 0.000003 0.000002 0.000001 0.000001 0.000000 0.000000 0.000000 0.000000 0.000000 0.000000 0.000000 0.000000 0.000000 0.000000 0.000000 0.000000 0.000000 0.000000 0.000000 0.000000 0.000000 0.000000 0.000000 0.000000 0.000000 0.000000 0.000000 0.000000 
0.000000 0.000000 0.000000 0.000000 0.000000 0.000000 0.000000 0.000000 0.000000 0.000000 0.000000 0.000000 0.000000 0.000000 0.000000 0.000000 0.000000 0.000000 0.000000 0.000000 0.000000 0.000000 0.000000 0.000001 0.000001 0.000002 0.000003 0.000004 0.000006 0.000009 0.000014 0.000020 0.000028 0.000039 0.000054 0.000073 0.000096 0.000124 0.000158 0.000197 0.000241 0.000289 0.000341 0.000393 0.000446 0.000495 0.000540 0.000578 0.000606 0.000624 0.000630 0.000624 0.000606 0.000578 0.000540 0.000495 0.000446 0.000393 0.000341 0.000289 0.000241 0.000197 0.000158 0.000124 0.000096 0.000073 0.000054 0.000039 0.000028 0.000020 0.000014 0.000009 0.000006 0.000004 0.000003 0.000002 0.000001 0.000001 0.000000 0.000000 0.000000 0.000000 0.000000 0.000000 0.000000 0.000000 0.000000 0.000000 0.000000 0.000000 0.000000 0.000000 0.000000 0.000000 0.000000 0.000000 0.000000 0.000000 0.000000 0.000000 
0.000000 0.000000 0.000000 0.000000 0.000000 0.000000 0.000000 0.000000 0.000000 0.000000 0.000000 0.000000 0.000000 0.000000 0.000000 0.000000 0.000000 0.000000 0.000000 0.000000 0.000000 0.000000 0.000001 0.000001 0.000002 0.000003 0.000005 0.000008 0.000012 0.000018 0.000027 0.000039 0.000056 0.000078 0.000106 0.000143 0.000188 0.000244 0.000309 0.000386 0.000471 0.000565 0.000665 0.000768 0.000870 0.000967 0.001054 0.001127 0.001183 0.001217 0.001229 0.001217 0.001183 0.001127 0.001054 0.000967 0.000870 0.000768 0.000665 0.000565 0.000471 0.000386 0.000309 0.000244 0.000188 0.000143 0.000106 0.000078 0.000056 0.000039 0.000027 0.000018 0.000012 0.000008 0.000005 0.000003 0.000002 0.000001 0.000001 0.000000 0.000000 0.000000 0.000000 0.000000 0.000000 0.000000 0.000000 0.000000 0.000000 0.000000 0.000000 0.000000 0.000000 0.000000 0.000000 0.000000 0.000000 0.000000 0.000000 0.000000 
0.000000 0.000000 0.000000 0.000000 0.000000 0.000000 0.000000 0.000000 0.000000 0.000000 0.000000 0.000000 0.000000 0.000000 0.000000 0.000000 0.000000 0.000000 0.000000 0.000000 0.000000 0.000001 0.000001 0.000002 0.000004 0.000006 0.000010 0.000015 0.000024 0.000035 0.000052 0.000076 0.000107 0.000150 0.000205 0.000275 0.000363 0.000469 0.000596 0.000742 0.000906 0.001087 0.001278 0.001475 0.001671 0.001856 0.002023 0.002163 0.002269 0.002335 0.002357 0.002335 0.002269 0.002163 0.002023 0.001856 0.001671 0.001475 0.001278 0.001087 0.000906 0.000742 0.000596 0.000469 0.000363 0.000275 0.000205 0.000150 0.000107 0.000076 0.000052 0.000035 0.000024 0.000015 0.000010 0.000006 0.000004 0.000002 0.000001 0.000001 0.000000 0.000000 0.000000 0.000000 0.000000 0.000000 0.000000 0.000000 0.000000 0.000000 0.000000 0.000000 0.000000 0.000000 0.000000 0.000000 0.000000 0.000000 0.000000 0.000000 
0.000000 0.000000 0.000000 0.000000 0.000000 0.000000 0.000000 0.000000 0.000000 0.000000 0.000000 0.000000 0.000000 0.000000 0.000000 0.000000 0.000000 0.000000 0.000000 0.000001 0.000001 0.000002 0.000003 0.000004 0.000007 0.000012 0.000019 0.000029 0.000045 0.000067 0.000099 0.000144 0.000204 0.000284 0.000389 0.000522 0.000687 0.000888 0.001127 0.001403 0.001713 0.002053 0.002414 0.002786 0.003153 0.003502 0.003817 0.004080 0.004280 0.004404 0.004446 0.004404 0.004280 0.004080 0.003817 0.003502 0.003153 0.002786 0.002414 0.002053 0.001713 0.001403 0.001127 0.000888 0.000687 0.000522 0.000389 0.000284 0.000204 0.000144 0.000099 0.000067 0.000045 0.000029 0.000019 0.000012 0.000007 0.000004 0.000003 0.000002 0.000001 0.000001 0.000000 0.000000 0.000000 0.000000 0.000000 0.000000 0.000000 0.000000 0.000000 0.000000 0.000000 0.000000 0.000000 0.000000 0.000000 0.000000 0.000000 0.000000 
0.000000 0.000000 0.000000 0.000000 0.000000 0.000000 0.000000 0.000000 0.000000 0.000000 0.000000 0.000000 0.000000 0.000000 0.000000 0.000000 0.000000 0.000000 0.000001 0.000001 0.000002 0.000003 0.000005 0.000008 0.000014 0.000022 0.000035 0.000055 0.000084 0.000126 0.000186 0.000268 0.000381 0.000530 0.000725 0.000972 0.001279 0.001653 0.002096 0.002607 0.003183 0.003814 0.004483 0.005171 0.005852 0.006498 0.007079 0.007567 0.007936 0.008167 0.008245 0.008167 0.007936 0.007567 0.007079 0.006498 0.005852 0.005171 0.004483 0.003814 0.003183 0.002607 0.002096 0.001653 0.001279 0.000972 0.000725 0.000530 0.000381 0.000268 0.000186 0.000126 0.000084 0.000055 0.000035 0.000022 0.000014 0.000008 0.000005 0.000003 0.000002 0.000001 0.000001 0.000000 0.000000 0.000000 0.000000 0.000000 0.000000 0.000000 0.000000 0.000000 0.000000 0.000000 0.000000 0.000000 0.000000 0.000000 0.000000 0.000000 
0.000000 0.000000 0.000000 0.000000 0.000000 0.000000 0.000000 0.000000 0.000000 0.000000 0.000000 0.000000 0.000000 0.000000 0.000000 0.000000 0.000000 0.000001 0.000001 0.000002 0.000003 0.000005 0.000009 0.000016 0.000026 0.000041 0.000065 0.000101 0.000155 0.000232 0.000341 0.000493 0.000698 0.000972 0.001327 0.001780 0.002341 0.003023 0.003831 0.004764 0.005814 0.006963 0.008182 0.009434 0.010674 0.011850 0.012908 0.013796 0.014467 0.014886 0.015028 0.014886 0.014467 0.013796 0.012908 0.011850 0.010674 0.009434 0.008182 0.006963 0.005814 0.004764 0.003831 0.003023 0.002341 0.001780 0.001327 0.000972 0.000698 0.000493 0.000341 0.000232 0.000155 0.000101 0.000065 0.000041 0.000026 0.000016 0.000009 0.000005 0.000003 0.000002 0.000001 0.000001 0.000000 0.000000 0.000000 0.000000 0.000000 0.000000 0.000000 0.000000 0.000000 0.000000 0.000000 0.000000 0.000000 0.000000 0.000000 0.000000 
0.000000 0.000000 0.000000 0.000000 0.000000 0.000000 0.000000 0.000000 0.000000 0.000000 0.000000 0.000000 0.000000 0.000000 0.000000 0.000000 0.000001 0.000001 0.000002 0.000003 0.000006 0.000010 0.000017 0.000028 0.000046 0.000075 0.000118 0.000183 0.000280 0.000419 0.000616 0.000889 0.001259 0.001751 0.002390 0.003202 0.004211 0.005435 0.006884 0.008556 0.010438 0.012495 0.014678 0.016919 0.019138 0.021242 0.023134 0.024722 0.025923 0.026672 0.026926 0.026672 0.025923 0.024722 0.023134 0.021242 0.019138 0.016919 0.014678 0.012495 0.010438 0.008556 0.006884 0.005435 0.004211 0.003202 0.002390 0.001751 0.001259 0.000889 0.000616 0.000419 0.000280 0.000183 0.000118 0.000075 0.000046 0.000028 0.000017 0.000010 0.000006 0.000003 0.000002 0.000001 0.000001 0.000000 0.000000 0.000000 0.000000 0.000000 0.000000 0.000000 0.000000 0.000000 0.000000 0.000000 0.000000 0.000000 0.000000 0.000000 
0.000000 0.000000 0.000000 0.000000 0.000000 0.000000 0.000000 0.000000 0.000000 0.000000 0.000000 0.000000 0.000000 0.000000 0.000000 0.000001 0.000001 0.000002 0.000003 0.000006 0.000010 0.000018 0.000030 0.000050 0.000083 0.000133 0.000210 0.000326 0.000497 0.000744 0.001093 0.001576 0.002231 0.003101 0.004230 0.005664 0.007444 0.009602 0.012156 0.015103 0.018416 0.022038 0.025880 0.029824 0.033727 0.037426 0.040754 0.043546 0.045657 0.046972 0.047419 0.046972 0.045657 0.043546 0.040754 0.037426 0.033727 0.029824 0.025880 0.022038 0.018416 0.015103 0.012156 0.009602 0.007444 0.005664 0.004230 0.003101 0.002231 0.001576 0.001093 0.000744 0.000497 0.000326 0.000210 0.000133 0.000083 0.000050 0.000030 0.000018 0.000010 0.000006 0.000003 0.000002 0.000001 0.000001 0.000000 0.000000 0.000000 0.000000 0.000000 0.000000 0.000000 0.000000 0.000000 0.000000 0.000000 0.000000 0.000000 0.000000 
0.000000 0.000000 0.000000 0.000000 0.000000 0.000000 0.000000 0.000000 0.000000 0.000000 0.000000 0.000000 0.000000 0.000000 0.000000 0.000001 0.000002 0.000003 0.000006 0.000010 0.000018 0.000031 0.000053 0.000088 0.000145 0.000233 0.000368 0.000570 0.000868 0.001298 0.001906 0.002746 0.003885 0.005396 0.007356 0.009844 0.012931 0.016671 0.021096 0.026200 0.031936 0.038202 0.044848 0.051669 0.058416 0.064810 0.070561 0.075385 0.079032 0.081305 0.082077 0.081305 0.079032 0.075385 0.070561 0.064810 0.058416 0.051669 0.044848 0.038202 0.031936 0.026200 0.021096 0.016671 0.012931 0.009844 0.007356 0.005396 0.003885 0.002746 0.001906 0.001298 0.000868 0.000570 0.000368 0.000233 0.000145 0.000088 0.000053 0.000031 0.000018 0.000010 0.000006 0.000003 0.000002 0.000001 0.000000 0.000000 0.000000 0.000000 0.000000 0.000000 0.000000 0.000000 0.000000 0.000000 0.000000 0.000000 0.000000 0.000000 
0.000000 0.000000 0.000000 0.000000 0.000000 0.000000 0.000000 0.000000 0.000000 0.000000 0.000000 0.000000 0.000000 0.000000 0.000001 0.000002 0.000003 0.000005 0.000010 0.000018 0.000031 0.000054 0.000092 0.000152 0.000249 0.000401 0.000632 0.000979 0.001490 0.002226 0.003265 0.004702 0.006647 0.009226 0.012571 0.016813 0.022073 0.028445 0.035979 0.044666 0.054422 0.065080 0.076378 0.087970 0.099435 0.110298 0.120065 0.128258 0.134451 0.138310 0.139621 0.138310 0.134451 0.128258 0.120065 0.110298 0.099435 0.087970 0.076378 0.065080 0.054422 0.044666 0.035979 0.028445 0.022073 0.016813 0.012571 0.009226 0.006647 0.004702 0.003265 0.002226 0.001490 0.000979 0.000632 0.000401 0.000249 0.000152 0.000092 0.000054 0.000031 0.000018 0.000010 0.000005 0.000003 0.000002 0.000001 0.000000 0.000000 0.000000 0.000000 0.000000 0.000000 0.000000 0.000000 0.000000 0.000000 0.000000 0.000000 0.000000 
0.000000 0.000000 0.000000 0.000000 0.000000 0.000000 0.000000 0.000000 0.000000 0.000000 0.000000 0.000000 0.000000 0.000001 0.000001 0.000003 0.000005 0.000009 0.000017 0.000030 0.000053 0.000092 0.000155 0.000258 0.000422 0.000677 0.001067 0.001652 0.002512 0.003749 0.005496 0.007909 0.011174 0.015500 0.021107 0.028216 0.037025 0.047691 0.060296 0.074825 0.091137 0.108949 0.127825 0.147188 0.166332 0.184469 0.200773 0.214447 0.224782 0.231222 0.233409 0.231222 0.224782 0.214447 0.200773 0.184469 0.166332 0.147188 0.127825 0.108949 0.091137 0.074825 0.060296 0.047691 0.037025 0.028216 0.021107 0.015500 0.011174 0.007909 0.005496 0.003749 0.002512 0.001652 0.001067 0.000677 0.000422 0.000258 0.000155 0.000092 0.000053 0.000030 0.000017 0.000009 0.000005 0.000003 0.000001 0.000001 0.000000 0.000000 0.000000 0.000000 0.000000 0.000000 0.000000 0.000000 0.000000 0.000000 0.000000 0.000000 
0.000000 0.000000 0.000000 0.000000 0.000000 0.000000 0.000000 0.000000 0.000000 0.000000 0.000000 0.000000 0.000001 0.000001 0.000002 0.000004 0.000008 0.000016 0.000028 0.000050 0.000088 0.000152 0.000258 0.000429 0.000700 0.001124 0.001770 0.002738 0.004159 0.006205 0.009088 0.013071 0.018456 0.025586 0.034823 0.046526 0.061023 0.078567 0.099292 0.123170 0.149969 0.179222 0.210214 0.241996 0.273412 0.303169 0.329916 0.352344 0.369294 0.379854 0.383441 0.379854 0.369294 0.352344 0.329916 0.303169 0.273412 0.241996 0.210214 0.179222 0.149969 0.123170 0.099292 0.078567 0.061023 0.046526 0.034823 0.025586 0.018456 0.013071 0.009088 0.006205 0.004159 0.002738 0.001770 0.001124 0.000700 0.000429 0.000258 0.000152 0.000088 0.000050 0.000028 0.000016 0.000008 0.000004 0.000002 0.000001 0.000001 0.000000 0.000000 0.000000 0.000000 0.000000 0.000000 0.000000 0.000000 0.000000 0.000000 0.000000 
0.000000 0.000000 0.000000 0.000000 0.000000 0.000000 0.000000 0.000000 0.000000 0.000000 0.000000 0.000000 0.000001 0.000002 0.000004 0.000007 0.000014 0.000026 0.000046 0.000083 0.000145 0.000249 0.000422 0.000700 0.001143 0.001832 0.002883 0.004457 0.006766 0.010086 0.014765 0.021221 0.029948 0.041494 0.056444 0.075377 0.098817 0.127171 0.160653 0.199214 0.242477 0.289686 0.339689 0.390950 0.441612 0.489588 0.532704 0.568854 0.596172 0.613190 0.618970 0.613190 0.596172 0.568854 0.532704 0.489588 0.441612 0.390950 0.339689 0.289686 0.242477 0.199214 0.160653 0.127171 0.098817 0.075377 0.056444 0.041494 0.029948 0.021221 0.014765 0.010086 0.006766 0.004457 0.002883 0.001832 0.001143 0.000700 0.000422 0.000249 0.000145 0.000083 0.000046 0.000026 0.000014 0.000007 0.000004 0.000002 0.000001 0.000000 0.000000 0.000000 0.000000 0.000000 0.000000 0.000000 0.000000 0.000000 0.000000 0.000000 
0.000000 0.000000 0.000000 0.000000 0.000000 0.000000 0.000000 0.000000 0.000000 0.000000 0.000000 0.000001 0.000002 0.000003 0.000006 0.000012 0.000022 0.000041 0.000075 0.000133 0.000233 0.000401 0.000677 0.001124 0.001832 0.002933 0.004614 0.007127 0.010812 0.016107 0.023563 0.033848 0.047739 0.066109 0.089882 0.119974 0.157213 0.202238 0.255385 0.316571 0.385195 0.460055 0.539324 0.620568 0.700843 0.776849 0.845145 0.902400 0.945662 0.972612 0.981765 0.972612 0.945662 0.902400 0.845145 0.776849 0.700843 0.620568 0.539324 0.460055 0.385195 0.316571 0.255385 0.202238 0.157213 0.119974 0.089882 0.066109 0.047739 0.033848 0.023563 0.016107 0.010812 0.007127 0.004614 0.002933 0.001832 0.001124 0.000677 0.000401 0.000233 0.000133 0.000075 0.000041 0.000022 0.000012 0.000006 0.000003 0.000002 0.000001 0.000000 0.000000 0.000000 0.000000 0.000000 0.000000 0.000000 0.000000 0.000000 0.000000 
0.000000 0.000000 0.000000 0.000000 0.000000 0.000000 0.000000 0.000000 0.000000 0.000000 0.000001 0.000001 0.000003 0.000005 0.000010 0.000019 0.000035 0.000065 0.000118 0.000210 0.000368 0.000632 0.001067 0.001770 0.002883 0.004614 0.007252 0.011194 0.016971 0.025267 0.036940 0.053032 0.074756 0.103469 0.140607 0.187595 0.245717 0.315963 0.398848 0.494238 0.601187 0.717821 0.841289 0.967805 1.092786 1.211100 1.317396 1.406496 1.473816 1.515748 1.529990 1.515748 1.473816 1.406496 1.317396 1.211100 1.092786 0.967805 0.841289 0.717821 0.601187 0.494238 0.398848 0.315963 0.245717 0.187595 0.140607 0.103469 0.074756 0.053032 0.036940 0.025267 0.016971 0.011194 0.007252 0.004614 0.002883 0.001770 0.001067 0.000632 0.000368 0.000210 0.000118 0.000065 0.000035 0.000019 0.000010 0.000005 0.000003 0.000001 0.000001 0.000000 0.000000 0.000000 0.000000 0.000000 0.000000 0.000000 0.000000 0.000000 
0.000000 0.000000 0.000000 0.000000 0.000000 0.000000 0.000000 0.000000 0.000000 0.000000 0.000001 0.000002 0.000004 0.000008 0.000015 0.000029 0.000055 0.000101 0.000183 0.000326 0.000570 0.000979 0.001652 0.002738 0.004457 0.007127 0.011194 0.017269 0.026164 0.038929 0.056882 0.081615 0.114989 0.159075 0.216071 0.288151 0.377273 0.484940 0.611934 0.758038 0.921794 1.100328 1.289276 1.482843 1.674024 1.854976 2.017523 2.153759 2.256683 2.320789 2.342561 2.320789 2.256683 2.153759 2.017523 1.854976 1.674024 1.482843 1.289276 1.100328 0.921794 0.758038 0.611934 0.484940 0.377273 0.288151 0.216071 0.159075 0.114989 0.081615 0.056882 0.038929 0.026164 0.017269 0.011194 0.007127 0.004457 0.002738 0.001652 0.000979 0.000570 0.000326 0.000183 0.000101 0.000055 0.000029 0.000015 0.000008 0.000004 0.000002 0.000001 0.000000 0.000000 0.000000 0.000000 0.000000 0.000000 0.000000 0.000000 0.000000 
0.000000 0.000000 0.000000 0.000000 0.000000 0.000000 0.000000 0.000000 0.000000 0.000001 0.000002 0.000003 0.000006 0.000012 0.000024 0.000045 0.000084 0.000155 0.000280 0.000497 0.000868 0.001490 0.002512 0.004159 0.006766 0.010812 0.016971 0.026164 0.039616 0.058910 0.086029 0.123372 0.173733 0.240227 0.326153 0.434770 0.569015 0.731134 0.922284 1.142126 1.388456 1.656943 1.941020 2.231977 2.519294 2.791191 3.035401 3.240060 3.394662 3.490951 3.523652 3.490951 3.394662 3.240060 3.035401 2.791191 2.519294 2.231977 1.941020 1.656943 1.388456 1.142126 0.922284 0.731134 0.569015 0.434770 0.326153 0.240227 0.173733 0.123372 0.086029 0.058910 0.039616 0.026164 0.016971 0.010812 0.006766 0.004159 0.002512 0.001490 0.000868 0.000497 0.000280 0.000155 0.000084 0.000045 0.000024 0.000012 0.000006 0.000003 0.000002 0.000001 0.000000 0.000000 0.000000 0.000000 0.000000 0.000000 0.000000 0.000000 
0.000000 0.000000 0.000000 0.000000 0.000000 0.000000 0.000000 0.000000 0.000001 0.000001 0.000002 0.000005 0.000009 0.000018 0.000035 0.000067 0.000126 0.000232 0.000419 0.000744 0.001298 0.002226 0.003749 0.006205 0.010086 0.016107 0.025267 0.038929 0.058910 0.087553 0.127790 0.183167 0.257812 0.356325 0.483568 0.644349 0.842986 1.082780 1.365420 1.690381 2.054391 2.451040 2.870621 3.300276 3.724475 4.125847 4.486298 4.788341 5.016491 5.158580 5.206834 5.158580 5.016491 4.788341 4.486298 4.125847 3.724475 3.300276 2.870621 2.451040 2.054391 1.690381 1.365420 1.082780 0.842986 0.644349 0.483568 0.356325 0.257812 0.183167 0.127790 0.087553 0.058910 0.038929 0.025267 0.016107 0.010086 0.006205 0.003749 0.002226 0.001298 0.000744 0.000419 0.000232 0.000126 0.000067 0.000035 0.000018 0.000009 0.000005 0.000002 0.000001 0.000001 0.000000 0.000000 0.000000 0.000000 0.000000 0.000000 0.000000 
0.000000 0.000000 0.000000 0.000000 0.000000 0.000000 0.000000 0.000000 0.000001 0.000002 0.000003 0.000007 0.000014 0.000027 0.000052 0.000099 0.000186 0.000341 0.000616 0.001093 0.001906 0.003265 0.005496 0.009088 0.014765 0.023563 0.036940 0.056882 0.086029 0.127790 0.186424 0.267081 0.375750 0.519102 0.704185 0.937956 1.226662 1.575064 1.985585 2.457435 2.985840 3.561480 4.170264 4.793538 5.408791 5.990847 6.513497 6.951411 7.282168 7.488148 7.558098 7.488148 7.282168 6.951411 6.513497 5.990847 5.408791 4.793538 4.170264 3.561480 2.985840 2.457435 1.985585 1.575064 1.226662 0.937956 0.704185 0.519102 0.375750 0.267081 0.186424 0.127790 0.086029 0.056882 0.036940 0.023563 0.014765 0.009088 0.005496 0.003265 0.001906 0.001093 0.000616 0.000341 0.000186 0.000099 0.000052 0.000027 0.000014 0.000007 0.000003 0.000002 0.000001 0.000000 0.000000 0.000000 0.000000 0.000000 0.000000 0.000000 
0.000000 0.000000 0.000000 0.000000 0.000000 0.000000 0.000000 0.000001 0.000001 0.000002 0.000005 0.000010 0.000020 0.000039 0.000076 0.000144 0.000268 0.000493 0.000889 0.001576 0.002746 0.004702 0.007909 0.013071 0.021221 0.033848 0.053032 0.081615 0.123372 0.183167 0.267081 0.382458 0.537836 0.742718 1.007135 1.340985 1.753141 2.250355 2.836038 3.509026 4.262481 5.083093 5.950767 6.838925 7.715505 8.544671 9.289120 9.912815 10.383857 10.677187 10.776799 10.677187 10.383857 9.912815 9.289120 8.544671 7.715505 6.838925 5.950767 5.083093 4.262481 3.509026 2.836038 2.250355 1.753141 1.340985 1.007135 0.742718 0.537836 0.382458 0.267081 0.183167 0.123372 0.081615 0.053032 0.033848 0.021221 0.013071 0.007909 0.004702 0.002746 0.001576 0.000889 0.000493 0.000268 0.000144 0.000076 0.000039 0.000020 0.000010 0.000005 0.000002 0.000001 0.000001 0.000000 0.000000 0.000000 0.000000 0.000000 0.000000 
0.000000 0.000000 0.000000 0.000000 0.000000 0.000000 0.000000 0.000001 0.000002 0.000003 0.000007 0.000014 0.000028 0.000056 0.000107 0.000204 0.000381 0.000698 0.001259 0.002231 0.003885 0.006647 0.011174 0.018456 0.029948 0.047739 0.074756 0.114989 0.173733 0.257812 0.375750 0.537836 0.756025 1.043613 1.414627 1.882897 2.460806 3.157760 3.978482 4.921292 5.976566 7.125639 8.340365 9.583542 10.810320 11.970582 13.012182 13.884749 14.543706 14.954036 15.093376 14.954036 14.543706 13.884749 13.012182 11.970582 10.810320 9.583542 8.340365 7.125639 5.976566 4.921292 3.978482 3.157760 2.460806 1.882897 1.414627 1.043613 0.756025 0.537836 0.375750 0.257812 0.173733 0.114989 0.074756 0.047739 0.029948 0.018456 0.011174 0.006647 0.003885 0.002231 0.001259 0.000698 0.000381 0.000204 0.000107 0.000056 0.000028 0.000014 0.000007 0.000003 0.000002 0.000001 0.000000 0.000000 0.000000 0.000000 0.000000 0.000000 
0.000000 0.000000 0.000000 0.000000 0.000000 0.000000 0.000000 0.000001 0.000002 0.000005 0.000010 0.000020 0.000039 0.000078 0.000150 0.000284 0.000530 0.000972 0.001751 0.003101 0.005396 0.009226 0.015500 0.025586 0.041494 0.066109 0.103469 0.159075 0.240227 0.356325 0.519102 0.742718 1.043613 1.440061 1.951329 2.596400 3.392250 4.351753 5.481336 6.778618 8.230306 9.810690 11.481049 13.190238 14.876626 16.471374 17.902869 19.101956 20.007440 20.571258 20.762715 20.571258 20.007440 19.101956 17.902869 16.471374 14.876626 13.190238 11.481049 9.810690 8.230306 6.778618 5.481336 4.351753 3.392250 2.596400 1.951329 1.440061 1.043613 0.742718 0.519102 0.356325 0.240227 0.159075 0.103469 0.066109 0.041494 0.025586 0.015500 0.009226 0.005396 0.003101 0.001751 0.000972 0.000530 0.000284 0.000150 0.000078 0.000039 0.000020 0.000010 0.000005 0.000002 0.000001 0.000000 0.000000 0.000000 0.000000 0.000000 0.000000 
0.000000 0.000000 0.000000 0.000000 0.000000 0.000000 0.000001 0.000001 0.000003 0.000006 0.000013 0.000027 0.000054 0.000106 0.000205 0.000389 0.000725 0.001327 0.002390 0.004230 0.007356 0.012571 0.021107 0.034823 0.056444 0.089882 0.140607 0.216071 0.326153 0.483568 0.704185 1.007135 1.414627 1.951329 2.643237 3.515940 4.592306 5.889641 7.416541 9.169700 11.131090 13.265931 15.521902 17.829943 20.106873 22.259810 24.192156 25.810649 27.032770 27.793718 28.052110 27.793718 27.032770 25.810649 24.192156 22.259810 20.106873 17.829943 15.521902 13.265931 11.131090 9.169700 7.416541 5.889641 4.592306 3.515940 2.643237 1.951329 1.414627 1.007135 0.704185 0.483568 0.326153 0.216071 0.140607 0.089882 0.056444 0.034823 0.021107 0.012571 0.007356 0.004230 0.002390 0.001327 0.000725 0.000389 0.000205 0.000106 0.000054 0.000027 0.000013 0.000006 0.000003 0.000001 0.000001 0.000000 0.000000 0.000000 0.000000 0.000000 
0.000000 0.000000 0.000000 0.000000 0.000000 0.000000 0.000001 0.000002 0.000004 0.000009 0.000018 0.000037 0.000073 0.000143 0.000275 0.000522 0.000972 0.001780 0.003202 0.005664 0.009844 0.016813 0.028216 0.046526 0.075377 0.119974 0.187595 0.288151 0.434770 0.644349 0.937956 1.340985 1.882897 2.596400 3.515940 4.675407 6.105051 7.827734 9.854747 12.181598 14.784277 17.616580 20.609073 23.670170 26.689602 29.544282 32.106226 34.251893 35.871989 36.880697 37.223213 36.880697 35.871989 34.251893 32.106226 29.544282 26.689602 23.670170 20.609073 17.616580 14.784277 12.181598 9.854747 7.827734 6.105051 4.675407 3.515940 2.596400 1.882897 1.340985 0.937956 0.644349 0.434770 0.288151 0.187595 0.119974 0.075377 0.046526 0.028216 0.016813 0.009844 0.005664 0.003202 0.001780 0.000972 0.000522 0.000275 0.000143 0.000073 0.000037 0.000018 0.000009 0.000004 0.000002 0.000001 0.000000 0.000000 0.000000 0.000000 0.000000 
0.000000 0.000000 0.000000 0.000000 0.000000 0.000001 0.000001 0.000003 0.000005 0.000012 0.000024 0.000048 0.000096 0.000188 0.000363 0.000687 0.001279 0.002341 0.004211 0.007444 0.012931 0.022073 0.037025 0.061023 0.098817 0.157213 0.245717 0.377273 0.569015 0.842986 1.226662 1.753141 2.460806 3.392250 4.592306 6.105051 7.969799 10.216214 12.858871 15.891785 19.283562 22.973925 26.872385 30.859649 34.792151 38.509682 41.845700 44.639464 46.748797 48.062066 48.507991 48.062066 46.748797 44.639464 41.845700 38.509682 34.792151 30.859649 26.872385 22.973925 19.283562 15.891785 12.858871 10.216214 7.969799 6.105051 4.592306 3.392250 2.460806 1.753141 1.226662 0.842986 0.569015 0.377273 0.245717 0.157213 0.098817 0.061023 0.037025 0.022073 0.012931 0.007444 0.004211 0.002341 0.001279 0.000687 0.000363 0.000188 0.000096 0.000048 0.000024 0.000012 0.000005 0.000003 0.000001 0.000001 0.000000 0.000000 0.000000 0.000000 
0.000000 0.000000 0.000000 0.000000 0.000000 0.000001 0.000002 0.000003 0.000007 0.000015 0.000031 0.000062 0.000124 0.000244 0.000469 0.000888 0.001653 0.003023 0.005435 0.009602 0.016671 0.028445 0.047691 0.078567 0.127171 0.202238 0.315963 0.484940 0.731134 1.082780 1.575064 2.250355 3.157760 4.351753 5.889641 7.827734 10.216214 13.092888 16.476247 20.358478 24.699273 29.421415 34.409090 39.509704 44.539680 49.294217 53.560462 57.133012 59.830205 61.509420 62.079594 61.509420 59.830205 57.133012 53.560462 49.294217 44.539680 39.509704 34.409090 29.421415 24.699273 20.358478 16.476247 13.092888 10.216214 7.827734 5.889641 4.351753 3.157760 2.250355 1.575064 1.082780 0.731134 0.484940 0.315963 0.202238 0.127171 0.078567 0.047691 0.028445 0.016671 0.009602 0.005435 0.003023 0.001653 0.000888 0.000469 0.000244 0.000124 0.000062 0.000031 0.000015 0.000007 0.000003 0.000002 0.000001 0.000000 0.000000 0.000000 0.000000 
0.000000 0.000000 0.000000 0.000000 0.000000 0.000001 0.000002 0.000004 0.000009 0.000019 0.000039 0.000079 0.000158 0.000309 0.000596 0.001127 0.002096 0.003831 0.006884 0.012156 0.021096 0.035979 0.060296 0.099292 0.160653 0.255385 0.398848 0.611934 0.922284 1.365420 1.985585 2.836038 3.978482 5.481336 7.416541 9.854747 12.858871 16.476247 20.729927 25.609906 31.065380 36.999217 43.265854 49.673602 55.991929 61.963715 67.321785 71.808351 75.195449 77.304119 78.020102 77.304119 75.195449 71.808351 67.321785 61.963715 55.991929 49.673602 43.265854 36.999217 31.065380 25.609906 20.729927 16.476247 12.858871 9.854747 7.416541 5.481336 3.978482 2.836038 1.985585 1.365420 0.922284 0.611934 0.398848 0.255385 0.160653 0.099292 0.060296 0.035979 0.021096 0.012156 0.006884 0.003831 0.002096 0.001127 0.000596 0.000309 0.000158 0.000079 0.000039 0.000019 0.000009 0.000004 0.000002 0.000001 0.000000 0.000000 0.000000 0.000000 
0.000000 0.000000 0.000000 0.000000 0.000001 0.000001 0.000002 0.000005 0.000011 0.000024 0.000049 0.000099 0.000197 0.000386 0.000742 0.001403 0.002607 0.004764 0.008556 0.015103 0.026200 0.044666 0.074825 0.123170 0.199214 0.316571 0.494238 0.758038 1.142126 1.690381 2.457435 3.509026 4.921292 6.778618 9.169700 12.181598 15.891785 20.358478 25.609906 31.633518 38.366446 45.688714 53.420668 61.325832 69.119905 76.485870 83.094372 88.627670 92.804812 95.405257 96.288206 95.405257 92.804812 88.627670 83.094372 76.485870 69.119905 61.325832 53.420668 45.688714 38.366446 31.633518 25.609906 20.358478 15.891785 12.181598 9.169700 6.778618 4.921292 3.509026 2.457435 1.690381 1.142126 0.758038 0.494238 0.316571 0.199214 0.123170 0.074825 0.044666 0.026200 0.015103 0.008556 0.004764 0.002607 0.001403 0.000742 0.000386 0.000197 0.000099 0.000049 0.000024 0.000011 0.000005 0.000002 0.000001 0.000000 0.000000 0.000000 0.000000 
0.000000 0.000000 0.000000 0.000000 0.000001 0.000001 0.000003 0.000007 0.000014 0.000029 0.000060 0.000121 0.000241 0.000471 0.000906 0.001713 0.003183 0.005814 0.010438 0.018416 0.031936 0.054422 0.091137 0.149969 0.242477 0.385195 0.601187 0.921794 1.388456 2.054391 2.985840 4.262481 5.976566 8.230306 11.131090 14.784277 19.283562 24.699273 31.065380 38.366446 46.526096 55.398822 64.766892 74.343832 83.785332 92.707541 100.711734 107.413298 112.472178 115.621461 116.690747 115.621461 112.472178 107.413298 100.711734 92.707541 83.785332 74.343832 64.766892 55.398822 46.526096 38.366446 31.065380 24.699273 19.283562 14.784277 11.131090 8.230306 5.976566 4.262481 2.985840 2.054391 1.388456 0.921794 0.601187 0.385195 0.242477 0.149969 0.091137 0.054422 0.031936 0.018416 0.010438 0.005814 0.003183 0.001713 0.000906 0.000471 0.000241 0.000121 0.000060 0.000029 0.000014 0.000007 0.000003 0.000001 0.000001 0.000000 0.000000 0.000000 
0.000000 0.000000 0.000000 0.000000 0.000001 0.000002 0.000004 0.000008 0.000017 0.000035 0.000072 0.000145 0.000289 0.000565 0.001087 0.002053 0.003814 0.006963 0.012495 0.022038 0.038202 0.065080 0.108949 0.179222 0.289686 0.460055 0.717821 1.100328 1.656943 2.451040 3.561480 5.083093 7.125639 9.810690 13.265931 17.616580 22.973925 29.421415 36.999217 45.688714 55.398822 65.956265 77.101931 88.495032 99.726086 110.338675 119.858765 127.829149 133.845624 137.590947 138.862593 137.590947 133.845624 127.829149 119.858765 110.338675 99.726086 88.495032 77.101931 65.956265 55.398822 45.688714 36.999217 29.421415 22.973925 17.616580 13.265931 9.810690 7.125639 5.083093 3.561480 2.451040 1.656943 1.100328 0.717821 0.460055 0.289686 0.179222 0.108949 0.065080 0.038202 0.022038 0.012495 0.006963 0.003814 0.002053 0.001087 0.000565 0.000289 0.000145 0.000072 0.000035 0.000017 0.000008 0.000004 0.000002 0.000001 0.000000 0.000000 0.000000 
0.000000 0.000000 0.000000 0.000000 0.000001 0.000002 0.000004 0.000009 0.000020 0.000041 0.000085 0.000171 0.000341 0.000665 0.001278 0.002414 0.004483 0.008182 0.014678 0.025880 0.044848 0.076378 0.127825 0.210214 0.339689 0.539324 0.841289 1.289276 1.941020 2.870621 4.170264 5.950767 8.340365 11.481049 15.521902 20.609073 26.872385 34.409090 43.265854 53.420668 64.766892 77.101931 90.123005 103.432032 116.550796 128.946363 140.065300 149.373875 156.400268 160.774183 162.259239 160.774183 156.400268 149.373875 140.065300 128.946363 116.550796 103.432032 90.123005 77.101931 64.766892 53.420668 43.265854 34.409090 26.872385 20.609073 15.521902 11.481049 8.340365 5.950767 4.170264 2.870621 1.941020 1.289276 0.841289 0.539324 0.339689 0.210214 0.127825 0.076378 0.044848 0.025880 0.014678 0.008182 0.004483 0.002414 0.001278 0.000665 0.000341 0.000171 0.000085 0.000041 0.000020 0.000009 0.000004 0.000002 0.000001 0.000000 0.000000 0.000000 
