0.000000 0.000000 0.000000 0.000000 0.000000 0.000000 0.000000 0.000000 0.000000 0.000000 0.000000 0.000000 0.000000 0.000000 0.000000 0.000000 0.000000 0.000000 0.000000 0.000000 0.000000 0.000000 0.000000 0.000000 0.000000 0.000000 0.000000 0.000000 0.000000 0.000000 0.000000 0.000000 0.000000 0.000000 0.000000 0.000000 0.000000 0.000000 0.000000 0.000000 0.000000 0.000000 0.000000 0.000000 0.000000 0.000000 0.000000 0.000000 0.000000 0.000000 0.000000 0.000000 0.000000 0.000000 0.000000 0.000000 0.000000 0.000000 0.000000 0.000000 0.000000 0.000000 0.000000 0.000000 0.000000 0.000000 0.000000 0.000000 0.000000 0.000000 0.000000 0.000000 0.000000 0.000000 0.000000 0.000000 0.000000 0.000000 0.000000 0.000000 0.000000 0.000000 0.000000 0.000000 0.000000 0.000000 0.000000 0.000000 0.000000 0.000000 0.000000 0.000000 0.000000 0.000000 0.000000 0.000000 0.000000 0.000000 0.000000 0.000000 
0.000000 0.000000 0.000000 0.000000 0.000000 0.000000 0.000000 0.000000 0.000000 0.000000 0.000000 0.000000 0.000000 0.000001 0.000001 0.000001 0.000002 0.000002 0.000003 0.000005 0.000007 0.000009 0.000012 0.000016 0.000020 0.000026 0.000034 0.000043 0.000054 0.000068 0.000084 0.000102 0.000123 0.000147 0.000175 0.000205 0.000237 0.000273 0.000310 0.000349 0.000388 0.000428 0.000467 0.000504 0.000539 0.000570 0.000597 0.000619 0.000635 0.000645 0.000648 0.000645 0.000635 0.000619 0.000597 0.000570 0.000539 0.000504 0.000467 0.000428 0.000388 0.000349 0.000310 0.000273 0.000237 0.000205 0.000175 0.000147 0.000123 0.000102 0.000084 0.000068 0.000054 0.000043 0.000034 0.000026 0.000020 0.000016 0.000012 0.000009 0.000007 0.000005 0.000003 0.000002 0.000002 0.000001 0.000001 0.000001 0.000000 0.000000 0.000000 0.000000 0.000000 0.000000 0.000000 0.000000 0.000000 0.000000 0.000000 0.000000 
0.000000 0.000000 0.000000 0.000000 0.000000 0.000000 0.000000 0.000000 0.000000 0.000000 0.000000 0.000001 0.000001 0.000001 0.000002 0.000003 0.000004 0.000006 0.000008 0.000011 0.000014 0.000020 0.000026 0.000035 0.000045 0.000059 0.000075 0.000096 0.000121 0.000150 0.000185 0.000226 0.000273 0.000327 0.000387 0.000454 0.000526 0.000605 0.000687 0.000773 0.000861 0.000949 0.001035 0.001118 0.001195 0.001264 0.001324 0.001372 0.001408 0.001430 0.001437 0.001430 0.001408 0.001372 0.001324 0.001264 0.001195 0.001118 0.001035 0.000949 0.000861 0.000773 0.000687 0.000605 0.000526 0.000454 0.000387 0.000327 0.000273 0.000226 0.000185 0.000150 0.000121 0.000096 0.000075 0.000059 0.000045 0.000035 0.000026 0.000020 0.000014 0.000011 0.000008 0.000006 0.000004 0.000003 0.000002 0.000001 0.000001 0.000001 0.000000 0.000000 0.000000 0.000000 0.000000 0.000000 0.000000 0.000000 0.000000 0.000000 
0.000000 0.000000 0.000000 0.000000 0.000000 0.000000 0.000000 0.000000 0.000000 0.000000 0.000001 0.000001 0.000002 0.000002 0.000003 0.000005 0.000007 0.000010 0.000014 0.000019 0.000026 0.000034 0.000046 0.000061 0.000080 0.000104 0.000133 0.000169 0.000213 0.000265 0.000327 0.000399 0.000482 0.000576 0.000682 0.000800 0.000928 0.001065 0.001211 0.001362 0.001516 0.001671 0.001823 0.001969 0.002105 0.002227 0.002332 0.002417 0.002480 0.002518 0.002531 0.002518 0.002480 0.002417 0.002332 0.002227 0.002105 0.001969 0.001823 0.001671 0.001516 0.001362 0.001211 0.001065 0.000928 0.000800 0.000682 0.000576 0.000482 0.000399 0.000327 0.000265 0.000213 0.000169 0.000133 0.000104 0.000080 0.000061 0.000046 0.000034 0.000026 0.000019 0.000014 0.000010 0.000007 0.000005 0.000003 0.000002 0.000002 0.000001 0.000001 0.000000 0.000000 0.000000 0.000000 0.000000 0.000000 0.000000 0.000000 0.000000 
0.000000 0.000000 0.000000 0.000000 0.000000 0.000000 0.000000 0.000000 0.000001 0.000001 0.000001 0.000002 0.000003 0.000004 0.000006 0.000008 0.000011 0.000016 0.000022 0.000031 0.000042 0.000057 0.000076 0.000100 0.000131 0.000170 0.000218 0.000278 0.000349 0.000435 0.000536 0.000654 0.000791 0.000945 0.001119 0.001311 0.001521 0.001746 0.001984 0.002232 0.002485 0.002739 0.002988 0.003226 0.003448 0.003648 0.003820 0.003960 0.004062 0.004125 0.004146 0.004125 0.004062 0.003960 0.003820 0.003648 0.003448 0.003226 0.002988 0.002739 0.002485 0.002232 0.001984 0.001746 0.001521 0.001311 0.001119 0.000945 0.000791 0.000654 0.000536 0.000435 0.000349 0.000278 0.000218 0.000170 0.000131 0.000100 0.000076 0.000057 0.000042 0.000031 0.000022 0.000016 0.000011 0.000008 0.000006 0.000004 0.000003 0.000002 0.000001 0.000001 0.000001 0.000000 0.000000 0.000000 0.000000 0.000000 0.000000 0.000000 
0.000000 0.000000 0.000000 0.000000 0.000000 0.000000 0.000000 0.000001 0.000001 0.000001 0.000002 0.000003 0.000004 0.000006 0.000009 0.000013 0.000018 0.000026 0.000036 0.000049 0.000067 0.000090 0.000121 0.000159 0.000209 0.000271 0.000348 0.000442 0.000556 0.000692 0.000853 0.001041 0.001257 0.001503 0.001779 0.002084 0.002417 0.002775 0.003153 0.003547 0.003948 0.004351 0.004746 0.005125 0.005477 0.005794 0.006067 0.006289 0.006451 0.006551 0.006585 0.006551 0.006451 0.006289 0.006067 0.005794 0.005477 0.005125 0.004746 0.004351 0.003948 0.003547 0.003153 0.002775 0.002417 0.002084 0.001779 0.001503 0.001257 0.001041 0.000853 0.000692 0.000556 0.000442 0.000348 0.000271 0.000209 0.000159 0.000121 0.000090 0.000067 0.000049 0.000036 0.000026 0.000018 0.000013 0.000009 0.000006 0.000004 0.000003 0.000002 0.000001 0.000001 0.000001 0.000000 0.000000 0.000000 0.000000 0.000000 0.000000 
0.000000 0.000000 0.000000 0.000000 0.000000 0.000000 0.000001 0.000001 0.000001 0.000002 0.000003 0.000004 0.000007 0.000010 0.000014 0.000020 0.000029 0.000040 0.000056 0.000077 0.000105 0.000141 0.000189 0.000250 0.000327 0.000424 0.000544 0.000691 0.000869 0.001082 0.001334 0.001627 0.001965 0.002349 0.002780 0.003256 0.003776 0.004334 0.004924 0.005538 0.006165 0.006794 0.007410 0.008001 0.008550 0.009045 0.009470 0.009815 0.010069 0.010225 0.010278 0.010225 0.010069 0.009815 0.009470 0.009045 0.008550 0.008001 0.007410 0.006794 0.006165 0.005538 0.004924 0.004334 0.003776 0.003256 0.002780 0.002349 0.001965 0.001627 0.001334 0.001082 0.000869 0.000691 0.000544 0.000424 0.000327 0.000250 0.000189 0.000141 0.000105 0.000077 0.000056 0.000040 0.000029 0.000020 0.000014 0.000010 0.000007 0.000004 0.000003 0.000002 0.000001 0.000001 0.000001 0.000000 0.000000 0.000000 0.000000 0.000000 
0.000000 0.000000 0.000000 0.000000 0.000000 0.000001 0.000001 0.000001 0.000002 0.000003 0.000005 0.000007 0.000010 0.000015 0.000022 0.000031 0.000044 0.000062 0.000086 0.000119 0.000162 0.000219 0.000292 0.000386 0.000505 0.000655 0.000841 0.001068 0.001343 0.001671 0.002059 0.002512 0.003033 0.003625 0.004290 0.005024 0.005825 0.006685 0.007595 0.008541 0.009507 0.010475 0.011425 0.012334 0.013181 0.013942 0.014598 0.015130 0.015521 0.015761 0.015841 0.015761 0.015521 0.015130 0.014598 0.013942 0.013181 0.012334 0.011425 0.010475 0.009507 0.008541 0.007595 0.006685 0.005825 0.005024 0.004290 0.003625 0.003033 0.002512 0.002059 0.001671 0.001343 0.001068 0.000841 0.000655 0.000505 0.000386 0.000292 0.000219 0.000162 0.000119 0.000086 0.000062 0.000044 0.000031 0.000022 0.000015 0.000010 0.000007 0.000005 0.000003 0.000002 0.000001 0.000001 0.000001 0.000000 0.000000 0.000000 0.000000 
0.000000 0.000000 0.000000 0.000000 0.000001 0.000001 0.000001 0.000002 0.000003 0.000005 0.000007 0.000011 0.000016 0.000023 0.000033 0.000048 0.000068 0.000095 0.000132 0.000182 0.000248 0.000334 0.000447 0.000591 0.000773 0.001002 0.001285 0.001632 0.002051 0.002553 0.003145 0.003836 0.004631 0.005535 0.006548 0.007669 0.008890 0.010202 0.011588 0.013030 0.014503 0.015979 0.017427 0.018812 0.020103 0.021263 0.022262 0.023072 0.023668 0.024034 0.024156 0.024034 0.023668 0.023072 0.022262 0.021263 0.020103 0.018812 0.017427 0.015979 0.014503 0.013030 0.011588 0.010202 0.008890 0.007669 0.006548 0.005535 0.004631 0.003836 0.003145 0.002553 0.002051 0.001632 0.001285 0.001002 0.000773 0.000591 0.000447 0.000334 0.000248 0.000182 0.000132 0.000095 0.000068 0.000048 0.000033 0.000023 0.000016 0.000011 0.000007 0.000005 0.000003 0.000002 0.000001 0.000001 0.000001 0.000000 0.000000 0.000000 
0.000000 0.000000 0.000000 0.000000 0.000001 0.000001 0.000002 0.000003 0.000005 0.000007 0.000011 0.000016 0.000024 0.000035 0.000051 0.000072 0.000103 0.000144 0.000200 0.000276 0.000376 0.000507 0.000676 0.000894 0.001170 0.001516 0.001944 0.002469 0.003103 0.003861 0.004756 0.005799 0.007001 0.008365 0.009895 0.011587 0.013431 0.015411 0.017504 0.019680 0.021903 0.024130 0.026314 0.028405 0.030351 0.032102 0.033609 0.034831 0.035730 0.036281 0.036466 0.036281 0.035730 0.034831 0.033609 0.032102 0.030351 0.028405 0.026314 0.024130 0.021903 0.019680 0.017504 0.015411 0.013431 0.011587 0.009895 0.008365 0.007001 0.005799 0.004756 0.003861 0.003103 0.002469 0.001944 0.001516 0.001170 0.000894 0.000676 0.000507 0.000376 0.000276 0.000200 0.000144 0.000103 0.000072 0.000051 0.000035 0.000024 0.000016 0.000011 0.000007 0.000005 0.000003 0.000002 0.000001 0.000001 0.000000 0.000000 0.000000 
0.000000 0.000000 0.000000 0.000001 0.000001 0.000002 0.000003 0.000005 0.000007 0.000011 0.000016 0.000024 0.000036 0.000053 0.000076 0.000109 0.000154 0.000216 0.000301 0.000414 0.000563 0.000760 0.001014 0.001340 0.001754 0.002272 0.002913 0.003698 0.004647 0.005781 0.007120 0.008681 0.010478 0.012519 0.014807 0.017336 0.020092 0.023052 0.026180 0.029432 0.032753 0.036080 0.039343 0.042467 0.045375 0.047990 0.050242 0.052066 0.053409 0.054232 0.054509 0.054232 0.053409 0.052066 0.050242 0.047990 0.045375 0.042467 0.039343 0.036080 0.032753 0.029432 0.026180 0.023052 0.020092 0.017336 0.014807 0.012519 0.010478 0.008681 0.007120 0.005781 0.004647 0.003698 0.002913 0.002272 0.001754 0.001340 0.001014 0.000760 0.000563 0.000414 0.000301 0.000216 0.000154 0.000109 0.000076 0.000053 0.000036 0.000024 0.000016 0.000011 0.000007 0.000005 0.000003 0.000002 0.000001 0.000001 0.000000 0.000000 
0.000000 0.000000 0.000001 0.000001 0.000002 0.000003 0.000004 0.000007 0.000011 0.000016 0.000024 0.000036 0.000054 0.000078 0.000113 0.000162 0.000229 0.000322 0.000447 0.000615 0.000837 0.001128 0.001506 0.001990 0.002603 0.003371 0.004321 0.005485 0.006892 0.008573 0.010556 0.012869 0.015529 0.018552 0.021939 0.025684 0.029764 0.034144 0.038774 0.043586 0.048501 0.053424 0.058252 0.062873 0.067174 0.071043 0.074374 0.077072 0.079059 0.080276 0.080686 0.080276 0.079059 0.077072 0.074374 0.071043 0.067174 0.062873 0.058252 0.053424 0.048501 0.043586 0.038774 0.034144 0.029764 0.025684 0.021939 0.018552 0.015529 0.012869 0.010556 0.008573 0.006892 0.005485 0.004321 0.003371 0.002603 0.001990 0.001506 0.001128 0.000837 0.000615 0.000447 0.000322 0.000229 0.000162 0.000113 0.000078 0.000054 0.000036 0.000024 0.000016 0.000011 0.000007 0.000004 0.000003 0.000002 0.000001 0.000000 0.000000 
0.000000 0.000000 0.000001 0.000002 0.000003 0.000004 0.000007 0.000010 0.000016 0.000024 0.000036 0.000054 0.000079 0.000115 0.000167 0.000238 0.000338 0.000474 0.000658 0.000904 0.001231 0.001659 0.002214 0.002925 0.003825 0.004953 0.006349 0.008056 0.010121 0.012588 0.015498 0.018890 0.022792 0.027224 0.032191 0.037681 0.043662 0.050083 0.056868 0.063921 0.071123 0.078336 0.085409 0.092180 0.098481 0.104148 0.109027 0.112980 0.115891 0.117673 0.118273 0.117673 0.115891 0.112980 0.109027 0.104148 0.098481 0.092180 0.085409 0.078336 0.071123 0.063921 0.056868 0.050083 0.043662 0.037681 0.032191 0.027224 0.022792 0.018890 0.015498 0.012588 0.010121 0.008056 0.006349 0.004953 0.003825 0.002925 0.002214 0.001659 0.001231 0.000904 0.000658 0.000474 0.000338 0.000238 0.000167 0.000115 0.000079 0.000054 0.000036 0.000024 0.000016 0.000010 0.000007 0.000004 0.000003 0.000001 0.000001 0.000000 
0.000000 0.000001 0.000001 0.000002 0.000004 0.000006 0.000010 0.000015 0.000023 0.000035 0.000053 0.000078 0.000115 0.000168 0.000243 0.000348 0.000492 0.000690 0.000959 0.001318 0.001793 0.002416 0.003223 0.004257 0.005567 0.007206 0.009236 0.011718 0.014718 0.018302 0.022531 0.027457 0.033125 0.039562 0.046774 0.054744 0.063427 0.072747 0.082595 0.092830 0.103281 0.113748 0.124011 0.133834 0.142975 0.151197 0.158275 0.164008 0.168231 0.170816 0.171687 0.170816 0.168231 0.164008 0.158275 0.151197 0.142975 0.133834 0.124011 0.113748 0.103281 0.092830 0.082595 0.072747 0.063427 0.054744 0.046774 0.039562 0.033125 0.027457 0.022531 0.018302 0.014718 0.011718 0.009236 0.007206 0.005567 0.004257 0.003223 0.002416 0.001793 0.001318 0.000959 0.000690 0.000492 0.000348 0.000243 0.000168 0.000115 0.000078 0.000053 0.000035 0.000023 0.000015 0.000010 0.000006 0.000004 0.000002 0.000001 0.000000 
0.000000 0.000001 0.000002 0.000003 0.000006 0.000009 0.000014 0.000022 0.000033 0.000051 0.000076 0.000113 0.000167 0.000243 0.000351 0.000502 0.000711 0.000996 0.001383 0.001901 0.002586 0.003484 0.004647 0.006136 0.008022 0.010383 0.013304 0.016877 0.021195 0.026352 0.032435 0.039522 0.047674 0.056930 0.067300 0.078759 0.091241 0.104638 0.118792 0.133502 0.148520 0.163561 0.178307 0.192420 0.205554 0.217365 0.227533 0.235769 0.241835 0.245549 0.246799 0.245549 0.241835 0.235769 0.227533 0.217365 0.205554 0.192420 0.178307 0.163561 0.148520 0.133502 0.118792 0.104638 0.091241 0.078759 0.067300 0.056930 0.047674 0.039522 0.032435 0.026352 0.021195 0.016877 0.013304 0.010383 0.008022 0.006136 0.004647 0.003484 0.002586 0.001901 0.001383 0.000996 0.000711 0.000502 0.000351 0.000243 0.000167 0.000113 0.000076 0.000051 0.000033 0.000022 0.000014 0.000009 0.000005 0.000003 0.000001 0.000000 
0.000000 0.000001 0.000003 0.000005 0.000008 0.000013 0.000020 0.000031 0.000048 0.000072 0.000109 0.000162 0.000238 0.000348 0.000502 0.000718 0.001016 0.001424 0.001976 0.002715 0.003693 0.004974 0.006633 0.008757 0.011447 0.014812 0.018977 0.024069 0.030223 0.037571 0.046237 0.056331 0.067942 0.081123 0.095889 0.112203 0.129973 0.149042 0.169188 0.190122 0.211494 0.232897 0.253879 0.273959 0.292644 0.309448 0.323913 0.335630 0.344258 0.349541 0.351320 0.349541 0.344258 0.335630 0.323913 0.309448 0.292644 0.273959 0.253879 0.232897 0.211494 0.190122 0.169188 0.149042 0.129973 0.112203 0.095889 0.081123 0.067942 0.056331 0.046237 0.037571 0.030223 0.024069 0.018977 0.014812 0.011447 0.008757 0.006633 0.004974 0.003693 0.002715 0.001976 0.001424 0.001016 0.000718 0.000502 0.000348 0.000238 0.000162 0.000109 0.000072 0.000048 0.000031 0.000020 0.000013 0.000008 0.000004 0.000002 0.000000 
0.000000 0.000002 0.000004 0.000007 0.000011 0.000018 0.000029 0.000044 0.000068 0.000103 0.000154 0.000229 0.000338 0.000492 0.000711 0.001016 0.001438 0.002015 0.002795 0.003840 0.005222 0.007032 0.009376 0.012376 0.016173 0.020925 0.026803 0.033991 0.042674 0.053041 0.065266 0.079505 0.095880 0.114468 0.135287 0.158288 0.183337 0.210216 0.238611 0.268114 0.298232 0.328391 0.357955 0.386247 0.412572 0.436245 0.456623 0.473129 0.485283 0.492726 0.495232 0.492726 0.485283 0.473129 0.456623 0.436245 0.412572 0.386247 0.357955 0.328391 0.298232 0.268114 0.238611 0.210216 0.183337 0.158288 0.135287 0.114468 0.095880 0.079505 0.065266 0.053041 0.042674 0.033991 0.026803 0.020925 0.016173 0.012376 0.009376 0.007032 0.005222 0.003840 0.002795 0.002015 0.001438 0.001016 0.000711 0.000492 0.000338 0.000229 0.000154 0.000103 0.000068 0.000044 0.000028 0.000018 0.000011 0.000006 0.000003 0.000000 
0.000000 0.000002 0.000006 0.000010 0.000016 0.000026 0.000040 0.000062 0.000095 0.000144 0.000216 0.000322 0.000474 0.000690 0.000996 0.001424 0.002015 0.002822 0.003915 0.005377 0.007312 0.009844 0.013122 0.017317 0.022627 0.029270 0.037486 0.047531 0.059665 0.074148 0.091226 0.111114 0.133982 0.159938 0.189006 0.221117 0.256085 0.293602 0.333232 0.374406 0.416434 0.458517 0.499768 0.539241 0.575969 0.608995 0.637423 0.660449 0.677405 0.687786 0.691282 0.687786 0.677405 0.660449 0.637423 0.608995 0.575969 0.539241 0.499768 0.458517 0.416434 0.374406 0.333232 0.293602 0.256085 0.221117 0.189006 0.159938 0.133982 0.111114 0.091226 0.074148 0.059665 0.047531 0.037486 0.029270 0.022627 0.017317 0.013122 0.009844 0.007312 0.005377 0.003915 0.002822 0.002015 0.001424 0.000996 0.000690 0.000474 0.000322 0.000216 0.000144 0.000095 0.000062 0.000040 0.000025 0.000015 0.000009 0.000004 0.000000 
0.000000 0.000003 0.000008 0.000014 0.000022 0.000036 0.000056 0.000086 0.000132 0.000200 0.000301 0.000447 0.000658 0.000959 0.001383 0.001976 0.002795 0.003915 0.005429 0.007455 0.010136 0.013644 0.018183 0.023993 0.031344 0.040540 0.051912 0.065812 0.082601 0.102637 0.126260 0.153766 0.185390 0.221280 0.261469 0.305860 0.354196 0.406051 0.460821 0.517722 0.575799 0.633947 0.690942 0.745479 0.796219 0.841845 0.881117 0.912925 0.936347 0.950688 0.955517 0.950688 0.936347 0.912925 0.881117 0.841845 0.796219 0.745479 0.690942 0.633947 0.575799 0.517722 0.460821 0.406051 0.354196 0.305860 0.261469 0.221280 0.185390 0.153766 0.126260 0.102637 0.082601 0.065812 0.051912 0.040540 0.031344 0.023993 0.018183 0.013644 0.010136 0.007455 0.005429 0.003915 0.002795 0.001976 0.001383 0.000959 0.000658 0.000447 0.000301 0.000200 0.000132 0.000086 0.000055 0.000035 0.000022 0.000012 0.000006 0.000000 
0.000000 0.000005 0.000011 0.000019 0.000031 0.000049 0.000077 0.000119 0.000182 0.000276 0.000414 0.000615 0.000904 0.001318 0.001901 0.002715 0.003840 0.005377 0.007455 0.010235 0.013912 0.018724 0.024949 0.032915 0.042992 0.055597 0.071182 0.090228 0.113229 0.140677 0.173032 0.210702 0.254006 0.303145 0.358167 0.418933 0.485093 0.556066 0.631021 0.708886 0.788354 0.867916 0.945895 1.020508 1.089923 1.152339 1.206060 1.249571 1.281610 1.301227 1.307832 1.301227 1.281610 1.249571 1.206060 1.152339 1.089923 1.020508 0.945895 0.867916 0.788354 0.708886 0.631021 0.556066 0.485093 0.418933 0.358167 0.303145 0.254006 0.210702 0.173032 0.140677 0.113229 0.090228 0.071182 0.055597 0.042992 0.032915 0.024949 0.018724 0.013912 0.010235 0.007455 0.005377 0.003840 0.002715 0.001901 0.001318 0.000904 0.000615 0.000414 0.000276 0.000182 0.000119 0.000076 0.000048 0.000030 0.000017 0.000008 0.000000 
0.000000 0.000007 0.000014 0.000026 0.000042 0.000067 0.000105 0.000162 0.000248 0.000376 0.000563 0.000837 0.001231 0.001793 0.002586 0.003693 0.005222 0.007312 0.010136 0.013912 0.018907 0.025442 0.033895 0.044709 0.058388 0.075495 0.096643 0.122484 0.153688 0.190918 0.234799 0.285882 0.344598 0.411219 0.485807 0.568175 0.657847 0.754032 0.855607 0.961117 1.068793 1.176589 1.282235 1.383314 1.477348 1.561898 1.634668 1.693606 1.737003 1.763574 1.772521 1.763574 1.737003 1.693606 1.634668 1.561898 1.477348 1.383314 1.282235 1.176589 1.068793 0.961117 0.855607 0.754032 0.657847 0.568175 0.485807 0.411219 0.344598 0.285882 0.234799 0.190918 0.153688 0.122484 0.096643 0.075495 0.058388 0.044709 0.033895 0.025442 0.018907 0.013912 0.010136 0.007312 0.005222 0.003693 0.002586 0.001793 0.001231 0.000837 0.000563 0.000376 0.000248 0.000162 0.000104 0.000066 0.000040 0.000023 0.000010 0.000000 
0.000000 0.000009 0.000020 0.000034 0.000057 0.000090 0.000141 0.000219 0.000334 0.000507 0.000760 0.001128 0.001659 0.002416 0.003484 0.004974 0.007032 0.009844 0.013644 0.018724 0.025442 0.034228 0.045593 0.060130 0.078515 0.101503 0.129918 0.164634 0.206548 0.256550 0.315478 0.384069 0.462902 0.552338 0.652459 0.763012 0.883358 1.012434 1.148733 1.290303 1.434770 1.579388 1.721115 1.856708 1.982847 2.096259 2.193867 2.272919 2.331126 2.366764 2.378764 2.366764 2.331126 2.272919 2.193867 2.096259 1.982847 1.856708 1.721115 1.579388 1.434770 1.290303 1.148733 1.012434 0.883358 0.763012 0.652459 0.552338 0.462902 0.384069 0.315478 0.256550 0.206548 0.164634 0.129918 0.101503 0.078515 0.060130 0.045593 0.034228 0.025442 0.018724 0.013644 0.009844 0.007032 0.004974 0.003484 0.002416 0.001659 0.001128 0.000760 0.000506 0.000334 0.000218 0.000141 0.000089 0.000055 0.000031 0.000014 0.000000 
0.000000 0.000012 0.000026 0.000046 0.000076 0.000121 0.000189 0.000292 0.000447 0.000676 0.001014 0.001506 0.002214 0.003223 0.004647 0.006633 0.009376 0.013122 0.018183 0.024949 0.033895 0.045593 0.060722 0.080070 0.104536 0.135123 0.172926 0.219104 0.274850 0.341346 0.419702 0.510897 0.615697 0.734580 0.867654 1.014580 1.174508 1.346023 1.527123 1.715212 1.907139 2.099256 2.287522 2.467633 2.635177 2.785813 2.915453 3.020447 3.097752 3.145083 3.161021 3.145083 3.097752 3.020447 2.915453 2.785813 2.635177 2.467633 2.287522 2.099256 1.907139 1.715212 1.527123 1.346023 1.174508 1.014580 0.867654 0.734580 0.615697 0.510897 0.419702 0.341346 0.274850 0.219104 0.172926 0.135123 0.104536 0.080070 0.060722 0.045593 0.033895 0.024949 0.018183 0.013122 0.009376 0.006633 0.004647 0.003223 0.002214 0.001506 0.001014 0.000676 0.000446 0.000291 0.000188 0.000119 0.000073 0.000042 0.000019 0.000000 
0.000000 0.000016 0.000035 0.000061 0.000100 0.000159 0.000250 0.000386 0.000591 0.000894 0.001340 0.001990 0.002925 0.004257 0.006136 0.008757 0.012376 0.017317 0.023993 0.032915 0.044709 0.060130 0.080070 0.105566 0.137803 0.178100 0.227896 0.288715 0.362128 0.449686 0.552850 0.672904 0.810854 0.967325 1.142459 1.335805 1.546244 1.771913 2.010175 2.257617 2.510091 2.762801 3.010434 3.247330 3.467689 3.665803 3.836299 3.974377 4.076042 4.138286 4.159245 4.138286 4.076042 3.974377 3.836299 3.665803 3.467689 3.247330 3.010434 2.762801 2.510091 2.257617 2.010175 1.771913 1.546244 1.335805 1.142459 0.967325 0.810854 0.672904 0.552850 0.449686 0.362128 0.288715 0.227896 0.178100 0.137803 0.105566 0.080070 0.060130 0.044709 0.032915 0.023993 0.017317 0.012376 0.008757 0.006136 0.004257 0.002925 0.001990 0.001340 0.000894 0.000590 0.000385 0.000248 0.000157 0.000097 0.000055 0.000025 0.000000 
0.000000 0.000020 0.000045 0.000080 0.000131 0.000209 0.000327 0.000505 0.000773 0.001170 0.001754 0.002603 0.003825 0.005567 0.008022 0.011447 0.016173 0.022627 0.031344 0.042992 0.058388 0.078515 0.104536 0.137803 0.179859 0.232423 0.297368 0.376681 0.472405 0.586560 0.721046 0.877533 1.057330 1.261247 1.489464 1.741394 2.015572 2.309572 2.619956 2.942279 3.271138 3.600287 3.922808 4.231331 4.518306 4.776303 4.998328 5.178135 5.310520 5.391573 5.418865 5.391573 5.310520 5.178135 4.998328 4.776303 4.518306 4.231331 3.922808 3.600287 3.271138 2.942279 2.619956 2.309572 2.015572 1.741394 1.489464 1.261247 1.057330 0.877533 0.721046 0.586560 0.472405 0.376681 0.297368 0.232423 0.179859 0.137803 0.104536 0.078515 0.058388 0.042992 0.031344 0.022627 0.016173 0.011447 0.008022 0.005567 0.003825 0.002603 0.001754 0.001170 0.000772 0.000504 0.000325 0.000206 0.000127 0.000072 0.000033 0.000000 
0.000000 0.000026 0.000059 0.000104 0.000170 0.000271 0.000424 0.000655 0.001002 0.001516 0.002272 0.003371 0.004953 0.007206 0.010383 0.014812 0.020925 0.029270 0.040540 0.055597 0.075495 0.101503 0.135123 0.178100 0.232423 0.300309 0.384176 0.486584 0.610167 0.757527 0.931116 1.133081 1.365107 1.628237 1.922697 2.247726 2.601432 2.980682 3.381041 3.796773 4.220911 4.645403 5.061326 5.459182 5.829238 6.161916 6.448202 6.680046 6.850742 6.955249 6.990438 6.955249 6.850742 6.680046 6.448202 6.161916 5.829238 5.459182 5.061326 4.645403 4.220911 3.796773 3.381041 2.980682 2.601432 2.247726 1.922697 1.628237 1.365107 1.133081 0.931116 0.757527 0.610167 0.486584 0.384176 0.300309 0.232423 0.178100 0.135123 0.101503 0.075495 0.055597 0.040540 0.029270 0.020925 0.014812 0.010383 0.007206 0.004953 0.003371 0.002271 0.001515 0.001001 0.000654 0.000422 0.000267 0.000164 0.000094 0.000042 0.000000 
0.000000 0.000034 0.000075 0.000133 0.000218 0.000348 0.000544 0.000841 0.001285 0.001944 0.002913 0.004321 0.006349 0.009236 0.013304 0.018977 0.026803 0.037486 0.051912 0.071182 0.096643 0.129918 0.172926 0.227896 0.297368 0.384176 0.491404 0.622324 0.780296 0.968642 1.190488 1.448574 1.745046 2.081232 2.457415 2.872619 3.324422 3.808819 4.320146 4.851076 5.392713 5.934773 6.465868 6.973874 7.446366 7.871122 8.236635 8.532634 8.750562 8.883985 8.928910 8.883985 8.750562 8.532634 8.236635 7.871122 7.446366 6.973874 6.465868 5.934773 5.392713 4.851076 4.320146 3.808819 3.324422 2.872619 2.457415 2.081232 1.745046 1.448574 1.190488 0.968642 0.780296 0.622324 0.491404 0.384176 0.297368 0.227896 0.172926 0.129918 0.096643 0.071182 0.051912 0.037486 0.026803 0.018977 0.013304 0.009235 0.006349 0.004321 0.002913 0.001944 0.001284 0.000839 0.000541 0.000343 0.000211 0.000120 0.000054 0.000000 
0.000000 0.000043 0.000096 0.000169 0.000278 0.000442 0.000691 0.001068 0.001632 0.002469 0.003698 0.005485 0.008056 0.011718 0.016877 0.024069 0.033991 0.047531 0.065812 0.090228 0.122484 0.164634 0.219104 0.288715 0.376681 0.486584 0.622324 0.788036 0.987969 1.226319 1.507034 1.833575 2.208651 2.633934 3.109776 3.634936 4.206348 4.818943 5.465554 6.136917 6.821783 7.507152 8.178629 8.820888 9.418230 9.955205 10.417276 10.791462 11.066950 11.235612 11.292403 11.235612 11.066950 10.791462 10.417276 9.955205 9.418230 8.820888 8.178629 7.507152 6.821783 6.136917 5.465554 4.818943 4.206348 3.634936 3.109776 2.633934 2.208651 1.833575 1.507034 1.226319 0.987969 0.788036 0.622324 0.486584 0.376681 0.288715 0.219104 0.164634 0.122484 0.090228 0.065812 0.047531 0.033991 0.024069 0.016877 0.011718 0.008056 0.005485 0.003697 0.002468 0.001630 0.001066 0.000688 0.000436 0.000268 0.000153 0.000069 0.000000 
0.000000 0.000054 0.000121 0.000213 0.000349 0.000556 0.000869 0.001343 0.002051 0.003103 0.004647 0.006892 0.010121 0.014718 0.021195 0.030223 0.042674 0.059665 0.082601 0.113229 0.153688 0.206548 0.274850 0.362128 0.472405 0.610167 0.780296 0.987969 1.238500 1.537142 1.888833 2.297900 2.767727 3.300401 3.896355 4.554028 5.269576 6.036647 6.846264 7.686826 8.544252 9.402269 10.242861 11.046848 11.794581 12.466733 13.045110 13.513473 13.858293 14.069400 14.140482 14.069400 13.858293 13.513473 13.045110 12.466733 11.794581 11.046848 10.242861 9.402269 8.544252 7.686826 6.846264 6.036647 5.269576 4.554028 3.896355 3.300401 2.767727 2.297900 1.888833 1.537142 1.238500 0.987969 0.780296 0.610167 0.472405 0.362128 0.274850 0.206548 0.153688 0.113229 0.082601 0.059665 0.042674 0.030223 0.021195 0.014718 0.010121 0.006892 0.004647 0.003102 0.002050 0.001340 0.000865 0.000548 0.000337 0.000192 0.000087 0.000000 
0.000000 0.000068 0.000150 0.000265 0.000435 0.000692 0.001082 0.001671 0.002553 0.003861 0.005781 0.008573 0.012588 0.018302 0.026352 0.037571 0.053041 0.074148 0.102637 0.140677 0.190918 0.256550 0.341346 0.449686 0.586560 0.757527 0.968642 1.226319 1.537142 1.907620 2.343868 2.851242 3.433930 4.094511 4.833513 5.648993 6.536176 7.487184 8.490884 9.532894 10.595757 11.659308 12.701219 13.697722 14.624476 15.457530 16.174345 16.754804 17.182146 17.443773 17.531865 17.443773 17.182146 16.754804 16.174345 15.457530 14.624476 13.697722 12.701219 11.659308 10.595757 9.532894 8.490884 7.487184 6.536176 5.648993 4.833513 4.094511 3.433930 2.851242 2.343868 1.907620 1.537142 1.226319 0.968642 0.757527 0.586560 0.449686 0.341346 0.256550 0.190918 0.140677 0.102637 0.074148 0.053041 0.037570 0.026352 0.018302 0.012587 0.008572 0.005781 0.003860 0.002551 0.001668 0.001077 0.000683 0.000419 0.000239 0.000108 0.000000 
0.000000 0.000084 0.000185 0.000327 0.000536 0.000853 0.001334 0.002059 0.003145 0.004756 0.007120 0.010556 0.015498 0.022531 0.032435 0.046237 0.065266 0.091226 0.126260 0.173032 0.234799 0.315478 0.419702 0.552850 0.721046 0.931116 1.190488 1.507034 1.888833 2.343868 2.879636 3.502706 4.218208 5.029298 5.936612 6.937756 8.026862 9.194251 10.426256 11.705220 13.009722 14.315014 15.593699 16.816618 17.953906 18.976183 19.855801 20.568081 21.092466 21.413501 21.521596 21.413501 21.092466 20.568081 19.855801 18.976183 17.953906 16.816618 15.593699 14.315014 13.009722 11.705220 10.426256 9.194251 8.026862 6.937756 5.936612 5.029298 4.218208 3.502706 2.879636 2.343868 1.888833 1.507034 1.190488 0.931116 0.721046 0.552850 0.419702 0.315478 0.234799 0.173032 0.126260 0.091226 0.065266 0.046237 0.032435 0.022530 0.015498 0.010556 0.007120 0.004755 0.003143 0.002055 0.001327 0.000841 0.000517 0.000295 0.000134 0.000000 
0.000000 0.000102 0.000226 0.000399 0.000654 0.001041 0.001627 0.002512 0.003836 0.005799 0.008681 0.012869 0.018890 0.027457 0.039522 0.056331 0.079505 0.111114 0.153766 0.210702 0.285882 0.384069 0.510897 0.672904 0.877533 1.133081 1.448574 1.833575 2.297900 2.851242 3.502706 4.260265 5.130143 6.116163 7.219086 8.435993 9.759740 11.178559 12.675833 14.230106 15.815344 17.401480 18.955230 20.441171 21.823026 23.065107 24.133835 24.999236 25.636341 26.026382 26.157711 26.026382 25.636341 24.999236 24.133835 23.065107 21.823026 20.441171 18.955230 17.401480 15.815344 14.230106 12.675833 11.178559 9.759740 8.435993 7.219086 6.116163 5.130143 4.260265 3.502706 2.851242 2.297900 1.833575 1.448574 1.133081 0.877533 0.672904 0.510897 0.384069 0.285882 0.210702 0.153766 0.111114 0.079505 0.056331 0.039522 0.027457 0.018889 0.012868 0.008680 0.005798 0.003833 0.002507 0.001619 0.001027 0.000631 0.000360 0.000163 0.000000 
0.000000 0.000123 0.000273 0.000482 0.000791 0.001257 0.001965 0.003033 0.004631 0.007001 0.010478 0.015529 0.022792 0.033125 0.047674 0.067942 0.095880 0.133982 0.185390 0.254006 0.344598 0.462902 0.615697 0.810854 1.057330 1.365107 1.745046 2.208651 2.767727 3.433930 4.218208 5.130143 6.177211 7.363999 8.691411 10.155918 11.748915 13.456233 15.257872 17.128012 19.035333 20.943663 22.812966 24.600635 26.263039 27.757259 29.042911 30.083951 30.850352 31.319545 31.477526 31.319545 30.850352 30.083951 29.042911 27.757259 26.263039 24.600635 22.812966 20.943663 19.035333 17.128012 15.257872 13.456233 11.748915 10.155918 8.691411 7.363999 6.177211 5.130143 4.218208 3.433930 2.767727 2.208651 1.745046 1.365107 1.057330 0.810854 0.615697 0.462902 0.344598 0.254006 0.185390 0.133982 0.095880 0.067942 0.047674 0.033125 0.022792 0.015529 0.010477 0.006999 0.004628 0.003027 0.001955 0.001240 0.000762 0.000435 0.000197 0.000000 
0.000000 0.000147 0.000327 0.000576 0.000945 0.001503 0.002349 0.003625 0.005535 0.008365 0.012519 0.018552 0.027224 0.039562 0.056930 0.081123 0.114468 0.159938 0.221280 0.303145 0.411219 0.552338 0.734580 0.967325 1.261247 1.628237 2.081232 2.633934 3.300401 4.094511 5.029298 6.116163 7.363999 8.778256 10.359995 12.104999 14.003002 16.037113 18.183502 20.411406 22.683515 24.956746 27.183417 29.312786 31.292899 33.072649 34.603948 35.843879 36.756692 37.315515 37.503674 37.315515 36.756692 35.843879 34.603948 33.072649 31.292899 29.312786 27.183417 24.956746 22.683515 20.411406 18.183502 16.037113 14.003002 12.104999 10.359995 8.778256 7.363999 6.116163 5.029298 4.094511 3.300401 2.633934 2.081232 1.628237 1.261247 0.967325 0.734580 0.552338 0.411219 0.303145 0.221280 0.159938 0.114468 0.081123 0.056930 0.039562 0.027224 0.018551 0.012517 0.008363 0.005531 0.003618 0.002337 0.001483 0.000911 0.000520 0.000236 0.000000 
0.000000 0.000175 0.000387 0.000682 0.001119 0.001779 0.002780 0.004290 0.006548 0.009895 0.014807 0.021939 0.032191 0.046774 0.067300 0.095889 0.135287 0.189006 0.261469 0.358167 0.485807 0.652459 0.867654 1.142459 1.489464 1.922697 2.457415 3.109776 3.896355 4.833513 5.936612 7.219086 8.691411 10.359995 12.226075 14.284659 16.523626 18.923040 21.454786 24.082578 26.762410 29.443477 32.069553 34.580807 36.915982 39.014823 40.820639 42.282835 43.359263 44.018248 44.240131 44.018248 43.359263 42.282835 40.820639 39.014823 36.915982 34.580807 32.069553 29.443477 26.762410 24.082578 21.454786 18.923040 16.523626 14.284659 12.226075 10.359995 8.691411 7.219086 5.936612 4.833513 3.896355 3.109776 2.457415 1.922697 1.489464 1.142459 0.867654 0.652459 0.485807 0.358167 0.261469 0.189006 0.135287 0.095889 0.067300 0.046774 0.032191 0.021938 0.014805 0.009892 0.006543 0.004281 0.002766 0.001755 0.001079 0.000616 0.000279 0.000000 
0.000000 0.000205 0.000454 0.000800 0.001311 0.002084 0.003256 0.005024 0.007669 0.011587 0.017336 0.025684 0.037681 0.054744 0.078759 0.112203 0.158288 0.221117 0.305860 0.418933 0.568175 0.763012 1.014580 1.335805 1.741394 2.247726 2.872619 3.634936 4.554028 5.648993 6.937756 8.435993 10.155918 12.104999 14.284659 16.689053 19.304009 22.106233 25.062885 28.131587 31.260954 34.391665 37.458076 40.390338 43.116943 45.567553 47.675993 49.383207 50.639999 51.409397 51.668455 51.409397 50.639999 49.383207 47.675993 45.567553 43.116943 40.390338 37.458076 34.391665 31.260954 28.131587 25.062885 22.106233 19.304009 16.689053 14.284659 12.104999 10.155918 8.435993 6.937756 5.648993 4.554028 3.634936 2.872619 2.247726 1.741394 1.335805 1.014580 0.763012 0.568175 0.418933 0.305860 0.221117 0.158288 0.112203 0.078759 0.054744 0.037680 0.025683 0.017334 0.011584 0.007663 0.005014 0.003240 0.002056 0.001264 0.000722 0.000327 0.000000 
0.000000 0.000237 0.000526 0.000928 0.001521 0.002417 0.003776 0.005825 0.008890 0.013431 0.020092 0.029764 0.043662 0.063427 0.091241 0.129973 0.183337 0.256085 0.354196 0.485093 0.657847 0.883358 1.174508 1.546244 2.015572 2.601432 3.324422 4.206348 5.269576 6.536176 8.026862 9.759740 11.748915 14.003002 16.523626 19.304009 22.327747 25.567897 28.986478 32.534490 36.152528 39.772013 43.317065 46.706951 49.859018 52.691975 55.129340 57.102862 58.555690 59.445093 59.744557 59.445093 58.555690 57.102862 55.129340 52.691975 49.859018 46.706951 43.317065 39.772013 36.152528 32.534490 28.986478 25.567897 22.327747 19.304009 16.523626 14.003002 11.748915 9.759740 8.026862 6.536176 5.269576 4.206348 3.324422 2.601432 2.015572 1.546244 1.174508 0.883358 0.657847 0.485093 0.354196 0.256085 0.183337 0.129973 0.091241 0.063427 0.043661 0.029763 0.020090 0.013427 0.008883 0.005813 0.003756 0.002384 0.001466 0.000837 0.000379 0.000000 
0.000000 0.000273 0.000605 0.001065 0.001746 0.002775 0.004334 0.006685 0.010202 0.015411 0.023052 0.034144 0.050083 0.072747 0.104638 0.149042 0.210216 0.293602 0.406051 0.556066 0.754032 1.012434 1.346023 1.771913 2.309572 2.980682 3.808819 4.818943 6.036647 7.487184 9.194251 11.178559 13.456233 16.037113 18.923040 22.106233 25.567897 29.277174 33.190577 37.252014 41.393485 45.536501 49.594218 53.474245 57.081998 60.324455 63.114101 65.372838 67.035615 68.053542 68.396279 68.053542 67.035615 65.372838 63.114101 60.324455 57.081998 53.474245 49.594218 45.536501 41.393485 37.252014 33.190577 29.277174 25.567897 22.106233 18.923040 16.037113 13.456233 11.178559 9.194251 7.487184 6.036647 4.818943 3.808819 2.980682 2.309572 1.771913 1.346023 1.012434 0.754032 0.556066 0.406051 0.293602 0.210216 0.149041 0.104637 0.072746 0.050082 0.034143 0.023049 0.015406 0.010194 0.006672 0.004312 0.002737 0.001683 0.000961 0.000436 0.000000 
0.000000 0.000310 0.000687 0.001211 0.001984 0.003153 0.004924 0.007595 0.011588 0.017504 0.026180 0.038774 0.056868 0.082595 0.118792 0.169188 0.238611 0.333232 0.460821 0.631021 0.855607 1.148733 1.527123 2.010175 2.619956 3.381041 4.320146 5.465554 6.846264 8.490884 10.426256 12.675833 15.257872 18.183502 21.454786 25.062885 28.986478 33.190577 37.625888 42.228837 46.922360 51.617515 56.215899 60.612829 64.701140 68.375441 71.536584 74.096090 75.980266 77.133724 77.522094 77.133724 75.980266 74.096090 71.536584 68.375441 64.701140 60.612829 56.215899 51.617515 46.922360 42.228837 37.625888 33.190577 28.986478 25.062885 21.454786 18.183502 15.257872 12.675833 10.426256 8.490884 6.846264 5.465554 4.320146 3.381041 2.619956 2.010175 1.527123 1.148733 0.855607 0.631021 0.460821 0.333232 0.238611 0.169187 0.118792 0.082594 0.056867 0.038772 0.026177 0.017499 0.011579 0.007580 0.004899 0.003110 0.001913 0.001093 0.000495 0.000000 
0.000000 0.000349 0.000773 0.001362 0.002232 0.003547 0.005538 0.008541 0.013030 0.019680 0.029432 0.043586 0.063921 0.092830 0.133502 0.190122 0.268114 0.374406 0.517722 0.708886 0.961117 1.290303 1.715212 2.257617 2.942279 3.796773 4.851076 6.136917 7.686826 9.532894 11.705220 14.230106 17.128012 20.411406 24.082578 28.131587 32.534490 37.252014 42.228837 47.393620 52.659899 57.927886 63.087189 68.020372 72.607222 76.729519 80.276049 83.147569 85.261418 86.555471 86.991178 86.555471 85.261418 83.147569 80.276049 76.729519 72.607222 68.020372 63.087189 57.927886 52.659899 47.393620 42.228837 37.252014 32.534490 28.131587 24.082578 20.411406 17.128012 14.230106 11.705220 9.532894 7.686826 6.136917 4.851076 3.796773 2.942279 2.257617 1.715212 1.290303 0.961117 0.708886 0.517722 0.374406 0.268114 0.190122 0.133502 0.092829 0.063920 0.043584 0.029428 0.019674 0.013020 0.008524 0.005509 0.003498 0.002151 0.001229 0.000557 0.000000 
0.000000 0.000388 0.000861 0.001516 0.002485 0.003948 0.006165 0.009507 0.014503 0.021903 0.032753 0.048501 0.071123 0.103281 0.148520 0.211494 0.298232 0.416434 0.575799 0.788354 1.068793 1.434770 1.907139 2.510091 3.271138 4.220911 5.392713 6.821783 8.544252 10.595757 13.009722 15.815344 19.035333 22.683515 26.762410 31.260954 36.152528 41.393485 46.922360 52.659899 58.510053 64.361981 70.093067 75.572881 80.667910 85.246860 89.186220 92.375775 94.723728 96.161089 96.645047 96.161089 94.723728 92.375775 89.186220 85.246860 80.667910 75.572881 70.093067 64.361981 58.510053 52.659899 46.922360 41.393485 36.152528 31.260954 26.762410 22.683515 19.035333 15.815344 13.009722 10.595757 8.544252 6.821783 5.392713 4.220911 3.271138 2.510091 1.907139 1.434770 1.068793 0.788354 0.575799 0.416434 0.298232 0.211494 0.148520 0.103280 0.071121 0.048499 0.032749 0.021896 0.014492 0.009488 0.006133 0.003894 0.002395 0.001369 0.000620 0.000000 
0.000000 0.000428 0.000949 0.001671 0.002739 0.004351 0.006794 0.010475 0.015979 0.024130 0.036080 0.053424 0.078336 0.113748 0.163561 0.232897 0.328391 0.458517 0.633947 0.867916 1.176589 1.579388 2.099256 2.762801 3.600287 4.645403 5.934773 7.507152 9.402269 11.659308 14.315014 17.401480 20.943663 24.956746 29.443477 34.391665 39.772013 45.536501 51.617515 57.927886 64.361981 70.797902 77.100815 83.127291 88.730521 93.766138 98.098336 101.605931 104.187990 105.768660 106.300868 105.768660 104.187990 101.605931 98.098336 93.766138 88.730521 83.127291 77.100815 70.797902 64.361981 57.927886 51.617515 45.536501 39.772013 34.391665 29.443477 24.956746 20.943663 17.401480 14.315014 11.659308 9.402269 7.507152 5.934773 4.645403 3.600287 2.762801 2.099256 1.579388 1.176589 0.867916 0.633947 0.458517 0.328390 0.232897 0.163561 0.113747 0.078335 0.053422 0.036076 0.024123 0.015967 0.010454 0.006758 0.004292 0.002640 0.001508 0.000683 0.000000 
0.000000 0.000467 0.001035 0.001823 0.002988 0.004746 0.007410 0.011425 0.017427 0.026314 0.039343 0.058252 0.085409 0.124011 0.178307 0.253879 0.357955 0.499768 0.690942 0.945895 1.282235 1.721115 2.287522 3.010434 3.922808 5.061326 6.465868 8.178629 10.242861 12.701219 15.593699 18.955230 22.812966 27.183417 32.069553 37.458076 43.317065 49.594218 56.215899 63.087189 70.093067 77.100815 83.963629 90.525361 96.626182 102.108927 106.825753 110.644738 113.456009 115.176990 115.756439 115.176990 113.456009 110.644738 106.825753 102.108927 96.626182 90.525361 83.963629 77.100815 70.093067 63.087189 56.215899 49.594218 43.317065 37.458076 32.069553 27.183417 22.812966 18.955230 15.593699 12.701219 10.242861 8.178629 6.465868 5.061326 3.922808 3.010434 2.287522 1.721115 1.282235 0.945895 0.690942 0.499768 0.357955 0.253879 0.178307 0.124010 0.085408 0.058249 0.039339 0.026306 0.017413 0.011402 0.007371 0.004681 0.002880 0.001646 0.000746 0.000000 
