0.000000 0.000000 0.000000 0.000000 0.000000 0.000000 0.000000 0.000000 0.000000 0.000000 0.000000 0.000000 0.000000 0.000000 0.000000 0.000000 0.000000 0.000000 0.000000 0.000000 0.000000 0.000000 0.000000 0.000000 0.000000 0.000000 0.000000 0.000000 0.000000 0.000000 0.000000 0.000000 0.000000 0.000000 0.000000 0.000000 0.000000 0.000000 0.000000 0.000000 0.000000 0.000000 0.000000 0.000000 0.000000 0.000000 0.000000 0.000000 0.000000 0.000000 0.000000 0.000000 0.000000 0.000000 0.000000 0.000000 0.000000 0.000000 0.000000 0.000000 0.000000 0.000000 0.000000 0.000000 0.000000 0.000000 0.000000 0.000000 0.000000 0.000000 0.000000 0.000000 0.000000 0.000000 0.000000 0.000000 0.000000 0.000000 0.000000 0.000000 0.000000 0.000000 0.000000 0.000000 0.000000 0.000000 0.000000 0.000000 0.000000 0.000000 0.000000 0.000000 0.000000 0.000000 0.000000 0.000000 0.000000 0.000000 0.000000 0.000000 
0.000000 0.000000 0.000000 0.000000 0.000000 0.000000 0.000000 0.000000 0.000000 0.000000 0.000000 0.000000 0.000000 0.000000 0.000000 0.000000 0.000000 0.000000 0.000000 0.000000 0.000000 0.000000 0.000000 0.000000 0.000000 0.000000 0.000000 0.000000 0.000000 0.000000 0.000000 0.000000 0.000000 0.000000 0.000000 0.000000 0.000000 0.000000 0.000000 0.000000 0.000000 0.000000 0.000000 0.000000 0.000000 0.000000 0.000000 0.000000 0.000000 0.000000 0.000000 0.000000 0.000000 0.000000 0.000000 0.000000 0.000000 0.000000 0.000000 0.000000 0.000000 0.000000 0.000000 0.000000 0.000000 0.000000 0.000000 0.000000 0.000000 0.000000 0.000000 0.000000 0.000000 0.000000 0.000000 0.000000 0.000000 0.000000 0.000000 0.000000 0.000000 0.000000 0.000000 0.000000 0.000000 0.000000 0.000000 0.000000 0.000000 0.000000 0.000000 0.000000 0.000000 0.000000 0.000000 0.000000 0.000000 0.000000 0.000000 0.000000 
0.000000 0.000000 0.000000 0.000000 0.000000 0.000000 0.000000 0.000000 0.000000 0.000000 0.000000 0.000000 0.000000 0.000000 0.000000 0.000000 0.000000 0.000000 0.000000 0.000000 0.000000 0.000000 0.000000 0.000000 0.000000 0.000000 0.000000 0.000000 0.000000 0.000000 0.000000 0.000000 0.000000 0.000000 0.000000 0.000000 0.000000 0.000000 0.000000 0.000000 0.000000 0.000000 0.000000 0.000000 0.000000 0.000000 0.000000 0.000000 0.000000 0.000000 0.000000 0.000000 0.000000 0.000000 0.000000 0.000000 0.000000 0.000000 0.000000 0.000000 0.000000 0.000000 0.000000 0.000000 0.000000 0.000000 0.000000 0.000000 0.000000 0.000000 0.000000 0.000000 0.000000 0.000000 0.000000 0.000000 0.000000 0.000000 0.000000 0.000000 0.000000 0.000000 0.000000 0.000000 0.000000 0.000000 0.000000 0.000000 0.000000 0.000000 0.000000 0.000000 0.000000 0.000000 0.000000 0.000000 0.000000 0.000000 0.000000 0.000000 
0.000000 0.000000 0.000000 0.000000 0.000000 0.000000 0.000000 0.000000 0.000000 0.000000 0.000000 0.000000 0.000000 0.000000 0.000000 0.000000 0.000000 0.000000 0.000000 0.000000 0.000000 0.000000 0.000000 0.000000 0.000000 0.000000 0.000000 0.000000 0.000000 0.000000 0.000000 0.000000 0.000000 0.000000 0.000000 0.000000 0.000000 0.000000 0.000000 0.000000 0.000000 0.000000 0.000000 0.000000 0.000000 0.000000 0.000000 0.000000 0.000000 0.000000 0.000000 0.000000 0.000000 0.000000 0.000000 0.000000 0.000000 0.000000 0.000000 0.000000 0.000000 0.000000 0.000000 0.000000 0.000000 0.000000 0.000000 0.000000 0.000000 0.000000 0.000000 0.000000 0.000000 0.000000 0.000000 0.000000 0.000000 0.000000 0.000000 0.000000 0.000000 0.000000 0.000000 0.000000 0.000000 0.000000 0.000000 0.000000 0.000000 0.000000 0.000000 0.000000 0.000000 0.000000 0.000000 0.000000 0.000000 0.000000 0.000000 0.000000 
0.000000 0.000000 0.000000 0.000000 0.000000 0.000000 0.000000 0.000000 0.000000 0.000000 0.000000 0.000000 0.000000 0.000000 0.000000 0.000000 0.000000 0.000000 0.000000 0.000000 0.000000 0.000000 0.000000 0.000000 0.000000 0.000000 0.000000 0.000000 0.000000 0.000000 0.000000 0.000000 0.000000 0.000000 0.000000 0.000000 0.000000 0.000000 0.000000 0.000000 0.000000 0.000000 0.000000 0.000000 0.000000 0.000000 0.000000 0.000000 0.000000 0.000000 0.000000 0.000000 0.000000 0.000000 0.000000 0.000000 0.000000 0.000000 0.000000 0.000000 0.000000 0.000000 0.000000 0.000000 0.000000 0.000000 0.000000 0.000000 0.000000 0.000000 0.000000 0.000000 0.000000 0.000000 0.000000 0.000000 0.000000 0.000000 0.000000 0.000000 0.000000 0.000000 0.000000 0.000000 0.000000 0.000000 0.000000 0.000000 0.000000 0.000000 0.000000 0.000000 0.000000 0.000000 0.000000 0.000000 0.000000 0.000000 0.000000 0.000000 
0.000000 0.000000 0.000000 0.000000 0.000000 0.000000 0.000000 0.000000 0.000000 0.000000 0.000000 0.000000 0.000000 0.000000 0.000000 0.000000 0.000000 0.000000 0.000000 0.000000 0.000000 0.000000 0.000000 0.000000 0.000000 0.000000 0.000000 0.000000 0.000000 0.000000 0.000000 0.000000 0.000000 0.000000 0.000000 0.000000 0.000000 0.000000 0.000000 0.000000 0.000000 0.000000 0.000000 0.000000 0.000000 0.000000 0.000000 0.000000 0.000000 0.000000 0.000000 0.000000 0.000000 0.000000 0.000000 0.000000 0.000000 0.000000 0.000000 0.000000 0.000000 0.000000 0.000000 0.000000 0.000000 0.000000 0.000000 0.000000 0.000000 0.000000 0.000000 0.000000 0.000000 0.000000 0.000000 0.000000 0.000000 0.000000 0.000000 0.000000 0.000000 0.000000 0.000000 0.000000 0.000000 0.000000 0.000000 0.000000 0.000000 0.000000 0.000000 0.000000 0.000000 0.000000 0.000000 0.000000 0.000000 0.000000 0.000000 0.000000 
0.000000 0.000000 0.000000 0.000000 0.000000 0.000000 0.000000 0.000000 0.000000 0.000000 0.000000 0.000000 0.000000 0.000000 0.000000 0.000000 0.000000 0.000000 0.000000 0.000000 0.000000 0.000000 0.000000 0.000000 0.000000 0.000000 0.000000 0.000000 0.000000 0.000000 0.000000 0.000000 0.000000 0.000000 0.000000 0.000000 0.000000 0.000000 0.000000 0.000000 0.000000 0.000000 0.000000 0.000000 0.000000 0.000000 0.000000 0.000000 0.000000 0.000000 0.000000 0.000000 0.000000 0.000000 0.000000 0.000000 0.000000 0.000000 0.000000 0.000000 0.000000 0.000000 0.000000 0.000000 0.000000 0.000000 0.000000 0.000000 0.000000 0.000000 0.000000 0.000000 0.000000 0.000000 0.000000 0.000000 0.000000 0.000000 0.000000 0.000000 0.000000 0.000000 0.000000 0.000000 0.000000 0.000000 0.000000 0.000000 0.000000 0.000000 0.000000 0.000000 0.000000 0.000000 0.000000 0.000000 0.000000 0.000000 0.000000 0.000000 
0.000000 0.000000 0.000000 0.000000 0.000000 0.000000 0.000000 0.000000 0.000000 0.000000 0.000000 0.000000 0.000000 0.000000 0.000000 0.000000 0.000000 0.000000 0.000000 0.000000 0.000000 0.000000 0.000000 0.000000 0.000000 0.000000 0.000000 0.000000 0.000000 0.000000 0.000000 0.000000 0.000000 0.000000 0.000000 0.000000 0.000000 0.000000 0.000000 0.000000 0.000000 0.000000 0.000000 0.000000 0.000000 0.000000 0.000000 0.000000 0.000000 0.000000 0.000000 0.000000 0.000000 0.000000 0.000000 0.000000 0.000000 0.000000 0.000000 0.000000 0.000000 0.000000 0.000000 0.000000 0.000000 0.000000 0.000000 0.000000 0.000000 0.000000 0.000000 0.000000 0.000000 0.000000 0.000000 0.000000 0.000000 0.000000 0.000000 0.000000 0.000000 0.000000 0.000000 0.000000 0.000000 0.000000 0.000000 0.000000 0.000000 0.000000 0.000000 0.000000 0.000000 0.000000 0.000000 0.000000 0.000000 0.000000 0.000000 0.000000 
0.000000 0.000000 0.000000 0.000000 0.000000 0.000000 0.000000 0.000000 0.000000 0.000000 0.000000 0.000000 0.000000 0.000000 0.000000 0.000000 0.000000 0.000000 0.000000 0.000000 0.000000 0.000000 0.000000 0.000000 0.000000 0.000000 0.000000 0.000000 0.000000 0.000000 0.000000 0.000000 0.000000 0.000000 0.000000 0.000000 0.000000 0.000000 0.000000 0.000000 0.000000 0.000000 0.000000 0.000000 0.000000 0.000000 0.000000 0.000000 0.000000 0.000000 0.000000 0.000000 0.000000 0.000000 0.000000 0.000000 0.000000 0.000000 0.000000 0.000000 0.000000 0.000000 0.000000 0.000000 0.000000 0.000000 0.000000 0.000000 0.000000 0.000000 0.000000 0.000000 0.000000 0.000000 0.000000 0.000000 0.000000 0.000000 0.000000 0.000000 0.000000 0.000000 0.000000 0.000000 0.000000 0.000000 0.000000 0.000000 0.000000 0.000000 0.000000 0.000000 0.000000 0.000000 0.000000 0.000000 0.000000 0.000000 0.000000 0.000000 
0.000000 0.000000 0.000000 0.000000 0.000000 0.000000 0.000000 0.000000 0.000000 0.000000 0.000000 0.000000 0.000000 0.000000 0.000000 0.000000 0.000000 0.000000 0.000000 0.000000 0.000000 0.000000 0.000000 0.000000 0.000000 0.000000 0.000000 0.000000 0.000000 0.000000 0.000000 0.000000 0.000000 0.000000 0.000000 0.000000 0.000000 0.000000 0.000000 0.000000 0.000000 0.000000 0.000000 0.000000 0.000000 0.000000 0.000000 0.000000 0.000000 0.000000 0.000000 0.000000 0.000000 0.000000 0.000000 0.000000 0.000000 0.000000 0.000000 0.000000 0.000000 0.000000 0.000000 0.000000 0.000000 0.000000 0.000000 0.000000 0.000000 0.000000 0.000000 0.000000 0.000000 0.000000 0.000000 0.000000 0.000000 0.000000 0.000000 0.000000 0.000000 0.000000 0.000000 0.000000 0.000000 0.000000 0.000000 0.000000 0.000000 0.000000 0.000000 0.000000 0.000000 0.000000 0.000000 0.000000 0.000000 0.000000 0.000000 0.000000 
0.000000 0.000000 0.000000 0.000000 0.000000 0.000000 0.000000 0.000000 0.000000 0.000000 0.000000 0.000000 0.000000 0.000000 0.000000 0.000000 0.000000 0.000000 0.000000 0.000000 0.000000 0.000000 0.000000 0.000000 0.000000 0.000000 0.000000 0.000000 0.000000 0.000000 0.000000 0.000000 0.000000 0.000000 0.000000 0.000000 0.000000 0.000000 0.000000 0.000000 0.000000 0.000000 0.000000 0.000000 0.000000 0.000000 0.000000 0.000000 0.000000 0.000000 0.000000 0.000000 0.000000 0.000000 0.000000 0.000000 0.000000 0.000000 0.000000 0.000000 0.000000 0.000000 0.000000 0.000000 0.000000 0.000000 0.000000 0.000000 0.000000 0.000000 0.000000 0.000000 0.000000 0.000000 0.000000 0.000000 0.000000 0.000000 0.000000 0.000000 0.000000 0.000000 0.000000 0.000000 0.000000 0.000000 0.000000 0.000000 0.000000 0.000000 0.000000 0.000000 0.000000 0.000000 0.000000 0.000000 0.000000 0.000000 0.000000 0.000000 
0.000000 0.000000 0.000000 0.000000 0.000000 0.000000 0.000000 0.000000 0.000000 0.000000 0.000000 0.000000 0.000000 0.000000 0.000000 0.000000 0.000000 0.000000 0.000000 0.000000 0.000000 0.000000 0.000000 0.000000 0.000000 0.000000 0.000000 0.000000 0.000000 0.000000 0.000000 0.000000 0.000000 0.000000 0.000000 0.000000 0.000000 0.000000 0.000000 0.000000 0.000000 0.000000 0.000000 0.000000 0.000000 0.000000 0.000000 0.000001 0.000001 0.000001 0.000001 0.000001 0.000001 0.000001 0.000000 0.000000 0.000000 0.000000 0.000000 0.000000 0.000000 0.000000 0.000000 0.000000 0.000000 0.000000 0.000000 0.000000 0.000000 0.000000 0.000000 0.000000 0.000000 0.000000 0.000000 0.000000 0.000000 0.000000 0.000000 0.000000 0.000000 0.000000 0.000000 0.000000 0.000000 0.000000 0.000000 0.000000 0.000000 0.000000 0.000000 0.000000 0.000000 0.000000 0.000000 0.000000 0.000000 0.000000 0.000000 0.000000 
0.000000 0.000000 0.000000 0.000000 0.000000 0.000000 0.000000 0.000000 0.000000 0.000000 0.000000 0.000000 0.000000 0.000000 0.000000 0.000000 0.000000 0.000000 0.000000 0.000000 0.000000 0.000000 0.000000 0.000000 0.000000 0.000000 0.000000 0.000000 0.000000 0.000000 0.000000 0.000000 0.000000 0.000000 0.000000 0.000000 0.000000 0.000000 0.000000 0.000000 0.000000 0.000000 0.000001 0.000001 0.000001 0.000001 0.000001 0.000001 0.000002 0.000002 0.000002 0.000002 0.000002 0.000001 0.000001 0.000001 0.000001 0.000001 0.000001 0.000000 0.000000 0.000000 0.000000 0.000000 0.000000 0.000000 0.000000 0.000000 0.000000 0.000000 0.000000 0.000000 0.000000 0.000000 0.000000 0.000000 0.000000 0.000000 0.000000 0.000000 0.000000 0.000000 0.000000 0.000000 0.000000 0.000000 0.000000 0.000000 0.000000 0.000000 0.000000 0.000000 0.000000 0.000000 0.000000 0.000000 0.000000 0.000000 0.000000 0.000000 
0.000000 0.000000 0.000000 0.000000 0.000000 0.000000 0.000000 0.000000 0.000000 0.000000 0.000000 0.000000 0.000000 0.000000 0.000000 0.000000 0.000000 0.000000 0.000000 0.000000 0.000000 0.000000 0.000000 0.000000 0.000000 0.000000 0.000000 0.000000 0.000000 0.000000 0.000000 0.000000 0.000000 0.000000 0.000000 0.000000 0.000000 0.000000 0.000001 0.000001 0.000001 0.000001 0.000002 0.000002 0.000003 0.000003 0.000004 0.000004 0.000004 0.000004 0.000005 0.000004 0.000004 0.000004 0.000004 0.000003 0.000003 0.000002 0.000002 0.000001 0.000001 0.000001 0.000001 0.000000 0.000000 0.000000 0.000000 0.000000 0.000000 0.000000 0.000000 0.000000 0.000000 0.000000 0.000000 0.000000 0.000000 0.000000 0.000000 0.000000 0.000000 0.000000 0.000000 0.000000 0.000000 0.000000 0.000000 0.000000 0.000000 0.000000 0.000000 0.000000 0.000000 0.000000 0.000000 0.000000 0.000000 0.000000 0.000000 0.000000 
0.000000 0.000000 0.000000 0.000000 0.000000 0.000000 0.000000 0.000000 0.000000 0.000000 0.000000 0.000000 0.000000 0.000000 0.000000 0.000000 0.000000 0.000000 0.000000 0.000000 0.000000 0.000000 0.000000 0.000000 0.000000 0.000000 0.000000 0.000000 0.000000 0.000000 0.000000 0.000000 0.000000 0.000000 0.000000 0.000000 0.000001 0.000001 0.000001 0.000002 0.000003 0.000003 0.000004 0.000006 0.000007 0.000008 0.000009 0.000010 0.000011 0.000012 0.000012 0.000012 0.000011 0.000010 0.000009 0.000008 0.000007 0.000006 0.000004 0.000003 0.000003 0.000002 0.000001 0.000001 0.000001 0.000000 0.000000 0.000000 0.000000 0.000000 0.000000 0.000000 0.000000 0.000000 0.000000 0.000000 0.000000 0.000000 0.000000 0.000000 0.000000 0.000000 0.000000 0.000000 0.000000 0.000000 0.000000 0.000000 0.000000 0.000000 0.000000 0.000000 0.000000 0.000000 0.000000 0.000000 0.000000 0.000000 0.000000 0.000000 
0.000000 0.000000 0.000000 0.000000 0.000000 0.000000 0.000000 0.000000 0.000000 0.000000 0.000000 0.000000 0.000000 0.000000 0.000000 0.000000 0.000000 0.000000 0.000000 0.000000 0.000000 0.000000 0.000000 0.000000 0.000000 0.000000 0.000000 0.000000 0.000000 0.000000 0.000000 0.000000 0.000000 0.000000 0.000001 0.000001 0.000002 0.000002 0.000003 0.000005 0.000007 0.000009 0.000011 0.000014 0.000017 0.000021 0.000024 0.000026 0.000028 0.000030 0.000030 0.000030 0.000028 0.000026 0.000024 0.000021 0.000017 0.000014 0.000011 0.000009 0.000007 0.000005 0.000003 0.000002 0.000002 0.000001 0.000001 0.000000 0.000000 0.000000 0.000000 0.000000 0.000000 0.000000 0.000000 0.000000 0.000000 0.000000 0.000000 0.000000 0.000000 0.000000 0.000000 0.000000 0.000000 0.000000 0.000000 0.000000 0.000000 0.000000 0.000000 0.000000 0.000000 0.000000 0.000000 0.000000 0.000000 0.000000 0.000000 0.000000 
0.000000 0.000000 0.000000 0.000000 0.000000 0.000000 0.000000 0.000000 0.000000 0.000000 0.000000 0.000000 0.000000 0.000000 0.000000 0.000000 0.000000 0.000000 0.000000 0.000000 0.000000 0.000000 0.000000 0.000000 0.000000 0.000000 0.000000 0.000000 0.000000 0.000000 0.000000 0.000000 0.000001 0.000001 0.000002 0.000003 0.000004 0.000006 0.000009 0.000012 0.000017 0.000022 0.000029 0.000036 0.000043 0.000051 0.000059 0.000065 0.000070 0.000074 0.000075 0.000074 0.000070 0.000065 0.000059 0.000051 0.000043 0.000036 0.000029 0.000022 0.000017 0.000012 0.000009 0.000006 0.000004 0.000003 0.000002 0.000001 0.000001 0.000000 0.000000 0.000000 0.000000 0.000000 0.000000 0.000000 0.000000 0.000000 0.000000 0.000000 0.000000 0.000000 0.000000 0.000000 0.000000 0.000000 0.000000 0.000000 0.000000 0.000000 0.000000 0.000000 0.000000 0.000000 0.000000 0.000000 0.000000 0.000000 0.000000 0.000000 
0.000000 0.000000 0.000000 0.000000 0.000000 0.000000 0.000000 0.000000 0.000000 0.000000 0.000000 0.000000 0.000000 0.000000 0.000000 0.000000 0.000000 0.000000 0.000000 0.000000 0.000000 0.000000 0.000000 0.000000 0.000000 0.000000 0.000000 0.000000 0.000000 0.000000 0.000000 0.000001 0.000001 0.000002 0.000004 0.000006 0.000010 0.000015 0.000021 0.000030 0.000041 0.000054 0.000069 0.000087 0.000105 0.000124 0.000142 0.000158 0.000170 0.000178 0.000181 0.000178 0.000170 0.000158 0.000142 0.000124 0.000105 0.000087 0.000069 0.000054 0.000041 0.000030 0.000021 0.000015 0.000010 0.000006 0.000004 0.000002 0.000001 0.000001 0.000000 0.000000 0.000000 0.000000 0.000000 0.000000 0.000000 0.000000 0.000000 0.000000 0.000000 0.000000 0.000000 0.000000 0.000000 0.000000 0.000000 0.000000 0.000000 0.000000 0.000000 0.000000 0.000000 0.000000 0.000000 0.000000 0.000000 0.000000 0.000000 0.000000 
0.000000 0.000000 0.000000 0.000000 0.000000 0.000000 0.000000 0.000000 0.000000 0.000000 0.000000 0.000000 0.000000 0.000000 0.000000 0.000000 0.000000 0.000000 0.000000 0.000000 0.000000 0.000000 0.000000 0.000000 0.000000 0.000000 0.000000 0.000000 0.000000 0.000001 0.000001 0.000002 0.000004 0.000006 0.000010 0.000015 0.000023 0.000035 0.000050 0.000071 0.000096 0.000128 0.000165 0.000206 0.000250 0.000294 0.000336 0.000373 0.000402 0.000420 0.000427 0.000420 0.000402 0.000373 0.000336 0.000294 0.000250 0.000206 0.000165 0.000128 0.000096 0.000071 0.000050 0.000035 0.000023 0.000015 0.000010 0.000006 0.000004 0.000002 0.000001 0.000001 0.000000 0.000000 0.000000 0.000000 0.000000 0.000000 0.000000 0.000000 0.000000 0.000000 0.000000 0.000000 0.000000 0.000000 0.000000 0.000000 0.000000 0.000000 0.000000 0.000000 0.000000 0.000000 0.000000 0.000000 0.000000 0.000000 0.000000 0.000000 
0.000000 0.000000 0.000000 0.000000 0.000000 0.000000 0.000000 0.000000 0.000000 0.000000 0.000000 0.000000 0.000000 0.000000 0.000000 0.000000 0.000000 0.000000 0.000000 0.000000 0.000000 0.000000 0.000000 0.000000 0.000000 0.000000 0.000000 0.000000 0.000001 0.000002 0.000003 0.000005 0.000008 0.000014 0.000023 0.000035 0.000054 0.000081 0.000117 0.000164 0.000224 0.000296 0.000381 0.000475 0.000576 0.000678 0.000775 0.000860 0.000927 0.000969 0.000983 0.000969 0.000927 0.000860 0.000775 0.000678 0.000576 0.000475 0.000381 0.000296 0.000224 0.000164 0.000117 0.000081 0.000054 0.000035 0.000023 0.000014 0.000008 0.000005 0.000003 0.000002 0.000001 0.000000 0.000000 0.000000 0.000000 0.000000 0.000000 0.000000 0.000000 0.000000 0.000000 0.000000 0.000000 0.000000 0.000000 0.000000 0.000000 0.000000 0.000000 0.000000 0.000000 0.000000 0.000000 0.000000 0.000000 0.000000 0.000000 0.000000 
0.000000 0.000000 0.000000 0.000000 0.000000 0.000000 0.000000 0.000000 0.000000 0.000000 0.000000 0.000000 0.000000 0.000000 0.000000 0.000000 0.000000 0.000000 0.000000 0.000000 0.000000 0.000000 0.000000 0.000000 0.000000 0.000000 0.000001 0.000001 0.000002 0.000004 0.000006 0.000011 0.000019 0.000032 0.000051 0.000081 0.000124 0.000184 0.000265 0.000371 0.000506 0.000669 0.000859 0.001072 0.001299 0.001528 0.001745 0.001935 0.002084 0.002178 0.002211 0.002178 0.002084 0.001935 0.001745 0.001528 0.001299 0.001072 0.000859 0.000669 0.000506 0.000371 0.000265 0.000184 0.000124 0.000081 0.000051 0.000032 0.000019 0.000011 0.000006 0.000004 0.000002 0.000001 0.000001 0.000000 0.000000 0.000000 0.000000 0.000000 0.000000 0.000000 0.000000 0.000000 0.000000 0.000000 0.000000 0.000000 0.000000 0.000000 0.000000 0.000000 0.000000 0.000000 0.000000 0.000000 0.000000 0.000000 0.000000 0.000000 
0.000000 0.000000 0.000000 0.000000 0.000000 0.000000 0.000000 0.000000 0.000000 0.000000 0.000000 0.000000 0.000000 0.000000 0.000000 0.000000 0.000000 0.000000 0.000000 0.000000 0.000000 0.000000 0.000000 0.000000 0.000000 0.000001 0.000001 0.000002 0.000004 0.000008 0.000014 0.000025 0.000043 0.000071 0.000115 0.000180 0.000274 0.000407 0.000586 0.000821 0.001116 0.001475 0.001892 0.002358 0.002855 0.003356 0.003831 0.004247 0.004572 0.004778 0.004849 0.004778 0.004572 0.004247 0.003831 0.003356 0.002855 0.002358 0.001892 0.001475 0.001116 0.000821 0.000586 0.000407 0.000274 0.000180 0.000115 0.000071 0.000043 0.000025 0.000014 0.000008 0.000004 0.000002 0.000001 0.000001 0.000000 0.000000 0.000000 0.000000 0.000000 0.000000 0.000000 0.000000 0.000000 0.000000 0.000000 0.000000 0.000000 0.000000 0.000000 0.000000 0.000000 0.000000 0.000000 0.000000 0.000000 0.000000 0.000000 0.000000 
0.000000 0.000000 0.000000 0.000000 0.000000 0.000000 0.000000 0.000000 0.000000 0.000000 0.000000 0.000000 0.000000 0.000000 0.000000 0.000000 0.000000 0.000000 0.000000 0.000000 0.000000 0.000000 0.000000 0.000000 0.000001 0.000001 0.000003 0.000005 0.000009 0.000017 0.000031 0.000055 0.000093 0.000154 0.000249 0.000390 0.000594 0.000879 0.001265 0.001768 0.002402 0.003170 0.004064 0.005060 0.006121 0.007191 0.008205 0.009092 0.009783 0.010224 0.010375 0.010224 0.009783 0.009092 0.008205 0.007191 0.006121 0.005060 0.004064 0.003170 0.002402 0.001768 0.001265 0.000879 0.000594 0.000390 0.000249 0.000154 0.000093 0.000055 0.000031 0.000017 0.000009 0.000005 0.000003 0.000001 0.000001 0.000000 0.000000 0.000000 0.000000 0.000000 0.000000 0.000000 0.000000 0.000000 0.000000 0.000000 0.000000 0.000000 0.000000 0.000000 0.000000 0.000000 0.000000 0.000000 0.000000 0.000000 0.000000 0.000000 
0.000000 0.000000 0.000000 0.000000 0.000000 0.000000 0.000000 0.000000 0.000000 0.000000 0.000000 0.000000 0.000000 0.000000 0.000000 0.000000 0.000000 0.000000 0.000000 0.000000 0.000000 0.000000 0.000000 0.000001 0.000001 0.000003 0.000005 0.000011 0.000020 0.000037 0.000067 0.000116 0.000198 0.000327 0.000527 0.000824 0.001253 0.001852 0.002661 0.003715 0.005040 0.006644 0.008510 0.010588 0.012798 0.015026 0.017136 0.018980 0.020419 0.021334 0.021648 0.021334 0.020419 0.018980 0.017136 0.015026 0.012798 0.010588 0.008510 0.006644 0.005040 0.003715 0.002661 0.001852 0.001253 0.000824 0.000527 0.000327 0.000198 0.000116 0.000067 0.000037 0.000020 0.000011 0.000005 0.000003 0.000001 0.000001 0.000000 0.000000 0.000000 0.000000 0.000000 0.000000 0.000000 0.000000 0.000000 0.000000 0.000000 0.000000 0.000000 0.000000 0.000000 0.000000 0.000000 0.000000 0.000000 0.000000 0.000000 0.000000 
0.000000 0.000000 0.000000 0.000000 0.000000 0.000000 0.000000 0.000000 0.000000 0.000000 0.000000 0.000000 0.000000 0.000000 0.000000 0.000000 0.000000 0.000000 0.000000 0.000000 0.000000 0.000000 0.000001 0.000001 0.000003 0.000006 0.000011 0.000022 0.000042 0.000077 0.000138 0.000241 0.000410 0.000677 0.001087 0.001697 0.002577 0.003803 0.005456 0.007608 0.010311 0.013578 0.017375 0.021601 0.026091 0.030615 0.034897 0.038638 0.041555 0.043410 0.044047 0.043410 0.041555 0.038638 0.034897 0.030615 0.026091 0.021601 0.017375 0.013578 0.010311 0.007608 0.005456 0.003803 0.002577 0.001697 0.001087 0.000677 0.000410 0.000241 0.000138 0.000077 0.000042 0.000022 0.000011 0.000006 0.000003 0.000001 0.000001 0.000000 0.000000 0.000000 0.000000 0.000000 0.000000 0.000000 0.000000 0.000000 0.000000 0.000000 0.000000 0.000000 0.000000 0.000000 0.000000 0.000000 0.000000 0.000000 0.000000 0.000000 
0.000000 0.000000 0.000000 0.000000 0.000000 0.000000 0.000000 0.000000 0.000000 0.000000 0.000000 0.000000 0.000000 0.000000 0.000000 0.000000 0.000000 0.000000 0.000000 0.000000 0.000000 0.000001 0.000001 0.000003 0.000006 0.000012 0.000023 0.000045 0.000085 0.000156 0.000280 0.000488 0.000827 0.001363 0.002185 0.003406 0.005164 0.007611 0.010906 0.015189 0.020562 0.027051 0.034584 0.042963 0.051858 0.060815 0.069287 0.076688 0.082455 0.086123 0.087381 0.086123 0.082455 0.076688 0.069287 0.060815 0.051858 0.042963 0.034584 0.027051 0.020562 0.015189 0.010906 0.007611 0.005164 0.003406 0.002185 0.001363 0.000827 0.000488 0.000280 0.000156 0.000085 0.000045 0.000023 0.000012 0.000006 0.000003 0.000001 0.000001 0.000000 0.000000 0.000000 0.000000 0.000000 0.000000 0.000000 0.000000 0.000000 0.000000 0.000000 0.000000 0.000000 0.000000 0.000000 0.000000 0.000000 0.000000 0.000000 0.000000 
0.000000 0.000000 0.000000 0.000000 0.000000 0.000000 0.000000 0.000000 0.000000 0.000000 0.000000 0.000000 0.000000 0.000000 0.000000 0.000000 0.000000 0.000000 0.000000 0.000000 0.000001 0.000001 0.000003 0.000005 0.000011 0.000023 0.000046 0.000089 0.000169 0.000309 0.000553 0.000961 0.001625 0.002674 0.004280 0.006662 0.010085 0.014845 0.021244 0.029554 0.039966 0.052529 0.067100 0.083293 0.100472 0.117759 0.134103 0.148375 0.159494 0.166562 0.168988 0.166562 0.159494 0.148375 0.134103 0.117759 0.100472 0.083293 0.067100 0.052529 0.039966 0.029554 0.021244 0.014845 0.010085 0.006662 0.004280 0.002674 0.001625 0.000961 0.000553 0.000309 0.000169 0.000089 0.000046 0.000023 0.000011 0.000005 0.000003 0.000001 0.000001 0.000000 0.000000 0.000000 0.000000 0.000000 0.000000 0.000000 0.000000 0.000000 0.000000 0.000000 0.000000 0.000000 0.000000 0.000000 0.000000 0.000000 0.000000 0.000000 
0.000000 0.000000 0.000000 0.000000 0.000000 0.000000 0.000000 0.000000 0.000000 0.000000 0.000000 0.000000 0.000000 0.000000 0.000000 0.000000 0.000000 0.000000 0.000000 0.000000 0.000001 0.000002 0.000005 0.000011 0.000022 0.000045 0.000089 0.000173 0.000325 0.000595 0.001062 0.001843 0.003111 0.005111 0.008167 0.012695 0.019191 0.028212 0.040325 0.056037 0.075702 0.099408 0.126876 0.157382 0.189721 0.222246 0.252982 0.279810 0.300705 0.313986 0.318543 0.313986 0.300705 0.279810 0.252982 0.222246 0.189721 0.157382 0.126876 0.099408 0.075702 0.056037 0.040325 0.028212 0.019191 0.012695 0.008167 0.005111 0.003111 0.001843 0.001062 0.000595 0.000325 0.000173 0.000089 0.000045 0.000022 0.000011 0.000005 0.000002 0.000001 0.000000 0.000000 0.000000 0.000000 0.000000 0.000000 0.000000 0.000000 0.000000 0.000000 0.000000 0.000000 0.000000 0.000000 0.000000 0.000000 0.000000 0.000000 0.000000 
0.000000 0.000000 0.000000 0.000000 0.000000 0.000000 0.000000 0.000000 0.000000 0.000000 0.000000 0.000000 0.000000 0.000000 0.000000 0.000000 0.000000 0.000000 0.000000 0.000001 0.000002 0.000004 0.000009 0.000020 0.000042 0.000085 0.000169 0.000325 0.000610 0.001116 0.001987 0.003441 0.005801 0.009515 0.015182 0.023566 0.035577 0.052235 0.074576 0.103525 0.139718 0.183308 0.233777 0.289784 0.349117 0.408760 0.465094 0.514248 0.552520 0.576843 0.585188 0.576843 0.552520 0.514248 0.465094 0.408760 0.349117 0.289784 0.233777 0.183308 0.139718 0.103525 0.074576 0.052235 0.035577 0.023566 0.015182 0.009515 0.005801 0.003441 0.001987 0.001116 0.000610 0.000325 0.000169 0.000085 0.000042 0.000020 0.000009 0.000004 0.000002 0.000001 0.000000 0.000000 0.000000 0.000000 0.000000 0.000000 0.000000 0.000000 0.000000 0.000000 0.000000 0.000000 0.000000 0.000000 0.000000 0.000000 0.000000 0.000000 
0.000000 0.000000 0.000000 0.000000 0.000000 0.000000 0.000000 0.000000 0.000000 0.000000 0.000000 0.000000 0.000000 0.000000 0.000000 0.000000 0.000000 0.000000 0.000001 0.000002 0.000004 0.000008 0.000017 0.000037 0.000077 0.000156 0.000309 0.000595 0.001116 0.002037 0.003620 0.006259 0.010534 0.017251 0.027487 0.042608 0.064243 0.094210 0.134356 0.186321 0.251226 0.329330 0.419683 0.519882 0.625966 0.732545 0.833169 0.920934 0.989253 1.032663 1.047554 1.032663 0.989253 0.920934 0.833169 0.732545 0.625966 0.519882 0.419683 0.329330 0.251226 0.186321 0.134356 0.094210 0.064243 0.042608 0.027487 0.017251 0.010534 0.006259 0.003620 0.002037 0.001116 0.000595 0.000309 0.000156 0.000077 0.000037 0.000017 0.000008 0.000004 0.000002 0.000001 0.000000 0.000000 0.000000 0.000000 0.000000 0.000000 0.000000 0.000000 0.000000 0.000000 0.000000 0.000000 0.000000 0.000000 0.000000 0.000000 0.000000 
0.000000 0.000000 0.000000 0.000000 0.000000 0.000000 0.000000 0.000000 0.000000 0.000000 0.000000 0.000000 0.000000 0.000000 0.000000 0.000000 0.000000 0.000000 0.000001 0.000003 0.000006 0.000014 0.000031 0.000067 0.000138 0.000280 0.000553 0.001062 0.001987 0.003620 0.006420 0.011084 0.018625 0.030457 0.048463 0.075023 0.112981 0.165495 0.235770 0.326641 0.440036 0.576374 0.733976 0.908632 1.093438 1.279010 1.454140 1.606838 1.725671 1.801166 1.827060 1.801166 1.725671 1.606838 1.454140 1.279010 1.093438 0.908632 0.733976 0.576374 0.440036 0.326641 0.235770 0.165495 0.112981 0.075023 0.048463 0.030457 0.018625 0.011084 0.006420 0.003620 0.001987 0.001062 0.000553 0.000280 0.000138 0.000067 0.000031 0.000014 0.000006 0.000003 0.000001 0.000000 0.000000 0.000000 0.000000 0.000000 0.000000 0.000000 0.000000 0.000000 0.000000 0.000000 0.000000 0.000000 0.000000 0.000000 0.000000 0.000000 
0.000000 0.000000 0.000000 0.000000 0.000000 0.000000 0.000000 0.000000 0.000000 0.000000 0.000000 0.000000 0.000000 0.000000 0.000000 0.000000 0.000000 0.000001 0.000002 0.000005 0.000011 0.000025 0.000055 0.000116 0.000241 0.000488 0.000961 0.001843 0.003441 0.006259 0.011084 0.019107 0.032060 0.052354 0.083195 0.128632 0.193488 0.283116 0.402932 0.557715 0.750694 0.982529 1.250329 1.546915 1.860559 2.175351 2.472307 2.731145 2.932529 3.060447 3.104320 3.060447 2.932529 2.731145 2.472307 2.175351 1.860559 1.546915 1.250329 0.982529 0.750694 0.557715 0.402932 0.283116 0.193488 0.128632 0.083195 0.052354 0.032060 0.019107 0.011084 0.006259 0.003441 0.001843 0.000961 0.000488 0.000241 0.000116 0.000055 0.000025 0.000011 0.000005 0.000002 0.000001 0.000000 0.000000 0.000000 0.000000 0.000000 0.000000 0.000000 0.000000 0.000000 0.000000 0.000000 0.000000 0.000000 0.000000 0.000000 0.000000 
0.000000 0.000000 0.000000 0.000000 0.000000 0.000000 0.000000 0.000000 0.000000 0.000000 0.000000 0.000000 0.000000 0.000000 0.000000 0.000000 0.000001 0.000001 0.000004 0.000008 0.000019 0.000043 0.000093 0.000198 0.000410 0.000827 0.001625 0.003111 0.005801 0.010534 0.018625 0.032060 0.053719 0.087608 0.139042 0.214728 0.322638 0.471605 0.670551 0.927320 1.247184 1.631159 2.074394 2.564972 3.083484 3.603654 4.094163 4.521576 4.854040 5.065187 5.137598 5.065187 4.854040 4.521576 4.094163 3.603654 3.083484 2.564972 2.074394 1.631159 1.247184 0.927320 0.670551 0.471605 0.322638 0.214728 0.139042 0.087608 0.053719 0.032060 0.018625 0.010534 0.005801 0.003111 0.001625 0.000827 0.000410 0.000198 0.000093 0.000043 0.000019 0.000008 0.000004 0.000001 0.000001 0.000000 0.000000 0.000000 0.000000 0.000000 0.000000 0.000000 0.000000 0.000000 0.000000 0.000000 0.000000 0.000000 0.000000 0.000000 
0.000000 0.000000 0.000000 0.000000 0.000000 0.000000 0.000000 0.000000 0.000000 0.000000 0.000000 0.000000 0.000000 0.000000 0.000000 0.000000 0.000001 0.000002 0.000006 0.000014 0.000032 0.000071 0.000154 0.000327 0.000677 0.001363 0.002674 0.005111 0.009515 0.017251 0.030457 0.052354 0.087608 0.142696 0.226205 0.348946 0.523759 0.764841 1.086503 1.501297 2.017605 2.636948 3.351406 4.141718 4.976605 5.813795 6.602958 7.290408 7.825023 8.164507 8.280922 8.164507 7.825023 7.290408 6.602958 5.813795 4.976605 4.141718 3.351406 2.636948 2.017605 1.501297 1.086503 0.764841 0.523759 0.348946 0.226205 0.142696 0.087608 0.052354 0.030457 0.017251 0.009515 0.005111 0.002674 0.001363 0.000677 0.000327 0.000154 0.000071 0.000032 0.000014 0.000006 0.000002 0.000001 0.000000 0.000000 0.000000 0.000000 0.000000 0.000000 0.000000 0.000000 0.000000 0.000000 0.000000 0.000000 0.000000 0.000000 0.000000 
0.000000 0.000000 0.000000 0.000000 0.000000 0.000000 0.000000 0.000000 0.000000 0.000000 0.000000 0.000000 0.000000 0.000000 0.000000 0.000001 0.000002 0.000004 0.000010 0.000023 0.000051 0.000115 0.000249 0.000527 0.001087 0.002185 0.004280 0.008167 0.015182 0.027487 0.048463 0.083195 0.139042 0.226205 0.358183 0.551956 0.827653 1.207502 1.713862 2.366295 3.177791 4.150561 5.272031 6.511884 7.821035 9.133253 10.369767 11.446612 12.283878 12.815472 12.997754 12.815472 12.283878 11.446612 10.369767 9.133253 7.821035 6.511884 5.272031 4.150561 3.177791 2.366295 1.713862 1.207502 0.827653 0.551956 0.358183 0.226205 0.139042 0.083195 0.048463 0.027487 0.015182 0.008167 0.004280 0.002185 0.001087 0.000527 0.000249 0.000115 0.000051 0.000023 0.000010 0.000004 0.000002 0.000001 0.000000 0.000000 0.000000 0.000000 0.000000 0.000000 0.000000 0.000000 0.000000 0.000000 0.000000 0.000000 0.000000 0.000000 
0.000000 0.000000 0.000000 0.000000 0.000000 0.000000 0.000000 0.000000 0.000000 0.000000 0.000000 0.000000 0.000000 0.000000 0.000000 0.000001 0.000003 0.000006 0.000015 0.000035 0.000081 0.000180 0.000390 0.000824 0.001697 0.003406 0.006662 0.012695 0.023566 0.042608 0.075023 0.128632 0.214728 0.348946 0.551956 0.849714 1.272954 1.855560 2.631561 3.630648 4.872431 6.360040 8.074051 9.968013 11.966924 13.969738 15.856393 17.498999 18.775905 19.586528 19.864471 19.586528 18.775905 17.498999 15.856393 13.969738 11.966924 9.968013 8.074051 6.360040 4.872431 3.630648 2.631561 1.855560 1.272954 0.849714 0.551956 0.348946 0.214728 0.128632 0.075023 0.042608 0.023566 0.012695 0.006662 0.003406 0.001697 0.000824 0.000390 0.000180 0.000081 0.000035 0.000015 0.000006 0.000003 0.000001 0.000000 0.000000 0.000000 0.000000 0.000000 0.000000 0.000000 0.000000 0.000000 0.000000 0.000000 0.000000 0.000000 0.000000 
0.000000 0.000000 0.000000 0.000000 0.000000 0.000000 0.000000 0.000000 0.000000 0.000000 0.000000 0.000000 0.000000 0.000000 0.000001 0.000002 0.000004 0.000010 0.000023 0.000054 0.000124 0.000274 0.000594 0.001253 0.002577 0.005164 0.010085 0.019191 0.035577 0.064243 0.112981 0.193488 0.322638 0.523759 0.827653 1.272954 1.905345 2.775126 3.932722 5.422026 7.271880 9.486595 12.036979 14.853754 17.825349 20.801659 23.604494 26.044173 27.940349 29.143959 29.556621 29.143959 27.940349 26.044173 23.604494 20.801659 17.825349 14.853754 12.036979 9.486595 7.271880 5.422026 3.932722 2.775126 1.905345 1.272954 0.827653 0.523759 0.322638 0.193488 0.112981 0.064243 0.035577 0.019191 0.010085 0.005164 0.002577 0.001253 0.000594 0.000274 0.000124 0.000054 0.000023 0.000010 0.000004 0.000002 0.000001 0.000000 0.000000 0.000000 0.000000 0.000000 0.000000 0.000000 0.000000 0.000000 0.000000 0.000000 0.000000 0.000000 
0.000000 0.000000 0.000000 0.000000 0.000000 0.000000 0.000000 0.000000 0.000000 0.000000 0.000000 0.000000 0.000000 0.000000 0.000001 0.000002 0.000006 0.000015 0.000035 0.000081 0.000184 0.000407 0.000879 0.001852 0.003803 0.007611 0.014845 0.028212 0.052235 0.094210 0.165495 0.283116 0.471605 0.764841 1.207502 1.855560 2.775126 4.038889 5.719612 7.880486 10.562828 13.772416 17.466578 21.544752 25.845370 30.151344 34.205191 37.732989 40.474408 42.214343 42.810853 42.214343 40.474408 37.732989 34.205191 30.151344 25.845370 21.544752 17.466578 13.772416 10.562828 7.880486 5.719612 4.038889 2.775126 1.855560 1.207502 0.764841 0.471605 0.283116 0.165495 0.094210 0.052235 0.028212 0.014845 0.007611 0.003803 0.001852 0.000879 0.000407 0.000184 0.000081 0.000035 0.000015 0.000006 0.000002 0.000001 0.000000 0.000000 0.000000 0.000000 0.000000 0.000000 0.000000 0.000000 0.000000 0.000000 0.000000 0.000000 0.000000 
0.000000 0.000000 0.000000 0.000000 0.000000 0.000000 0.000000 0.000000 0.000000 0.000000 0.000000 0.000000 0.000000 0.000001 0.000001 0.000003 0.000009 0.000021 0.000050 0.000117 0.000265 0.000586 0.001265 0.002661 0.005456 0.010906 0.021244 0.040325 0.074576 0.134356 0.235770 0.402932 0.670551 1.086503 1.713862 2.631561 3.932722 5.719612 8.094452 11.145826 14.931390 19.458679 24.667025 30.414367 36.472965 42.537193 48.244837 53.210779 57.069154 59.517747 60.357163 59.517747 57.069154 53.210779 48.244837 42.537193 36.472965 30.414367 24.667025 19.458679 14.931390 11.145826 8.094452 5.719612 3.932722 2.631561 1.713862 1.086503 0.670551 0.402932 0.235770 0.134356 0.074576 0.040325 0.021244 0.010906 0.005456 0.002661 0.001265 0.000586 0.000265 0.000117 0.000050 0.000021 0.000009 0.000003 0.000001 0.000001 0.000000 0.000000 0.000000 0.000000 0.000000 0.000000 0.000000 0.000000 0.000000 0.000000 0.000000 0.000000 
0.000000 0.000000 0.000000 0.000000 0.000000 0.000000 0.000000 0.000000 0.000000 0.000000 0.000000 0.000000 0.000000 0.000001 0.000002 0.000005 0.000012 0.000030 0.000071 0.000164 0.000371 0.000821 0.001768 0.003715 0.007608 0.015189 0.029554 0.056037 0.103525 0.186321 0.326641 0.557715 0.927320 1.501297 2.366295 3.630648 5.422026 7.880486 11.145826 15.338964 20.538251 26.753263 33.900109 41.783507 50.091023 58.403837 66.225947 73.030257 78.316215 81.670448 82.820277 81.670448 78.316215 73.030257 66.225947 58.403837 50.091023 41.783507 33.900109 26.753263 20.538251 15.338964 11.145826 7.880486 5.422026 3.630648 2.366295 1.501297 0.927320 0.557715 0.326641 0.186321 0.103525 0.056037 0.029554 0.015189 0.007608 0.003715 0.001768 0.000821 0.000371 0.000164 0.000071 0.000030 0.000012 0.000005 0.000002 0.000001 0.000000 0.000000 0.000000 0.000000 0.000000 0.000000 0.000000 0.000000 0.000000 0.000000 0.000000 0.000000 
0.000000 0.000000 0.000000 0.000000 0.000000 0.000000 0.000000 0.000000 0.000000 0.000000 0.000000 0.000000 0.000000 0.000001 0.000003 0.000007 0.000017 0.000041 0.000096 0.000224 0.000506 0.001116 0.002402 0.005040 0.010311 0.020562 0.039966 0.075702 0.139718 0.251226 0.440036 0.750694 1.247184 2.017605 3.177791 4.872431 7.271880 10.562828 14.931390 20.538251 27.487119 35.789839 45.333611 55.857232 66.943571 78.034025 88.467492 97.541760 104.590203 109.062433 110.595442 109.062433 104.590203 97.541760 88.467492 78.034025 66.943571 55.857232 45.333611 35.789839 27.487119 20.538251 14.931390 10.562828 7.271880 4.872431 3.177791 2.017605 1.247184 0.750694 0.440036 0.251226 0.139718 0.075702 0.039966 0.020562 0.010311 0.005040 0.002402 0.001116 0.000506 0.000224 0.000096 0.000041 0.000017 0.000007 0.000003 0.000001 0.000000 0.000000 0.000000 0.000000 0.000000 0.000000 0.000000 0.000000 0.000000 0.000000 0.000000 0.000000 
0.000000 0.000000 0.000000 0.000000 0.000000 0.000000 0.000000 0.000000 0.000000 0.000000 0.000000 0.000000 0.000000 0.000001 0.000003 0.000009 0.000022 0.000054 0.000128 0.000296 0.000669 0.001475 0.003170 0.006644 0.013578 0.027051 0.052529 0.099408 0.183308 0.329330 0.576374 0.982529 1.631159 2.636948 4.150561 6.360040 9.486595 13.772416 19.458679 26.753263 35.789839 46.582698 58.984350 72.654879 87.052345 101.451680 114.995286 126.772628 135.919577 141.722840 143.712025 141.722840 135.919577 126.772628 114.995286 101.451680 87.052345 72.654879 58.984350 46.582698 35.789839 26.753263 19.458679 13.772416 9.486595 6.360040 4.150561 2.636948 1.631159 0.982529 0.576374 0.329330 0.183308 0.099408 0.052529 0.027051 0.013578 0.006644 0.003170 0.001475 0.000669 0.000296 0.000128 0.000054 0.000022 0.000009 0.000003 0.000001 0.000000 0.000000 0.000000 0.000000 0.000000 0.000000 0.000000 0.000000 0.000000 0.000000 0.000000 0.000000 
0.000000 0.000000 0.000000 0.000000 0.000000 0.000000 0.000000 0.000000 0.000000 0.000000 0.000000 0.000000 0.000001 0.000002 0.000004 0.000011 0.000029 0.000069 0.000165 0.000381 0.000859 0.001892 0.004064 0.008510 0.017375 0.034584 0.067100 0.126876 0.233777 0.419683 0.733976 1.250329 2.074394 3.351406 5.272031 8.074051 12.036979 17.466578 24.667025 33.900109 45.333611 58.984350 74.664814 91.944653 110.138773 128.331319 145.439625 160.314635 171.866157 179.194465 181.706300 179.194465 171.866157 160.314635 145.439625 128.331319 110.138773 91.944653 74.664814 58.984350 45.333611 33.900109 24.667025 17.466578 12.036979 8.074051 5.272031 3.351406 2.074394 1.250329 0.733976 0.419683 0.233777 0.126876 0.067100 0.034584 0.017375 0.008510 0.004064 0.001892 0.000859 0.000381 0.000165 0.000069 0.000029 0.000011 0.000004 0.000002 0.000001 0.000000 0.000000 0.000000 0.000000 0.000000 0.000000 0.000000 0.000000 0.000000 0.000000 0.000000 
0.000000 0.000000 0.000000 0.000000 0.000000 0.000000 0.000000 0.000000 0.000000 0.000000 0.000000 0.000000 0.000001 0.000002 0.000006 0.000014 0.000036 0.000087 0.000206 0.000475 0.001072 0.002358 0.005060 0.010588 0.021601 0.042963 0.083293 0.157382 0.289784 0.519882 0.908632 1.546915 2.564972 4.141718 6.511884 9.968013 14.853754 21.544752 30.414367 41.783507 55.857232 72.654879 91.944653 113.196546 135.567899 157.933044 178.961919 197.243380 211.438897 220.443986 223.530452 220.443986 211.438897 197.243380 178.961919 157.933044 135.567899 113.196546 91.944653 72.654879 55.857232 41.783507 30.414367 21.544752 14.853754 9.968013 6.511884 4.141718 2.564972 1.546915 0.908632 0.519882 0.289784 0.157382 0.083293 0.042963 0.021601 0.010588 0.005060 0.002358 0.001072 0.000475 0.000206 0.000087 0.000036 0.000014 0.000006 0.000002 0.000001 0.000000 0.000000 0.000000 0.000000 0.000000 0.000000 0.000000 0.000000 0.000000 0.000000 0.000000 
