0.000000 0.000000 0.000000 0.000000 0.000000 0.000000 0.000000 0.000000 0.000000 0.000000 0.000000 0.000000 0.000000 0.000000 0.000000 0.000000 0.000000 0.000000 0.000000 0.000000 0.000000 0.000000 0.000000 0.000000 0.000000 0.000000 0.000000 0.000000 0.000000 0.000000 0.000000 0.000000 0.000000 0.000000 0.000000 0.000000 0.000000 0.000000 0.000000 0.000000 0.000000 0.000000 0.000000 0.000000 0.000000 0.000000 0.000000 0.000000 0.000000 0.000000 0.000000 0.000000 0.000000 0.000000 0.000000 0.000000 0.000000 0.000000 0.000000 0.000000 0.000000 0.000000 0.000000 0.000000 0.000000 0.000000 0.000000 0.000000 0.000000 0.000000 0.000000 0.000000 0.000000 0.000000 0.000000 0.000000 0.000000 0.000000 0.000000 0.000000 0.000000 0.000000 0.000000 0.000000 0.000000 0.000000 0.000000 0.000000 0.000000 0.000000 0.000000 0.000000 0.000000 0.000000 0.000000 0.000000 0.000000 0.000000 0.000000 0.000000 
0.000000 0.000000 0.000000 0.000000 0.000000 0.000001 0.000001 0.000001 0.000002 0.000003 0.000004 0.000005 0.000007 0.000010 0.000013 0.000018 0.000024 0.000032 0.000042 0.000055 0.000071 0.000091 0.000116 0.000147 0.000184 0.000229 0.000282 0.000345 0.000418 0.000502 0.000597 0.000705 0.000826 0.000959 0.001104 0.001260 0.001426 0.001600 0.001780 0.001964 0.002148 0.002330 0.002505 0.002671 0.002824 0.002959 0.003075 0.003169 0.003237 0.003279 0.003293 0.003279 0.003237 0.003169 0.003075 0.002959 0.002824 0.002671 0.002505 0.002330 0.002148 0.001964 0.001780 0.001600 0.001426 0.001260 0.001104 0.000959 0.000826 0.000705 0.000597 0.000502 0.000418 0.000345 0.000282 0.000229 0.000184 0.000147 0.000116 0.000091 0.000071 0.000055 0.000042 0.000032 0.000024 0.000018 0.000013 0.000010 0.000007 0.000005 0.000004 0.000003 0.000002 0.000001 0.000001 0.000001 0.000000 0.000000 0.000000 0.000000 
0.000000 0.000000 0.000000 0.000001 0.000001 0.000001 0.000002 0.000003 0.000004 0.000006 0.000008 0.000011 0.000015 0.000021 0.000028 0.000038 0.000051 0.000068 0.000090 0.000118 0.000153 0.000196 0.000250 0.000316 0.000396 0.000492 0.000607 0.000741 0.000898 0.001078 0.001284 0.001516 0.001776 0.002061 0.002373 0.002708 0.003065 0.003439 0.003827 0.004221 0.004617 0.005007 0.005384 0.005740 0.006068 0.006360 0.006609 0.006809 0.006956 0.007046 0.007076 0.007046 0.006956 0.006809 0.006609 0.006360 0.006068 0.005740 0.005384 0.005007 0.004617 0.004221 0.003827 0.003439 0.003065 0.002708 0.002373 0.002061 0.001776 0.001516 0.001284 0.001078 0.000898 0.000741 0.000607 0.000492 0.000396 0.000316 0.000250 0.000196 0.000153 0.000118 0.000090 0.000068 0.000051 0.000038 0.000028 0.000021 0.000015 0.000011 0.000008 0.000006 0.000004 0.000003 0.000002 0.000001 0.000001 0.000000 0.000000 0.000000 
0.000000 0.000000 0.000001 0.000001 0.000001 0.000002 0.000003 0.000005 0.000007 0.000009 0.000013 0.000018 0.000026 0.000035 0.000048 0.000065 0.000087 0.000115 0.000152 0.000198 0.000257 0.000331 0.000421 0.000532 0.000667 0.000829 0.001021 0.001247 0.001510 0.001814 0.002160 0.002551 0.002986 0.003467 0.003991 0.004555 0.005154 0.005783 0.006434 0.007098 0.007763 0.008419 0.009052 0.009650 0.010201 0.010691 0.011110 0.011447 0.011694 0.011845 0.011896 0.011845 0.011694 0.011447 0.011110 0.010691 0.010201 0.009650 0.009052 0.008419 0.007763 0.007098 0.006434 0.005783 0.005154 0.004555 0.003991 0.003467 0.002986 0.002551 0.002160 0.001814 0.001510 0.001247 0.001021 0.000829 0.000667 0.000532 0.000421 0.000331 0.000257 0.000198 0.000152 0.000115 0.000087 0.000065 0.000048 0.000035 0.000026 0.000018 0.000013 0.000009 0.000007 0.000005 0.000003 0.000002 0.000001 0.000001 0.000000 0.000000 
0.000000 0.000000 0.000001 0.000001 0.000002 0.000003 0.000005 0.000007 0.000010 0.000015 0.000020 0.000029 0.000040 0.000054 0.000074 0.000100 0.000134 0.000179 0.000236 0.000308 0.000399 0.000512 0.000653 0.000825 0.001034 0.001284 0.001582 0.001932 0.002340 0.002810 0.003346 0.003951 0.004625 0.005369 0.006180 0.007052 0.007980 0.008954 0.009961 0.010988 0.012017 0.013031 0.014012 0.014937 0.015789 0.016548 0.017196 0.017717 0.018099 0.018332 0.018411 0.018332 0.018099 0.017717 0.017196 0.016548 0.015789 0.014937 0.014012 0.013031 0.012017 0.010988 0.009961 0.008954 0.007980 0.007052 0.006180 0.005369 0.004625 0.003951 0.003346 0.002810 0.002340 0.001932 0.001582 0.001284 0.001034 0.000825 0.000653 0.000512 0.000399 0.000308 0.000236 0.000179 0.000134 0.000100 0.000074 0.000054 0.000040 0.000029 0.000020 0.000015 0.000010 0.000007 0.000005 0.000003 0.000002 0.000001 0.000001 0.000000 
0.000000 0.000001 0.000001 0.000002 0.000003 0.000005 0.000007 0.000011 0.000015 0.000022 0.000031 0.000043 0.000059 0.000082 0.000111 0.000150 0.000201 0.000267 0.000352 0.000460 0.000596 0.000766 0.000976 0.001233 0.001544 0.001918 0.002362 0.002885 0.003494 0.004196 0.004995 0.005898 0.006904 0.008014 0.009223 0.010525 0.011909 0.013361 0.014863 0.016394 0.017929 0.019442 0.020903 0.022284 0.023554 0.024685 0.025651 0.026428 0.026998 0.027345 0.027462 0.027345 0.026998 0.026428 0.025651 0.024685 0.023554 0.022284 0.020903 0.019442 0.017929 0.016394 0.014863 0.013361 0.011909 0.010525 0.009223 0.008014 0.006904 0.005898 0.004995 0.004196 0.003494 0.002885 0.002362 0.001918 0.001544 0.001233 0.000976 0.000766 0.000596 0.000460 0.000352 0.000267 0.000201 0.000150 0.000111 0.000082 0.000059 0.000043 0.000031 0.000022 0.000015 0.000011 0.000007 0.000005 0.000003 0.000002 0.000001 0.000000 
0.000000 0.000001 0.000002 0.000003 0.000005 0.000007 0.000011 0.000016 0.000022 0.000032 0.000045 0.000063 0.000087 0.000120 0.000163 0.000220 0.000295 0.000392 0.000516 0.000674 0.000873 0.001122 0.001429 0.001805 0.002261 0.002808 0.003459 0.004224 0.005114 0.006140 0.007310 0.008630 0.010101 0.011724 0.013492 0.015396 0.017419 0.019542 0.021737 0.023975 0.026219 0.028429 0.030565 0.032582 0.034438 0.036091 0.037503 0.038638 0.039471 0.039979 0.040149 0.039979 0.039471 0.038638 0.037503 0.036091 0.034438 0.032582 0.030565 0.028429 0.026219 0.023975 0.021737 0.019542 0.017419 0.015396 0.013492 0.011724 0.010101 0.008630 0.007310 0.006140 0.005114 0.004224 0.003459 0.002808 0.002261 0.001805 0.001429 0.001122 0.000873 0.000674 0.000516 0.000392 0.000295 0.000220 0.000163 0.000120 0.000087 0.000063 0.000045 0.000032 0.000022 0.000016 0.000011 0.000007 0.000005 0.000003 0.000001 0.000000 
0.000000 0.000001 0.000003 0.000005 0.000007 0.000011 0.000016 0.000023 0.000033 0.000046 0.000065 0.000091 0.000126 0.000173 0.000236 0.000319 0.000427 0.000567 0.000746 0.000975 0.001263 0.001622 0.002066 0.002609 0.003268 0.004058 0.004997 0.006101 0.007387 0.008868 0.010557 0.012461 0.014585 0.016926 0.019478 0.022224 0.025143 0.028205 0.031372 0.034600 0.037836 0.041024 0.044104 0.047013 0.049690 0.052073 0.054108 0.055746 0.056946 0.057678 0.057925 0.057678 0.056946 0.055746 0.054108 0.052073 0.049690 0.047013 0.044104 0.041024 0.037836 0.034600 0.031372 0.028205 0.025143 0.022224 0.019478 0.016926 0.014585 0.012461 0.010557 0.008868 0.007387 0.006101 0.004997 0.004058 0.003268 0.002609 0.002066 0.001622 0.001263 0.000975 0.000746 0.000567 0.000427 0.000318 0.000236 0.000173 0.000126 0.000091 0.000065 0.000046 0.000032 0.000023 0.000016 0.000010 0.000007 0.000004 0.000002 0.000000 
0.000000 0.000002 0.000004 0.000007 0.000010 0.000015 0.000022 0.000033 0.000047 0.000066 0.000093 0.000130 0.000181 0.000248 0.000338 0.000456 0.000611 0.000811 0.001068 0.001395 0.001807 0.002321 0.002955 0.003732 0.004673 0.005803 0.007145 0.008723 0.010560 0.012676 0.015088 0.017808 0.020841 0.024185 0.027828 0.031750 0.035917 0.040289 0.044810 0.049417 0.054036 0.058587 0.062982 0.067135 0.070954 0.074356 0.077260 0.079597 0.081310 0.082355 0.082706 0.082355 0.081310 0.079597 0.077260 0.074356 0.070954 0.067135 0.062982 0.058587 0.054036 0.049417 0.044810 0.040289 0.035917 0.031750 0.027828 0.024185 0.020841 0.017808 0.015088 0.012676 0.010560 0.008723 0.007145 0.005803 0.004673 0.003732 0.002955 0.002321 0.001807 0.001395 0.001068 0.000811 0.000611 0.000456 0.000338 0.000248 0.000181 0.000130 0.000093 0.000066 0.000047 0.000032 0.000022 0.000015 0.000010 0.000006 0.000003 0.000000 
0.000000 0.000003 0.000006 0.000009 0.000015 0.000022 0.000032 0.000046 0.000066 0.000094 0.000133 0.000185 0.000256 0.000352 0.000479 0.000647 0.000867 0.001151 0.001515 0.001979 0.002562 0.003290 0.004189 0.005290 0.006623 0.008222 0.010122 0.012357 0.014958 0.017953 0.021368 0.025217 0.029510 0.034241 0.039396 0.044944 0.050840 0.057024 0.063419 0.069935 0.076469 0.082905 0.089122 0.094994 0.100395 0.105205 0.109312 0.112617 0.115038 0.116516 0.117013 0.116516 0.115038 0.112617 0.109312 0.105205 0.100395 0.094994 0.089122 0.082905 0.076469 0.069935 0.063419 0.057024 0.050840 0.044944 0.039396 0.034241 0.029510 0.025217 0.021368 0.017953 0.014958 0.012357 0.010122 0.008222 0.006623 0.005290 0.004189 0.003290 0.002562 0.001979 0.001515 0.001151 0.000867 0.000647 0.000479 0.000352 0.000256 0.000185 0.000133 0.000094 0.000066 0.000046 0.000032 0.000021 0.000014 0.000008 0.000004 0.000000 
0.000000 0.000004 0.000008 0.000013 0.000020 0.000031 0.000045 0.000065 0.000093 0.000133 0.000187 0.000261 0.000361 0.000495 0.000674 0.000910 0.001219 0.001618 0.002131 0.002782 0.003602 0.004624 0.005887 0.007432 0.009304 0.011550 0.014217 0.017354 0.021004 0.025209 0.030000 0.035401 0.041423 0.048061 0.055292 0.063074 0.071344 0.080016 0.088985 0.098123 0.107284 0.116308 0.125025 0.133258 0.140831 0.147575 0.153332 0.157965 0.161359 0.163431 0.164128 0.163431 0.161359 0.157965 0.153332 0.147575 0.140831 0.133258 0.125025 0.116308 0.107284 0.098123 0.088985 0.080016 0.071344 0.063074 0.055292 0.048061 0.041423 0.035401 0.030000 0.025209 0.021004 0.017354 0.014217 0.011550 0.009304 0.007432 0.005887 0.004624 0.003602 0.002782 0.002131 0.001618 0.001219 0.000910 0.000674 0.000495 0.000361 0.000261 0.000187 0.000132 0.000093 0.000065 0.000045 0.000030 0.000019 0.000012 0.000005 0.000000 
0.000000 0.000005 0.000011 0.000018 0.000029 0.000043 0.000063 0.000091 0.000130 0.000185 0.000261 0.000364 0.000504 0.000691 0.000941 0.001270 0.001700 0.002257 0.002971 0.003878 0.005020 0.006444 0.008203 0.010355 0.012961 0.016088 0.019801 0.024167 0.029248 0.035099 0.041766 0.049281 0.057659 0.066893 0.076951 0.087775 0.099277 0.111338 0.123811 0.136517 0.149256 0.161804 0.173923 0.185370 0.195898 0.205274 0.213277 0.219718 0.224437 0.227317 0.228285 0.227317 0.224437 0.219718 0.213277 0.205274 0.195898 0.185370 0.173923 0.161804 0.149256 0.136517 0.123811 0.111338 0.099277 0.087775 0.076951 0.066893 0.057659 0.049281 0.041766 0.035099 0.029248 0.024167 0.019801 0.016088 0.012961 0.010355 0.008203 0.006444 0.005020 0.003878 0.002971 0.002257 0.001700 0.001270 0.000941 0.000691 0.000504 0.000364 0.000261 0.000185 0.000130 0.000091 0.000062 0.000042 0.000027 0.000016 0.000008 0.000000 
0.000000 0.000007 0.000015 0.000026 0.000040 0.000059 0.000087 0.000126 0.000181 0.000256 0.000361 0.000504 0.000697 0.000956 0.001302 0.001757 0.002351 0.003120 0.004107 0.005361 0.006939 0.008906 0.011335 0.014307 0.017906 0.022223 0.027349 0.033376 0.040388 0.048463 0.057663 0.068033 0.079592 0.092331 0.106207 0.121138 0.137002 0.153638 0.170839 0.188361 0.205928 0.223230 0.239942 0.255725 0.270241 0.283167 0.294202 0.303081 0.309588 0.313558 0.314893 0.313558 0.309588 0.303081 0.294202 0.283167 0.270241 0.255725 0.239942 0.223230 0.205928 0.188361 0.170839 0.153638 0.137002 0.121138 0.106207 0.092331 0.079592 0.068033 0.057663 0.048463 0.040388 0.033376 0.027349 0.022223 0.017906 0.014307 0.011335 0.008906 0.006939 0.005361 0.004107 0.003120 0.002351 0.001757 0.001302 0.000956 0.000697 0.000503 0.000361 0.000256 0.000180 0.000125 0.000086 0.000058 0.000038 0.000022 0.000010 0.000000 
0.000000 0.000010 0.000021 0.000035 0.000054 0.000082 0.000120 0.000173 0.000248 0.000352 0.000495 0.000691 0.000956 0.001312 0.001786 0.002410 0.003224 0.004279 0.005631 0.007349 0.009511 0.012206 0.015534 0.019604 0.024532 0.030443 0.037462 0.045712 0.055310 0.066362 0.078954 0.093144 0.108961 0.126391 0.145374 0.165800 0.187502 0.210257 0.233784 0.257750 0.281774 0.305437 0.328290 0.349872 0.369723 0.387398 0.402486 0.414627 0.423524 0.428953 0.430778 0.428953 0.423524 0.414627 0.402486 0.387398 0.369723 0.349872 0.328290 0.305437 0.281774 0.257750 0.233784 0.210257 0.187502 0.165800 0.145374 0.126391 0.108961 0.093144 0.078954 0.066362 0.055310 0.045712 0.037462 0.030443 0.024532 0.019604 0.015534 0.012206 0.009511 0.007349 0.005631 0.004279 0.003224 0.002410 0.001786 0.001312 0.000956 0.000691 0.000495 0.000352 0.000248 0.000172 0.000118 0.000080 0.000052 0.000031 0.000014 0.000000 
0.000000 0.000013 0.000028 0.000048 0.000074 0.000111 0.000163 0.000236 0.000338 0.000479 0.000674 0.000941 0.001302 0.001786 0.002429 0.003278 0.004386 0.005819 0.007657 0.009992 0.012929 0.016591 0.021111 0.026639 0.033333 0.041360 0.050889 0.062090 0.075120 0.090123 0.107213 0.126472 0.147936 0.171588 0.197345 0.225058 0.254501 0.285369 0.317284 0.349793 0.382379 0.414473 0.445469 0.474739 0.501660 0.525630 0.546092 0.562556 0.574620 0.581982 0.584457 0.581982 0.574620 0.562556 0.546092 0.525630 0.501660 0.474739 0.445469 0.414473 0.382379 0.349793 0.317284 0.285369 0.254501 0.225058 0.197345 0.171588 0.147936 0.126472 0.107213 0.090123 0.075120 0.062090 0.050889 0.041360 0.033333 0.026639 0.021111 0.016591 0.012929 0.009992 0.007657 0.005819 0.004386 0.003278 0.002429 0.001786 0.001301 0.000941 0.000674 0.000479 0.000337 0.000235 0.000161 0.000109 0.000070 0.000042 0.000020 0.000000 
0.000000 0.000018 0.000038 0.000065 0.000100 0.000150 0.000220 0.000319 0.000456 0.000647 0.000910 0.001270 0.001757 0.002410 0.003278 0.004422 0.005916 0.007848 0.010326 0.013472 0.017430 0.022363 0.028453 0.035899 0.044915 0.055725 0.068558 0.083640 0.101183 0.121379 0.144384 0.170307 0.199195 0.231025 0.265686 0.302976 0.342591 0.384123 0.427060 0.470793 0.514629 0.557801 0.599493 0.638864 0.675074 0.707313 0.734834 0.756978 0.773203 0.783104 0.786433 0.783104 0.773203 0.756978 0.734834 0.707313 0.675074 0.638864 0.599493 0.557801 0.514629 0.470793 0.427060 0.384123 0.342591 0.302976 0.265686 0.231025 0.199195 0.170307 0.144384 0.121379 0.101183 0.083640 0.068558 0.055725 0.044915 0.035899 0.028453 0.022363 0.017430 0.013472 0.010325 0.007848 0.005916 0.004422 0.003278 0.002409 0.001756 0.001270 0.000910 0.000647 0.000455 0.000317 0.000218 0.000147 0.000095 0.000057 0.000026 0.000000 
0.000000 0.000024 0.000051 0.000087 0.000134 0.000201 0.000295 0.000427 0.000611 0.000867 0.001219 0.001700 0.002351 0.003224 0.004386 0.005916 0.007913 0.010497 0.013808 0.018013 0.023303 0.029895 0.038032 0.047979 0.060022 0.074460 0.091598 0.111737 0.135161 0.162125 0.192837 0.227441 0.266000 0.308483 0.354742 0.404506 0.457369 0.512786 0.570076 0.628426 0.686909 0.744505 0.800125 0.852646 0.900948 0.943953 0.980663 1.010201 1.031843 1.045050 1.049490 1.045050 1.031843 1.010201 0.980663 0.943953 0.900948 0.852646 0.800125 0.744505 0.686909 0.628426 0.570076 0.512786 0.457369 0.404506 0.354742 0.308483 0.266000 0.227441 0.192837 0.162125 0.135161 0.111737 0.091598 0.074460 0.060022 0.047979 0.038032 0.029895 0.023303 0.018013 0.013808 0.010497 0.007913 0.005916 0.004386 0.003224 0.002351 0.001700 0.001218 0.000866 0.000610 0.000425 0.000292 0.000197 0.000128 0.000076 0.000035 0.000000 
0.000000 0.000032 0.000068 0.000115 0.000179 0.000267 0.000392 0.000567 0.000811 0.001151 0.001618 0.002257 0.003120 0.004279 0.005819 0.007848 0.010497 0.013922 0.018312 0.023885 0.030896 0.039631 0.050413 0.063591 0.079545 0.098669 0.121368 0.148038 0.179056 0.214759 0.255420 0.301231 0.352275 0.408508 0.469736 0.535599 0.605560 0.678896 0.754707 0.831917 0.909300 0.985505 1.059094 1.128580 1.192484 1.249377 1.297942 1.337017 1.365647 1.383119 1.388993 1.383119 1.365647 1.337017 1.297942 1.249377 1.192484 1.128580 1.059094 0.985505 0.909300 0.831917 0.754707 0.678896 0.605560 0.535599 0.469736 0.408508 0.352275 0.301231 0.255420 0.214759 0.179056 0.148038 0.121368 0.098669 0.079545 0.063591 0.050413 0.039631 0.030896 0.023885 0.018312 0.013922 0.010497 0.007848 0.005819 0.004279 0.003120 0.002256 0.001618 0.001150 0.000810 0.000564 0.000388 0.000261 0.000169 0.000101 0.000047 0.000000 
0.000000 0.000042 0.000090 0.000152 0.000236 0.000352 0.000516 0.000746 0.001068 0.001515 0.002131 0.002971 0.004107 0.005631 0.007657 0.010326 0.013808 0.018312 0.024083 0.031409 0.040624 0.052103 0.066270 0.083585 0.104544 0.129666 0.159480 0.194508 0.235243 0.282126 0.335516 0.395663 0.462676 0.536495 0.616867 0.703318 0.795141 0.891391 0.990883 1.092206 1.193753 1.293750 1.390310 1.481485 1.565331 1.639979 1.703697 1.754965 1.792527 1.815450 1.823156 1.815450 1.792527 1.754965 1.703697 1.639979 1.565331 1.481485 1.390310 1.293750 1.193753 1.092206 0.990883 0.891391 0.795141 0.703318 0.616867 0.536495 0.462676 0.395663 0.335516 0.282126 0.235243 0.194508 0.159480 0.129666 0.104544 0.083585 0.066270 0.052103 0.040624 0.031409 0.024083 0.018312 0.013808 0.010325 0.007657 0.005631 0.004107 0.002970 0.002130 0.001514 0.001066 0.000743 0.000511 0.000344 0.000223 0.000133 0.000062 0.000000 
0.000000 0.000055 0.000118 0.000198 0.000308 0.000460 0.000674 0.000975 0.001395 0.001979 0.002782 0.003878 0.005361 0.007349 0.009992 0.013472 0.018013 0.023885 0.031409 0.040960 0.052970 0.067931 0.086392 0.108953 0.136260 0.168987 0.207824 0.253448 0.306501 0.367556 0.437079 0.515395 0.602645 0.698752 0.803381 0.915918 1.035442 1.160722 1.290214 1.422085 1.554241 1.684376 1.810033 1.928678 2.037785 2.134919 2.217830 2.284539 2.333414 2.363241 2.373267 2.363241 2.333414 2.284539 2.217830 2.134919 2.037785 1.928678 1.810033 1.684376 1.554241 1.422085 1.290214 1.160722 1.035442 0.915918 0.803381 0.698752 0.602645 0.515395 0.437079 0.367556 0.306501 0.253448 0.207824 0.168987 0.136260 0.108953 0.086392 0.067931 0.052970 0.040960 0.031409 0.023885 0.018013 0.013472 0.009992 0.007349 0.005360 0.003877 0.002781 0.001977 0.001393 0.000971 0.000668 0.000450 0.000292 0.000174 0.000081 0.000000 
0.000000 0.000071 0.000153 0.000257 0.000399 0.000596 0.000873 0.001263 0.001807 0.002562 0.003602 0.005020 0.006939 0.009511 0.012929 0.017430 0.023303 0.030896 0.040624 0.052970 0.068494 0.087830 0.111687 0.140841 0.176123 0.218405 0.268575 0.327508 0.396032 0.474884 0.564667 0.665797 0.778457 0.902544 1.037627 1.182911 1.337207 1.498924 1.666072 1.836282 2.006854 2.174811 2.336983 2.490102 2.630907 2.756258 2.863253 2.949338 3.012409 3.050898 3.063837 3.050898 3.012409 2.949338 2.863253 2.756258 2.630907 2.490102 2.336983 2.174811 2.006854 1.836282 1.666072 1.498924 1.337207 1.182911 1.037627 0.902544 0.778457 0.665797 0.564667 0.474884 0.396032 0.327508 0.268575 0.218405 0.176123 0.140841 0.111687 0.087830 0.068494 0.052970 0.040624 0.030896 0.023303 0.017430 0.012929 0.009511 0.006938 0.005019 0.003600 0.002560 0.001804 0.001257 0.000865 0.000583 0.000378 0.000226 0.000105 0.000000 
0.000000 0.000091 0.000196 0.000331 0.000512 0.000766 0.001122 0.001622 0.002321 0.003290 0.004624 0.006444 0.008906 0.012206 0.016591 0.022363 0.029895 0.039631 0.052103 0.067931 0.087830 0.112614 0.143189 0.180549 0.225757 0.279929 0.344202 0.419696 0.507468 0.608463 0.723449 0.852958 0.997223 1.156111 1.329070 1.515077 1.712614 1.919641 2.133610 2.351491 2.569826 2.784806 2.992376 3.188353 3.368565 3.528994 3.665928 3.776099 3.856817 3.906074 3.922633 3.906074 3.856817 3.776099 3.665928 3.528994 3.368565 3.188353 2.992376 2.784806 2.569826 2.351491 2.133610 1.919641 1.712614 1.515077 1.329070 1.156111 0.997223 0.852958 0.723449 0.608463 0.507468 0.419696 0.344202 0.279929 0.225757 0.180549 0.143189 0.112614 0.087830 0.067931 0.052103 0.039631 0.029895 0.022363 0.016590 0.012206 0.008905 0.006443 0.004622 0.003287 0.002316 0.001615 0.001111 0.000749 0.000486 0.000290 0.000135 0.000000 
0.000000 0.000116 0.000250 0.000421 0.000653 0.000976 0.001429 0.002066 0.002955 0.004189 0.005887 0.008203 0.011335 0.015534 0.021111 0.028453 0.038032 0.050413 0.066270 0.086392 0.111687 0.143189 0.182048 0.229525 0.286971 0.355802 0.437460 0.533365 0.644861 0.773142 0.919185 1.083664 1.266870 1.468635 1.688254 1.924430 2.175231 2.438070 2.709711 2.986306 3.263468 3.536361 3.799841 4.048597 4.277338 4.480964 4.654766 4.794598 4.897046 4.959563 4.980579 4.959563 4.897046 4.794598 4.654766 4.480964 4.277338 4.048597 3.799841 3.536361 3.263468 2.986306 2.709711 2.438070 2.175231 1.924430 1.688254 1.468635 1.266870 1.083664 0.919185 0.773142 0.644861 0.533365 0.437460 0.355802 0.286971 0.229525 0.182048 0.143189 0.111687 0.086392 0.066270 0.050412 0.038031 0.028453 0.021111 0.015533 0.011335 0.008202 0.005885 0.004186 0.002950 0.002057 0.001415 0.000954 0.000619 0.000370 0.000172 0.000000 
0.000000 0.000147 0.000316 0.000532 0.000825 0.001233 0.001805 0.002609 0.003732 0.005290 0.007432 0.010355 0.014307 0.019604 0.026639 0.035899 0.047979 0.063591 0.083585 0.108953 0.140841 0.180549 0.229525 0.289357 0.361747 0.448477 0.551360 0.672184 0.812639 0.974229 1.158179 1.365336 1.596067 1.850154 2.126711 2.424102 2.739894 3.070827 3.412829 3.761055 4.109980 4.453522 4.785202 5.098341 5.386276 5.642593 5.861365 6.037375 6.166327 6.245018 6.271471 6.245018 6.166327 6.037375 5.861365 5.642593 5.386276 5.098341 4.785202 4.453522 4.109980 3.761055 3.412829 3.070827 2.739894 2.424102 2.126711 1.850154 1.596067 1.365336 1.158179 0.974229 0.812639 0.672184 0.551360 0.448477 0.361747 0.289357 0.229525 0.180549 0.140841 0.108953 0.083585 0.063591 0.047979 0.035899 0.026639 0.019603 0.014306 0.010353 0.007429 0.005285 0.003725 0.002598 0.001787 0.001205 0.000782 0.000467 0.000218 0.000000 
0.000000 0.000184 0.000396 0.000667 0.001034 0.001544 0.002261 0.003268 0.004673 0.006623 0.009304 0.012961 0.017906 0.024532 0.033333 0.044915 0.060022 0.079545 0.104544 0.136260 0.176123 0.225757 0.286971 0.361747 0.452210 0.560583 0.689131 0.840085 1.015552 1.217407 1.447180 1.705926 1.994097 2.311423 2.656791 3.028159 3.422487 3.835703 4.262722 4.697497 5.133130 5.562028 5.976105 6.367025 6.726473 7.046445 7.319542 7.539257 7.700227 7.798456 7.831477 7.798456 7.700227 7.539257 7.319542 7.046445 6.726473 6.367025 5.976105 5.562028 5.133130 4.697497 4.262722 3.835703 3.422487 3.028159 2.656791 2.311423 1.994097 1.705926 1.447180 1.217407 1.015552 0.840085 0.689131 0.560583 0.452210 0.361747 0.286971 0.225757 0.176123 0.136260 0.104544 0.079545 0.060022 0.044915 0.033332 0.024532 0.017905 0.012959 0.009300 0.006617 0.004664 0.003253 0.002238 0.001509 0.000980 0.000585 0.000273 0.000000 
0.000000 0.000229 0.000492 0.000829 0.001284 0.001918 0.002808 0.004058 0.005803 0.008222 0.011550 0.016088 0.022223 0.030443 0.041360 0.055725 0.074460 0.098669 0.129666 0.168987 0.218405 0.279929 0.355802 0.448477 0.560583 0.694874 0.854153 1.041182 1.258566 1.508626 1.793253 2.113749 2.470673 2.863686 3.291408 3.751308 4.239618 4.751298 5.280048 5.818382 6.357761 6.888784 7.401445 7.885423 8.330428 8.726553 9.064642 9.336641 9.535915 9.657517 9.698395 9.657517 9.535915 9.336641 9.064642 8.726553 8.330428 7.885423 7.401445 6.888784 6.357761 5.818382 5.280048 4.751298 4.239618 3.751308 3.291408 2.863686 2.470673 2.113749 1.793253 1.508626 1.258566 1.041182 0.854153 0.694874 0.560583 0.448477 0.355802 0.279929 0.218405 0.168987 0.129666 0.098669 0.074460 0.055725 0.041359 0.030442 0.022221 0.016085 0.011545 0.008215 0.005791 0.004040 0.002780 0.001874 0.001217 0.000727 0.000339 0.000000 
0.000000 0.000282 0.000607 0.001021 0.001582 0.002362 0.003459 0.004997 0.007145 0.010122 0.014217 0.019801 0.027349 0.037462 0.050889 0.068558 0.091598 0.121368 0.159480 0.207824 0.268575 0.344202 0.437460 0.551360 0.689131 0.854153 1.049868 1.279664 1.546739 1.853939 2.203584 2.597269 3.035676 3.518386 4.043701 4.608509 5.208182 5.836529 6.485813 7.146844 7.809136 8.461150 9.090601 9.684821 10.231179 10.717516 11.132595 11.466530 11.711177 11.860466 11.910652 11.860466 11.711177 11.466530 11.132595 10.717516 10.231179 9.684821 9.090601 8.461150 7.809136 7.146844 6.485813 5.836529 5.208182 4.608509 4.043701 3.518386 3.035676 2.597269 2.203584 1.853939 1.546739 1.279664 1.049868 0.854153 0.689131 0.551360 0.437460 0.344202 0.268575 0.207824 0.159480 0.121367 0.091598 0.068558 0.050889 0.037461 0.027347 0.019798 0.014212 0.010113 0.007130 0.004974 0.003424 0.002309 0.001499 0.000895 0.000418 0.000000 
0.000000 0.000345 0.000741 0.001247 0.001932 0.002885 0.004224 0.006101 0.008723 0.012357 0.017354 0.024167 0.033376 0.045712 0.062090 0.083640 0.111737 0.148038 0.194508 0.253448 0.327508 0.419696 0.533365 0.672184 0.840085 1.041182 1.279664 1.559655 1.885048 2.259306 2.685248 3.164813 3.698830 4.286779 4.926594 5.614479 6.344795 7.110001 7.900678 8.705631 9.512096 10.306024 11.072457 11.795978 12.461208 13.053349 13.558722 13.965294 14.263155 14.444915 14.506016 14.444915 14.263155 13.965294 13.558722 13.053349 12.461208 11.795978 11.072457 10.306024 9.512096 8.705631 7.900678 7.110001 6.344795 5.614479 4.926594 4.286779 3.698830 3.164813 2.685248 2.259306 1.885048 1.559655 1.279664 1.041182 0.840085 0.672184 0.533365 0.419696 0.327508 0.253448 0.194508 0.148038 0.111737 0.083639 0.062089 0.045710 0.033373 0.024163 0.017347 0.012346 0.008705 0.006074 0.004181 0.002819 0.001831 0.001094 0.000510 0.000000 
0.000000 0.000418 0.000898 0.001510 0.002340 0.003494 0.005114 0.007387 0.010560 0.014958 0.021004 0.029248 0.040388 0.055310 0.075120 0.101183 0.135161 0.179056 0.235243 0.306501 0.396032 0.507468 0.644861 0.812639 1.015552 1.258566 1.546739 1.885048 2.278192 2.730348 3.244917 3.824236 4.469300 5.179478 5.952268 6.783084 7.665113 8.589245 9.544104 10.516173 11.490039 12.448740 13.374218 14.247860 15.051102 15.766079 16.376281 16.867183 17.226821 17.446279 17.520052 17.446279 17.226821 16.867183 16.376281 15.766079 15.051102 14.247860 13.374218 12.448740 11.490039 10.516173 9.544104 8.589245 7.665113 6.783084 5.952268 5.179478 4.469300 3.824236 3.244917 2.730348 2.278192 1.885048 1.546739 1.258566 1.015552 0.812639 0.644861 0.507468 0.396032 0.306501 0.235243 0.179056 0.135161 0.101182 0.075119 0.055308 0.040385 0.029242 0.020996 0.014944 0.010539 0.007354 0.005062 0.003414 0.002218 0.001325 0.000618 0.000000 
0.000000 0.000502 0.001078 0.001814 0.002810 0.004196 0.006140 0.008868 0.012676 0.017953 0.025209 0.035099 0.048463 0.066362 0.090123 0.121379 0.162125 0.214759 0.282126 0.367556 0.474884 0.608463 0.773142 0.974229 1.217407 1.508626 1.853939 2.259306 2.730348 3.272066 3.888524 4.582520 5.355237 6.205915 7.131552 8.126650 9.183047 10.289833 11.433379 12.597502 13.763743 14.911795 16.020036 17.066183 18.028012 18.884137 19.614792 20.202593 20.633216 20.895989 20.984323 20.895989 20.633216 20.202593 19.614792 18.884137 18.028012 17.066183 16.020036 14.911795 13.763743 12.597502 11.433379 10.289833 9.183047 8.126650 7.131552 6.205915 5.355237 4.582520 3.888524 3.272066 2.730348 2.259306 1.853939 1.508626 1.217407 0.974229 0.773142 0.608463 0.474884 0.367556 0.282126 0.214759 0.162125 0.121378 0.090121 0.066360 0.048459 0.035092 0.025199 0.017937 0.012651 0.008829 0.006078 0.004100 0.002663 0.001591 0.000742 0.000000 
0.000000 0.000597 0.001284 0.002160 0.003346 0.004995 0.007310 0.010557 0.015088 0.021368 0.030000 0.041766 0.057663 0.078954 0.107213 0.144384 0.192837 0.255420 0.335516 0.437079 0.564667 0.723449 0.919185 1.158179 1.447180 1.793253 2.203584 2.685248 3.244917 3.888524 4.620894 5.445339 6.363261 7.373750 8.473233 9.655178 10.909886 12.224397 13.582525 14.965050 16.350054 17.713423 19.029487 20.271787 21.413941 22.430558 23.298175 23.996151 24.507486 24.819508 24.924397 24.819508 24.507486 23.996151 23.298175 22.430558 21.413941 20.271787 19.029487 17.713423 16.350054 14.965050 13.582525 12.224397 10.909886 9.655178 8.473233 7.373750 6.363261 5.445339 4.620894 3.888524 3.244917 2.685248 2.203584 1.793253 1.447180 1.158179 0.919185 0.723448 0.564667 0.437079 0.335516 0.255420 0.192836 0.144383 0.107211 0.078951 0.057659 0.041758 0.029988 0.021349 0.015058 0.010510 0.007236 0.004881 0.003171 0.001894 0.000884 0.000000 
0.000000 0.000705 0.001516 0.002551 0.003951 0.005898 0.008630 0.012461 0.017808 0.025217 0.035401 0.049281 0.068033 0.093144 0.126472 0.170307 0.227441 0.301231 0.395663 0.515395 0.665797 0.852958 1.083664 1.365336 1.705926 2.113749 2.597269 3.164813 3.824236 4.582520 5.445339 6.416591 7.497915 8.688236 9.983338 11.375521 12.853360 14.401585 16.001135 17.629373 19.260489 20.866089 22.415946 23.878909 25.223915 26.421072 27.442756 28.264667 28.866793 29.234215 29.357727 29.234215 28.866793 28.264667 27.442756 26.421072 25.223915 23.878909 22.415946 20.866089 19.260489 17.629373 16.001135 14.401585 12.853360 11.375521 9.983338 8.688236 7.497915 6.416591 5.445339 4.582520 3.824236 3.164813 2.597269 2.113749 1.705926 1.365336 1.083664 0.852958 0.665797 0.515395 0.395662 0.301231 0.227440 0.170305 0.126470 0.093141 0.068028 0.049272 0.035387 0.025195 0.017773 0.012405 0.008542 0.005763 0.003744 0.002237 0.001044 0.000000 
0.000000 0.000826 0.001776 0.002986 0.004625 0.006904 0.010101 0.014585 0.020841 0.029510 0.041423 0.057659 0.079592 0.108961 0.147936 0.199195 0.266000 0.352275 0.462676 0.602645 0.778457 0.997223 1.266870 1.596067 1.994097 2.470673 3.035676 3.698830 4.469300 5.355237 6.363261 7.497915 8.761108 10.151575 11.664385 13.290540 15.016687 16.824991 18.693190 20.594844 22.499814 24.374942 26.184934 27.893418 29.464124 30.862153 32.055252 33.015054 33.718192 34.147251 34.291482 34.147251 33.718192 33.015054 32.055252 30.862153 29.464124 27.893418 26.184934 24.374942 22.499814 20.594844 18.693190 16.824991 15.016687 13.290540 11.664385 10.151575 8.761108 7.497915 6.363261 5.355237 4.469300 3.698830 3.035676 2.470673 1.994097 1.596067 1.266870 0.997223 0.778457 0.602645 0.462675 0.352275 0.265999 0.199194 0.147934 0.108957 0.079586 0.057649 0.041407 0.029483 0.020799 0.014519 0.009999 0.006746 0.004383 0.002619 0.001222 0.000000 
0.000000 0.000959 0.002061 0.003467 0.005369 0.008014 0.011724 0.016926 0.024185 0.034241 0.048061 0.066893 0.092331 0.126391 0.171588 0.231025 0.308483 0.408508 0.536495 0.698752 0.902544 1.156111 1.468635 1.850154 2.311423 2.863686 3.518386 4.286779 5.179478 6.205915 7.373750 8.688236 10.151575 11.762293 13.514673 15.398283 17.397655 19.492128 21.655914 23.858395 26.064665 28.236328 30.332516 32.311111 34.130120 35.749134 37.130811 38.242307 39.056570 39.553435 39.720459 39.553435 39.056570 38.242307 37.130811 35.749134 34.130120 32.311111 30.332516 28.236328 26.064665 23.858395 21.655914 19.492128 17.397655 15.398283 13.514673 11.762293 10.151575 8.688236 7.373750 6.205915 5.179478 4.286779 3.518386 2.863686 2.311423 1.850154 1.468635 1.156111 0.902544 0.698751 0.536495 0.408508 0.308482 0.231023 0.171585 0.126387 0.092324 0.066881 0.048042 0.034210 0.024136 0.016850 0.011605 0.007830 0.005087 0.003040 0.001419 0.000000 
0.000000 0.001104 0.002373 0.003991 0.006180 0.009223 0.013492 0.019478 0.027828 0.039396 0.055292 0.076951 0.106207 0.145374 0.197345 0.265686 0.354742 0.469736 0.616867 0.803381 1.037627 1.329070 1.688254 2.126711 2.656791 3.291408 4.043701 4.926594 5.952268 7.131552 8.473233 9.983338 11.664385 13.514673 15.527624 17.691253 19.987784 22.393484 24.878735 27.408369 29.942301 32.436437 34.843848 37.116171 39.205189 41.064503 42.651238 43.927684 44.862780 45.433376 45.625185 45.433376 44.862780 43.927684 42.651238 41.064503 39.205189 37.116171 34.843848 32.436437 29.942301 27.408369 24.878735 22.393484 19.987784 17.691253 15.527624 13.514673 11.664385 9.983338 8.473233 7.131552 5.952268 4.926594 4.043701 3.291408 2.656791 2.126711 1.688253 1.329069 1.037627 0.803381 0.616867 0.469736 0.354741 0.265684 0.197342 0.145369 0.106198 0.076937 0.055269 0.039360 0.027772 0.019390 0.013355 0.009011 0.005855 0.003499 0.001633 0.000000 
0.000000 0.001260 0.002708 0.004555 0.007052 0.010525 0.015396 0.022224 0.031750 0.044944 0.063074 0.087775 0.121138 0.165800 0.225058 0.302976 0.404506 0.535599 0.703318 0.915918 1.182911 1.515077 1.924430 2.424102 3.028159 3.751308 4.608509 5.614479 6.783084 8.126650 9.655178 11.375521 13.290540 15.398283 17.691253 20.155786 22.771634 25.511760 28.342427 31.223582 34.109574 36.950188 39.691984 42.279891 44.659004 46.776492 48.583535 50.037196 51.102111 51.751920 51.970357 51.751920 51.102111 50.037196 48.583535 46.776492 44.659004 42.279891 39.691984 36.950188 34.109574 31.223582 28.342427 25.511760 22.771634 20.155786 17.691253 15.398283 13.290540 11.375521 9.655178 8.126650 6.783084 5.614479 4.608509 3.751308 3.028159 2.424102 1.924430 1.515077 1.182911 0.915918 0.703317 0.535598 0.404504 0.302974 0.225055 0.165794 0.121128 0.087759 0.063048 0.044903 0.031685 0.022123 0.015239 0.010283 0.006682 0.003993 0.001864 0.000000 
0.000000 0.001426 0.003065 0.005154 0.007980 0.011909 0.017419 0.025143 0.035917 0.050840 0.071344 0.099277 0.137002 0.187502 0.254501 0.342591 0.457369 0.605560 0.795141 1.035442 1.337207 1.712614 2.175231 2.739894 3.422487 4.239618 5.208182 6.344795 7.665113 9.183047 10.909886 12.853360 15.016687 17.397655 19.987784 22.771634 25.726327 28.821322 32.018512 35.272661 38.532211 41.740453 44.837041 47.759786 50.446689 52.838096 54.878881 56.520563 57.723210 58.457062 58.703749 58.457062 57.723210 56.520563 54.878881 52.838096 50.446689 47.759786 44.837041 41.740453 38.532211 35.272661 32.018512 28.821322 25.726327 22.771634 19.987784 17.397655 15.016687 12.853360 10.909886 9.183047 7.665113 6.344795 5.208182 4.239618 3.422487 2.739894 2.175231 1.712614 1.337207 1.035442 0.795141 0.605559 0.457367 0.342589 0.254497 0.187495 0.136991 0.099259 0.071315 0.050794 0.035845 0.025029 0.017242 0.011635 0.007562 0.004519 0.002109 0.000000 
0.000000 0.001600 0.003439 0.005783 0.008954 0.013361 0.019542 0.028205 0.040289 0.057024 0.080016 0.111338 0.153638 0.210257 0.285369 0.384123 0.512786 0.678896 0.891391 1.160722 1.498924 1.919641 2.438070 3.070827 3.835703 4.751298 5.836529 7.110001 8.589245 10.289833 12.224397 14.401585 16.824991 19.492128 22.393484 25.511760 28.821322 32.287960 35.868988 39.513744 43.164484 46.757702 50.225816 53.499189 56.508393 59.186629 61.472171 63.310733 64.657602 65.479454 65.755722 65.479454 64.657602 63.310733 61.472171 59.186629 56.508393 53.499189 50.225816 46.757702 43.164484 39.513744 35.868988 32.287960 28.821322 25.511760 22.393484 19.492128 16.824991 14.401585 12.224397 10.289833 8.589245 7.110001 5.836529 4.751298 3.835703 3.070827 2.438070 1.919641 1.498924 1.160722 0.891391 0.678895 0.512785 0.384120 0.285365 0.210249 0.153625 0.111318 0.079984 0.056972 0.040207 0.028077 0.019343 0.013054 0.008484 0.005070 0.002367 0.000000 
0.000000 0.001780 0.003827 0.006434 0.009961 0.014863 0.021737 0.031372 0.044810 0.063419 0.088985 0.123811 0.170839 0.233784 0.317284 0.427060 0.570076 0.754707 0.990883 1.290214 1.666072 2.133610 2.709711 3.412829 4.262722 5.280048 6.485813 7.900678 9.544104 11.433379 13.582525 16.001135 18.693190 21.655914 24.878735 28.342427 32.018512 35.868988 39.846445 43.894610 47.949356 51.940156 55.791957 59.427429 62.769475 65.743919 68.282219 70.324094 71.819898 72.732626 73.039443 72.732626 71.819898 70.324094 68.282219 65.743919 62.769475 59.427429 55.791957 51.940156 47.949356 43.894610 39.846445 35.868988 32.018512 28.342427 24.878735 21.655914 18.693190 16.001135 13.582525 11.433379 9.544104 7.900678 6.485813 5.280048 4.262722 3.412829 2.709711 2.133610 1.666072 1.290214 0.990882 0.754706 0.570074 0.427056 0.317279 0.233775 0.170825 0.123788 0.088949 0.063362 0.044719 0.031230 0.021516 0.014521 0.009438 0.005641 0.002633 0.000000 
0.000000 0.001964 0.004221 0.007098 0.010988 0.016394 0.023975 0.034600 0.049417 0.069935 0.098123 0.136517 0.188361 0.257750 0.349793 0.470793 0.628426 0.831917 1.092206 1.422085 1.836282 2.351491 2.986306 3.761055 4.697497 5.818382 7.146844 8.705631 10.516173 12.597502 14.965050 17.629373 20.594844 23.858395 27.408369 31.223582 35.272661 39.513744 43.894610 48.353284 52.819139 57.214503 61.456726 65.460649 69.141372 72.417214 75.212699 77.461448 79.108793 80.113988 80.451887 80.113988 79.108793 77.461448 75.212699 72.417214 69.141372 65.460649 61.456726 57.214503 52.819139 48.353284 43.894610 39.513744 35.272661 31.223582 27.408369 23.858395 20.594844 17.629373 14.965050 12.597502 10.516173 8.705631 7.146844 5.818382 4.697497 3.761055 2.986306 2.351491 1.836282 1.422085 1.092206 0.831916 0.628424 0.470790 0.349787 0.257741 0.188346 0.136493 0.098083 0.069872 0.049316 0.034442 0.023730 0.016017 0.010410 0.006222 0.002904 0.000000 
0.000000 0.002148 0.004617 0.007763 0.012017 0.017929 0.026219 0.037836 0.054036 0.076469 0.107284 0.149256 0.205928 0.281774 0.382379 0.514629 0.686909 0.909300 1.193753 1.554241 2.006854 2.569826 3.263468 4.109980 5.133130 6.357761 7.809136 9.512096 11.490039 13.763743 16.350054 19.260489 22.499814 26.064665 29.942301 34.109574 38.532211 43.164484 47.949356 52.819139 57.696698 62.497207 67.130408 71.503301 75.523177 79.100837 82.153864 84.609773 86.408869 87.506658 87.875682 87.506658 86.408869 84.609773 82.153864 79.100837 75.523177 71.503301 67.130408 62.497207 57.696698 52.819139 47.949356 43.164484 38.532211 34.109574 29.942301 26.064665 22.499814 19.260489 16.350054 13.763743 11.490039 9.512096 7.809136 6.357761 5.133130 4.109980 3.263468 2.569826 2.006854 1.554241 1.193752 0.909299 0.686907 0.514625 0.382373 0.281764 0.205911 0.149229 0.107240 0.076399 0.053926 0.037664 0.025951 0.017516 0.011386 0.006805 0.003177 0.000000 
0.000000 0.002330 0.005007 0.008419 0.013031 0.019442 0.028429 0.041024 0.058587 0.082905 0.116308 0.161804 0.223230 0.305437 0.414473 0.557801 0.744505 0.985505 1.293750 1.684376 2.174811 2.784806 3.536361 4.453522 5.562028 6.888784 8.461150 10.306024 12.448740 14.911795 17.713423 20.866089 24.374942 28.236328 32.436437 36.950188 41.740453 46.757702 51.940156 57.214503 62.497207 67.696403 72.714344 77.450319 81.803931 85.678587 88.985040 91.644797 93.593217 94.782119 95.181770 94.782119 93.593217 91.644797 88.985040 85.678587 81.803931 77.450319 72.714344 67.696403 62.497207 57.214503 51.940156 46.757702 41.740453 36.950188 32.436437 28.236328 24.374942 20.866089 17.713423 14.911795 12.448740 10.306024 8.461150 6.888784 5.562028 4.453522 3.536361 2.784806 2.174810 1.684375 1.293749 0.985504 0.744503 0.557797 0.414467 0.305426 0.223212 0.161774 0.116261 0.082829 0.058468 0.040837 0.028139 0.018994 0.012346 0.007380 0.003445 0.000000 
0.000000 0.002505 0.005384 0.009052 0.014012 0.020903 0.030565 0.044104 0.062982 0.089122 0.125025 0.173923 0.239942 0.328290 0.445469 0.599493 0.800125 1.059094 1.390310 1.810033 2.336983 2.992376 3.799841 4.785202 5.976105 7.401445 9.090601 11.072457 13.374218 16.020036 19.029487 22.415946 26.184934 30.332516 34.843848 39.691984 44.837041 50.225816 55.791957 61.456726 67.130408 72.714344 78.103564 83.189913 87.865579 92.026833 95.577837 98.434304 100.526817 101.803641 102.232847 101.803641 100.526817 98.434304 95.577837 92.026833 87.865579 83.189913 78.103564 72.714344 67.130408 61.456726 55.791957 50.225816 44.837041 39.691984 34.843848 30.332516 26.184934 22.415946 19.029487 16.020036 13.374218 11.072457 9.090601 7.401445 5.976105 4.785202 3.799840 2.992376 2.336983 1.810032 1.390309 1.059092 0.800122 0.599489 0.445461 0.328278 0.239923 0.173892 0.124974 0.089041 0.062855 0.043903 0.030253 0.020422 0.013275 0.007935 0.003704 0.000000 
