0.000000 0.000000 0.000000 0.000000 0.000000 0.000000 0.000000 0.000000 0.000000 0.000000 0.000000 0.000000 0.000000 0.000000 0.000000 0.000000 0.000000 0.000000 0.000000 0.000000 0.000000 0.000000 0.000000 0.000000 0.000000 0.000000 0.000000 0.000000 0.000000 0.000000 0.000000 0.000000 0.000000 0.000000 0.000000 0.000000 0.000000 0.000000 0.000000 0.000000 0.000000 0.000000 0.000000 0.000000 0.000000 0.000000 0.000000 0.000000 0.000000 0.000000 0.000000 0.000000 0.000000 0.000000 0.000000 0.000000 0.000000 0.000000 0.000000 0.000000 0.000000 0.000000 0.000000 0.000000 0.000000 0.000000 0.000000 0.000000 0.000000 0.000000 0.000000 0.000000 0.000000 0.000000 0.000000 0.000000 0.000000 0.000000 0.000000 0.000000 0.000000 0.000000 0.000000 0.000000 0.000000 0.000000 0.000000 0.000000 0.000000 0.000000 0.000000 0.000000 0.000000 0.000000 0.000000 0.000000 0.000000 0.000000 0.000000 0.000000 
0.000000 0.000000 0.000000 0.000000 0.000000 0.000000 0.000001 0.000001 0.000002 0.000002 0.000003 0.000004 0.000006 0.000008 0.000011 0.000016 0.000021 0.000028 0.000037 0.000048 0.000063 0.000081 0.000103 0.000131 0.000164 0.000205 0.000253 0.000309 0.000375 0.000452 0.000539 0.000638 0.000748 0.000870 0.001003 0.001146 0.001299 0.001459 0.001625 0.001795 0.001965 0.002133 0.002295 0.002449 0.002590 0.002716 0.002823 0.002910 0.002974 0.003012 0.003025 0.003012 0.002974 0.002910 0.002823 0.002716 0.002590 0.002449 0.002295 0.002133 0.001965 0.001795 0.001625 0.001459 0.001299 0.001146 0.001003 0.000870 0.000748 0.000638 0.000539 0.000452 0.000375 0.000309 0.000253 0.000205 0.000164 0.000131 0.000103 0.000081 0.000063 0.000048 0.000037 0.000028 0.000021 0.000016 0.000011 0.000008 0.000006 0.000004 0.000003 0.000002 0.000002 0.000001 0.000001 0.000000 0.000000 0.000000 0.000000 0.000000 
0.000000 0.000000 0.000000 0.000000 0.000001 0.000001 0.000002 0.000002 0.000003 0.000005 0.000007 0.000009 0.000013 0.000018 0.000025 0.000033 0.000045 0.000060 0.000079 0.000104 0.000135 0.000174 0.000222 0.000282 0.000354 0.000441 0.000544 0.000666 0.000808 0.000973 0.001161 0.001373 0.001610 0.001872 0.002158 0.002467 0.002796 0.003141 0.003498 0.003863 0.004229 0.004591 0.004940 0.005270 0.005574 0.005845 0.006077 0.006263 0.006400 0.006483 0.006511 0.006483 0.006400 0.006263 0.006077 0.005845 0.005574 0.005270 0.004940 0.004591 0.004229 0.003863 0.003498 0.003141 0.002796 0.002467 0.002158 0.001872 0.001610 0.001373 0.001161 0.000973 0.000808 0.000666 0.000544 0.000441 0.000354 0.000282 0.000222 0.000174 0.000135 0.000104 0.000079 0.000060 0.000045 0.000033 0.000025 0.000018 0.000013 0.000009 0.000007 0.000005 0.000003 0.000002 0.000002 0.000001 0.000001 0.000000 0.000000 0.000000 
0.000000 0.000000 0.000000 0.000001 0.000001 0.000002 0.000003 0.000004 0.000006 0.000008 0.000011 0.000016 0.000022 0.000030 0.000042 0.000056 0.000076 0.000101 0.000134 0.000175 0.000228 0.000294 0.000375 0.000475 0.000597 0.000743 0.000918 0.001123 0.001363 0.001640 0.001957 0.002315 0.002715 0.003156 0.003639 0.004158 0.004712 0.005294 0.005896 0.006511 0.007128 0.007736 0.008324 0.008881 0.009393 0.009849 0.010239 0.010553 0.010783 0.010924 0.010971 0.010924 0.010783 0.010553 0.010239 0.009849 0.009393 0.008881 0.008324 0.007736 0.007128 0.006511 0.005896 0.005294 0.004712 0.004158 0.003639 0.003156 0.002715 0.002315 0.001957 0.001640 0.001363 0.001123 0.000918 0.000743 0.000597 0.000475 0.000375 0.000294 0.000228 0.000175 0.000134 0.000101 0.000076 0.000056 0.000042 0.000030 0.000022 0.000016 0.000011 0.000008 0.000006 0.000004 0.000003 0.000002 0.000001 0.000001 0.000000 0.000000 
0.000000 0.000000 0.000001 0.000001 0.000002 0.000003 0.000004 0.000006 0.000009 0.000012 0.000018 0.000025 0.000034 0.000047 0.000065 0.000088 0.000118 0.000158 0.000208 0.000273 0.000354 0.000457 0.000583 0.000739 0.000928 0.001155 0.001426 0.001745 0.002118 0.002548 0.003040 0.003596 0.004216 0.004902 0.005651 0.006458 0.007317 0.008219 0.009154 0.010108 0.011065 0.012010 0.012923 0.013786 0.014580 0.015289 0.015893 0.016380 0.016737 0.016955 0.017029 0.016955 0.016737 0.016380 0.015893 0.015289 0.014580 0.013786 0.012923 0.012010 0.011065 0.010108 0.009154 0.008219 0.007317 0.006458 0.005651 0.004902 0.004216 0.003596 0.003040 0.002548 0.002118 0.001745 0.001426 0.001155 0.000928 0.000739 0.000583 0.000457 0.000354 0.000273 0.000208 0.000158 0.000118 0.000088 0.000065 0.000047 0.000034 0.000025 0.000018 0.000012 0.000009 0.000006 0.000004 0.000003 0.000002 0.000001 0.000000 0.000000 
0.000000 0.000000 0.000001 0.000002 0.000003 0.000004 0.000006 0.000009 0.000013 0.000019 0.000026 0.000037 0.000052 0.000071 0.000097 0.000132 0.000177 0.000236 0.000312 0.000409 0.000531 0.000685 0.000874 0.001107 0.001390 0.001731 0.002137 0.002615 0.003173 0.003817 0.004553 0.005385 0.006314 0.007341 0.008461 0.009669 0.010954 0.012305 0.013703 0.015130 0.016563 0.017975 0.019341 0.020632 0.021821 0.022880 0.023785 0.024513 0.025047 0.025373 0.025482 0.025373 0.025047 0.024513 0.023785 0.022880 0.021821 0.020632 0.019341 0.017975 0.016563 0.015130 0.013703 0.012305 0.010954 0.009669 0.008461 0.007341 0.006314 0.005385 0.004553 0.003817 0.003173 0.002615 0.002137 0.001731 0.001390 0.001107 0.000874 0.000685 0.000531 0.000409 0.000312 0.000236 0.000177 0.000132 0.000097 0.000071 0.000052 0.000037 0.000026 0.000019 0.000013 0.000009 0.000006 0.000004 0.000003 0.000002 0.000001 0.000000 
0.000000 0.000001 0.000002 0.000003 0.000004 0.000006 0.000009 0.000013 0.000019 0.000028 0.000039 0.000055 0.000076 0.000105 0.000143 0.000194 0.000261 0.000348 0.000459 0.000602 0.000781 0.001006 0.001285 0.001627 0.002043 0.002543 0.003139 0.003841 0.004660 0.005606 0.006686 0.007907 0.009270 0.010776 0.012420 0.014192 0.016078 0.018058 0.020110 0.022202 0.024303 0.026374 0.028377 0.030270 0.032013 0.033566 0.034893 0.035961 0.036744 0.037221 0.037382 0.037221 0.036744 0.035961 0.034893 0.033566 0.032013 0.030270 0.028377 0.026374 0.024303 0.022202 0.020110 0.018058 0.016078 0.014192 0.012420 0.010776 0.009270 0.007907 0.006686 0.005606 0.004660 0.003841 0.003139 0.002543 0.002043 0.001627 0.001285 0.001006 0.000781 0.000602 0.000459 0.000348 0.000261 0.000194 0.000143 0.000105 0.000076 0.000055 0.000039 0.000028 0.000019 0.000013 0.000009 0.000006 0.000004 0.000002 0.000001 0.000000 
0.000000 0.000001 0.000002 0.000004 0.000006 0.000009 0.000013 0.000020 0.000028 0.000040 0.000057 0.000079 0.000110 0.000152 0.000208 0.000282 0.000379 0.000505 0.000667 0.000873 0.001134 0.001460 0.001864 0.002360 0.002963 0.003688 0.004551 0.005568 0.006755 0.008125 0.009690 0.011458 0.013432 0.015613 0.017992 0.020557 0.023288 0.026155 0.029124 0.032153 0.035193 0.038191 0.041090 0.043829 0.046351 0.048599 0.050518 0.052063 0.053196 0.053887 0.054120 0.053887 0.053196 0.052063 0.050518 0.048599 0.046351 0.043829 0.041090 0.038191 0.035193 0.032153 0.029124 0.026155 0.023288 0.020557 0.017992 0.015613 0.013432 0.011458 0.009690 0.008125 0.006755 0.005568 0.004551 0.003688 0.002963 0.002360 0.001864 0.001460 0.001134 0.000873 0.000667 0.000505 0.000379 0.000282 0.000208 0.000152 0.000110 0.000079 0.000057 0.000040 0.000028 0.000019 0.000013 0.000009 0.000006 0.000003 0.000002 0.000000 
0.000000 0.000002 0.000003 0.000006 0.000009 0.000013 0.000019 0.000028 0.000040 0.000058 0.000082 0.000114 0.000159 0.000219 0.000299 0.000405 0.000544 0.000725 0.000957 0.001254 0.001628 0.002096 0.002676 0.003388 0.004252 0.005292 0.006530 0.007989 0.009690 0.011655 0.013898 0.016431 0.019261 0.022386 0.025796 0.029471 0.033383 0.037490 0.041744 0.046083 0.050437 0.054731 0.058882 0.062806 0.066418 0.069636 0.072384 0.074597 0.076219 0.077209 0.077542 0.077209 0.076219 0.074597 0.072384 0.069636 0.066418 0.062806 0.058882 0.054731 0.050437 0.046083 0.041744 0.037490 0.033383 0.029471 0.025796 0.022386 0.019261 0.016431 0.013898 0.011655 0.009690 0.007989 0.006530 0.005292 0.004252 0.003388 0.002676 0.002096 0.001628 0.001254 0.000957 0.000725 0.000544 0.000405 0.000299 0.000219 0.000159 0.000114 0.000082 0.000058 0.000040 0.000028 0.000019 0.000013 0.000008 0.000005 0.000002 0.000000 
0.000000 0.000002 0.000005 0.000008 0.000012 0.000019 0.000028 0.000040 0.000058 0.000082 0.000116 0.000163 0.000226 0.000312 0.000426 0.000577 0.000775 0.001032 0.001363 0.001784 0.002317 0.002983 0.003807 0.004819 0.006047 0.007524 0.009283 0.011356 0.013774 0.016564 0.019750 0.023348 0.027366 0.031803 0.036645 0.041863 0.047415 0.053246 0.059284 0.065442 0.071622 0.077715 0.083606 0.089174 0.094299 0.098866 0.102766 0.105905 0.108207 0.109611 0.110084 0.109611 0.108207 0.105905 0.102766 0.098866 0.094299 0.089174 0.083606 0.077715 0.071622 0.065442 0.059284 0.053246 0.047415 0.041863 0.036645 0.031803 0.027366 0.023348 0.019750 0.016564 0.013774 0.011356 0.009283 0.007524 0.006047 0.004819 0.003807 0.002983 0.002317 0.001784 0.001363 0.001032 0.000775 0.000577 0.000426 0.000312 0.000226 0.000163 0.000116 0.000082 0.000058 0.000040 0.000027 0.000018 0.000012 0.000007 0.000003 0.000000 
0.000000 0.000003 0.000007 0.000011 0.000018 0.000026 0.000039 0.000057 0.000082 0.000116 0.000164 0.000230 0.000320 0.000440 0.000601 0.000814 0.001094 0.001456 0.001923 0.002517 0.003268 0.004206 0.005368 0.006794 0.008525 0.010606 0.013084 0.016003 0.019408 0.023337 0.027822 0.032888 0.038545 0.044791 0.051605 0.058949 0.066764 0.074969 0.083464 0.092129 0.100824 0.109397 0.117684 0.125517 0.132727 0.139150 0.144637 0.149053 0.152290 0.154266 0.154930 0.154266 0.152290 0.149053 0.144637 0.139150 0.132727 0.125517 0.117684 0.109397 0.100824 0.092129 0.083464 0.074969 0.066764 0.058949 0.051605 0.044791 0.038545 0.032888 0.027822 0.023337 0.019408 0.016003 0.013084 0.010606 0.008525 0.006794 0.005368 0.004206 0.003268 0.002517 0.001923 0.001456 0.001094 0.000814 0.000601 0.000440 0.000320 0.000230 0.000164 0.000116 0.000081 0.000056 0.000039 0.000026 0.000017 0.000010 0.000005 0.000000 
0.000000 0.000004 0.000009 0.000016 0.000025 0.000037 0.000055 0.000079 0.000114 0.000163 0.000230 0.000322 0.000448 0.000616 0.000842 0.001140 0.001530 0.002037 0.002690 0.003521 0.004570 0.005882 0.007506 0.009497 0.011915 0.014823 0.018283 0.022361 0.027115 0.032601 0.038863 0.045935 0.053832 0.062549 0.072059 0.082308 0.093213 0.104662 0.116515 0.128603 0.140734 0.152694 0.164254 0.175181 0.185237 0.194196 0.201849 0.208008 0.212523 0.215279 0.216206 0.215279 0.212523 0.208008 0.201849 0.194196 0.185237 0.175181 0.164254 0.152694 0.140734 0.128603 0.116515 0.104662 0.093213 0.082308 0.072059 0.062549 0.053832 0.045935 0.038863 0.032601 0.027115 0.022361 0.018283 0.014823 0.011915 0.009497 0.007506 0.005882 0.004570 0.003521 0.002690 0.002037 0.001530 0.001140 0.000842 0.000616 0.000448 0.000322 0.000230 0.000163 0.000114 0.000079 0.000054 0.000036 0.000023 0.000014 0.000007 0.000000 
0.000000 0.000006 0.000013 0.000022 0.000034 0.000052 0.000076 0.000110 0.000159 0.000226 0.000320 0.000448 0.000622 0.000856 0.001168 0.001582 0.002123 0.002827 0.003731 0.004883 0.006337 0.008155 0.010406 0.013165 0.016515 0.020542 0.025335 0.030982 0.037565 0.045161 0.053831 0.063621 0.074552 0.086617 0.099779 0.113962 0.129051 0.144893 0.161293 0.178018 0.194800 0.211344 0.227337 0.242451 0.256361 0.268754 0.279338 0.287858 0.294102 0.297914 0.299195 0.297914 0.294102 0.287858 0.279338 0.268754 0.256361 0.242451 0.227337 0.211344 0.194800 0.178018 0.161293 0.144893 0.129051 0.113962 0.099779 0.086617 0.074552 0.063621 0.053831 0.045161 0.037565 0.030982 0.025335 0.020542 0.016515 0.013165 0.010406 0.008155 0.006337 0.004883 0.003731 0.002827 0.002123 0.001582 0.001168 0.000856 0.000622 0.000448 0.000320 0.000226 0.000159 0.000110 0.000075 0.000051 0.000033 0.000019 0.000009 0.000000 
0.000000 0.000008 0.000018 0.000030 0.000047 0.000071 0.000105 0.000152 0.000219 0.000312 0.000440 0.000616 0.000856 0.001178 0.001608 0.002177 0.002922 0.003889 0.005132 0.006716 0.008715 0.011213 0.014305 0.018097 0.022699 0.028231 0.034814 0.042568 0.051609 0.062038 0.073942 0.087381 0.102385 0.118946 0.137009 0.156473 0.177180 0.198918 0.221420 0.244366 0.267390 0.290088 0.312026 0.332759 0.351841 0.368840 0.383357 0.395044 0.403609 0.408837 0.410594 0.408837 0.403609 0.395044 0.383357 0.368840 0.351841 0.332759 0.312026 0.290088 0.267390 0.244366 0.221420 0.198918 0.177180 0.156473 0.137009 0.118946 0.102385 0.087381 0.073942 0.062038 0.051609 0.042568 0.034814 0.028231 0.022699 0.018097 0.014305 0.011213 0.008715 0.006716 0.005132 0.003889 0.002922 0.002177 0.001608 0.001178 0.000856 0.000616 0.000440 0.000312 0.000218 0.000152 0.000104 0.000070 0.000045 0.000027 0.000012 0.000000 
0.000000 0.000011 0.000025 0.000042 0.000065 0.000097 0.000143 0.000208 0.000299 0.000426 0.000601 0.000842 0.001168 0.001608 0.002195 0.002971 0.003986 0.005305 0.007000 0.009159 0.011884 0.015288 0.019502 0.024668 0.030938 0.038474 0.047440 0.058000 0.070311 0.084511 0.100718 0.119014 0.139438 0.161980 0.186565 0.213054 0.241233 0.270813 0.301432 0.332652 0.363978 0.394858 0.424704 0.452909 0.478866 0.501989 0.521738 0.537634 0.549284 0.556396 0.558786 0.556396 0.549284 0.537634 0.521738 0.501989 0.478866 0.452909 0.424704 0.394858 0.363978 0.332652 0.301432 0.270813 0.241233 0.213054 0.186565 0.161980 0.139438 0.119014 0.100718 0.084511 0.070311 0.058000 0.047440 0.038474 0.030938 0.024668 0.019502 0.015288 0.011884 0.009159 0.007000 0.005305 0.003986 0.002971 0.002195 0.001608 0.001168 0.000842 0.000601 0.000426 0.000299 0.000207 0.000142 0.000095 0.000062 0.000037 0.000017 0.000000 
0.000000 0.000016 0.000033 0.000056 0.000088 0.000132 0.000194 0.000282 0.000405 0.000577 0.000814 0.001140 0.001582 0.002177 0.002971 0.004020 0.005394 0.007176 0.009468 0.012387 0.016070 0.020671 0.026365 0.033344 0.041815 0.051994 0.064105 0.078367 0.094991 0.114166 0.136047 0.160747 0.188319 0.218746 0.251929 0.287679 0.325708 0.365625 0.406941 0.449068 0.491334 0.532996 0.573263 0.611314 0.646331 0.677525 0.704166 0.725609 0.741325 0.750917 0.754142 0.750917 0.741325 0.725609 0.704166 0.677525 0.646331 0.611314 0.573263 0.532996 0.491334 0.449068 0.406941 0.365625 0.325708 0.287679 0.251929 0.218746 0.188319 0.160747 0.136047 0.114166 0.094991 0.078367 0.064105 0.051994 0.041815 0.033344 0.026365 0.020671 0.016070 0.012387 0.009468 0.007176 0.005394 0.004020 0.002970 0.002177 0.001582 0.001140 0.000814 0.000576 0.000404 0.000281 0.000192 0.000129 0.000083 0.000050 0.000023 0.000000 
0.000000 0.000021 0.000045 0.000076 0.000118 0.000177 0.000261 0.000379 0.000544 0.000775 0.001094 0.001530 0.002123 0.002922 0.003986 0.005394 0.007236 0.009627 0.012700 0.016612 0.021548 0.027714 0.035345 0.044696 0.056044 0.069680 0.085901 0.105002 0.127264 0.152939 0.182236 0.215304 0.252214 0.292943 0.337358 0.385206 0.436101 0.489520 0.544807 0.601177 0.657730 0.713474 0.767347 0.818256 0.865103 0.906835 0.942474 0.971160 0.992184 1.005016 1.009330 1.005016 0.992184 0.971160 0.942474 0.906835 0.865103 0.818256 0.767347 0.713474 0.657730 0.601177 0.544807 0.489520 0.436101 0.385206 0.337358 0.292943 0.252214 0.215304 0.182236 0.152939 0.127264 0.105002 0.085901 0.069680 0.056044 0.044696 0.035345 0.027714 0.021548 0.016612 0.012700 0.009627 0.007236 0.005394 0.003986 0.002922 0.002123 0.001530 0.001093 0.000774 0.000543 0.000377 0.000258 0.000173 0.000112 0.000067 0.000031 0.000000 
0.000000 0.000028 0.000060 0.000101 0.000158 0.000236 0.000348 0.000505 0.000725 0.001032 0.001456 0.002037 0.002827 0.003889 0.005305 0.007176 0.009627 0.012805 0.016891 0.022092 0.028652 0.036846 0.046986 0.059410 0.074486 0.092600 0.114145 0.139513 0.169076 0.203169 0.242069 0.285971 0.334970 0.389035 0.447990 0.511496 0.579043 0.649935 0.723303 0.798103 0.873144 0.947108 1.018588 1.086130 1.148284 1.203650 1.250931 1.288987 1.316877 1.333900 1.339624 1.333900 1.316877 1.288987 1.250931 1.203650 1.148284 1.086130 1.018588 0.947108 0.873144 0.798103 0.723303 0.649935 0.579043 0.511496 0.447990 0.389035 0.334970 0.285971 0.242069 0.203169 0.169076 0.139513 0.114145 0.092600 0.074486 0.059410 0.046986 0.036846 0.028652 0.022092 0.016891 0.012805 0.009627 0.007176 0.005305 0.003889 0.002826 0.002037 0.001456 0.001031 0.000724 0.000502 0.000344 0.000231 0.000149 0.000089 0.000041 0.000000 
0.000000 0.000037 0.000079 0.000134 0.000208 0.000312 0.000459 0.000667 0.000957 0.001363 0.001923 0.002690 0.003731 0.005132 0.007000 0.009468 0.012700 0.016891 0.022276 0.029132 0.037778 0.048577 0.061938 0.078308 0.098169 0.122029 0.150407 0.183817 0.222749 0.267642 0.318859 0.376659 0.441165 0.512334 0.589936 0.673523 0.762422 0.855720 0.952270 1.050702 1.149445 1.246767 1.340817 1.429685 1.511460 1.584301 1.646505 1.696572 1.733264 1.755660 1.763189 1.755660 1.733264 1.696572 1.646505 1.584301 1.511460 1.429685 1.340817 1.246767 1.149445 1.050702 0.952270 0.855720 0.762422 0.673523 0.589936 0.512334 0.441165 0.376659 0.318859 0.267642 0.222749 0.183817 0.150407 0.122029 0.098169 0.078308 0.061938 0.048577 0.037778 0.029132 0.022276 0.016891 0.012700 0.009468 0.007000 0.005132 0.003731 0.002689 0.001922 0.001362 0.000956 0.000664 0.000455 0.000305 0.000198 0.000118 0.000055 0.000000 
0.000000 0.000048 0.000104 0.000175 0.000273 0.000409 0.000602 0.000873 0.001254 0.001784 0.002517 0.003521 0.004883 0.006716 0.009159 0.012387 0.016612 0.022092 0.029132 0.038094 0.049393 0.063506 0.080963 0.102351 0.128297 0.159464 0.196529 0.240163 0.291004 0.349624 0.416497 0.491960 0.576170 0.669074 0.770367 0.879467 0.995494 1.117255 1.243255 1.371703 1.500553 1.627543 1.750260 1.866211 1.972905 2.067941 2.149097 2.214417 2.262287 2.291505 2.301328 2.291505 2.262287 2.214417 2.149097 2.067941 1.972905 1.866211 1.750260 1.627543 1.500553 1.371703 1.243255 1.117255 0.995494 0.879467 0.770367 0.669074 0.576170 0.491960 0.416497 0.349624 0.291004 0.240163 0.196529 0.159464 0.128297 0.102351 0.080963 0.063506 0.049393 0.038094 0.029132 0.022092 0.016612 0.012387 0.009159 0.006716 0.004883 0.003520 0.002516 0.001783 0.001252 0.000869 0.000596 0.000400 0.000259 0.000154 0.000072 0.000000 
0.000000 0.000063 0.000135 0.000228 0.000354 0.000531 0.000781 0.001134 0.001628 0.002317 0.003268 0.004570 0.006337 0.008715 0.011884 0.016070 0.021548 0.028652 0.037778 0.049393 0.064037 0.082325 0.104945 0.132654 0.166265 0.206636 0.254643 0.311152 0.376989 0.452895 0.539480 0.637179 0.746195 0.866458 0.997573 1.138784 1.288952 1.446535 1.609594 1.775815 1.942549 2.106871 2.265658 2.415685 2.553732 2.676691 2.781691 2.866200 2.928133 2.965934 2.978643 2.965934 2.928133 2.866200 2.781691 2.676691 2.553732 2.415685 2.265658 2.106871 1.942549 1.775815 1.609594 1.446535 1.288952 1.138784 0.997573 0.866458 0.746195 0.637179 0.539480 0.452895 0.376989 0.311152 0.254643 0.206636 0.166265 0.132654 0.104945 0.082325 0.064037 0.049393 0.037778 0.028652 0.021548 0.016069 0.011884 0.008714 0.006337 0.004569 0.003267 0.002315 0.001625 0.001129 0.000774 0.000520 0.000336 0.000200 0.000093 0.000000 
0.000000 0.000081 0.000174 0.000294 0.000457 0.000685 0.001006 0.001460 0.002096 0.002983 0.004206 0.005882 0.008155 0.011213 0.015288 0.020671 0.027714 0.036846 0.048577 0.063506 0.082325 0.105824 0.134887 0.170485 0.213662 0.265517 0.327174 0.399745 0.484289 0.581753 0.692923 0.818353 0.958303 1.112681 1.280979 1.462226 1.654959 1.857198 2.066456 2.279763 2.493718 2.704571 2.908315 3.100815 3.277937 3.435698 3.570414 3.678838 3.758297 3.806794 3.823099 3.806794 3.758297 3.678838 3.570414 3.435698 3.277937 3.100815 2.908315 2.704571 2.493718 2.279763 2.066456 1.857198 1.654959 1.462226 1.280979 1.112681 0.958303 0.818353 0.692923 0.581753 0.484289 0.399745 0.327174 0.265517 0.213662 0.170485 0.134887 0.105824 0.082325 0.063506 0.048577 0.036846 0.027714 0.020671 0.015288 0.011213 0.008155 0.005881 0.004205 0.002980 0.002093 0.001454 0.000997 0.000670 0.000433 0.000258 0.000120 0.000000 
0.000000 0.000103 0.000222 0.000375 0.000583 0.000874 0.001285 0.001864 0.002676 0.003807 0.005368 0.007506 0.010406 0.014305 0.019502 0.026365 0.035345 0.046986 0.061938 0.080963 0.104945 0.134887 0.171915 0.217263 0.272263 0.338310 0.416835 0.509254 0.616909 0.741009 0.882549 1.042233 1.220392 1.416905 1.631123 1.861813 2.107108 2.364490 2.630792 2.902235 3.174493 3.442794 3.702041 3.946974 4.172335 4.373058 4.544457 4.682404 4.783496 4.845198 4.865942 4.845198 4.783496 4.682404 4.544457 4.373058 4.172335 3.946974 3.702041 3.442794 3.174493 2.902235 2.630792 2.364490 2.107108 1.861813 1.631123 1.416905 1.220392 1.042233 0.882549 0.741009 0.616909 0.509254 0.416835 0.338310 0.272263 0.217263 0.171915 0.134887 0.104945 0.080963 0.061938 0.046986 0.035345 0.026365 0.019502 0.014305 0.010405 0.007504 0.005366 0.003804 0.002671 0.001856 0.001273 0.000855 0.000553 0.000330 0.000154 0.000000 
0.000000 0.000131 0.000282 0.000475 0.000739 0.001107 0.001627 0.002360 0.003388 0.004819 0.006794 0.009497 0.013165 0.018097 0.024668 0.033344 0.044696 0.059410 0.078308 0.102351 0.132654 0.170485 0.217263 0.274549 0.344020 0.427438 0.526608 0.643313 0.779250 0.935940 1.114636 1.316227 1.541127 1.789181 2.059569 2.350731 2.660312 2.985132 3.321194 3.663731 4.007284 4.345831 4.672945 4.981989 5.266331 5.519583 5.735832 5.909873 6.037416 6.115260 6.141431 6.115260 6.037416 5.909873 5.735832 5.519583 5.266331 4.981989 4.672945 4.345831 4.007284 3.663731 3.321194 2.985132 2.660312 2.350731 2.059569 1.789181 1.541127 1.316227 1.114636 0.935940 0.779250 0.643313 0.526608 0.427438 0.344020 0.274549 0.217263 0.170485 0.132654 0.102351 0.078308 0.059410 0.044696 0.033344 0.024668 0.018096 0.013164 0.009496 0.006791 0.004815 0.003382 0.002350 0.001612 0.001083 0.000701 0.000418 0.000195 0.000000 
0.000000 0.000164 0.000354 0.000597 0.000928 0.001390 0.002043 0.002963 0.004252 0.006047 0.008525 0.011915 0.016515 0.022699 0.030938 0.041815 0.056044 0.074486 0.098169 0.128297 0.166265 0.213662 0.272263 0.344020 0.431032 0.535505 0.659695 0.805834 0.976041 1.172220 1.395936 1.648298 1.929823 2.240313 2.578741 2.943151 3.330594 3.737091 4.157640 4.586274 5.016164 5.439777 5.849072 6.235747 6.591507 6.908362 7.178916 7.396661 7.556230 7.653620 7.686362 7.653620 7.556230 7.396661 7.178916 6.908362 6.591507 6.235747 5.849072 5.439777 5.016164 4.586274 4.157640 3.737091 3.330594 2.943151 2.578741 2.240313 1.929823 1.648298 1.395936 1.172220 0.976041 0.805834 0.659695 0.535505 0.431032 0.344020 0.272263 0.213662 0.166265 0.128297 0.098169 0.074486 0.056044 0.041815 0.030938 0.022698 0.016514 0.011913 0.008521 0.006042 0.004244 0.002950 0.002023 0.001360 0.000880 0.000524 0.000244 0.000000 
0.000000 0.000205 0.000441 0.000743 0.001155 0.001731 0.002543 0.003688 0.005292 0.007524 0.010606 0.014823 0.020542 0.028231 0.038474 0.051994 0.069680 0.092600 0.122029 0.159464 0.206636 0.265517 0.338310 0.427438 0.535505 0.665248 0.819464 1.000922 1.212252 1.455809 1.733538 2.046808 2.396259 2.781643 3.201681 3.653945 4.134772 4.639222 5.161090 5.692971 6.226394 6.752010 7.259846 7.739604 8.180996 8.574110 8.909776 9.179919 9.377885 9.498710 9.539331 9.498710 9.377885 9.179919 8.909776 8.574110 8.180996 7.739604 7.259846 6.752010 6.226394 5.692971 5.161090 4.639222 4.134772 3.653945 3.201681 2.781643 2.396259 2.046808 1.733538 1.455809 1.212252 1.000922 0.819464 0.665248 0.535505 0.427438 0.338310 0.265517 0.206636 0.159464 0.122029 0.092599 0.069679 0.051994 0.038473 0.028230 0.020541 0.014820 0.010602 0.007518 0.005282 0.003672 0.002518 0.001693 0.001096 0.000653 0.000304 0.000000 
0.000000 0.000253 0.000544 0.000918 0.001426 0.002137 0.003139 0.004551 0.006530 0.009283 0.013084 0.018283 0.025335 0.034814 0.047440 0.064105 0.085901 0.114145 0.150407 0.196529 0.254643 0.327174 0.416835 0.526608 0.659695 0.819464 1.009356 1.232777 1.492958 1.792799 2.134685 2.520300 2.950427 3.424756 3.941712 4.498303 5.090019 5.710780 6.352950 7.007418 7.663761 8.310479 8.935304 9.525568 10.068618 10.552263 10.965223 11.297568 11.541114 11.689758 11.739731 11.689758 11.541114 11.297568 10.965223 10.552263 10.068618 9.525568 8.935304 8.310479 7.663761 7.007418 6.352950 5.710780 5.090019 4.498303 3.941712 3.424756 2.950427 2.520300 2.134685 1.792799 1.492958 1.232777 1.009356 0.819464 0.659695 0.526608 0.416835 0.327174 0.254643 0.196529 0.150406 0.114145 0.085900 0.064104 0.047439 0.034813 0.025334 0.018280 0.013079 0.009276 0.006517 0.004531 0.003108 0.002089 0.001353 0.000806 0.000376 0.000000 
0.000000 0.000309 0.000666 0.001123 0.001745 0.002615 0.003841 0.005568 0.007989 0.011356 0.016003 0.022361 0.030982 0.042568 0.058000 0.078367 0.105002 0.139513 0.183817 0.240163 0.311152 0.399745 0.509254 0.643313 0.805834 1.000922 1.232777 1.505551 1.823184 2.189211 2.606539 3.077219 3.602201 4.181104 4.812000 5.491235 6.213305 6.970788 7.754366 8.552922 9.353740 10.142792 10.905114 11.625252 12.287775 12.877812 13.381609 13.787054 14.084166 14.265501 14.326464 14.265501 14.084166 13.787054 13.381609 12.877812 12.287775 11.625252 10.905114 10.142792 9.353740 8.552922 7.754366 6.970788 6.213305 5.491235 4.812000 4.181104 3.602201 3.077219 2.606539 2.189211 1.823184 1.505551 1.232777 1.000922 0.805834 0.643313 0.509254 0.399745 0.311152 0.240163 0.183817 0.139513 0.105001 0.078367 0.058000 0.042567 0.030980 0.022357 0.015997 0.011347 0.007973 0.005544 0.003804 0.002557 0.001656 0.000987 0.000460 0.000000 
0.000000 0.000375 0.000808 0.001363 0.002118 0.003173 0.004660 0.006755 0.009690 0.013774 0.019408 0.027115 0.037565 0.051609 0.070311 0.094991 0.127264 0.169076 0.222749 0.291004 0.376989 0.484289 0.616909 0.779250 0.976041 1.212252 1.492958 1.823184 2.207694 2.650759 3.155894 3.725575 4.360947 5.061543 5.825025 6.646970 7.520712 8.437272 9.385372 10.351564 11.320463 12.275101 13.197376 14.068597 14.870099 15.583899 16.193361 16.683837 17.043257 17.262620 17.336367 17.262620 17.043257 16.683837 16.193361 15.583899 14.870099 14.068597 13.197376 12.275101 11.320463 10.351564 9.385372 8.437272 7.520712 6.646970 5.825025 5.061543 4.360947 3.725575 3.155894 2.650759 2.207694 1.823184 1.492958 1.212252 0.976041 0.779250 0.616909 0.484289 0.376989 0.291003 0.222749 0.169076 0.127263 0.094991 0.070310 0.051607 0.037562 0.027110 0.019400 0.013762 0.009672 0.006726 0.004615 0.003102 0.002009 0.001198 0.000558 0.000000 
0.000000 0.000452 0.000973 0.001640 0.002548 0.003817 0.005606 0.008125 0.011655 0.016564 0.023337 0.032601 0.045161 0.062038 0.084511 0.114166 0.152939 0.203169 0.267642 0.349624 0.452895 0.581753 0.741009 0.935940 1.172220 1.455809 1.792799 2.189211 2.650759 3.182564 3.788837 4.472543 5.235051 6.075794 6.991962 7.978243 9.026637 10.126366 11.263900 12.423104 13.585522 14.730801 15.837227 16.882383 17.843884 18.700162 19.431265 20.019628 20.450777 20.713916 20.802380 20.713916 20.450777 20.019628 19.431265 18.700162 17.843884 16.882383 15.837227 14.730801 13.585522 12.423104 11.263900 10.126366 9.026637 7.978243 6.991962 6.075794 5.235051 4.472543 3.788837 3.182564 2.650759 2.189211 1.792799 1.455809 1.172220 0.935940 0.741009 0.581753 0.452895 0.349624 0.267642 0.203169 0.152939 0.114165 0.084510 0.062036 0.045158 0.032595 0.023328 0.016550 0.011632 0.008090 0.005551 0.003732 0.002418 0.001441 0.000671 0.000000 
0.000000 0.000539 0.001161 0.001957 0.003040 0.004553 0.006686 0.009690 0.013898 0.019750 0.027822 0.038863 0.053831 0.073942 0.100718 0.136047 0.182236 0.242069 0.318859 0.416497 0.539480 0.692923 0.882549 1.114636 1.395936 1.733538 2.134685 2.606539 3.155894 3.788837 4.510373 5.324022 6.231406 7.231845 8.321990 9.495515 10.742897 12.051313 13.404662 14.783751 16.166627 17.529078 18.845280 20.088570 21.232326 22.250898 23.120559 23.820422 24.333273 24.646275 24.751502 24.646275 24.333273 23.820422 23.120559 22.250898 21.232326 20.088570 18.845280 17.529078 16.166627 14.783751 13.404662 12.051313 10.742897 9.495515 8.321990 7.231845 6.231406 5.324022 4.510373 3.788837 3.155894 2.606539 2.134685 1.733538 1.395936 1.114636 0.882549 0.692923 0.539480 0.416497 0.318859 0.242069 0.182236 0.136046 0.100717 0.073939 0.053827 0.038857 0.027812 0.019733 0.013871 0.009648 0.006621 0.004452 0.002884 0.001719 0.000801 0.000000 
0.000000 0.000638 0.001373 0.002315 0.003596 0.005385 0.007907 0.011458 0.016431 0.023348 0.032888 0.045935 0.063621 0.087381 0.119014 0.160747 0.215304 0.285971 0.376659 0.491960 0.637179 0.818353 1.042233 1.316227 1.648298 2.046808 2.520300 3.077219 3.725575 4.472543 5.324022 6.284157 7.354854 8.535305 9.821549 11.206119 12.677777 14.221390 15.817965 17.444858 19.076176 20.683361 22.235956 23.702516 25.051645 26.253095 27.278886 28.104387 28.709300 29.078486 29.202601 29.078486 28.709300 28.104387 27.278886 26.253095 25.051645 23.702516 22.235956 20.683361 19.076176 17.444858 15.817965 14.221390 12.677777 11.206119 9.821549 8.535305 7.354854 6.284157 5.324022 4.472543 3.725575 3.077219 2.520300 2.046808 1.648298 1.316227 1.042233 0.818353 0.637178 0.491960 0.376659 0.285971 0.215304 0.160746 0.119012 0.087378 0.063616 0.045928 0.032876 0.023328 0.016400 0.011408 0.007829 0.005265 0.003411 0.002033 0.000947 0.000000 
0.000000 0.000748 0.001610 0.002715 0.004216 0.006314 0.009270 0.013432 0.019261 0.027366 0.038545 0.053832 0.074552 0.102385 0.139438 0.188319 0.252214 0.334970 0.441165 0.576170 0.746195 0.958303 1.220392 1.541127 1.929823 2.396259 2.950427 3.602201 4.360947 5.235051 6.231406 7.354854 8.607617 9.988739 11.493583 13.113403 14.835050 16.640818 18.508487 20.411571 22.319783 24.199724 26.015772 27.731156 29.309161 30.714413 31.914196 32.879707 33.587212 34.019010 34.164174 34.019010 33.587212 32.879707 31.914196 30.714413 29.309161 27.731156 26.015772 24.199724 22.319783 20.411571 18.508487 16.640818 14.835050 13.113403 11.493583 9.988739 8.607617 7.354854 6.231406 5.235051 4.360947 3.602201 2.950427 2.396259 1.929823 1.541127 1.220392 0.958303 0.746195 0.576170 0.441165 0.334970 0.252213 0.188318 0.139436 0.102382 0.074546 0.053823 0.038531 0.027343 0.019224 0.013374 0.009180 0.006173 0.004000 0.002384 0.001111 0.000000 
0.000000 0.000870 0.001872 0.003156 0.004902 0.007341 0.010776 0.015613 0.022386 0.031803 0.044791 0.062549 0.086617 0.118946 0.161980 0.218746 0.292943 0.389035 0.512334 0.669074 0.866458 1.112681 1.416905 1.789181 2.240313 2.781643 3.424756 4.181104 5.061543 6.075794 7.231845 8.535305 9.988739 11.591033 13.336796 15.215880 17.213024 19.307687 21.474095 23.681525 25.894851 28.075339 30.181679 32.171230 34.001416 35.631222 37.022710 38.142485 38.963024 39.463807 39.632162 39.463807 38.963024 38.142485 37.022710 35.631222 34.001416 32.171230 30.181679 28.075339 25.894851 23.681525 21.474095 19.307687 17.213024 15.215880 13.336796 11.591033 9.988739 8.535305 7.231845 6.075794 5.061543 4.181104 3.424756 2.781643 2.240313 1.789181 1.416905 1.112681 0.866458 0.669074 0.512334 0.389035 0.292942 0.218744 0.161977 0.118942 0.086611 0.062539 0.044774 0.031776 0.022343 0.015545 0.010671 0.007177 0.004650 0.002772 0.001292 0.000000 
0.000000 0.001003 0.002158 0.003639 0.005651 0.008461 0.012420 0.017992 0.025796 0.036645 0.051605 0.072059 0.099779 0.137009 0.186565 0.251929 0.337358 0.447990 0.589936 0.770367 0.997573 1.280979 1.631123 2.059569 2.578741 3.201681 3.941712 4.812000 5.825025 6.991962 8.321990 9.821549 11.493583 13.336796 15.344983 17.506462 19.803673 22.212987 24.704757 27.243650 29.789267 32.297065 34.719540 37.007661 39.112472 40.986813 42.587062 43.874823 44.818452 45.394355 45.587965 45.394355 44.818452 43.874823 42.587062 40.986813 39.112472 37.007661 34.719540 32.297065 29.789267 27.243650 24.704757 22.212987 19.803673 17.506462 15.344983 13.336796 11.493583 9.821549 8.321990 6.991962 5.825025 4.812000 3.941712 3.201681 2.578741 2.059569 1.631123 1.280979 0.997573 0.770367 0.589935 0.447989 0.337357 0.251927 0.186562 0.137005 0.099772 0.072047 0.051586 0.036613 0.025746 0.017914 0.012298 0.008272 0.005360 0.003196 0.001489 0.000000 
0.000000 0.001146 0.002467 0.004158 0.006458 0.009669 0.014192 0.020557 0.029471 0.041863 0.058949 0.082308 0.113962 0.156473 0.213054 0.287679 0.385206 0.511496 0.673523 0.879467 1.138784 1.462226 1.861813 2.350731 2.943151 3.653945 4.498303 5.491235 6.646970 7.978243 9.495515 11.206119 13.113403 15.215880 17.506462 19.971816 22.591910 25.339791 28.181645 31.077176 33.980315 36.840269 39.602872 42.212218 44.612486 46.749908 48.574750 50.043235 51.119288 51.776007 51.996785 51.776007 51.119288 50.043235 48.574750 46.749908 44.612486 42.212218 39.602872 36.840269 33.980315 31.077176 28.181645 25.339791 22.591910 19.971816 17.506462 15.215880 13.113403 11.206119 9.495515 7.978243 6.646970 5.491235 4.498303 3.653945 2.943151 2.350731 1.861813 1.462226 1.138784 0.879467 0.673523 0.511496 0.385205 0.287677 0.213051 0.156468 0.113953 0.082294 0.058927 0.041827 0.029414 0.020468 0.014052 0.009453 0.006125 0.003652 0.001702 0.000000 
0.000000 0.001299 0.002796 0.004712 0.007317 0.010954 0.016078 0.023288 0.033383 0.047415 0.066764 0.093213 0.129051 0.177180 0.241233 0.325708 0.436101 0.579043 0.762422 0.995494 1.288952 1.654959 2.107108 2.660312 3.330594 4.134772 5.090019 6.213305 7.520712 9.026637 10.742897 12.677777 14.835050 17.213024 19.803673 22.591910 25.555075 28.662681 31.876488 35.150927 38.433907 41.667993 44.791944 47.742548 50.456698 52.873603 54.937038 56.597512 57.814240 58.556812 58.806451 58.556812 57.814240 56.597512 54.937038 52.873603 50.456698 47.742548 44.791944 41.667993 38.433907 35.150927 31.876488 28.662681 25.555075 22.591910 19.803673 17.213024 14.835050 12.677777 10.742897 9.026637 7.520712 6.213305 5.090019 4.134772 3.330594 2.660312 2.107108 1.654959 1.288952 0.995493 0.762421 0.579042 0.436100 0.325706 0.241229 0.177174 0.129042 0.093197 0.066739 0.047375 0.033319 0.023187 0.015919 0.010709 0.006940 0.004138 0.001929 0.000000 
0.000000 0.001459 0.003141 0.005294 0.008219 0.012305 0.018058 0.026155 0.037490 0.053246 0.074969 0.104662 0.144893 0.198918 0.270813 0.365625 0.489520 0.649935 0.855720 1.117255 1.446535 1.857198 2.364490 2.985132 3.737091 4.639222 5.710780 6.970788 8.437272 10.126366 12.051313 14.221390 16.640818 19.307687 22.212987 25.339791 28.662681 32.147467 35.751266 39.422982 43.104207 46.730548 50.233343 53.541726 56.584949 59.294860 61.608430 63.470179 64.834386 65.666962 65.946859 65.666962 64.834386 63.470179 61.608430 59.294860 56.584949 53.541726 50.233343 46.730548 43.104207 39.422982 35.751266 32.147467 28.662681 25.339791 22.212987 19.307687 16.640818 14.221390 12.051313 10.126366 8.437272 6.970788 5.710780 4.639222 3.737091 2.985132 2.364490 1.857198 1.446535 1.117255 0.855720 0.649935 0.489519 0.365623 0.270810 0.198912 0.144883 0.104645 0.074941 0.053201 0.037418 0.026041 0.017881 0.012029 0.007796 0.004649 0.002167 0.000000 
0.000000 0.001625 0.003498 0.005896 0.009154 0.013703 0.020110 0.029124 0.041744 0.059284 0.083464 0.116515 0.161293 0.221420 0.301432 0.406941 0.544807 0.723303 0.952270 1.243255 1.609594 2.066456 2.630792 3.321194 4.157640 5.161090 6.352950 7.754366 9.385372 11.263900 13.404662 15.817965 18.508487 21.474095 24.704757 28.181645 31.876488 35.751266 39.758296 43.840768 47.933744 51.965634 55.860108 59.538386 62.921821 65.934655 68.506823 70.576656 72.093331 73.018954 73.330132 73.018954 72.093331 70.576656 68.506823 65.934655 62.921821 59.538386 55.860108 51.965634 47.933744 43.840768 39.758296 35.751266 31.876488 28.181645 24.704757 21.474095 18.508487 15.817965 13.404662 11.263900 9.385372 7.754366 6.352950 5.161090 4.157640 3.321194 2.630791 2.066456 1.609594 1.243254 0.952270 0.723302 0.544806 0.406938 0.301427 0.221413 0.161281 0.116496 0.083433 0.059233 0.041664 0.028998 0.019912 0.013397 0.008683 0.005178 0.002413 0.000000 
0.000000 0.001795 0.003863 0.006511 0.010108 0.015130 0.022202 0.032153 0.046083 0.065442 0.092129 0.128603 0.178018 0.244366 0.332652 0.449068 0.601177 0.798103 1.050702 1.371703 1.775815 2.279763 2.902235 3.663731 4.586274 5.692971 7.007418 8.552922 10.351564 12.423104 14.783751 17.444858 20.411571 23.681525 27.243650 31.077176 35.150927 39.422982 43.840768 48.341652 52.854047 57.299035 61.592472 65.647520 69.377486 72.698866 75.534432 77.816209 79.488179 80.508576 80.851615 80.508576 79.488179 77.816209 75.534432 72.698866 69.377486 65.647520 61.592472 57.299035 52.854047 48.341652 43.840768 39.422982 35.150927 31.077176 27.243650 23.681525 20.411571 17.444858 14.783751 12.423104 10.351564 8.552922 7.007418 5.692971 4.586274 3.663731 2.902235 2.279763 1.775815 1.371703 1.050701 0.798102 0.601175 0.449065 0.332648 0.244358 0.178004 0.128582 0.092094 0.065386 0.045994 0.032013 0.021984 0.014791 0.009587 0.005717 0.002665 0.000000 
0.000000 0.001965 0.004229 0.007128 0.011065 0.016563 0.024303 0.035193 0.050437 0.071622 0.100824 0.140734 0.194800 0.267390 0.363978 0.491334 0.657730 0.873144 1.149445 1.500553 1.942549 2.493718 3.174493 4.007284 5.016164 6.226394 7.663761 9.353740 11.320463 13.585522 16.166627 19.076176 22.319783 25.894851 29.789267 33.980315 38.433907 43.104207 47.933744 52.854047 57.786864 62.645931 67.339275 71.771979 75.849289 79.479937 82.579515 85.073728 86.901355 88.016745 88.391718 88.016745 86.901355 85.073728 82.579515 79.479937 75.849289 71.771979 67.339275 62.645931 57.786864 52.854047 47.933744 43.104207 38.433907 33.980315 29.789267 25.894851 22.319783 19.076176 16.166627 13.585522 11.320463 9.353740 7.663761 6.226394 5.016164 4.007284 3.174493 2.493718 1.942549 1.500552 1.149444 0.873143 0.657728 0.491330 0.363973 0.267381 0.194785 0.140710 0.100786 0.071561 0.050340 0.035040 0.024063 0.016191 0.010495 0.006259 0.002917 0.000000 
0.000000 0.002133 0.004591 0.007736 0.012010 0.017975 0.026374 0.038191 0.054731 0.077715 0.109397 0.152694 0.211344 0.290088 0.394858 0.532996 0.713474 0.947108 1.246767 1.627543 2.106871 2.704571 3.442794 4.345831 5.439777 6.752010 8.310479 10.142792 12.275101 14.730801 17.529078 20.683361 24.199724 28.075339 32.297065 36.840269 41.667993 46.730548 51.965634 57.299035 62.645931 67.912824 73.000032 77.804683 82.224083 86.159317 89.518908 92.222340 94.203265 95.412209 95.818633 95.412209 94.203265 92.222340 89.518908 86.159317 82.224083 77.804683 73.000032 67.912824 62.645931 57.299035 51.965634 46.730548 41.667993 36.840269 32.297065 28.075339 24.199724 20.683361 17.529078 14.730801 12.275101 10.142792 8.310479 6.752010 5.439777 4.345831 3.442794 2.704571 2.106870 1.627543 1.246766 0.947107 0.713472 0.532993 0.394852 0.290078 0.211329 0.152668 0.109356 0.077649 0.054625 0.038025 0.026114 0.017572 0.011390 0.006793 0.003166 0.000000 
0.000000 0.002295 0.004940 0.008324 0.012923 0.019341 0.028377 0.041090 0.058882 0.083606 0.117684 0.164254 0.227337 0.312026 0.424704 0.573263 0.767347 1.018588 1.340817 1.750260 2.265658 2.908315 3.702041 4.672945 5.849072 7.259846 8.935304 10.905114 13.197376 15.837227 18.845280 22.235956 26.015772 30.181679 34.719540 39.602872 44.791944 50.233343 55.860108 61.592472 67.339275 73.000032 78.467616 83.631472 88.381241 92.610624 96.221317 99.126797 101.255764 102.555054 102.991850 102.555054 101.255764 99.126797 96.221317 92.610624 88.381241 83.631472 78.467616 73.000032 67.339275 61.592472 55.860108 50.233343 44.791944 39.602872 34.719540 30.181679 26.015772 22.235956 18.845280 15.837227 13.197376 10.905114 8.935304 7.259846 5.849072 4.672945 3.702041 2.908315 2.265657 1.750260 1.340817 1.018586 0.767345 0.573259 0.424697 0.312016 0.227320 0.164227 0.117640 0.083535 0.058768 0.040910 0.028097 0.018907 0.012256 0.007310 0.003407 0.000000 
