0.000000 0.000000 0.000000 0.000000 0.000000 0.000000 0.000000 0.000000 0.000000 0.000000 0.000000 0.000000 0.000000 0.000000 0.000000 0.000000 0.000000 0.000000 0.000000 0.000000 0.000000 0.000000 0.000000 0.000000 0.000000 0.000000 0.000000 0.000000 0.000000 0.000000 0.000000 0.000000 0.000000 0.000000 0.000000 0.000000 0.000000 0.000000 0.000000 0.000000 0.000000 0.000000 0.000000 0.000000 0.000000 0.000000 0.000000 0.000000 0.000000 0.000000 0.000000 0.000000 0.000000 0.000000 0.000000 0.000000 0.000000 0.000000 0.000000 0.000000 0.000000 0.000000 0.000000 0.000000 0.000000 0.000000 0.000000 0.000000 0.000000 0.000000 0.000000 0.000000 0.000000 0.000000 0.000000 0.000000 0.000000 0.000000 0.000000 0.000000 0.000000 0.000000 0.000000 0.000000 0.000000 0.000000 0.000000 0.000000 0.000000 0.000000 0.000000 0.000000 0.000000 0.000000 0.000000 0.000000 0.000000 0.000000 0.000000 0.000000 
0.000000 0.000000 0.000000 0.000000 0.000000 0.000000 0.000000 0.000000 0.000000 0.000000 0.000000 0.000000 0.000000 0.000000 0.000000 0.000000 0.000000 0.000000 0.000000 0.000001 0.000001 0.000001 0.000001 0.000002 0.000003 0.000004 0.000005 0.000006 0.000008 0.000011 0.000014 0.000017 0.000022 0.000027 0.000032 0.000039 0.000046 0.000054 0.000063 0.000072 0.000081 0.000091 0.000100 0.000110 0.000118 0.000126 0.000133 0.000139 0.000143 0.000146 0.000146 0.000146 0.000143 0.000139 0.000133 0.000126 0.000118 0.000110 0.000100 0.000091 0.000081 0.000072 0.000063 0.000054 0.000046 0.000039 0.000032 0.000027 0.000022 0.000017 0.000014 0.000011 0.000008 0.000006 0.000005 0.000004 0.000003 0.000002 0.000001 0.000001 0.000001 0.000001 0.000000 0.000000 0.000000 0.000000 0.000000 0.000000 0.000000 0.000000 0.000000 0.000000 0.000000 0.000000 0.000000 0.000000 0.000000 0.000000 0.000000 0.000000 
0.000000 0.000000 0.000000 0.000000 0.000000 0.000000 0.000000 0.000000 0.000000 0.000000 0.000000 0.000000 0.000000 0.000000 0.000000 0.000000 0.000000 0.000001 0.000001 0.000001 0.000002 0.000002 0.000003 0.000005 0.000006 0.000008 0.000011 0.000015 0.000019 0.000025 0.000032 0.000040 0.000049 0.000061 0.000074 0.000089 0.000105 0.000123 0.000143 0.000164 0.000186 0.000208 0.000229 0.000251 0.000271 0.000289 0.000305 0.000318 0.000327 0.000333 0.000335 0.000333 0.000327 0.000318 0.000305 0.000289 0.000271 0.000251 0.000229 0.000208 0.000186 0.000164 0.000143 0.000123 0.000105 0.000089 0.000074 0.000061 0.000049 0.000040 0.000032 0.000025 0.000019 0.000015 0.000011 0.000008 0.000006 0.000005 0.000003 0.000002 0.000002 0.000001 0.000001 0.000001 0.000000 0.000000 0.000000 0.000000 0.000000 0.000000 0.000000 0.000000 0.000000 0.000000 0.000000 0.000000 0.000000 0.000000 0.000000 0.000000 
0.000000 0.000000 0.000000 0.000000 0.000000 0.000000 0.000000 0.000000 0.000000 0.000000 0.000000 0.000000 0.000000 0.000000 0.000000 0.000000 0.000001 0.000001 0.000002 0.000002 0.000003 0.000004 0.000006 0.000008 0.000012 0.000016 0.000021 0.000027 0.000036 0.000046 0.000058 0.000074 0.000091 0.000112 0.000136 0.000164 0.000194 0.000228 0.000264 0.000302 0.000342 0.000383 0.000423 0.000462 0.000499 0.000533 0.000562 0.000586 0.000603 0.000614 0.000618 0.000614 0.000603 0.000586 0.000562 0.000533 0.000499 0.000462 0.000423 0.000383 0.000342 0.000302 0.000264 0.000228 0.000194 0.000164 0.000136 0.000112 0.000091 0.000074 0.000058 0.000046 0.000036 0.000027 0.000021 0.000016 0.000012 0.000008 0.000006 0.000004 0.000003 0.000002 0.000002 0.000001 0.000001 0.000000 0.000000 0.000000 0.000000 0.000000 0.000000 0.000000 0.000000 0.000000 0.000000 0.000000 0.000000 0.000000 0.000000 0.000000 
0.000000 0.000000 0.000000 0.000000 0.000000 0.000000 0.000000 0.000000 0.000000 0.000000 0.000000 0.000000 0.000000 0.000000 0.000001 0.000001 0.000001 0.000002 0.000003 0.000004 0.000005 0.000008 0.000011 0.000015 0.000020 0.000027 0.000036 0.000048 0.000062 0.000080 0.000101 0.000127 0.000158 0.000195 0.000236 0.000284 0.000337 0.000395 0.000457 0.000523 0.000592 0.000663 0.000732 0.000800 0.000864 0.000922 0.000972 0.001013 0.001043 0.001062 0.001068 0.001062 0.001043 0.001013 0.000972 0.000922 0.000864 0.000800 0.000732 0.000663 0.000592 0.000523 0.000457 0.000395 0.000337 0.000284 0.000236 0.000195 0.000158 0.000127 0.000101 0.000080 0.000062 0.000048 0.000036 0.000027 0.000020 0.000015 0.000011 0.000008 0.000005 0.000004 0.000003 0.000002 0.000001 0.000001 0.000001 0.000000 0.000000 0.000000 0.000000 0.000000 0.000000 0.000000 0.000000 0.000000 0.000000 0.000000 0.000000 0.000000 
0.000000 0.000000 0.000000 0.000000 0.000000 0.000000 0.000000 0.000000 0.000000 0.000000 0.000000 0.000000 0.000000 0.000001 0.000001 0.000001 0.000002 0.000003 0.000004 0.000006 0.000009 0.000013 0.000018 0.000025 0.000034 0.000046 0.000061 0.000080 0.000104 0.000134 0.000171 0.000215 0.000267 0.000328 0.000399 0.000478 0.000567 0.000665 0.000770 0.000882 0.000998 0.001116 0.001234 0.001348 0.001455 0.001552 0.001637 0.001706 0.001757 0.001788 0.001799 0.001788 0.001757 0.001706 0.001637 0.001552 0.001455 0.001348 0.001234 0.001116 0.000998 0.000882 0.000770 0.000665 0.000567 0.000478 0.000399 0.000328 0.000267 0.000215 0.000171 0.000134 0.000104 0.000080 0.000061 0.000046 0.000034 0.000025 0.000018 0.000013 0.000009 0.000006 0.000004 0.000003 0.000002 0.000001 0.000001 0.000001 0.000000 0.000000 0.000000 0.000000 0.000000 0.000000 0.000000 0.000000 0.000000 0.000000 0.000000 0.000000 
0.000000 0.000000 0.000000 0.000000 0.000000 0.000000 0.000000 0.000000 0.000000 0.000000 0.000000 0.000000 0.000001 0.000001 0.000002 0.000002 0.000003 0.000005 0.000007 0.000011 0.000015 0.000022 0.000030 0.000041 0.000056 0.000076 0.000101 0.000133 0.000174 0.000223 0.000284 0.000357 0.000444 0.000545 0.000662 0.000794 0.000941 0.001103 0.001278 0.001463 0.001655 0.001850 0.002045 0.002234 0.002411 0.002572 0.002712 0.002826 0.002911 0.002963 0.002980 0.002963 0.002911 0.002826 0.002712 0.002572 0.002411 0.002234 0.002045 0.001850 0.001655 0.001463 0.001278 0.001103 0.000941 0.000794 0.000662 0.000545 0.000444 0.000357 0.000284 0.000223 0.000174 0.000133 0.000101 0.000076 0.000056 0.000041 0.000030 0.000022 0.000015 0.000011 0.000007 0.000005 0.000003 0.000002 0.000002 0.000001 0.000001 0.000000 0.000000 0.000000 0.000000 0.000000 0.000000 0.000000 0.000000 0.000000 0.000000 0.000000 
0.000000 0.000000 0.000000 0.000000 0.000000 0.000000 0.000000 0.000000 0.000000 0.000000 0.000000 0.000001 0.000001 0.000002 0.000002 0.000004 0.000006 0.000008 0.000012 0.000018 0.000025 0.000035 0.000049 0.000068 0.000093 0.000125 0.000166 0.000219 0.000285 0.000367 0.000466 0.000586 0.000728 0.000893 0.001084 0.001301 0.001542 0.001807 0.002092 0.002395 0.002709 0.003029 0.003347 0.003656 0.003946 0.004209 0.004438 0.004625 0.004762 0.004847 0.004876 0.004847 0.004762 0.004625 0.004438 0.004209 0.003946 0.003656 0.003347 0.003029 0.002709 0.002395 0.002092 0.001807 0.001542 0.001301 0.001084 0.000893 0.000728 0.000586 0.000466 0.000367 0.000285 0.000219 0.000166 0.000125 0.000093 0.000068 0.000049 0.000035 0.000025 0.000018 0.000012 0.000008 0.000006 0.000004 0.000002 0.000002 0.000001 0.000001 0.000000 0.000000 0.000000 0.000000 0.000000 0.000000 0.000000 0.000000 0.000000 0.000000 
0.000000 0.000000 0.000000 0.000000 0.000000 0.000000 0.000000 0.000000 0.000000 0.000000 0.000001 0.000001 0.000002 0.000003 0.000004 0.000006 0.000009 0.000014 0.000020 0.000029 0.000041 0.000058 0.000080 0.000111 0.000151 0.000203 0.000270 0.000355 0.000462 0.000595 0.000756 0.000950 0.001179 0.001448 0.001757 0.002106 0.002497 0.002925 0.003387 0.003876 0.004385 0.004902 0.005416 0.005914 0.006384 0.006809 0.007179 0.007480 0.007703 0.007840 0.007886 0.007840 0.007703 0.007480 0.007179 0.006809 0.006384 0.005914 0.005416 0.004902 0.004385 0.003876 0.003387 0.002925 0.002497 0.002106 0.001757 0.001448 0.001179 0.000950 0.000756 0.000595 0.000462 0.000355 0.000270 0.000203 0.000151 0.000111 0.000080 0.000058 0.000041 0.000029 0.000020 0.000014 0.000009 0.000006 0.000004 0.000003 0.000002 0.000001 0.000001 0.000000 0.000000 0.000000 0.000000 0.000000 0.000000 0.000000 0.000000 0.000000 
0.000000 0.000000 0.000000 0.000000 0.000000 0.000000 0.000000 0.000000 0.000000 0.000001 0.000001 0.000002 0.000003 0.000004 0.000007 0.000010 0.000015 0.000022 0.000032 0.000046 0.000066 0.000092 0.000129 0.000178 0.000242 0.000326 0.000433 0.000570 0.000742 0.000954 0.001212 0.001522 0.001890 0.002320 0.002814 0.003374 0.003998 0.004683 0.005422 0.006205 0.007017 0.007844 0.008666 0.009463 0.010213 0.010893 0.011484 0.011965 0.012321 0.012540 0.012614 0.012540 0.012321 0.011965 0.011484 0.010893 0.010213 0.009463 0.008666 0.007844 0.007017 0.006205 0.005422 0.004683 0.003998 0.003374 0.002814 0.002320 0.001890 0.001522 0.001212 0.000954 0.000742 0.000570 0.000433 0.000326 0.000242 0.000178 0.000129 0.000092 0.000066 0.000046 0.000032 0.000022 0.000015 0.000010 0.000007 0.000004 0.000003 0.000002 0.000001 0.000001 0.000000 0.000000 0.000000 0.000000 0.000000 0.000000 0.000000 0.000000 
0.000000 0.000000 0.000000 0.000000 0.000000 0.000000 0.000000 0.000000 0.000001 0.000001 0.000002 0.000003 0.000004 0.000007 0.000010 0.000016 0.000024 0.000035 0.000051 0.000073 0.000104 0.000147 0.000205 0.000282 0.000384 0.000517 0.000688 0.000905 0.001177 0.001513 0.001922 0.002413 0.002996 0.003676 0.004458 0.005344 0.006332 0.007416 0.008585 0.009822 0.011107 0.012414 0.013714 0.014973 0.016158 0.017234 0.018167 0.018928 0.019491 0.019837 0.019953 0.019837 0.019491 0.018928 0.018167 0.017234 0.016158 0.014973 0.013714 0.012414 0.011107 0.009822 0.008585 0.007416 0.006332 0.005344 0.004458 0.003676 0.002996 0.002413 0.001922 0.001513 0.001177 0.000905 0.000688 0.000517 0.000384 0.000282 0.000205 0.000147 0.000104 0.000073 0.000051 0.000035 0.000024 0.000016 0.000010 0.000007 0.000004 0.000003 0.000002 0.000001 0.000001 0.000000 0.000000 0.000000 0.000000 0.000000 0.000000 0.000000 
0.000000 0.000000 0.000000 0.000000 0.000000 0.000000 0.000000 0.000001 0.000001 0.000002 0.000003 0.000004 0.000007 0.000011 0.000017 0.000025 0.000037 0.000055 0.000080 0.000115 0.000164 0.000231 0.000322 0.000443 0.000603 0.000812 0.001080 0.001420 0.001846 0.002373 0.003014 0.003784 0.004696 0.005761 0.006985 0.008372 0.009918 0.011614 0.013442 0.015377 0.017386 0.019431 0.021463 0.023432 0.025284 0.026966 0.028425 0.029614 0.030493 0.031034 0.031216 0.031034 0.030493 0.029614 0.028425 0.026966 0.025284 0.023432 0.021463 0.019431 0.017386 0.015377 0.013442 0.011614 0.009918 0.008372 0.006985 0.005761 0.004696 0.003784 0.003014 0.002373 0.001846 0.001420 0.001080 0.000812 0.000603 0.000443 0.000322 0.000231 0.000164 0.000115 0.000080 0.000055 0.000037 0.000025 0.000017 0.000011 0.000007 0.000004 0.000003 0.000002 0.000001 0.000001 0.000000 0.000000 0.000000 0.000000 0.000000 0.000000 
0.000000 0.000000 0.000000 0.000000 0.000000 0.000000 0.000001 0.000001 0.000002 0.000003 0.000004 0.000007 0.000011 0.000017 0.000026 0.000039 0.000058 0.000085 0.000124 0.000179 0.000255 0.000359 0.000500 0.000689 0.000937 0.001261 0.001677 0.002204 0.002865 0.003680 0.004673 0.005866 0.007279 0.008928 0.010823 0.012970 0.015363 0.017987 0.020815 0.023808 0.026917 0.030078 0.033220 0.036265 0.039129 0.041729 0.043984 0.045822 0.047182 0.048017 0.048299 0.048017 0.047182 0.045822 0.043984 0.041729 0.039129 0.036265 0.033220 0.030078 0.026917 0.023808 0.020815 0.017987 0.015363 0.012970 0.010823 0.008928 0.007279 0.005866 0.004673 0.003680 0.002865 0.002204 0.001677 0.001261 0.000937 0.000689 0.000500 0.000359 0.000255 0.000179 0.000124 0.000085 0.000058 0.000039 0.000026 0.000017 0.000011 0.000007 0.000004 0.000003 0.000002 0.000001 0.000001 0.000000 0.000000 0.000000 0.000000 0.000000 
0.000000 0.000000 0.000000 0.000000 0.000000 0.000001 0.000001 0.000002 0.000003 0.000004 0.000007 0.000011 0.000017 0.000026 0.000040 0.000060 0.000089 0.000131 0.000191 0.000276 0.000392 0.000552 0.000769 0.001058 0.001440 0.001936 0.002574 0.003383 0.004396 0.005645 0.007167 0.008995 0.011159 0.013683 0.016586 0.019872 0.023534 0.027549 0.031877 0.036456 0.041211 0.046046 0.050852 0.055509 0.059888 0.063863 0.067311 0.070121 0.072200 0.073477 0.073908 0.073477 0.072200 0.070121 0.067311 0.063863 0.059888 0.055509 0.050852 0.046046 0.041211 0.036456 0.031877 0.027549 0.023534 0.019872 0.016586 0.013683 0.011159 0.008995 0.007167 0.005645 0.004396 0.003383 0.002574 0.001936 0.001440 0.001058 0.000769 0.000552 0.000392 0.000276 0.000191 0.000131 0.000089 0.000060 0.000040 0.000026 0.000017 0.000011 0.000007 0.000004 0.000003 0.000002 0.000001 0.000001 0.000000 0.000000 0.000000 0.000000 
0.000000 0.000000 0.000000 0.000000 0.000001 0.000001 0.000002 0.000002 0.000004 0.000007 0.000010 0.000017 0.000026 0.000040 0.000060 0.000091 0.000136 0.000200 0.000291 0.000419 0.000597 0.000840 0.001169 0.001608 0.002187 0.002940 0.003908 0.005135 0.006669 0.008564 0.010870 0.013639 0.016916 0.020740 0.025135 0.030110 0.035653 0.041730 0.048277 0.055207 0.062400 0.069714 0.076983 0.084025 0.090648 0.096659 0.101872 0.106121 0.109265 0.111195 0.111846 0.111195 0.109265 0.106121 0.101872 0.096659 0.090648 0.084025 0.076983 0.069714 0.062400 0.055207 0.048277 0.041730 0.035653 0.030110 0.025135 0.020740 0.016916 0.013639 0.010870 0.008564 0.006669 0.005135 0.003908 0.002940 0.002187 0.001608 0.001169 0.000840 0.000597 0.000419 0.000291 0.000200 0.000136 0.000091 0.000060 0.000040 0.000026 0.000017 0.000010 0.000007 0.000004 0.000002 0.000002 0.000001 0.000001 0.000000 0.000000 0.000000 
0.000000 0.000000 0.000000 0.000000 0.000001 0.000001 0.000002 0.000004 0.000006 0.000010 0.000016 0.000025 0.000039 0.000060 0.000091 0.000137 0.000204 0.000301 0.000438 0.000630 0.000897 0.001262 0.001756 0.002415 0.003284 0.004414 0.005866 0.007706 0.010007 0.012847 0.016303 0.020451 0.025361 0.031087 0.037668 0.045116 0.053414 0.062509 0.072307 0.082676 0.093438 0.104379 0.115252 0.125785 0.135690 0.144679 0.152475 0.158829 0.163529 0.166416 0.167390 0.166416 0.163529 0.158829 0.152475 0.144679 0.135690 0.125785 0.115252 0.104379 0.093438 0.082676 0.072307 0.062509 0.053414 0.045116 0.037668 0.031087 0.025361 0.020451 0.016303 0.012847 0.010007 0.007706 0.005866 0.004414 0.003284 0.002415 0.001756 0.001262 0.000897 0.000630 0.000438 0.000301 0.000204 0.000137 0.000091 0.000060 0.000039 0.000025 0.000016 0.000010 0.000006 0.000004 0.000002 0.000001 0.000001 0.000000 0.000000 0.000000 
0.000000 0.000000 0.000000 0.000001 0.000001 0.000002 0.000003 0.000006 0.000009 0.000015 0.000024 0.000037 0.000058 0.000089 0.000136 0.000204 0.000304 0.000448 0.000652 0.000938 0.001334 0.001877 0.002610 0.003588 0.004878 0.006555 0.008708 0.011436 0.014848 0.019057 0.024178 0.030325 0.037597 0.046079 0.055824 0.066851 0.079135 0.092596 0.107097 0.122439 0.138362 0.154549 0.170634 0.186213 0.200863 0.214157 0.225688 0.235084 0.242034 0.246303 0.247742 0.246303 0.242034 0.235084 0.225688 0.214157 0.200863 0.186213 0.170634 0.154549 0.138362 0.122439 0.107097 0.092596 0.079135 0.066851 0.055824 0.046079 0.037597 0.030325 0.024178 0.019057 0.014848 0.011436 0.008708 0.006555 0.004878 0.003588 0.002610 0.001877 0.001334 0.000938 0.000652 0.000448 0.000304 0.000204 0.000136 0.000089 0.000058 0.000037 0.000024 0.000015 0.000009 0.000006 0.000003 0.000002 0.000001 0.000001 0.000000 0.000000 
0.000000 0.000000 0.000001 0.000001 0.000002 0.000003 0.000005 0.000008 0.000014 0.000022 0.000035 0.000055 0.000085 0.000131 0.000200 0.000301 0.000448 0.000659 0.000959 0.001379 0.001961 0.002758 0.003835 0.005271 0.007163 0.009623 0.012782 0.016782 0.021784 0.027953 0.035459 0.044464 0.055118 0.067539 0.081810 0.097955 0.115938 0.135641 0.156863 0.179314 0.202612 0.226294 0.249824 0.272613 0.294041 0.313485 0.330348 0.344090 0.354254 0.360497 0.362602 0.360497 0.354254 0.344090 0.330348 0.313485 0.294041 0.272613 0.249824 0.226294 0.202612 0.179314 0.156863 0.135641 0.115938 0.097955 0.081810 0.067539 0.055118 0.044464 0.035459 0.027953 0.021784 0.016782 0.012782 0.009623 0.007163 0.005271 0.003835 0.002758 0.001961 0.001379 0.000959 0.000659 0.000448 0.000301 0.000200 0.000131 0.000085 0.000055 0.000035 0.000022 0.000014 0.000008 0.000005 0.000003 0.000002 0.000001 0.000000 0.000000 
0.000000 0.000000 0.000001 0.000002 0.000003 0.000004 0.000007 0.000012 0.000020 0.000032 0.000051 0.000080 0.000124 0.000191 0.000291 0.000438 0.000652 0.000959 0.001394 0.002005 0.002851 0.004008 0.005571 0.007656 0.010402 0.013971 0.018551 0.024353 0.031604 0.040545 0.051422 0.064469 0.079902 0.097892 0.118556 0.141933 0.167965 0.196484 0.227198 0.259686 0.293397 0.327660 0.361700 0.394666 0.425661 0.453785 0.478174 0.498047 0.512747 0.521774 0.524819 0.521774 0.512747 0.498047 0.478174 0.453785 0.425661 0.394666 0.361700 0.327660 0.293397 0.259686 0.227198 0.196484 0.167965 0.141933 0.118556 0.097892 0.079902 0.064469 0.051422 0.040545 0.031604 0.024353 0.018551 0.013971 0.010402 0.007656 0.005571 0.004008 0.002851 0.002005 0.001394 0.000959 0.000652 0.000438 0.000291 0.000191 0.000124 0.000080 0.000051 0.000032 0.000020 0.000012 0.000007 0.000004 0.000003 0.000001 0.000001 0.000000 
0.000000 0.000001 0.000001 0.000002 0.000004 0.000006 0.000011 0.000018 0.000029 0.000046 0.000073 0.000115 0.000179 0.000276 0.000419 0.000630 0.000938 0.001379 0.002005 0.002883 0.004098 0.005760 0.008004 0.010996 0.014935 0.020055 0.026624 0.034942 0.045337 0.058152 0.073737 0.092430 0.114536 0.140301 0.169891 0.203360 0.240625 0.281446 0.325403 0.371893 0.420129 0.469150 0.517848 0.565005 0.609340 0.649565 0.684448 0.712871 0.733894 0.746804 0.751158 0.746804 0.733894 0.712871 0.684448 0.649565 0.609340 0.565005 0.517848 0.469150 0.420129 0.371893 0.325403 0.281446 0.240625 0.203360 0.169891 0.140301 0.114536 0.092430 0.073737 0.058152 0.045337 0.034942 0.026624 0.020055 0.014935 0.010996 0.008004 0.005760 0.004098 0.002883 0.002005 0.001379 0.000938 0.000630 0.000419 0.000276 0.000179 0.000115 0.000073 0.000046 0.000029 0.000018 0.000011 0.000006 0.000004 0.000002 0.000001 0.000000 
0.000000 0.000001 0.000002 0.000003 0.000005 0.000009 0.000015 0.000025 0.000041 0.000066 0.000104 0.000164 0.000255 0.000392 0.000597 0.000897 0.001334 0.001961 0.002851 0.004098 0.005824 0.008183 0.011368 0.015614 0.021203 0.028465 0.037781 0.049574 0.064308 0.082470 0.104553 0.131035 0.162345 0.198834 0.240733 0.288117 0.340869 0.398645 0.460855 0.526642 0.594892 0.664247 0.733139 0.799846 0.862557 0.919453 0.968788 1.008987 1.038718 1.056977 1.063134 1.056977 1.038718 1.008987 0.968788 0.919453 0.862557 0.799846 0.733139 0.664247 0.594892 0.526642 0.460855 0.398645 0.340869 0.288117 0.240733 0.198834 0.162345 0.131035 0.104553 0.082470 0.064308 0.049574 0.037781 0.028465 0.021203 0.015614 0.011368 0.008183 0.005824 0.004098 0.002851 0.001961 0.001334 0.000897 0.000597 0.000392 0.000255 0.000164 0.000104 0.000066 0.000041 0.000025 0.000015 0.000009 0.000005 0.000003 0.000001 0.000000 
0.000000 0.000001 0.000002 0.000004 0.000008 0.000013 0.000022 0.000035 0.000058 0.000092 0.000147 0.000231 0.000359 0.000552 0.000840 0.001262 0.001877 0.002758 0.004008 0.005760 0.008183 0.011495 0.015966 0.021923 0.029763 0.039948 0.053010 0.069543 0.090194 0.115645 0.146585 0.183681 0.227534 0.278632 0.337296 0.403632 0.477472 0.558337 0.645395 0.737450 0.832942 0.929971 1.026346 1.119657 1.207374 1.286951 1.355951 1.412170 1.453751 1.479285 1.487896 1.479285 1.453751 1.412170 1.355951 1.286951 1.207374 1.119657 1.026346 0.929971 0.832942 0.737450 0.645395 0.558337 0.477472 0.403632 0.337296 0.278632 0.227534 0.183681 0.146585 0.115645 0.090194 0.069543 0.053010 0.039948 0.029763 0.021923 0.015966 0.011495 0.008183 0.005760 0.004008 0.002758 0.001877 0.001262 0.000840 0.000552 0.000359 0.000231 0.000147 0.000092 0.000057 0.000035 0.000021 0.000013 0.000007 0.000004 0.000002 0.000000 
0.000000 0.000001 0.000003 0.000006 0.000011 0.000018 0.000030 0.000049 0.000080 0.000129 0.000205 0.000322 0.000500 0.000769 0.001169 0.001756 0.002610 0.003835 0.005571 0.008004 0.011368 0.015966 0.022169 0.030434 0.041308 0.055432 0.073542 0.096459 0.125078 0.160343 0.203206 0.254589 0.315321 0.386075 0.467296 0.559124 0.661329 0.773241 0.893713 1.021087 1.153203 1.287434 1.420750 1.549820 1.671143 1.781203 1.876631 1.954379 2.011881 2.047193 2.059101 2.047193 2.011881 1.954379 1.876631 1.781203 1.671143 1.549820 1.420750 1.287434 1.153203 1.021087 0.893713 0.773241 0.661329 0.559124 0.467296 0.386075 0.315321 0.254589 0.203206 0.160343 0.125078 0.096459 0.073542 0.055432 0.041308 0.030434 0.022169 0.015966 0.011368 0.008004 0.005571 0.003835 0.002610 0.001756 0.001169 0.000769 0.000500 0.000322 0.000205 0.000129 0.000080 0.000049 0.000030 0.000018 0.000010 0.000006 0.000002 0.000000 
0.000000 0.000002 0.000005 0.000008 0.000015 0.000025 0.000041 0.000068 0.000111 0.000178 0.000282 0.000443 0.000689 0.001058 0.001608 0.002415 0.003588 0.005271 0.007656 0.010996 0.015614 0.021923 0.030434 0.041772 0.056684 0.076050 0.100875 0.132284 0.171501 0.219815 0.278530 0.348903 0.432068 0.528943 0.640132 0.765827 0.905707 1.058856 1.223700 1.397972 1.578716 1.762338 1.944694 2.121230 2.287163 2.437682 2.568185 2.674507 2.753140 2.801426 2.817710 2.801426 2.753140 2.674507 2.568185 2.437682 2.287163 2.121230 1.944694 1.762338 1.578716 1.397972 1.223700 1.058856 0.905707 0.765827 0.640132 0.528943 0.432068 0.348903 0.278530 0.219815 0.171501 0.132284 0.100875 0.076050 0.056684 0.041772 0.030434 0.021923 0.015614 0.010996 0.007656 0.005271 0.003588 0.002415 0.001608 0.001058 0.000689 0.000443 0.000282 0.000178 0.000110 0.000068 0.000041 0.000025 0.000014 0.000008 0.000003 0.000000 
0.000000 0.000003 0.000006 0.000012 0.000020 0.000034 0.000056 0.000093 0.000151 0.000242 0.000384 0.000603 0.000937 0.001440 0.002187 0.003284 0.004878 0.007163 0.010402 0.014935 0.021203 0.029763 0.041308 0.056684 0.076905 0.103158 0.136805 0.179368 0.232503 0.297951 0.377475 0.472775 0.585380 0.716529 0.867037 1.037159 1.226457 1.433689 1.656723 1.892490 2.136992 2.385367 2.632011 2.870770 3.095174 3.298724 3.475200 3.618970 3.725297 3.790589 3.812607 3.790589 3.725297 3.618970 3.475200 3.298724 3.095174 2.870770 2.632011 2.385367 2.136992 1.892490 1.656723 1.433689 1.226457 1.037159 0.867037 0.716529 0.585380 0.472775 0.377475 0.297951 0.232503 0.179368 0.136805 0.103158 0.076905 0.056684 0.041308 0.029763 0.021203 0.014935 0.010402 0.007163 0.004878 0.003284 0.002187 0.001440 0.000937 0.000603 0.000384 0.000242 0.000151 0.000093 0.000056 0.000034 0.000020 0.000011 0.000005 0.000000 
0.000000 0.000004 0.000008 0.000016 0.000027 0.000046 0.000076 0.000125 0.000203 0.000326 0.000517 0.000812 0.001261 0.001936 0.002940 0.004414 0.006555 0.009623 0.013971 0.020055 0.028465 0.039948 0.055432 0.076050 0.103158 0.138346 0.183436 0.240464 0.311644 0.399304 0.505801 0.633405 0.784158 0.959713 1.161155 1.388821 1.642121 1.919388 2.217768 2.533153 2.860196 3.192394 3.522255 3.841549 4.141631 4.413814 4.649783 4.842017 4.984181 5.071479 5.100917 5.071479 4.984181 4.842017 4.649783 4.413814 4.141631 3.841549 3.522255 3.192394 2.860196 2.533153 2.217768 1.919388 1.642121 1.388821 1.161155 0.959713 0.784158 0.633405 0.505801 0.399304 0.311644 0.240464 0.183436 0.138346 0.103158 0.076050 0.055432 0.039948 0.028465 0.020055 0.013971 0.009623 0.006555 0.004414 0.002940 0.001936 0.001261 0.000812 0.000517 0.000326 0.000203 0.000125 0.000076 0.000045 0.000026 0.000014 0.000006 0.000000 
0.000000 0.000005 0.000011 0.000021 0.000036 0.000061 0.000101 0.000166 0.000270 0.000433 0.000688 0.001080 0.001677 0.002574 0.003908 0.005866 0.008708 0.012782 0.018551 0.026624 0.037781 0.053010 0.073542 0.100875 0.136805 0.183436 0.243178 0.318725 0.413003 0.529090 0.670101 0.839033 1.038585 1.270937 1.537519 1.838768 2.173899 2.540704 2.935400 3.352555 3.785094 4.224417 4.660622 5.082828 5.479610 5.839486 6.151469 6.405621 6.593572 6.708984 6.747902 6.708984 6.593572 6.405621 6.151469 5.839486 5.479610 5.082828 4.660622 4.224417 3.785094 3.352555 2.935400 2.540704 2.173899 1.838768 1.537519 1.270937 1.038585 0.839033 0.670101 0.529090 0.413003 0.318725 0.243178 0.183436 0.136805 0.100875 0.073542 0.053010 0.037781 0.026624 0.018551 0.012782 0.008708 0.005866 0.003908 0.002574 0.001677 0.001080 0.000688 0.000433 0.000270 0.000166 0.000101 0.000060 0.000035 0.000019 0.000008 0.000000 
0.000000 0.000006 0.000015 0.000027 0.000048 0.000080 0.000133 0.000219 0.000355 0.000570 0.000905 0.001420 0.002204 0.003383 0.005135 0.007706 0.011436 0.016782 0.024353 0.034942 0.049574 0.069543 0.096459 0.132284 0.179368 0.240464 0.318725 0.417673 0.541133 0.693130 0.877733 1.098859 1.360030 1.664089 2.012901 2.407029 2.845439 3.325236 3.841469 4.387030 4.952667 5.527135 6.097489 6.649508 7.168259 7.638741 8.046596 8.378838 8.624534 8.775401 8.826276 8.775401 8.624534 8.378838 8.046596 7.638741 7.168259 6.649508 6.097489 5.527135 4.952667 4.387030 3.841469 3.325236 2.845439 2.407029 2.012901 1.664089 1.360030 1.098859 0.877733 0.693130 0.541133 0.417673 0.318725 0.240464 0.179368 0.132284 0.096459 0.069543 0.049574 0.034942 0.024353 0.016782 0.011436 0.007706 0.005135 0.003383 0.002204 0.001420 0.000905 0.000570 0.000355 0.000219 0.000133 0.000080 0.000046 0.000025 0.000011 0.000000 
0.000000 0.000008 0.000019 0.000036 0.000062 0.000104 0.000174 0.000285 0.000462 0.000742 0.001177 0.001846 0.002865 0.004396 0.006669 0.010007 0.014848 0.021784 0.031604 0.045337 0.064308 0.090194 0.125078 0.171501 0.232503 0.311644 0.413003 0.541133 0.700981 0.897747 1.136689 1.422866 1.760824 2.154234 2.605495 3.115326 3.682382 4.302911 4.970505 5.675967 6.407335 7.150073 7.887445 8.601076 9.271667 9.879834 10.407030 10.836477 11.154049 11.349050 11.414806 11.349050 11.154049 10.836477 10.407030 9.879834 9.271667 8.601076 7.887445 7.150073 6.407335 5.675967 4.970505 4.302911 3.682382 3.115326 2.605495 2.154234 1.760824 1.422866 1.136689 0.897747 0.700981 0.541133 0.413003 0.311644 0.232503 0.171501 0.125078 0.090194 0.064308 0.045337 0.031604 0.021784 0.014848 0.010007 0.006669 0.004396 0.002865 0.001846 0.001177 0.000742 0.000462 0.000285 0.000173 0.000104 0.000060 0.000033 0.000014 0.000000 
0.000000 0.000011 0.000025 0.000046 0.000080 0.000134 0.000223 0.000367 0.000595 0.000954 0.001513 0.002373 0.003680 0.005645 0.008564 0.012847 0.019057 0.027953 0.040545 0.058152 0.082470 0.115645 0.160343 0.219815 0.297951 0.399304 0.529090 0.693130 0.897747 1.149586 1.455364 1.821542 2.253924 2.757193 3.334403 3.986464 4.711644 5.505136 6.358738 7.260691 8.195699 9.145180 10.087747 10.999920 11.857039 12.634341 13.308131 13.856977 14.262836 14.512045 14.596080 14.512045 14.262836 13.856977 13.308131 12.634341 11.857039 10.999920 10.087747 9.145180 8.195699 7.260691 6.358738 5.505136 4.711644 3.986464 3.334403 2.757193 2.253924 1.821542 1.455364 1.149586 0.897747 0.693130 0.529090 0.399304 0.297951 0.219815 0.160343 0.115645 0.082470 0.058152 0.040545 0.027953 0.019057 0.012847 0.008564 0.005645 0.003680 0.002373 0.001513 0.000954 0.000594 0.000366 0.000223 0.000133 0.000078 0.000042 0.000019 0.000000 
0.000000 0.000014 0.000032 0.000058 0.000101 0.000171 0.000284 0.000466 0.000756 0.001212 0.001922 0.003014 0.004673 0.007167 0.010870 0.016303 0.024178 0.035459 0.051422 0.073737 0.104553 0.146585 0.203206 0.278530 0.377475 0.505801 0.670101 0.877733 1.136689 1.455364 1.842243 2.305485 2.852417 3.488943 4.218914 5.043464 5.960389 6.963602 8.042727 9.182892 10.364762 11.564852 12.756137 13.908950 14.992139 15.974422 16.825870 17.519413 18.032263 18.347163 18.453348 18.347163 18.032263 17.519413 16.825870 15.974422 14.992139 13.908950 12.756137 11.564852 10.364762 9.182892 8.042727 6.963602 5.960389 5.043464 4.218914 3.488943 2.852417 2.305485 1.842243 1.455364 1.136689 0.877733 0.670101 0.505801 0.377475 0.278530 0.203206 0.146585 0.104553 0.073737 0.051422 0.035459 0.024178 0.016303 0.010870 0.007167 0.004673 0.003014 0.001922 0.001212 0.000756 0.000466 0.000283 0.000170 0.000099 0.000054 0.000024 0.000000 
0.000000 0.000017 0.000040 0.000074 0.000127 0.000215 0.000357 0.000586 0.000950 0.001522 0.002413 0.003784 0.005866 0.008995 0.013639 0.020451 0.030325 0.044464 0.064469 0.092430 0.131035 0.183681 0.254589 0.348903 0.472775 0.633405 0.839033 1.098859 1.422866 1.821542 2.305485 2.884883 3.568877 4.364837 5.277554 6.308432 7.454699 8.708733 10.057555 11.482573 12.959618 14.459347 15.947993 17.388496 18.741944 19.969267 21.033087 21.899594 22.540334 22.933756 23.066419 22.933756 22.540334 21.899594 21.033087 19.969267 18.741944 17.388496 15.947993 14.459347 12.959618 11.482573 10.057555 8.708733 7.454699 6.308432 5.277554 4.364837 3.568877 2.884883 2.305485 1.821542 1.422866 1.098859 0.839033 0.633405 0.472775 0.348903 0.254589 0.183681 0.131035 0.092430 0.064469 0.044464 0.030325 0.020451 0.013639 0.008995 0.005866 0.003784 0.002413 0.001522 0.000949 0.000585 0.000356 0.000213 0.000124 0.000068 0.000030 0.000000 
0.000000 0.000022 0.000049 0.000091 0.000158 0.000267 0.000444 0.000728 0.001179 0.001890 0.002996 0.004696 0.007279 0.011159 0.016916 0.025361 0.037597 0.055118 0.079902 0.114536 0.162345 0.227534 0.315321 0.432068 0.585380 0.784158 1.038585 1.360030 1.760824 2.253924 2.852417 3.568877 4.414590 5.398640 6.526933 7.801181 9.217941 10.767777 12.434641 14.195547 16.020633 17.873643 19.712868 21.492533 23.164580 24.680762 25.994921 27.065313 27.856803 28.342782 28.506654 28.342782 27.856803 27.065313 25.994921 24.680762 23.164580 21.492533 19.712868 17.873643 16.020633 14.195547 12.434641 10.767777 9.217941 7.801181 6.526933 5.398640 4.414590 3.568877 2.852417 2.253924 1.760824 1.360030 1.038585 0.784158 0.585380 0.432068 0.315321 0.227534 0.162345 0.114536 0.079902 0.055118 0.037597 0.025361 0.016916 0.011159 0.007279 0.004696 0.002996 0.001890 0.001179 0.000727 0.000443 0.000265 0.000154 0.000084 0.000037 0.000000 
0.000000 0.000027 0.000061 0.000112 0.000195 0.000328 0.000545 0.000893 0.001448 0.002320 0.003676 0.005761 0.008928 0.013683 0.020740 0.031087 0.046079 0.067539 0.097892 0.140301 0.198834 0.278632 0.386075 0.528943 0.716529 0.959713 1.270937 1.664089 2.154234 2.757193 3.488943 4.364837 5.398640 6.601435 7.980412 9.537641 11.268894 13.162625 15.199209 17.350560 19.580191 21.843817 24.090496 26.264328 28.306632 30.158496 31.763569 33.070883 34.037547 34.631078 34.831216 34.631078 34.037547 33.070883 31.763569 30.158496 28.306632 26.264328 24.090496 21.843817 19.580191 17.350560 15.199209 13.162625 11.268894 9.537641 7.980412 6.601435 5.398640 4.364837 3.488943 2.757193 2.154234 1.664089 1.270937 0.959713 0.716529 0.528943 0.386075 0.278632 0.198834 0.140301 0.097892 0.067539 0.046079 0.031087 0.020740 0.013683 0.008928 0.005760 0.003676 0.002319 0.001447 0.000893 0.000544 0.000326 0.000190 0.000104 0.000045 0.000000 
0.000000 0.000032 0.000074 0.000136 0.000236 0.000399 0.000662 0.001084 0.001757 0.002814 0.004458 0.006985 0.010823 0.016586 0.025135 0.037668 0.055824 0.081810 0.118556 0.169891 0.240733 0.337296 0.467296 0.640132 0.867037 1.161155 1.537519 2.012901 2.605495 3.334403 4.218914 5.277554 6.526933 7.980412 9.646652 11.528128 13.619707 15.907420 18.367548 20.966155 23.659169 26.393107 29.106455 31.731720 34.198057 36.434347 38.372566 39.951194 41.118456 41.835147 42.076813 41.835147 41.118456 39.951194 38.372566 36.434347 34.198057 31.731720 29.106455 26.393107 23.659169 20.966155 18.367548 15.907420 13.619707 11.528128 9.646652 7.980412 6.526933 5.277554 4.218914 3.334403 2.605495 2.012901 1.537519 1.161155 0.867037 0.640132 0.467296 0.337296 0.240733 0.169891 0.118556 0.081810 0.055824 0.037668 0.025135 0.016586 0.010823 0.006985 0.004458 0.002814 0.001756 0.001083 0.000660 0.000395 0.000230 0.000126 0.000055 0.000000 
0.000000 0.000039 0.000089 0.000164 0.000284 0.000478 0.000794 0.001301 0.002106 0.003374 0.005344 0.008372 0.012970 0.019872 0.030110 0.045116 0.066851 0.097955 0.141933 0.203360 0.288117 0.403632 0.559124 0.765827 1.037159 1.388821 1.838768 2.407029 3.115326 3.986464 5.043464 6.308432 7.801181 9.537641 11.528128 13.775566 16.273800 19.006122 21.944189 25.047463 28.263314 31.527879 34.767723 37.902275 40.846971 43.516927 45.830954 47.715632 49.109174 49.964790 50.253301 49.964790 49.109174 47.715632 45.830954 43.516927 40.846971 37.902275 34.767723 31.527879 28.263314 25.047463 21.944189 19.006122 16.273800 13.775566 11.528128 9.537641 7.801181 6.308432 5.043464 3.986464 3.115326 2.407029 1.838768 1.388821 1.037159 0.765827 0.559124 0.403632 0.288117 0.203360 0.141933 0.097955 0.066851 0.045116 0.030110 0.019872 0.012970 0.008372 0.005344 0.003374 0.002106 0.001299 0.000791 0.000474 0.000276 0.000151 0.000066 0.000000 
0.000000 0.000046 0.000105 0.000194 0.000337 0.000567 0.000941 0.001542 0.002497 0.003998 0.006332 0.009918 0.015363 0.023534 0.035653 0.053414 0.079135 0.115938 0.167965 0.240625 0.340869 0.477472 0.661329 0.905707 1.226457 1.642121 2.173899 2.845439 3.682382 4.711644 5.960389 7.454699 9.217941 11.268894 13.619707 16.273800 19.223874 22.450177 25.919224 29.583143 33.379794 37.233789 41.058448 44.758679 48.234685 51.386297 54.117711 56.342295 57.987143 58.997049 59.337584 58.997049 57.987143 56.342295 54.117711 51.386297 48.234685 44.758679 41.058448 37.233789 33.379794 29.583143 25.919224 22.450177 19.223874 16.273800 13.619707 11.268894 9.217941 7.454699 5.960389 4.711644 3.682382 2.845439 2.173899 1.642121 1.226457 0.905707 0.661329 0.477472 0.340869 0.240625 0.167965 0.115938 0.079135 0.053414 0.035653 0.023534 0.015363 0.009918 0.006332 0.003998 0.002496 0.001540 0.000938 0.000563 0.000328 0.000179 0.000079 0.000000 
0.000000 0.000054 0.000123 0.000228 0.000395 0.000665 0.001103 0.001807 0.002925 0.004683 0.007416 0.011614 0.017987 0.027549 0.041730 0.062509 0.092596 0.135641 0.196484 0.281446 0.398645 0.558337 0.773241 1.058856 1.433689 1.919388 2.540704 3.325236 4.302911 5.505136 6.963602 8.708733 10.767777 13.162625 15.907420 19.006122 22.450177 26.216500 30.265983 34.542733 38.974218 43.472452 47.936282 52.254750 56.311411 59.989401 63.176946 65.772981 67.692455 68.870966 69.268352 68.870966 67.692455 65.772981 63.176946 59.989401 56.311411 52.254750 47.936282 43.472452 38.974218 34.542733 30.265983 26.216500 22.450177 19.006122 15.907420 13.162625 10.767777 8.708733 6.963602 5.505136 4.302911 3.325236 2.540704 1.919388 1.433689 1.058856 0.773241 0.558337 0.398645 0.281446 0.196484 0.135641 0.092596 0.062509 0.041730 0.027549 0.017987 0.011614 0.007416 0.004683 0.002924 0.001805 0.001100 0.000659 0.000384 0.000210 0.000092 0.000000 
0.000000 0.000063 0.000143 0.000264 0.000457 0.000770 0.001278 0.002092 0.003387 0.005422 0.008585 0.013442 0.020815 0.031877 0.048277 0.072307 0.107097 0.156863 0.227198 0.325403 0.460855 0.645395 0.893713 1.223700 1.656723 2.217768 2.935400 3.841469 4.970505 6.358738 8.042727 10.057555 12.434641 15.199209 18.367548 21.944189 25.919224 30.265983 34.939311 39.874693 44.988428 50.178992 55.329682 60.312491 64.993095 69.236687 72.914346 75.909498 78.124050 79.483721 79.942192 79.483721 78.124050 75.909498 72.914346 69.236687 64.993095 60.312491 55.329682 50.178992 44.988428 39.874693 34.939311 30.265983 25.919224 21.944189 18.367548 15.199209 12.434641 10.057555 8.042727 6.358738 4.970505 3.841469 2.935400 2.217768 1.656723 1.223700 0.893713 0.645395 0.460855 0.325403 0.227198 0.156863 0.107097 0.072307 0.048277 0.031877 0.020815 0.013441 0.008584 0.005422 0.003386 0.002090 0.001274 0.000764 0.000445 0.000243 0.000107 0.000000 
0.000000 0.000072 0.000164 0.000302 0.000523 0.000882 0.001463 0.002395 0.003876 0.006205 0.009822 0.015377 0.023808 0.036456 0.055207 0.082676 0.122439 0.179314 0.259686 0.371893 0.526642 0.737450 1.021087 1.397972 1.892490 2.533153 3.352555 4.387030 5.675967 7.260691 9.182892 11.482573 14.195547 17.350560 20.966155 25.047463 29.583143 34.542733 39.874693 45.505407 51.339376 57.260790 63.136530 68.820601 74.159804 79.000404 83.195379 86.611795 89.137794 90.688674 91.211617 90.688674 89.137794 86.611795 83.195379 79.000404 74.159804 68.820601 63.136530 57.260790 51.339376 45.505407 39.874693 34.542733 29.583143 25.047463 20.966155 17.350560 14.195547 11.482573 9.182892 7.260691 5.675967 4.387030 3.352555 2.533153 1.892490 1.397972 1.021087 0.737450 0.526642 0.371893 0.259686 0.179314 0.122439 0.082676 0.055207 0.036456 0.023808 0.015377 0.009821 0.006204 0.003875 0.002392 0.001458 0.000874 0.000510 0.000279 0.000122 0.000000 
0.000000 0.000081 0.000186 0.000342 0.000592 0.000998 0.001655 0.002709 0.004385 0.007017 0.011107 0.017386 0.026917 0.041211 0.062400 0.093438 0.138362 0.202612 0.293397 0.420129 0.594892 0.832942 1.153203 1.578716 2.136992 2.860196 3.785094 4.952667 6.407335 8.195699 10.364762 12.959618 16.020633 19.580191 23.659169 28.263314 33.379794 38.974218 44.988428 51.339376 57.919349 64.597736 71.224422 77.634778 83.656067 89.114952 93.845672 97.698353 100.546887 102.295782 102.885492 102.295782 100.546887 97.698353 93.845672 89.114952 83.656067 77.634778 71.224422 64.597736 57.919349 51.339376 44.988428 38.974218 33.379794 28.263314 23.659169 19.580191 16.020633 12.959618 10.364762 8.195699 6.407335 4.952667 3.785094 2.860196 2.136992 1.578716 1.153203 0.832942 0.594892 0.420129 0.293397 0.202612 0.138362 0.093438 0.062400 0.041211 0.026917 0.017386 0.011106 0.007016 0.004383 0.002707 0.001650 0.000990 0.000577 0.000315 0.000139 0.000000 
0.000000 0.000091 0.000208 0.000383 0.000663 0.001116 0.001850 0.003029 0.004902 0.007844 0.012414 0.019431 0.030078 0.046046 0.069714 0.104379 0.154549 0.226294 0.327660 0.469150 0.664247 0.929971 1.287434 1.762338 2.385367 3.192394 4.224417 5.527135 7.150073 9.145180 11.564852 14.459347 17.873643 21.843817 26.393107 31.527879 37.233789 43.472452 50.178992 57.260790 64.597736 72.044203 79.432833 86.580094 93.293428 99.379614 104.653882 108.949178 112.124938 114.074727 114.732174 114.074727 112.124938 108.949178 104.653882 99.379614 93.293428 86.580094 79.432833 72.044203 64.597736 57.260790 50.178992 43.472452 37.233789 31.527879 26.393107 21.843817 17.873643 14.459347 11.564852 9.145180 7.150073 5.527135 4.224417 3.192394 2.385367 1.762338 1.287434 0.929971 0.664247 0.469150 0.327660 0.226294 0.154549 0.104379 0.069714 0.046046 0.030078 0.019430 0.012414 0.007843 0.004900 0.003026 0.001845 0.001107 0.000646 0.000353 0.000155 0.000000 
0.000000 0.000100 0.000229 0.000423 0.000732 0.001234 0.002045 0.003347 0.005416 0.008666 0.013714 0.021463 0.033220 0.050852 0.076983 0.115252 0.170634 0.249824 0.361700 0.517848 0.733139 1.026346 1.420750 1.944694 2.632011 3.522255 4.660622 6.097489 7.887445 10.087747 12.756137 15.947993 19.712868 24.090496 29.106455 34.767723 41.058448 47.936282 55.329682 63.136530 71.224422 79.432833 87.577298 95.455543 102.855347 109.563770 115.377193 120.111520 123.611854 125.760907 126.485542 125.760907 123.611854 120.111520 115.377193 109.563770 102.855347 95.455543 87.577298 79.432833 71.224422 63.136530 55.329682 47.936282 41.058448 34.767723 29.106455 24.090496 19.712868 15.947993 12.756137 10.087747 7.887445 6.097489 4.660622 3.522255 2.632011 1.944694 1.420750 1.026346 0.733139 0.517848 0.361700 0.249824 0.170634 0.115252 0.076983 0.050852 0.033220 0.021462 0.013713 0.008665 0.005414 0.003344 0.002039 0.001223 0.000714 0.000390 0.000171 0.000000 
