0.000000 0.000000 0.000000 0.000000 0.000000 0.000000 0.000000 0.000000 0.000000 0.000000 0.000000 0.000000 0.000000 0.000000 0.000000 0.000000 0.000000 0.000000 0.000000 0.000000 0.000000 0.000000 0.000000 0.000000 0.000000 0.000000 0.000000 0.000000 0.000000 0.000000 0.000000 0.000000 0.000000 0.000000 0.000000 0.000000 0.000000 0.000000 0.000000 0.000000 0.000000 0.000000 0.000000 0.000000 0.000000 0.000000 0.000000 0.000000 0.000000 0.000000 0.000000 0.000000 0.000000 0.000000 0.000000 0.000000 0.000000 0.000000 0.000000 0.000000 0.000000 0.000000 0.000000 0.000000 0.000000 0.000000 0.000000 0.000000 0.000000 0.000000 0.000000 0.000000 0.000000 0.000000 0.000000 0.000000 0.000000 0.000000 0.000000 0.000000 0.000000 0.000000 0.000000 0.000000 0.000000 0.000000 0.000000 0.000000 0.000000 0.000000 0.000000 0.000000 0.000000 0.000000 0.000000 0.000000 0.000000 0.000000 0.000000 0.000000 
0.000000 0.000000 0.000000 0.000000 0.000000 0.000000 0.000000 0.000000 0.000000 0.000000 0.000000 0.000000 0.000000 0.000000 0.000001 0.000001 0.000001 0.000002 0.000002 0.000003 0.000004 0.000006 0.000008 0.000010 0.000014 0.000018 0.000023 0.000030 0.000038 0.000047 0.000058 0.000072 0.000087 0.000105 0.000125 0.000147 0.000171 0.000198 0.000226 0.000255 0.000285 0.000315 0.000344 0.000373 0.000399 0.000423 0.000444 0.000460 0.000473 0.000480 0.000483 0.000480 0.000473 0.000460 0.000444 0.000423 0.000399 0.000373 0.000344 0.000315 0.000285 0.000255 0.000226 0.000198 0.000171 0.000147 0.000125 0.000105 0.000087 0.000072 0.000058 0.000047 0.000038 0.000030 0.000023 0.000018 0.000014 0.000010 0.000008 0.000006 0.000004 0.000003 0.000002 0.000002 0.000001 0.000001 0.000001 0.000000 0.000000 0.000000 0.000000 0.000000 0.000000 0.000000 0.000000 0.000000 0.000000 0.000000 0.000000 0.000000 
0.000000 0.000000 0.000000 0.000000 0.000000 0.000000 0.000000 0.000000 0.000000 0.000000 0.000000 0.000000 0.000001 0.000001 0.000001 0.000002 0.000002 0.000003 0.000005 0.000007 0.000009 0.000013 0.000017 0.000023 0.000031 0.000040 0.000052 0.000066 0.000084 0.000105 0.000130 0.000160 0.000195 0.000234 0.000279 0.000328 0.000382 0.000441 0.000503 0.000568 0.000635 0.000702 0.000768 0.000831 0.000890 0.000943 0.000989 0.001026 0.001054 0.001071 0.001076 0.001071 0.001054 0.001026 0.000989 0.000943 0.000890 0.000831 0.000768 0.000702 0.000635 0.000568 0.000503 0.000441 0.000382 0.000328 0.000279 0.000234 0.000195 0.000160 0.000130 0.000105 0.000084 0.000066 0.000052 0.000040 0.000031 0.000023 0.000017 0.000013 0.000009 0.000007 0.000005 0.000003 0.000002 0.000002 0.000001 0.000001 0.000001 0.000000 0.000000 0.000000 0.000000 0.000000 0.000000 0.000000 0.000000 0.000000 0.000000 0.000000 
0.000000 0.000000 0.000000 0.000000 0.000000 0.000000 0.000000 0.000000 0.000000 0.000000 0.000000 0.000001 0.000001 0.000001 0.000002 0.000003 0.000004 0.000006 0.000009 0.000012 0.000017 0.000023 0.000031 0.000041 0.000054 0.000071 0.000092 0.000118 0.000149 0.000187 0.000232 0.000285 0.000346 0.000417 0.000496 0.000584 0.000680 0.000784 0.000894 0.001010 0.001128 0.001247 0.001364 0.001476 0.001581 0.001676 0.001757 0.001823 0.001872 0.001902 0.001912 0.001902 0.001872 0.001823 0.001757 0.001676 0.001581 0.001476 0.001364 0.001247 0.001128 0.001010 0.000894 0.000784 0.000680 0.000584 0.000496 0.000417 0.000346 0.000285 0.000232 0.000187 0.000149 0.000118 0.000092 0.000071 0.000054 0.000041 0.000031 0.000023 0.000017 0.000012 0.000009 0.000006 0.000004 0.000003 0.000002 0.000001 0.000001 0.000001 0.000000 0.000000 0.000000 0.000000 0.000000 0.000000 0.000000 0.000000 0.000000 0.000000 
0.000000 0.000000 0.000000 0.000000 0.000000 0.000000 0.000000 0.000000 0.000000 0.000000 0.000001 0.000001 0.000002 0.000002 0.000004 0.000005 0.000007 0.000010 0.000015 0.000020 0.000028 0.000038 0.000051 0.000068 0.000090 0.000118 0.000153 0.000195 0.000248 0.000310 0.000385 0.000473 0.000574 0.000691 0.000822 0.000967 0.001127 0.001299 0.001482 0.001673 0.001869 0.002065 0.002259 0.002445 0.002619 0.002775 0.002910 0.003019 0.003100 0.003149 0.003166 0.003149 0.003100 0.003019 0.002910 0.002775 0.002619 0.002445 0.002259 0.002065 0.001869 0.001673 0.001482 0.001299 0.001127 0.000967 0.000822 0.000691 0.000574 0.000473 0.000385 0.000310 0.000248 0.000195 0.000153 0.000118 0.000090 0.000068 0.000051 0.000038 0.000028 0.000020 0.000015 0.000010 0.000007 0.000005 0.000004 0.000002 0.000002 0.000001 0.000001 0.000000 0.000000 0.000000 0.000000 0.000000 0.000000 0.000000 0.000000 0.000000 
0.000000 0.000000 0.000000 0.000000 0.000000 0.000000 0.000000 0.000000 0.000000 0.000001 0.000001 0.000002 0.000003 0.000004 0.000006 0.000008 0.000012 0.000017 0.000024 0.000033 0.000045 0.000061 0.000083 0.000110 0.000146 0.000190 0.000246 0.000315 0.000399 0.000500 0.000620 0.000761 0.000924 0.001111 0.001321 0.001555 0.001812 0.002089 0.002382 0.002689 0.003003 0.003320 0.003631 0.003929 0.004208 0.004459 0.004675 0.004851 0.004980 0.005060 0.005087 0.005060 0.004980 0.004851 0.004675 0.004459 0.004208 0.003929 0.003631 0.003320 0.003003 0.002689 0.002382 0.002089 0.001812 0.001555 0.001321 0.001111 0.000924 0.000761 0.000620 0.000500 0.000399 0.000315 0.000246 0.000190 0.000146 0.000110 0.000083 0.000061 0.000045 0.000033 0.000024 0.000017 0.000012 0.000008 0.000006 0.000004 0.000003 0.000002 0.000001 0.000001 0.000000 0.000000 0.000000 0.000000 0.000000 0.000000 0.000000 0.000000 
0.000000 0.000000 0.000000 0.000000 0.000000 0.000000 0.000000 0.000001 0.000001 0.000001 0.000002 0.000003 0.000004 0.000006 0.000009 0.000013 0.000019 0.000027 0.000037 0.000052 0.000071 0.000097 0.000131 0.000175 0.000231 0.000301 0.000389 0.000498 0.000631 0.000791 0.000981 0.001204 0.001462 0.001757 0.002090 0.002459 0.002864 0.003301 0.003765 0.004250 0.004746 0.005245 0.005736 0.006207 0.006647 0.007043 0.007385 0.007662 0.007866 0.007992 0.008034 0.007992 0.007866 0.007662 0.007385 0.007043 0.006647 0.006207 0.005736 0.005245 0.004746 0.004250 0.003765 0.003301 0.002864 0.002459 0.002090 0.001757 0.001462 0.001204 0.000981 0.000791 0.000631 0.000498 0.000389 0.000301 0.000231 0.000175 0.000131 0.000097 0.000071 0.000052 0.000037 0.000027 0.000019 0.000013 0.000009 0.000006 0.000004 0.000003 0.000002 0.000001 0.000001 0.000001 0.000000 0.000000 0.000000 0.000000 0.000000 0.000000 
0.000000 0.000000 0.000000 0.000000 0.000000 0.000000 0.000001 0.000001 0.000001 0.000002 0.000003 0.000004 0.000007 0.000010 0.000014 0.000020 0.000029 0.000042 0.000058 0.000081 0.000112 0.000152 0.000205 0.000273 0.000361 0.000471 0.000609 0.000779 0.000987 0.001236 0.001533 0.001880 0.002283 0.002744 0.003263 0.003840 0.004472 0.005154 0.005877 0.006632 0.007406 0.008184 0.008950 0.009684 0.010370 0.010987 0.011520 0.011952 0.012271 0.012466 0.012532 0.012466 0.012271 0.011952 0.011520 0.010987 0.010370 0.009684 0.008950 0.008184 0.007406 0.006632 0.005877 0.005154 0.004472 0.003840 0.003263 0.002744 0.002283 0.001880 0.001533 0.001236 0.000987 0.000779 0.000609 0.000471 0.000361 0.000273 0.000205 0.000152 0.000112 0.000081 0.000058 0.000042 0.000029 0.000020 0.000014 0.000010 0.000007 0.000004 0.000003 0.000002 0.000001 0.000001 0.000001 0.000000 0.000000 0.000000 0.000000 0.000000 
0.000000 0.000000 0.000000 0.000000 0.000000 0.000000 0.000001 0.000001 0.000002 0.000003 0.000005 0.000007 0.000010 0.000015 0.000022 0.000032 0.000046 0.000065 0.000091 0.000126 0.000173 0.000236 0.000317 0.000423 0.000558 0.000729 0.000942 0.001205 0.001526 0.001911 0.002369 0.002906 0.003529 0.004240 0.005041 0.005931 0.006906 0.007958 0.009074 0.010239 0.011433 0.012633 0.013813 0.014946 0.016003 0.016955 0.017776 0.018443 0.018934 0.019235 0.019336 0.019235 0.018934 0.018443 0.017776 0.016955 0.016003 0.014946 0.013813 0.012633 0.011433 0.010239 0.009074 0.007958 0.006906 0.005931 0.005041 0.004240 0.003529 0.002906 0.002369 0.001911 0.001526 0.001205 0.000942 0.000729 0.000558 0.000423 0.000317 0.000236 0.000173 0.000126 0.000091 0.000065 0.000046 0.000032 0.000022 0.000015 0.000010 0.000007 0.000005 0.000003 0.000002 0.000001 0.000001 0.000000 0.000000 0.000000 0.000000 0.000000 
0.000000 0.000000 0.000000 0.000000 0.000000 0.000001 0.000001 0.000002 0.000003 0.000005 0.000007 0.000010 0.000016 0.000023 0.000034 0.000049 0.000070 0.000099 0.000139 0.000193 0.000266 0.000361 0.000487 0.000648 0.000855 0.001117 0.001443 0.001845 0.002335 0.002924 0.003624 0.004446 0.005397 0.006483 0.007707 0.009067 0.010557 0.012163 0.013867 0.015646 0.017468 0.019300 0.021101 0.022830 0.024443 0.025896 0.027149 0.028166 0.028915 0.029375 0.029529 0.029375 0.028915 0.028166 0.027149 0.025896 0.024443 0.022830 0.021101 0.019300 0.017468 0.015646 0.013867 0.012163 0.010557 0.009067 0.007707 0.006483 0.005397 0.004446 0.003624 0.002924 0.002335 0.001845 0.001443 0.001117 0.000855 0.000648 0.000487 0.000361 0.000266 0.000193 0.000139 0.000099 0.000070 0.000049 0.000034 0.000023 0.000016 0.000010 0.000007 0.000005 0.000003 0.000002 0.000001 0.000001 0.000000 0.000000 0.000000 0.000000 
0.000000 0.000000 0.000000 0.000000 0.000001 0.000001 0.000002 0.000003 0.000005 0.000007 0.000011 0.000016 0.000024 0.000035 0.000051 0.000074 0.000106 0.000151 0.000211 0.000293 0.000403 0.000548 0.000738 0.000983 0.001297 0.001693 0.002187 0.002796 0.003537 0.004429 0.005489 0.006732 0.008170 0.009814 0.011665 0.013722 0.015973 0.018401 0.020978 0.023666 0.026421 0.029189 0.031911 0.034523 0.036959 0.039155 0.041048 0.042584 0.043716 0.044410 0.044643 0.044410 0.043716 0.042584 0.041048 0.039155 0.036959 0.034523 0.031911 0.029189 0.026421 0.023666 0.020978 0.018401 0.015973 0.013722 0.011665 0.009814 0.008170 0.006732 0.005489 0.004429 0.003537 0.002796 0.002187 0.001693 0.001297 0.000983 0.000738 0.000548 0.000403 0.000293 0.000211 0.000151 0.000106 0.000074 0.000051 0.000035 0.000024 0.000016 0.000011 0.000007 0.000005 0.000003 0.000002 0.000001 0.000001 0.000000 0.000000 0.000000 
0.000000 0.000000 0.000000 0.000001 0.000001 0.000002 0.000003 0.000004 0.000007 0.000010 0.000016 0.000024 0.000036 0.000053 0.000077 0.000112 0.000160 0.000226 0.000317 0.000441 0.000605 0.000823 0.001108 0.001477 0.001947 0.002540 0.003281 0.004194 0.005305 0.006642 0.008230 0.010091 0.012246 0.014706 0.017479 0.020558 0.023928 0.027562 0.031417 0.035440 0.039562 0.043703 0.047775 0.051683 0.055327 0.058611 0.061443 0.063740 0.065433 0.066470 0.066819 0.066470 0.065433 0.063740 0.061443 0.058611 0.055327 0.051683 0.047775 0.043703 0.039562 0.035440 0.031417 0.027562 0.023928 0.020558 0.017479 0.014706 0.012246 0.010091 0.008230 0.006642 0.005305 0.004194 0.003281 0.002540 0.001947 0.001477 0.001108 0.000823 0.000605 0.000441 0.000317 0.000226 0.000160 0.000112 0.000077 0.000053 0.000036 0.000024 0.000016 0.000010 0.000007 0.000004 0.000003 0.000002 0.000001 0.000001 0.000000 0.000000 
0.000000 0.000000 0.000001 0.000001 0.000002 0.000003 0.000004 0.000007 0.000010 0.000016 0.000024 0.000036 0.000053 0.000079 0.000115 0.000166 0.000238 0.000337 0.000472 0.000656 0.000901 0.001224 0.001648 0.002195 0.002893 0.003774 0.004874 0.006228 0.007877 0.009860 0.012215 0.014976 0.018170 0.021819 0.025928 0.030491 0.035486 0.040870 0.046583 0.052542 0.058647 0.064782 0.070813 0.076600 0.081997 0.086860 0.091053 0.094454 0.096960 0.098496 0.099014 0.098496 0.096960 0.094454 0.091053 0.086860 0.081997 0.076600 0.070813 0.064782 0.058647 0.052542 0.046583 0.040870 0.035486 0.030491 0.025928 0.021819 0.018170 0.014976 0.012215 0.009860 0.007877 0.006228 0.004874 0.003774 0.002893 0.002195 0.001648 0.001224 0.000901 0.000656 0.000472 0.000337 0.000238 0.000166 0.000115 0.000079 0.000053 0.000036 0.000024 0.000016 0.000010 0.000007 0.000004 0.000003 0.000002 0.000001 0.000000 0.000000 
0.000000 0.000000 0.000001 0.000001 0.000002 0.000004 0.000006 0.000010 0.000015 0.000023 0.000035 0.000053 0.000079 0.000116 0.000170 0.000245 0.000351 0.000496 0.000696 0.000966 0.001326 0.001802 0.002425 0.003229 0.004256 0.005551 0.007166 0.009157 0.011579 0.014491 0.017949 0.022002 0.026692 0.032046 0.038076 0.044772 0.052100 0.059999 0.068378 0.077119 0.086073 0.095068 0.103911 0.112396 0.120309 0.127439 0.133586 0.138571 0.142246 0.144498 0.145256 0.144498 0.142246 0.138571 0.133586 0.127439 0.120309 0.112396 0.103911 0.095068 0.086073 0.077119 0.068378 0.059999 0.052100 0.044772 0.038076 0.032046 0.026692 0.022002 0.017949 0.014491 0.011579 0.009157 0.007166 0.005551 0.004256 0.003229 0.002425 0.001802 0.001326 0.000966 0.000696 0.000496 0.000351 0.000245 0.000170 0.000116 0.000079 0.000053 0.000035 0.000023 0.000015 0.000010 0.000006 0.000004 0.000002 0.000001 0.000001 0.000000 
0.000000 0.000001 0.000001 0.000002 0.000004 0.000006 0.000009 0.000014 0.000022 0.000034 0.000051 0.000077 0.000115 0.000170 0.000247 0.000358 0.000511 0.000724 0.001015 0.001408 0.001933 0.002627 0.003533 0.004703 0.006197 0.008082 0.010432 0.013327 0.016849 0.021084 0.026110 0.032001 0.038816 0.046596 0.055357 0.065084 0.075728 0.087200 0.099368 0.112059 0.125060 0.138119 0.150957 0.163274 0.174759 0.185108 0.194030 0.201265 0.206599 0.209866 0.210967 0.209866 0.206599 0.201265 0.194030 0.185108 0.174759 0.163274 0.150957 0.138119 0.125060 0.112059 0.099368 0.087200 0.075728 0.065084 0.055357 0.046596 0.038816 0.032001 0.026110 0.021084 0.016849 0.013327 0.010432 0.008082 0.006197 0.004703 0.003533 0.002627 0.001933 0.001408 0.001015 0.000724 0.000511 0.000358 0.000247 0.000170 0.000115 0.000077 0.000051 0.000034 0.000022 0.000014 0.000009 0.000006 0.000003 0.000002 0.000001 0.000000 
0.000000 0.000001 0.000002 0.000003 0.000005 0.000008 0.000013 0.000020 0.000032 0.000049 0.000074 0.000112 0.000166 0.000245 0.000358 0.000517 0.000739 0.001046 0.001465 0.002032 0.002789 0.003789 0.005095 0.006782 0.008934 0.011649 0.015033 0.019201 0.024272 0.030367 0.037601 0.046077 0.055882 0.067074 0.079674 0.093663 0.108969 0.125463 0.142956 0.161201 0.179887 0.198657 0.217108 0.234809 0.251314 0.266184 0.279004 0.289401 0.297064 0.301759 0.303340 0.301759 0.297064 0.289401 0.279004 0.266184 0.251314 0.234809 0.217108 0.198657 0.179887 0.161201 0.142956 0.125463 0.108969 0.093663 0.079674 0.067074 0.055882 0.046077 0.037601 0.030367 0.024272 0.019201 0.015033 0.011649 0.008934 0.006782 0.005095 0.003789 0.002789 0.002032 0.001465 0.001046 0.000739 0.000517 0.000358 0.000245 0.000166 0.000112 0.000074 0.000049 0.000032 0.000020 0.000013 0.000008 0.000005 0.000003 0.000001 0.000000 
0.000000 0.000001 0.000002 0.000004 0.000007 0.000012 0.000019 0.000029 0.000046 0.000070 0.000106 0.000160 0.000238 0.000351 0.000511 0.000739 0.001056 0.001494 0.002093 0.002902 0.003983 0.005410 0.007274 0.009680 0.012750 0.016621 0.021445 0.027386 0.034613 0.043298 0.053603 0.065678 0.079643 0.095580 0.113522 0.133439 0.155227 0.178705 0.203603 0.229567 0.256159 0.282867 0.309119 0.334302 0.357783 0.378938 0.397175 0.411964 0.422865 0.429543 0.431793 0.429543 0.422865 0.411964 0.397175 0.378938 0.357783 0.334302 0.309119 0.282867 0.256159 0.229567 0.203603 0.178705 0.155227 0.133439 0.113522 0.095580 0.079643 0.065678 0.053603 0.043298 0.034613 0.027386 0.021445 0.016621 0.012750 0.009680 0.007274 0.005410 0.003983 0.002902 0.002093 0.001494 0.001056 0.000739 0.000511 0.000351 0.000238 0.000160 0.000106 0.000070 0.000046 0.000029 0.000019 0.000012 0.000007 0.000004 0.000002 0.000000 
0.000000 0.000002 0.000003 0.000006 0.000010 0.000017 0.000027 0.000042 0.000065 0.000099 0.000151 0.000226 0.000337 0.000496 0.000724 0.001046 0.001494 0.002114 0.002961 0.004104 0.005631 0.007647 0.010280 0.013677 0.018011 0.023475 0.030284 0.038667 0.048863 0.061113 0.075647 0.092674 0.112364 0.134833 0.160124 0.188195 0.218901 0.251984 0.287065 0.323646 0.361107 0.398730 0.435709 0.471179 0.504250 0.534044 0.559726 0.580554 0.595904 0.605309 0.608477 0.605309 0.595904 0.580554 0.559726 0.534044 0.504250 0.471179 0.435709 0.398730 0.361107 0.323646 0.287065 0.251984 0.218901 0.188195 0.160124 0.134833 0.112364 0.092674 0.075647 0.061113 0.048863 0.038667 0.030284 0.023475 0.018011 0.013677 0.010280 0.007647 0.005631 0.004104 0.002961 0.002114 0.001494 0.001046 0.000724 0.000496 0.000337 0.000226 0.000151 0.000099 0.000065 0.000042 0.000026 0.000017 0.000010 0.000006 0.000003 0.000000 
0.000000 0.000002 0.000005 0.000009 0.000015 0.000024 0.000037 0.000058 0.000091 0.000139 0.000211 0.000317 0.000472 0.000696 0.001015 0.001465 0.002093 0.002961 0.004145 0.005745 0.007881 0.010700 0.014380 0.019129 0.025186 0.032821 0.042333 0.054043 0.068282 0.085388 0.105680 0.129450 0.156933 0.188289 0.223582 0.262748 0.305588 0.351738 0.400672 0.451692 0.503938 0.556405 0.607969 0.657428 0.703540 0.745079 0.780886 0.809923 0.831323 0.844434 0.848850 0.844434 0.831323 0.809923 0.780886 0.745079 0.703540 0.657428 0.607969 0.556405 0.503938 0.451692 0.400672 0.351738 0.305588 0.262748 0.223582 0.188289 0.156933 0.129450 0.105680 0.085388 0.068282 0.054043 0.042333 0.032821 0.025186 0.019129 0.014380 0.010700 0.007881 0.005745 0.004145 0.002961 0.002093 0.001465 0.001015 0.000696 0.000472 0.000317 0.000211 0.000139 0.000091 0.000058 0.000037 0.000023 0.000014 0.000008 0.000004 0.000000 
0.000000 0.000003 0.000007 0.000012 0.000020 0.000033 0.000052 0.000081 0.000126 0.000193 0.000293 0.000441 0.000656 0.000966 0.001408 0.002032 0.002902 0.004104 0.005745 0.007960 0.010917 0.014820 0.019913 0.026484 0.034863 0.045424 0.058579 0.074769 0.094456 0.118100 0.146147 0.178994 0.216968 0.260289 0.309042 0.363141 0.422306 0.486039 0.553610 0.624055 0.696187 0.768619 0.839801 0.908073 0.971722 1.029056 1.078477 1.118552 1.148088 1.166183 1.172278 1.166183 1.148088 1.118552 1.078477 1.029056 0.971722 0.908073 0.839801 0.768619 0.696187 0.624055 0.553610 0.486039 0.422306 0.363141 0.309042 0.260289 0.216968 0.178994 0.146147 0.118100 0.094456 0.074769 0.058579 0.045424 0.034863 0.026484 0.019913 0.014820 0.010917 0.007960 0.005745 0.004104 0.002902 0.002032 0.001408 0.000966 0.000656 0.000441 0.000293 0.000193 0.000126 0.000081 0.000052 0.000032 0.000020 0.000011 0.000005 0.000000 
0.000000 0.000004 0.000009 0.000017 0.000028 0.000045 0.000071 0.000112 0.000173 0.000266 0.000403 0.000605 0.000901 0.001326 0.001933 0.002789 0.003983 0.005631 0.007881 0.010917 0.014969 0.020317 0.027294 0.036294 0.047769 0.062229 0.080238 0.102398 0.129340 0.161694 0.200066 0.245000 0.296941 0.356188 0.422857 0.496828 0.577719 0.664847 0.757213 0.853501 0.952087 1.051077 1.148353 1.241646 1.328618 1.406959 1.474484 1.529240 1.569594 1.594316 1.602643 1.594316 1.569594 1.529240 1.474484 1.406959 1.328618 1.241646 1.148353 1.051077 0.952087 0.853501 0.757213 0.664847 0.577719 0.496828 0.422857 0.356188 0.296941 0.245000 0.200066 0.161694 0.129340 0.102398 0.080238 0.062229 0.047769 0.036294 0.027294 0.020317 0.014969 0.010917 0.007881 0.005631 0.003983 0.002789 0.001933 0.001326 0.000901 0.000605 0.000403 0.000265 0.000173 0.000112 0.000071 0.000044 0.000027 0.000015 0.000007 0.000000 
0.000000 0.000006 0.000013 0.000023 0.000038 0.000061 0.000097 0.000152 0.000236 0.000361 0.000548 0.000823 0.001224 0.001802 0.002627 0.003789 0.005410 0.007647 0.010700 0.014820 0.020317 0.027570 0.037031 0.049233 0.064788 0.084387 0.108790 0.138815 0.175313 0.219138 0.271106 0.331954 0.402282 0.482494 0.572742 0.672866 0.782346 0.900256 1.025244 1.155529 1.288916 1.422839 1.554436 1.680638 1.798285 1.904251 1.995586 2.069646 2.124226 2.157663 2.168925 2.157663 2.124226 2.069646 1.995586 1.904251 1.798285 1.680638 1.554436 1.422839 1.288916 1.155529 1.025244 0.900256 0.782346 0.672866 0.572742 0.482494 0.402282 0.331954 0.271106 0.219138 0.175313 0.138815 0.108790 0.084387 0.064788 0.049233 0.037031 0.027570 0.020317 0.014820 0.010700 0.007647 0.005410 0.003789 0.002627 0.001802 0.001224 0.000823 0.000548 0.000361 0.000236 0.000152 0.000097 0.000061 0.000037 0.000021 0.000009 0.000000 
0.000000 0.000008 0.000017 0.000031 0.000051 0.000083 0.000131 0.000205 0.000317 0.000487 0.000738 0.001108 0.001648 0.002425 0.003533 0.005095 0.007274 0.010280 0.014380 0.019913 0.027294 0.037031 0.049731 0.066107 0.086978 0.113271 0.146006 0.186275 0.235219 0.293979 0.363650 0.445215 0.539476 0.646973 0.767907 0.902063 1.048740 1.206698 1.374125 1.548634 1.727284 1.906643 2.082876 2.251877 2.409413 2.551303 2.673598 2.772760 2.845838 2.890607 2.905686 2.890607 2.845838 2.772760 2.673598 2.551303 2.409413 2.251877 2.082876 1.906643 1.727284 1.548634 1.374125 1.206698 1.048740 0.902063 0.767907 0.646973 0.539476 0.445215 0.363650 0.293979 0.235219 0.186275 0.146006 0.113271 0.086978 0.066107 0.049731 0.037031 0.027294 0.019913 0.014380 0.010280 0.007274 0.005095 0.003533 0.002425 0.001648 0.001108 0.000738 0.000486 0.000317 0.000205 0.000130 0.000082 0.000050 0.000028 0.000013 0.000000 
0.000000 0.000010 0.000023 0.000041 0.000068 0.000110 0.000175 0.000273 0.000423 0.000648 0.000983 0.001477 0.002195 0.003229 0.004703 0.006782 0.009680 0.013677 0.019129 0.026484 0.036294 0.049233 0.066107 0.087860 0.115581 0.150497 0.193961 0.247423 0.312391 0.390379 0.482837 0.591066 0.716127 0.858733 1.019150 1.197087 1.391614 1.601085 1.823096 2.054480 2.291341 2.529126 2.762755 2.986785 3.195609 3.383686 3.545784 3.677218 3.774076 3.833413 3.853399 3.833413 3.774076 3.677218 3.545784 3.383686 3.195609 2.986785 2.762755 2.529126 2.291341 2.054480 1.823096 1.601085 1.391614 1.197087 1.019150 0.858733 0.716127 0.591066 0.482837 0.390379 0.312391 0.247423 0.193961 0.150497 0.115581 0.087860 0.066107 0.049233 0.036294 0.026484 0.019129 0.013677 0.009680 0.006782 0.004703 0.003229 0.002195 0.001476 0.000983 0.000648 0.000423 0.000273 0.000174 0.000109 0.000066 0.000037 0.000017 0.000000 
0.000000 0.000014 0.000031 0.000054 0.000090 0.000146 0.000231 0.000361 0.000558 0.000855 0.001297 0.001947 0.002893 0.004256 0.006197 0.008934 0.012750 0.018011 0.025186 0.034863 0.047769 0.064788 0.086978 0.115581 0.152025 0.197923 0.255047 0.325301 0.410665 0.513124 0.634578 0.776733 0.940977 1.128245 1.338880 1.572499 1.827877 2.102851 2.394265 2.697962 3.008827 3.320886 3.627476 3.921455 4.195469 4.442252 4.654940 4.827389 4.954471 5.032323 5.058545 5.032323 4.954471 4.827389 4.654940 4.442252 4.195469 3.921455 3.627476 3.320886 3.008827 2.697962 2.394265 2.102851 1.827877 1.572499 1.338880 1.128245 0.940977 0.776733 0.634578 0.513124 0.410665 0.325301 0.255047 0.197923 0.152025 0.115581 0.086978 0.064788 0.047769 0.034863 0.025186 0.018011 0.012750 0.008934 0.006197 0.004256 0.002893 0.001947 0.001297 0.000855 0.000558 0.000360 0.000230 0.000144 0.000087 0.000049 0.000022 0.000000 
0.000000 0.000018 0.000040 0.000071 0.000118 0.000190 0.000301 0.000471 0.000729 0.001117 0.001693 0.002540 0.003774 0.005551 0.008082 0.011649 0.016621 0.023475 0.032821 0.045424 0.062229 0.084387 0.113271 0.150497 0.197923 0.257640 0.331955 0.423339 0.534363 0.667604 0.825528 1.010349 1.223867 1.467291 1.741064 2.044683 2.376553 2.733861 3.112503 3.507079 3.910942 4.316336 4.714604 5.096473 5.452394 5.772933 6.049180 6.273159 6.438211 6.539323 6.573379 6.539323 6.438211 6.273159 6.049180 5.772933 5.452394 5.096473 4.714604 4.316336 3.910942 3.507079 3.112503 2.733861 2.376553 2.044683 1.741064 1.467291 1.223867 1.010349 0.825528 0.667604 0.534363 0.423339 0.331955 0.257640 0.197923 0.150497 0.113271 0.084387 0.062229 0.045424 0.032821 0.023475 0.016621 0.011649 0.008082 0.005551 0.003774 0.002540 0.001693 0.001116 0.000729 0.000470 0.000300 0.000188 0.000114 0.000065 0.000029 0.000000 
0.000000 0.000023 0.000052 0.000092 0.000153 0.000246 0.000389 0.000609 0.000942 0.001443 0.002187 0.003281 0.004874 0.007166 0.010432 0.015033 0.021445 0.030284 0.042333 0.058579 0.080238 0.108790 0.146006 0.193961 0.255047 0.331955 0.427650 0.545310 0.688239 0.859749 1.063009 1.300862 1.575618 1.888829 2.241055 2.631649 3.058551 3.518140 4.005138 4.512596 5.031968 5.553280 6.065404 6.556419 7.014054 7.426182 7.781352 8.069316 8.281515 8.411508 8.455291 8.411508 8.281515 8.069316 7.781352 7.426182 7.014054 6.556419 6.065404 5.553280 5.031968 4.512596 4.005138 3.518140 3.058551 2.631649 2.241055 1.888829 1.575618 1.300862 1.063009 0.859749 0.688239 0.545310 0.427650 0.331955 0.255047 0.193961 0.146006 0.108790 0.080238 0.058579 0.042333 0.030284 0.021445 0.015033 0.010432 0.007166 0.004874 0.003281 0.002187 0.001442 0.000942 0.000608 0.000388 0.000243 0.000148 0.000083 0.000038 0.000000 
0.000000 0.000030 0.000066 0.000118 0.000195 0.000315 0.000498 0.000779 0.001205 0.001845 0.002796 0.004194 0.006228 0.009157 0.013327 0.019201 0.027386 0.038667 0.054043 0.074769 0.102398 0.138815 0.186275 0.247423 0.325301 0.423339 0.545310 0.695258 0.877387 1.095913 1.354864 1.657856 2.007822 2.406731 2.855294 3.352676 3.896252 4.481406 5.101416 5.747435 6.408582 7.072166 7.724024 8.348988 8.931444 9.455965 9.907984 10.274462 10.544515 10.709946 10.765665 10.709946 10.544515 10.274462 9.907984 9.455965 8.931444 8.348988 7.724024 7.072166 6.408582 5.747435 5.101416 4.481406 3.896252 3.352676 2.855294 2.406731 2.007822 1.657856 1.354864 1.095913 0.877387 0.695258 0.545310 0.423339 0.325301 0.247423 0.186275 0.138815 0.102398 0.074769 0.054043 0.038667 0.027386 0.019201 0.013327 0.009157 0.006228 0.004194 0.002795 0.001844 0.001204 0.000778 0.000496 0.000311 0.000189 0.000107 0.000048 0.000000 
0.000000 0.000038 0.000084 0.000149 0.000248 0.000399 0.000631 0.000987 0.001526 0.002335 0.003537 0.005305 0.007877 0.011579 0.016849 0.024272 0.034613 0.048863 0.068282 0.094456 0.129340 0.175313 0.235219 0.312391 0.410665 0.534363 0.688239 0.877387 1.107106 1.382700 1.709243 2.091285 2.532515 3.035409 3.600851 4.227785 4.912892 5.650353 6.431693 7.245761 8.078848 8.914963 9.736269 10.523658 11.257466 11.918265 12.487711 12.949385 13.289580 13.497979 13.568170 13.497979 13.289580 12.949385 12.487711 11.918265 11.257466 10.523658 9.736269 8.914963 8.078848 7.245761 6.431693 5.650353 4.912892 4.227785 3.600851 3.035409 2.532515 2.091285 1.709243 1.382700 1.107106 0.877387 0.688239 0.534363 0.410665 0.312391 0.235219 0.175313 0.129340 0.094456 0.068282 0.048863 0.034613 0.024272 0.016849 0.011579 0.007877 0.005305 0.003537 0.002334 0.001525 0.000985 0.000628 0.000394 0.000239 0.000135 0.000061 0.000000 
0.000000 0.000047 0.000105 0.000187 0.000310 0.000500 0.000791 0.001236 0.001911 0.002924 0.004429 0.006642 0.009860 0.014491 0.021084 0.030367 0.043298 0.061113 0.085388 0.118100 0.161694 0.219138 0.293979 0.390379 0.513124 0.667604 0.859749 1.095913 1.382700 1.726724 2.134308 2.611118 3.161752 3.789284 4.494810 5.277003 6.131717 7.051685 8.026331 9.041744 10.080827 11.123638 12.147934 13.129894 14.045003 14.869041 15.579142 16.154840 16.579052 16.838914 16.926439 16.838914 16.579052 16.154840 15.579142 14.869041 14.045003 13.129894 12.147934 11.123638 10.080827 9.041744 8.026331 7.051685 6.131717 5.277003 4.494810 3.789284 3.161752 2.611118 2.134308 1.726724 1.382700 1.095913 0.859749 0.667604 0.513124 0.390379 0.293979 0.219138 0.161694 0.118100 0.085388 0.061113 0.043298 0.030367 0.021084 0.014491 0.009860 0.006642 0.004429 0.002923 0.001910 0.001234 0.000787 0.000494 0.000300 0.000170 0.000076 0.000000 
0.000000 0.000058 0.000130 0.000232 0.000385 0.000620 0.000981 0.001533 0.002369 0.003624 0.005489 0.008230 0.012215 0.017949 0.026110 0.037601 0.053603 0.075647 0.105680 0.146147 0.200066 0.271106 0.363650 0.482837 0.634578 0.825528 1.063009 1.354864 1.709243 2.134308 2.637857 3.226880 3.907042 4.682129 5.553483 6.519454 7.574915 8.710883 9.914297 11.167981 12.450824 13.738212 15.002692 16.214866 17.344480 18.361648 19.238156 19.948753 20.472358 20.793105 20.901135 20.793105 20.472358 19.948753 19.238156 18.361648 17.344480 16.214866 15.002692 13.738212 12.450824 11.167981 9.914297 8.710883 7.574915 6.519454 5.553483 4.682129 3.907042 3.226880 2.637857 2.134308 1.709243 1.354864 1.063009 0.825528 0.634578 0.482837 0.363650 0.271106 0.200066 0.146147 0.105680 0.075647 0.053603 0.037601 0.026110 0.017949 0.012215 0.008229 0.005488 0.003623 0.002367 0.001530 0.000976 0.000612 0.000372 0.000211 0.000095 0.000000 
0.000000 0.000072 0.000160 0.000285 0.000473 0.000761 0.001204 0.001880 0.002906 0.004446 0.006732 0.010091 0.014976 0.022002 0.032001 0.046077 0.065678 0.092674 0.129450 0.178994 0.245000 0.331954 0.445215 0.591066 0.776733 1.010349 1.300862 1.657856 2.091285 2.611118 3.226880 3.947102 4.778694 5.726274 6.791467 7.972245 9.262329 10.650735 12.121494 13.653611 15.221290 16.794456 18.339569 19.820717 21.200943 22.443745 23.514662 24.382854 25.022576 25.414449 25.546434 25.414449 25.022576 24.382854 23.514662 22.443745 21.200943 19.820717 18.339569 16.794456 15.221290 13.653611 12.121494 10.650735 9.262329 7.972245 6.791467 5.726274 4.778694 3.947102 3.226880 2.611118 2.091285 1.657856 1.300862 1.010349 0.776733 0.591066 0.445215 0.331954 0.245000 0.178994 0.129450 0.092674 0.065678 0.046077 0.032001 0.022002 0.014976 0.010091 0.006731 0.004445 0.002905 0.001877 0.001198 0.000751 0.000457 0.000259 0.000116 0.000000 
0.000000 0.000087 0.000195 0.000346 0.000574 0.000924 0.001462 0.002283 0.003529 0.005397 0.008170 0.012246 0.018170 0.026692 0.038816 0.055882 0.079643 0.112364 0.156933 0.216968 0.296941 0.402282 0.539476 0.716127 0.940977 1.223867 1.575618 2.007822 2.532515 3.161752 3.907042 4.778694 5.785057 6.931699 8.220574 9.649213 11.210009 12.889662 14.668850 16.522173 18.418429 20.321245 22.190062 23.981454 25.650738 27.153782 28.448920 29.498871 30.272512 30.746416 30.906029 30.746416 30.272512 29.498871 28.448920 27.153782 25.650738 23.981454 22.190062 20.321245 18.418429 16.522173 14.668850 12.889662 11.210009 9.649213 8.220574 6.931699 5.785057 4.778694 3.907042 3.161752 2.532515 2.007822 1.575618 1.223867 0.940977 0.716127 0.539476 0.402282 0.296941 0.216968 0.156933 0.112364 0.079643 0.055882 0.038816 0.026692 0.018170 0.012245 0.008170 0.005395 0.003526 0.002280 0.001455 0.000913 0.000555 0.000314 0.000141 0.000000 
0.000000 0.000105 0.000234 0.000417 0.000691 0.001111 0.001757 0.002744 0.004240 0.006483 0.009814 0.014706 0.021819 0.032046 0.046596 0.067074 0.095580 0.134833 0.188289 0.260289 0.356188 0.482494 0.646973 0.858733 1.128245 1.467291 1.888829 2.406731 3.035409 3.789284 4.682129 5.726274 6.931699 8.305057 9.848671 11.559566 13.428621 15.439901 17.570261 19.789286 22.059620 24.337720 26.575038 28.719600 30.717926 32.517201 34.067566 35.324406 36.250480 36.817754 37.008814 36.817754 36.250480 35.324406 34.067566 32.517201 30.717926 28.719600 26.575038 24.337720 22.059620 19.789286 17.570261 15.439901 13.428621 11.559566 9.848671 8.305057 6.931699 5.726274 4.682129 3.789284 3.035409 2.406731 1.888829 1.467291 1.128245 0.858733 0.646973 0.482494 0.356188 0.260289 0.188289 0.134833 0.095580 0.067074 0.046596 0.032046 0.021818 0.014706 0.009813 0.006481 0.004237 0.002739 0.001749 0.001097 0.000667 0.000378 0.000170 0.000000 
0.000000 0.000125 0.000279 0.000496 0.000822 0.001321 0.002090 0.003263 0.005041 0.007707 0.011665 0.017479 0.025928 0.038076 0.055357 0.079674 0.113522 0.160124 0.223582 0.309042 0.422857 0.572742 0.767907 1.019150 1.338880 1.741064 2.241055 2.855294 3.600851 4.494810 5.553483 6.791467 8.220574 9.848671 11.678490 13.706490 15.921844 18.305652 20.830479 23.460273 26.150768 28.850369 31.501555 34.042752 36.410608 38.542558 40.379544 41.868717 42.965969 43.638094 43.864468 43.638094 42.965969 41.868717 40.379544 38.542558 36.410608 34.042752 31.501555 28.850369 26.150768 23.460273 20.830479 18.305652 15.921844 13.706490 11.678490 9.848671 8.220574 6.791467 5.553483 4.494810 3.600851 2.855294 2.241055 1.741064 1.338880 1.019150 0.767907 0.572742 0.422857 0.309042 0.223582 0.160124 0.113522 0.079674 0.055357 0.038076 0.025927 0.017478 0.011664 0.007705 0.005038 0.003258 0.002080 0.001305 0.000794 0.000450 0.000202 0.000000 
0.000000 0.000147 0.000328 0.000584 0.000967 0.001555 0.002459 0.003840 0.005931 0.009067 0.013722 0.020558 0.030491 0.044772 0.065084 0.093663 0.133439 0.188195 0.262748 0.363141 0.496828 0.672866 0.902063 1.197087 1.572499 2.044683 2.631649 3.352676 4.227785 5.277003 6.519454 7.972245 9.649213 11.559566 13.706490 16.085810 18.684807 21.481298 24.443089 27.527888 30.683773 33.850230 36.959805 39.940293 42.717409 45.217793 47.372202 49.118675 50.405496 51.193737 51.459218 51.193737 50.405496 49.118675 47.372202 45.217793 42.717409 39.940293 36.959805 33.850230 30.683773 27.527888 24.443089 21.481298 18.684807 16.085810 13.706490 11.559566 9.649213 7.972245 6.519454 5.277003 4.227785 3.352676 2.631649 2.044683 1.572499 1.197087 0.902063 0.672866 0.496828 0.363141 0.262748 0.188195 0.133439 0.093663 0.065084 0.044772 0.030491 0.020557 0.013720 0.009065 0.005928 0.003834 0.002448 0.001536 0.000935 0.000529 0.000238 0.000000 
0.000000 0.000171 0.000382 0.000680 0.001127 0.001812 0.002864 0.004472 0.006906 0.010557 0.015973 0.023928 0.035486 0.052100 0.075728 0.108969 0.155227 0.218901 0.305588 0.422306 0.577719 0.782346 1.048740 1.391614 1.827877 2.376553 3.058551 3.896252 4.912892 6.131717 7.574915 9.262329 11.210009 13.428621 15.921844 18.684807 21.702724 24.949824 28.388717 31.970297 35.634281 39.310423 42.920423 46.380475 49.604359 52.506937 55.007848 57.035188 58.528941 59.443933 59.752102 59.443933 58.528941 57.035188 55.007848 52.506937 49.604359 46.380475 42.920423 39.310423 35.634281 31.970297 28.388717 24.949824 21.702724 18.684807 15.921844 13.428621 11.210009 9.262329 7.574915 6.131717 4.912892 3.896252 3.058551 2.376553 1.827877 1.391614 1.048740 0.782346 0.577719 0.422306 0.305588 0.218901 0.155227 0.108969 0.075728 0.052100 0.035485 0.023927 0.015972 0.010554 0.006902 0.004464 0.002851 0.001789 0.001089 0.000617 0.000278 0.000000 
0.000000 0.000198 0.000441 0.000784 0.001299 0.002089 0.003301 0.005154 0.007958 0.012163 0.018401 0.027562 0.040870 0.059999 0.087200 0.125463 0.178705 0.251984 0.351738 0.486039 0.664847 0.900256 1.206698 1.601085 2.102851 2.733861 3.518140 4.481406 5.650353 7.051685 8.710883 10.650735 12.889662 15.439901 18.305652 21.481298 24.949824 28.681598 32.633640 36.749515 40.959949 45.184230 49.332395 53.308164 57.012488 60.347564 63.221080 65.550441 67.266709 68.317995 68.672068 68.317995 67.266709 65.550441 63.221080 60.347564 57.012488 53.308164 49.332395 45.184230 40.959949 36.749515 32.633640 28.681598 24.949824 21.481298 18.305652 15.439901 12.889662 10.650735 8.710883 7.051685 5.650353 4.481406 3.518140 2.733861 2.102851 1.601085 1.206698 0.900256 0.664847 0.486039 0.351738 0.251984 0.178705 0.125463 0.087200 0.059999 0.040870 0.027561 0.018400 0.012160 0.007953 0.005145 0.003286 0.002063 0.001255 0.000711 0.000320 0.000000 
0.000000 0.000226 0.000503 0.000894 0.001482 0.002382 0.003765 0.005877 0.009074 0.013867 0.020978 0.031417 0.046583 0.068378 0.099368 0.142956 0.203603 0.287065 0.400672 0.553610 0.757213 1.025244 1.374125 1.823096 2.394265 3.112503 4.005138 5.101416 6.431693 8.026331 9.914297 12.121494 14.668850 17.570261 20.830479 24.443089 28.388717 32.633640 37.128960 41.810480 46.599410 51.403957 56.121816 60.643503 64.856392 68.649277 71.917198 74.566246 76.518043 77.713594 78.116254 77.713594 76.518043 74.566246 71.917198 68.649277 64.856392 60.643503 56.121816 51.403957 46.599410 41.810480 37.128960 32.633640 28.388717 24.443089 20.830479 17.570261 14.668850 12.121494 9.914297 8.026331 6.431693 5.101416 4.005138 3.112503 2.394265 1.823096 1.374125 1.025244 0.757213 0.553610 0.400672 0.287065 0.203603 0.142956 0.099368 0.068378 0.046582 0.031416 0.020976 0.013864 0.009068 0.005867 0.003748 0.002353 0.001432 0.000811 0.000365 0.000000 
0.000000 0.000255 0.000568 0.001010 0.001673 0.002689 0.004250 0.006632 0.010239 0.015646 0.023666 0.035440 0.052542 0.077119 0.112059 0.161201 0.229567 0.323646 0.451692 0.624055 0.853501 1.155529 1.548634 2.054480 2.697962 3.507079 4.512596 5.747435 7.245761 9.041744 11.167981 13.653611 16.522173 19.789286 23.460273 27.527888 31.970297 36.749515 41.810480 47.080915 52.472121 57.880772 63.191716 68.281722 73.024035 77.293498 80.971988 83.953823 86.150798 87.496523 87.949760 87.496523 86.150798 83.953823 80.971988 77.293498 73.024035 68.281722 63.191716 57.880772 52.472121 47.080915 41.810480 36.749515 31.970297 27.527888 23.460273 19.789286 16.522173 13.653611 11.167981 9.041744 7.245761 5.747435 4.512596 3.507079 2.697962 2.054480 1.548634 1.155529 0.853501 0.624055 0.451692 0.323646 0.229567 0.161200 0.112059 0.077118 0.052541 0.035439 0.023664 0.015642 0.010233 0.006621 0.004230 0.002656 0.001616 0.000916 0.000412 0.000000 
0.000000 0.000285 0.000635 0.001128 0.001869 0.003003 0.004746 0.007406 0.011433 0.017468 0.026421 0.039562 0.058647 0.086073 0.125060 0.179887 0.256159 0.361107 0.503938 0.696187 0.952087 1.288916 1.727284 2.291341 3.008827 3.910942 5.031968 6.408582 8.078848 10.080827 12.450824 15.221290 18.418429 22.059620 26.150768 30.683773 35.634281 40.959949 46.599410 52.472121 58.479253 64.505683 70.423123 76.094291 81.377980 86.134774 90.233093 93.555216 96.002893 97.502175 98.007128 97.502175 96.002893 93.555216 90.233093 86.134774 81.377980 76.094291 70.423123 64.505683 58.479253 52.472121 46.599410 40.959949 35.634281 30.683773 26.150768 22.059620 18.418429 15.221290 12.450824 10.080827 8.078848 6.408582 5.031968 3.910942 3.008827 2.291341 1.727284 1.288916 0.952087 0.696187 0.503938 0.361107 0.256159 0.179887 0.125059 0.086072 0.058647 0.039560 0.026418 0.017464 0.011426 0.007394 0.004724 0.002966 0.001806 0.001023 0.000461 0.000000 
0.000000 0.000315 0.000702 0.001247 0.002065 0.003320 0.005245 0.008184 0.012633 0.019300 0.029189 0.043703 0.064782 0.095068 0.138119 0.198657 0.282867 0.398730 0.556405 0.768619 1.051077 1.422839 1.906643 2.529126 3.320886 4.316336 5.553280 7.072166 8.914963 11.123638 13.738212 16.794456 20.321245 24.337720 28.850369 33.850230 39.310423 45.184230 51.403957 57.880772 64.505683 71.151739 77.677475 83.931518 89.758174 95.003723 99.523092 103.186490 105.885595 107.538878 108.095698 107.538878 105.885595 103.186490 99.523092 95.003723 89.758174 83.931518 77.677475 71.151739 64.505683 57.880772 51.403957 45.184230 39.310423 33.850230 28.850369 24.337720 20.321245 16.794456 13.738212 11.123638 8.914963 7.072166 5.553280 4.316336 3.320886 2.529126 1.906643 1.422839 1.051077 0.768619 0.556405 0.398730 0.282867 0.198657 0.138119 0.095067 0.064781 0.043702 0.029186 0.019295 0.012625 0.008170 0.005221 0.003278 0.001996 0.001131 0.000509 0.000000 
0.000000 0.000344 0.000768 0.001364 0.002259 0.003631 0.005736 0.008950 0.013813 0.021101 0.031911 0.047775 0.070813 0.103911 0.150957 0.217108 0.309119 0.435709 0.607969 0.839801 1.148353 1.554436 2.082876 2.762755 3.627476 4.714604 6.065404 7.724024 9.736269 12.147934 15.002692 18.339569 22.190062 26.575038 31.501555 36.959805 42.920423 49.332395 56.121816 63.191716 70.423123 77.677475 84.800375 91.626618 97.986287 103.711626 108.644318 112.642726 115.588642 117.393098 118.000830 117.393098 115.588642 112.642726 108.644318 103.711626 97.986287 91.626618 84.800375 77.677475 70.423123 63.191716 56.121816 49.332395 42.920423 36.959805 31.501555 26.575038 22.190062 18.339569 15.002692 12.147934 9.736269 7.724024 6.065404 4.714604 3.627476 2.762755 2.082876 1.554436 1.148353 0.839801 0.607969 0.435709 0.309119 0.217108 0.150957 0.103911 0.070812 0.047773 0.031908 0.021096 0.013804 0.008934 0.005709 0.003585 0.002183 0.001237 0.000557 0.000000 
