0.000000 0.000000 0.000000 0.000000 0.000000 0.000000 0.000000 0.000000 0.000000 0.000000 0.000000 0.000000 0.000000 0.000000 0.000000 0.000000 0.000000 0.000000 0.000000 0.000000 0.000000 0.000000 0.000000 0.000000 0.000000 0.000000 0.000000 0.000000 0.000000 0.000000 0.000000 0.000000 0.000000 0.000000 0.000000 0.000000 0.000000 0.000000 0.000000 0.000000 0.000000 0.000000 0.000000 0.000000 0.000000 0.000000 0.000000 0.000000 0.000000 0.000000 0.000000 0.000000 0.000000 0.000000 0.000000 0.000000 0.000000 0.000000 0.000000 0.000000 0.000000 0.000000 0.000000 0.000000 0.000000 0.000000 0.000000 0.000000 0.000000 0.000000 0.000000 0.000000 0.000000 0.000000 0.000000 0.000000 0.000000 0.000000 0.000000 0.000000 0.000000 0.000000 0.000000 0.000000 0.000000 0.000000 0.000000 0.000000 0.000000 0.000000 0.000000 0.000000 0.000000 0.000000 0.000000 0.000000 0.000000 0.000000 0.000000 0.000000 
0.000000 0.000000 0.000000 0.000000 0.000000 0.000000 0.000000 0.000000 0.000001 0.000001 0.000001 0.000002 0.000003 0.000004 0.000005 0.000007 0.000010 0.000013 0.000017 0.000023 0.000031 0.000040 0.000052 0.000067 0.000085 0.000107 0.000134 0.000166 0.000204 0.000248 0.000299 0.000358 0.000423 0.000497 0.000578 0.000665 0.000760 0.000859 0.000963 0.001070 0.001178 0.001285 0.001389 0.001487 0.001578 0.001660 0.001730 0.001786 0.001827 0.001852 0.001861 0.001852 0.001827 0.001786 0.001730 0.001660 0.001578 0.001487 0.001389 0.001285 0.001178 0.001070 0.000963 0.000859 0.000760 0.000665 0.000578 0.000497 0.000423 0.000358 0.000299 0.000248 0.000204 0.000166 0.000134 0.000107 0.000085 0.000067 0.000052 0.000040 0.000031 0.000023 0.000017 0.000013 0.000010 0.000007 0.000005 0.000004 0.000003 0.000002 0.000001 0.000001 0.000001 0.000000 0.000000 0.000000 0.000000 0.000000 0.000000 0.000000 
0.000000 0.000000 0.000000 0.000000 0.000000 0.000000 0.000001 0.000001 0.000001 0.000002 0.000003 0.000004 0.000006 0.000008 0.000011 0.000015 0.000021 0.000028 0.000038 0.000050 0.000067 0.000087 0.000113 0.000145 0.000185 0.000233 0.000291 0.000361 0.000443 0.000539 0.000650 0.000777 0.000920 0.001079 0.001255 0.001445 0.001650 0.001867 0.002092 0.002324 0.002558 0.002791 0.003016 0.003230 0.003428 0.003605 0.003756 0.003878 0.003968 0.004023 0.004041 0.004023 0.003968 0.003878 0.003756 0.003605 0.003428 0.003230 0.003016 0.002791 0.002558 0.002324 0.002092 0.001867 0.001650 0.001445 0.001255 0.001079 0.000920 0.000777 0.000650 0.000539 0.000443 0.000361 0.000291 0.000233 0.000185 0.000145 0.000113 0.000087 0.000067 0.000050 0.000038 0.000028 0.000021 0.000015 0.000011 0.000008 0.000006 0.000004 0.000003 0.000002 0.000001 0.000001 0.000001 0.000000 0.000000 0.000000 0.000000 0.000000 
0.000000 0.000000 0.000000 0.000000 0.000000 0.000001 0.000001 0.000002 0.000002 0.000003 0.000005 0.000007 0.000010 0.000014 0.000019 0.000026 0.000036 0.000048 0.000065 0.000086 0.000114 0.000149 0.000193 0.000248 0.000316 0.000399 0.000498 0.000617 0.000758 0.000922 0.001111 0.001328 0.001572 0.001844 0.002144 0.002470 0.002819 0.003189 0.003575 0.003971 0.004370 0.004767 0.005152 0.005517 0.005855 0.006157 0.006415 0.006624 0.006777 0.006870 0.006902 0.006870 0.006777 0.006624 0.006415 0.006157 0.005855 0.005517 0.005152 0.004767 0.004370 0.003971 0.003575 0.003189 0.002819 0.002470 0.002144 0.001844 0.001572 0.001328 0.001111 0.000922 0.000758 0.000617 0.000498 0.000399 0.000316 0.000248 0.000193 0.000149 0.000114 0.000086 0.000065 0.000048 0.000036 0.000026 0.000019 0.000014 0.000010 0.000007 0.000005 0.000003 0.000002 0.000002 0.000001 0.000001 0.000000 0.000000 0.000000 0.000000 
0.000000 0.000000 0.000000 0.000000 0.000001 0.000001 0.000002 0.000002 0.000004 0.000005 0.000008 0.000011 0.000015 0.000021 0.000030 0.000041 0.000056 0.000076 0.000103 0.000137 0.000180 0.000236 0.000306 0.000392 0.000500 0.000630 0.000788 0.000976 0.001197 0.001457 0.001756 0.002098 0.002483 0.002913 0.003386 0.003900 0.004452 0.005036 0.005644 0.006269 0.006900 0.007525 0.008132 0.008709 0.009242 0.009718 0.010125 0.010454 0.010696 0.010844 0.010893 0.010844 0.010696 0.010454 0.010125 0.009718 0.009242 0.008709 0.008132 0.007525 0.006900 0.006269 0.005644 0.005036 0.004452 0.003900 0.003386 0.002913 0.002483 0.002098 0.001756 0.001457 0.001197 0.000976 0.000788 0.000630 0.000500 0.000392 0.000306 0.000236 0.000180 0.000137 0.000103 0.000076 0.000056 0.000041 0.000030 0.000021 0.000015 0.000011 0.000008 0.000005 0.000004 0.000002 0.000002 0.000001 0.000001 0.000000 0.000000 0.000000 
0.000000 0.000000 0.000000 0.000001 0.000001 0.000002 0.000003 0.000004 0.000005 0.000008 0.000012 0.000016 0.000023 0.000033 0.000046 0.000063 0.000086 0.000117 0.000157 0.000209 0.000276 0.000360 0.000467 0.000600 0.000763 0.000962 0.001203 0.001489 0.001828 0.002223 0.002680 0.003201 0.003789 0.004444 0.005165 0.005950 0.006791 0.007681 0.008608 0.009561 0.010522 0.011475 0.012400 0.013279 0.014091 0.014816 0.015437 0.015939 0.016307 0.016531 0.016607 0.016531 0.016307 0.015939 0.015437 0.014816 0.014091 0.013279 0.012400 0.011475 0.010522 0.009561 0.008608 0.007681 0.006791 0.005950 0.005165 0.004444 0.003789 0.003201 0.002680 0.002223 0.001828 0.001489 0.001203 0.000962 0.000763 0.000600 0.000467 0.000360 0.000276 0.000209 0.000157 0.000117 0.000086 0.000063 0.000046 0.000033 0.000023 0.000016 0.000012 0.000008 0.000005 0.000004 0.000002 0.000002 0.000001 0.000001 0.000000 0.000000 
0.000000 0.000000 0.000001 0.000001 0.000002 0.000003 0.000004 0.000006 0.000008 0.000012 0.000017 0.000025 0.000035 0.000049 0.000069 0.000095 0.000129 0.000175 0.000236 0.000313 0.000413 0.000540 0.000700 0.000899 0.001144 0.001442 0.001802 0.002232 0.002739 0.003330 0.004014 0.004794 0.005673 0.006654 0.007733 0.008906 0.010164 0.011495 0.012883 0.014307 0.015744 0.017169 0.018553 0.019867 0.021080 0.022165 0.023094 0.023843 0.024393 0.024729 0.024843 0.024729 0.024393 0.023843 0.023094 0.022165 0.021080 0.019867 0.018553 0.017169 0.015744 0.014307 0.012883 0.011495 0.010164 0.008906 0.007733 0.006654 0.005673 0.004794 0.004014 0.003330 0.002739 0.002232 0.001802 0.001442 0.001144 0.000899 0.000700 0.000540 0.000413 0.000313 0.000236 0.000175 0.000129 0.000095 0.000069 0.000049 0.000035 0.000025 0.000017 0.000012 0.000008 0.000006 0.000004 0.000002 0.000002 0.000001 0.000000 0.000000 
0.000000 0.000000 0.000001 0.000002 0.000002 0.000004 0.000006 0.000008 0.000012 0.000018 0.000026 0.000037 0.000052 0.000073 0.000102 0.000140 0.000192 0.000260 0.000349 0.000464 0.000612 0.000800 0.001036 0.001330 0.001692 0.002134 0.002666 0.003301 0.004050 0.004925 0.005935 0.007087 0.008386 0.009834 0.011429 0.013161 0.015019 0.016984 0.019033 0.021135 0.023258 0.025361 0.027404 0.029343 0.031134 0.032735 0.034106 0.035212 0.036024 0.036520 0.036687 0.036520 0.036024 0.035212 0.034106 0.032735 0.031134 0.029343 0.027404 0.025361 0.023258 0.021135 0.019033 0.016984 0.015019 0.013161 0.011429 0.009834 0.008386 0.007087 0.005935 0.004925 0.004050 0.003301 0.002666 0.002134 0.001692 0.001330 0.001036 0.000800 0.000612 0.000464 0.000349 0.000260 0.000192 0.000140 0.000102 0.000073 0.000052 0.000037 0.000026 0.000018 0.000012 0.000008 0.000006 0.000004 0.000002 0.000001 0.000001 0.000000 
0.000000 0.000001 0.000001 0.000002 0.000004 0.000005 0.000008 0.000012 0.000018 0.000026 0.000038 0.000054 0.000076 0.000107 0.000149 0.000206 0.000281 0.000381 0.000511 0.000680 0.000897 0.001172 0.001518 0.001948 0.002478 0.003124 0.003903 0.004832 0.005928 0.007207 0.008683 0.010368 0.012268 0.014385 0.016715 0.019247 0.021962 0.024834 0.027828 0.030900 0.034000 0.037073 0.040057 0.042889 0.045506 0.047844 0.049847 0.051462 0.052648 0.053372 0.053616 0.053372 0.052648 0.051462 0.049847 0.047844 0.045506 0.042889 0.040057 0.037073 0.034000 0.030900 0.027828 0.024834 0.021962 0.019247 0.016715 0.014385 0.012268 0.010368 0.008683 0.007207 0.005928 0.004832 0.003903 0.003124 0.002478 0.001948 0.001518 0.001172 0.000897 0.000680 0.000511 0.000381 0.000281 0.000206 0.000149 0.000107 0.000076 0.000054 0.000038 0.000026 0.000018 0.000012 0.000008 0.000005 0.000003 0.000002 0.000001 0.000000 
0.000000 0.000001 0.000002 0.000003 0.000005 0.000008 0.000012 0.000018 0.000026 0.000038 0.000055 0.000078 0.000111 0.000156 0.000217 0.000299 0.000409 0.000553 0.000743 0.000988 0.001302 0.001701 0.002203 0.002827 0.003595 0.004531 0.005660 0.007006 0.008594 0.010447 0.012586 0.015026 0.017777 0.020843 0.024217 0.027883 0.031814 0.035971 0.040304 0.044750 0.049237 0.053684 0.058002 0.062101 0.065887 0.069270 0.072167 0.074504 0.076220 0.077268 0.077620 0.077268 0.076220 0.074504 0.072167 0.069270 0.065887 0.062101 0.058002 0.053684 0.049237 0.044750 0.040304 0.035971 0.031814 0.027883 0.024217 0.020843 0.017777 0.015026 0.012586 0.010447 0.008594 0.007006 0.005660 0.004531 0.003595 0.002827 0.002203 0.001701 0.001302 0.000988 0.000743 0.000553 0.000409 0.000299 0.000217 0.000156 0.000111 0.000078 0.000055 0.000038 0.000026 0.000018 0.000012 0.000008 0.000005 0.000003 0.000001 0.000000 
0.000000 0.000001 0.000003 0.000005 0.000008 0.000012 0.000017 0.000026 0.000038 0.000055 0.000079 0.000113 0.000160 0.000225 0.000312 0.000430 0.000588 0.000796 0.001069 0.001421 0.001873 0.002447 0.003168 0.004064 0.005168 0.006513 0.008133 0.010066 0.012347 0.015008 0.018078 0.021580 0.025529 0.029928 0.034769 0.040029 0.045669 0.051632 0.057847 0.064225 0.070660 0.077038 0.083231 0.089108 0.094537 0.099388 0.103542 0.106893 0.109353 0.110856 0.111361 0.110856 0.109353 0.106893 0.103542 0.099388 0.094537 0.089108 0.083231 0.077038 0.070660 0.064225 0.057847 0.051632 0.045669 0.040029 0.034769 0.029928 0.025529 0.021580 0.018078 0.015008 0.012347 0.010066 0.008133 0.006513 0.005168 0.004064 0.003168 0.002447 0.001873 0.001421 0.001069 0.000796 0.000588 0.000430 0.000312 0.000225 0.000160 0.000113 0.000079 0.000055 0.000038 0.000026 0.000017 0.000011 0.000007 0.000004 0.000002 0.000000 
0.000000 0.000002 0.000004 0.000007 0.000011 0.000016 0.000025 0.000037 0.000054 0.000078 0.000113 0.000161 0.000229 0.000321 0.000446 0.000614 0.000839 0.001136 0.001524 0.002026 0.002670 0.003488 0.004514 0.005791 0.007363 0.009277 0.011584 0.014336 0.017581 0.021367 0.025736 0.030718 0.036336 0.042593 0.049478 0.056958 0.064977 0.073456 0.082292 0.091359 0.100507 0.109573 0.118376 0.126729 0.134445 0.141340 0.147244 0.152006 0.155502 0.157637 0.158356 0.157637 0.155502 0.152006 0.147244 0.141340 0.134445 0.126729 0.118376 0.109573 0.100507 0.091359 0.082292 0.073456 0.064977 0.056958 0.049478 0.042593 0.036336 0.030718 0.025736 0.021367 0.017581 0.014336 0.011584 0.009277 0.007363 0.005791 0.004514 0.003488 0.002670 0.002026 0.001524 0.001136 0.000839 0.000614 0.000446 0.000321 0.000229 0.000161 0.000113 0.000078 0.000054 0.000037 0.000025 0.000016 0.000010 0.000006 0.000003 0.000000 
0.000000 0.000003 0.000006 0.000010 0.000015 0.000023 0.000035 0.000052 0.000076 0.000111 0.000160 0.000229 0.000323 0.000454 0.000631 0.000869 0.001186 0.001606 0.002154 0.002864 0.003773 0.004927 0.006377 0.008179 0.010398 0.013099 0.016354 0.020236 0.024814 0.030154 0.036315 0.043341 0.051261 0.060083 0.069789 0.080333 0.091636 0.103586 0.116038 0.128814 0.141705 0.154479 0.166881 0.178651 0.189521 0.199234 0.207551 0.214259 0.219184 0.222192 0.223204 0.222192 0.219184 0.214259 0.207551 0.199234 0.189521 0.178651 0.166881 0.154479 0.141705 0.128814 0.116038 0.103586 0.091636 0.080333 0.069789 0.060083 0.051261 0.043341 0.036315 0.030154 0.024814 0.020236 0.016354 0.013099 0.010398 0.008179 0.006377 0.004927 0.003773 0.002864 0.002154 0.001606 0.001186 0.000869 0.000631 0.000454 0.000323 0.000229 0.000160 0.000111 0.000076 0.000052 0.000035 0.000023 0.000015 0.000009 0.000004 0.000000 
0.000000 0.000004 0.000008 0.000014 0.000021 0.000033 0.000049 0.000073 0.000107 0.000156 0.000225 0.000321 0.000454 0.000636 0.000884 0.001218 0.001663 0.002250 0.003018 0.004011 0.005284 0.006900 0.008928 0.011450 0.014554 0.018332 0.022885 0.028313 0.034714 0.042180 0.050792 0.060613 0.071683 0.084011 0.097574 0.112306 0.128097 0.144792 0.162187 0.180032 0.198038 0.215878 0.233200 0.249636 0.264816 0.278380 0.289994 0.299361 0.306237 0.310438 0.311852 0.310438 0.306237 0.299361 0.289994 0.278380 0.264816 0.249636 0.233200 0.215878 0.198038 0.180032 0.162187 0.144792 0.128097 0.112306 0.097574 0.084011 0.071683 0.060613 0.050792 0.042180 0.034714 0.028313 0.022885 0.018332 0.014554 0.011450 0.008928 0.006900 0.005284 0.004011 0.003018 0.002250 0.001663 0.001218 0.000884 0.000636 0.000454 0.000321 0.000225 0.000156 0.000107 0.000073 0.000049 0.000032 0.000020 0.000012 0.000006 0.000000 
0.000000 0.000005 0.000011 0.000019 0.000030 0.000046 0.000069 0.000102 0.000149 0.000217 0.000312 0.000446 0.000631 0.000884 0.001228 0.001692 0.002310 0.003125 0.004190 0.005569 0.007336 0.009577 0.012390 0.015888 0.020191 0.025430 0.031742 0.039265 0.048137 0.058483 0.070417 0.084023 0.099359 0.116436 0.135222 0.155625 0.177495 0.200613 0.224699 0.249408 0.274338 0.299036 0.323016 0.345768 0.366781 0.385557 0.401633 0.414599 0.424116 0.429931 0.431887 0.429931 0.424116 0.414599 0.401633 0.385557 0.366781 0.345768 0.323016 0.299036 0.274338 0.249408 0.224699 0.200613 0.177495 0.155625 0.135222 0.116436 0.099359 0.084023 0.070417 0.058483 0.048137 0.039265 0.031742 0.025430 0.020191 0.015888 0.012390 0.009577 0.007336 0.005569 0.004190 0.003125 0.002310 0.001692 0.001228 0.000884 0.000631 0.000446 0.000312 0.000217 0.000149 0.000101 0.000068 0.000045 0.000029 0.000017 0.000008 0.000000 
0.000000 0.000007 0.000015 0.000026 0.000041 0.000063 0.000095 0.000140 0.000206 0.000299 0.000430 0.000614 0.000869 0.001218 0.001692 0.002330 0.003180 0.004302 0.005767 0.007664 0.010093 0.013175 0.017043 0.021851 0.027765 0.034965 0.043638 0.053975 0.066162 0.080375 0.096765 0.115451 0.136509 0.159958 0.185750 0.213761 0.243781 0.275515 0.308574 0.342486 0.376699 0.410592 0.443499 0.474720 0.503553 0.529315 0.551373 0.569162 0.582220 0.590198 0.592882 0.590198 0.582220 0.569162 0.551373 0.529315 0.503553 0.474720 0.443499 0.410592 0.376699 0.342486 0.308574 0.275515 0.243781 0.213761 0.185750 0.159958 0.136509 0.115451 0.096765 0.080375 0.066162 0.053975 0.043638 0.034965 0.027765 0.021851 0.017043 0.013175 0.010093 0.007664 0.005767 0.004302 0.003180 0.002330 0.001692 0.001218 0.000869 0.000614 0.000430 0.000299 0.000206 0.000140 0.000094 0.000062 0.000039 0.000023 0.000011 0.000000 
0.000000 0.000010 0.000021 0.000036 0.000056 0.000086 0.000129 0.000192 0.000281 0.000409 0.000588 0.000839 0.001186 0.001663 0.002310 0.003180 0.004339 0.005869 0.007868 0.010453 0.013765 0.017964 0.023236 0.029787 0.037845 0.047652 0.059464 0.073541 0.090137 0.109487 0.131801 0.157238 0.185901 0.217815 0.252915 0.291032 0.331880 0.375057 0.420034 0.466169 0.512710 0.558815 0.603575 0.646041 0.685257 0.720297 0.750295 0.774490 0.792248 0.803099 0.806748 0.803099 0.792248 0.774490 0.750295 0.720297 0.685257 0.646041 0.603575 0.558815 0.512710 0.466169 0.420034 0.375057 0.331880 0.291032 0.252915 0.217815 0.185901 0.157238 0.131801 0.109487 0.090137 0.073541 0.059464 0.047652 0.037845 0.029787 0.023236 0.017964 0.013765 0.010453 0.007868 0.005869 0.004339 0.003180 0.002310 0.001663 0.001186 0.000839 0.000588 0.000408 0.000281 0.000191 0.000128 0.000085 0.000054 0.000032 0.000015 0.000000 
0.000000 0.000013 0.000028 0.000048 0.000076 0.000117 0.000175 0.000260 0.000381 0.000553 0.000796 0.001136 0.001606 0.002250 0.003125 0.004302 0.005869 0.007937 0.010638 0.014132 0.018606 0.024279 0.031400 0.040247 0.051127 0.064368 0.080315 0.099317 0.121716 0.147831 0.177940 0.212262 0.250934 0.293988 0.341336 0.392748 0.447842 0.506072 0.566727 0.628939 0.691695 0.753861 0.814210 0.871464 0.924336 0.971574 1.012015 1.044632 1.068572 1.083199 1.088119 1.083199 1.068572 1.044632 1.012015 0.971574 0.924336 0.871464 0.814210 0.753861 0.691695 0.628939 0.566727 0.506072 0.447842 0.392748 0.341336 0.293988 0.250934 0.212262 0.177940 0.147831 0.121716 0.099317 0.080315 0.064368 0.051127 0.040247 0.031400 0.024279 0.018606 0.014132 0.010638 0.007937 0.005869 0.004302 0.003125 0.002250 0.001606 0.001136 0.000796 0.000553 0.000380 0.000259 0.000174 0.000115 0.000073 0.000043 0.000020 0.000000 
0.000000 0.000017 0.000038 0.000065 0.000103 0.000157 0.000236 0.000349 0.000511 0.000743 0.001069 0.001524 0.002154 0.003018 0.004190 0.005767 0.007868 0.010638 0.014256 0.018935 0.024927 0.032523 0.042056 0.053898 0.068460 0.086180 0.107519 0.132942 0.162907 0.197840 0.238113 0.284016 0.335731 0.393302 0.456609 0.525346 0.599000 0.676841 0.757919 0.841074 0.924952 1.008037 1.088690 1.165205 1.235859 1.298984 1.353026 1.396610 1.428599 1.448144 1.454718 1.448144 1.428599 1.396610 1.353026 1.298984 1.235859 1.165205 1.088690 1.008037 0.924952 0.841074 0.757919 0.676841 0.599000 0.525346 0.456609 0.393302 0.335731 0.284016 0.238113 0.197840 0.162907 0.132942 0.107519 0.086180 0.068460 0.053898 0.042056 0.032523 0.024927 0.018935 0.014256 0.010638 0.007868 0.005767 0.004190 0.003018 0.002154 0.001524 0.001068 0.000742 0.000511 0.000348 0.000234 0.000154 0.000098 0.000058 0.000027 0.000000 
0.000000 0.000023 0.000050 0.000086 0.000137 0.000209 0.000313 0.000464 0.000680 0.000988 0.001421 0.002026 0.002864 0.004011 0.005569 0.007664 0.010453 0.014132 0.018935 0.025147 0.033099 0.043180 0.055829 0.071541 0.090859 0.114363 0.142664 0.176379 0.216113 0.262430 0.315821 0.376671 0.445219 0.521524 0.605425 0.696516 0.794116 0.897257 1.004682 1.114852 1.225975 1.336041 1.442883 1.544238 1.637827 1.721441 1.793021 1.850749 1.893119 1.919006 1.927714 1.919006 1.893119 1.850749 1.793021 1.721441 1.637827 1.544238 1.442883 1.336041 1.225975 1.114852 1.004682 0.897257 0.794116 0.696516 0.605425 0.521524 0.445219 0.376671 0.315821 0.262430 0.216113 0.176379 0.142664 0.114363 0.090859 0.071541 0.055829 0.043180 0.033099 0.025147 0.018935 0.014132 0.010453 0.007664 0.005569 0.004011 0.002863 0.002026 0.001421 0.000987 0.000679 0.000463 0.000311 0.000205 0.000130 0.000077 0.000035 0.000000 
0.000000 0.000031 0.000067 0.000114 0.000180 0.000276 0.000413 0.000612 0.000897 0.001302 0.001873 0.002670 0.003773 0.005284 0.007336 0.010093 0.013765 0.018606 0.024927 0.033099 0.043561 0.056820 0.073456 0.094118 0.119517 0.150419 0.187623 0.231939 0.284160 0.345028 0.415187 0.495139 0.585200 0.685442 0.795657 0.915307 1.043499 1.178960 1.320040 1.464717 1.610637 1.755165 1.895452 2.028531 2.151410 2.261188 2.355166 2.430955 2.486580 2.520565 2.531997 2.520565 2.486580 2.430955 2.355166 2.261188 2.151410 2.028531 1.895452 1.755165 1.610637 1.464717 1.320040 1.178960 1.043499 0.915307 0.795657 0.685442 0.585200 0.495139 0.415187 0.345028 0.284160 0.231939 0.187623 0.150419 0.119517 0.094118 0.073456 0.056820 0.043561 0.033099 0.024927 0.018606 0.013765 0.010093 0.007336 0.005284 0.003773 0.002670 0.001873 0.001301 0.000896 0.000610 0.000410 0.000270 0.000172 0.000101 0.000047 0.000000 
0.000000 0.000040 0.000087 0.000149 0.000236 0.000360 0.000540 0.000800 0.001172 0.001701 0.002447 0.003488 0.004927 0.006900 0.009577 0.013175 0.017964 0.024279 0.032523 0.043180 0.056820 0.074105 0.095791 0.122721 0.155822 0.196090 0.244563 0.302298 0.370327 0.449610 0.540988 0.645112 0.762391 0.892919 1.036422 1.192200 1.359087 1.535429 1.719073 1.907391 2.097319 2.285425 2.468006 2.641199 2.801113 2.943974 3.066270 3.164895 3.237281 3.281505 3.296381 3.281505 3.237281 3.164895 3.066270 2.943974 2.801113 2.641199 2.468006 2.285425 2.097319 1.907391 1.719073 1.535429 1.359087 1.192200 1.036422 0.892919 0.762391 0.645112 0.540988 0.449610 0.370327 0.302298 0.244563 0.196090 0.155822 0.122721 0.095791 0.074105 0.056820 0.043180 0.032523 0.024279 0.017964 0.013175 0.009577 0.006900 0.004927 0.003487 0.002446 0.001700 0.001171 0.000797 0.000536 0.000354 0.000225 0.000132 0.000061 0.000000 
0.000000 0.000052 0.000113 0.000193 0.000306 0.000467 0.000700 0.001036 0.001518 0.002203 0.003168 0.004514 0.006377 0.008928 0.012390 0.017043 0.023236 0.031400 0.042056 0.055829 0.073456 0.095791 0.123807 0.158596 0.201352 0.253359 0.315958 0.390510 0.478345 0.580703 0.698664 0.833070 0.984444 1.152908 1.338103 1.539126 1.754473 1.982006 2.218948 2.461909 2.706936 2.949603 3.185134 3.408546 3.614823 3.799099 3.956844 4.084055 4.177420 4.234461 4.253648 4.234461 4.177420 4.084055 3.956844 3.799099 3.614823 3.408546 3.185134 2.949603 2.706936 2.461909 2.218948 1.982006 1.754473 1.539126 1.338103 1.152908 0.984444 0.833070 0.698664 0.580703 0.478345 0.390510 0.315958 0.253359 0.201352 0.158596 0.123807 0.095791 0.073456 0.055829 0.042056 0.031400 0.023236 0.017043 0.012390 0.008928 0.006377 0.004514 0.003167 0.002202 0.001516 0.001033 0.000695 0.000458 0.000292 0.000171 0.000079 0.000000 
0.000000 0.000067 0.000145 0.000248 0.000392 0.000600 0.000899 0.001330 0.001948 0.002827 0.004064 0.005791 0.008179 0.011450 0.015888 0.021851 0.029787 0.040247 0.053898 0.071541 0.094118 0.122721 0.158596 0.203137 0.257875 0.324448 0.404572 0.499986 0.612391 0.743370 0.894302 1.066261 1.259915 1.475416 1.712305 1.969423 2.244846 2.535838 2.838849 3.149541 3.462861 3.773152 4.074306 4.359957 4.623692 4.859291 5.060967 5.223603 5.342965 5.415889 5.440418 5.415889 5.342965 5.223603 5.060967 4.859291 4.623692 4.359957 4.074306 3.773152 3.462861 3.149541 2.838849 2.535838 2.244846 1.969423 1.712305 1.475416 1.259915 1.066261 0.894302 0.743370 0.612391 0.499986 0.404572 0.324448 0.257875 0.203137 0.158596 0.122721 0.094118 0.071541 0.053898 0.040247 0.029787 0.021851 0.015888 0.011450 0.008179 0.005791 0.004063 0.002825 0.001946 0.001326 0.000892 0.000588 0.000375 0.000220 0.000102 0.000000 
0.000000 0.000085 0.000185 0.000316 0.000500 0.000763 0.001144 0.001692 0.002478 0.003595 0.005168 0.007363 0.010398 0.014554 0.020191 0.027765 0.037845 0.051127 0.068460 0.090859 0.119517 0.155822 0.201352 0.257875 0.327329 0.411792 0.513438 0.634471 0.777043 0.943160 1.134568 1.352626 1.598176 1.871409 2.171741 2.497700 2.846843 3.215704 3.599781 3.993576 4.390685 4.783940 5.165602 5.527605 5.861826 6.160383 6.415948 6.622038 6.773290 6.865697 6.896779 6.865697 6.773290 6.622038 6.415948 6.160383 5.861826 5.527605 5.165602 4.783940 4.390685 3.993576 3.599781 3.215704 2.846843 2.497700 2.171741 1.871409 1.598176 1.352626 1.134568 0.943160 0.777043 0.634471 0.513438 0.411792 0.327329 0.257875 0.201352 0.155822 0.119517 0.090859 0.068460 0.051127 0.037844 0.027765 0.020191 0.014553 0.010397 0.007362 0.005167 0.003593 0.002475 0.001687 0.001135 0.000749 0.000477 0.000280 0.000129 0.000000 
0.000000 0.000107 0.000233 0.000399 0.000630 0.000962 0.001442 0.002134 0.003124 0.004531 0.006513 0.009277 0.013099 0.018332 0.025430 0.034965 0.047652 0.064368 0.086180 0.114363 0.150419 0.196090 0.253359 0.324448 0.411792 0.518002 0.645807 0.797974 0.977206 1.186020 1.426608 1.700672 2.009268 2.352633 2.730027 3.139601 3.578282 4.041713 4.524238 5.018951 5.517806 6.011802 6.491220 6.945930 7.365731 7.740729 8.061721 8.320568 8.510538 8.626598 8.665636 8.626598 8.510538 8.320568 8.061721 7.740729 7.365731 6.945930 6.491220 6.011802 5.517806 5.018951 4.524238 4.041713 3.578282 3.139601 2.730027 2.352633 2.009268 1.700672 1.426608 1.186020 0.977206 0.797974 0.645807 0.518002 0.411792 0.324448 0.253359 0.196090 0.150419 0.114363 0.086180 0.064368 0.047652 0.034965 0.025430 0.018332 0.013098 0.009276 0.006511 0.004528 0.003120 0.002127 0.001431 0.000944 0.000601 0.000354 0.000163 0.000000 
0.000000 0.000134 0.000291 0.000498 0.000788 0.001203 0.001802 0.002666 0.003903 0.005660 0.008133 0.011584 0.016354 0.022885 0.031742 0.043638 0.059464 0.080315 0.107519 0.142664 0.187623 0.244563 0.315958 0.404572 0.513438 0.645807 0.805075 0.994686 1.218005 1.478163 1.777883 2.119285 2.503676 2.931349 3.401379 3.911457 4.457757 5.034850 5.635693 6.251686 6.872813 7.487866 8.084751 8.650858 9.173490 9.640336 10.039941 10.362176 10.598664 10.743144 10.791740 10.743144 10.598664 10.362176 10.039941 9.640336 9.173490 8.650858 8.084751 7.487866 6.872813 6.251686 5.635693 5.034850 4.457757 3.911457 3.401379 2.931349 2.503676 2.119285 1.777883 1.478163 1.218005 0.994686 0.805075 0.645807 0.513438 0.404572 0.315958 0.244563 0.187623 0.142664 0.107519 0.080315 0.059464 0.043638 0.031741 0.022885 0.016354 0.011583 0.008131 0.005656 0.003897 0.002657 0.001788 0.001180 0.000752 0.000442 0.000204 0.000000 
0.000000 0.000166 0.000361 0.000617 0.000976 0.001489 0.002232 0.003301 0.004832 0.007006 0.010066 0.014336 0.020236 0.028313 0.039265 0.053975 0.073541 0.099317 0.132942 0.176379 0.231939 0.302298 0.390510 0.499986 0.634471 0.797974 0.994686 1.228857 1.504634 1.825881 2.195954 2.617464 3.092020 3.619977 4.200190 4.829807 5.504098 6.216364 6.957909 7.718120 8.484640 9.243638 9.980194 10.678750 11.323645 11.899691 12.392759 12.790357 13.082150 13.260416 13.320377 13.260416 13.082150 12.790357 12.392759 11.899691 11.323645 10.678750 9.980194 9.243638 8.484640 7.718120 6.957909 6.216364 5.504098 4.829807 4.200190 3.619977 3.092020 2.617464 2.195954 1.825881 1.504634 1.228857 0.994686 0.797974 0.634471 0.499986 0.390510 0.302298 0.231939 0.176379 0.132942 0.099317 0.073541 0.053975 0.039265 0.028312 0.020235 0.014334 0.010064 0.007001 0.004825 0.003290 0.002214 0.001461 0.000931 0.000547 0.000253 0.000000 
0.000000 0.000204 0.000443 0.000758 0.001197 0.001828 0.002739 0.004050 0.005928 0.008594 0.012347 0.017581 0.024814 0.034714 0.048137 0.066162 0.090137 0.121716 0.162907 0.216113 0.284160 0.370327 0.478345 0.612391 0.777043 0.977206 1.218005 1.504634 1.842167 2.235323 2.688203 3.203996 3.784665 4.430638 5.140509 5.910783 6.735672 7.606976 8.514060 9.443941 10.381504 11.309838 12.210696 13.065054 13.853767 14.558262 15.161266 15.647507 16.004352 16.222359 16.295686 16.222359 16.004352 15.647507 15.161266 14.558262 13.853767 13.065054 12.210696 11.309838 10.381504 9.443941 8.514060 7.606976 6.735672 5.910783 5.140509 4.430638 3.784665 3.203996 2.688203 2.235323 1.842167 1.504634 1.218005 0.977206 0.777043 0.612391 0.478345 0.370327 0.284160 0.216113 0.162907 0.121716 0.090137 0.066162 0.048136 0.034713 0.024813 0.017579 0.012344 0.008589 0.005919 0.004037 0.002717 0.001793 0.001143 0.000672 0.000310 0.000000 
0.000000 0.000248 0.000539 0.000922 0.001457 0.002223 0.003330 0.004925 0.007207 0.010447 0.015008 0.021367 0.030154 0.042180 0.058483 0.080375 0.109487 0.147831 0.197840 0.262430 0.345028 0.449610 0.580703 0.743370 0.943160 1.186020 1.478163 1.825881 2.235323 2.712205 3.261495 3.887052 4.591249 5.374598 6.235390 7.169379 8.169546 9.225944 10.325678 11.453008 12.589613 13.714995 14.807037 15.842687 16.798739 17.652691 18.383609 18.972988 19.405520 19.669764 19.758644 19.669764 19.405520 18.972988 18.383609 17.652691 16.798739 15.842687 14.807037 13.714995 12.589613 11.453008 10.325678 9.225944 8.169546 7.169379 6.235390 5.374598 4.591249 3.887052 3.261495 2.712205 2.235323 1.825881 1.478163 1.186020 0.943160 0.743370 0.580703 0.449610 0.345028 0.262430 0.197840 0.147830 0.109487 0.080374 0.058483 0.042179 0.030153 0.021365 0.015004 0.010441 0.007197 0.004908 0.003304 0.002181 0.001390 0.000818 0.000378 0.000000 
0.000000 0.000299 0.000650 0.001111 0.001756 0.002680 0.004014 0.005935 0.008683 0.012586 0.018078 0.025736 0.036315 0.050792 0.070417 0.096765 0.131801 0.177940 0.238113 0.315821 0.415187 0.540988 0.698664 0.894302 1.134568 1.426608 1.777883 2.195954 2.688203 3.261495 3.921792 4.673724 5.520136 6.461635 7.496159 8.618601 9.820519 11.089959 12.411423 13.766000 15.131677 16.483828 17.795886 19.040161 20.188780 21.214715 22.092825 22.800884 23.320509 23.637958 23.744733 23.637958 23.320509 22.800884 22.092825 21.214715 20.188780 19.040161 17.795886 16.483828 15.131677 13.766000 12.411423 11.089959 9.820519 8.618601 7.496159 6.461635 5.520136 4.673724 3.921792 3.261495 2.688203 2.195954 1.777883 1.426608 1.134568 0.894302 0.698664 0.540988 0.415187 0.315821 0.238113 0.177940 0.131800 0.096764 0.070416 0.050791 0.036313 0.025733 0.018073 0.012578 0.008671 0.005915 0.003982 0.002629 0.001675 0.000986 0.000455 0.000000 
0.000000 0.000358 0.000777 0.001328 0.002098 0.003201 0.004794 0.007087 0.010368 0.015026 0.021580 0.030718 0.043341 0.060613 0.084023 0.115451 0.157238 0.212262 0.284016 0.376671 0.495139 0.645112 0.833070 1.066261 1.352626 1.700672 2.119285 2.617464 3.203996 3.887052 4.673724 5.569519 6.577817 7.699331 8.931597 10.268526 11.700057 13.211951 14.785747 16.398924 18.025268 19.635461 21.197869 22.679527 24.047254 25.268872 26.314456 27.157546 27.776261 28.154245 28.281380 28.154245 27.776261 27.157546 26.314456 25.268872 24.047254 22.679527 21.197869 19.635461 18.025268 16.398924 14.785747 13.211951 11.700057 10.268526 8.931597 7.699331 6.577817 5.569519 4.673724 3.887052 3.203996 2.617464 2.119285 1.700672 1.352626 1.066261 0.833070 0.645112 0.495139 0.376671 0.284016 0.212262 0.157238 0.115451 0.084023 0.060612 0.043339 0.030715 0.021575 0.015017 0.010353 0.007063 0.004755 0.003140 0.002001 0.001177 0.000544 0.000000 
0.000000 0.000423 0.000920 0.001572 0.002483 0.003789 0.005673 0.008386 0.012268 0.017777 0.025529 0.036336 0.051261 0.071683 0.099359 0.136509 0.185901 0.250934 0.335731 0.445219 0.585200 0.762391 0.984444 1.259915 1.598176 2.009268 2.503676 3.092020 3.784665 4.591249 5.520136 6.577817 7.768271 9.092330 10.547078 12.125317 13.815167 15.599813 17.457464 19.361538 21.281097 23.181541 25.025544 26.774204 28.388372 29.830082 31.064026 32.058987 32.789150 33.235215 33.385250 33.235215 32.789150 32.058987 31.064026 29.830082 28.388372 26.774204 25.025544 23.181541 21.281097 19.361538 17.457464 15.599813 13.815167 12.125317 10.547078 9.092330 7.768271 6.577817 5.520136 4.591249 3.784665 3.092020 2.503676 2.009268 1.598176 1.259915 0.984444 0.762391 0.585200 0.445219 0.335731 0.250933 0.185901 0.136509 0.099358 0.071681 0.051259 0.036332 0.025523 0.017767 0.012250 0.008358 0.005628 0.003717 0.002369 0.001394 0.000644 0.000000 
0.000000 0.000497 0.001079 0.001844 0.002913 0.004444 0.006654 0.009834 0.014385 0.020843 0.029928 0.042593 0.060083 0.084011 0.116436 0.159958 0.217815 0.293988 0.393302 0.521524 0.685442 0.892919 1.152908 1.475416 1.871409 2.352633 2.931349 3.619977 4.430638 5.374598 6.461635 7.699331 9.092330 10.641597 12.343707 14.190232 16.167265 18.255131 20.428334 22.655778 24.901275 27.124354 29.281361 31.326800 33.214888 34.901226 36.344527 37.508285 38.362315 38.884051 39.059536 38.884051 38.362315 37.508285 36.344527 34.901226 33.214888 31.326800 29.281361 27.124354 24.901275 22.655778 20.428334 18.255131 16.167265 14.190232 12.343707 10.641597 9.092330 7.699331 6.461635 5.374598 4.430638 3.619977 2.931349 2.352633 1.871409 1.475416 1.152908 0.892919 0.685442 0.521524 0.393301 0.293987 0.217815 0.159958 0.116435 0.084010 0.060081 0.042588 0.029921 0.020831 0.014364 0.009801 0.006600 0.004359 0.002779 0.001635 0.000755 0.000000 
0.000000 0.000578 0.001255 0.002144 0.003386 0.005165 0.007733 0.011429 0.016715 0.024217 0.034769 0.049478 0.069789 0.097574 0.135222 0.185750 0.252915 0.341336 0.456609 0.605425 0.795657 1.036422 1.338103 1.712305 2.171741 2.730027 3.401379 4.200190 5.140509 6.235390 7.496159 8.931597 10.547078 12.343707 14.317503 16.458683 18.751115 21.171979 23.691714 26.274264 28.877677 31.455037 33.955741 36.327056 38.515913 40.470855 42.144027 43.493122 44.483155 45.087973 45.291403 45.087973 44.483155 43.493122 42.144027 40.470855 38.515913 36.327056 33.955741 31.455037 28.877677 26.274264 23.691714 21.171979 18.751115 16.458683 14.317503 12.343707 10.547078 8.931597 7.496159 6.235390 5.140509 4.200190 3.401379 2.730027 2.171741 1.712305 1.338103 1.036422 0.795657 0.605425 0.456609 0.341335 0.252915 0.185750 0.135221 0.097572 0.069786 0.049473 0.034761 0.024202 0.016691 0.011390 0.007671 0.005067 0.003230 0.001901 0.000878 0.000000 
0.000000 0.000665 0.001445 0.002470 0.003900 0.005950 0.008906 0.013161 0.019247 0.027883 0.040029 0.056958 0.080333 0.112306 0.155625 0.213761 0.291032 0.392748 0.525346 0.696516 0.915307 1.192200 1.539126 1.969423 2.497700 3.139601 3.911457 4.829807 5.910783 7.169379 8.618601 10.268526 12.125317 14.190232 16.458683 18.919419 21.553889 24.335868 27.231380 30.198997 33.190512 36.152025 39.025398 41.750050 44.265018 46.511190 48.433595 49.983635 51.121124 51.816021 52.049749 51.816021 51.121124 49.983635 48.433595 46.511190 44.265018 41.750050 39.025398 36.152025 33.190512 30.198997 27.231380 24.335868 21.553889 18.919419 16.458683 14.190232 12.125317 10.268526 8.618601 7.169379 5.910783 4.829807 3.911457 3.139601 2.497700 1.969423 1.539126 1.192200 0.915307 0.696516 0.525346 0.392748 0.291031 0.213760 0.155624 0.112303 0.080329 0.056952 0.040019 0.027866 0.019220 0.013116 0.008834 0.005836 0.003721 0.002189 0.001012 0.000000 
0.000000 0.000760 0.001650 0.002819 0.004452 0.006791 0.010164 0.015019 0.021962 0.031814 0.045669 0.064977 0.091636 0.128097 0.177495 0.243781 0.331880 0.447842 0.599000 0.794116 1.043499 1.359087 1.754473 2.244846 2.846843 3.578282 4.457757 5.504098 6.735672 8.169546 9.820519 11.700057 13.815167 16.167265 18.751115 21.553889 24.554453 27.722931 31.020625 34.400352 37.807219 41.179848 44.452038 47.554814 50.418763 52.976586 55.165697 56.930768 58.226048 59.017336 59.283484 59.017336 58.226048 56.930768 55.165697 52.976586 50.418763 47.554814 44.452038 41.179848 37.807219 34.400352 31.020625 27.722931 24.554453 21.553889 18.751115 16.167265 13.815167 11.700057 9.820519 8.169546 6.735672 5.504098 4.457757 3.578282 2.846843 2.244846 1.754473 1.359087 1.043499 0.794116 0.599000 0.447842 0.331880 0.243780 0.177493 0.128095 0.091631 0.064970 0.045657 0.031795 0.021931 0.014968 0.010082 0.006661 0.004247 0.002499 0.001155 0.000000 
0.000000 0.000859 0.001867 0.003189 0.005036 0.007681 0.011495 0.016984 0.024834 0.035971 0.051632 0.073456 0.103586 0.144792 0.200613 0.275515 0.375057 0.506072 0.676841 0.897257 1.178960 1.535429 1.982006 2.535838 3.215704 4.041713 5.034850 6.216364 7.606976 9.225944 11.089959 13.211951 15.599813 18.255131 21.171979 24.335868 27.722931 31.299437 35.021706 38.836481 42.681805 46.488410 50.181589 53.683500 56.915820 59.802604 62.273232 64.265273 65.727104 66.620136 66.920504 66.620136 65.727104 64.265273 62.273232 59.802604 56.915820 53.683500 50.181589 46.488410 42.681805 38.836481 35.021706 31.299437 27.722931 24.335868 21.171979 18.255131 15.599813 13.211951 11.089959 9.225944 7.606976 6.216364 5.034850 4.041713 3.215704 2.535838 1.982006 1.535429 1.178960 0.897257 0.676841 0.506071 0.375056 0.275514 0.200612 0.144789 0.103581 0.073448 0.051619 0.035949 0.024799 0.016927 0.011403 0.007533 0.004804 0.002827 0.001306 0.000000 
0.000000 0.000963 0.002092 0.003575 0.005644 0.008608 0.012883 0.019033 0.027828 0.040304 0.057847 0.082292 0.116038 0.162187 0.224699 0.308574 0.420034 0.566727 0.757919 1.004682 1.320040 1.719073 2.218948 2.838849 3.599781 4.524238 5.635693 6.957909 8.514060 10.325678 12.411423 14.785747 17.457464 20.428334 23.691714 27.231380 31.020625 35.021706 39.185755 43.453197 47.754728 52.012868 56.144060 60.061244 63.676821 66.905856 69.669371 71.897549 73.532656 74.531538 74.867509 74.531538 73.532656 71.897549 69.669371 66.905856 63.676821 60.061244 56.144060 52.012868 47.754728 43.453197 39.185755 35.021706 31.020625 27.231380 23.691714 20.428334 17.457464 14.785747 12.411423 10.325678 8.514060 6.957909 5.635693 4.524238 3.599781 2.838849 2.218948 1.719073 1.320040 1.004682 0.757919 0.566727 0.420034 0.308573 0.224698 0.162184 0.116033 0.082284 0.057832 0.040279 0.027788 0.018968 0.012779 0.008443 0.005384 0.003169 0.001464 0.000000 
0.000000 0.001070 0.002324 0.003971 0.006269 0.009561 0.014307 0.021135 0.030900 0.044750 0.064225 0.091359 0.128814 0.180032 0.249408 0.342486 0.466169 0.628939 0.841074 1.114852 1.464717 1.907391 2.461909 3.149541 3.993576 5.018951 6.251686 7.718120 9.443941 11.453008 13.766000 16.398924 19.361538 22.655778 26.274264 30.198997 34.400352 38.836481 43.453197 48.184450 52.953410 57.674186 62.254152 66.596805 70.605044 74.184725 77.248311 79.718413 81.531043 82.638370 83.010815 82.638370 81.531043 79.718413 77.248311 74.184725 70.605044 66.596805 62.254152 57.674186 52.953410 48.184450 43.453197 38.836481 34.400352 30.198997 26.274264 22.655778 19.361538 16.398924 13.766000 11.453008 9.443941 7.718120 6.251686 5.018951 3.993576 3.149541 2.461909 1.907391 1.464717 1.114852 0.841074 0.628939 0.466168 0.342485 0.249406 0.180029 0.128808 0.091349 0.064208 0.044723 0.030855 0.021064 0.014191 0.009377 0.005980 0.003520 0.001626 0.000000 
0.000000 0.001178 0.002558 0.004370 0.006900 0.010522 0.015744 0.023258 0.034000 0.049237 0.070660 0.100507 0.141705 0.198038 0.274338 0.376699 0.512710 0.691695 0.924952 1.225975 1.610637 2.097319 2.706936 3.462861 4.390685 5.517806 6.872813 8.484640 10.381504 12.589613 15.131677 18.025268 21.281097 24.901275 28.877677 33.190512 37.807219 42.681805 47.754728 52.953410 58.193437 63.380441 68.412660 73.184073 77.588008 81.521043 84.887011 87.600902 89.592422 90.809028 91.218228 90.809028 89.592422 87.600902 84.887011 81.521043 77.588008 73.184073 68.412660 63.380441 58.193437 52.953410 47.754728 42.681805 37.807219 33.190512 28.877677 24.901275 21.281097 18.025268 15.131677 12.589613 10.381504 8.484640 6.872813 5.517806 4.390685 3.462861 2.706936 2.097318 1.610637 1.225974 0.924952 0.691695 0.512709 0.376697 0.274335 0.198034 0.141699 0.100496 0.070642 0.049207 0.033951 0.023178 0.015617 0.010320 0.006582 0.003874 0.001790 0.000000 
0.000000 0.001285 0.002791 0.004767 0.007525 0.011475 0.017169 0.025361 0.037073 0.053684 0.077038 0.109573 0.154479 0.215878 0.299036 0.410592 0.558815 0.753861 1.008037 1.336041 1.755165 2.285425 2.949603 3.773152 4.783940 6.011802 7.487866 9.243638 11.309838 13.714995 16.483828 19.635461 23.181541 27.124354 31.455037 36.152025 41.179848 46.488410 52.012868 57.674186 63.380441 69.028878 74.508692 79.704445 84.499993 88.782731 92.447957 95.403115 97.571674 98.896428 99.342002 98.896428 97.571674 95.403115 92.447957 88.782731 84.499993 79.704445 74.508692 69.028878 63.380441 57.674186 52.012868 46.488410 41.179848 36.152025 31.455037 27.124354 23.181541 19.635461 16.483828 13.714995 11.309838 9.243638 7.487866 6.011802 4.783940 3.773152 2.949603 2.285425 1.755165 1.336041 1.008036 0.753860 0.558814 0.410591 0.299033 0.215874 0.154471 0.109561 0.077018 0.053651 0.037019 0.025275 0.017031 0.011254 0.007178 0.004225 0.001953 0.000000 
0.000000 0.001389 0.003016 0.005152 0.008132 0.012400 0.018553 0.027404 0.040057 0.058002 0.083231 0.118376 0.166881 0.233200 0.323016 0.443499 0.603575 0.814210 1.088690 1.442883 1.895452 2.468006 3.185134 4.074306 5.165602 6.491220 8.084751 9.980194 12.210696 14.807037 17.795886 21.197869 25.025544 29.281361 33.955741 39.025398 44.452038 50.181589 56.144060 62.254152 68.412660 74.508692 80.422673 86.030032 91.205437 95.827378 99.782874 102.972051 105.312331 106.741984 107.222840 106.741984 105.312331 102.972051 99.782874 95.827378 91.205437 86.030032 80.422673 74.508692 68.412660 62.254152 56.144060 50.181589 44.452038 39.025398 33.955741 29.281361 25.025544 21.197869 17.795886 14.807037 12.210696 9.980194 8.084751 6.491220 5.165602 4.074306 3.185134 2.468006 1.895452 1.442882 1.088690 0.814210 0.603574 0.443497 0.323013 0.233195 0.166874 0.118363 0.083209 0.057967 0.039999 0.027311 0.018403 0.012162 0.007757 0.004566 0.002110 0.000000 
