0.000000 0.000000 0.000000 0.000000 0.000000 0.000000 0.000000 0.000000 0.000000 0.000000 0.000000 0.000000 0.000000 0.000000 0.000000 0.000000 0.000000 0.000000 0.000000 0.000000 0.000000 0.000000 0.000000 0.000000 0.000000 0.000000 0.000000 0.000000 0.000000 0.000000 0.000000 0.000000 0.000000 0.000000 0.000000 0.000000 0.000000 0.000000 0.000000 0.000000 0.000000 0.000000 0.000000 0.000000 0.000000 0.000000 0.000000 0.000000 0.000000 0.000000 0.000000 0.000000 0.000000 0.000000 0.000000 0.000000 0.000000 0.000000 0.000000 0.000000 0.000000 0.000000 0.000000 0.000000 0.000000 0.000000 0.000000 0.000000 0.000000 0.000000 0.000000 0.000000 0.000000 0.000000 0.000000 0.000000 0.000000 0.000000 0.000000 0.000000 0.000000 0.000000 0.000000 0.000000 0.000000 0.000000 0.000000 0.000000 0.000000 0.000000 0.000000 0.000000 0.000000 0.000000 0.000000 0.000000 0.000000 0.000000 0.000000 0.000000 
0.000000 0.000000 0.000000 0.000000 0.000000 0.000000 0.000000 0.000000 0.000000 0.000000 0.000000 0.000000 0.000000 0.000000 0.000000 0.000000 0.000000 0.000000 0.000000 0.000000 0.000000 0.000000 0.000000 0.000000 0.000000 0.000000 0.000000 0.000000 0.000000 0.000000 0.000000 0.000000 0.000000 0.000000 0.000000 0.000000 0.000000 0.000000 0.000000 0.000000 0.000000 0.000000 0.000001 0.000001 0.000001 0.000001 0.000001 0.000001 0.000001 0.000001 0.000001 0.000001 0.000001 0.000001 0.000001 0.000001 0.000001 0.000001 0.000001 0.000000 0.000000 0.000000 0.000000 0.000000 0.000000 0.000000 0.000000 0.000000 0.000000 0.000000 0.000000 0.000000 0.000000 0.000000 0.000000 0.000000 0.000000 0.000000 0.000000 0.000000 0.000000 0.000000 0.000000 0.000000 0.000000 0.000000 0.000000 0.000000 0.000000 0.000000 0.000000 0.000000 0.000000 0.000000 0.000000 0.000000 0.000000 0.000000 0.000000 0.000000 
0.000000 0.000000 0.000000 0.000000 0.000000 0.000000 0.000000 0.000000 0.000000 0.000000 0.000000 0.000000 0.000000 0.000000 0.000000 0.000000 0.000000 0.000000 0.000000 0.000000 0.000000 0.000000 0.000000 0.000000 0.000000 0.000000 0.000000 0.000000 0.000000 0.000000 0.000000 0.000000 0.000000 0.000000 0.000000 0.000000 0.000000 0.000001 0.000001 0.000001 0.000001 0.000001 0.000001 0.000002 0.000002 0.000002 0.000002 0.000002 0.000002 0.000003 0.000003 0.000003 0.000002 0.000002 0.000002 0.000002 0.000002 0.000002 0.000001 0.000001 0.000001 0.000001 0.000001 0.000001 0.000000 0.000000 0.000000 0.000000 0.000000 0.000000 0.000000 0.000000 0.000000 0.000000 0.000000 0.000000 0.000000 0.000000 0.000000 0.000000 0.000000 0.000000 0.000000 0.000000 0.000000 0.000000 0.000000 0.000000 0.000000 0.000000 0.000000 0.000000 0.000000 0.000000 0.000000 0.000000 0.000000 0.000000 0.000000 0.000000 
0.000000 0.000000 0.000000 0.000000 0.000000 0.000000 0.000000 0.000000 0.000000 0.000000 0.000000 0.000000 0.000000 0.000000 0.000000 0.000000 0.000000 0.000000 0.000000 0.000000 0.000000 0.000000 0.000000 0.000000 0.000000 0.000000 0.000000 0.000000 0.000000 0.000000 0.000000 0.000000 0.000000 0.000000 0.000001 0.000001 0.000001 0.000001 0.000002 0.000002 0.000002 0.000003 0.000003 0.000004 0.000004 0.000005 0.000005 0.000005 0.000005 0.000006 0.000006 0.000006 0.000005 0.000005 0.000005 0.000005 0.000004 0.000004 0.000003 0.000003 0.000002 0.000002 0.000002 0.000001 0.000001 0.000001 0.000001 0.000000 0.000000 0.000000 0.000000 0.000000 0.000000 0.000000 0.000000 0.000000 0.000000 0.000000 0.000000 0.000000 0.000000 0.000000 0.000000 0.000000 0.000000 0.000000 0.000000 0.000000 0.000000 0.000000 0.000000 0.000000 0.000000 0.000000 0.000000 0.000000 0.000000 0.000000 0.000000 0.000000 
0.000000 0.000000 0.000000 0.000000 0.000000 0.000000 0.000000 0.000000 0.000000 0.000000 0.000000 0.000000 0.000000 0.000000 0.000000 0.000000 0.000000 0.000000 0.000000 0.000000 0.000000 0.000000 0.000000 0.000000 0.000000 0.000000 0.000000 0.000000 0.000000 0.000000 0.000000 0.000001 0.000001 0.000001 0.000001 0.000002 0.000002 0.000003 0.000003 0.000004 0.000005 0.000006 0.000007 0.000008 0.000009 0.000009 0.000010 0.000011 0.000011 0.000012 0.000012 0.000012 0.000011 0.000011 0.000010 0.000009 0.000009 0.000008 0.000007 0.000006 0.000005 0.000004 0.000003 0.000003 0.000002 0.000002 0.000001 0.000001 0.000001 0.000001 0.000000 0.000000 0.000000 0.000000 0.000000 0.000000 0.000000 0.000000 0.000000 0.000000 0.000000 0.000000 0.000000 0.000000 0.000000 0.000000 0.000000 0.000000 0.000000 0.000000 0.000000 0.000000 0.000000 0.000000 0.000000 0.000000 0.000000 0.000000 0.000000 0.000000 
0.000000 0.000000 0.000000 0.000000 0.000000 0.000000 0.000000 0.000000 0.000000 0.000000 0.000000 0.000000 0.000000 0.000000 0.000000 0.000000 0.000000 0.000000 0.000000 0.000000 0.000000 0.000000 0.000000 0.000000 0.000000 0.000000 0.000000 0.000000 0.000000 0.000001 0.000001 0.000001 0.000002 0.000002 0.000003 0.000004 0.000005 0.000006 0.000007 0.000009 0.000010 0.000012 0.000014 0.000016 0.000018 0.000019 0.000021 0.000022 0.000023 0.000024 0.000024 0.000024 0.000023 0.000022 0.000021 0.000019 0.000018 0.000016 0.000014 0.000012 0.000010 0.000009 0.000007 0.000006 0.000005 0.000004 0.000003 0.000002 0.000002 0.000001 0.000001 0.000001 0.000000 0.000000 0.000000 0.000000 0.000000 0.000000 0.000000 0.000000 0.000000 0.000000 0.000000 0.000000 0.000000 0.000000 0.000000 0.000000 0.000000 0.000000 0.000000 0.000000 0.000000 0.000000 0.000000 0.000000 0.000000 0.000000 0.000000 0.000000 
0.000000 0.000000 0.000000 0.000000 0.000000 0.000000 0.000000 0.000000 0.000000 0.000000 0.000000 0.000000 0.000000 0.000000 0.000000 0.000000 0.000000 0.000000 0.000000 0.000000 0.000000 0.000000 0.000000 0.000000 0.000000 0.000000 0.000000 0.000001 0.000001 0.000001 0.000002 0.000002 0.000003 0.000004 0.000005 0.000007 0.000009 0.000011 0.000014 0.000017 0.000021 0.000024 0.000028 0.000032 0.000036 0.000039 0.000042 0.000045 0.000047 0.000048 0.000048 0.000048 0.000047 0.000045 0.000042 0.000039 0.000036 0.000032 0.000028 0.000024 0.000021 0.000017 0.000014 0.000011 0.000009 0.000007 0.000005 0.000004 0.000003 0.000002 0.000002 0.000001 0.000001 0.000001 0.000000 0.000000 0.000000 0.000000 0.000000 0.000000 0.000000 0.000000 0.000000 0.000000 0.000000 0.000000 0.000000 0.000000 0.000000 0.000000 0.000000 0.000000 0.000000 0.000000 0.000000 0.000000 0.000000 0.000000 0.000000 0.000000 
0.000000 0.000000 0.000000 0.000000 0.000000 0.000000 0.000000 0.000000 0.000000 0.000000 0.000000 0.000000 0.000000 0.000000 0.000000 0.000000 0.000000 0.000000 0.000000 0.000000 0.000000 0.000000 0.000000 0.000000 0.000000 0.000000 0.000001 0.000001 0.000002 0.000002 0.000003 0.000004 0.000006 0.000008 0.000011 0.000014 0.000018 0.000023 0.000028 0.000034 0.000041 0.000048 0.000056 0.000063 0.000071 0.000078 0.000084 0.000089 0.000093 0.000095 0.000096 0.000095 0.000093 0.000089 0.000084 0.000078 0.000071 0.000063 0.000056 0.000048 0.000041 0.000034 0.000028 0.000023 0.000018 0.000014 0.000011 0.000008 0.000006 0.000004 0.000003 0.000002 0.000002 0.000001 0.000001 0.000000 0.000000 0.000000 0.000000 0.000000 0.000000 0.000000 0.000000 0.000000 0.000000 0.000000 0.000000 0.000000 0.000000 0.000000 0.000000 0.000000 0.000000 0.000000 0.000000 0.000000 0.000000 0.000000 0.000000 0.000000 
0.000000 0.000000 0.000000 0.000000 0.000000 0.000000 0.000000 0.000000 0.000000 0.000000 0.000000 0.000000 0.000000 0.000000 0.000000 0.000000 0.000000 0.000000 0.000000 0.000000 0.000000 0.000000 0.000000 0.000000 0.000001 0.000001 0.000001 0.000002 0.000003 0.000004 0.000006 0.000009 0.000012 0.000016 0.000021 0.000028 0.000036 0.000045 0.000055 0.000067 0.000081 0.000095 0.000109 0.000124 0.000139 0.000152 0.000164 0.000175 0.000182 0.000187 0.000188 0.000187 0.000182 0.000175 0.000164 0.000152 0.000139 0.000124 0.000109 0.000095 0.000081 0.000067 0.000055 0.000045 0.000036 0.000028 0.000021 0.000016 0.000012 0.000009 0.000006 0.000004 0.000003 0.000002 0.000001 0.000001 0.000001 0.000000 0.000000 0.000000 0.000000 0.000000 0.000000 0.000000 0.000000 0.000000 0.000000 0.000000 0.000000 0.000000 0.000000 0.000000 0.000000 0.000000 0.000000 0.000000 0.000000 0.000000 0.000000 0.000000 
0.000000 0.000000 0.000000 0.000000 0.000000 0.000000 0.000000 0.000000 0.000000 0.000000 0.000000 0.000000 0.000000 0.000000 0.000000 0.000000 0.000000 0.000000 0.000000 0.000000 0.000000 0.000000 0.000000 0.000001 0.000001 0.000002 0.000003 0.000004 0.000006 0.000009 0.000012 0.000017 0.000023 0.000031 0.000042 0.000054 0.000069 0.000087 0.000107 0.000130 0.000156 0.000183 0.000211 0.000240 0.000268 0.000294 0.000317 0.000337 0.000351 0.000360 0.000363 0.000360 0.000351 0.000337 0.000317 0.000294 0.000268 0.000240 0.000211 0.000183 0.000156 0.000130 0.000107 0.000087 0.000069 0.000054 0.000042 0.000031 0.000023 0.000017 0.000012 0.000009 0.000006 0.000004 0.000003 0.000002 0.000001 0.000001 0.000000 0.000000 0.000000 0.000000 0.000000 0.000000 0.000000 0.000000 0.000000 0.000000 0.000000 0.000000 0.000000 0.000000 0.000000 0.000000 0.000000 0.000000 0.000000 0.000000 0.000000 0.000000 
0.000000 0.000000 0.000000 0.000000 0.000000 0.000000 0.000000 0.000000 0.000000 0.000000 0.000000 0.000000 0.000000 0.000000 0.000000 0.000000 0.000000 0.000000 0.000000 0.000000 0.000000 0.000001 0.000001 0.000001 0.000002 0.000004 0.000005 0.000008 0.000012 0.000017 0.000024 0.000033 0.000045 0.000060 0.000079 0.000103 0.000132 0.000165 0.000204 0.000248 0.000296 0.000347 0.000401 0.000456 0.000508 0.000558 0.000602 0.000639 0.000667 0.000684 0.000690 0.000684 0.000667 0.000639 0.000602 0.000558 0.000508 0.000456 0.000401 0.000347 0.000296 0.000248 0.000204 0.000165 0.000132 0.000103 0.000079 0.000060 0.000045 0.000033 0.000024 0.000017 0.000012 0.000008 0.000005 0.000004 0.000002 0.000001 0.000001 0.000001 0.000000 0.000000 0.000000 0.000000 0.000000 0.000000 0.000000 0.000000 0.000000 0.000000 0.000000 0.000000 0.000000 0.000000 0.000000 0.000000 0.000000 0.000000 0.000000 0.000000 
0.000000 0.000000 0.000000 0.000000 0.000000 0.000000 0.000000 0.000000 0.000000 0.000000 0.000000 0.000000 0.000000 0.000000 0.000000 0.000000 0.000000 0.000000 0.000000 0.000000 0.000001 0.000001 0.000002 0.000003 0.000004 0.000007 0.000010 0.000015 0.000022 0.000031 0.000044 0.000062 0.000084 0.000113 0.000149 0.000193 0.000247 0.000310 0.000382 0.000464 0.000554 0.000651 0.000751 0.000853 0.000952 0.001044 0.001127 0.001195 0.001247 0.001279 0.001290 0.001279 0.001247 0.001195 0.001127 0.001044 0.000952 0.000853 0.000751 0.000651 0.000554 0.000464 0.000382 0.000310 0.000247 0.000193 0.000149 0.000113 0.000084 0.000062 0.000044 0.000031 0.000022 0.000015 0.000010 0.000007 0.000004 0.000003 0.000002 0.000001 0.000001 0.000000 0.000000 0.000000 0.000000 0.000000 0.000000 0.000000 0.000000 0.000000 0.000000 0.000000 0.000000 0.000000 0.000000 0.000000 0.000000 0.000000 0.000000 0.000000 
0.000000 0.000000 0.000000 0.000000 0.000000 0.000000 0.000000 0.000000 0.000000 0.000000 0.000000 0.000000 0.000000 0.000000 0.000000 0.000000 0.000000 0.000000 0.000000 0.000001 0.000001 0.000002 0.000003 0.000005 0.000008 0.000013 0.000019 0.000028 0.000041 0.000058 0.000082 0.000114 0.000156 0.000209 0.000275 0.000357 0.000456 0.000572 0.000706 0.000857 0.001023 0.001200 0.001385 0.001572 0.001754 0.001925 0.002076 0.002203 0.002298 0.002356 0.002376 0.002356 0.002298 0.002203 0.002076 0.001925 0.001754 0.001572 0.001385 0.001200 0.001023 0.000857 0.000706 0.000572 0.000456 0.000357 0.000275 0.000209 0.000156 0.000114 0.000082 0.000058 0.000041 0.000028 0.000019 0.000013 0.000008 0.000005 0.000003 0.000002 0.000001 0.000001 0.000000 0.000000 0.000000 0.000000 0.000000 0.000000 0.000000 0.000000 0.000000 0.000000 0.000000 0.000000 0.000000 0.000000 0.000000 0.000000 0.000000 0.000000 
0.000000 0.000000 0.000000 0.000000 0.000000 0.000000 0.000000 0.000000 0.000000 0.000000 0.000000 0.000000 0.000000 0.000000 0.000000 0.000000 0.000000 0.000000 0.000001 0.000001 0.000002 0.000004 0.000006 0.000010 0.000015 0.000023 0.000035 0.000051 0.000075 0.000107 0.000150 0.000208 0.000284 0.000381 0.000502 0.000651 0.000830 0.001041 0.001284 0.001558 0.001859 0.002181 0.002516 0.002855 0.003185 0.003493 0.003768 0.003997 0.004169 0.004276 0.004312 0.004276 0.004169 0.003997 0.003768 0.003493 0.003185 0.002855 0.002516 0.002181 0.001859 0.001558 0.001284 0.001041 0.000830 0.000651 0.000502 0.000381 0.000284 0.000208 0.000150 0.000107 0.000075 0.000051 0.000035 0.000023 0.000015 0.000010 0.000006 0.000004 0.000002 0.000001 0.000001 0.000000 0.000000 0.000000 0.000000 0.000000 0.000000 0.000000 0.000000 0.000000 0.000000 0.000000 0.000000 0.000000 0.000000 0.000000 0.000000 0.000000 
0.000000 0.000000 0.000000 0.000000 0.000000 0.000000 0.000000 0.000000 0.000000 0.000000 0.000000 0.000000 0.000000 0.000000 0.000000 0.000000 0.000001 0.000001 0.000002 0.000003 0.000004 0.000007 0.000011 0.000017 0.000027 0.000041 0.000062 0.000092 0.000134 0.000192 0.000270 0.000374 0.000510 0.000683 0.000900 0.001167 0.001488 0.001865 0.002300 0.002790 0.003327 0.003902 0.004501 0.005105 0.005694 0.006245 0.006736 0.007144 0.007451 0.007641 0.007705 0.007641 0.007451 0.007144 0.006736 0.006245 0.005694 0.005105 0.004501 0.003902 0.003327 0.002790 0.002300 0.001865 0.001488 0.001167 0.000900 0.000683 0.000510 0.000374 0.000270 0.000192 0.000134 0.000092 0.000062 0.000041 0.000027 0.000017 0.000011 0.000007 0.000004 0.000003 0.000002 0.000001 0.000001 0.000000 0.000000 0.000000 0.000000 0.000000 0.000000 0.000000 0.000000 0.000000 0.000000 0.000000 0.000000 0.000000 0.000000 0.000000 
0.000000 0.000000 0.000000 0.000000 0.000000 0.000000 0.000000 0.000000 0.000000 0.000000 0.000000 0.000000 0.000000 0.000000 0.000000 0.000001 0.000001 0.000002 0.000003 0.000005 0.000008 0.000012 0.000020 0.000031 0.000048 0.000074 0.000111 0.000164 0.000238 0.000340 0.000478 0.000662 0.000902 0.001207 0.001591 0.002061 0.002626 0.003291 0.004057 0.004918 0.005864 0.006876 0.007929 0.008991 0.010026 0.010995 0.011857 0.012574 0.013113 0.013448 0.013561 0.013448 0.013113 0.012574 0.011857 0.010995 0.010026 0.008991 0.007929 0.006876 0.005864 0.004918 0.004057 0.003291 0.002626 0.002061 0.001591 0.001207 0.000902 0.000662 0.000478 0.000340 0.000238 0.000164 0.000111 0.000074 0.000048 0.000031 0.000020 0.000012 0.000008 0.000005 0.000003 0.000002 0.000001 0.000001 0.000000 0.000000 0.000000 0.000000 0.000000 0.000000 0.000000 0.000000 0.000000 0.000000 0.000000 0.000000 0.000000 0.000000 
0.000000 0.000000 0.000000 0.000000 0.000000 0.000000 0.000000 0.000000 0.000000 0.000000 0.000000 0.000000 0.000000 0.000000 0.000001 0.000001 0.000002 0.000003 0.000005 0.000008 0.000013 0.000022 0.000035 0.000054 0.000084 0.000129 0.000193 0.000286 0.000415 0.000593 0.000834 0.001154 0.001570 0.002101 0.002767 0.003583 0.004564 0.005718 0.007046 0.008539 0.010178 0.011931 0.013754 0.015593 0.017386 0.019063 0.020555 0.021796 0.022728 0.023307 0.023503 0.023307 0.022728 0.021796 0.020555 0.019063 0.017386 0.015593 0.013754 0.011931 0.010178 0.008539 0.007046 0.005718 0.004564 0.003583 0.002767 0.002101 0.001570 0.001154 0.000834 0.000593 0.000415 0.000286 0.000193 0.000129 0.000084 0.000054 0.000035 0.000022 0.000013 0.000008 0.000005 0.000003 0.000002 0.000001 0.000001 0.000000 0.000000 0.000000 0.000000 0.000000 0.000000 0.000000 0.000000 0.000000 0.000000 0.000000 0.000000 0.000000 
0.000000 0.000000 0.000000 0.000000 0.000000 0.000000 0.000000 0.000000 0.000000 0.000000 0.000000 0.000000 0.000000 0.000000 0.000001 0.000002 0.000003 0.000005 0.000008 0.000014 0.000023 0.000037 0.000060 0.000094 0.000146 0.000222 0.000333 0.000491 0.000713 0.001019 0.001432 0.001979 0.002692 0.003601 0.004739 0.006135 0.007811 0.009782 0.012050 0.014599 0.017395 0.020385 0.023495 0.026631 0.029687 0.032546 0.035089 0.037204 0.038792 0.039778 0.040112 0.039778 0.038792 0.037204 0.035089 0.032546 0.029687 0.026631 0.023495 0.020385 0.017395 0.014599 0.012050 0.009782 0.007811 0.006135 0.004739 0.003601 0.002692 0.001979 0.001432 0.001019 0.000713 0.000491 0.000333 0.000222 0.000146 0.000094 0.000060 0.000037 0.000023 0.000014 0.000008 0.000005 0.000003 0.000002 0.000001 0.000000 0.000000 0.000000 0.000000 0.000000 0.000000 0.000000 0.000000 0.000000 0.000000 0.000000 0.000000 0.000000 
0.000000 0.000000 0.000000 0.000000 0.000000 0.000000 0.000000 0.000000 0.000000 0.000000 0.000000 0.000000 0.000000 0.000001 0.000002 0.000003 0.000005 0.000008 0.000014 0.000024 0.000039 0.000063 0.000101 0.000159 0.000247 0.000376 0.000564 0.000831 0.001206 0.001722 0.002419 0.003343 0.004544 0.006076 0.007992 0.010342 0.013162 0.016478 0.020291 0.024575 0.029274 0.034297 0.039520 0.044786 0.049916 0.054715 0.058983 0.062532 0.065197 0.066851 0.067411 0.066851 0.065197 0.062532 0.058983 0.054715 0.049916 0.044786 0.039520 0.034297 0.029274 0.024575 0.020291 0.016478 0.013162 0.010342 0.007992 0.006076 0.004544 0.003343 0.002419 0.001722 0.001206 0.000831 0.000564 0.000376 0.000247 0.000159 0.000101 0.000063 0.000039 0.000024 0.000014 0.000008 0.000005 0.000003 0.000002 0.000001 0.000000 0.000000 0.000000 0.000000 0.000000 0.000000 0.000000 0.000000 0.000000 0.000000 0.000000 0.000000 
0.000000 0.000000 0.000000 0.000000 0.000000 0.000000 0.000000 0.000000 0.000000 0.000000 0.000000 0.000000 0.000001 0.000001 0.000003 0.000005 0.000008 0.000014 0.000024 0.000040 0.000065 0.000106 0.000169 0.000266 0.000412 0.000627 0.000940 0.001385 0.002009 0.002866 0.004024 0.005558 0.007551 0.010093 0.013271 0.017164 0.021838 0.027329 0.033641 0.040731 0.048506 0.056815 0.065452 0.074160 0.082640 0.090571 0.097625 0.103489 0.107893 0.110625 0.111551 0.110625 0.107893 0.103489 0.097625 0.090571 0.082640 0.074160 0.065452 0.056815 0.048506 0.040731 0.033641 0.027329 0.021838 0.017164 0.013271 0.010093 0.007551 0.005558 0.004024 0.002866 0.002009 0.001385 0.000940 0.000627 0.000412 0.000266 0.000169 0.000106 0.000065 0.000040 0.000024 0.000014 0.000008 0.000005 0.000003 0.000001 0.000001 0.000000 0.000000 0.000000 0.000000 0.000000 0.000000 0.000000 0.000000 0.000000 0.000000 0.000000 
0.000000 0.000000 0.000000 0.000000 0.000000 0.000000 0.000000 0.000000 0.000000 0.000000 0.000000 0.000001 0.000001 0.000002 0.000004 0.000008 0.000013 0.000023 0.000039 0.000065 0.000108 0.000175 0.000279 0.000438 0.000677 0.001030 0.001543 0.002272 0.003294 0.004697 0.006590 0.009097 0.012354 0.016506 0.021693 0.028047 0.035670 0.044624 0.054913 0.066468 0.079134 0.092666 0.106730 0.120906 0.134710 0.147617 0.159094 0.168636 0.175801 0.180245 0.181751 0.180245 0.175801 0.168636 0.159094 0.147617 0.134710 0.120906 0.106730 0.092666 0.079134 0.066468 0.054913 0.044624 0.035670 0.028047 0.021693 0.016506 0.012354 0.009097 0.006590 0.004697 0.003294 0.002272 0.001543 0.001030 0.000677 0.000438 0.000279 0.000175 0.000108 0.000065 0.000039 0.000023 0.000013 0.000008 0.000004 0.000002 0.000001 0.000001 0.000000 0.000000 0.000000 0.000000 0.000000 0.000000 0.000000 0.000000 0.000000 0.000000 
0.000000 0.000000 0.000000 0.000000 0.000000 0.000000 0.000000 0.000000 0.000000 0.000000 0.000001 0.000001 0.000002 0.000004 0.000007 0.000012 0.000022 0.000037 0.000063 0.000106 0.000175 0.000283 0.000452 0.000709 0.001096 0.001666 0.002492 0.003669 0.005315 0.007576 0.010624 0.014659 0.019898 0.026573 0.034911 0.045118 0.057361 0.071736 0.088249 0.106787 0.127103 0.148803 0.171351 0.194073 0.216196 0.236878 0.255266 0.270552 0.282029 0.289148 0.291561 0.289148 0.282029 0.270552 0.255266 0.236878 0.216196 0.194073 0.171351 0.148803 0.127103 0.106787 0.088249 0.071736 0.057361 0.045118 0.034911 0.026573 0.019898 0.014659 0.010624 0.007576 0.005315 0.003669 0.002492 0.001666 0.001096 0.000709 0.000452 0.000283 0.000175 0.000106 0.000063 0.000037 0.000022 0.000012 0.000007 0.000004 0.000002 0.000001 0.000001 0.000000 0.000000 0.000000 0.000000 0.000000 0.000000 0.000000 0.000000 0.000000 
0.000000 0.000000 0.000000 0.000000 0.000000 0.000000 0.000000 0.000000 0.000000 0.000000 0.000001 0.000002 0.000003 0.000006 0.000011 0.000020 0.000035 0.000060 0.000101 0.000169 0.000279 0.000452 0.000720 0.001130 0.001744 0.002651 0.003963 0.005832 0.008443 0.012029 0.016860 0.023252 0.031549 0.042114 0.055306 0.071451 0.090807 0.113528 0.139618 0.168900 0.200982 0.235244 0.270833 0.306692 0.341598 0.374227 0.403235 0.427345 0.445447 0.456674 0.460480 0.456674 0.445447 0.427345 0.403235 0.374227 0.341598 0.306692 0.270833 0.235244 0.200982 0.168900 0.139618 0.113528 0.090807 0.071451 0.055306 0.042114 0.031549 0.023252 0.016860 0.012029 0.008443 0.005832 0.003963 0.002651 0.001744 0.001130 0.000720 0.000452 0.000279 0.000169 0.000101 0.000060 0.000035 0.000020 0.000011 0.000006 0.000003 0.000002 0.000001 0.000000 0.000000 0.000000 0.000000 0.000000 0.000000 0.000000 0.000000 0.000000 
0.000000 0.000000 0.000000 0.000000 0.000000 0.000000 0.000000 0.000000 0.000000 0.000001 0.000001 0.000003 0.000005 0.000010 0.000017 0.000031 0.000054 0.000094 0.000159 0.000266 0.000438 0.000709 0.001130 0.001771 0.002733 0.004151 0.006204 0.009123 0.013202 0.018799 0.026337 0.036306 0.049240 0.065702 0.086250 0.111387 0.141515 0.176867 0.217451 0.262986 0.312863 0.366116 0.421421 0.477135 0.531360 0.582040 0.627090 0.664531 0.692639 0.710072 0.715980 0.710072 0.692639 0.664531 0.627090 0.582040 0.531360 0.477135 0.421421 0.366116 0.312863 0.262986 0.217451 0.176867 0.141515 0.111387 0.086250 0.065702 0.049240 0.036306 0.026337 0.018799 0.013202 0.009123 0.006204 0.004151 0.002733 0.001771 0.001130 0.000709 0.000438 0.000266 0.000159 0.000094 0.000054 0.000031 0.000017 0.000010 0.000005 0.000003 0.000001 0.000001 0.000000 0.000000 0.000000 0.000000 0.000000 0.000000 0.000000 0.000000 
0.000000 0.000000 0.000000 0.000000 0.000000 0.000000 0.000000 0.000000 0.000001 0.000001 0.000002 0.000004 0.000008 0.000015 0.000027 0.000048 0.000084 0.000146 0.000247 0.000412 0.000677 0.001096 0.001744 0.002733 0.004216 0.006398 0.009557 0.014047 0.020318 0.028917 0.040495 0.055797 0.075644 0.100895 0.132400 0.170929 0.217091 0.271241 0.333386 0.403095 0.479432 0.560916 0.645524 0.730743 0.813671 0.891167 0.960045 1.017286 1.060254 1.086904 1.095936 1.086904 1.060254 1.017286 0.960045 0.891167 0.813671 0.730743 0.645524 0.560916 0.479432 0.403095 0.333386 0.271241 0.217091 0.170929 0.132400 0.100895 0.075644 0.055797 0.040495 0.028917 0.020318 0.014047 0.009557 0.006398 0.004216 0.002733 0.001744 0.001096 0.000677 0.000412 0.000247 0.000146 0.000084 0.000048 0.000027 0.000015 0.000008 0.000004 0.000002 0.000001 0.000001 0.000000 0.000000 0.000000 0.000000 0.000000 0.000000 0.000000 
0.000000 0.000000 0.000000 0.000000 0.000000 0.000000 0.000000 0.000000 0.000001 0.000002 0.000004 0.000007 0.000013 0.000023 0.000041 0.000074 0.000129 0.000222 0.000376 0.000627 0.001030 0.001666 0.002651 0.004151 0.006398 0.009706 0.014490 0.021288 0.030775 0.043780 0.061282 0.084404 0.114381 0.152505 0.200054 0.258185 0.327809 0.409458 0.503134 0.608185 0.723198 0.845938 0.973360 1.101680 1.226530 1.343188 1.446862 1.533011 1.597677 1.637781 1.651372 1.637781 1.597677 1.533011 1.446862 1.343188 1.226530 1.101680 0.973360 0.845938 0.723198 0.608185 0.503134 0.409458 0.327809 0.258185 0.200054 0.152505 0.114381 0.084404 0.061282 0.043780 0.030775 0.021288 0.014490 0.009706 0.006398 0.004151 0.002651 0.001666 0.001030 0.000627 0.000376 0.000222 0.000129 0.000074 0.000041 0.000023 0.000013 0.000007 0.000004 0.000002 0.000001 0.000000 0.000000 0.000000 0.000000 0.000000 0.000000 0.000000 
0.000000 0.000000 0.000000 0.000000 0.000000 0.000000 0.000000 0.000001 0.000001 0.000003 0.000005 0.000010 0.000019 0.000035 0.000062 0.000111 0.000193 0.000333 0.000564 0.000940 0.001543 0.002492 0.003963 0.006204 0.009557 0.014490 0.021621 0.031749 0.045877 0.065235 0.091275 0.125664 0.170228 0.226886 0.297524 0.383854 0.487221 0.608404 0.747402 0.903239 1.073813 1.255812 1.444717 1.634920 1.819955 1.992826 2.146441 2.274079 2.369881 2.429293 2.449427 2.429293 2.369881 2.274079 2.146441 1.992826 1.819955 1.634920 1.444717 1.255812 1.073813 0.903239 0.747402 0.608404 0.487221 0.383854 0.297524 0.226886 0.170228 0.125664 0.091275 0.065235 0.045877 0.031749 0.021621 0.014490 0.009557 0.006204 0.003963 0.002492 0.001543 0.000940 0.000564 0.000333 0.000193 0.000111 0.000062 0.000035 0.000019 0.000010 0.000005 0.000003 0.000001 0.000001 0.000000 0.000000 0.000000 0.000000 0.000000 0.000000 
0.000000 0.000000 0.000000 0.000000 0.000000 0.000000 0.000001 0.000001 0.000002 0.000004 0.000008 0.000015 0.000028 0.000051 0.000092 0.000164 0.000286 0.000491 0.000831 0.001385 0.002272 0.003669 0.005832 0.009123 0.014047 0.021288 0.031749 0.046598 0.067305 0.095664 0.133797 0.184134 0.249343 0.332217 0.435506 0.561700 0.712753 0.889792 1.092803 1.320355 1.569372 1.835014 2.110686 2.388210 2.658154 2.910323 3.134379 3.320533 3.460246 3.546887 3.576248 3.546887 3.460246 3.320533 3.134379 2.910323 2.658154 2.388210 2.110686 1.835014 1.569372 1.320355 1.092803 0.889792 0.712753 0.561700 0.435506 0.332217 0.249343 0.184134 0.133797 0.095664 0.067305 0.046598 0.031749 0.021288 0.014047 0.009123 0.005832 0.003669 0.002272 0.001385 0.000831 0.000491 0.000286 0.000164 0.000092 0.000051 0.000028 0.000015 0.000008 0.000004 0.000002 0.000001 0.000001 0.000000 0.000000 0.000000 0.000000 0.000000 
0.000000 0.000000 0.000000 0.000000 0.000000 0.000000 0.000001 0.000002 0.000003 0.000006 0.000012 0.000022 0.000041 0.000075 0.000134 0.000238 0.000415 0.000713 0.001206 0.002009 0.003294 0.005315 0.008443 0.013202 0.020318 0.030775 0.045877 0.067305 0.097173 0.138059 0.193017 0.265535 0.359445 0.478754 0.627406 0.808965 1.026229 1.280801 1.572649 1.899701 2.257527 2.639170 3.035157 3.433741 3.821386 4.183466 4.505149 4.772393 4.972955 5.097326 5.139472 5.097326 4.972955 4.772393 4.505149 4.183466 3.821386 3.433741 3.035157 2.639170 2.257527 1.899701 1.572649 1.280801 1.026229 0.808965 0.627406 0.478754 0.359445 0.265535 0.193017 0.138059 0.097173 0.067305 0.045877 0.030775 0.020318 0.013202 0.008443 0.005315 0.003294 0.002009 0.001206 0.000713 0.000415 0.000238 0.000134 0.000075 0.000041 0.000022 0.000012 0.000006 0.000003 0.000002 0.000001 0.000000 0.000000 0.000000 0.000000 0.000000 
0.000000 0.000000 0.000000 0.000000 0.000000 0.000001 0.000001 0.000002 0.000004 0.000009 0.000017 0.000031 0.000058 0.000107 0.000192 0.000340 0.000593 0.001019 0.001722 0.002866 0.004697 0.007576 0.012029 0.018799 0.028917 0.043780 0.065235 0.095664 0.138059 0.196072 0.274021 0.376841 0.509943 0.678990 0.889547 1.146641 1.454210 1.814502 2.227452 2.690112 3.196205 3.735885 4.295756 4.859217 5.407144 5.918878 6.373478 6.751117 7.034514 7.210244 7.269793 7.210244 7.034514 6.751117 6.373478 5.918878 5.407144 4.859217 4.295756 3.735885 3.196205 2.690112 2.227452 1.814502 1.454210 1.146641 0.889547 0.678990 0.509943 0.376841 0.274021 0.196072 0.138059 0.095664 0.065235 0.043780 0.028917 0.018799 0.012029 0.007576 0.004697 0.002866 0.001722 0.001019 0.000593 0.000340 0.000192 0.000107 0.000058 0.000031 0.000017 0.000009 0.000004 0.000002 0.000001 0.000001 0.000000 0.000000 0.000000 0.000000 
0.000000 0.000000 0.000000 0.000000 0.000000 0.000001 0.000002 0.000003 0.000006 0.000012 0.000024 0.000044 0.000082 0.000150 0.000270 0.000478 0.000834 0.001432 0.002419 0.004024 0.006590 0.010624 0.016860 0.026337 0.040495 0.061282 0.091275 0.133797 0.193017 0.274021 0.382824 0.526291 0.711952 0.947676 1.241198 1.599493 2.028021 2.529884 3.104966 3.749139 4.453652 5.204788 5.983903 6.767905 7.530200 8.242067 8.874400 9.399646 9.793794 10.038190 10.121006 10.038190 9.793794 9.399646 8.874400 8.242067 7.530200 6.767905 5.983903 5.204788 4.453652 3.749139 3.104966 2.529884 2.028021 1.599493 1.241198 0.947676 0.711952 0.526291 0.382824 0.274021 0.193017 0.133797 0.091275 0.061282 0.040495 0.026337 0.016860 0.010624 0.006590 0.004024 0.002419 0.001432 0.000834 0.000478 0.000270 0.000150 0.000082 0.000044 0.000024 0.000012 0.000006 0.000003 0.000002 0.000001 0.000000 0.000000 0.000000 0.000000 
0.000000 0.000000 0.000000 0.000000 0.000001 0.000001 0.000002 0.000004 0.000009 0.000017 0.000033 0.000062 0.000114 0.000208 0.000374 0.000662 0.001154 0.001979 0.003343 0.005558 0.009097 0.014659 0.023252 0.036306 0.055797 0.084404 0.125664 0.184134 0.265535 0.376841 0.526291 0.723291 0.978148 1.301632 1.704319 2.195739 2.783340 3.471339 4.259543 5.142269 6.107503 7.136443 8.203550 9.277208 10.321017 11.295678 12.161372 12.880411 13.419955 13.754495 13.867856 13.754495 13.419955 12.880411 12.161372 11.295678 10.321017 9.277208 8.203550 7.136443 6.107503 5.142269 4.259543 3.471339 2.783340 2.195739 1.704319 1.301632 0.978148 0.723291 0.526291 0.376841 0.265535 0.184134 0.125664 0.084404 0.055797 0.036306 0.023252 0.014659 0.009097 0.005558 0.003343 0.001979 0.001154 0.000662 0.000374 0.000208 0.000114 0.000062 0.000033 0.000017 0.000009 0.000004 0.000002 0.000001 0.000001 0.000000 0.000000 0.000000 
0.000000 0.000000 0.000000 0.000000 0.000001 0.000002 0.000003 0.000006 0.000012 0.000023 0.000045 0.000084 0.000156 0.000284 0.000510 0.000902 0.001570 0.002692 0.004544 0.007551 0.012354 0.019898 0.031549 0.049240 0.075644 0.114381 0.170228 0.249343 0.359445 0.509943 0.711952 0.978148 1.322423 1.759278 2.302950 2.966254 3.759194 4.687412 5.750604 6.941070 8.242582 9.629775 11.068221 12.515315 13.922022 15.235416 16.401880 17.370676 18.097595 18.548301 18.701022 18.548301 18.097595 17.370676 16.401880 15.235416 13.922022 12.515315 11.068221 9.629775 8.242582 6.941070 5.750604 4.687412 3.759194 2.966254 2.302950 1.759278 1.322423 0.978148 0.711952 0.509943 0.359445 0.249343 0.170228 0.114381 0.075644 0.049240 0.031549 0.019898 0.012354 0.007551 0.004544 0.002692 0.001570 0.000902 0.000510 0.000284 0.000156 0.000084 0.000045 0.000023 0.000012 0.000006 0.000003 0.000002 0.000001 0.000000 0.000000 0.000000 
0.000000 0.000000 0.000000 0.000000 0.000001 0.000002 0.000004 0.000008 0.000016 0.000031 0.000060 0.000113 0.000209 0.000381 0.000683 0.001207 0.002101 0.003601 0.006076 0.010093 0.016506 0.026573 0.042114 0.065702 0.100895 0.152505 0.226886 0.332217 0.478754 0.678990 0.947676 1.301632 1.759278 2.339837 3.062166 3.943232 4.996258 6.228676 7.640029 9.220051 10.947174 12.787721 14.696015 16.615552 18.481319 20.223168 21.770039 23.054701 24.018581 24.616191 24.818688 24.616191 24.018581 23.054701 21.770039 20.223168 18.481319 16.615552 14.696015 12.787721 10.947174 9.220051 7.640029 6.228676 4.996258 3.943232 3.062166 2.339837 1.759278 1.301632 0.947676 0.678990 0.478754 0.332217 0.226886 0.152505 0.100895 0.065702 0.042114 0.026573 0.016506 0.010093 0.006076 0.003601 0.002101 0.001207 0.000683 0.000381 0.000209 0.000113 0.000060 0.000031 0.000016 0.000008 0.000004 0.000002 0.000001 0.000000 0.000000 0.000000 
0.000000 0.000000 0.000000 0.000001 0.000001 0.000003 0.000005 0.000011 0.000021 0.000042 0.000079 0.000149 0.000275 0.000502 0.000900 0.001591 0.002767 0.004739 0.007992 0.013271 0.021693 0.034911 0.055306 0.086250 0.132400 0.200054 0.297524 0.435506 0.627406 0.889547 1.241198 1.704319 2.302950 3.062166 4.006557 5.158224 6.534377 8.144651 9.988385 12.052111 14.307622 16.710920 19.202361 21.708198 24.143602 26.417062 28.435892 30.112419 31.370262 32.150107 32.414349 32.150107 31.370262 30.112419 28.435892 26.417062 24.143602 21.708198 19.202361 16.710920 14.307622 12.052111 9.988385 8.144651 6.534377 5.158224 4.006557 3.062166 2.302950 1.704319 1.241198 0.889547 0.627406 0.435506 0.297524 0.200054 0.132400 0.086250 0.055306 0.034911 0.021693 0.013271 0.007992 0.004739 0.002767 0.001591 0.000900 0.000502 0.000275 0.000149 0.000079 0.000042 0.000021 0.000011 0.000005 0.000003 0.000001 0.000001 0.000000 0.000000 
0.000000 0.000000 0.000000 0.000001 0.000002 0.000004 0.000007 0.000014 0.000028 0.000054 0.000103 0.000193 0.000357 0.000651 0.001167 0.002061 0.003583 0.006135 0.010342 0.017164 0.028047 0.045118 0.071451 0.111387 0.170929 0.258185 0.383854 0.561700 0.808965 1.146641 1.599493 2.195739 2.966254 3.943232 5.158224 6.639573 8.409318 10.479763 12.849975 15.502578 18.401268 21.489479 24.690571 27.909818 31.038289 33.958497 36.551467 38.704670 40.320084 41.321591 41.660937 41.321591 40.320084 38.704670 36.551467 33.958497 31.038289 27.909818 24.690571 21.489479 18.401268 15.502578 12.849975 10.479763 8.409318 6.639573 5.158224 3.943232 2.966254 2.195739 1.599493 1.146641 0.808965 0.561700 0.383854 0.258185 0.170929 0.111387 0.071451 0.045118 0.028047 0.017164 0.010342 0.006135 0.003583 0.002061 0.001167 0.000651 0.000357 0.000193 0.000103 0.000054 0.000028 0.000014 0.000007 0.000004 0.000002 0.000001 0.000000 0.000000 
0.000000 0.000000 0.000000 0.000001 0.000002 0.000005 0.000009 0.000018 0.000036 0.000069 0.000132 0.000247 0.000456 0.000830 0.001488 0.002626 0.004564 0.007811 0.013162 0.021838 0.035670 0.057361 0.090807 0.141515 0.217091 0.327809 0.487221 0.712753 1.026229 1.454210 2.028021 2.783340 3.759194 4.996258 6.534377 8.409318 10.648866 13.268487 16.266903 19.622056 23.287974 27.193091 31.240496 35.310451 39.265299 42.956595 46.234043 48.955501 50.997164 52.262901 52.691773 52.262901 50.997164 48.955501 46.234043 42.956595 39.265299 35.310451 31.240496 27.193091 23.287974 19.622056 16.266903 13.268487 10.648866 8.409318 6.534377 4.996258 3.759194 2.783340 2.028021 1.454210 1.026229 0.712753 0.487221 0.327809 0.217091 0.141515 0.090807 0.057361 0.035670 0.021838 0.013162 0.007811 0.004564 0.002626 0.001488 0.000830 0.000456 0.000247 0.000132 0.000069 0.000036 0.000018 0.000009 0.000004 0.000002 0.000001 0.000000 0.000000 
0.000000 0.000000 0.000001 0.000001 0.000003 0.000006 0.000011 0.000023 0.000045 0.000087 0.000165 0.000310 0.000572 0.001041 0.001865 0.003291 0.005718 0.009782 0.016478 0.027329 0.044624 0.071736 0.113528 0.176867 0.271241 0.409458 0.608404 0.889792 1.280801 1.814502 2.529884 3.471339 4.687412 6.228676 8.144651 10.479763 13.268487 16.529956 20.262472 24.438487 29.000717 33.860068 38.895951 43.959425 48.879292 53.470981 57.547637 60.932568 63.471886 65.046111 65.579501 65.046111 63.471886 60.932568 57.547637 53.470981 48.879292 43.959425 38.895951 33.860068 29.000717 24.438487 20.262472 16.529956 13.268487 10.479763 8.144651 6.228676 4.687412 3.471339 2.529884 1.814502 1.280801 0.889792 0.608404 0.409458 0.271241 0.176867 0.113528 0.071736 0.044624 0.027329 0.016478 0.009782 0.005718 0.003291 0.001865 0.001041 0.000572 0.000310 0.000165 0.000087 0.000045 0.000023 0.000011 0.000006 0.000003 0.000001 0.000000 0.000000 
0.000000 0.000000 0.000001 0.000002 0.000003 0.000007 0.000014 0.000028 0.000055 0.000107 0.000204 0.000382 0.000706 0.001284 0.002300 0.004057 0.007046 0.012050 0.020291 0.033641 0.054913 0.088249 0.139618 0.217451 0.333386 0.503134 0.747402 1.092803 1.572649 2.227452 3.104966 4.259543 5.750604 7.640029 9.988385 12.849975 16.266903 20.262472 24.834478 29.949073 35.536030 41.486207 47.651950 53.850941 59.873670 65.494291 70.484202 74.627248 77.735192 79.661888 80.314698 79.661888 77.735192 74.627248 70.484202 65.494291 59.873670 53.850941 47.651950 41.486207 35.536030 29.949073 24.834478 20.262472 16.266903 12.849975 9.988385 7.640029 5.750604 4.259543 3.104966 2.227452 1.572649 1.092803 0.747402 0.503134 0.333386 0.217451 0.139618 0.088249 0.054913 0.033641 0.020291 0.012050 0.007046 0.004057 0.002300 0.001284 0.000706 0.000382 0.000204 0.000107 0.000055 0.000028 0.000014 0.000007 0.000003 0.000002 0.000001 0.000000 
0.000000 0.000000 0.000001 0.000002 0.000004 0.000009 0.000017 0.000034 0.000067 0.000130 0.000248 0.000464 0.000857 0.001558 0.002790 0.004918 0.008539 0.014599 0.024575 0.040731 0.066468 0.106787 0.168900 0.262986 0.403095 0.608185 0.903239 1.320355 1.899701 2.690112 3.749139 5.142269 6.941070 9.220051 12.052111 15.502578 19.622056 24.438487 29.949073 36.112908 42.845279 50.014628 57.443053 64.910945 72.165993 78.936257 84.946506 89.936528 93.679727 96.000189 96.786408 96.000189 93.679727 89.936528 84.946506 78.936257 72.165993 64.910945 57.443053 50.014628 42.845279 36.112908 29.949073 24.438487 19.622056 15.502578 12.052111 9.220051 6.941070 5.142269 3.749139 2.690112 1.899701 1.320355 0.903239 0.608185 0.403095 0.262986 0.168900 0.106787 0.066468 0.040731 0.024575 0.014599 0.008539 0.004918 0.002790 0.001558 0.000857 0.000464 0.000248 0.000130 0.000067 0.000034 0.000017 0.000009 0.000004 0.000002 0.000001 0.000000 
0.000000 0.000000 0.000001 0.000002 0.000005 0.000010 0.000021 0.000041 0.000081 0.000156 0.000296 0.000554 0.001023 0.001859 0.003327 0.005864 0.010178 0.017395 0.029274 0.048506 0.079134 0.127103 0.200982 0.312863 0.479432 0.723198 1.073813 1.569372 2.257527 3.196205 4.453652 6.107503 8.242582 10.947174 14.307622 18.401268 23.287974 29.000717 35.536030 42.845279 50.827922 59.327931 68.134385 76.986990 85.586742 93.611422 100.734948 106.649056 111.085326 113.835383 114.767149 113.835383 111.085326 106.649056 100.734948 93.611422 85.586742 76.986990 68.134385 59.327931 50.827922 42.845279 35.536030 29.000717 23.287974 18.401268 14.307622 10.947174 8.242582 6.107503 4.453652 3.196205 2.257527 1.569372 1.073813 0.723198 0.479432 0.312863 0.200982 0.127103 0.079134 0.048506 0.029274 0.017395 0.010178 0.005864 0.003327 0.001859 0.001023 0.000554 0.000296 0.000156 0.000081 0.000041 0.000021 0.000010 0.000005 0.000002 0.000001 0.000000 
0.000000 0.000000 0.000001 0.000003 0.000006 0.000012 0.000024 0.000048 0.000095 0.000183 0.000347 0.000651 0.001200 0.002181 0.003902 0.006876 0.011931 0.020385 0.034297 0.056815 0.092666 0.148803 0.235244 0.366116 0.560916 0.845938 1.255812 1.835014 2.639170 3.735885 5.204788 7.136443 9.629775 12.787721 16.710920 21.489479 27.193091 33.860068 41.486207 50.014628 59.327931 69.244031 79.516877 89.842883 99.873379 109.232669 117.540593 124.437788 129.611361 132.818421 133.905020 132.818421 129.611361 124.437788 117.540593 109.232669 99.873379 89.842883 79.516877 69.244031 59.327931 50.014628 41.486207 33.860068 27.193091 21.489479 16.710920 12.787721 9.629775 7.136443 5.204788 3.735885 2.639170 1.835014 1.255812 0.845938 0.560916 0.366116 0.235244 0.148803 0.092666 0.056815 0.034297 0.020385 0.011931 0.006876 0.003902 0.002181 0.001200 0.000651 0.000347 0.000183 0.000095 0.000048 0.000024 0.000012 0.000006 0.000003 0.000001 0.000000 
0.000000 0.000001 0.000001 0.000003 0.000007 0.000014 0.000028 0.000056 0.000109 0.000211 0.000401 0.000751 0.001385 0.002516 0.004501 0.007929 0.013754 0.023495 0.039520 0.065452 0.106730 0.171351 0.270833 0.421421 0.645524 0.973360 1.444717 2.110686 3.035157 4.295756 5.983903 8.203550 11.068221 14.696015 19.202361 24.690571 31.240496 38.895951 47.651950 57.443053 68.134385 79.516877 91.308093 103.159636 114.671421 125.412407 134.946466 142.861360 148.798177 152.478313 153.725187 152.478313 148.798177 142.861360 134.946466 125.412407 114.671421 103.159636 91.308093 79.516877 68.134385 57.443053 47.651950 38.895951 31.240496 24.690571 19.202361 14.696015 11.068221 8.203550 5.983903 4.295756 3.035157 2.110686 1.444717 0.973360 0.645524 0.421421 0.270833 0.171351 0.106730 0.065452 0.039520 0.023495 0.013754 0.007929 0.004501 0.002516 0.001385 0.000751 0.000401 0.000211 0.000109 0.000056 0.000028 0.000014 0.000007 0.000003 0.000001 0.000000 
