0.000000 0.000000 0.000000 0.000000 0.000000 0.000000 0.000000 0.000000 0.000000 0.000000 0.000000 0.000000 0.000000 0.000000 0.000000 0.000000 0.000000 0.000000 0.000000 0.000000 0.000000 0.000000 0.000000 0.000000 0.000000 0.000000 0.000000 0.000000 0.000000 0.000000 0.000000 0.000000 0.000000 0.000000 0.000000 0.000000 0.000000 0.000000 0.000000 0.000000 0.000000 0.000000 0.000000 0.000000 0.000000 0.000000 0.000000 0.000000 0.000000 0.000000 0.000000 0.000000 0.000000 0.000000 0.000000 0.000000 0.000000 0.000000 0.000000 0.000000 0.000000 0.000000 0.000000 0.000000 0.000000 0.000000 0.000000 0.000000 0.000000 0.000000 0.000000 0.000000 0.000000 0.000000 0.000000 0.000000 0.000000 0.000000 0.000000 0.000000 0.000000 0.000000 0.000000 0.000000 0.000000 0.000000 0.000000 0.000000 0.000000 0.000000 0.000000 0.000000 0.000000 0.000000 0.000000 0.000000 0.000000 0.000000 0.000000 0.000000 
0.000000 0.000000 0.000000 0.000000 0.000000 0.000000 0.000000 0.000000 0.000000 0.000000 0.000000 0.000000 0.000001 0.000001 0.000001 0.000002 0.000002 0.000003 0.000004 0.000006 0.000008 0.000011 0.000015 0.000019 0.000025 0.000033 0.000042 0.000053 0.000067 0.000083 0.000102 0.000124 0.000149 0.000177 0.000210 0.000245 0.000284 0.000325 0.000368 0.000414 0.000460 0.000506 0.000551 0.000595 0.000635 0.000671 0.000703 0.000728 0.000746 0.000758 0.000762 0.000758 0.000746 0.000728 0.000703 0.000671 0.000635 0.000595 0.000551 0.000506 0.000460 0.000414 0.000368 0.000325 0.000284 0.000245 0.000210 0.000177 0.000149 0.000124 0.000102 0.000083 0.000067 0.000053 0.000042 0.000033 0.000025 0.000019 0.000015 0.000011 0.000008 0.000006 0.000004 0.000003 0.000002 0.000002 0.000001 0.000001 0.000001 0.000000 0.000000 0.000000 0.000000 0.000000 0.000000 0.000000 0.000000 0.000000 0.000000 0.000000 
0.000000 0.000000 0.000000 0.000000 0.000000 0.000000 0.000000 0.000000 0.000000 0.000000 0.000001 0.000001 0.000001 0.000002 0.000003 0.000004 0.000005 0.000007 0.000010 0.000013 0.000018 0.000025 0.000033 0.000043 0.000056 0.000072 0.000093 0.000117 0.000147 0.000183 0.000224 0.000273 0.000329 0.000392 0.000463 0.000541 0.000627 0.000718 0.000814 0.000914 0.001016 0.001118 0.001219 0.001314 0.001403 0.001483 0.001552 0.001608 0.001649 0.001674 0.001683 0.001674 0.001649 0.001608 0.001552 0.001483 0.001403 0.001314 0.001219 0.001118 0.001016 0.000914 0.000814 0.000718 0.000627 0.000541 0.000463 0.000392 0.000329 0.000273 0.000224 0.000183 0.000147 0.000117 0.000093 0.000072 0.000056 0.000043 0.000033 0.000025 0.000018 0.000013 0.000010 0.000007 0.000005 0.000004 0.000003 0.000002 0.000001 0.000001 0.000001 0.000000 0.000000 0.000000 0.000000 0.000000 0.000000 0.000000 0.000000 0.000000 
0.000000 0.000000 0.000000 0.000000 0.000000 0.000000 0.000000 0.000000 0.000000 0.000001 0.000001 0.000001 0.000002 0.000003 0.000004 0.000006 0.000009 0.000012 0.000017 0.000024 0.000032 0.000043 0.000057 0.000075 0.000098 0.000127 0.000163 0.000206 0.000258 0.000321 0.000394 0.000479 0.000577 0.000688 0.000813 0.000950 0.001099 0.001259 0.001428 0.001603 0.001782 0.001961 0.002136 0.002304 0.002460 0.002600 0.002721 0.002818 0.002890 0.002934 0.002949 0.002934 0.002890 0.002818 0.002721 0.002600 0.002460 0.002304 0.002136 0.001961 0.001782 0.001603 0.001428 0.001259 0.001099 0.000950 0.000813 0.000688 0.000577 0.000479 0.000394 0.000321 0.000258 0.000206 0.000163 0.000127 0.000098 0.000075 0.000057 0.000043 0.000032 0.000024 0.000017 0.000012 0.000009 0.000006 0.000004 0.000003 0.000002 0.000001 0.000001 0.000001 0.000000 0.000000 0.000000 0.000000 0.000000 0.000000 0.000000 0.000000 
0.000000 0.000000 0.000000 0.000000 0.000000 0.000000 0.000000 0.000000 0.000001 0.000001 0.000002 0.000002 0.000003 0.000005 0.000007 0.000010 0.000015 0.000020 0.000028 0.000039 0.000052 0.000070 0.000094 0.000123 0.000161 0.000208 0.000266 0.000336 0.000421 0.000523 0.000642 0.000781 0.000941 0.001122 0.001325 0.001548 0.001791 0.002052 0.002327 0.002612 0.002903 0.003195 0.003480 0.003753 0.004007 0.004235 0.004432 0.004591 0.004708 0.004779 0.004803 0.004779 0.004708 0.004591 0.004432 0.004235 0.004007 0.003753 0.003480 0.003195 0.002903 0.002612 0.002327 0.002052 0.001791 0.001548 0.001325 0.001122 0.000941 0.000781 0.000642 0.000523 0.000421 0.000336 0.000266 0.000208 0.000161 0.000123 0.000094 0.000070 0.000052 0.000039 0.000028 0.000020 0.000015 0.000010 0.000007 0.000005 0.000003 0.000002 0.000002 0.000001 0.000001 0.000000 0.000000 0.000000 0.000000 0.000000 0.000000 0.000000 
0.000000 0.000000 0.000000 0.000000 0.000000 0.000000 0.000000 0.000001 0.000001 0.000002 0.000003 0.000004 0.000005 0.000008 0.000011 0.000016 0.000023 0.000032 0.000045 0.000061 0.000083 0.000111 0.000148 0.000195 0.000254 0.000329 0.000420 0.000532 0.000666 0.000827 0.001015 0.001235 0.001487 0.001773 0.002093 0.002445 0.002829 0.003240 0.003674 0.004125 0.004584 0.005044 0.005494 0.005924 0.006325 0.006685 0.006994 0.007245 0.007430 0.007543 0.007581 0.007543 0.007430 0.007245 0.006994 0.006685 0.006325 0.005924 0.005494 0.005044 0.004584 0.004125 0.003674 0.003240 0.002829 0.002445 0.002093 0.001773 0.001487 0.001235 0.001015 0.000827 0.000666 0.000532 0.000420 0.000329 0.000254 0.000195 0.000148 0.000111 0.000083 0.000061 0.000045 0.000032 0.000023 0.000016 0.000011 0.000008 0.000005 0.000004 0.000003 0.000002 0.000001 0.000001 0.000000 0.000000 0.000000 0.000000 0.000000 0.000000 
0.000000 0.000000 0.000000 0.000000 0.000000 0.000000 0.000001 0.000001 0.000002 0.000003 0.000004 0.000006 0.000009 0.000012 0.000018 0.000025 0.000036 0.000050 0.000069 0.000095 0.000129 0.000173 0.000230 0.000303 0.000396 0.000511 0.000653 0.000826 0.001035 0.001284 0.001577 0.001918 0.002309 0.002753 0.003248 0.003795 0.004390 0.005028 0.005701 0.006399 0.007111 0.007824 0.008521 0.009189 0.009809 0.010367 0.010847 0.011235 0.011521 0.011697 0.011755 0.011697 0.011521 0.011235 0.010847 0.010367 0.009809 0.009189 0.008521 0.007824 0.007111 0.006399 0.005701 0.005028 0.004390 0.003795 0.003248 0.002753 0.002309 0.001918 0.001577 0.001284 0.001035 0.000826 0.000653 0.000511 0.000396 0.000303 0.000230 0.000173 0.000129 0.000095 0.000069 0.000050 0.000036 0.000025 0.000018 0.000012 0.000009 0.000006 0.000004 0.000003 0.000002 0.000001 0.000001 0.000000 0.000000 0.000000 0.000000 0.000000 
0.000000 0.000000 0.000000 0.000000 0.000000 0.000001 0.000001 0.000002 0.000003 0.000004 0.000006 0.000009 0.000013 0.000019 0.000028 0.000039 0.000055 0.000077 0.000107 0.000146 0.000198 0.000266 0.000354 0.000466 0.000608 0.000784 0.001002 0.001268 0.001588 0.001970 0.002419 0.002941 0.003541 0.004220 0.004980 0.005817 0.006729 0.007705 0.008735 0.009804 0.010894 0.011985 0.013053 0.014074 0.015024 0.015877 0.016612 0.017206 0.017644 0.017912 0.018002 0.017912 0.017644 0.017206 0.016612 0.015877 0.015024 0.014074 0.013053 0.011985 0.010894 0.009804 0.008735 0.007705 0.006729 0.005817 0.004980 0.004220 0.003541 0.002941 0.002419 0.001970 0.001588 0.001268 0.001002 0.000784 0.000608 0.000466 0.000354 0.000266 0.000198 0.000146 0.000107 0.000077 0.000055 0.000039 0.000028 0.000019 0.000013 0.000009 0.000006 0.000004 0.000003 0.000002 0.000001 0.000001 0.000000 0.000000 0.000000 0.000000 
0.000000 0.000000 0.000000 0.000000 0.000001 0.000001 0.000002 0.000003 0.000004 0.000006 0.000009 0.000014 0.000020 0.000029 0.000042 0.000060 0.000084 0.000117 0.000162 0.000222 0.000302 0.000405 0.000538 0.000708 0.000923 0.001191 0.001522 0.001925 0.002411 0.002990 0.003671 0.004463 0.005372 0.006401 0.007552 0.008822 0.010202 0.011682 0.013242 0.014861 0.016512 0.018164 0.019781 0.021328 0.022766 0.024058 0.025170 0.026070 0.026733 0.027138 0.027275 0.027138 0.026733 0.026070 0.025170 0.024058 0.022766 0.021328 0.019781 0.018164 0.016512 0.014861 0.013242 0.011682 0.010202 0.008822 0.007552 0.006401 0.005372 0.004463 0.003671 0.002990 0.002411 0.001925 0.001522 0.001191 0.000923 0.000708 0.000538 0.000405 0.000302 0.000222 0.000162 0.000117 0.000084 0.000060 0.000042 0.000029 0.000020 0.000014 0.000009 0.000006 0.000004 0.000003 0.000002 0.000001 0.000001 0.000000 0.000000 0.000000 
0.000000 0.000000 0.000000 0.000001 0.000001 0.000002 0.000003 0.000004 0.000006 0.000009 0.000014 0.000021 0.000030 0.000044 0.000063 0.000090 0.000127 0.000177 0.000245 0.000335 0.000454 0.000609 0.000810 0.001065 0.001388 0.001791 0.002288 0.002893 0.003623 0.004493 0.005516 0.006704 0.008068 0.009613 0.011340 0.013245 0.015316 0.017535 0.019875 0.022303 0.024779 0.027255 0.029680 0.031999 0.034155 0.036092 0.037758 0.039108 0.040101 0.040709 0.040914 0.040709 0.040101 0.039108 0.037758 0.036092 0.034155 0.031999 0.029680 0.027255 0.024779 0.022303 0.019875 0.017535 0.015316 0.013245 0.011340 0.009613 0.008068 0.006704 0.005516 0.004493 0.003623 0.002893 0.002288 0.001791 0.001388 0.001065 0.000810 0.000609 0.000454 0.000335 0.000245 0.000177 0.000127 0.000090 0.000063 0.000044 0.000030 0.000021 0.000014 0.000009 0.000006 0.000004 0.000003 0.000002 0.000001 0.000001 0.000000 0.000000 
0.000000 0.000000 0.000001 0.000001 0.000002 0.000003 0.000004 0.000006 0.000009 0.000014 0.000021 0.000031 0.000045 0.000066 0.000094 0.000134 0.000189 0.000264 0.000365 0.000499 0.000677 0.000908 0.001206 0.001587 0.002067 0.002667 0.003406 0.004307 0.005393 0.006685 0.008206 0.009973 0.012000 0.014296 0.016863 0.019693 0.022770 0.026065 0.029541 0.033147 0.036824 0.040501 0.044102 0.047544 0.050745 0.053621 0.056095 0.058098 0.059572 0.060475 0.060778 0.060475 0.059572 0.058098 0.056095 0.053621 0.050745 0.047544 0.044102 0.040501 0.036824 0.033147 0.029541 0.026065 0.022770 0.019693 0.016863 0.014296 0.012000 0.009973 0.008206 0.006685 0.005393 0.004307 0.003406 0.002667 0.002067 0.001587 0.001206 0.000908 0.000677 0.000499 0.000365 0.000264 0.000189 0.000134 0.000094 0.000066 0.000045 0.000031 0.000021 0.000014 0.000009 0.000006 0.000004 0.000002 0.000002 0.000001 0.000000 0.000000 
0.000000 0.000000 0.000001 0.000001 0.000002 0.000004 0.000006 0.000009 0.000014 0.000021 0.000031 0.000046 0.000067 0.000097 0.000139 0.000198 0.000279 0.000390 0.000539 0.000737 0.000999 0.001340 0.001780 0.002341 0.003049 0.003933 0.005022 0.006349 0.007949 0.009852 0.012092 0.014693 0.017677 0.021057 0.024834 0.028998 0.033525 0.038373 0.043486 0.048791 0.054198 0.059606 0.064901 0.069963 0.074669 0.078898 0.082535 0.085480 0.087648 0.088975 0.089422 0.088975 0.087648 0.085480 0.082535 0.078898 0.074669 0.069963 0.064901 0.059606 0.054198 0.048791 0.043486 0.038373 0.033525 0.028998 0.024834 0.021057 0.017677 0.014693 0.012092 0.009852 0.007949 0.006349 0.005022 0.003933 0.003049 0.002341 0.001780 0.001340 0.000999 0.000737 0.000539 0.000390 0.000279 0.000198 0.000139 0.000097 0.000067 0.000046 0.000031 0.000021 0.000014 0.000009 0.000006 0.000004 0.000002 0.000001 0.000001 0.000000 
0.000000 0.000001 0.000001 0.000002 0.000003 0.000005 0.000009 0.000013 0.000020 0.000030 0.000045 0.000067 0.000098 0.000142 0.000204 0.000290 0.000409 0.000570 0.000788 0.001078 0.001460 0.001959 0.002601 0.003421 0.004455 0.005744 0.007333 0.009270 0.011603 0.014380 0.017645 0.021439 0.025789 0.030716 0.036222 0.042291 0.048887 0.055951 0.063401 0.071129 0.079006 0.086883 0.094596 0.101968 0.108821 0.114979 0.120276 0.124565 0.127721 0.129653 0.130304 0.129653 0.127721 0.124565 0.120276 0.114979 0.108821 0.101968 0.094596 0.086883 0.079006 0.071129 0.063401 0.055951 0.048887 0.042291 0.036222 0.030716 0.025789 0.021439 0.017645 0.014380 0.011603 0.009270 0.007333 0.005744 0.004455 0.003421 0.002601 0.001959 0.001460 0.001078 0.000788 0.000570 0.000409 0.000290 0.000204 0.000142 0.000098 0.000067 0.000045 0.000030 0.000020 0.000013 0.000008 0.000005 0.000003 0.000002 0.000001 0.000000 
0.000000 0.000001 0.000002 0.000003 0.000005 0.000008 0.000012 0.000019 0.000029 0.000044 0.000066 0.000097 0.000142 0.000206 0.000296 0.000421 0.000593 0.000826 0.001141 0.001561 0.002114 0.002835 0.003765 0.004950 0.006445 0.008308 0.010605 0.013404 0.016775 0.020786 0.025503 0.030981 0.037263 0.044376 0.052324 0.061085 0.070605 0.080800 0.091550 0.102701 0.114066 0.125430 0.136556 0.147191 0.157076 0.165958 0.173598 0.179783 0.184335 0.187122 0.188060 0.187122 0.184335 0.179783 0.173598 0.165958 0.157076 0.147191 0.136556 0.125430 0.114066 0.102701 0.091550 0.080800 0.070605 0.061085 0.052324 0.044376 0.037263 0.030981 0.025503 0.020786 0.016775 0.013404 0.010605 0.008308 0.006445 0.004950 0.003765 0.002835 0.002114 0.001561 0.001141 0.000826 0.000593 0.000421 0.000296 0.000206 0.000142 0.000097 0.000066 0.000044 0.000029 0.000019 0.000012 0.000008 0.000005 0.000003 0.000001 0.000000 
0.000000 0.000001 0.000003 0.000004 0.000007 0.000011 0.000018 0.000028 0.000042 0.000063 0.000094 0.000139 0.000204 0.000296 0.000425 0.000604 0.000850 0.001186 0.001637 0.002239 0.003031 0.004064 0.005396 0.007093 0.009234 0.011902 0.015190 0.019195 0.024019 0.029758 0.036505 0.044340 0.053325 0.063496 0.074860 0.087384 0.100993 0.115565 0.130929 0.146864 0.163105 0.179343 0.195239 0.210433 0.224555 0.237244 0.248158 0.256993 0.263496 0.267477 0.268817 0.267477 0.263496 0.256993 0.248158 0.237244 0.224555 0.210433 0.195239 0.179343 0.163105 0.146864 0.130929 0.115565 0.100993 0.087384 0.074860 0.063496 0.053325 0.044340 0.036505 0.029758 0.024019 0.019195 0.015190 0.011902 0.009234 0.007093 0.005396 0.004064 0.003031 0.002239 0.001637 0.001186 0.000850 0.000604 0.000425 0.000296 0.000204 0.000139 0.000094 0.000063 0.000042 0.000027 0.000018 0.000011 0.000007 0.000004 0.000002 0.000000 
0.000000 0.000002 0.000004 0.000006 0.000010 0.000016 0.000025 0.000039 0.000060 0.000090 0.000134 0.000198 0.000290 0.000421 0.000604 0.000859 0.001209 0.001685 0.002326 0.003180 0.004305 0.005770 0.007659 0.010067 0.013102 0.016885 0.021546 0.027224 0.034059 0.042192 0.051751 0.062850 0.075575 0.089980 0.106072 0.123804 0.143072 0.163701 0.185448 0.208003 0.230988 0.253967 0.276462 0.297962 0.317945 0.335898 0.351340 0.363840 0.373040 0.378671 0.380568 0.378671 0.373040 0.363840 0.351340 0.335898 0.317945 0.297962 0.276462 0.253967 0.230988 0.208003 0.185448 0.163701 0.143072 0.123804 0.106072 0.089980 0.075575 0.062850 0.051751 0.042192 0.034059 0.027224 0.021546 0.016885 0.013102 0.010067 0.007659 0.005770 0.004305 0.003180 0.002326 0.001685 0.001209 0.000859 0.000604 0.000421 0.000290 0.000198 0.000134 0.000090 0.000060 0.000039 0.000025 0.000016 0.000010 0.000006 0.000003 0.000000 
0.000000 0.000002 0.000005 0.000009 0.000015 0.000023 0.000036 0.000055 0.000084 0.000127 0.000189 0.000279 0.000409 0.000593 0.000850 0.001209 0.001701 0.002371 0.003273 0.004473 0.006053 0.008113 0.010767 0.014149 0.018412 0.023723 0.030267 0.038238 0.047831 0.059244 0.072656 0.088227 0.106079 0.126283 0.148851 0.173718 0.200734 0.229656 0.260145 0.291762 0.323979 0.356188 0.387715 0.417846 0.445850 0.471009 0.492647 0.510163 0.523055 0.530946 0.533602 0.530946 0.523055 0.510163 0.492647 0.471009 0.445850 0.417846 0.387715 0.356188 0.323979 0.291762 0.260145 0.229656 0.200734 0.173718 0.148851 0.126283 0.106079 0.088227 0.072656 0.059244 0.047831 0.038238 0.030267 0.023723 0.018412 0.014149 0.010767 0.008113 0.006053 0.004473 0.003273 0.002371 0.001701 0.001209 0.000850 0.000593 0.000409 0.000279 0.000189 0.000127 0.000084 0.000055 0.000036 0.000023 0.000014 0.000008 0.000004 0.000000 
0.000000 0.000003 0.000007 0.000012 0.000020 0.000032 0.000050 0.000077 0.000117 0.000177 0.000264 0.000390 0.000570 0.000826 0.001186 0.001685 0.002371 0.003304 0.004559 0.006230 0.008430 0.011296 0.014989 0.019694 0.025622 0.033009 0.042108 0.053188 0.066524 0.082384 0.101023 0.122658 0.147458 0.175524 0.206870 0.241406 0.278923 0.319083 0.361415 0.405311 0.450037 0.494747 0.538510 0.580332 0.619200 0.654117 0.684148 0.708456 0.726347 0.737298 0.740985 0.737298 0.726347 0.708456 0.684148 0.654117 0.619200 0.580332 0.538510 0.494747 0.450037 0.405311 0.361415 0.319083 0.278923 0.241406 0.206870 0.175524 0.147458 0.122658 0.101023 0.082384 0.066524 0.053188 0.042108 0.033009 0.025622 0.019694 0.014989 0.011296 0.008430 0.006230 0.004559 0.003304 0.002371 0.001685 0.001186 0.000826 0.000570 0.000390 0.000264 0.000177 0.000117 0.000077 0.000050 0.000032 0.000020 0.000011 0.000005 0.000000 
0.000000 0.000004 0.000010 0.000017 0.000028 0.000045 0.000069 0.000107 0.000162 0.000245 0.000365 0.000539 0.000788 0.001141 0.001637 0.002326 0.003273 0.004559 0.006290 0.008594 0.011626 0.015576 0.020664 0.027146 0.035312 0.045484 0.058014 0.073269 0.091626 0.113457 0.139107 0.168878 0.203001 0.241612 0.284731 0.332233 0.383831 0.439060 0.497270 0.557627 0.619120 0.680589 0.740751 0.798242 0.851670 0.899666 0.940944 0.974355 0.998946 1.013997 1.019065 1.013997 0.998946 0.974355 0.940944 0.899666 0.851670 0.798242 0.740751 0.680589 0.619120 0.557627 0.497270 0.439060 0.383831 0.332233 0.284731 0.241612 0.203001 0.168878 0.139107 0.113457 0.091626 0.073269 0.058014 0.045484 0.035312 0.027146 0.020664 0.015576 0.011626 0.008594 0.006290 0.004559 0.003273 0.002326 0.001637 0.001141 0.000788 0.000539 0.000365 0.000245 0.000162 0.000107 0.000069 0.000044 0.000027 0.000016 0.000007 0.000000 
0.000000 0.000006 0.000013 0.000024 0.000039 0.000061 0.000095 0.000146 0.000222 0.000335 0.000499 0.000737 0.001078 0.001561 0.002239 0.003180 0.004473 0.006230 0.008594 0.011738 0.015878 0.021269 0.028211 0.037054 0.048193 0.062068 0.079153 0.099953 0.124979 0.154737 0.189697 0.230267 0.276763 0.329370 0.388112 0.452819 0.523099 0.598319 0.677593 0.759783 0.843516 0.927211 1.009122 1.087393 1.160130 1.225468 1.281659 1.327141 1.360614 1.381102 1.388000 1.381102 1.360614 1.327141 1.281659 1.225468 1.160130 1.087393 1.009122 0.927211 0.843516 0.759783 0.677593 0.598319 0.523099 0.452819 0.388112 0.329370 0.276763 0.230267 0.189697 0.154737 0.124979 0.099953 0.079153 0.062068 0.048193 0.037054 0.028211 0.021269 0.015878 0.011738 0.008594 0.006230 0.004473 0.003180 0.002239 0.001561 0.001078 0.000737 0.000499 0.000335 0.000222 0.000146 0.000095 0.000060 0.000037 0.000021 0.000010 0.000000 
0.000000 0.000008 0.000018 0.000032 0.000052 0.000083 0.000129 0.000198 0.000302 0.000454 0.000677 0.000999 0.001460 0.002114 0.003031 0.004305 0.006053 0.008430 0.011626 0.015878 0.021474 0.028759 0.038140 0.050088 0.065136 0.083875 0.106949 0.135034 0.168822 0.208992 0.256180 0.310934 0.373677 0.444660 0.523913 0.611206 0.706010 0.807468 0.914386 1.025230 1.138148 1.251008 1.361455 1.466990 1.565059 1.653151 1.728906 1.790223 1.835349 1.862970 1.872269 1.862970 1.835349 1.790223 1.728906 1.653151 1.565059 1.466990 1.361455 1.251008 1.138148 1.025230 0.914386 0.807468 0.706010 0.611206 0.523913 0.444660 0.373677 0.310934 0.256180 0.208992 0.168822 0.135034 0.106949 0.083875 0.065136 0.050088 0.038140 0.028759 0.021474 0.015878 0.011626 0.008430 0.006053 0.004305 0.003031 0.002114 0.001460 0.000999 0.000676 0.000454 0.000301 0.000198 0.000128 0.000082 0.000050 0.000029 0.000013 0.000000 
0.000000 0.000011 0.000025 0.000043 0.000070 0.000111 0.000173 0.000266 0.000405 0.000609 0.000908 0.001340 0.001959 0.002835 0.004064 0.005770 0.008113 0.011296 0.015576 0.021269 0.028759 0.038510 0.051063 0.067049 0.087178 0.112244 0.143102 0.180657 0.225832 0.279534 0.342609 0.415790 0.499641 0.594493 0.700386 0.817011 0.943660 1.079188 1.221998 1.370043 1.520849 1.671567 1.819057 1.959982 2.090930 2.208552 2.309701 2.391568 2.451818 2.488695 2.501110 2.488695 2.451818 2.391568 2.309701 2.208552 2.090930 1.959982 1.819057 1.671567 1.520849 1.370043 1.221998 1.079188 0.943660 0.817011 0.700386 0.594493 0.499641 0.415790 0.342609 0.279534 0.225832 0.180657 0.143102 0.112244 0.087178 0.067049 0.051063 0.038510 0.028759 0.021269 0.015576 0.011296 0.008113 0.005770 0.004064 0.002835 0.001958 0.001340 0.000908 0.000609 0.000404 0.000266 0.000172 0.000110 0.000068 0.000039 0.000018 0.000000 
0.000000 0.000015 0.000033 0.000057 0.000094 0.000148 0.000230 0.000354 0.000538 0.000810 0.001206 0.001780 0.002601 0.003765 0.005396 0.007659 0.010767 0.014989 0.020664 0.028211 0.038140 0.051063 0.067699 0.088878 0.115546 0.148746 0.189615 0.239346 0.299160 0.370256 0.453751 0.550614 0.661587 0.787109 0.927228 1.081535 1.249089 1.428378 1.617288 1.813108 2.012568 2.211902 2.406957 2.593320 2.766484 2.922021 3.055771 3.164022 3.243688 3.292448 3.308864 3.292448 3.243688 3.164022 3.055771 2.922021 2.766484 2.593320 2.406957 2.211902 2.012568 1.813108 1.617288 1.428378 1.249089 1.081535 0.927228 0.787109 0.661587 0.550614 0.453751 0.370256 0.299160 0.239346 0.189615 0.148746 0.115546 0.088878 0.067699 0.051063 0.038140 0.028211 0.020664 0.014989 0.010767 0.007659 0.005396 0.003765 0.002601 0.001780 0.001206 0.000809 0.000538 0.000353 0.000229 0.000146 0.000090 0.000052 0.000023 0.000000 
0.000000 0.000019 0.000043 0.000075 0.000123 0.000195 0.000303 0.000466 0.000708 0.001065 0.001587 0.002341 0.003421 0.004950 0.007093 0.010067 0.014149 0.019694 0.027146 0.037054 0.050088 0.067049 0.088878 0.116668 0.151652 0.195201 0.248801 0.314016 0.392445 0.485655 0.595110 0.722075 0.867521 1.032019 1.215632 1.417818 1.637346 1.872230 2.119702 2.376211 2.637472 2.898555 3.154020 3.398092 3.624870 3.828556 4.003705 4.145461 4.249781 4.313632 4.335128 4.313632 4.249781 4.145461 4.003705 3.828556 3.624870 3.398092 3.154020 2.898555 2.637472 2.376211 2.119702 1.872230 1.637346 1.417818 1.215632 1.032019 0.867521 0.722075 0.595110 0.485655 0.392445 0.314016 0.248801 0.195201 0.151652 0.116668 0.088878 0.067049 0.050088 0.037054 0.027146 0.019694 0.014149 0.010067 0.007093 0.004950 0.003421 0.002341 0.001587 0.001065 0.000708 0.000465 0.000302 0.000192 0.000119 0.000068 0.000031 0.000000 
0.000000 0.000025 0.000056 0.000098 0.000161 0.000254 0.000396 0.000608 0.000923 0.001388 0.002067 0.003049 0.004455 0.006445 0.009234 0.013102 0.018412 0.025622 0.035312 0.048193 0.065136 0.087178 0.115546 0.151652 0.197100 0.253668 0.323281 0.407971 0.509808 0.630825 0.772917 0.937725 1.126503 1.339990 1.578264 1.840620 2.125455 2.430195 2.751244 3.083997 3.422896 3.761546 4.092895 4.409454 4.703571 4.967732 5.194877 5.378712 5.513998 5.596799 5.624676 5.596799 5.513998 5.378712 5.194877 4.967732 4.703571 4.409454 4.092895 3.761546 3.422896 3.083997 2.751244 2.430195 2.125455 1.840620 1.578264 1.339990 1.126503 0.937725 0.772917 0.630825 0.509808 0.407971 0.323281 0.253668 0.197100 0.151652 0.115546 0.087178 0.065136 0.048193 0.035312 0.025622 0.018411 0.013102 0.009234 0.006445 0.004455 0.003049 0.002067 0.001388 0.000922 0.000606 0.000393 0.000251 0.000155 0.000089 0.000040 0.000000 
0.000000 0.000033 0.000072 0.000127 0.000208 0.000329 0.000511 0.000784 0.001191 0.001791 0.002667 0.003933 0.005744 0.008308 0.011902 0.016885 0.023723 0.033009 0.045484 0.062068 0.083875 0.112244 0.148746 0.195201 0.253668 0.326430 0.415963 0.524872 0.655818 0.811410 0.994079 1.205930 1.448572 1.722947 2.029155 2.366283 2.732272 3.123808 3.536274 3.963751 4.399099 4.834108 5.259719 5.666316 6.044075 6.383350 6.675076 6.911174 7.084918 7.191256 7.227057 7.191256 7.084918 6.911174 6.675076 6.383350 6.044075 5.666316 5.259719 4.834108 4.399099 3.963751 3.536274 3.123808 2.732272 2.366283 2.029155 1.722947 1.448572 1.205930 0.994079 0.811410 0.655818 0.524872 0.415963 0.326430 0.253668 0.195201 0.148746 0.112244 0.083875 0.062068 0.045484 0.033009 0.023723 0.016885 0.011902 0.008308 0.005744 0.003933 0.002666 0.001790 0.001190 0.000782 0.000508 0.000324 0.000200 0.000115 0.000052 0.000000 
0.000000 0.000042 0.000093 0.000163 0.000266 0.000420 0.000653 0.001002 0.001522 0.002288 0.003406 0.005022 0.007333 0.010605 0.015190 0.021546 0.030267 0.042108 0.058014 0.079153 0.106949 0.143102 0.189615 0.248801 0.323281 0.415963 0.529992 0.668683 0.835419 1.033517 1.266067 1.535741 1.844584 2.193789 2.583476 3.012481 3.478180 3.976354 4.501125 5.044964 5.598789 6.152155 6.693543 7.210727 7.691213 8.122738 8.493776 8.794057 9.015030 9.150273 9.195804 9.150273 9.015030 8.794057 8.493776 8.122738 7.691213 7.210727 6.693543 6.152155 5.598789 5.044964 4.501125 3.976354 3.478180 3.012481 2.583476 2.193789 1.844584 1.535741 1.266067 1.033517 0.835419 0.668683 0.529992 0.415963 0.323281 0.248801 0.189615 0.143102 0.106949 0.079153 0.058014 0.042108 0.030267 0.021546 0.015190 0.010605 0.007333 0.005022 0.003405 0.002287 0.001520 0.001000 0.000649 0.000414 0.000256 0.000147 0.000067 0.000000 
0.000000 0.000053 0.000117 0.000206 0.000336 0.000532 0.000826 0.001268 0.001925 0.002893 0.004307 0.006349 0.009270 0.013404 0.019195 0.027224 0.038238 0.053188 0.073269 0.099953 0.135034 0.180657 0.239346 0.314016 0.407971 0.524872 0.668683 0.843579 1.053819 1.303579 1.596748 1.936688 2.325969 2.766089 3.257193 3.797809 4.384625 5.012323 5.673495 6.358654 7.056358 7.753454 8.435433 9.086898 9.692119 10.235653 10.702991 11.081198 11.359513 11.529851 11.587196 11.529851 11.359513 11.081198 10.702991 10.235653 9.692119 9.086898 8.435433 7.753454 7.056358 6.358654 5.673495 5.012323 4.384625 3.797809 3.257193 2.766089 2.325969 1.936688 1.596748 1.303579 1.053819 0.843579 0.668683 0.524872 0.407971 0.314016 0.239346 0.180657 0.135034 0.099953 0.073269 0.053188 0.038237 0.027224 0.019195 0.013404 0.009270 0.006349 0.004306 0.002893 0.001923 0.001265 0.000822 0.000524 0.000324 0.000186 0.000084 0.000000 
0.000000 0.000067 0.000147 0.000258 0.000421 0.000666 0.001035 0.001588 0.002411 0.003623 0.005393 0.007949 0.011603 0.016775 0.024019 0.034059 0.047831 0.066524 0.091626 0.124979 0.168822 0.225832 0.299160 0.392445 0.509808 0.655818 0.835419 1.053819 1.316328 1.628154 1.994142 2.418482 2.904374 3.453680 4.066573 4.741210 5.473453 6.256662 7.081592 7.936406 8.806830 9.676458 10.527195 11.339838 12.094774 12.772745 13.355661 13.827396 14.174531 14.386987 14.458512 14.386987 14.174531 13.827396 13.355661 12.772745 12.094774 11.339838 10.527195 9.676458 8.806830 7.936406 7.081592 6.256662 5.473453 4.741210 4.066573 3.453680 2.904374 2.418482 1.994142 1.628154 1.316328 1.053819 0.835419 0.655818 0.509808 0.392445 0.299160 0.225832 0.168822 0.124979 0.091626 0.066524 0.047831 0.034059 0.024019 0.016775 0.011603 0.007948 0.005392 0.003622 0.002409 0.001585 0.001029 0.000657 0.000406 0.000233 0.000106 0.000000 
0.000000 0.000083 0.000183 0.000321 0.000523 0.000827 0.001284 0.001970 0.002990 0.004493 0.006685 0.009852 0.014380 0.020786 0.029758 0.042192 0.059244 0.082384 0.113457 0.154737 0.208992 0.279534 0.370256 0.485655 0.630825 0.811410 1.033517 1.303579 1.628154 2.013670 2.466109 2.990641 3.591211 4.270111 5.027546 5.861232 6.766050 7.733789 8.753024 9.809130 10.884474 11.958790 13.009728 14.013576 14.946112 15.783556 16.503571 17.086246 17.515013 17.777428 17.865772 17.777428 17.515013 17.086246 16.503571 15.783556 14.946112 14.013576 13.009728 11.958790 10.884474 9.809130 8.753024 7.733789 6.766050 5.861232 5.027546 4.270111 3.591211 2.990641 2.466109 2.013670 1.628154 1.303579 1.033517 0.811410 0.630825 0.485655 0.370256 0.279534 0.208992 0.154737 0.113457 0.082384 0.059244 0.042192 0.029758 0.020786 0.014380 0.009852 0.006685 0.004491 0.002987 0.001966 0.001277 0.000815 0.000503 0.000289 0.000131 0.000000 
0.000000 0.000102 0.000224 0.000394 0.000642 0.001015 0.001577 0.002419 0.003671 0.005516 0.008206 0.012092 0.017645 0.025503 0.036505 0.051751 0.072656 0.101023 0.139107 0.189697 0.256180 0.342609 0.453751 0.595110 0.772917 0.994079 1.266067 1.596748 1.994142 2.466109 3.019962 3.662016 4.397089 5.227977 6.154920 7.175115 8.282288 9.466391 10.713438 12.005537 13.321115 14.635384 15.921009 17.148989 18.289703 19.314073 20.194785 20.907495 21.431942 21.752913 21.860969 21.752913 21.431942 20.907495 20.194785 19.314073 18.289703 17.148989 15.921009 14.635384 13.321115 12.005537 10.713438 9.466391 8.282288 7.175115 6.154920 5.227977 4.397089 3.662016 3.019962 2.466109 1.994142 1.596748 1.266067 0.994079 0.772917 0.595110 0.453751 0.342609 0.256180 0.189697 0.139107 0.101023 0.072656 0.051751 0.036505 0.025503 0.017645 0.012091 0.008205 0.005514 0.003668 0.002414 0.001569 0.001001 0.000619 0.000355 0.000161 0.000000 
0.000000 0.000124 0.000273 0.000479 0.000781 0.001235 0.001918 0.002941 0.004463 0.006704 0.009973 0.014693 0.021439 0.030981 0.044340 0.062850 0.088227 0.122658 0.168878 0.230267 0.310934 0.415790 0.550614 0.722075 0.937725 1.205930 1.535741 1.936688 2.418482 2.990641 3.662016 4.440249 5.331168 6.338147 7.461469 8.697723 10.039301 11.474021 12.984935 14.550361 16.144169 17.736331 19.293740 20.781273 22.163059 23.403885 24.470678 25.333959 25.969197 26.357971 26.488853 26.357971 25.969197 25.333959 24.470678 23.403885 22.163059 20.781273 19.293740 17.736331 16.144169 14.550361 12.984935 11.474021 10.039301 8.697723 7.461469 6.338147 5.331168 4.440249 3.662016 2.990641 2.418482 1.936688 1.535741 1.205930 0.937725 0.722075 0.550614 0.415790 0.310934 0.230267 0.168878 0.122658 0.088227 0.062849 0.044340 0.030981 0.021438 0.014692 0.009972 0.006702 0.004459 0.002935 0.001907 0.001217 0.000752 0.000432 0.000196 0.000000 
0.000000 0.000149 0.000329 0.000577 0.000941 0.001487 0.002309 0.003541 0.005372 0.008068 0.012000 0.017677 0.025789 0.037263 0.053325 0.075575 0.106079 0.147458 0.203001 0.276763 0.373677 0.499641 0.661587 0.867521 1.126503 1.448572 1.844584 2.325969 2.904374 3.591211 4.397089 5.331168 6.400427 7.608901 8.956916 10.440369 12.050121 13.771548 15.584311 17.462397 19.374459 21.284478 23.152746 24.937140 26.594642 28.083028 29.362634 30.398116 31.160059 31.626374 31.783360 31.626374 31.160059 30.398116 29.362634 28.083028 26.594642 24.937140 23.152746 21.284478 19.374459 17.462397 15.584311 13.771548 12.050121 10.440369 8.956916 7.608901 6.400427 5.331168 4.397089 3.591211 2.904374 2.325969 1.844584 1.448572 1.126503 0.867521 0.661587 0.499641 0.373677 0.276763 0.203001 0.147458 0.106079 0.075575 0.053325 0.037263 0.025789 0.017676 0.011999 0.008065 0.005367 0.003533 0.002296 0.001466 0.000906 0.000520 0.000236 0.000000 
0.000000 0.000177 0.000392 0.000688 0.001122 0.001773 0.002753 0.004220 0.006401 0.009613 0.014296 0.021057 0.030716 0.044376 0.063496 0.089980 0.126283 0.175524 0.241612 0.329370 0.444660 0.594493 0.787109 1.032019 1.339990 1.722947 2.193789 2.766089 3.453680 4.270111 5.227977 6.338147 7.608901 9.045018 10.646870 12.409569 14.322245 16.367514 18.521208 20.752422 23.023915 25.292905 27.512230 29.631865 31.600721 33.368656 34.888575 36.118505 37.023520 37.577393 37.763855 37.577393 37.023520 36.118505 34.888575 33.368656 31.600721 29.631865 27.512230 25.292905 23.023915 20.752422 18.521208 16.367514 14.322245 12.409569 10.646870 9.045018 7.608901 6.338147 5.227977 4.270111 3.453680 2.766089 2.193789 1.722947 1.339990 1.032019 0.787109 0.594493 0.444660 0.329370 0.241612 0.175524 0.126283 0.089980 0.063496 0.044376 0.030715 0.021056 0.014295 0.009610 0.006396 0.004211 0.002737 0.001748 0.001080 0.000620 0.000282 0.000000 
0.000000 0.000210 0.000463 0.000813 0.001325 0.002093 0.003248 0.004980 0.007552 0.011340 0.016863 0.024834 0.036222 0.052324 0.074860 0.106072 0.148851 0.206870 0.284731 0.388112 0.523913 0.700386 0.927228 1.215632 1.578264 2.029155 2.583476 3.257193 4.066573 5.027546 6.154920 7.461469 8.956916 10.646870 12.531751 14.605794 16.856197 19.262500 21.796263 24.421125 27.093280 29.762406 32.373035 34.866332 37.182219 39.261732 41.049490 42.496138 43.560611 44.212069 44.431382 44.212069 43.560611 42.496138 41.049490 39.261732 37.182219 34.866332 32.373035 29.762406 27.093280 24.421125 21.796263 19.262500 16.856197 14.605794 12.531751 10.646870 8.956916 7.461469 6.154920 5.027546 4.066573 3.257193 2.583476 2.029155 1.578264 1.215632 0.927228 0.700386 0.523913 0.388112 0.284731 0.206870 0.148851 0.106072 0.074860 0.052324 0.036221 0.024833 0.016861 0.011337 0.007546 0.004969 0.003230 0.002063 0.001275 0.000732 0.000332 0.000000 
0.000000 0.000245 0.000541 0.000950 0.001548 0.002445 0.003795 0.005817 0.008822 0.013245 0.019693 0.028998 0.042291 0.061085 0.087384 0.123804 0.173718 0.241406 0.332233 0.452819 0.611206 0.817011 1.081535 1.417818 1.840620 2.366283 3.012481 3.797809 4.741210 5.861232 7.175115 8.697723 10.440369 12.409569 14.605794 17.022312 19.644195 22.447595 25.399375 28.457174 31.569965 34.679135 37.720081 40.624286 43.321788 45.743922 47.826200 49.511153 50.750965 51.509725 51.765161 51.509725 50.750965 49.511153 47.826200 45.743922 43.321788 40.624286 37.720081 34.679135 31.569965 28.457174 25.399375 22.447595 19.644195 17.022312 14.605794 12.409569 10.440369 8.697723 7.175115 5.861232 4.741210 3.797809 3.012481 2.366283 1.840620 1.417818 1.081535 0.817011 0.611206 0.452819 0.332233 0.241406 0.173717 0.123804 0.087383 0.061084 0.042290 0.028997 0.019690 0.013241 0.008815 0.005805 0.003774 0.002410 0.001490 0.000855 0.000389 0.000000 
0.000000 0.000284 0.000627 0.001099 0.001791 0.002829 0.004390 0.006729 0.010202 0.015316 0.022770 0.033525 0.048887 0.070605 0.100993 0.143072 0.200734 0.278923 0.383831 0.523099 0.706010 0.943660 1.249089 1.637346 2.125455 2.732272 3.478180 4.384625 5.473453 6.766050 8.282288 10.039301 12.050121 14.322245 16.856197 19.644195 22.669001 25.903093 29.308237 32.835566 36.426221 40.012599 43.520194 46.869991 49.981308 52.774967 55.176607 57.119963 58.549898 59.425008 59.719613 59.425008 58.549898 57.119963 55.176607 52.774967 49.981308 46.869991 43.520194 40.012599 36.426221 32.835566 29.308237 25.903093 22.669001 19.644195 16.856197 14.322245 12.050121 10.039301 8.282288 6.766050 5.473453 4.384625 3.478180 2.732272 2.125455 1.637346 1.249089 0.943660 0.706010 0.523099 0.383831 0.278923 0.200734 0.143072 0.100993 0.070605 0.048886 0.033523 0.022767 0.015311 0.010194 0.006714 0.004366 0.002788 0.001724 0.000989 0.000450 0.000000 
0.000000 0.000325 0.000718 0.001259 0.002052 0.003240 0.005028 0.007705 0.011682 0.017535 0.026065 0.038373 0.055951 0.080800 0.115565 0.163701 0.229656 0.319083 0.439060 0.598319 0.807468 1.079188 1.428378 1.872230 2.430195 3.123808 3.976354 5.012323 6.256662 7.733789 9.466391 11.474021 13.771548 16.367514 19.262500 22.447595 25.903093 29.597542 33.487261 37.516427 41.617811 45.714203 49.720516 53.546514 57.100066 60.290760 63.033685 65.253178 66.886285 67.885729 68.222189 67.885729 66.886285 65.253178 63.033685 60.290760 57.100066 53.546514 49.720516 45.714203 41.617811 37.516427 33.487261 29.597542 25.903093 22.447595 19.262500 16.367514 13.771548 11.474021 9.466391 7.733789 6.256662 5.012323 3.976354 3.123808 2.430195 1.872230 1.428378 1.079188 0.807468 0.598319 0.439060 0.319083 0.229656 0.163700 0.115565 0.080800 0.055950 0.038371 0.026062 0.017529 0.011672 0.007688 0.005000 0.003194 0.001975 0.001133 0.000515 0.000000 
0.000000 0.000368 0.000814 0.001428 0.002327 0.003674 0.005701 0.008735 0.013242 0.019875 0.029541 0.043486 0.063401 0.091550 0.130929 0.185448 0.260145 0.361415 0.497270 0.677593 0.914386 1.221998 1.617288 2.119702 2.751244 3.536274 4.501125 5.673495 7.081592 8.753024 10.713438 12.984935 15.584311 18.521208 21.796263 25.399375 29.308237 33.487261 37.887029 42.444399 47.083331 51.716506 56.247698 60.574870 64.593841 68.202375 71.304466 73.814562 75.661480 76.791770 77.172279 76.791770 75.661480 73.814562 71.304466 68.202375 64.593841 60.574870 56.247698 51.716506 47.083331 42.444399 37.887029 33.487261 29.308237 25.399375 21.796263 18.521208 15.584311 12.984935 10.713438 8.753024 7.081592 5.673495 4.501125 3.536274 2.751244 2.119702 1.617288 1.221998 0.914386 0.677593 0.497270 0.361415 0.260144 0.185448 0.130929 0.091550 0.063400 0.043484 0.029537 0.019868 0.013231 0.008716 0.005669 0.003621 0.002240 0.001285 0.000584 0.000000 
0.000000 0.000414 0.000914 0.001603 0.002612 0.004125 0.006399 0.009804 0.014861 0.022303 0.033147 0.048791 0.071129 0.102701 0.146864 0.208003 0.291762 0.405311 0.557627 0.759783 1.025230 1.370043 1.813108 2.376211 3.083997 3.963751 5.044964 6.358654 7.936406 9.809130 12.005537 14.550361 17.462397 20.752422 24.421125 28.457174 32.835566 37.516427 42.444399 47.548756 52.744340 57.933360 63.008062 67.854186 72.355076 76.396261 79.870244 82.681234 84.749537 86.015306 86.441421 86.015306 84.749537 82.681234 79.870244 76.396261 72.355076 67.854186 63.008062 57.933360 52.744340 47.548756 42.444399 37.516427 32.835566 28.457174 24.421125 20.752422 17.462397 14.550361 12.005537 9.809130 7.936406 6.358654 5.044964 3.963751 3.083997 2.376211 1.813108 1.370043 1.025230 0.759783 0.557627 0.405311 0.291762 0.208003 0.146864 0.102700 0.071128 0.048789 0.033143 0.022296 0.014849 0.009783 0.006363 0.004065 0.002514 0.001443 0.000656 0.000000 
0.000000 0.000460 0.001016 0.001782 0.002903 0.004584 0.007111 0.010894 0.016512 0.024779 0.036824 0.054198 0.079006 0.114066 0.163105 0.230988 0.323979 0.450037 0.619120 0.843516 1.138148 1.520849 2.012568 2.637472 3.422896 4.399099 5.598789 7.056358 8.806830 10.884474 13.321115 16.144169 19.374459 23.023915 27.093280 31.569965 36.426221 41.617811 47.083331 52.744340 58.506395 64.261056 69.888834 75.263035 80.254312 84.735743 88.588142 91.705305 93.998873 95.402494 95.875016 95.402494 93.998873 91.705305 88.588142 84.735743 80.254312 75.263035 69.888834 64.261056 58.506395 52.744340 47.083331 41.617811 36.426221 31.569965 27.093280 23.023915 19.374459 16.144169 13.321115 10.884474 8.806830 7.056358 5.598789 4.399099 3.422896 2.637472 2.012568 1.520849 1.138148 0.843516 0.619120 0.450037 0.323979 0.230987 0.163104 0.114065 0.079005 0.054196 0.036819 0.024771 0.016498 0.010870 0.007071 0.004518 0.002794 0.001604 0.000729 0.000000 
0.000000 0.000506 0.001118 0.001961 0.003195 0.005044 0.007824 0.011985 0.018164 0.027255 0.040501 0.059606 0.086883 0.125430 0.179343 0.253967 0.356188 0.494747 0.680589 0.927211 1.251008 1.671567 2.211902 2.898555 3.761546 4.834108 6.152155 7.753454 9.676458 11.958790 14.635384 17.736331 21.284478 25.292905 29.762406 34.679135 40.012599 45.714203 51.716506 57.933360 64.261056 70.580514 76.760537 82.662012 88.142924 93.063921 97.294147 100.717004 103.235483 104.776741 105.295597 104.776741 103.235483 100.717004 97.294147 93.063921 88.142924 82.662012 76.760537 70.580514 64.261056 57.933360 51.716506 45.714203 40.012599 34.679135 29.762406 25.292905 21.284478 17.736331 14.635384 11.958790 9.676458 7.753454 6.152155 4.834108 3.761546 2.898555 2.211902 1.671567 1.251008 0.927211 0.680589 0.494747 0.356188 0.253967 0.179342 0.125429 0.086882 0.059603 0.040496 0.027246 0.018148 0.011959 0.007780 0.004971 0.003075 0.001765 0.000802 0.000000 
0.000000 0.000551 0.001219 0.002136 0.003480 0.005494 0.008521 0.013053 0.019781 0.029680 0.044102 0.064901 0.094596 0.136556 0.195239 0.276462 0.387715 0.538510 0.740751 1.009122 1.361455 1.819057 2.406957 3.154020 4.092895 5.259719 6.693543 8.435433 10.527195 13.009728 15.921009 19.293740 23.152746 27.512230 32.373035 37.720081 43.520194 49.720516 56.247698 63.008062 69.888834 76.760537 83.480519 89.897533 95.857176 101.207945 105.807578 109.529314 112.267689 113.943513 114.507669 113.943513 112.267689 109.529314 105.807578 101.207945 95.857176 89.897533 83.480519 76.760537 69.888834 63.008062 56.247698 49.720516 43.520194 37.720081 32.373035 27.512230 23.152746 19.293740 15.921009 13.009728 10.527195 8.435433 6.693543 5.259719 4.092895 3.154020 2.406957 1.819057 1.361455 1.009122 0.740751 0.538510 0.387715 0.276462 0.195238 0.136555 0.094594 0.064898 0.044096 0.029671 0.019765 0.013024 0.008474 0.005414 0.003350 0.001923 0.000874 0.000000 
