0.000000 0.000000 0.000000 0.000000 0.000000 0.000000 0.000000 0.000000 0.000000 0.000000 0.000000 0.000000 0.000000 0.000000 0.000000 0.000000 0.000000 0.000000 0.000000 0.000000 0.000000 0.000000 0.000000 0.000000 0.000000 0.000000 0.000000 0.000000 0.000000 0.000000 0.000000 0.000000 0.000000 0.000000 0.000000 0.000000 0.000000 0.000000 0.000000 0.000000 0.000000 0.000000 0.000000 0.000000 0.000000 0.000000 0.000000 0.000000 0.000000 0.000000 0.000000 0.000000 0.000000 0.000000 0.000000 0.000000 0.000000 0.000000 0.000000 0.000000 0.000000 0.000000 0.000000 0.000000 0.000000 0.000000 0.000000 0.000000 0.000000 0.000000 0.000000 0.000000 0.000000 0.000000 0.000000 0.000000 0.000000 0.000000 0.000000 0.000000 0.000000 0.000000 0.000000 0.000000 0.000000 0.000000 0.000000 0.000000 0.000000 0.000000 0.000000 0.000000 0.000000 0.000000 0.000000 0.000000 0.000000 0.000000 0.000000 0.000000 
0.000000 0.000000 0.000000 0.000000 0.000000 0.000000 0.000000 0.000001 0.000001 0.000001 0.000002 0.000002 0.000003 0.000005 0.000007 0.000009 0.000012 0.000017 0.000022 0.000029 0.000039 0.000050 0.000065 0.000083 0.000105 0.000132 0.000165 0.000203 0.000249 0.000302 0.000362 0.000432 0.000510 0.000596 0.000691 0.000794 0.000905 0.001021 0.001142 0.001266 0.001392 0.001516 0.001636 0.001750 0.001855 0.001949 0.002029 0.002094 0.002141 0.002170 0.002180 0.002170 0.002141 0.002094 0.002029 0.001949 0.001855 0.001750 0.001636 0.001516 0.001392 0.001266 0.001142 0.001021 0.000905 0.000794 0.000691 0.000596 0.000510 0.000432 0.000362 0.000302 0.000249 0.000203 0.000165 0.000132 0.000105 0.000083 0.000065 0.000050 0.000039 0.000029 0.000022 0.000017 0.000012 0.000009 0.000007 0.000005 0.000003 0.000002 0.000002 0.000001 0.000001 0.000001 0.000000 0.000000 0.000000 0.000000 0.000000 0.000000 
0.000000 0.000000 0.000000 0.000000 0.000000 0.000001 0.000001 0.000001 0.000002 0.000003 0.000004 0.000005 0.000007 0.000010 0.000014 0.000020 0.000027 0.000036 0.000048 0.000064 0.000084 0.000109 0.000141 0.000180 0.000228 0.000287 0.000357 0.000441 0.000539 0.000653 0.000785 0.000935 0.001104 0.001291 0.001497 0.001720 0.001959 0.002211 0.002474 0.002742 0.003013 0.003282 0.003542 0.003788 0.004016 0.004219 0.004393 0.004533 0.004636 0.004699 0.004720 0.004699 0.004636 0.004533 0.004393 0.004219 0.004016 0.003788 0.003542 0.003282 0.003013 0.002742 0.002474 0.002211 0.001959 0.001720 0.001497 0.001291 0.001104 0.000935 0.000785 0.000653 0.000539 0.000441 0.000357 0.000287 0.000228 0.000180 0.000141 0.000109 0.000084 0.000064 0.000048 0.000036 0.000027 0.000020 0.000014 0.000010 0.000007 0.000005 0.000004 0.000003 0.000002 0.000001 0.000001 0.000001 0.000000 0.000000 0.000000 0.000000 
0.000000 0.000000 0.000000 0.000000 0.000001 0.000001 0.000001 0.000002 0.000003 0.000004 0.000006 0.000009 0.000013 0.000018 0.000024 0.000033 0.000046 0.000061 0.000082 0.000109 0.000143 0.000186 0.000240 0.000307 0.000389 0.000488 0.000608 0.000750 0.000917 0.001112 0.001336 0.001591 0.001878 0.002197 0.002547 0.002926 0.003332 0.003761 0.004207 0.004664 0.005125 0.005581 0.006023 0.006442 0.006829 0.007174 0.007470 0.007708 0.007883 0.007990 0.008026 0.007990 0.007883 0.007708 0.007470 0.007174 0.006829 0.006442 0.006023 0.005581 0.005125 0.004664 0.004207 0.003761 0.003332 0.002926 0.002547 0.002197 0.001878 0.001591 0.001336 0.001112 0.000917 0.000750 0.000608 0.000488 0.000389 0.000307 0.000240 0.000186 0.000143 0.000109 0.000082 0.000061 0.000046 0.000033 0.000024 0.000018 0.000013 0.000009 0.000006 0.000004 0.000003 0.000002 0.000001 0.000001 0.000001 0.000000 0.000000 0.000000 
0.000000 0.000000 0.000000 0.000001 0.000001 0.000001 0.000002 0.000003 0.000005 0.000007 0.000010 0.000014 0.000020 0.000028 0.000038 0.000053 0.000072 0.000097 0.000129 0.000171 0.000225 0.000292 0.000377 0.000482 0.000611 0.000767 0.000955 0.001179 0.001442 0.001747 0.002099 0.002500 0.002950 0.003450 0.004000 0.004596 0.005233 0.005906 0.006606 0.007323 0.008046 0.008762 0.009455 0.010113 0.010720 0.011262 0.011726 0.012100 0.012374 0.012542 0.012598 0.012542 0.012374 0.012100 0.011726 0.011262 0.010720 0.010113 0.009455 0.008762 0.008046 0.007323 0.006606 0.005906 0.005233 0.004596 0.004000 0.003450 0.002950 0.002500 0.002099 0.001747 0.001442 0.001179 0.000955 0.000767 0.000611 0.000482 0.000377 0.000292 0.000225 0.000171 0.000129 0.000097 0.000072 0.000053 0.000038 0.000028 0.000020 0.000014 0.000010 0.000007 0.000005 0.000003 0.000002 0.000001 0.000001 0.000001 0.000000 0.000000 
0.000000 0.000000 0.000001 0.000001 0.000001 0.000002 0.000003 0.000005 0.000007 0.000011 0.000015 0.000021 0.000030 0.000042 0.000058 0.000080 0.000109 0.000147 0.000196 0.000260 0.000341 0.000444 0.000573 0.000732 0.000928 0.001165 0.001450 0.001789 0.002187 0.002651 0.003184 0.003791 0.004474 0.005232 0.006065 0.006968 0.007934 0.008954 0.010014 0.011101 0.012196 0.013279 0.014330 0.015326 0.016246 0.017067 0.017769 0.018335 0.018751 0.019005 0.019090 0.019005 0.018751 0.018335 0.017769 0.017067 0.016246 0.015326 0.014330 0.013279 0.012196 0.011101 0.010014 0.008954 0.007934 0.006968 0.006065 0.005232 0.004474 0.003791 0.003184 0.002651 0.002187 0.001789 0.001450 0.001165 0.000928 0.000732 0.000573 0.000444 0.000341 0.000260 0.000196 0.000147 0.000109 0.000080 0.000058 0.000042 0.000030 0.000021 0.000015 0.000011 0.000007 0.000005 0.000003 0.000002 0.000001 0.000001 0.000000 0.000000 
0.000000 0.000000 0.000001 0.000001 0.000002 0.000003 0.000005 0.000007 0.000011 0.000016 0.000023 0.000032 0.000045 0.000063 0.000087 0.000120 0.000163 0.000219 0.000293 0.000387 0.000509 0.000662 0.000853 0.001090 0.001381 0.001734 0.002159 0.002663 0.003256 0.003945 0.004739 0.005641 0.006656 0.007784 0.009022 0.010364 0.011800 0.013315 0.014891 0.016506 0.018133 0.019743 0.021304 0.022784 0.024150 0.025370 0.026413 0.027254 0.027872 0.028249 0.028375 0.028249 0.027872 0.027254 0.026413 0.025370 0.024150 0.022784 0.021304 0.019743 0.018133 0.016506 0.014891 0.013315 0.011800 0.010364 0.009022 0.007784 0.006656 0.005641 0.004739 0.003945 0.003256 0.002663 0.002159 0.001734 0.001381 0.001090 0.000853 0.000662 0.000509 0.000387 0.000293 0.000219 0.000163 0.000120 0.000087 0.000063 0.000045 0.000032 0.000023 0.000016 0.000011 0.000007 0.000005 0.000003 0.000002 0.000001 0.000001 0.000000 
0.000000 0.000001 0.000001 0.000002 0.000003 0.000005 0.000007 0.000011 0.000016 0.000023 0.000033 0.000047 0.000066 0.000093 0.000128 0.000176 0.000239 0.000322 0.000431 0.000570 0.000748 0.000973 0.001254 0.001603 0.002031 0.002549 0.003172 0.003913 0.004783 0.005796 0.006961 0.008286 0.009775 0.011430 0.013247 0.015216 0.017323 0.019546 0.021858 0.024227 0.026613 0.028975 0.031265 0.033435 0.035438 0.037227 0.038757 0.039990 0.040895 0.041448 0.041634 0.041448 0.040895 0.039990 0.038757 0.037227 0.035438 0.033435 0.031265 0.028975 0.026613 0.024227 0.021858 0.019546 0.017323 0.015216 0.013247 0.011430 0.009775 0.008286 0.006961 0.005796 0.004783 0.003913 0.003172 0.002549 0.002031 0.001603 0.001254 0.000973 0.000748 0.000570 0.000431 0.000322 0.000239 0.000176 0.000128 0.000093 0.000066 0.000047 0.000033 0.000023 0.000016 0.000011 0.000007 0.000005 0.000003 0.000002 0.000001 0.000000 
0.000000 0.000001 0.000002 0.000003 0.000005 0.000007 0.000011 0.000016 0.000023 0.000034 0.000049 0.000069 0.000097 0.000135 0.000187 0.000257 0.000349 0.000470 0.000627 0.000830 0.001089 0.001416 0.001826 0.002333 0.002954 0.003708 0.004614 0.005690 0.006955 0.008427 0.010119 0.012044 0.014207 0.016611 0.019249 0.022109 0.025168 0.028396 0.031753 0.035191 0.038655 0.042083 0.045407 0.048557 0.051464 0.054059 0.056280 0.058070 0.059384 0.060186 0.060456 0.060186 0.059384 0.058070 0.056280 0.054059 0.051464 0.048557 0.045407 0.042083 0.038655 0.035191 0.031753 0.028396 0.025168 0.022109 0.019249 0.016611 0.014207 0.012044 0.010119 0.008427 0.006955 0.005690 0.004614 0.003708 0.002954 0.002333 0.001826 0.001416 0.001089 0.000830 0.000627 0.000470 0.000349 0.000257 0.000187 0.000135 0.000097 0.000069 0.000048 0.000034 0.000023 0.000016 0.000011 0.000007 0.000005 0.000003 0.000001 0.000000 
0.000000 0.000001 0.000003 0.000004 0.000007 0.000011 0.000016 0.000023 0.000034 0.000049 0.000070 0.000100 0.000140 0.000195 0.000270 0.000370 0.000503 0.000678 0.000905 0.001197 0.001571 0.002042 0.002632 0.003362 0.004258 0.005344 0.006648 0.008198 0.010019 0.012137 0.014573 0.017343 0.020456 0.023915 0.027711 0.031825 0.036225 0.040868 0.045696 0.050642 0.055623 0.060552 0.065332 0.069862 0.074041 0.077773 0.080965 0.083539 0.085427 0.086581 0.086969 0.086581 0.085427 0.083539 0.080965 0.077773 0.074041 0.069862 0.065332 0.060552 0.055623 0.050642 0.045696 0.040868 0.036225 0.031825 0.027711 0.023915 0.020456 0.017343 0.014573 0.012137 0.010019 0.008198 0.006648 0.005344 0.004258 0.003362 0.002632 0.002042 0.001571 0.001197 0.000905 0.000678 0.000503 0.000370 0.000270 0.000195 0.000140 0.000099 0.000070 0.000049 0.000034 0.000023 0.000016 0.000010 0.000007 0.000004 0.000002 0.000000 
0.000000 0.000002 0.000004 0.000006 0.000010 0.000015 0.000023 0.000033 0.000049 0.000070 0.000100 0.000142 0.000200 0.000280 0.000386 0.000530 0.000720 0.000969 0.001294 0.001712 0.002245 0.002918 0.003761 0.004804 0.006082 0.007632 0.009494 0.011705 0.014304 0.017326 0.020801 0.024751 0.029192 0.034125 0.039537 0.045403 0.051676 0.058295 0.065178 0.072227 0.079328 0.086352 0.093164 0.099620 0.105576 0.110894 0.115443 0.119110 0.121801 0.123445 0.123997 0.123445 0.121801 0.119110 0.115443 0.110894 0.105576 0.099620 0.093164 0.086352 0.079328 0.072227 0.065178 0.058295 0.051676 0.045403 0.039537 0.034125 0.029192 0.024751 0.020801 0.017326 0.014304 0.011705 0.009494 0.007632 0.006082 0.004804 0.003761 0.002918 0.002245 0.001712 0.001294 0.000969 0.000720 0.000530 0.000386 0.000280 0.000200 0.000142 0.000100 0.000070 0.000048 0.000033 0.000022 0.000015 0.000009 0.000006 0.000003 0.000000 
0.000000 0.000002 0.000005 0.000009 0.000014 0.000021 0.000032 0.000047 0.000069 0.000100 0.000142 0.000202 0.000284 0.000397 0.000548 0.000751 0.001020 0.001374 0.001833 0.002425 0.003180 0.004134 0.005326 0.006803 0.008611 0.010805 0.013439 0.016567 0.020243 0.024516 0.029430 0.035016 0.041294 0.048267 0.055919 0.064209 0.073075 0.082429 0.092155 0.102115 0.112148 0.122073 0.131696 0.140816 0.149230 0.156742 0.163168 0.168349 0.172149 0.174471 0.175252 0.174471 0.172149 0.168349 0.163168 0.156742 0.149230 0.140816 0.131696 0.122073 0.112148 0.102115 0.092155 0.082429 0.073075 0.064209 0.055919 0.048267 0.041294 0.035016 0.029430 0.024516 0.020243 0.016567 0.013439 0.010805 0.008611 0.006803 0.005326 0.004134 0.003180 0.002425 0.001833 0.001374 0.001020 0.000751 0.000548 0.000397 0.000284 0.000202 0.000142 0.000099 0.000069 0.000047 0.000032 0.000021 0.000013 0.000008 0.000004 0.000000 
0.000000 0.000003 0.000007 0.000013 0.000020 0.000030 0.000045 0.000066 0.000097 0.000140 0.000200 0.000284 0.000400 0.000558 0.000771 0.001056 0.001434 0.001930 0.002575 0.003407 0.004467 0.005805 0.007478 0.009549 0.012087 0.015164 0.018858 0.023245 0.028399 0.034391 0.041279 0.049109 0.057908 0.067680 0.078402 0.090018 0.102441 0.115545 0.129171 0.143123 0.157175 0.171076 0.184555 0.197328 0.209111 0.219631 0.228630 0.235884 0.241207 0.244458 0.245551 0.244458 0.241207 0.235884 0.228630 0.219631 0.209111 0.197328 0.184555 0.171076 0.157175 0.143123 0.129171 0.115545 0.102441 0.090018 0.078402 0.067680 0.057908 0.049109 0.041279 0.034391 0.028399 0.023245 0.018858 0.015164 0.012087 0.009549 0.007478 0.005805 0.004467 0.003407 0.002575 0.001930 0.001434 0.001056 0.000771 0.000558 0.000400 0.000284 0.000200 0.000140 0.000097 0.000066 0.000045 0.000030 0.000019 0.000011 0.000005 0.000000 
0.000000 0.000005 0.000010 0.000018 0.000028 0.000042 0.000063 0.000093 0.000135 0.000195 0.000280 0.000397 0.000558 0.000777 0.001074 0.001471 0.001997 0.002688 0.003587 0.004744 0.006219 0.008081 0.010409 0.013289 0.016819 0.021098 0.026233 0.032332 0.039497 0.047824 0.057397 0.068278 0.080504 0.094081 0.108976 0.125112 0.142367 0.160568 0.179491 0.198866 0.218381 0.237684 0.256398 0.274133 0.290493 0.305098 0.317593 0.327664 0.335053 0.339566 0.341084 0.339566 0.335053 0.327664 0.317593 0.305098 0.290493 0.274133 0.256398 0.237684 0.218381 0.198866 0.179491 0.160568 0.142367 0.125112 0.108976 0.094081 0.080504 0.068278 0.057397 0.047824 0.039497 0.032332 0.026233 0.021098 0.016819 0.013289 0.010409 0.008081 0.006219 0.004744 0.003587 0.002688 0.001997 0.001471 0.001074 0.000777 0.000558 0.000397 0.000279 0.000195 0.000135 0.000092 0.000062 0.000041 0.000026 0.000016 0.000007 0.000000 
0.000000 0.000007 0.000014 0.000024 0.000038 0.000058 0.000087 0.000128 0.000187 0.000270 0.000386 0.000548 0.000771 0.001074 0.001484 0.002032 0.002758 0.003712 0.004952 0.006548 0.008583 0.011151 0.014361 0.018334 0.023199 0.029099 0.036177 0.044582 0.054455 0.065930 0.079119 0.094108 0.110950 0.129651 0.150164 0.172387 0.196147 0.221208 0.247263 0.273938 0.300803 0.327376 0.353138 0.377550 0.400070 0.420172 0.437369 0.451231 0.461400 0.467612 0.469701 0.467612 0.461400 0.451231 0.437369 0.420172 0.400070 0.377550 0.353138 0.327376 0.300803 0.273938 0.247263 0.221208 0.196147 0.172387 0.150164 0.129651 0.110950 0.094108 0.079119 0.065930 0.054455 0.044582 0.036177 0.029099 0.023199 0.018334 0.014361 0.011151 0.008583 0.006548 0.004952 0.003712 0.002758 0.002032 0.001484 0.001074 0.000771 0.000548 0.000386 0.000270 0.000187 0.000128 0.000086 0.000057 0.000037 0.000022 0.000010 0.000000 
0.000000 0.000009 0.000020 0.000033 0.000053 0.000080 0.000120 0.000176 0.000257 0.000370 0.000530 0.000751 0.001056 0.001471 0.002032 0.002782 0.003776 0.005081 0.006777 0.008960 0.011743 0.015255 0.019644 0.025074 0.031724 0.039786 0.049458 0.060942 0.074430 0.090105 0.108119 0.128590 0.151589 0.177124 0.205133 0.235473 0.267910 0.302120 0.337684 0.374094 0.410760 0.447026 0.482184 0.515497 0.546228 0.573659 0.597125 0.616039 0.629915 0.638391 0.641241 0.638391 0.629915 0.616039 0.597125 0.573659 0.546228 0.515497 0.482184 0.447026 0.410760 0.374094 0.337684 0.302120 0.267910 0.235473 0.205133 0.177124 0.151589 0.128590 0.108119 0.090105 0.074430 0.060942 0.049458 0.039786 0.031724 0.025074 0.019644 0.015255 0.011743 0.008960 0.006777 0.005081 0.003776 0.002782 0.002032 0.001471 0.001056 0.000751 0.000530 0.000370 0.000256 0.000175 0.000119 0.000079 0.000050 0.000030 0.000014 0.000000 
0.000000 0.000012 0.000027 0.000046 0.000072 0.000109 0.000163 0.000239 0.000349 0.000503 0.000720 0.001020 0.001434 0.001997 0.002758 0.003776 0.005125 0.006895 0.009194 0.012154 0.015926 0.020687 0.026635 0.033994 0.043005 0.053927 0.067029 0.082583 0.100851 0.122077 0.146469 0.174186 0.205323 0.239889 0.277802 0.318866 0.362766 0.409062 0.457188 0.506456 0.556068 0.605136 0.652702 0.697772 0.739346 0.776455 0.808200 0.833786 0.852557 0.864022 0.867878 0.864022 0.852557 0.833786 0.808200 0.776455 0.739346 0.697772 0.652702 0.605136 0.556068 0.506456 0.457188 0.409062 0.362766 0.318866 0.277802 0.239889 0.205323 0.174186 0.146469 0.122077 0.100851 0.082583 0.067029 0.053927 0.043005 0.033994 0.026635 0.020687 0.015926 0.012154 0.009194 0.006895 0.005125 0.003776 0.002758 0.001997 0.001434 0.001020 0.000719 0.000503 0.000348 0.000238 0.000161 0.000107 0.000068 0.000040 0.000019 0.000000 
0.000000 0.000017 0.000036 0.000061 0.000097 0.000147 0.000219 0.000322 0.000470 0.000678 0.000969 0.001374 0.001930 0.002688 0.003712 0.005081 0.006895 0.009274 0.012365 0.016343 0.021413 0.027810 0.035802 0.045687 0.057790 0.072460 0.090055 0.110940 0.135467 0.163962 0.196704 0.233907 0.275695 0.322084 0.372959 0.428058 0.486958 0.549070 0.613633 0.679724 0.746274 0.812090 0.875890 0.936339 0.992097 1.041866 1.084440 1.118753 1.143927 1.159302 1.164473 1.159302 1.143927 1.118753 1.084440 1.041866 0.992097 0.936339 0.875890 0.812090 0.746274 0.679724 0.613633 0.549070 0.486958 0.428058 0.372959 0.322084 0.275695 0.233907 0.196704 0.163962 0.135467 0.110940 0.090055 0.072460 0.057790 0.045687 0.035802 0.027810 0.021413 0.016343 0.012365 0.009274 0.006895 0.005081 0.003712 0.002688 0.001930 0.001373 0.000969 0.000677 0.000469 0.000321 0.000217 0.000144 0.000092 0.000054 0.000025 0.000000 
0.000000 0.000022 0.000048 0.000082 0.000129 0.000196 0.000293 0.000431 0.000627 0.000905 0.001294 0.001833 0.002575 0.003587 0.004952 0.006777 0.009194 0.012365 0.016485 0.021786 0.028539 0.037060 0.047705 0.060869 0.076985 0.096516 0.119940 0.147740 0.180385 0.218308 0.261879 0.311381 0.366980 0.428695 0.496373 0.569666 0.648010 0.730620 0.816485 0.904378 0.992877 1.080396 1.165231 1.245608 1.319745 1.385916 1.442520 1.488140 1.521608 1.542050 1.548924 1.542050 1.521608 1.488140 1.442520 1.385916 1.319745 1.245608 1.165231 1.080396 0.992877 0.904378 0.816485 0.730620 0.648010 0.569666 0.496373 0.428695 0.366980 0.311381 0.261879 0.218308 0.180385 0.147740 0.119940 0.096516 0.076985 0.060869 0.047705 0.037060 0.028539 0.021786 0.016485 0.012365 0.009194 0.006777 0.004952 0.003587 0.002575 0.001833 0.001293 0.000904 0.000626 0.000429 0.000290 0.000192 0.000123 0.000073 0.000034 0.000000 
0.000000 0.000029 0.000064 0.000109 0.000171 0.000260 0.000387 0.000570 0.000830 0.001197 0.001712 0.002425 0.003407 0.004744 0.006548 0.008960 0.012154 0.016343 0.021786 0.028787 0.037706 0.048958 0.063011 0.080390 0.101664 0.127441 0.158353 0.195038 0.238111 0.288143 0.345622 0.410920 0.484253 0.565648 0.654900 0.751550 0.854855 0.963778 1.076987 1.192863 1.309533 1.424906 1.536736 1.642686 1.740407 1.827627 1.902235 1.962364 2.006476 2.033418 2.042479 2.033418 2.006476 1.962364 1.902235 1.827627 1.740407 1.642686 1.536736 1.424906 1.309533 1.192863 1.076987 0.963778 0.854855 0.751550 0.654900 0.565648 0.484253 0.410920 0.345622 0.288143 0.238111 0.195038 0.158353 0.127441 0.101664 0.080390 0.063011 0.048958 0.037706 0.028787 0.021786 0.016343 0.012154 0.008960 0.006548 0.004743 0.003406 0.002425 0.001711 0.001196 0.000829 0.000568 0.000384 0.000255 0.000163 0.000096 0.000045 0.000000 
0.000000 0.000039 0.000084 0.000143 0.000225 0.000341 0.000509 0.000748 0.001089 0.001571 0.002245 0.003180 0.004467 0.006219 0.008583 0.011743 0.015926 0.021413 0.028539 0.037706 0.049383 0.064111 0.082505 0.105247 0.133085 0.166811 0.207252 0.255239 0.311579 0.377014 0.452183 0.537569 0.633456 0.739875 0.856559 0.982906 1.117945 1.260320 1.408287 1.559734 1.712211 1.862988 2.009128 2.147580 2.275275 2.389245 2.486732 2.565300 2.622937 2.658140 2.669979 2.658140 2.622937 2.565300 2.486732 2.389245 2.275275 2.147580 2.009128 1.862988 1.712211 1.559734 1.408287 1.260320 1.117945 0.982906 0.856559 0.739875 0.633456 0.537569 0.452183 0.377014 0.311579 0.255239 0.207252 0.166811 0.133085 0.105247 0.082505 0.064111 0.049383 0.037706 0.028539 0.021413 0.015926 0.011742 0.008582 0.006218 0.004466 0.003180 0.002244 0.001570 0.001087 0.000745 0.000504 0.000335 0.000214 0.000126 0.000058 0.000000 
0.000000 0.000050 0.000109 0.000186 0.000292 0.000444 0.000662 0.000973 0.001416 0.002042 0.002918 0.004134 0.005805 0.008081 0.011151 0.015255 0.020687 0.027810 0.037060 0.048958 0.064111 0.083222 0.107086 0.136590 0.172699 0.216442 0.268889 0.331116 0.404168 0.489006 0.586454 0.697141 0.821429 0.959359 1.110584 1.274322 1.449313 1.633799 1.825523 2.021746 2.219294 2.414632 2.603956 2.783314 2.948732 3.096367 3.222647 3.324420 3.399079 3.444678 3.460013 3.444678 3.399079 3.324420 3.222647 3.096367 2.948732 2.783314 2.603956 2.414632 2.219294 2.021746 1.825523 1.633799 1.449313 1.274322 1.110584 0.959359 0.821429 0.697141 0.586454 0.489006 0.404168 0.331116 0.268889 0.216442 0.172699 0.136590 0.107086 0.083222 0.064111 0.048958 0.037060 0.027810 0.020687 0.015255 0.011151 0.008081 0.005805 0.004133 0.002918 0.002041 0.001414 0.000970 0.000656 0.000435 0.000279 0.000164 0.000076 0.000000 
0.000000 0.000065 0.000141 0.000240 0.000377 0.000573 0.000853 0.001254 0.001826 0.002632 0.003761 0.005326 0.007478 0.010409 0.014361 0.019644 0.026635 0.035802 0.047705 0.063011 0.082505 0.107086 0.137779 0.175720 0.222150 0.278392 0.345817 0.425809 0.519706 0.628743 0.753978 0.896215 1.055919 1.233139 1.427429 1.637781 1.862577 2.099559 2.345824 2.597857 2.851581 3.102456 3.345600 3.575936 3.788366 3.977954 4.140115 4.270804 4.366674 4.425227 4.444919 4.425227 4.366674 4.270804 4.140115 3.977954 3.788366 3.575936 3.345600 3.102456 2.851581 2.597857 2.345824 2.099559 1.862577 1.637781 1.427429 1.233139 1.055919 0.896215 0.753978 0.628743 0.519706 0.425809 0.345817 0.278392 0.222150 0.175720 0.137779 0.107086 0.082505 0.063011 0.047705 0.035802 0.026635 0.019643 0.014361 0.010408 0.007478 0.005326 0.003760 0.002630 0.001823 0.001250 0.000846 0.000561 0.000359 0.000212 0.000098 0.000000 
0.000000 0.000083 0.000180 0.000307 0.000482 0.000732 0.001090 0.001603 0.002333 0.003362 0.004804 0.006803 0.009549 0.013289 0.018334 0.025074 0.033994 0.045687 0.060869 0.080390 0.105247 0.136590 0.175720 0.224086 0.283268 0.354949 0.440875 0.542807 0.662448 0.801369 0.960915 1.142106 1.345533 1.571258 1.818707 2.086598 2.372868 2.674640 2.988218 3.309125 3.632173 3.951582 4.261137 4.554377 4.824813 5.066164 5.272597 5.438962 5.561002 5.635538 5.660605 5.635538 5.561002 5.438962 5.272597 5.066164 4.824813 4.554377 4.261137 3.951582 3.632173 3.309125 2.988218 2.674640 2.372868 2.086598 1.818707 1.571258 1.345533 1.142106 0.960915 0.801369 0.662448 0.542807 0.440875 0.354949 0.283268 0.224086 0.175720 0.136590 0.105247 0.080390 0.060869 0.045687 0.033994 0.025074 0.018334 0.013289 0.009549 0.006802 0.004802 0.003360 0.002329 0.001597 0.001081 0.000717 0.000459 0.000271 0.000126 0.000000 
0.000000 0.000105 0.000228 0.000389 0.000611 0.000928 0.001381 0.002031 0.002954 0.004258 0.006082 0.008611 0.012087 0.016819 0.023199 0.031724 0.043005 0.057790 0.076985 0.101664 0.133085 0.172699 0.222150 0.283268 0.358046 0.448607 0.557158 0.685916 0.837032 1.012486 1.213973 1.442778 1.699647 1.984651 2.297066 2.635270 2.996657 3.377594 3.773417 4.178472 4.586214 4.989348 5.380032 5.750114 6.091409 6.395991 6.656503 6.866446 7.020452 7.114511 7.146143 7.114511 7.020452 6.866446 6.656503 6.395991 6.091409 5.750114 5.380032 4.989348 4.586214 4.178472 3.773417 3.377594 2.996657 2.635270 2.297066 1.984651 1.699647 1.442778 1.213973 1.012486 0.837032 0.685916 0.557158 0.448607 0.358046 0.283268 0.222150 0.172699 0.133085 0.101664 0.076985 0.057790 0.043005 0.031724 0.023199 0.016818 0.012086 0.008610 0.006080 0.004255 0.002950 0.002023 0.001370 0.000909 0.000582 0.000344 0.000159 0.000000 
0.000000 0.000132 0.000287 0.000488 0.000767 0.001165 0.001734 0.002549 0.003708 0.005344 0.007632 0.010805 0.015164 0.021098 0.029099 0.039786 0.053927 0.072460 0.096516 0.127441 0.166811 0.216442 0.278392 0.354949 0.448607 0.562025 0.697960 0.859187 1.048394 1.268058 1.520295 1.806713 2.128238 2.484958 2.875964 3.299222 3.751470 4.228160 4.723455 5.230281 5.740449 6.244835 6.733628 7.196633 7.623611 8.004652 8.330554 8.593191 8.785850 8.903514 8.943086 8.903514 8.785850 8.593191 8.330554 8.004652 7.623611 7.196633 6.733628 6.244835 5.740449 5.230281 4.723455 4.228160 3.751470 3.299222 2.875964 2.484958 2.128238 1.806713 1.520295 1.268058 1.048394 0.859187 0.697960 0.562025 0.448607 0.354949 0.278392 0.216442 0.166811 0.127441 0.096516 0.072459 0.053927 0.039786 0.029098 0.021097 0.015164 0.010804 0.007630 0.005340 0.003703 0.002540 0.001720 0.001142 0.000731 0.000432 0.000200 0.000000 
0.000000 0.000165 0.000357 0.000608 0.000955 0.001450 0.002159 0.003172 0.004614 0.006648 0.009494 0.013439 0.018858 0.026233 0.036177 0.049458 0.067029 0.090055 0.119940 0.158353 0.207252 0.268889 0.345817 0.440875 0.557158 0.697960 0.866701 1.066823 1.301658 1.574272 1.887292 2.242703 2.641654 3.084248 3.569354 4.094446 4.655474 5.246796 5.861170 6.489823 7.122597 7.748177 8.354401 8.928625 9.458157 9.930708 10.334872 10.660573 10.899490 11.045406 11.094478 11.045406 10.899490 10.660573 10.334872 9.930708 9.458157 8.928625 8.354401 7.748177 7.122597 6.489823 5.861170 5.246796 4.655474 4.094446 3.569354 3.084248 2.641654 2.242703 1.887292 1.574272 1.301658 1.066823 0.866701 0.697960 0.557158 0.440875 0.345817 0.268889 0.207252 0.158353 0.119939 0.090055 0.067029 0.049458 0.036177 0.026233 0.018857 0.013437 0.009491 0.006644 0.004607 0.003161 0.002140 0.001421 0.000910 0.000537 0.000249 0.000000 
0.000000 0.000203 0.000441 0.000750 0.001179 0.001789 0.002663 0.003913 0.005690 0.008198 0.011705 0.016567 0.023245 0.032332 0.044582 0.060942 0.082583 0.110940 0.147740 0.195038 0.255239 0.331116 0.425809 0.542807 0.685916 0.859187 1.066823 1.313055 1.601975 1.937353 2.322412 2.759592 3.250298 3.794652 4.391262 5.037014 5.726927 6.454060 7.209509 7.982484 8.760500 9.529646 10.274972 10.980938 11.631942 12.212884 12.709744 13.110141 13.403848 13.583225 13.643550 13.583225 13.403848 13.110141 12.709744 12.212884 11.631942 10.980938 10.274972 9.529646 8.760500 7.982484 7.209509 6.454060 5.726927 5.037014 4.391262 3.794652 3.250298 2.759592 2.322412 1.937353 1.601975 1.313055 1.066823 0.859187 0.685916 0.542807 0.425809 0.331116 0.255239 0.195038 0.147740 0.110940 0.082583 0.060941 0.044581 0.032331 0.023243 0.016565 0.011702 0.008192 0.005681 0.003899 0.002640 0.001753 0.001123 0.000663 0.000307 0.000000 
0.000000 0.000249 0.000539 0.000917 0.001442 0.002187 0.003256 0.004783 0.006955 0.010019 0.014304 0.020243 0.028399 0.039497 0.054455 0.074430 0.100851 0.135467 0.180385 0.238111 0.311579 0.404168 0.519706 0.662448 0.837032 1.048394 1.301658 1.601975 1.954334 2.363322 2.832866 3.365933 3.964232 4.627905 5.355249 6.142466 6.983479 7.869825 8.790650 9.732805 10.681069 11.618495 12.526863 13.387240 14.180617 14.888597 15.494098 15.982038 16.339958 16.558551 16.632064 16.558551 16.339958 15.982038 15.494098 14.888597 14.180617 13.387240 12.526863 11.618495 10.681069 9.732805 8.790650 7.869825 6.983479 6.142466 5.355249 4.627905 3.964232 3.365933 2.832866 2.363322 1.954334 1.601975 1.301658 1.048394 0.837032 0.662448 0.519706 0.404168 0.311579 0.238111 0.180385 0.135467 0.100851 0.074430 0.054455 0.039496 0.028398 0.020240 0.014300 0.010013 0.006945 0.004766 0.003228 0.002144 0.001373 0.000811 0.000376 0.000000 
0.000000 0.000302 0.000653 0.001112 0.001747 0.002651 0.003945 0.005796 0.008427 0.012137 0.017326 0.024516 0.034391 0.047824 0.065930 0.090105 0.122077 0.163962 0.218308 0.288143 0.377014 0.489006 0.628743 0.801369 1.012486 1.268058 1.574272 1.937353 2.363322 2.857720 3.425284 4.069594 4.792708 5.594793 6.473783 7.425084 8.441349 9.512350 10.624970 11.763322 12.909019 14.041588 15.139021 16.178450 17.136915 17.992198 18.723670 19.313116 19.745490 20.009553 20.098357 20.009553 19.745490 19.313116 18.723670 17.992198 17.136915 16.178450 15.139021 14.041588 12.909019 11.763322 10.624970 9.512350 8.441349 7.425084 6.473783 5.594793 4.792708 4.069594 3.425284 2.857720 2.363322 1.937353 1.574272 1.268058 1.012486 0.801369 0.628743 0.489006 0.377014 0.288143 0.218308 0.163962 0.122077 0.090104 0.065929 0.047823 0.034389 0.024513 0.017321 0.012129 0.008414 0.005775 0.003912 0.002598 0.001664 0.000983 0.000455 0.000000 
0.000000 0.000362 0.000785 0.001336 0.002099 0.003184 0.004739 0.006961 0.010119 0.014573 0.020801 0.029430 0.041279 0.057397 0.079119 0.108119 0.146469 0.196704 0.261879 0.345622 0.452183 0.586454 0.753978 0.960915 1.213973 1.520295 1.887292 2.322412 2.832866 3.425284 4.105333 4.877297 5.743630 6.704527 7.757506 8.897058 10.114379 11.397214 12.729851 14.093262 15.465428 16.821833 18.136124 19.380921 20.528736 21.552967 22.428917 23.134781 23.652547 23.968758 24.075100 23.968758 23.652547 23.134781 22.428917 21.552967 20.528736 19.380921 18.136124 16.821833 15.465428 14.093262 12.729851 11.397214 10.114379 8.897058 7.757506 6.704527 5.743630 4.877297 4.105333 3.425284 2.832866 2.322412 1.887292 1.520295 1.213973 0.960915 0.753978 0.586454 0.452183 0.345622 0.261879 0.196704 0.146469 0.108118 0.079118 0.057395 0.041276 0.029426 0.020795 0.014563 0.010103 0.006935 0.004698 0.003121 0.001999 0.001181 0.000547 0.000000 
0.000000 0.000432 0.000935 0.001591 0.002500 0.003791 0.005641 0.008286 0.012044 0.017343 0.024751 0.035016 0.049109 0.068278 0.094108 0.128590 0.174186 0.233907 0.311381 0.410920 0.537569 0.697141 0.896215 1.142106 1.442778 1.806713 2.242703 2.759592 3.365933 4.069594 4.877297 5.794117 6.822964 7.964059 9.214447 10.567580 12.013000 13.536154 15.118383 16.737099 18.366162 19.976469 21.536742 23.014482 24.377066 25.592922 26.632742 27.470648 28.085264 28.460622 28.586855 28.460622 28.085264 27.470648 26.632742 25.592922 24.377066 23.014482 21.536742 19.976469 18.366162 16.737099 15.118383 13.536154 12.013000 10.567580 9.214447 7.964059 6.822964 5.794117 4.877297 4.069594 3.365933 2.759592 2.242703 1.806713 1.442778 1.142106 0.896215 0.697141 0.537569 0.410920 0.311381 0.233907 0.174186 0.128590 0.094107 0.068276 0.049106 0.035012 0.024744 0.017331 0.012025 0.008255 0.005593 0.003715 0.002381 0.001407 0.000652 0.000000 
0.000000 0.000510 0.001104 0.001878 0.002950 0.004474 0.006656 0.009775 0.014207 0.020456 0.029192 0.041294 0.057908 0.080504 0.110950 0.151589 0.205323 0.275695 0.366980 0.484253 0.633456 0.821429 1.055919 1.345533 1.699647 2.128238 2.641654 3.250298 3.964232 4.792708 5.743630 6.822964 8.034124 9.377361 10.849188 12.441892 14.143157 15.935851 17.798014 19.703061 21.620231 23.515280 25.351406 27.090372 28.693796 30.124537 31.348114 32.334085 33.057303 33.498984 33.647521 33.498984 33.057303 32.334085 31.348114 30.124537 28.693796 27.090372 25.351406 23.515280 21.620231 19.703061 17.798014 15.935851 14.143157 12.441892 10.849188 9.377361 8.034124 6.822964 5.743630 4.792708 3.964232 3.250298 2.641654 2.128238 1.699647 1.345533 1.055919 0.821429 0.633456 0.484253 0.366980 0.275695 0.205322 0.151589 0.110949 0.080502 0.057905 0.041289 0.029184 0.020443 0.014185 0.009739 0.006599 0.004384 0.002809 0.001660 0.000769 0.000000 
0.000000 0.000596 0.001291 0.002197 0.003450 0.005232 0.007784 0.011430 0.016611 0.023915 0.034125 0.048267 0.067680 0.094081 0.129651 0.177124 0.239889 0.322084 0.428695 0.565648 0.739875 0.959359 1.233139 1.571258 1.984651 2.484958 3.084248 3.794652 4.627905 5.594793 6.704527 7.964059 9.377361 10.944715 12.662045 14.520343 16.505233 18.596726 20.769198 22.991635 25.228156 27.438819 29.580699 31.609201 33.479561 35.148467 36.575706 37.725779 38.569361 39.084549 39.257804 39.084549 38.569361 37.725779 36.575706 35.148467 33.479561 31.609201 29.580699 27.438819 25.228156 22.991635 20.769198 18.596726 16.505233 14.520343 12.662045 10.944715 9.377361 7.964059 6.704527 5.594793 4.627905 3.794652 3.084248 2.484958 1.984651 1.571258 1.233139 0.959359 0.739874 0.565648 0.428695 0.322084 0.239889 0.177124 0.129649 0.094079 0.067677 0.048261 0.034115 0.023899 0.016585 0.011388 0.007717 0.005127 0.003286 0.001942 0.000900 0.000000 
0.000000 0.000691 0.001497 0.002547 0.004000 0.006065 0.009022 0.013247 0.019249 0.027711 0.039537 0.055919 0.078402 0.108976 0.150164 0.205133 0.277802 0.372959 0.496373 0.654900 0.856559 1.110584 1.427429 1.818707 2.297066 2.875964 3.569354 4.391262 5.355249 6.473783 7.757506 9.214447 10.849188 12.662045 14.648293 16.797506 19.093050 21.511805 24.024136 26.594179 29.180444 31.736749 34.213466 36.559039 38.721718 40.651429 42.301690 43.631461 44.606846 45.202526 45.402850 45.202526 44.606846 43.631461 42.301690 40.651429 38.721718 36.559039 34.213466 31.736749 29.180444 26.594179 24.024136 21.511805 19.093050 16.797506 14.648293 12.662045 10.849188 9.214447 7.757506 6.473783 5.355249 4.391262 3.569354 2.875964 2.297066 1.818707 1.427429 1.110584 0.856559 0.654900 0.496373 0.372958 0.277802 0.205133 0.150163 0.108973 0.078398 0.055912 0.039526 0.027692 0.019219 0.013198 0.008944 0.005943 0.003809 0.002251 0.001043 0.000000 
0.000000 0.000794 0.001720 0.002926 0.004596 0.006968 0.010364 0.015216 0.022109 0.031825 0.045403 0.064209 0.090018 0.125112 0.172387 0.235473 0.318866 0.428058 0.569666 0.751550 0.982906 1.274322 1.637781 2.086598 2.635270 3.299222 4.094446 5.037014 6.142466 7.425084 8.897058 10.567580 12.441892 14.520343 16.797506 19.261417 21.893004 24.665754 27.545696 30.491719 33.456269 36.386415 39.225278 41.913775 44.392602 46.604377 48.495835 50.019949 51.137876 51.820605 52.050203 51.820605 51.137876 50.019949 48.495835 46.604377 44.392602 41.913775 39.225278 36.386415 33.456269 30.491719 27.545696 24.665754 21.893004 19.261417 16.797506 14.520343 12.441892 10.567580 8.897058 7.425084 6.142466 5.037014 4.094446 3.299222 2.635270 2.086598 1.637781 1.274322 0.982906 0.751550 0.569666 0.428057 0.318865 0.235472 0.172385 0.125109 0.090014 0.064201 0.045390 0.031803 0.022074 0.015160 0.010275 0.006828 0.004376 0.002587 0.001198 0.000000 
0.000000 0.000905 0.001959 0.003332 0.005233 0.007934 0.011800 0.017323 0.025168 0.036225 0.051676 0.073075 0.102441 0.142367 0.196147 0.267910 0.362766 0.486958 0.648010 0.854855 1.117945 1.449313 1.862577 2.372868 2.996657 3.751470 4.655474 5.726927 6.983479 8.441349 10.114379 12.013000 14.143157 16.505233 19.093050 21.893004 24.883411 28.034142 31.306593 34.654051 38.022486 41.351764 44.577267 47.631876 50.448224 52.961128 55.110081 56.841669 58.111770 58.887429 59.148278 58.887429 58.111770 56.841669 55.110081 52.961128 50.448224 47.631876 44.577267 41.351764 38.022486 34.654051 31.306593 28.034142 24.883411 21.893004 19.093050 16.505233 14.143157 12.013000 10.114379 8.441349 6.983479 5.726927 4.655474 3.751470 2.996657 2.372868 1.862577 1.449313 1.117945 0.854855 0.648010 0.486958 0.362765 0.267909 0.196145 0.142364 0.102435 0.073066 0.051661 0.036201 0.025128 0.017259 0.011698 0.007774 0.004983 0.002945 0.001365 0.000000 
0.000000 0.001021 0.002211 0.003761 0.005906 0.008954 0.013315 0.019546 0.028396 0.040868 0.058295 0.082429 0.115545 0.160568 0.221208 0.302120 0.409062 0.549070 0.730620 0.963778 1.260320 1.633799 2.099559 2.674640 3.377594 4.228160 5.246796 6.454060 7.869825 9.512350 11.397214 13.536154 15.935851 18.596726 21.511805 24.665754 28.034142 31.583026 35.268923 39.039220 42.833067 46.582740 50.215475 53.655689 56.827522 59.657579 62.077729 64.027827 65.458195 66.331727 66.625490 66.331727 65.458195 64.027827 62.077729 59.657579 56.827522 53.655689 50.215475 46.582740 42.833067 39.039220 35.268923 31.583026 28.034142 24.665754 21.511805 18.596726 15.935851 13.536154 11.397214 9.512350 7.869825 6.454060 5.246796 4.228160 3.377594 2.674640 2.099559 1.633799 1.260319 0.963778 0.730620 0.549070 0.409061 0.302118 0.221206 0.160564 0.115539 0.082419 0.058278 0.040840 0.028351 0.019474 0.013201 0.008773 0.005624 0.003324 0.001540 0.000000 
0.000000 0.001142 0.002474 0.004207 0.006606 0.010014 0.014891 0.021858 0.031753 0.045696 0.065178 0.092155 0.129171 0.179491 0.247263 0.337684 0.457188 0.613633 0.816485 1.076987 1.408287 1.825523 2.345824 2.988218 3.773417 4.723455 5.861170 7.209509 8.790650 10.624970 12.729851 15.118383 17.798014 20.769198 24.024136 27.545696 31.306593 35.268923 39.384136 43.593493 47.829062 52.015242 56.070809 59.911392 63.452319 66.611666 69.313388 71.490355 73.087120 74.062268 74.390203 74.062268 73.087120 71.490355 69.313388 66.611666 63.452319 59.911392 56.070809 52.015242 47.829062 43.593493 39.384136 35.268923 31.306593 27.545696 24.024136 20.769198 17.798014 15.118383 12.729851 10.624970 8.790650 7.209509 5.861170 4.723455 3.773417 2.988218 2.345824 1.825523 1.408287 1.076987 0.816485 0.613632 0.457187 0.337682 0.247260 0.179487 0.129164 0.092144 0.065159 0.045665 0.031703 0.021778 0.014763 0.009812 0.006291 0.003718 0.001723 0.000000 
0.000000 0.001266 0.002742 0.004664 0.007323 0.011101 0.016506 0.024227 0.035191 0.050642 0.072227 0.102115 0.143123 0.198866 0.273938 0.374094 0.506456 0.679724 0.904378 1.192863 1.559734 2.021746 2.597857 3.309125 4.178472 5.230281 6.489823 7.982484 9.732805 11.763322 14.093262 16.737099 19.703061 22.991635 26.594179 30.491719 34.654051 39.039220 43.593493 48.251866 52.939165 57.571736 62.059700 66.309707 70.228069 73.724144 76.713797 79.122754 80.889671 81.968728 82.331607 81.968728 80.889671 79.122754 76.713797 73.724144 70.228069 66.309707 62.059700 57.571736 52.939165 48.251866 43.593493 39.039220 34.654051 30.491719 26.594179 22.991635 19.703061 16.737099 14.093262 11.763322 9.732805 7.982484 6.489823 5.230281 4.178472 3.309125 2.597857 2.021746 1.559734 1.192863 0.904378 0.679723 0.506455 0.374092 0.273936 0.198862 0.143115 0.102103 0.072206 0.050607 0.035136 0.024138 0.016364 0.010877 0.006974 0.004122 0.001910 0.000000 
0.000000 0.001392 0.003013 0.005125 0.008046 0.012196 0.018133 0.026613 0.038655 0.055623 0.079328 0.112148 0.157175 0.218381 0.300803 0.410760 0.556068 0.746274 0.992877 1.309533 1.712211 2.219294 2.851581 3.632173 4.586214 5.740449 7.122597 8.760500 10.681069 12.909019 15.465428 18.366162 21.620231 25.228156 29.180444 33.456269 38.022486 42.833067 47.829062 52.939165 58.080918 63.162563 68.085519 72.747401 77.045454 80.880267 84.159566 86.801895 88.739977 89.923561 90.321590 89.923561 88.739977 86.801895 84.159566 80.880267 77.045454 72.747401 68.085519 63.162563 58.080918 52.939165 47.829062 42.833067 38.022486 33.456269 29.180444 25.228156 21.620231 18.366162 15.465428 12.909019 10.681069 8.760500 7.122597 5.740449 4.586214 3.632173 2.851581 2.219294 1.712211 1.309532 0.992877 0.746273 0.556067 0.410758 0.300800 0.218376 0.157167 0.112134 0.079305 0.055585 0.038594 0.026515 0.017977 0.011950 0.007662 0.004529 0.002099 0.000000 
0.000000 0.001516 0.003282 0.005581 0.008762 0.013279 0.019743 0.028975 0.042083 0.060552 0.086352 0.122073 0.171076 0.237684 0.327376 0.447026 0.605136 0.812090 1.080396 1.424906 1.862988 2.414632 3.102456 3.951582 4.989348 6.244835 7.748177 9.529646 11.618495 14.041588 16.821833 19.976469 23.515280 27.438819 31.736749 36.386415 41.351764 46.582740 52.015242 57.571736 63.162563 68.687959 74.040748 79.109614 83.782846 87.952368 91.517868 94.390791 96.497999 97.784864 98.217626 97.784864 96.497999 94.390791 91.517868 87.952368 83.782846 79.109614 74.040748 68.687959 63.162563 57.571736 52.015242 46.582740 41.351764 36.386415 31.736749 27.438819 23.515280 19.976469 16.821833 14.041588 11.618495 9.529646 7.748177 6.244835 4.989348 3.951582 3.102456 2.414632 1.862988 1.424906 1.080396 0.812089 0.605135 0.447024 0.327373 0.237678 0.171067 0.122057 0.086327 0.060511 0.042016 0.028868 0.019573 0.013011 0.008343 0.004932 0.002286 0.000000 
0.000000 0.001636 0.003542 0.006023 0.009455 0.014330 0.021304 0.031265 0.045407 0.065332 0.093164 0.131696 0.184555 0.256398 0.353138 0.482184 0.652702 0.875890 1.165231 1.536736 2.009128 2.603956 3.345600 4.261137 5.380032 6.733628 8.354401 10.274972 12.526863 15.139021 18.136124 21.536742 25.351406 29.580699 34.213466 39.225278 44.577267 50.215475 56.070809 62.059700 68.085519 74.040748 79.809880 85.272955 90.309586 94.803306 98.646016 101.742288 104.013309 105.400211 105.866614 105.400211 104.013309 101.742288 98.646016 94.803306 90.309586 85.272955 79.809880 74.040748 68.085519 62.059700 56.070809 50.215475 44.577267 39.225278 34.213466 29.580699 25.351406 21.536742 18.136124 15.139021 12.526863 10.274972 8.354401 6.733628 5.380032 4.261137 3.345600 2.603956 2.009128 1.536736 1.165231 0.875889 0.652701 0.482181 0.353135 0.256392 0.184545 0.131680 0.093137 0.065287 0.045335 0.031149 0.021121 0.014041 0.009003 0.005323 0.002467 0.000000 
