0.000000 0.000000 0.000000 0.000000 0.000000 0.000000 0.000000 0.000000 0.000000 0.000000 0.000000 0.000000 0.000000 0.000000 0.000000 0.000000 0.000000 0.000000 0.000000 0.000000 0.000000 0.000000 0.000000 0.000000 0.000000 0.000000 0.000000 0.000000 0.000000 0.000000 0.000000 0.000000 0.000000 0.000000 0.000000 0.000000 0.000000 0.000000 0.000000 0.000000 0.000000 0.000000 0.000000 0.000000 0.000000 0.000000 0.000000 0.000000 0.000000 0.000000 0.000000 0.000000 0.000000 0.000000 0.000000 0.000000 0.000000 0.000000 0.000000 0.000000 0.000000 0.000000 0.000000 0.000000 0.000000 0.000000 0.000000 0.000000 0.000000 0.000000 0.000000 0.000000 0.000000 0.000000 0.000000 0.000000 0.000000 0.000000 0.000000 0.000000 0.000000 0.000000 0.000000 0.000000 0.000000 0.000000 0.000000 0.000000 0.000000 0.000000 0.000000 0.000000 0.000000 0.000000 0.000000 0.000000 0.000000 0.000000 0.000000 0.000000 
0.000000 0.000000 0.000000 0.000000 0.000000 0.000000 0.000000 0.000000 0.000000 0.000000 0.000000 0.000000 0.000000 0.000000 0.000000 0.000000 0.000000 0.000001 0.000001 0.000001 0.000002 0.000002 0.000003 0.000004 0.000006 0.000008 0.000010 0.000013 0.000017 0.000021 0.000027 0.000033 0.000041 0.000050 0.000060 0.000071 0.000084 0.000098 0.000112 0.000128 0.000144 0.000160 0.000176 0.000192 0.000206 0.000219 0.000231 0.000240 0.000247 0.000251 0.000252 0.000251 0.000247 0.000240 0.000231 0.000219 0.000206 0.000192 0.000176 0.000160 0.000144 0.000128 0.000112 0.000098 0.000084 0.000071 0.000060 0.000050 0.000041 0.000033 0.000027 0.000021 0.000017 0.000013 0.000010 0.000008 0.000006 0.000004 0.000003 0.000002 0.000002 0.000001 0.000001 0.000001 0.000000 0.000000 0.000000 0.000000 0.000000 0.000000 0.000000 0.000000 0.000000 0.000000 0.000000 0.000000 0.000000 0.000000 0.000000 0.000000 
0.000000 0.000000 0.000000 0.000000 0.000000 0.000000 0.000000 0.000000 0.000000 0.000000 0.000000 0.000000 0.000000 0.000000 0.000000 0.000001 0.000001 0.000001 0.000002 0.000003 0.000004 0.000005 0.000007 0.000010 0.000013 0.000017 0.000023 0.000029 0.000038 0.000048 0.000060 0.000075 0.000092 0.000113 0.000135 0.000161 0.000190 0.000221 0.000254 0.000289 0.000325 0.000362 0.000398 0.000433 0.000466 0.000496 0.000521 0.000542 0.000558 0.000567 0.000570 0.000567 0.000558 0.000542 0.000521 0.000496 0.000466 0.000433 0.000398 0.000362 0.000325 0.000289 0.000254 0.000221 0.000190 0.000161 0.000135 0.000113 0.000092 0.000075 0.000060 0.000048 0.000038 0.000029 0.000023 0.000017 0.000013 0.000010 0.000007 0.000005 0.000004 0.000003 0.000002 0.000001 0.000001 0.000001 0.000000 0.000000 0.000000 0.000000 0.000000 0.000000 0.000000 0.000000 0.000000 0.000000 0.000000 0.000000 0.000000 0.000000 
0.000000 0.000000 0.000000 0.000000 0.000000 0.000000 0.000000 0.000000 0.000000 0.000000 0.000000 0.000000 0.000000 0.000000 0.000001 0.000001 0.000002 0.000002 0.000003 0.000005 0.000007 0.000009 0.000013 0.000017 0.000023 0.000031 0.000041 0.000053 0.000069 0.000087 0.000110 0.000136 0.000168 0.000204 0.000246 0.000292 0.000344 0.000400 0.000461 0.000524 0.000590 0.000656 0.000722 0.000785 0.000845 0.000898 0.000945 0.000983 0.001011 0.001028 0.001034 0.001028 0.001011 0.000983 0.000945 0.000898 0.000845 0.000785 0.000722 0.000656 0.000590 0.000524 0.000461 0.000400 0.000344 0.000292 0.000246 0.000204 0.000168 0.000136 0.000110 0.000087 0.000069 0.000053 0.000041 0.000031 0.000023 0.000017 0.000013 0.000009 0.000007 0.000005 0.000003 0.000002 0.000002 0.000001 0.000001 0.000000 0.000000 0.000000 0.000000 0.000000 0.000000 0.000000 0.000000 0.000000 0.000000 0.000000 0.000000 0.000000 
0.000000 0.000000 0.000000 0.000000 0.000000 0.000000 0.000000 0.000000 0.000000 0.000000 0.000000 0.000000 0.000001 0.000001 0.000001 0.000002 0.000003 0.000004 0.000006 0.000008 0.000011 0.000016 0.000022 0.000030 0.000040 0.000053 0.000070 0.000091 0.000116 0.000148 0.000186 0.000232 0.000285 0.000347 0.000417 0.000496 0.000584 0.000679 0.000781 0.000889 0.001000 0.001113 0.001224 0.001331 0.001432 0.001523 0.001602 0.001666 0.001714 0.001743 0.001753 0.001743 0.001714 0.001666 0.001602 0.001523 0.001432 0.001331 0.001224 0.001113 0.001000 0.000889 0.000781 0.000679 0.000584 0.000496 0.000417 0.000347 0.000285 0.000232 0.000186 0.000148 0.000116 0.000091 0.000070 0.000053 0.000040 0.000030 0.000022 0.000016 0.000011 0.000008 0.000006 0.000004 0.000003 0.000002 0.000001 0.000001 0.000001 0.000000 0.000000 0.000000 0.000000 0.000000 0.000000 0.000000 0.000000 0.000000 0.000000 0.000000 
0.000000 0.000000 0.000000 0.000000 0.000000 0.000000 0.000000 0.000000 0.000000 0.000000 0.000000 0.000001 0.000001 0.000001 0.000002 0.000003 0.000005 0.000007 0.000009 0.000013 0.000019 0.000026 0.000036 0.000049 0.000066 0.000088 0.000115 0.000150 0.000192 0.000245 0.000308 0.000383 0.000471 0.000572 0.000688 0.000819 0.000963 0.001120 0.001289 0.001466 0.001649 0.001834 0.002018 0.002195 0.002361 0.002511 0.002641 0.002746 0.002825 0.002873 0.002889 0.002873 0.002825 0.002746 0.002641 0.002511 0.002361 0.002195 0.002018 0.001834 0.001649 0.001466 0.001289 0.001120 0.000963 0.000819 0.000688 0.000572 0.000471 0.000383 0.000308 0.000245 0.000192 0.000150 0.000115 0.000088 0.000066 0.000049 0.000036 0.000026 0.000019 0.000013 0.000009 0.000007 0.000005 0.000003 0.000002 0.000001 0.000001 0.000001 0.000000 0.000000 0.000000 0.000000 0.000000 0.000000 0.000000 0.000000 0.000000 0.000000 
0.000000 0.000000 0.000000 0.000000 0.000000 0.000000 0.000000 0.000000 0.000000 0.000000 0.000001 0.000001 0.000002 0.000002 0.000003 0.000005 0.000007 0.000011 0.000015 0.000022 0.000031 0.000043 0.000059 0.000080 0.000107 0.000142 0.000187 0.000243 0.000313 0.000398 0.000500 0.000621 0.000764 0.000929 0.001118 0.001329 0.001563 0.001818 0.002091 0.002378 0.002675 0.002975 0.003272 0.003559 0.003828 0.004071 0.004281 0.004453 0.004579 0.004657 0.004683 0.004657 0.004579 0.004453 0.004281 0.004071 0.003828 0.003559 0.003272 0.002975 0.002675 0.002378 0.002091 0.001818 0.001563 0.001329 0.001118 0.000929 0.000764 0.000621 0.000500 0.000398 0.000313 0.000243 0.000187 0.000142 0.000107 0.000080 0.000059 0.000043 0.000031 0.000022 0.000015 0.000011 0.000007 0.000005 0.000003 0.000002 0.000002 0.000001 0.000001 0.000000 0.000000 0.000000 0.000000 0.000000 0.000000 0.000000 0.000000 0.000000 
0.000000 0.000000 0.000000 0.000000 0.000000 0.000000 0.000000 0.000000 0.000000 0.000001 0.000001 0.000002 0.000002 0.000004 0.000006 0.000008 0.000012 0.000017 0.000025 0.000035 0.000050 0.000069 0.000094 0.000128 0.000172 0.000229 0.000301 0.000391 0.000502 0.000638 0.000802 0.000997 0.001226 0.001490 0.001792 0.002130 0.002505 0.002913 0.003350 0.003810 0.004285 0.004765 0.005241 0.005699 0.006129 0.006518 0.006855 0.007129 0.007331 0.007455 0.007497 0.007455 0.007331 0.007129 0.006855 0.006518 0.006129 0.005699 0.005241 0.004765 0.004285 0.003810 0.003350 0.002913 0.002505 0.002130 0.001792 0.001490 0.001226 0.000997 0.000802 0.000638 0.000502 0.000391 0.000301 0.000229 0.000172 0.000128 0.000094 0.000069 0.000050 0.000035 0.000025 0.000017 0.000012 0.000008 0.000006 0.000004 0.000002 0.000002 0.000001 0.000001 0.000000 0.000000 0.000000 0.000000 0.000000 0.000000 0.000000 0.000000 
0.000000 0.000000 0.000000 0.000000 0.000000 0.000000 0.000000 0.000000 0.000001 0.000001 0.000002 0.000003 0.000004 0.000006 0.000009 0.000013 0.000019 0.000028 0.000040 0.000056 0.000079 0.000109 0.000150 0.000204 0.000274 0.000364 0.000477 0.000620 0.000797 0.001013 0.001272 0.001581 0.001944 0.002363 0.002841 0.003377 0.003970 0.004616 0.005308 0.006036 0.006787 0.007547 0.008300 0.009025 0.009706 0.010321 0.010854 0.011287 0.011607 0.011803 0.011869 0.011803 0.011607 0.011287 0.010854 0.010321 0.009706 0.009025 0.008300 0.007547 0.006787 0.006036 0.005308 0.004616 0.003970 0.003377 0.002841 0.002363 0.001944 0.001581 0.001272 0.001013 0.000797 0.000620 0.000477 0.000364 0.000274 0.000204 0.000150 0.000109 0.000079 0.000056 0.000040 0.000028 0.000019 0.000013 0.000009 0.000006 0.000004 0.000003 0.000002 0.000001 0.000001 0.000000 0.000000 0.000000 0.000000 0.000000 0.000000 0.000000 
0.000000 0.000000 0.000000 0.000000 0.000000 0.000000 0.000000 0.000001 0.000001 0.000002 0.000003 0.000004 0.000006 0.000009 0.000014 0.000021 0.000030 0.000044 0.000062 0.000088 0.000124 0.000172 0.000236 0.000321 0.000430 0.000571 0.000750 0.000974 0.001251 0.001590 0.001997 0.002482 0.003050 0.003707 0.004455 0.005296 0.006225 0.007237 0.008320 0.009460 0.010636 0.011826 0.013003 0.014139 0.015204 0.016167 0.017001 0.017679 0.018179 0.018487 0.018590 0.018487 0.018179 0.017679 0.017001 0.016167 0.015204 0.014139 0.013003 0.011826 0.010636 0.009460 0.008320 0.007237 0.006225 0.005296 0.004455 0.003707 0.003050 0.002482 0.001997 0.001590 0.001251 0.000974 0.000750 0.000571 0.000430 0.000321 0.000236 0.000172 0.000124 0.000088 0.000062 0.000044 0.000030 0.000021 0.000014 0.000009 0.000006 0.000004 0.000003 0.000002 0.000001 0.000001 0.000000 0.000000 0.000000 0.000000 0.000000 0.000000 
0.000000 0.000000 0.000000 0.000000 0.000000 0.000000 0.000001 0.000001 0.000002 0.000003 0.000004 0.000006 0.000010 0.000014 0.000022 0.000032 0.000047 0.000068 0.000097 0.000138 0.000193 0.000268 0.000368 0.000499 0.000669 0.000888 0.001166 0.001514 0.001944 0.002469 0.003102 0.003853 0.004734 0.005753 0.006913 0.008216 0.009657 0.011225 0.012903 0.014668 0.016491 0.018334 0.020158 0.021917 0.023566 0.025057 0.026348 0.027397 0.028173 0.028648 0.028809 0.028648 0.028173 0.027397 0.026348 0.025057 0.023566 0.021917 0.020158 0.018334 0.016491 0.014668 0.012903 0.011225 0.009657 0.008216 0.006913 0.005753 0.004734 0.003853 0.003102 0.002469 0.001944 0.001514 0.001166 0.000888 0.000669 0.000499 0.000368 0.000268 0.000193 0.000138 0.000097 0.000068 0.000047 0.000032 0.000022 0.000014 0.000010 0.000006 0.000004 0.000003 0.000002 0.000001 0.000001 0.000000 0.000000 0.000000 0.000000 0.000000 
0.000000 0.000000 0.000000 0.000000 0.000000 0.000001 0.000001 0.000002 0.000003 0.000004 0.000006 0.000010 0.000015 0.000022 0.000033 0.000049 0.000072 0.000105 0.000150 0.000212 0.000298 0.000413 0.000566 0.000767 0.001030 0.001366 0.001793 0.002328 0.002988 0.003795 0.004765 0.005919 0.007271 0.008834 0.010614 0.012613 0.014822 0.017226 0.019800 0.022506 0.025299 0.028124 0.030919 0.033614 0.036141 0.038426 0.040403 0.042011 0.043199 0.043928 0.044173 0.043928 0.043199 0.042011 0.040403 0.038426 0.036141 0.033614 0.030919 0.028124 0.025299 0.022506 0.019800 0.017226 0.014822 0.012613 0.010614 0.008834 0.007271 0.005919 0.004765 0.003795 0.002988 0.002328 0.001793 0.001366 0.001030 0.000767 0.000566 0.000413 0.000298 0.000212 0.000150 0.000105 0.000072 0.000049 0.000033 0.000022 0.000015 0.000010 0.000006 0.000004 0.000003 0.000002 0.000001 0.000001 0.000000 0.000000 0.000000 0.000000 
0.000000 0.000000 0.000000 0.000000 0.000001 0.000001 0.000002 0.000002 0.000004 0.000006 0.000010 0.000015 0.000023 0.000034 0.000051 0.000075 0.000110 0.000160 0.000229 0.000324 0.000454 0.000629 0.000862 0.001169 0.001567 0.002079 0.002728 0.003541 0.004545 0.005770 0.007244 0.008996 0.011050 0.013422 0.016124 0.019157 0.022510 0.026158 0.030061 0.034166 0.038402 0.042687 0.046924 0.051012 0.054842 0.058307 0.061305 0.063742 0.065543 0.066647 0.067019 0.066647 0.065543 0.063742 0.061305 0.058307 0.054842 0.051012 0.046924 0.042687 0.038402 0.034166 0.030061 0.026158 0.022510 0.019157 0.016124 0.013422 0.011050 0.008996 0.007244 0.005770 0.004545 0.003541 0.002728 0.002079 0.001567 0.001169 0.000862 0.000629 0.000454 0.000324 0.000229 0.000160 0.000110 0.000075 0.000051 0.000034 0.000023 0.000015 0.000010 0.000006 0.000004 0.000002 0.000001 0.000001 0.000001 0.000000 0.000000 0.000000 
0.000000 0.000000 0.000000 0.000000 0.000001 0.000001 0.000002 0.000004 0.000006 0.000009 0.000014 0.000022 0.000034 0.000051 0.000077 0.000114 0.000166 0.000241 0.000345 0.000488 0.000684 0.000947 0.001299 0.001760 0.002360 0.003131 0.004107 0.005329 0.006838 0.008680 0.010896 0.013529 0.016614 0.020177 0.024235 0.028790 0.033824 0.039300 0.045159 0.051320 0.057677 0.064106 0.070464 0.076597 0.082343 0.087541 0.092037 0.095693 0.098394 0.100051 0.100609 0.100051 0.098394 0.095693 0.092037 0.087541 0.082343 0.076597 0.070464 0.064106 0.057677 0.051320 0.045159 0.039300 0.033824 0.028790 0.024235 0.020177 0.016614 0.013529 0.010896 0.008680 0.006838 0.005329 0.004107 0.003131 0.002360 0.001760 0.001299 0.000947 0.000684 0.000488 0.000345 0.000241 0.000166 0.000114 0.000077 0.000051 0.000034 0.000022 0.000014 0.000009 0.000006 0.000004 0.000002 0.000001 0.000001 0.000000 0.000000 0.000000 
0.000000 0.000000 0.000000 0.000001 0.000001 0.000002 0.000003 0.000006 0.000009 0.000014 0.000022 0.000033 0.000051 0.000077 0.000115 0.000170 0.000249 0.000360 0.000515 0.000728 0.001020 0.001413 0.001936 0.002624 0.003517 0.004664 0.006117 0.007935 0.010181 0.012920 0.016216 0.020130 0.024715 0.030011 0.036042 0.042809 0.050287 0.058421 0.067123 0.076271 0.085711 0.095256 0.104695 0.113799 0.122328 0.130043 0.136717 0.142143 0.146151 0.148610 0.149439 0.148610 0.146151 0.142143 0.136717 0.130043 0.122328 0.113799 0.104695 0.095256 0.085711 0.076271 0.067123 0.058421 0.050287 0.042809 0.036042 0.030011 0.024715 0.020130 0.016216 0.012920 0.010181 0.007935 0.006117 0.004664 0.003517 0.002624 0.001936 0.001413 0.001020 0.000728 0.000515 0.000360 0.000249 0.000170 0.000115 0.000077 0.000051 0.000033 0.000022 0.000014 0.000009 0.000006 0.000003 0.000002 0.000001 0.000001 0.000000 0.000000 
0.000000 0.000000 0.000001 0.000001 0.000002 0.000003 0.000005 0.000008 0.000013 0.000021 0.000032 0.000049 0.000075 0.000114 0.000170 0.000251 0.000367 0.000531 0.000760 0.001075 0.001505 0.002084 0.002855 0.003869 0.005185 0.006874 0.009013 0.011690 0.014995 0.019025 0.023875 0.029633 0.036376 0.044164 0.053030 0.062978 0.073970 0.085924 0.098712 0.112153 0.126022 0.140043 0.153909 0.167281 0.179807 0.191138 0.200938 0.208907 0.214792 0.218403 0.219620 0.218403 0.214792 0.208907 0.200938 0.191138 0.179807 0.167281 0.153909 0.140043 0.126022 0.112153 0.098712 0.085924 0.073970 0.062978 0.053030 0.044164 0.036376 0.029633 0.023875 0.019025 0.014995 0.011690 0.009013 0.006874 0.005185 0.003869 0.002855 0.002084 0.001505 0.001075 0.000760 0.000531 0.000367 0.000251 0.000170 0.000114 0.000075 0.000049 0.000032 0.000021 0.000013 0.000008 0.000005 0.000003 0.000002 0.000001 0.000000 0.000000 
0.000000 0.000000 0.000001 0.000002 0.000003 0.000005 0.000007 0.000012 0.000019 0.000030 0.000047 0.000072 0.000110 0.000166 0.000249 0.000367 0.000537 0.000776 0.001110 0.001570 0.002198 0.003042 0.004166 0.005644 0.007563 0.010023 0.013140 0.017038 0.021851 0.027719 0.034778 0.043157 0.052969 0.064300 0.077198 0.091667 0.107651 0.125034 0.143626 0.163167 0.183326 0.203707 0.223858 0.243291 0.261494 0.277958 0.292198 0.303777 0.312328 0.317574 0.319342 0.317574 0.312328 0.303777 0.292198 0.277958 0.261494 0.243291 0.223858 0.203707 0.183326 0.163167 0.143626 0.125034 0.107651 0.091667 0.077198 0.064300 0.052969 0.043157 0.034778 0.027719 0.021851 0.017038 0.013140 0.010023 0.007563 0.005644 0.004166 0.003042 0.002198 0.001570 0.001110 0.000776 0.000537 0.000367 0.000249 0.000166 0.000110 0.000072 0.000047 0.000030 0.000019 0.000012 0.000007 0.000005 0.000003 0.000001 0.000001 0.000000 
0.000000 0.000001 0.000001 0.000002 0.000004 0.000007 0.000011 0.000017 0.000028 0.000044 0.000068 0.000105 0.000160 0.000241 0.000360 0.000531 0.000776 0.001121 0.001604 0.002268 0.003174 0.004393 0.006014 0.008145 0.010912 0.014459 0.018951 0.024568 0.031503 0.039954 0.050120 0.062186 0.076312 0.092621 0.111185 0.132005 0.155004 0.180011 0.206756 0.234863 0.263856 0.293165 0.322142 0.350083 0.376256 0.399926 0.420398 0.437044 0.449336 0.456877 0.459419 0.456877 0.449336 0.437044 0.420398 0.399926 0.376256 0.350083 0.322142 0.293165 0.263856 0.234863 0.206756 0.180011 0.155004 0.132005 0.111185 0.092621 0.076312 0.062186 0.050120 0.039954 0.031503 0.024568 0.018951 0.014459 0.010912 0.008145 0.006014 0.004393 0.003174 0.002268 0.001604 0.001121 0.000776 0.000531 0.000360 0.000241 0.000160 0.000105 0.000068 0.000044 0.000028 0.000017 0.000011 0.000007 0.000004 0.000002 0.000001 0.000000 
0.000000 0.000001 0.000002 0.000003 0.000006 0.000009 0.000015 0.000025 0.000040 0.000062 0.000097 0.000150 0.000229 0.000345 0.000515 0.000760 0.001110 0.001604 0.002292 0.003242 0.004535 0.006275 0.008589 0.011630 0.015576 0.020635 0.027039 0.035047 0.044931 0.056975 0.071460 0.088648 0.108768 0.131994 0.158427 0.188069 0.220810 0.256404 0.294468 0.334466 0.375721 0.417422 0.458648 0.498399 0.535629 0.569300 0.598419 0.622095 0.639579 0.650304 0.653919 0.650304 0.639579 0.622095 0.598419 0.569300 0.535629 0.498399 0.458648 0.417422 0.375721 0.334466 0.294468 0.256404 0.220810 0.188069 0.158427 0.131994 0.108768 0.088648 0.071460 0.056975 0.044931 0.035047 0.027039 0.020635 0.015576 0.011630 0.008589 0.006275 0.004535 0.003242 0.002292 0.001604 0.001110 0.000760 0.000515 0.000345 0.000229 0.000150 0.000097 0.000062 0.000040 0.000025 0.000015 0.000009 0.000006 0.000003 0.000001 0.000000 
0.000000 0.000001 0.000003 0.000005 0.000008 0.000013 0.000022 0.000035 0.000056 0.000088 0.000138 0.000212 0.000324 0.000488 0.000728 0.001075 0.001570 0.002268 0.003242 0.004583 0.006409 0.008867 0.012134 0.016426 0.021995 0.029132 0.038167 0.049461 0.063398 0.080379 0.100796 0.125020 0.153372 0.186097 0.223334 0.265087 0.311198 0.361324 0.414921 0.471236 0.529315 0.588018 0.646048 0.701996 0.754395 0.801782 0.842761 0.876079 0.900682 0.915775 0.920862 0.915775 0.900682 0.876079 0.842761 0.801782 0.754395 0.701996 0.646048 0.588018 0.529315 0.471236 0.414921 0.361324 0.311198 0.265087 0.223334 0.186097 0.153372 0.125020 0.100796 0.080379 0.063398 0.049461 0.038167 0.029132 0.021995 0.016426 0.012134 0.008867 0.006409 0.004583 0.003242 0.002268 0.001570 0.001075 0.000728 0.000488 0.000324 0.000212 0.000138 0.000088 0.000056 0.000035 0.000022 0.000013 0.000008 0.000004 0.000002 0.000000 
0.000000 0.000002 0.000004 0.000007 0.000011 0.000019 0.000031 0.000050 0.000079 0.000124 0.000193 0.000298 0.000454 0.000684 0.001020 0.001505 0.002198 0.003174 0.004535 0.006409 0.008961 0.012395 0.016958 0.022951 0.030726 0.040688 0.053297 0.069054 0.088498 0.112181 0.140654 0.174430 0.213956 0.259572 0.311470 0.369655 0.433905 0.503742 0.578406 0.656850 0.737745 0.819501 0.900315 0.978225 1.051188 1.117168 1.174226 1.220614 1.254868 1.275880 1.282963 1.275880 1.254868 1.220614 1.174226 1.117168 1.051188 0.978225 0.900315 0.819501 0.737745 0.656850 0.578406 0.503742 0.433905 0.369655 0.311470 0.259572 0.213956 0.174430 0.140654 0.112181 0.088498 0.069054 0.053297 0.040688 0.030726 0.022951 0.016958 0.012395 0.008961 0.006409 0.004535 0.003174 0.002198 0.001505 0.001020 0.000684 0.000454 0.000298 0.000193 0.000124 0.000079 0.000050 0.000031 0.000019 0.000011 0.000006 0.000003 0.000000 
0.000000 0.000002 0.000005 0.000009 0.000016 0.000026 0.000043 0.000069 0.000109 0.000172 0.000268 0.000413 0.000629 0.000947 0.001413 0.002084 0.003042 0.004393 0.006275 0.008867 0.012395 0.017139 0.023445 0.031723 0.042461 0.056218 0.073625 0.095375 0.122208 0.154888 0.194169 0.240761 0.295276 0.358181 0.429740 0.509958 0.598527 0.694788 0.797692 0.905796 1.017267 1.129917 1.241261 1.348597 1.449114 1.540005 1.618602 1.682500 1.729682 1.758626 1.768381 1.758626 1.729682 1.682500 1.618602 1.540005 1.449114 1.348597 1.241261 1.129917 1.017267 0.905796 0.797692 0.694788 0.598527 0.509958 0.429740 0.358181 0.295276 0.240761 0.194169 0.154888 0.122208 0.095375 0.073625 0.056218 0.042461 0.031723 0.023445 0.017139 0.012395 0.008867 0.006275 0.004393 0.003042 0.002084 0.001413 0.000947 0.000629 0.000413 0.000268 0.000172 0.000109 0.000069 0.000043 0.000026 0.000015 0.000009 0.000004 0.000000 
0.000000 0.000003 0.000007 0.000013 0.000022 0.000036 0.000059 0.000094 0.000150 0.000236 0.000368 0.000566 0.000862 0.001299 0.001936 0.002855 0.004166 0.006014 0.008589 0.012134 0.016958 0.023445 0.032063 0.043376 0.058046 0.076838 0.100612 0.130312 0.166947 0.211557 0.265170 0.328750 0.403133 0.488952 0.586566 0.695978 0.816768 0.948032 1.088343 1.235731 1.387697 1.541259 1.693029 1.839329 1.976326 2.100200 2.207313 2.294392 2.358690 2.398132 2.411425 2.398132 2.358690 2.294392 2.207313 2.100200 1.976326 1.839329 1.693029 1.541259 1.387697 1.235731 1.088343 0.948032 0.816768 0.695978 0.586566 0.488952 0.403133 0.328750 0.265170 0.211557 0.166947 0.130312 0.100612 0.076838 0.058046 0.043376 0.032063 0.023445 0.016958 0.012134 0.008589 0.006014 0.004166 0.002855 0.001936 0.001299 0.000862 0.000566 0.000367 0.000236 0.000150 0.000094 0.000059 0.000036 0.000021 0.000012 0.000005 0.000000 
0.000000 0.000004 0.000010 0.000017 0.000030 0.000049 0.000080 0.000128 0.000204 0.000321 0.000499 0.000767 0.001169 0.001760 0.002624 0.003869 0.005644 0.008145 0.011630 0.016426 0.022951 0.031723 0.043376 0.058669 0.078497 0.103891 0.136010 0.176131 0.225611 0.285852 0.358241 0.444075 0.544479 0.660306 0.792034 0.939667 1.102636 1.279719 1.468989 1.667788 1.872746 2.079841 2.284507 2.481785 2.666509 2.833530 2.977948 3.095351 3.182038 3.235212 3.253134 3.235212 3.182038 3.095351 2.977948 2.833530 2.666509 2.481785 2.284507 2.079841 1.872746 1.667788 1.468989 1.279719 1.102636 0.939667 0.792034 0.660306 0.544479 0.444075 0.358241 0.285852 0.225611 0.176131 0.136010 0.103891 0.078497 0.058669 0.043376 0.031723 0.022951 0.016426 0.011630 0.008145 0.005644 0.003869 0.002624 0.001760 0.001169 0.000767 0.000499 0.000320 0.000204 0.000128 0.000080 0.000049 0.000029 0.000016 0.000007 0.000000 
0.000000 0.000006 0.000013 0.000023 0.000040 0.000066 0.000107 0.000172 0.000274 0.000430 0.000669 0.001030 0.001567 0.002360 0.003517 0.005185 0.007563 0.010912 0.015576 0.021995 0.030726 0.042461 0.058046 0.078497 0.105007 0.138952 0.181881 0.235495 0.301605 0.382081 0.478771 0.593405 0.727479 0.882128 1.057989 1.255061 1.472582 1.708919 1.961497 2.226770 2.500241 2.776544 3.049590 3.312764 3.559179 3.781970 3.974604 4.131198 4.246821 4.317744 4.341648 4.317744 4.246821 4.131198 3.974604 3.781970 3.559179 3.312764 3.049590 2.776544 2.500241 2.226770 1.961497 1.708919 1.472582 1.255061 1.057989 0.882128 0.727479 0.593405 0.478771 0.382081 0.301605 0.235495 0.181881 0.138952 0.105007 0.078497 0.058046 0.042461 0.030726 0.021995 0.015576 0.010912 0.007563 0.005185 0.003517 0.002360 0.001567 0.001030 0.000669 0.000430 0.000274 0.000172 0.000107 0.000065 0.000039 0.000021 0.000010 0.000000 
0.000000 0.000008 0.000017 0.000031 0.000053 0.000088 0.000142 0.000229 0.000364 0.000571 0.000888 0.001366 0.002079 0.003131 0.004664 0.006874 0.010023 0.014459 0.020635 0.029132 0.040688 0.056218 0.076838 0.103891 0.138952 0.183840 0.240598 0.311470 0.398849 0.505201 0.632962 0.784412 0.961524 1.165792 1.398050 1.658295 1.945514 2.257550 2.591000 2.941182 3.302159 3.666851 4.027222 4.374544 4.699735 4.993737 5.247934 5.454569 5.607136 5.700720 5.732261 5.700720 5.607136 5.454569 5.247934 4.993737 4.699735 4.374544 4.027222 3.666851 3.302159 2.941182 2.591000 2.257550 1.945514 1.658295 1.398050 1.165792 0.961524 0.784412 0.632962 0.505201 0.398849 0.311470 0.240598 0.183840 0.138952 0.103891 0.076838 0.056218 0.040688 0.029132 0.020635 0.014459 0.010023 0.006874 0.004664 0.003131 0.002079 0.001366 0.000888 0.000571 0.000363 0.000229 0.000142 0.000087 0.000051 0.000029 0.000013 0.000000 
0.000000 0.000010 0.000023 0.000041 0.000070 0.000115 0.000187 0.000301 0.000477 0.000750 0.001166 0.001793 0.002728 0.004107 0.006117 0.009013 0.013140 0.018951 0.027039 0.038167 0.053297 0.073625 0.100612 0.136010 0.181881 0.240598 0.314829 0.407507 0.521753 0.660786 0.827785 1.025724 1.257173 1.524079 1.827525 2.167501 2.542680 2.950238 3.385731 3.843040 4.314413 4.790607 5.261132 5.714597 6.139147 6.522965 6.854806 7.124552 7.323712 7.445874 7.487047 7.445874 7.323712 7.124552 6.854806 6.522965 6.139147 5.714597 5.261132 4.790607 4.314413 3.843040 3.385731 2.950238 2.542680 2.167501 1.827525 1.524079 1.257173 1.025724 0.827785 0.660786 0.521753 0.407507 0.314829 0.240598 0.181881 0.136010 0.100612 0.073625 0.053297 0.038167 0.027039 0.018951 0.013140 0.009013 0.006117 0.004107 0.002728 0.001793 0.001166 0.000750 0.000477 0.000300 0.000187 0.000114 0.000068 0.000038 0.000017 0.000000 
0.000000 0.000013 0.000029 0.000053 0.000091 0.000150 0.000243 0.000391 0.000620 0.000974 0.001514 0.002328 0.003541 0.005329 0.007935 0.011690 0.017038 0.024568 0.035047 0.049461 0.069054 0.095375 0.130312 0.176131 0.235495 0.311470 0.407507 0.527390 0.675154 0.854951 1.070887 1.326797 1.625997 1.970995 2.363184 2.802542 3.287349 3.813952 4.376604 4.967398 5.576322 6.191435 6.799191 7.384882 7.933205 8.428900 8.857458 9.205811 9.463005 9.620763 9.673932 9.620763 9.463005 9.205811 8.857458 8.428900 7.933205 7.384882 6.799191 6.191435 5.576322 4.967398 4.376604 3.813952 3.287349 2.802542 2.363184 1.970995 1.625997 1.326797 1.070887 0.854951 0.675154 0.527390 0.407507 0.311470 0.235495 0.176131 0.130312 0.095375 0.069054 0.049461 0.035047 0.024568 0.017038 0.011690 0.007935 0.005329 0.003541 0.002327 0.001514 0.000974 0.000620 0.000390 0.000242 0.000148 0.000088 0.000049 0.000022 0.000000 
0.000000 0.000017 0.000038 0.000069 0.000116 0.000192 0.000313 0.000502 0.000797 0.001251 0.001944 0.002988 0.004545 0.006838 0.010181 0.014995 0.021851 0.031503 0.044931 0.063398 0.088498 0.122208 0.166947 0.225611 0.301605 0.398849 0.521753 0.675154 0.864203 1.094208 1.370407 1.697700 2.080315 2.521449 3.022874 3.584554 4.204281 4.877381 5.596503 6.351541 7.129697 7.915717 8.692294 9.440644 10.141216 10.774527 11.322045 11.767085 12.095658 12.297196 12.365120 12.297196 12.095658 11.767085 11.322045 10.774527 10.141216 9.440644 8.692294 7.915717 7.129697 6.351541 5.596503 4.877381 4.204281 3.584554 3.022874 2.521449 2.080315 1.697700 1.370407 1.094208 0.864203 0.675154 0.521753 0.398849 0.301605 0.225611 0.166947 0.122208 0.088498 0.063398 0.044931 0.031503 0.021851 0.014995 0.010181 0.006838 0.004545 0.002988 0.001944 0.001251 0.000797 0.000501 0.000312 0.000190 0.000113 0.000063 0.000028 0.000000 
0.000000 0.000021 0.000048 0.000087 0.000148 0.000245 0.000398 0.000638 0.001013 0.001590 0.002469 0.003795 0.005770 0.008680 0.012920 0.019025 0.027719 0.039954 0.056975 0.080379 0.112181 0.154888 0.211557 0.285852 0.382081 0.505201 0.660786 0.854951 1.094208 1.385260 1.734728 2.148795 2.632802 3.190777 3.824953 4.535272 5.318934 6.170019 7.079230 8.033786 9.017509 10.011117 10.992739 11.938637 12.824112 13.624545 14.316525 14.878978 15.294229 15.548930 15.634771 15.548930 15.294229 14.878978 14.316525 13.624545 12.824112 11.938637 10.992739 10.011117 9.017509 8.033786 7.079230 6.170019 5.318934 4.535272 3.824953 3.190777 2.632802 2.148795 1.734728 1.385260 1.094208 0.854951 0.660786 0.505201 0.382081 0.285852 0.211557 0.154888 0.112181 0.080379 0.056975 0.039954 0.027719 0.019025 0.012919 0.008680 0.005770 0.003794 0.002469 0.001589 0.001012 0.000637 0.000396 0.000242 0.000144 0.000080 0.000035 0.000000 
0.000000 0.000027 0.000060 0.000110 0.000186 0.000308 0.000500 0.000802 0.001272 0.001997 0.003102 0.004765 0.007244 0.010896 0.016216 0.023875 0.034778 0.050120 0.071460 0.100796 0.140654 0.194169 0.265170 0.358241 0.478771 0.632962 0.827785 1.070887 1.370407 1.734728 2.172119 2.690308 3.295961 3.994107 4.787524 5.676127 6.656402 7.720937 8.858096 10.051892 11.282092 12.524587 13.752034 14.934761 16.041894 17.042665 17.907816 18.611009 19.130158 19.448584 19.555901 19.448584 19.130158 18.611009 17.907816 17.042665 16.041894 14.934761 13.752034 12.524587 11.282092 10.051892 8.858096 7.720937 6.656402 5.676127 4.787524 3.994107 3.295961 2.690308 2.172119 1.734728 1.370407 1.070887 0.827785 0.632962 0.478771 0.358241 0.265170 0.194169 0.140654 0.100796 0.071460 0.050120 0.034778 0.023875 0.016216 0.010896 0.007244 0.004765 0.003101 0.001997 0.001272 0.000801 0.000498 0.000305 0.000181 0.000100 0.000045 0.000000 
0.000000 0.000033 0.000075 0.000136 0.000232 0.000383 0.000621 0.000997 0.001581 0.002482 0.003853 0.005919 0.008996 0.013529 0.020130 0.029633 0.043157 0.062186 0.088648 0.125020 0.174430 0.240761 0.328750 0.444075 0.593405 0.784412 1.025724 1.326797 1.697700 2.148795 2.690308 3.331787 4.081467 4.945557 5.927478 7.027109 8.240091 9.557241 10.964155 12.441052 13.962899 15.499879 17.018174 18.481092 19.850459 21.088234 22.158243 23.027926 23.669982 24.063789 24.196511 24.063789 23.669982 23.027926 22.158243 21.088234 19.850459 18.481092 17.018174 15.499879 13.962899 12.441052 10.964155 9.557241 8.240091 7.027109 5.927478 4.945557 4.081467 3.331787 2.690308 2.148795 1.697700 1.326797 1.025724 0.784412 0.593405 0.444075 0.328750 0.240761 0.174430 0.125020 0.088648 0.062186 0.043157 0.029633 0.020130 0.013529 0.008996 0.005919 0.003853 0.002481 0.001581 0.000996 0.000619 0.000379 0.000225 0.000125 0.000055 0.000000 
0.000000 0.000041 0.000092 0.000168 0.000285 0.000471 0.000764 0.001226 0.001944 0.003050 0.004734 0.007271 0.011050 0.016614 0.024715 0.036376 0.052969 0.076312 0.108768 0.153372 0.213956 0.295276 0.403133 0.544479 0.727479 0.961524 1.257173 1.625997 2.080315 2.632802 3.295961 4.081467 4.999385 6.057295 7.259367 8.605436 10.090152 11.702262 13.424130 15.231540 17.093863 18.974612 20.832416 22.622391 24.297842 25.812244 27.121355 28.185355 28.970857 29.452642 29.615014 29.452642 28.970857 28.185355 27.121355 25.812244 24.297842 22.622391 20.832416 18.974612 17.093863 15.231540 13.424130 11.702262 10.090152 8.605436 7.259367 6.057295 4.999385 4.081467 3.295961 2.632802 2.080315 1.625997 1.257173 0.961524 0.727479 0.544479 0.403133 0.295276 0.213956 0.153372 0.108768 0.076312 0.052969 0.036376 0.024715 0.016614 0.011049 0.007271 0.004734 0.003049 0.001943 0.001224 0.000762 0.000466 0.000277 0.000154 0.000068 0.000000 
0.000000 0.000050 0.000113 0.000204 0.000347 0.000572 0.000929 0.001490 0.002363 0.003707 0.005753 0.008834 0.013422 0.020177 0.030011 0.044164 0.064300 0.092621 0.131994 0.186097 0.259572 0.358181 0.488952 0.660306 0.882128 1.165792 1.524079 1.970995 2.521449 3.190777 3.994107 4.945557 6.057295 7.338479 8.794137 10.424051 12.221723 14.173518 16.258074 18.446070 20.700428 22.976985 25.225677 27.392188 29.420020 31.252880 32.837243 34.124935 35.075563 35.658625 35.855127 35.658625 35.075563 34.124935 32.837243 31.252880 29.420020 27.392188 25.225677 22.976985 20.700428 18.446070 16.258074 14.173518 12.221723 10.424051 8.794137 7.338479 6.057295 4.945557 3.994107 3.190777 2.521449 1.970995 1.524079 1.165792 0.882128 0.660306 0.488952 0.358181 0.259572 0.186097 0.131994 0.092621 0.064300 0.044164 0.030011 0.020177 0.013422 0.008834 0.005752 0.003706 0.002362 0.001488 0.000926 0.000567 0.000337 0.000187 0.000083 0.000000 
0.000000 0.000060 0.000135 0.000246 0.000417 0.000688 0.001118 0.001792 0.002841 0.004455 0.006913 0.010614 0.016124 0.024235 0.036042 0.053030 0.077198 0.111185 0.158427 0.223334 0.311470 0.429740 0.586566 0.792034 1.057989 1.398050 1.827525 2.363184 3.022874 3.824953 4.787524 5.927478 7.259367 8.794137 10.537787 12.490034 14.643076 16.980566 19.476912 22.096996 24.796418 27.522306 30.214723 32.808652 35.236470 37.430801 39.327586 40.869172 42.007222 42.705230 42.940472 42.705230 42.007222 40.869172 39.327586 37.430801 35.236470 32.808652 30.214723 27.522306 24.796418 22.096996 19.476912 16.980566 14.643076 12.490034 10.537787 8.794137 7.259367 5.927478 4.787524 3.824953 3.022874 2.363184 1.827525 1.398050 1.057989 0.792034 0.586566 0.429740 0.311470 0.223334 0.158427 0.111185 0.077198 0.053030 0.036042 0.024235 0.016124 0.010614 0.006913 0.004454 0.002839 0.001790 0.001114 0.000681 0.000405 0.000225 0.000100 0.000000 
0.000000 0.000071 0.000161 0.000292 0.000496 0.000819 0.001329 0.002130 0.003377 0.005296 0.008216 0.012613 0.019157 0.028790 0.042809 0.062978 0.091667 0.132005 0.188069 0.265087 0.369655 0.509958 0.695978 0.939667 1.255061 1.658295 2.167501 2.802542 3.584554 4.535272 5.676127 7.027109 8.605436 10.424051 12.490034 14.803026 17.353759 20.122855 23.079981 26.183534 29.380922 32.609526 35.798370 38.870468 41.745751 44.344450 46.590726 48.416327 49.764029 50.590618 50.869192 50.590618 49.764029 48.416327 46.590726 44.344450 41.745751 38.870468 35.798370 32.609526 29.380922 26.183534 23.079981 20.122855 17.353759 14.803026 12.490034 10.424051 8.605436 7.027109 5.676127 4.535272 3.584554 2.802542 2.167501 1.658295 1.255061 0.939667 0.695978 0.509958 0.369655 0.265087 0.188069 0.132005 0.091667 0.062978 0.042808 0.028790 0.019157 0.012612 0.008216 0.005295 0.003376 0.002128 0.001324 0.000811 0.000482 0.000268 0.000119 0.000000 
0.000000 0.000084 0.000190 0.000344 0.000584 0.000963 0.001563 0.002505 0.003970 0.006225 0.009657 0.014822 0.022510 0.033824 0.050287 0.073970 0.107651 0.155004 0.220810 0.311198 0.433905 0.598527 0.816768 1.102636 1.472582 1.945514 2.542680 3.287349 4.204281 5.318934 6.656402 8.240091 10.090152 12.221723 14.643076 17.353759 20.342893 23.587744 27.052762 30.689189 34.435406 38.218053 41.953989 45.553039 48.921426 51.965726 54.597122 56.735686 58.314408 59.282681 59.609004 59.282681 58.314408 56.735686 54.597122 51.965726 48.921426 45.553039 41.953989 38.218053 34.435406 30.689189 27.052762 23.587744 20.342893 17.353759 14.643076 12.221723 10.090152 8.240091 6.656402 5.318934 4.204281 3.287349 2.542680 1.945514 1.472582 1.102636 0.816768 0.598527 0.433905 0.311198 0.220810 0.155004 0.107651 0.073970 0.050287 0.033824 0.022510 0.014822 0.009656 0.006224 0.003969 0.002502 0.001558 0.000953 0.000567 0.000315 0.000140 0.000000 
0.000000 0.000098 0.000221 0.000400 0.000679 0.001120 0.001818 0.002913 0.004616 0.007237 0.011225 0.017226 0.026158 0.039300 0.058421 0.085924 0.125034 0.180011 0.256404 0.361324 0.503742 0.694788 0.948032 1.279719 1.708919 2.257550 2.950238 3.813952 4.877381 6.170019 7.720937 9.557241 11.702262 14.173518 16.980566 20.122855 23.587744 27.348867 31.365000 35.579627 39.921331 44.305100 48.634597 52.805342 56.708687 60.236399 63.285587 65.763661 67.592993 68.714966 69.093086 68.714966 67.592993 65.763661 63.285587 60.236399 56.708687 52.805342 48.634597 44.305100 39.921331 35.579627 31.365000 27.348867 23.587744 20.122855 16.980566 14.173518 11.702262 9.557241 7.720937 6.170019 4.877381 3.813952 2.950238 2.257550 1.708919 1.279719 0.948032 0.694788 0.503742 0.361324 0.256404 0.180011 0.125034 0.085924 0.058421 0.039300 0.026158 0.017226 0.011224 0.007236 0.004614 0.002910 0.001812 0.001109 0.000660 0.000366 0.000163 0.000000 
0.000000 0.000112 0.000254 0.000461 0.000781 0.001289 0.002091 0.003350 0.005308 0.008320 0.012903 0.019800 0.030061 0.045159 0.067123 0.098712 0.143626 0.206756 0.294468 0.414921 0.578406 0.797692 1.088343 1.468989 1.961497 2.591000 3.385731 4.376604 5.596503 7.079230 8.858096 10.964155 13.424130 16.258074 19.476912 23.079981 27.052762 31.365000 35.969418 40.801217 45.778520 50.803882 55.766883 60.547777 65.022049 69.065667 72.560722 75.401113 77.497892 78.783886 79.217283 78.783886 77.497892 75.401113 72.560722 69.065667 65.022049 60.547777 55.766883 50.803882 45.778520 40.801217 35.969418 31.365000 27.052762 23.079981 19.476912 16.258074 13.424130 10.964155 8.858096 7.079230 5.596503 4.376604 3.385731 2.591000 1.961497 1.468989 1.088343 0.797692 0.578406 0.414921 0.294468 0.206756 0.143626 0.098712 0.067123 0.045159 0.030061 0.019799 0.012903 0.008319 0.005306 0.003346 0.002084 0.001276 0.000759 0.000421 0.000187 0.000000 
0.000000 0.000128 0.000289 0.000524 0.000889 0.001466 0.002378 0.003810 0.006036 0.009460 0.014668 0.022506 0.034166 0.051320 0.076271 0.112153 0.163167 0.234863 0.334466 0.471236 0.656850 0.905796 1.235731 1.667788 2.226770 2.941182 3.843040 4.967398 6.351541 8.033786 10.051892 12.441052 15.231540 18.446070 22.096996 26.183534 30.689189 35.579627 40.801217 46.280466 51.924529 57.622917 63.250440 68.671341 73.744466 78.329213 82.291927 85.512341 87.889630 89.347659 89.839032 89.347659 87.889630 85.512341 82.291927 78.329213 73.744466 68.671341 63.250440 57.622917 51.924529 46.280466 40.801217 35.579627 30.689189 26.183534 22.096996 18.446070 15.231540 12.441052 10.051892 8.033786 6.351541 4.967398 3.843040 2.941182 2.226770 1.667788 1.235731 0.905796 0.656850 0.471236 0.334466 0.234863 0.163167 0.112153 0.076271 0.051320 0.034166 0.022505 0.014668 0.009458 0.006033 0.003805 0.002370 0.001451 0.000863 0.000480 0.000213 0.000000 
0.000000 0.000144 0.000325 0.000590 0.001000 0.001649 0.002675 0.004285 0.006787 0.010636 0.016491 0.025299 0.038402 0.057677 0.085711 0.126022 0.183326 0.263856 0.375721 0.529315 0.737745 1.017267 1.387697 1.872746 2.500241 3.302159 4.314413 5.576322 7.129697 9.017509 11.282092 13.962899 17.093863 20.700428 24.796418 29.380922 34.435406 39.921331 45.778520 51.924529 58.255217 64.646662 70.958466 77.038389 82.728148 87.870081 92.314324 95.926026 98.592140 100.227301 100.778367 100.227301 98.592140 95.926026 92.314324 87.870081 82.728148 77.038389 70.958466 64.646662 58.255217 51.924529 45.778520 39.921331 34.435406 29.380922 24.796418 20.700428 17.093863 13.962899 11.282092 9.017509 7.129697 5.576322 4.314413 3.302159 2.500241 1.872746 1.387697 1.017267 0.737745 0.529315 0.375721 0.263856 0.183326 0.126022 0.085711 0.057677 0.038402 0.025298 0.016490 0.010634 0.006784 0.004279 0.002665 0.001632 0.000971 0.000540 0.000240 0.000000 
0.000000 0.000160 0.000362 0.000656 0.001113 0.001834 0.002975 0.004765 0.007547 0.011826 0.018334 0.028124 0.042687 0.064106 0.095256 0.140043 0.203707 0.293165 0.417422 0.588018 0.819501 1.129917 1.541259 2.079841 2.776544 3.666851 4.790607 6.191435 7.915717 10.011117 12.524587 15.499879 18.974612 22.976985 27.522306 32.609526 38.218053 44.305100 50.803882 57.622917 64.646662 71.737638 78.740099 85.485172 91.797285 97.501565 102.431791 106.438397 109.396002 111.209927 111.821239 111.209927 109.396002 106.438397 102.431791 97.501565 91.797285 85.485172 78.740099 71.737638 64.646662 57.622917 50.803882 44.305100 38.218053 32.609526 27.522306 22.976985 18.974612 15.499879 12.524587 10.011117 7.915717 6.191435 4.790607 3.666851 2.776544 2.079841 1.541259 1.129917 0.819501 0.588018 0.417422 0.293165 0.203707 0.140043 0.095256 0.064106 0.042686 0.028123 0.018333 0.011824 0.007544 0.004759 0.002964 0.001816 0.001080 0.000600 0.000267 0.000000 
0.000000 0.000176 0.000398 0.000722 0.001224 0.002018 0.003272 0.005241 0.008300 0.013003 0.020158 0.030919 0.046924 0.070464 0.104695 0.153909 0.223858 0.322142 0.458648 0.646048 0.900315 1.241261 1.693029 2.284507 3.049590 4.027222 5.261132 6.799191 8.692294 10.992739 13.752034 17.018174 20.832416 25.225677 30.214723 35.798370 41.953989 48.634597 55.766883 63.250440 70.958466 78.740099 86.424441 93.826200 100.752737 107.012191 112.422195 116.818659 120.064028 122.054433 122.725219 122.054433 120.064028 116.818659 112.422195 107.012191 100.752737 93.826200 86.424441 78.740099 70.958466 63.250440 55.766883 48.634597 41.953989 35.798370 30.214723 25.225677 20.832416 17.018174 13.752034 10.992739 8.692294 6.799191 5.261132 4.027222 3.049590 2.284507 1.693029 1.241261 0.900315 0.646048 0.458648 0.322142 0.223858 0.153909 0.104695 0.070464 0.046924 0.030918 0.020156 0.013001 0.008296 0.005234 0.003261 0.001997 0.001188 0.000660 0.000294 0.000000 
