0.000000 0.000000 0.000000 0.000000 0.000000 0.000000 0.000000 0.000000 0.000000 0.000000 0.000000 0.000000 0.000000 0.000000 0.000000 0.000000 0.000000 0.000000 0.000000 0.000000 0.000000 0.000000 0.000000 0.000000 0.000000 0.000000 0.000000 0.000000 0.000000 0.000000 0.000000 0.000000 0.000000 0.000000 0.000000 0.000000 0.000000 0.000000 0.000000 0.000000 0.000000 0.000000 0.000000 0.000000 0.000000 0.000000 0.000000 0.000000 0.000000 0.000000 0.000000 0.000000 0.000000 0.000000 0.000000 0.000000 0.000000 0.000000 0.000000 0.000000 0.000000 0.000000 0.000000 0.000000 0.000000 0.000000 0.000000 0.000000 0.000000 0.000000 0.000000 0.000000 0.000000 0.000000 0.000000 0.000000 0.000000 0.000000 0.000000 0.000000 0.000000 0.000000 0.000000 0.000000 0.000000 0.000000 0.000000 0.000000 0.000000 0.000000 0.000000 0.000000 0.000000 0.000000 0.000000 0.000000 0.000000 0.000000 0.000000 0.000000 
0.000000 0.000000 0.000000 0.000000 0.000000 0.000000 0.000000 0.000000 0.000000 0.000000 0.000000 0.000000 0.000000 0.000000 0.000000 0.000000 0.000000 0.000000 0.000000 0.000001 0.000001 0.000001 0.000001 0.000002 0.000003 0.000004 0.000005 0.000007 0.000009 0.000011 0.000014 0.000018 0.000022 0.000027 0.000033 0.000040 0.000047 0.000056 0.000064 0.000074 0.000083 0.000093 0.000103 0.000113 0.000122 0.000130 0.000137 0.000143 0.000147 0.000150 0.000150 0.000150 0.000147 0.000143 0.000137 0.000130 0.000122 0.000113 0.000103 0.000093 0.000083 0.000074 0.000064 0.000056 0.000047 0.000040 0.000033 0.000027 0.000022 0.000018 0.000014 0.000011 0.000009 0.000007 0.000005 0.000004 0.000003 0.000002 0.000001 0.000001 0.000001 0.000001 0.000000 0.000000 0.000000 0.000000 0.000000 0.000000 0.000000 0.000000 0.000000 0.000000 0.000000 0.000000 0.000000 0.000000 0.000000 0.000000 0.000000 0.000000 
0.000000 0.000000 0.000000 0.000000 0.000000 0.000000 0.000000 0.000000 0.000000 0.000000 0.000000 0.000000 0.000000 0.000000 0.000000 0.000000 0.000000 0.000001 0.000001 0.000001 0.000002 0.000002 0.000003 0.000005 0.000006 0.000009 0.000012 0.000015 0.000020 0.000026 0.000033 0.000041 0.000051 0.000063 0.000076 0.000091 0.000108 0.000127 0.000147 0.000169 0.000191 0.000213 0.000236 0.000258 0.000278 0.000297 0.000313 0.000326 0.000336 0.000342 0.000344 0.000342 0.000336 0.000326 0.000313 0.000297 0.000278 0.000258 0.000236 0.000213 0.000191 0.000169 0.000147 0.000127 0.000108 0.000091 0.000076 0.000063 0.000051 0.000041 0.000033 0.000026 0.000020 0.000015 0.000012 0.000009 0.000006 0.000005 0.000003 0.000002 0.000002 0.000001 0.000001 0.000001 0.000000 0.000000 0.000000 0.000000 0.000000 0.000000 0.000000 0.000000 0.000000 0.000000 0.000000 0.000000 0.000000 0.000000 0.000000 0.000000 
0.000000 0.000000 0.000000 0.000000 0.000000 0.000000 0.000000 0.000000 0.000000 0.000000 0.000000 0.000000 0.000000 0.000000 0.000000 0.000000 0.000001 0.000001 0.000002 0.000002 0.000003 0.000005 0.000006 0.000009 0.000012 0.000016 0.000021 0.000028 0.000037 0.000047 0.000060 0.000076 0.000094 0.000116 0.000141 0.000169 0.000200 0.000234 0.000271 0.000311 0.000352 0.000393 0.000435 0.000475 0.000513 0.000547 0.000577 0.000601 0.000619 0.000630 0.000634 0.000630 0.000619 0.000601 0.000577 0.000547 0.000513 0.000475 0.000435 0.000393 0.000352 0.000311 0.000271 0.000234 0.000200 0.000169 0.000141 0.000116 0.000094 0.000076 0.000060 0.000047 0.000037 0.000028 0.000021 0.000016 0.000012 0.000009 0.000006 0.000005 0.000003 0.000002 0.000002 0.000001 0.000001 0.000000 0.000000 0.000000 0.000000 0.000000 0.000000 0.000000 0.000000 0.000000 0.000000 0.000000 0.000000 0.000000 0.000000 0.000000 
0.000000 0.000000 0.000000 0.000000 0.000000 0.000000 0.000000 0.000000 0.000000 0.000000 0.000000 0.000000 0.000000 0.000000 0.000001 0.000001 0.000001 0.000002 0.000003 0.000004 0.000006 0.000008 0.000011 0.000015 0.000021 0.000028 0.000037 0.000049 0.000064 0.000082 0.000104 0.000131 0.000163 0.000200 0.000243 0.000292 0.000346 0.000405 0.000469 0.000537 0.000608 0.000680 0.000751 0.000821 0.000886 0.000945 0.000997 0.001038 0.001069 0.001089 0.001095 0.001089 0.001069 0.001038 0.000997 0.000945 0.000886 0.000821 0.000751 0.000680 0.000608 0.000537 0.000469 0.000405 0.000346 0.000292 0.000243 0.000200 0.000163 0.000131 0.000104 0.000082 0.000064 0.000049 0.000037 0.000028 0.000021 0.000015 0.000011 0.000008 0.000006 0.000004 0.000003 0.000002 0.000001 0.000001 0.000001 0.000000 0.000000 0.000000 0.000000 0.000000 0.000000 0.000000 0.000000 0.000000 0.000000 0.000000 0.000000 0.000000 
0.000000 0.000000 0.000000 0.000000 0.000000 0.000000 0.000000 0.000000 0.000000 0.000000 0.000000 0.000000 0.000000 0.000001 0.000001 0.000001 0.000002 0.000003 0.000005 0.000007 0.000009 0.000013 0.000019 0.000026 0.000035 0.000047 0.000063 0.000083 0.000108 0.000139 0.000176 0.000221 0.000275 0.000338 0.000410 0.000491 0.000582 0.000682 0.000790 0.000905 0.001023 0.001144 0.001264 0.001381 0.001490 0.001590 0.001676 0.001747 0.001799 0.001831 0.001842 0.001831 0.001799 0.001747 0.001676 0.001590 0.001490 0.001381 0.001264 0.001144 0.001023 0.000905 0.000790 0.000682 0.000582 0.000491 0.000410 0.000338 0.000275 0.000221 0.000176 0.000139 0.000108 0.000083 0.000063 0.000047 0.000035 0.000026 0.000019 0.000013 0.000009 0.000007 0.000005 0.000003 0.000002 0.000001 0.000001 0.000001 0.000000 0.000000 0.000000 0.000000 0.000000 0.000000 0.000000 0.000000 0.000000 0.000000 0.000000 0.000000 
0.000000 0.000000 0.000000 0.000000 0.000000 0.000000 0.000000 0.000000 0.000000 0.000000 0.000000 0.000000 0.000001 0.000001 0.000002 0.000002 0.000004 0.000005 0.000008 0.000011 0.000016 0.000022 0.000031 0.000043 0.000058 0.000078 0.000104 0.000137 0.000179 0.000230 0.000292 0.000367 0.000456 0.000560 0.000679 0.000814 0.000965 0.001131 0.001309 0.001498 0.001695 0.001895 0.002093 0.002286 0.002467 0.002632 0.002775 0.002891 0.002977 0.003030 0.003048 0.003030 0.002977 0.002891 0.002775 0.002632 0.002467 0.002286 0.002093 0.001895 0.001695 0.001498 0.001309 0.001131 0.000965 0.000814 0.000679 0.000560 0.000456 0.000367 0.000292 0.000230 0.000179 0.000137 0.000104 0.000078 0.000058 0.000043 0.000031 0.000022 0.000016 0.000011 0.000008 0.000005 0.000004 0.000002 0.000002 0.000001 0.000001 0.000000 0.000000 0.000000 0.000000 0.000000 0.000000 0.000000 0.000000 0.000000 0.000000 0.000000 
0.000000 0.000000 0.000000 0.000000 0.000000 0.000000 0.000000 0.000000 0.000000 0.000000 0.000000 0.000001 0.000001 0.000002 0.000003 0.000004 0.000006 0.000009 0.000013 0.000018 0.000026 0.000037 0.000051 0.000070 0.000096 0.000129 0.000171 0.000225 0.000293 0.000377 0.000479 0.000602 0.000747 0.000917 0.001112 0.001333 0.001580 0.001850 0.002142 0.002451 0.002772 0.003098 0.003423 0.003737 0.004033 0.004302 0.004535 0.004725 0.004866 0.004952 0.004982 0.004952 0.004866 0.004725 0.004535 0.004302 0.004033 0.003737 0.003423 0.003098 0.002772 0.002451 0.002142 0.001850 0.001580 0.001333 0.001112 0.000917 0.000747 0.000602 0.000479 0.000377 0.000293 0.000225 0.000171 0.000129 0.000096 0.000070 0.000051 0.000037 0.000026 0.000018 0.000013 0.000009 0.000006 0.000004 0.000003 0.000002 0.000001 0.000001 0.000000 0.000000 0.000000 0.000000 0.000000 0.000000 0.000000 0.000000 0.000000 0.000000 
0.000000 0.000000 0.000000 0.000000 0.000000 0.000000 0.000000 0.000000 0.000000 0.000000 0.000001 0.000001 0.000002 0.000003 0.000004 0.000006 0.000010 0.000014 0.000021 0.000030 0.000042 0.000059 0.000083 0.000114 0.000155 0.000209 0.000278 0.000365 0.000475 0.000611 0.000776 0.000974 0.001209 0.001484 0.001799 0.002157 0.002555 0.002992 0.003464 0.003963 0.004481 0.005008 0.005533 0.006040 0.006518 0.006952 0.007329 0.007635 0.007862 0.008002 0.008049 0.008002 0.007862 0.007635 0.007329 0.006952 0.006518 0.006040 0.005533 0.005008 0.004481 0.003963 0.003464 0.002992 0.002555 0.002157 0.001799 0.001484 0.001209 0.000974 0.000776 0.000611 0.000475 0.000365 0.000278 0.000209 0.000155 0.000114 0.000083 0.000059 0.000042 0.000030 0.000021 0.000014 0.000010 0.000006 0.000004 0.000003 0.000002 0.000001 0.000001 0.000000 0.000000 0.000000 0.000000 0.000000 0.000000 0.000000 0.000000 0.000000 
0.000000 0.000000 0.000000 0.000000 0.000000 0.000000 0.000000 0.000000 0.000000 0.000001 0.000001 0.000002 0.000003 0.000004 0.000007 0.000010 0.000015 0.000023 0.000033 0.000048 0.000068 0.000095 0.000133 0.000183 0.000249 0.000335 0.000446 0.000586 0.000761 0.000978 0.001243 0.001560 0.001936 0.002375 0.002879 0.003451 0.004088 0.004786 0.005539 0.006336 0.007164 0.008006 0.008843 0.009654 0.010417 0.011110 0.011711 0.012200 0.012563 0.012785 0.012860 0.012785 0.012563 0.012200 0.011711 0.011110 0.010417 0.009654 0.008843 0.008006 0.007164 0.006336 0.005539 0.004786 0.004088 0.003451 0.002879 0.002375 0.001936 0.001560 0.001243 0.000978 0.000761 0.000586 0.000446 0.000335 0.000249 0.000183 0.000133 0.000095 0.000068 0.000048 0.000033 0.000023 0.000015 0.000010 0.000007 0.000004 0.000003 0.000002 0.000001 0.000001 0.000000 0.000000 0.000000 0.000000 0.000000 0.000000 0.000000 0.000000 
0.000000 0.000000 0.000000 0.000000 0.000000 0.000000 0.000000 0.000000 0.000001 0.000001 0.000002 0.000003 0.000005 0.000007 0.000011 0.000016 0.000024 0.000036 0.000052 0.000076 0.000108 0.000151 0.000211 0.000290 0.000395 0.000531 0.000706 0.000929 0.001207 0.001550 0.001968 0.002470 0.003065 0.003759 0.004557 0.005460 0.006467 0.007571 0.008761 0.010020 0.011328 0.012658 0.013980 0.015261 0.016465 0.017559 0.018507 0.019280 0.019852 0.020204 0.020322 0.020204 0.019852 0.019280 0.018507 0.017559 0.016465 0.015261 0.013980 0.012658 0.011328 0.010020 0.008761 0.007571 0.006467 0.005460 0.004557 0.003759 0.003065 0.002470 0.001968 0.001550 0.001207 0.000929 0.000706 0.000531 0.000395 0.000290 0.000211 0.000151 0.000108 0.000076 0.000052 0.000036 0.000024 0.000016 0.000011 0.000007 0.000005 0.000003 0.000002 0.000001 0.000001 0.000000 0.000000 0.000000 0.000000 0.000000 0.000000 0.000000 
0.000000 0.000000 0.000000 0.000000 0.000000 0.000000 0.000000 0.000001 0.000001 0.000002 0.000003 0.000005 0.000007 0.000011 0.000017 0.000026 0.000038 0.000057 0.000082 0.000119 0.000169 0.000238 0.000331 0.000456 0.000620 0.000833 0.001108 0.001456 0.001891 0.002429 0.003083 0.003869 0.004799 0.005885 0.007132 0.008545 0.010119 0.011844 0.013704 0.015672 0.017715 0.019792 0.021857 0.023858 0.025739 0.027447 0.028928 0.030135 0.031028 0.031577 0.031762 0.031577 0.031028 0.030135 0.028928 0.027447 0.025739 0.023858 0.021857 0.019792 0.017715 0.015672 0.013704 0.011844 0.010119 0.008545 0.007132 0.005885 0.004799 0.003869 0.003083 0.002429 0.001891 0.001456 0.001108 0.000833 0.000620 0.000456 0.000331 0.000238 0.000169 0.000119 0.000082 0.000057 0.000038 0.000026 0.000017 0.000011 0.000007 0.000005 0.000003 0.000002 0.000001 0.000001 0.000000 0.000000 0.000000 0.000000 0.000000 0.000000 
0.000000 0.000000 0.000000 0.000000 0.000000 0.000000 0.000001 0.000001 0.000002 0.000003 0.000005 0.000007 0.000011 0.000017 0.000027 0.000040 0.000060 0.000088 0.000128 0.000184 0.000263 0.000370 0.000514 0.000707 0.000962 0.001293 0.001718 0.002257 0.002932 0.003764 0.004777 0.005993 0.007432 0.009111 0.011041 0.013225 0.015659 0.018326 0.021200 0.024241 0.027398 0.030608 0.033798 0.036888 0.039794 0.042432 0.044719 0.046583 0.047963 0.048810 0.049095 0.048810 0.047963 0.046583 0.044719 0.042432 0.039794 0.036888 0.033798 0.030608 0.027398 0.024241 0.021200 0.018326 0.015659 0.013225 0.011041 0.009111 0.007432 0.005993 0.004777 0.003764 0.002932 0.002257 0.001718 0.001293 0.000962 0.000707 0.000514 0.000370 0.000263 0.000184 0.000128 0.000088 0.000060 0.000040 0.000027 0.000017 0.000011 0.000007 0.000005 0.000003 0.000002 0.000001 0.000001 0.000000 0.000000 0.000000 0.000000 0.000000 
0.000000 0.000000 0.000000 0.000000 0.000000 0.000001 0.000001 0.000002 0.000003 0.000004 0.000007 0.000011 0.000017 0.000027 0.000041 0.000062 0.000092 0.000135 0.000197 0.000283 0.000403 0.000568 0.000789 0.001085 0.001476 0.001983 0.002635 0.003461 0.004494 0.005768 0.007319 0.009180 0.011383 0.013951 0.016903 0.020243 0.023964 0.028042 0.032436 0.037084 0.041909 0.046813 0.051687 0.056408 0.060848 0.064876 0.068371 0.071218 0.073325 0.074618 0.075055 0.074618 0.073325 0.071218 0.068371 0.064876 0.060848 0.056408 0.051687 0.046813 0.041909 0.037084 0.032436 0.028042 0.023964 0.020243 0.016903 0.013951 0.011383 0.009180 0.007319 0.005768 0.004494 0.003461 0.002635 0.001983 0.001476 0.001085 0.000789 0.000568 0.000403 0.000283 0.000197 0.000135 0.000092 0.000062 0.000041 0.000027 0.000017 0.000011 0.000007 0.000004 0.000003 0.000002 0.000001 0.000001 0.000000 0.000000 0.000000 0.000000 
0.000000 0.000000 0.000000 0.000000 0.000001 0.000001 0.000002 0.000003 0.000004 0.000007 0.000011 0.000017 0.000027 0.000041 0.000062 0.000094 0.000140 0.000206 0.000299 0.000431 0.000613 0.000862 0.001198 0.001648 0.002239 0.003008 0.003996 0.005247 0.006812 0.008741 0.011089 0.013907 0.017240 0.021126 0.025591 0.030644 0.036271 0.042437 0.049079 0.056105 0.063397 0.070809 0.078174 0.085308 0.092015 0.098101 0.103380 0.107682 0.110863 0.112818 0.113477 0.112818 0.110863 0.107682 0.103380 0.098101 0.092015 0.085308 0.078174 0.070809 0.063397 0.056105 0.049079 0.042437 0.036271 0.030644 0.025591 0.021126 0.017240 0.013907 0.011089 0.008741 0.006812 0.005247 0.003996 0.003008 0.002239 0.001648 0.001198 0.000862 0.000613 0.000431 0.000299 0.000206 0.000140 0.000094 0.000062 0.000041 0.000027 0.000017 0.000011 0.000007 0.000004 0.000003 0.000002 0.000001 0.000001 0.000000 0.000000 0.000000 
0.000000 0.000000 0.000000 0.000000 0.000001 0.000001 0.000002 0.000004 0.000006 0.000010 0.000016 0.000026 0.000040 0.000062 0.000094 0.000141 0.000210 0.000309 0.000450 0.000647 0.000921 0.001294 0.001799 0.002473 0.003360 0.004513 0.005993 0.007868 0.010211 0.013101 0.016616 0.020833 0.025822 0.031637 0.038317 0.045874 0.054290 0.063510 0.073440 0.083944 0.094844 0.105923 0.116929 0.127589 0.137611 0.146706 0.154592 0.161019 0.165772 0.168691 0.169676 0.168691 0.165772 0.161019 0.154592 0.146706 0.137611 0.127589 0.116929 0.105923 0.094844 0.083944 0.073440 0.063510 0.054290 0.045874 0.038317 0.031637 0.025822 0.020833 0.016616 0.013101 0.010211 0.007868 0.005993 0.004513 0.003360 0.002473 0.001799 0.001294 0.000921 0.000647 0.000450 0.000309 0.000210 0.000141 0.000094 0.000062 0.000040 0.000026 0.000016 0.000010 0.000006 0.000004 0.000002 0.000001 0.000001 0.000000 0.000000 0.000000 
0.000000 0.000000 0.000000 0.000001 0.000001 0.000002 0.000004 0.000006 0.000010 0.000015 0.000024 0.000038 0.000060 0.000092 0.000140 0.000210 0.000313 0.000460 0.000669 0.000962 0.001368 0.001922 0.002671 0.003670 0.004986 0.006695 0.008888 0.011666 0.015137 0.019416 0.024621 0.030864 0.038247 0.046852 0.056735 0.067914 0.080361 0.093996 0.108679 0.124208 0.140321 0.156696 0.172964 0.188717 0.203528 0.216966 0.228619 0.238114 0.245137 0.249451 0.250905 0.249451 0.245137 0.238114 0.228619 0.216966 0.203528 0.188717 0.172964 0.156696 0.140321 0.124208 0.108679 0.093996 0.080361 0.067914 0.056735 0.046852 0.038247 0.030864 0.024621 0.019416 0.015137 0.011666 0.008888 0.006695 0.004986 0.003670 0.002671 0.001922 0.001368 0.000962 0.000669 0.000460 0.000313 0.000210 0.000140 0.000092 0.000060 0.000038 0.000024 0.000015 0.000010 0.000006 0.000004 0.000002 0.000001 0.000001 0.000000 0.000000 
0.000000 0.000000 0.000001 0.000001 0.000002 0.000003 0.000005 0.000009 0.000014 0.000023 0.000036 0.000057 0.000088 0.000135 0.000206 0.000309 0.000460 0.000677 0.000983 0.001414 0.002009 0.002823 0.003922 0.005387 0.007315 0.009821 0.013035 0.017105 0.022189 0.028456 0.036077 0.045216 0.056021 0.068613 0.083073 0.099426 0.117632 0.137572 0.159043 0.181748 0.205304 0.229241 0.253018 0.276042 0.297687 0.317324 0.334353 0.348227 0.358489 0.364791 0.366917 0.364791 0.358489 0.348227 0.334353 0.317324 0.297687 0.276042 0.253018 0.229241 0.205304 0.181748 0.159043 0.137572 0.117632 0.099426 0.083073 0.068613 0.056021 0.045216 0.036077 0.028456 0.022189 0.017105 0.013035 0.009821 0.007315 0.005387 0.003922 0.002823 0.002009 0.001414 0.000983 0.000677 0.000460 0.000309 0.000206 0.000135 0.000088 0.000057 0.000036 0.000023 0.000014 0.000009 0.000005 0.000003 0.000002 0.000001 0.000000 0.000000 
0.000000 0.000000 0.000001 0.000002 0.000003 0.000005 0.000008 0.000013 0.000021 0.000033 0.000052 0.000082 0.000128 0.000197 0.000299 0.000450 0.000669 0.000983 0.001429 0.002054 0.002918 0.004099 0.005693 0.007818 0.010614 0.014246 0.018904 0.024800 0.032164 0.041240 0.052274 0.065503 0.081142 0.099365 0.120286 0.143943 0.170277 0.199115 0.230162 0.262992 0.297047 0.331650 0.366020 0.399298 0.430580 0.458959 0.483567 0.503616 0.518445 0.527551 0.530622 0.527551 0.518445 0.503616 0.483567 0.458959 0.430580 0.399298 0.366020 0.331650 0.297047 0.262992 0.230162 0.199115 0.170277 0.143943 0.120286 0.099365 0.081142 0.065503 0.052274 0.041240 0.032164 0.024800 0.018904 0.014246 0.010614 0.007818 0.005693 0.004099 0.002918 0.002054 0.001429 0.000983 0.000669 0.000450 0.000299 0.000197 0.000128 0.000082 0.000052 0.000033 0.000020 0.000013 0.000008 0.000005 0.000003 0.000001 0.000001 0.000000 
0.000000 0.000001 0.000001 0.000002 0.000004 0.000007 0.000011 0.000018 0.000030 0.000048 0.000076 0.000119 0.000184 0.000283 0.000431 0.000647 0.000962 0.001414 0.002054 0.002950 0.004191 0.005885 0.008172 0.011218 0.015227 0.020433 0.027107 0.035554 0.046103 0.059100 0.074898 0.093836 0.116219 0.142296 0.172230 0.206072 0.243739 0.284983 0.329381 0.376322 0.425011 0.474478 0.523608 0.571173 0.615883 0.656442 0.691608 0.720260 0.741450 0.754463 0.758851 0.754463 0.741450 0.720260 0.691608 0.656442 0.615883 0.571173 0.523608 0.474478 0.425011 0.376322 0.329381 0.284983 0.243739 0.206072 0.172230 0.142296 0.116219 0.093836 0.074898 0.059100 0.046103 0.035554 0.027107 0.020433 0.015227 0.011218 0.008172 0.005885 0.004191 0.002950 0.002054 0.001414 0.000962 0.000647 0.000431 0.000283 0.000184 0.000119 0.000076 0.000048 0.000030 0.000018 0.000011 0.000007 0.000004 0.000002 0.000001 0.000000 
0.000000 0.000001 0.000002 0.000003 0.000006 0.000009 0.000016 0.000026 0.000042 0.000068 0.000108 0.000169 0.000263 0.000403 0.000613 0.000921 0.001368 0.002009 0.002918 0.004191 0.005951 0.008355 0.011598 0.015918 0.021600 0.028978 0.038436 0.050402 0.065343 0.083748 0.106115 0.132922 0.164601 0.201502 0.243853 0.291729 0.345007 0.403338 0.466121 0.532494 0.601331 0.671263 0.740712 0.807943 0.871136 0.928458 0.978157 1.018647 1.048592 1.066980 1.073181 1.066980 1.048592 1.018647 0.978157 0.928458 0.871136 0.807943 0.740712 0.671263 0.601331 0.532494 0.466121 0.403338 0.345007 0.291729 0.243853 0.201502 0.164601 0.132922 0.106115 0.083748 0.065343 0.050402 0.038436 0.028978 0.021600 0.015918 0.011598 0.008355 0.005951 0.004191 0.002918 0.002009 0.001368 0.000921 0.000613 0.000403 0.000263 0.000169 0.000108 0.000068 0.000042 0.000026 0.000016 0.000009 0.000005 0.000003 0.000001 0.000000 
0.000000 0.000001 0.000002 0.000005 0.000008 0.000013 0.000022 0.000037 0.000059 0.000095 0.000151 0.000238 0.000370 0.000568 0.000862 0.001294 0.001922 0.002823 0.004099 0.005885 0.008355 0.011727 0.016275 0.022332 0.030296 0.040636 0.053888 0.070650 0.091574 0.117346 0.148660 0.186183 0.230518 0.282153 0.341407 0.408380 0.482900 0.564477 0.652272 0.745077 0.841317 0.939080 1.036159 1.130133 1.218455 1.298568 1.368025 1.424609 1.466456 1.492153 1.500818 1.492153 1.466456 1.424609 1.368025 1.298568 1.218455 1.130133 1.036159 0.939080 0.841317 0.745077 0.652272 0.564477 0.482900 0.408380 0.341407 0.282153 0.230518 0.186183 0.148660 0.117346 0.091574 0.070650 0.053888 0.040636 0.030296 0.022332 0.016275 0.011727 0.008355 0.005885 0.004099 0.002823 0.001922 0.001294 0.000862 0.000568 0.000370 0.000238 0.000151 0.000095 0.000059 0.000037 0.000022 0.000013 0.000008 0.000004 0.000002 0.000000 
0.000000 0.000001 0.000003 0.000006 0.000011 0.000019 0.000031 0.000051 0.000083 0.000133 0.000211 0.000331 0.000514 0.000789 0.001198 0.001799 0.002671 0.003922 0.005693 0.008172 0.011598 0.016275 0.022581 0.030978 0.042016 0.056344 0.074702 0.097920 0.126897 0.162580 0.205928 0.257864 0.319219 0.390664 0.472640 0.565283 0.668352 0.781168 0.902570 1.030886 1.163940 1.299087 1.433279 1.563170 1.685242 1.795962 1.891950 1.970146 2.027975 2.063485 2.075459 2.063485 2.027975 1.970146 1.891950 1.795962 1.685242 1.563170 1.433279 1.299087 1.163940 1.030886 0.902570 0.781168 0.668352 0.565283 0.472640 0.390664 0.319219 0.257864 0.205928 0.162580 0.126897 0.097920 0.074702 0.056344 0.042016 0.030978 0.022581 0.016275 0.011598 0.008172 0.005693 0.003922 0.002671 0.001799 0.001198 0.000789 0.000514 0.000331 0.000211 0.000133 0.000083 0.000051 0.000031 0.000018 0.000011 0.000006 0.000003 0.000000 
0.000000 0.000002 0.000005 0.000009 0.000015 0.000026 0.000043 0.000070 0.000114 0.000183 0.000290 0.000456 0.000707 0.001085 0.001648 0.002473 0.003670 0.005387 0.007818 0.011218 0.015918 0.022332 0.030978 0.042487 0.057614 0.077245 0.102393 0.134191 0.173869 0.222721 0.282058 0.353138 0.437096 0.534846 0.646989 0.773708 0.914671 1.068947 1.234947 1.410382 1.592280 1.777024 1.960449 2.137983 2.304820 2.456137 2.587313 2.694171 2.773195 2.821719 2.838082 2.821719 2.773195 2.694171 2.587313 2.456137 2.304820 2.137983 1.960449 1.777024 1.592280 1.410382 1.234947 1.068947 0.914671 0.773708 0.646989 0.534846 0.437096 0.353138 0.282058 0.222721 0.173869 0.134191 0.102393 0.077245 0.057614 0.042487 0.030978 0.022332 0.015918 0.011218 0.007818 0.005387 0.003670 0.002473 0.001648 0.001085 0.000707 0.000456 0.000290 0.000183 0.000114 0.000070 0.000043 0.000026 0.000015 0.000008 0.000004 0.000000 
0.000000 0.000003 0.000006 0.000012 0.000021 0.000035 0.000058 0.000096 0.000155 0.000249 0.000395 0.000620 0.000962 0.001476 0.002239 0.003360 0.004986 0.007315 0.010614 0.015227 0.021600 0.030296 0.042016 0.057614 0.078111 0.104705 0.138767 0.181827 0.235548 0.301680 0.381991 0.478181 0.591781 0.724025 0.875720 1.047109 1.237742 1.446356 1.670799 1.907978 2.153872 2.403594 2.651515 2.891459 3.116933 3.321422 3.498686 3.643084 3.749866 3.815434 3.837544 3.815434 3.749866 3.643084 3.498686 3.321422 3.116933 2.891459 2.651515 2.403594 2.153872 1.907978 1.670799 1.446356 1.237742 1.047109 0.875720 0.724025 0.591781 0.478181 0.381991 0.301680 0.235548 0.181827 0.138767 0.104705 0.078111 0.057614 0.042016 0.030296 0.021600 0.015227 0.010614 0.007315 0.004986 0.003360 0.002239 0.001476 0.000962 0.000620 0.000395 0.000249 0.000155 0.000096 0.000058 0.000035 0.000020 0.000011 0.000005 0.000000 
0.000000 0.000004 0.000009 0.000016 0.000028 0.000047 0.000078 0.000129 0.000209 0.000335 0.000531 0.000833 0.001293 0.001983 0.003008 0.004513 0.006695 0.009821 0.014246 0.020433 0.028978 0.040636 0.056344 0.077245 0.104705 0.140326 0.185941 0.243596 0.315514 0.404031 0.511509 0.640220 0.792203 0.969105 1.172002 1.401213 1.656129 1.935061 2.235127 2.552193 2.880881 3.214660 3.546010 3.866678 4.167993 4.441251 4.678120 4.871066 5.013745 5.101354 5.130897 5.101354 5.013745 4.871066 4.678120 4.441251 4.167993 3.866678 3.546010 3.214660 2.880881 2.552193 2.235127 1.935061 1.656129 1.401213 1.172002 0.969105 0.792203 0.640220 0.511509 0.404031 0.315514 0.243596 0.185941 0.140326 0.104705 0.077245 0.056344 0.040636 0.028978 0.020433 0.014246 0.009821 0.006695 0.004513 0.003008 0.001983 0.001293 0.000833 0.000531 0.000335 0.000209 0.000129 0.000078 0.000047 0.000027 0.000015 0.000007 0.000000 
0.000000 0.000005 0.000012 0.000021 0.000037 0.000063 0.000104 0.000171 0.000278 0.000446 0.000706 0.001108 0.001718 0.002635 0.003996 0.005993 0.008888 0.013035 0.018904 0.027107 0.038436 0.053888 0.074702 0.102393 0.138767 0.185941 0.246339 0.322667 0.417861 0.535008 0.677226 0.847515 1.048567 1.282553 1.550888 1.853988 2.191043 2.559815 2.956490 3.375600 3.810040 4.251175 4.689072 5.112826 5.510986 5.872055 6.185030 6.439962 6.628475 6.744226 6.783257 6.744226 6.628475 6.439962 6.185030 5.872055 5.510986 5.112826 4.689072 4.251175 3.810040 3.375600 2.956490 2.559815 2.191043 1.853988 1.550888 1.282553 1.048567 0.847515 0.677226 0.535008 0.417861 0.322667 0.246339 0.185941 0.138767 0.102393 0.074702 0.053888 0.038436 0.027107 0.018904 0.013035 0.008888 0.005993 0.003996 0.002635 0.001718 0.001108 0.000706 0.000445 0.000278 0.000171 0.000104 0.000062 0.000036 0.000020 0.000009 0.000000 
0.000000 0.000007 0.000015 0.000028 0.000049 0.000083 0.000137 0.000225 0.000365 0.000586 0.000929 0.001456 0.002257 0.003461 0.005247 0.007868 0.011666 0.017105 0.024800 0.035554 0.050402 0.070650 0.097920 0.134191 0.181827 0.243596 0.322667 0.422575 0.547159 0.700448 0.886518 1.109282 1.372254 1.678264 2.029154 2.425461 2.866118 3.348194 3.866699 4.414484 4.982259 5.558746 6.130964 6.684670 7.204908 7.676662 8.085566 8.418626 8.664906 8.816125 8.867117 8.816125 8.664906 8.418626 8.085566 7.676662 7.204908 6.684670 6.130964 5.558746 4.982259 4.414484 3.866699 3.348194 2.866118 2.425461 2.029154 1.678264 1.372254 1.109282 0.886518 0.700448 0.547159 0.422575 0.322667 0.243596 0.181827 0.134191 0.097920 0.070650 0.050402 0.035554 0.024800 0.017105 0.011666 0.007868 0.005247 0.003461 0.002257 0.001456 0.000929 0.000586 0.000365 0.000225 0.000137 0.000082 0.000048 0.000026 0.000011 0.000000 
0.000000 0.000009 0.000020 0.000037 0.000064 0.000108 0.000179 0.000293 0.000475 0.000761 0.001207 0.001891 0.002932 0.004494 0.006812 0.010211 0.015137 0.022189 0.032164 0.046103 0.065343 0.091574 0.126897 0.173869 0.235548 0.315514 0.417861 0.547159 0.708365 0.906687 1.147384 1.435511 1.775600 2.171301 2.624983 3.137333 3.706962 4.330073 5.000211 5.708136 6.441842 7.186753 7.926105 8.641500 9.313621 9.923078 10.451322 10.881576 11.199719 11.395060 11.460929 11.395060 11.199719 10.881576 10.451322 9.923078 9.313621 8.641500 7.926105 7.186753 6.441842 5.708136 5.000211 4.330073 3.706962 3.137333 2.624983 2.171301 1.775600 1.435511 1.147384 0.906687 0.708365 0.547159 0.417861 0.315514 0.235548 0.173869 0.126897 0.091574 0.065343 0.046103 0.032164 0.022189 0.015137 0.010211 0.006812 0.004494 0.002931 0.001891 0.001207 0.000761 0.000475 0.000293 0.000178 0.000107 0.000062 0.000034 0.000015 0.000000 
0.000000 0.000011 0.000026 0.000047 0.000082 0.000139 0.000230 0.000377 0.000611 0.000978 0.001550 0.002429 0.003764 0.005768 0.008741 0.013101 0.019416 0.028456 0.041240 0.059100 0.083748 0.117346 0.162580 0.222721 0.301680 0.404031 0.535008 0.700448 0.906687 1.160374 1.468224 1.836689 2.271552 2.777466 3.357448 4.012362 4.740424 5.536771 6.393149 7.297745 8.235216 9.186945 10.131517 11.045433 11.904030 12.682547 13.357301 13.906872 14.313235 14.562740 14.646872 14.562740 14.313235 13.906872 13.357301 12.682547 11.904030 11.045433 10.131517 9.186945 8.235216 7.297745 6.393149 5.536771 4.740424 4.012362 3.357448 2.777466 2.271552 1.836689 1.468224 1.160374 0.906687 0.700448 0.535008 0.404031 0.301680 0.222721 0.162580 0.117346 0.083748 0.059100 0.041240 0.028456 0.019416 0.013101 0.008741 0.005768 0.003764 0.002429 0.001550 0.000978 0.000610 0.000377 0.000229 0.000137 0.000080 0.000044 0.000019 0.000000 
0.000000 0.000014 0.000033 0.000060 0.000104 0.000176 0.000292 0.000479 0.000776 0.001243 0.001968 0.003083 0.004777 0.007319 0.011089 0.016616 0.024621 0.036077 0.052274 0.074898 0.106115 0.148660 0.205928 0.282058 0.381991 0.511509 0.677226 0.886518 1.147384 1.468224 1.857515 2.323400 2.873173 3.512702 4.245785 5.073498 5.993574 6.999860 8.081915 9.224811 10.409163 11.611454 12.804636 13.959039 15.043519 16.026815 16.879027 17.573118 18.086332 18.401439 18.507692 18.401439 18.086332 17.573118 16.879027 16.026815 15.043519 13.959039 12.804636 11.611454 10.409163 9.224811 8.081915 6.999860 5.993574 5.073498 4.245785 3.512702 2.873173 2.323400 1.857515 1.468224 1.147384 0.886518 0.677226 0.511509 0.381991 0.282058 0.205928 0.148660 0.106115 0.074898 0.052274 0.036077 0.024621 0.016616 0.011089 0.007319 0.004777 0.003083 0.001968 0.001242 0.000776 0.000478 0.000291 0.000175 0.000102 0.000056 0.000024 0.000000 
0.000000 0.000018 0.000041 0.000076 0.000131 0.000221 0.000367 0.000602 0.000974 0.001560 0.002470 0.003869 0.005993 0.009180 0.013907 0.020833 0.030864 0.045216 0.065503 0.093836 0.132922 0.186183 0.257864 0.353138 0.478181 0.640220 0.847515 1.109282 1.435511 1.836689 2.323400 2.905802 3.592999 4.392303 5.308444 6.342749 7.492369 8.749603 10.101401 11.529105 13.008502 14.510219 16.000481 17.442240 18.796615 20.024582 21.088817 21.955571 22.596442 22.989923 23.122603 22.989923 22.596442 21.955571 21.088817 20.024582 18.796615 17.442240 16.000481 14.510219 13.008502 11.529105 10.101401 8.749603 7.492369 6.342749 5.308444 4.392303 3.592999 2.905802 2.323400 1.836689 1.435511 1.109282 0.847515 0.640220 0.478181 0.353138 0.257864 0.186183 0.132922 0.093836 0.065503 0.045216 0.030864 0.020833 0.013907 0.009180 0.005993 0.003869 0.002470 0.001560 0.000974 0.000601 0.000366 0.000219 0.000128 0.000070 0.000031 0.000000 
0.000000 0.000022 0.000051 0.000094 0.000163 0.000275 0.000456 0.000747 0.001209 0.001936 0.003065 0.004799 0.007432 0.011383 0.017240 0.025822 0.038247 0.056021 0.081142 0.116219 0.164601 0.230518 0.319219 0.437096 0.591781 0.792203 1.048567 1.372254 1.775600 2.271552 2.873173 3.592999 4.442258 5.429964 6.561938 7.839803 9.260020 10.813060 12.482793 14.246169 16.073280 17.927852 19.768187 21.548547 23.220935 24.737184 26.051226 27.121408 27.912679 28.398498 28.562312 28.398498 27.912679 27.121408 26.051226 24.737184 23.220935 21.548547 19.768187 17.927852 16.073280 14.246169 12.482793 10.813060 9.260020 7.839803 6.561938 5.429964 4.442258 3.592999 2.873173 2.271552 1.775600 1.372254 1.048567 0.792203 0.591781 0.437096 0.319219 0.230518 0.164601 0.116219 0.081142 0.056021 0.038247 0.025822 0.017240 0.011383 0.007432 0.004799 0.003065 0.001936 0.001209 0.000746 0.000455 0.000273 0.000159 0.000087 0.000038 0.000000 
0.000000 0.000027 0.000063 0.000116 0.000200 0.000338 0.000560 0.000917 0.001484 0.002375 0.003759 0.005885 0.009111 0.013951 0.021126 0.031637 0.046852 0.068613 0.099365 0.142296 0.201502 0.282153 0.390664 0.534846 0.724025 0.969105 1.282553 1.678264 2.171301 2.777466 3.512702 4.392303 5.429964 6.636671 8.019513 9.580446 11.315128 13.211905 15.251063 17.404446 19.635533 21.900034 24.147044 26.320735 28.362525 30.213629 31.817828 33.124292 34.090251 34.683316 34.883292 34.683316 34.090251 33.124292 31.817828 30.213629 28.362525 26.320735 24.147044 21.900034 19.635533 17.404446 15.251063 13.211905 11.315128 9.580446 8.019513 6.636671 5.429964 4.392303 3.512702 2.777466 2.171301 1.678264 1.282553 0.969105 0.724025 0.534846 0.390664 0.282153 0.201502 0.142296 0.099365 0.068613 0.046852 0.031637 0.021126 0.013951 0.009111 0.005885 0.003759 0.002374 0.001483 0.000916 0.000558 0.000335 0.000195 0.000107 0.000047 0.000000 
0.000000 0.000033 0.000076 0.000141 0.000243 0.000410 0.000679 0.001112 0.001799 0.002879 0.004557 0.007132 0.011041 0.016903 0.025591 0.038317 0.056735 0.083073 0.120286 0.172230 0.243853 0.341407 0.472640 0.646989 0.875720 1.172002 1.550888 2.029154 2.624983 3.357448 4.245785 5.308444 6.561938 8.019513 9.689699 11.574833 13.669648 15.960052 18.422226 21.022167 23.715778 26.449596 29.162177 31.786144 34.250801 36.485213 38.421546 39.998470 41.164380 41.880202 42.121569 41.880202 41.164380 39.998470 38.421546 36.485213 34.250801 31.786144 29.162177 26.449596 23.715778 21.022167 18.422226 15.960052 13.669648 11.574833 9.689699 8.019513 6.561938 5.308444 4.245785 3.357448 2.624983 2.029154 1.550888 1.172002 0.875720 0.646989 0.472640 0.341407 0.243853 0.172230 0.120286 0.083073 0.056735 0.038317 0.025591 0.016903 0.011041 0.007132 0.004557 0.002879 0.001799 0.001111 0.000677 0.000406 0.000237 0.000129 0.000057 0.000000 
0.000000 0.000040 0.000091 0.000169 0.000292 0.000491 0.000814 0.001333 0.002157 0.003451 0.005460 0.008545 0.013225 0.020243 0.030644 0.045874 0.067914 0.099426 0.143943 0.206072 0.291729 0.408380 0.565283 0.773708 1.047109 1.401213 1.853988 2.425461 3.137333 4.012362 5.073498 6.342749 7.839803 9.580446 11.574833 13.825725 16.326807 19.061232 22.000549 25.104158 28.319419 31.582521 34.820139 37.951875 40.893377 43.560013 45.870856 47.752741 49.144107 49.998341 50.286378 49.998341 49.144107 47.752741 45.870856 43.560013 40.893377 37.951875 34.820139 31.582521 28.319419 25.104158 22.000549 19.061232 16.326807 13.825725 11.574833 9.580446 7.839803 6.342749 5.073498 4.012362 3.137333 2.425461 1.853988 1.401213 1.047109 0.773708 0.565283 0.408380 0.291729 0.206072 0.143943 0.099426 0.067914 0.045874 0.030644 0.020243 0.013225 0.008545 0.005460 0.003450 0.002156 0.001332 0.000812 0.000487 0.000284 0.000155 0.000068 0.000000 
0.000000 0.000047 0.000108 0.000200 0.000346 0.000582 0.000965 0.001580 0.002555 0.004088 0.006467 0.010119 0.015659 0.023964 0.036271 0.054290 0.080361 0.117632 0.170277 0.243739 0.345007 0.482900 0.668352 0.914671 1.237742 1.656129 2.191043 2.866118 3.706962 4.740424 5.993574 7.492369 9.260020 11.315128 13.669648 16.326807 19.279120 22.506678 25.975884 29.638807 33.433323 37.284130 41.104716 44.800223 48.271147 51.417650 54.144276 56.364723 58.006383 59.014278 59.354126 59.014278 58.006383 56.364723 54.144276 51.417650 48.271147 44.800223 41.104716 37.284130 33.433323 29.638807 25.975884 22.506678 19.279120 16.326807 13.669648 11.315128 9.260020 7.492369 5.993574 4.740424 3.706962 2.866118 2.191043 1.656129 1.237742 0.914671 0.668352 0.482900 0.345007 0.243739 0.170277 0.117632 0.080361 0.054290 0.036271 0.023964 0.015659 0.010119 0.006467 0.004087 0.002554 0.001578 0.000963 0.000578 0.000337 0.000184 0.000081 0.000000 
0.000000 0.000056 0.000127 0.000234 0.000405 0.000682 0.001131 0.001850 0.002992 0.004786 0.007571 0.011844 0.018326 0.028042 0.042437 0.063510 0.093996 0.137572 0.199115 0.284983 0.403338 0.564477 0.781168 1.068947 1.446356 1.935061 2.559815 3.348194 4.330073 5.536771 6.999860 8.749603 10.813060 13.211905 15.960052 19.061232 22.506678 26.273132 30.321366 34.595444 39.022871 43.515799 47.973302 52.284736 56.334040 60.004774 63.185611 65.775908 67.690987 68.866737 69.263182 68.866737 67.690987 65.775908 63.185611 60.004774 56.334040 52.284736 47.973302 43.515799 39.022871 34.595444 30.321366 26.273132 22.506678 19.061232 15.960052 13.211905 10.813060 8.749603 6.999860 5.536771 4.330073 3.348194 2.559815 1.935061 1.446356 1.068947 0.781168 0.564477 0.403338 0.284983 0.199115 0.137572 0.093996 0.063510 0.042437 0.028042 0.018326 0.011844 0.007571 0.004786 0.002991 0.001848 0.001128 0.000677 0.000395 0.000216 0.000095 0.000000 
0.000000 0.000064 0.000147 0.000271 0.000469 0.000790 0.001309 0.002142 0.003464 0.005539 0.008761 0.013704 0.021200 0.032436 0.049079 0.073440 0.108679 0.159043 0.230162 0.329381 0.466121 0.652272 0.902570 1.234947 1.670799 2.235127 2.956490 3.866699 5.000211 6.393149 8.081915 10.101401 12.482793 15.251063 18.422226 22.000549 25.975884 30.321366 34.991722 39.922404 45.029785 50.212530 55.354239 60.327307 64.997896 69.231737 72.900459 75.888016 78.096777 79.452821 79.910057 79.452821 78.096777 75.888016 72.900459 69.231737 64.997896 60.327307 55.354239 50.212530 45.029785 39.922404 34.991722 30.321366 25.975884 22.000549 18.422226 15.251063 12.482793 10.101401 8.081915 6.393149 5.000211 3.866699 2.956490 2.235127 1.670799 1.234947 0.902570 0.652272 0.466121 0.329381 0.230162 0.159043 0.108679 0.073440 0.049079 0.032436 0.021200 0.013704 0.008761 0.005539 0.003463 0.002140 0.001306 0.000784 0.000457 0.000250 0.000110 0.000000 
0.000000 0.000074 0.000169 0.000311 0.000537 0.000905 0.001498 0.002451 0.003963 0.006336 0.010020 0.015672 0.024241 0.037084 0.056105 0.083944 0.124208 0.181748 0.262992 0.376322 0.532494 0.745077 1.030886 1.410382 1.907978 2.552193 3.375600 4.414484 5.708136 7.297745 9.224811 11.529105 14.246169 17.404446 21.022167 25.104158 29.638807 34.595444 39.922404 45.546058 51.371023 57.281737 63.145468 68.816721 74.142899 78.970924 83.154449 86.561179 89.079817 90.626096 91.147474 90.626096 89.079817 86.561179 83.154449 78.970924 74.142899 68.816721 63.145468 57.281737 51.371023 45.546058 39.922404 34.595444 29.638807 25.104158 21.022167 17.404446 14.246169 11.529105 9.224811 7.297745 5.708136 4.414484 3.375600 2.552193 1.907978 1.410382 1.030886 0.745077 0.532494 0.376322 0.262992 0.181748 0.124208 0.083944 0.056105 0.037084 0.024241 0.015672 0.010020 0.006336 0.003962 0.002448 0.001494 0.000897 0.000524 0.000286 0.000126 0.000000 
0.000000 0.000083 0.000191 0.000352 0.000608 0.001023 0.001695 0.002772 0.004481 0.007164 0.011328 0.017715 0.027398 0.041909 0.063397 0.094844 0.140321 0.205304 0.297047 0.425011 0.601331 0.841317 1.163940 1.592280 2.153872 2.880881 3.810040 4.982259 6.441842 8.235216 10.409163 13.008502 16.073280 19.635533 23.715778 28.319419 33.433323 39.022871 45.029785 51.371023 57.939032 64.603518 71.214841 77.608985 83.613936 89.057147 93.773660 97.614365 100.453819 102.197047 102.784831 102.197047 100.453819 97.614365 93.773660 89.057147 83.613936 77.608985 71.214841 64.603518 57.939032 51.371023 45.029785 39.022871 33.433323 28.319419 23.715778 19.635533 16.073280 13.008502 10.409163 8.235216 6.441842 4.982259 3.810040 2.880881 2.153872 1.592280 1.163940 0.841317 0.601331 0.425011 0.297047 0.205304 0.140321 0.094844 0.063397 0.041909 0.027398 0.017715 0.011328 0.007164 0.004480 0.002769 0.001690 0.001015 0.000592 0.000324 0.000142 0.000000 
0.000000 0.000093 0.000213 0.000393 0.000680 0.001144 0.001895 0.003098 0.005008 0.008006 0.012658 0.019792 0.030608 0.046813 0.070809 0.105923 0.156696 0.229241 0.331650 0.474478 0.671263 0.939080 1.299087 1.777024 2.403594 3.214660 4.251175 5.558746 7.186753 9.186945 11.611454 14.510219 17.927852 21.900034 26.449596 31.582521 37.284130 43.515799 50.212530 57.281737 64.603518 72.032636 79.402301 86.529714 93.223169 99.290371 104.547495 108.828376 111.993227 113.936216 114.591353 113.936216 111.993227 108.828376 104.547495 99.290371 93.223169 86.529714 79.402301 72.032636 64.603518 57.281737 50.212530 43.515799 37.284130 31.582521 26.449596 21.900034 17.927852 14.510219 11.611454 9.186945 7.186753 5.558746 4.251175 3.214660 2.403594 1.777024 1.299087 0.939080 0.671263 0.474478 0.331650 0.229241 0.156696 0.105923 0.070809 0.046813 0.030608 0.019792 0.012657 0.008005 0.005007 0.003095 0.001889 0.001134 0.000662 0.000362 0.000159 0.000000 
0.000000 0.000103 0.000236 0.000435 0.000751 0.001264 0.002093 0.003423 0.005533 0.008843 0.013980 0.021857 0.033798 0.051687 0.078174 0.116929 0.172964 0.253018 0.366020 0.523608 0.740712 1.036159 1.433279 1.960449 2.651515 3.546010 4.689072 6.130964 7.926105 10.131517 12.804636 16.000481 19.768187 24.147044 29.162177 34.820139 41.104716 47.973302 55.354239 63.145468 71.214841 79.402301 87.524054 95.378672 102.754922 109.440934 115.234171 119.951562 123.439097 125.580180 126.302108 125.580180 123.439097 119.951562 115.234171 109.440934 102.754922 95.378672 87.524054 79.402301 71.214841 63.145468 55.354239 47.973302 41.104716 34.820139 29.162177 24.147044 19.768187 16.000481 12.804636 10.131517 7.926105 6.130964 4.689072 3.546010 2.651515 1.960449 1.433279 1.036159 0.740712 0.523608 0.366020 0.253018 0.172964 0.116929 0.078174 0.051687 0.033798 0.021857 0.013979 0.008842 0.005531 0.003420 0.002087 0.001253 0.000732 0.000400 0.000176 0.000000 
