0.000000 0.000000 0.000000 0.000000 0.000000 0.000000 0.000000 0.000000 0.000000 0.000000 0.000000 0.000000 0.000000 0.000000 0.000000 0.000000 0.000000 0.000000 0.000000 0.000000 0.000000 0.000000 0.000000 0.000000 0.000000 0.000000 0.000000 0.000000 0.000000 0.000000 0.000000 0.000000 0.000000 0.000000 0.000000 0.000000 0.000000 0.000000 0.000000 0.000000 0.000000 0.000000 0.000000 0.000000 0.000000 0.000000 0.000000 0.000000 0.000000 0.000000 0.000000 0.000000 0.000000 0.000000 0.000000 0.000000 0.000000 0.000000 0.000000 0.000000 0.000000 0.000000 0.000000 0.000000 0.000000 0.000000 0.000000 0.000000 0.000000 0.000000 0.000000 0.000000 0.000000 0.000000 0.000000 0.000000 0.000000 0.000000 0.000000 0.000000 0.000000 0.000000 0.000000 0.000000 0.000000 0.000000 0.000000 0.000000 0.000000 0.000000 0.000000 0.000000 0.000000 0.000000 0.000000 0.000000 0.000000 0.000000 0.000000 0.000000 
0.000000 0.000000 0.000000 0.000000 0.000000 0.000000 0.000000 0.000000 0.000001 0.000001 0.000001 0.000002 0.000003 0.000004 0.000006 0.000008 0.000011 0.000014 0.000019 0.000026 0.000034 0.000044 0.000057 0.000073 0.000093 0.000117 0.000146 0.000180 0.000221 0.000269 0.000323 0.000386 0.000456 0.000535 0.000621 0.000715 0.000815 0.000921 0.001032 0.001146 0.001260 0.001374 0.001484 0.001588 0.001685 0.001771 0.001845 0.001905 0.001948 0.001975 0.001984 0.001975 0.001948 0.001905 0.001845 0.001771 0.001685 0.001588 0.001484 0.001374 0.001260 0.001146 0.001032 0.000921 0.000815 0.000715 0.000621 0.000535 0.000456 0.000386 0.000323 0.000269 0.000221 0.000180 0.000146 0.000117 0.000093 0.000073 0.000057 0.000044 0.000034 0.000026 0.000019 0.000014 0.000011 0.000008 0.000006 0.000004 0.000003 0.000002 0.000001 0.000001 0.000001 0.000000 0.000000 0.000000 0.000000 0.000000 0.000000 0.000000 
0.000000 0.000000 0.000000 0.000000 0.000000 0.000000 0.000001 0.000001 0.000001 0.000002 0.000003 0.000004 0.000006 0.000009 0.000012 0.000017 0.000023 0.000031 0.000042 0.000056 0.000073 0.000095 0.000123 0.000158 0.000201 0.000253 0.000316 0.000391 0.000480 0.000583 0.000702 0.000837 0.000990 0.001160 0.001348 0.001551 0.001769 0.001999 0.002239 0.002485 0.002734 0.002980 0.003219 0.003445 0.003655 0.003842 0.004002 0.004131 0.004226 0.004284 0.004303 0.004284 0.004226 0.004131 0.004002 0.003842 0.003655 0.003445 0.003219 0.002980 0.002734 0.002485 0.002239 0.001999 0.001769 0.001551 0.001348 0.001160 0.000990 0.000837 0.000702 0.000583 0.000480 0.000391 0.000316 0.000253 0.000201 0.000158 0.000123 0.000095 0.000073 0.000056 0.000042 0.000031 0.000023 0.000017 0.000012 0.000009 0.000006 0.000004 0.000003 0.000002 0.000001 0.000001 0.000001 0.000000 0.000000 0.000000 0.000000 0.000000 
0.000000 0.000000 0.000000 0.000000 0.000001 0.000001 0.000001 0.000002 0.000003 0.000004 0.000005 0.000008 0.000011 0.000015 0.000021 0.000029 0.000039 0.000053 0.000071 0.000095 0.000125 0.000163 0.000211 0.000270 0.000344 0.000433 0.000540 0.000668 0.000819 0.000995 0.001197 0.001429 0.001689 0.001979 0.002298 0.002645 0.003017 0.003409 0.003818 0.004238 0.004661 0.005081 0.005488 0.005874 0.006231 0.006550 0.006823 0.007043 0.007204 0.007303 0.007336 0.007303 0.007204 0.007043 0.006823 0.006550 0.006231 0.005874 0.005488 0.005081 0.004661 0.004238 0.003818 0.003409 0.003017 0.002645 0.002298 0.001979 0.001689 0.001429 0.001197 0.000995 0.000819 0.000668 0.000540 0.000433 0.000344 0.000270 0.000211 0.000163 0.000125 0.000095 0.000071 0.000053 0.000039 0.000029 0.000021 0.000015 0.000011 0.000008 0.000005 0.000004 0.000003 0.000002 0.000001 0.000001 0.000000 0.000000 0.000000 0.000000 
0.000000 0.000000 0.000000 0.000001 0.000001 0.000001 0.000002 0.000003 0.000004 0.000006 0.000008 0.000012 0.000017 0.000024 0.000033 0.000046 0.000062 0.000084 0.000113 0.000150 0.000197 0.000257 0.000333 0.000427 0.000542 0.000682 0.000852 0.001053 0.001291 0.001568 0.001887 0.002252 0.002662 0.003119 0.003622 0.004168 0.004753 0.005371 0.006015 0.006676 0.007342 0.008003 0.008644 0.009252 0.009813 0.010315 0.010745 0.011091 0.011346 0.011501 0.011553 0.011501 0.011346 0.011091 0.010745 0.010315 0.009813 0.009252 0.008644 0.008003 0.007342 0.006676 0.006015 0.005371 0.004753 0.004168 0.003622 0.003119 0.002662 0.002252 0.001887 0.001568 0.001291 0.001053 0.000852 0.000682 0.000542 0.000427 0.000333 0.000257 0.000197 0.000150 0.000113 0.000084 0.000062 0.000046 0.000033 0.000024 0.000017 0.000012 0.000008 0.000006 0.000004 0.000003 0.000002 0.000001 0.000001 0.000000 0.000000 0.000000 
0.000000 0.000000 0.000000 0.000001 0.000001 0.000002 0.000003 0.000004 0.000006 0.000009 0.000013 0.000018 0.000026 0.000036 0.000050 0.000069 0.000095 0.000128 0.000172 0.000228 0.000301 0.000392 0.000507 0.000650 0.000826 0.001040 0.001297 0.001604 0.001966 0.002387 0.002874 0.003428 0.004052 0.004748 0.005512 0.006342 0.007232 0.008172 0.009152 0.010156 0.011169 0.012173 0.013148 0.014072 0.014926 0.015688 0.016341 0.016868 0.017254 0.017491 0.017570 0.017491 0.017254 0.016868 0.016341 0.015688 0.014926 0.014072 0.013148 0.012173 0.011169 0.010156 0.009152 0.008172 0.007232 0.006342 0.005512 0.004748 0.004052 0.003428 0.002874 0.002387 0.001966 0.001604 0.001297 0.001040 0.000826 0.000650 0.000507 0.000392 0.000301 0.000228 0.000172 0.000128 0.000095 0.000069 0.000050 0.000036 0.000026 0.000018 0.000013 0.000009 0.000006 0.000004 0.000003 0.000002 0.000001 0.000001 0.000000 0.000000 
0.000000 0.000000 0.000001 0.000001 0.000002 0.000003 0.000004 0.000006 0.000009 0.000013 0.000019 0.000027 0.000039 0.000054 0.000076 0.000104 0.000142 0.000192 0.000257 0.000342 0.000450 0.000587 0.000758 0.000972 0.001234 0.001554 0.001939 0.002397 0.002937 0.003567 0.004293 0.005120 0.006052 0.007090 0.008230 0.009469 0.010797 0.012199 0.013660 0.015159 0.016670 0.018167 0.019620 0.020999 0.022272 0.023410 0.024383 0.025168 0.025745 0.026097 0.026215 0.026097 0.025745 0.025168 0.024383 0.023410 0.022272 0.020999 0.019620 0.018167 0.016670 0.015159 0.013660 0.012199 0.010797 0.009469 0.008230 0.007090 0.006052 0.005120 0.004293 0.003567 0.002937 0.002397 0.001939 0.001554 0.001234 0.000972 0.000758 0.000587 0.000450 0.000342 0.000257 0.000192 0.000142 0.000104 0.000076 0.000054 0.000039 0.000027 0.000019 0.000013 0.000009 0.000006 0.000004 0.000003 0.000002 0.000001 0.000000 0.000000 
0.000000 0.000000 0.000001 0.000002 0.000003 0.000004 0.000006 0.000009 0.000014 0.000020 0.000029 0.000041 0.000057 0.000081 0.000112 0.000154 0.000210 0.000284 0.000380 0.000504 0.000664 0.000866 0.001120 0.001435 0.001822 0.002293 0.002860 0.003536 0.004332 0.005260 0.006330 0.007549 0.008923 0.010451 0.012132 0.013957 0.015912 0.017977 0.020129 0.022335 0.024561 0.026765 0.028905 0.030934 0.032808 0.034483 0.035916 0.037072 0.037920 0.038439 0.038613 0.038439 0.037920 0.037072 0.035916 0.034483 0.032808 0.030934 0.028905 0.026765 0.024561 0.022335 0.020129 0.017977 0.015912 0.013957 0.012132 0.010451 0.008923 0.007549 0.006330 0.005260 0.004332 0.003536 0.002860 0.002293 0.001822 0.001435 0.001120 0.000866 0.000664 0.000504 0.000380 0.000284 0.000210 0.000154 0.000112 0.000081 0.000057 0.000041 0.000029 0.000020 0.000014 0.000009 0.000006 0.000004 0.000003 0.000002 0.000001 0.000000 
0.000000 0.000001 0.000001 0.000003 0.000004 0.000006 0.000009 0.000014 0.000020 0.000029 0.000042 0.000060 0.000084 0.000118 0.000164 0.000225 0.000307 0.000415 0.000555 0.000737 0.000970 0.001265 0.001636 0.002096 0.002661 0.003348 0.004176 0.005162 0.006324 0.007678 0.009238 0.011016 0.013018 0.015247 0.017697 0.020357 0.023207 0.026218 0.029353 0.032569 0.035812 0.039023 0.042141 0.045098 0.047828 0.050268 0.052356 0.054039 0.055275 0.056030 0.056284 0.056030 0.055275 0.054039 0.052356 0.050268 0.047828 0.045098 0.042141 0.039023 0.035812 0.032569 0.029353 0.026218 0.023207 0.020357 0.017697 0.015247 0.013018 0.011016 0.009238 0.007678 0.006324 0.005162 0.004176 0.003348 0.002661 0.002096 0.001636 0.001265 0.000970 0.000737 0.000555 0.000415 0.000307 0.000225 0.000164 0.000118 0.000084 0.000060 0.000042 0.000029 0.000020 0.000014 0.000009 0.000006 0.000004 0.000002 0.000001 0.000000 
0.000000 0.000001 0.000002 0.000004 0.000006 0.000009 0.000013 0.000020 0.000029 0.000042 0.000061 0.000086 0.000122 0.000171 0.000237 0.000326 0.000444 0.000601 0.000804 0.001068 0.001405 0.001832 0.002367 0.003032 0.003850 0.004844 0.006040 0.007465 0.009144 0.011100 0.013355 0.015923 0.018816 0.022035 0.025574 0.029415 0.033530 0.037877 0.042404 0.047046 0.051727 0.056363 0.060863 0.065131 0.069071 0.072592 0.075605 0.078035 0.079819 0.080908 0.081275 0.080908 0.079819 0.078035 0.075605 0.072592 0.069071 0.065131 0.060863 0.056363 0.051727 0.047046 0.042404 0.037877 0.033530 0.029415 0.025574 0.022035 0.018816 0.015923 0.013355 0.011100 0.009144 0.007465 0.006040 0.004844 0.003850 0.003032 0.002367 0.001832 0.001405 0.001068 0.000804 0.000601 0.000444 0.000326 0.000237 0.000171 0.000122 0.000086 0.000061 0.000042 0.000029 0.000020 0.000013 0.000009 0.000006 0.000003 0.000002 0.000000 
0.000000 0.000001 0.000003 0.000005 0.000008 0.000013 0.000019 0.000029 0.000042 0.000061 0.000087 0.000124 0.000175 0.000245 0.000340 0.000468 0.000638 0.000862 0.001154 0.001532 0.002015 0.002628 0.003395 0.004349 0.005520 0.006944 0.008658 0.010700 0.013104 0.015905 0.019133 0.022811 0.026952 0.031560 0.036625 0.042122 0.048010 0.054231 0.060708 0.067349 0.074046 0.080679 0.087115 0.093220 0.098857 0.103892 0.108202 0.111677 0.114228 0.115786 0.116311 0.115786 0.114228 0.111677 0.108202 0.103892 0.098857 0.093220 0.087115 0.080679 0.074046 0.067349 0.060708 0.054231 0.048010 0.042122 0.036625 0.031560 0.026952 0.022811 0.019133 0.015905 0.013104 0.010700 0.008658 0.006944 0.005520 0.004349 0.003395 0.002628 0.002015 0.001532 0.001154 0.000862 0.000638 0.000468 0.000340 0.000245 0.000175 0.000124 0.000087 0.000061 0.000042 0.000028 0.000019 0.000013 0.000008 0.000005 0.000002 0.000000 
0.000000 0.000002 0.000004 0.000008 0.000012 0.000018 0.000027 0.000041 0.000060 0.000086 0.000124 0.000177 0.000250 0.000349 0.000485 0.000666 0.000908 0.001227 0.001642 0.002179 0.002866 0.003736 0.004827 0.006181 0.007845 0.009868 0.012302 0.015200 0.018613 0.022589 0.027171 0.032390 0.038266 0.044804 0.051989 0.059787 0.068139 0.076962 0.086149 0.095567 0.105064 0.114468 0.123595 0.132251 0.140242 0.147380 0.153491 0.158418 0.162034 0.164243 0.164986 0.164243 0.162034 0.158418 0.153491 0.147380 0.140242 0.132251 0.123595 0.114468 0.105064 0.095567 0.086149 0.076962 0.068139 0.059787 0.051989 0.044804 0.038266 0.032390 0.027171 0.022589 0.018613 0.015200 0.012302 0.009868 0.007845 0.006181 0.004827 0.003736 0.002866 0.002179 0.001642 0.001227 0.000908 0.000666 0.000485 0.000349 0.000250 0.000177 0.000124 0.000086 0.000059 0.000041 0.000027 0.000018 0.000011 0.000007 0.000003 0.000000 
0.000000 0.000003 0.000006 0.000011 0.000017 0.000026 0.000039 0.000057 0.000084 0.000122 0.000175 0.000250 0.000352 0.000493 0.000684 0.000940 0.001281 0.001730 0.002315 0.003072 0.004040 0.005265 0.006801 0.008708 0.011051 0.013898 0.017324 0.021403 0.026206 0.031801 0.038247 0.045588 0.053853 0.063048 0.073154 0.084119 0.095863 0.108268 0.121183 0.134423 0.147772 0.160991 0.173819 0.185985 0.197216 0.207248 0.215835 0.222760 0.227842 0.230946 0.231990 0.230946 0.227842 0.222760 0.215835 0.207248 0.197216 0.185985 0.173819 0.160991 0.147772 0.134423 0.121183 0.108268 0.095863 0.084119 0.073154 0.063048 0.053853 0.045588 0.038247 0.031801 0.026206 0.021403 0.017324 0.013898 0.011051 0.008708 0.006801 0.005265 0.004040 0.003072 0.002315 0.001730 0.001281 0.000940 0.000684 0.000493 0.000352 0.000250 0.000175 0.000122 0.000084 0.000057 0.000039 0.000025 0.000016 0.000010 0.000004 0.000000 
0.000000 0.000004 0.000009 0.000015 0.000024 0.000036 0.000054 0.000081 0.000118 0.000171 0.000245 0.000349 0.000493 0.000690 0.000956 0.001315 0.001791 0.002418 0.003236 0.004293 0.005644 0.007355 0.009500 0.012162 0.015431 0.019404 0.024185 0.029875 0.036575 0.044379 0.053367 0.063605 0.075129 0.087949 0.102036 0.117321 0.133690 0.150979 0.168978 0.187428 0.206031 0.224449 0.242323 0.259273 0.274921 0.288897 0.300860 0.310507 0.317586 0.321911 0.323366 0.321911 0.317586 0.310507 0.300860 0.288897 0.274921 0.259273 0.242323 0.224449 0.206031 0.187428 0.168978 0.150979 0.133690 0.117321 0.102036 0.087949 0.075129 0.063605 0.053367 0.044379 0.036575 0.029875 0.024185 0.019404 0.015431 0.012162 0.009500 0.007355 0.005644 0.004293 0.003236 0.002418 0.001791 0.001315 0.000956 0.000690 0.000493 0.000349 0.000245 0.000171 0.000118 0.000080 0.000054 0.000036 0.000023 0.000013 0.000006 0.000000 
0.000000 0.000006 0.000012 0.000021 0.000033 0.000050 0.000076 0.000112 0.000164 0.000237 0.000340 0.000485 0.000684 0.000956 0.001326 0.001822 0.002482 0.003350 0.004483 0.005946 0.007817 0.010185 0.013153 0.016836 0.021358 0.026855 0.033467 0.041335 0.050600 0.061389 0.073816 0.087967 0.103895 0.121613 0.141080 0.162202 0.184818 0.208705 0.233570 0.259058 0.284755 0.310196 0.334883 0.358294 0.379905 0.399208 0.415729 0.429051 0.438827 0.444800 0.446809 0.444800 0.438827 0.429051 0.415729 0.399208 0.379905 0.358294 0.334883 0.310196 0.284755 0.259058 0.233570 0.208705 0.184818 0.162202 0.141080 0.121613 0.103895 0.087967 0.073816 0.061389 0.050600 0.041335 0.033467 0.026855 0.021358 0.016836 0.013153 0.010185 0.007817 0.005946 0.004483 0.003350 0.002482 0.001822 0.001326 0.000956 0.000684 0.000485 0.000340 0.000237 0.000163 0.000111 0.000075 0.000050 0.000032 0.000019 0.000009 0.000000 
0.000000 0.000008 0.000017 0.000029 0.000046 0.000069 0.000104 0.000154 0.000225 0.000326 0.000468 0.000666 0.000940 0.001315 0.001822 0.002503 0.003409 0.004601 0.006156 0.008164 0.010731 0.013980 0.018051 0.023102 0.029304 0.036841 0.045906 0.056692 0.069391 0.084178 0.101207 0.120598 0.142422 0.166694 0.193363 0.222294 0.253272 0.285986 0.320039 0.354942 0.390129 0.424965 0.458766 0.490819 0.520407 0.546833 0.569451 0.587688 0.601072 0.609248 0.611998 0.609248 0.601072 0.587688 0.569451 0.546833 0.520407 0.490819 0.458766 0.424965 0.390129 0.354942 0.320039 0.285986 0.253272 0.222294 0.193363 0.166694 0.142422 0.120598 0.101207 0.084178 0.069391 0.056692 0.045906 0.036841 0.029304 0.023102 0.018051 0.013980 0.010731 0.008164 0.006156 0.004601 0.003409 0.002503 0.001822 0.001314 0.000940 0.000666 0.000468 0.000326 0.000225 0.000153 0.000103 0.000068 0.000043 0.000026 0.000012 0.000000 
0.000000 0.000011 0.000023 0.000039 0.000062 0.000095 0.000142 0.000210 0.000307 0.000444 0.000638 0.000908 0.001281 0.001791 0.002482 0.003409 0.004642 0.006264 0.008380 0.011111 0.014602 0.019020 0.024556 0.031423 0.039853 0.050098 0.062416 0.077074 0.094328 0.114417 0.137550 0.163888 0.193528 0.226492 0.262706 0.301990 0.344049 0.388464 0.434692 0.482072 0.529835 0.577119 0.622996 0.666500 0.706656 0.742520 0.773215 0.797964 0.816127 0.827222 0.830954 0.827222 0.816127 0.797964 0.773215 0.742520 0.706656 0.666500 0.622996 0.577119 0.529835 0.482072 0.434692 0.388464 0.344049 0.301990 0.262706 0.226492 0.193528 0.163888 0.137550 0.114417 0.094328 0.077074 0.062416 0.050098 0.039853 0.031423 0.024556 0.019020 0.014602 0.011111 0.008380 0.006264 0.004642 0.003409 0.002482 0.001791 0.001281 0.000908 0.000638 0.000444 0.000306 0.000209 0.000141 0.000093 0.000059 0.000035 0.000016 0.000000 
0.000000 0.000014 0.000031 0.000053 0.000084 0.000128 0.000192 0.000284 0.000415 0.000601 0.000862 0.001227 0.001730 0.002418 0.003350 0.004601 0.006264 0.008453 0.011306 0.014988 0.019694 0.025650 0.033111 0.042365 0.053725 0.067527 0.084122 0.103865 0.127103 0.154158 0.185308 0.220769 0.260674 0.305050 0.353797 0.406673 0.463280 0.523053 0.585263 0.649020 0.713288 0.776909 0.838635 0.897164 0.951188 0.999437 1.040730 1.074025 1.098458 1.113384 1.118404 1.113384 1.098458 1.074025 1.040730 0.999437 0.951188 0.897164 0.838635 0.776909 0.713288 0.649020 0.585263 0.523053 0.463280 0.406673 0.353797 0.305050 0.260674 0.220769 0.185308 0.154158 0.127103 0.103865 0.084122 0.067527 0.053725 0.042365 0.033111 0.025650 0.019694 0.014988 0.011306 0.008453 0.006264 0.004601 0.003350 0.002418 0.001730 0.001226 0.000862 0.000600 0.000414 0.000283 0.000190 0.000126 0.000080 0.000047 0.000022 0.000000 
0.000000 0.000019 0.000042 0.000071 0.000113 0.000172 0.000257 0.000380 0.000555 0.000804 0.001154 0.001642 0.002315 0.003236 0.004483 0.006156 0.008380 0.011306 0.015119 0.020041 0.026330 0.034288 0.044256 0.056617 0.071789 0.090222 0.112382 0.138743 0.169766 0.205881 0.247459 0.294788 0.348043 0.407260 0.472304 0.542853 0.618374 0.698115 0.781101 0.866147 0.951869 1.036725 1.119050 1.197108 1.269156 1.333500 1.388567 1.432967 1.465548 1.485452 1.492147 1.485452 1.465548 1.432967 1.388567 1.333500 1.269156 1.197108 1.119050 1.036725 0.951869 0.866147 0.781101 0.698115 0.618374 0.542853 0.472304 0.407260 0.348043 0.294788 0.247459 0.205881 0.169766 0.138743 0.112382 0.090222 0.071789 0.056617 0.044256 0.034288 0.026330 0.020041 0.015119 0.011306 0.008380 0.006156 0.004483 0.003236 0.002315 0.001642 0.001154 0.000804 0.000555 0.000379 0.000255 0.000169 0.000107 0.000063 0.000029 0.000000 
0.000000 0.000026 0.000056 0.000095 0.000150 0.000228 0.000342 0.000504 0.000737 0.001068 0.001532 0.002179 0.003072 0.004293 0.005946 0.008164 0.011111 0.014988 0.020041 0.026560 0.034891 0.045430 0.058631 0.074998 0.095085 0.119485 0.148817 0.183705 0.224759 0.272547 0.327559 0.390174 0.460624 0.538952 0.624984 0.718289 0.818164 0.923613 1.033348 1.145799 1.259139 1.371330 1.480169 1.583364 1.678610 1.763670 1.836464 1.895155 1.938224 1.964534 1.973384 1.964534 1.938224 1.895155 1.836464 1.763670 1.678610 1.583364 1.480169 1.371330 1.259139 1.145799 1.033348 0.923613 0.818164 0.718289 0.624984 0.538952 0.460624 0.390174 0.327559 0.272547 0.224759 0.183705 0.148817 0.119485 0.095085 0.074998 0.058631 0.045430 0.034891 0.026560 0.020041 0.014988 0.011111 0.008164 0.005946 0.004293 0.003072 0.002179 0.001532 0.001067 0.000736 0.000503 0.000339 0.000224 0.000143 0.000084 0.000039 0.000000 
0.000000 0.000034 0.000073 0.000125 0.000197 0.000301 0.000450 0.000664 0.000970 0.001405 0.002015 0.002866 0.004040 0.005644 0.007817 0.010731 0.014602 0.019694 0.026330 0.034891 0.045829 0.059664 0.076991 0.098472 0.124832 0.156849 0.195332 0.241100 0.294954 0.357633 0.429781 0.511894 0.604272 0.706975 0.819770 0.942093 1.073020 1.211245 1.355080 1.502468 1.651016 1.798049 1.940685 2.075920 2.200733 2.312195 2.407583 2.484489 2.540923 2.575398 2.586994 2.575398 2.540923 2.484489 2.407583 2.312195 2.200733 2.075920 1.940685 1.798049 1.651016 1.502468 1.355080 1.211245 1.073020 0.942093 0.819770 0.706975 0.604272 0.511894 0.429781 0.357633 0.294954 0.241100 0.195332 0.156849 0.124832 0.098472 0.076991 0.059664 0.045829 0.034891 0.026330 0.019694 0.014602 0.010731 0.007817 0.005644 0.004039 0.002866 0.002015 0.001404 0.000969 0.000662 0.000446 0.000295 0.000188 0.000111 0.000051 0.000000 
0.000000 0.000044 0.000095 0.000163 0.000257 0.000392 0.000587 0.000866 0.001265 0.001832 0.002628 0.003736 0.005265 0.007355 0.010185 0.013980 0.019020 0.025650 0.034288 0.045430 0.059664 0.077667 0.100210 0.128155 0.162443 0.204085 0.254131 0.313646 0.383668 0.465158 0.558950 0.665687 0.785760 0.919242 1.065829 1.224789 1.394919 1.574523 1.761406 1.952895 2.145881 2.336893 2.522185 2.697857 2.859986 3.004769 3.128669 3.228563 3.301864 3.346642 3.361703 3.346642 3.301864 3.228563 3.128669 3.004769 2.859986 2.697857 2.522185 2.336893 2.145881 1.952895 1.761406 1.574523 1.394919 1.224789 1.065829 0.919242 0.785760 0.665687 0.558950 0.465158 0.383668 0.313646 0.254131 0.204085 0.162443 0.128155 0.100210 0.077667 0.059664 0.045430 0.034288 0.025650 0.019020 0.013980 0.010185 0.007355 0.005265 0.003736 0.002627 0.001831 0.001264 0.000863 0.000582 0.000385 0.000245 0.000144 0.000067 0.000000 
0.000000 0.000057 0.000123 0.000211 0.000333 0.000507 0.000758 0.001120 0.001636 0.002367 0.003395 0.004827 0.006801 0.009500 0.013153 0.018051 0.024556 0.033111 0.044256 0.058631 0.076991 0.100210 0.129282 0.165315 0.209523 0.263207 0.327719 0.404429 0.494674 0.599689 0.720548 0.858077 1.012777 1.184740 1.373574 1.578334 1.797468 2.028792 2.269479 2.516086 2.764611 3.010582 3.249179 3.475382 3.684140 3.870559 4.030087 4.158702 4.253079 4.310731 4.330122 4.310731 4.253079 4.158702 4.030087 3.870559 3.684140 3.475382 3.249179 3.010582 2.764611 2.516086 2.269479 2.028792 1.797468 1.578334 1.373574 1.184740 1.012777 0.858077 0.720548 0.599689 0.494674 0.404429 0.327719 0.263207 0.209523 0.165315 0.129282 0.100210 0.076991 0.058631 0.044256 0.033111 0.024556 0.018051 0.013153 0.009500 0.006801 0.004826 0.003395 0.002366 0.001633 0.001116 0.000752 0.000497 0.000317 0.000187 0.000086 0.000000 
0.000000 0.000073 0.000158 0.000270 0.000427 0.000650 0.000972 0.001435 0.002096 0.003032 0.004349 0.006181 0.008708 0.012162 0.016836 0.023102 0.031423 0.042365 0.056617 0.074998 0.098472 0.128155 0.165315 0.211368 0.267865 0.336463 0.418891 0.516896 0.632180 0.766324 0.920693 1.096340 1.293902 1.513496 1.754617 2.016058 2.295836 2.591161 2.898424 3.213230 3.530471 3.844440 4.148985 4.437702 4.704146 4.942071 5.145672 5.309818 5.430264 5.503841 5.528588 5.503841 5.430264 5.309818 5.145672 4.942071 4.704146 4.437702 4.148985 3.844440 3.530471 3.213230 2.898424 2.591161 2.295836 2.016058 1.754617 1.513496 1.293902 1.096340 0.920693 0.766324 0.632180 0.516896 0.418891 0.336463 0.267865 0.211368 0.165315 0.128155 0.098472 0.074998 0.056617 0.042365 0.031422 0.023102 0.016835 0.012161 0.008708 0.006180 0.004347 0.003031 0.002093 0.001430 0.000964 0.000637 0.000407 0.000240 0.000111 0.000000 
0.000000 0.000093 0.000201 0.000344 0.000542 0.000826 0.001234 0.001822 0.002661 0.003850 0.005520 0.007845 0.011051 0.015431 0.021358 0.029304 0.039853 0.053725 0.071789 0.095085 0.124832 0.162443 0.209523 0.267865 0.339430 0.426314 0.530705 0.654813 0.800791 0.970634 1.166070 1.388428 1.638511 1.916464 2.221647 2.552527 2.906597 3.280321 3.669133 4.067473 4.468877 4.866126 5.251439 5.616714 5.953802 6.254804 6.512376 6.720031 6.872402 6.965480 6.996786 6.965480 6.872402 6.720031 6.512376 6.254804 5.953802 5.616714 5.251439 4.866126 4.468877 4.067473 3.669133 3.280321 2.906597 2.552527 2.221647 1.916464 1.638511 1.388428 1.166070 0.970634 0.800791 0.654813 0.530705 0.426314 0.339430 0.267865 0.209523 0.162443 0.124832 0.095085 0.071789 0.053725 0.039853 0.029304 0.021358 0.015430 0.011050 0.007844 0.005518 0.003847 0.002657 0.001816 0.001224 0.000810 0.000517 0.000304 0.000141 0.000000 
0.000000 0.000117 0.000253 0.000433 0.000682 0.001040 0.001554 0.002293 0.003348 0.004844 0.006944 0.009868 0.013898 0.019404 0.026855 0.036841 0.050098 0.067527 0.090222 0.119485 0.156849 0.204085 0.263207 0.336463 0.426314 0.535390 0.666431 0.822210 1.005424 1.218575 1.463824 1.742839 2.056622 2.405351 2.788220 3.203303 3.647453 4.116235 4.603919 5.103532 5.606968 6.105176 6.588399 7.046478 7.469198 7.846656 8.169649 8.430041 8.621107 8.737822 8.777077 8.737822 8.621107 8.430041 8.169649 7.846656 7.469198 7.046478 6.588399 6.105176 5.606968 5.103532 4.603919 4.116235 3.647453 3.203303 2.788220 2.405351 2.056622 1.742839 1.463824 1.218575 1.005424 0.822210 0.666431 0.535390 0.426314 0.336463 0.263207 0.204085 0.156849 0.119485 0.090222 0.067527 0.050097 0.036841 0.026855 0.019404 0.013898 0.009866 0.006942 0.004841 0.003344 0.002285 0.001541 0.001019 0.000651 0.000383 0.000177 0.000000 
0.000000 0.000146 0.000316 0.000540 0.000852 0.001297 0.001939 0.002860 0.004176 0.006040 0.008658 0.012302 0.017324 0.024185 0.033467 0.045906 0.062416 0.084122 0.112382 0.148817 0.195332 0.254131 0.327719 0.418891 0.530705 0.666431 0.829476 1.023283 1.251205 1.516349 1.821400 2.168425 2.558667 2.992343 3.468447 3.984583 4.536832 5.119680 5.726003 6.347129 6.972986 7.592321 8.193009 8.762427 9.287877 9.757056 10.158528 10.482184 10.719670 10.864739 10.913531 10.864739 10.719670 10.482184 10.158528 9.757056 9.287877 8.762427 8.193009 7.592321 6.972986 6.347129 5.726003 5.119680 4.536832 3.984583 3.468447 2.992343 2.558667 2.168425 1.821400 1.516349 1.251205 1.023283 0.829476 0.666431 0.530705 0.418891 0.327719 0.254131 0.195332 0.148816 0.112382 0.084122 0.062416 0.045905 0.033466 0.024184 0.017324 0.012300 0.008656 0.006037 0.004170 0.002850 0.001923 0.001272 0.000812 0.000478 0.000221 0.000000 
0.000000 0.000180 0.000391 0.000668 0.001053 0.001604 0.002397 0.003536 0.005162 0.007465 0.010700 0.015200 0.021403 0.029875 0.041335 0.056692 0.077074 0.103865 0.138743 0.183705 0.241100 0.313646 0.404429 0.516896 0.654813 0.822210 1.023283 1.262275 1.543314 1.870226 2.246315 2.674123 3.155180 3.689747 4.276579 4.912718 5.593334 6.311627 7.058819 7.824223 8.595428 9.358571 10.098715 10.800310 11.447717 12.025781 12.520416 12.919173 13.211761 13.390489 13.450601 13.390489 13.211761 12.919173 12.520416 12.025781 11.447717 10.800310 10.098715 9.358571 8.595428 7.824223 7.058819 6.311627 5.593334 4.912718 4.276579 3.689747 3.155180 2.674123 2.246315 1.870226 1.543314 1.262275 1.023283 0.822210 0.654813 0.516896 0.404429 0.313646 0.241100 0.183705 0.138743 0.103865 0.077074 0.056692 0.041335 0.029874 0.021402 0.015198 0.010697 0.007461 0.005154 0.003524 0.002377 0.001573 0.001004 0.000592 0.000274 0.000000 
0.000000 0.000221 0.000480 0.000819 0.001291 0.001966 0.002937 0.004332 0.006324 0.009144 0.013104 0.018613 0.026206 0.036575 0.050600 0.069391 0.094328 0.127103 0.169766 0.224759 0.294954 0.383668 0.494674 0.632180 0.800791 1.005424 1.251205 1.543314 1.886790 2.286302 2.745882 3.268630 3.856408 4.509529 5.226468 6.003607 6.835040 7.712461 8.625145 9.560039 10.501986 11.434055 12.338010 13.194861 13.985516 14.691471 15.295529 15.782493 16.139799 16.358059 16.431467 16.358059 16.139799 15.782493 15.295529 14.691471 13.985516 13.194861 12.338010 11.434055 10.501986 9.560039 8.625145 7.712461 6.835040 6.003607 5.226468 4.509529 3.856408 3.268630 2.745882 2.286302 1.886790 1.543314 1.251205 1.005424 0.800791 0.632180 0.494674 0.383668 0.294954 0.224759 0.169766 0.127103 0.094328 0.069391 0.050599 0.036574 0.026205 0.018611 0.013101 0.009138 0.006314 0.004317 0.002913 0.001928 0.001231 0.000725 0.000335 0.000000 
0.000000 0.000269 0.000583 0.000995 0.001568 0.002387 0.003567 0.005260 0.007678 0.011100 0.015905 0.022589 0.031801 0.044379 0.061389 0.084178 0.114417 0.154158 0.205881 0.272547 0.357633 0.465158 0.599689 0.766324 0.970634 1.218575 1.516349 1.870226 2.286302 2.770227 3.326876 3.959996 4.671835 5.462766 6.330935 7.271957 8.278677 9.341036 10.446045 11.577905 12.718263 13.846631 14.940932 15.978186 16.935286 17.789840 18.521037 19.110488 19.542989 19.807180 19.896035 19.807180 19.542989 19.110488 18.521037 17.789840 16.935286 15.978186 14.940932 13.846631 12.718263 11.577905 10.446045 9.341036 8.278677 7.271957 6.330935 5.462766 4.671835 3.959996 3.326876 2.770227 2.286302 1.870226 1.516349 1.218575 0.970634 0.766324 0.599689 0.465158 0.357633 0.272547 0.205881 0.154158 0.114417 0.084178 0.061389 0.044378 0.031800 0.022587 0.015901 0.011094 0.007666 0.005242 0.003537 0.002341 0.001495 0.000881 0.000407 0.000000 
0.000000 0.000323 0.000702 0.001197 0.001887 0.002874 0.004293 0.006330 0.009238 0.013355 0.019133 0.027171 0.038247 0.053367 0.073816 0.101207 0.137550 0.185308 0.247459 0.327559 0.429781 0.558950 0.720548 0.920693 1.166070 1.463824 1.821400 2.246315 2.745882 3.326876 3.995139 4.755164 5.609640 6.559006 7.601031 8.730445 9.938659 11.213595 12.539665 13.897910 15.266310 16.620283 17.933343 19.177923 20.326304 21.351627 22.228930 22.936154 23.455066 23.772038 23.878646 23.772038 23.455066 22.936154 22.228930 21.351627 20.326304 19.177923 17.933343 16.620283 15.266310 13.897910 12.539665 11.213595 9.938659 8.730445 7.601031 6.559006 5.609640 4.755164 3.995139 3.326876 2.745882 2.246315 1.821400 1.463824 1.166070 0.920693 0.720548 0.558950 0.429781 0.327559 0.247459 0.185307 0.137550 0.101207 0.073815 0.053366 0.038245 0.027168 0.019128 0.013346 0.009224 0.006308 0.004257 0.002818 0.001800 0.001061 0.000490 0.000000 
0.000000 0.000386 0.000837 0.001429 0.002252 0.003428 0.005120 0.007549 0.011016 0.015923 0.022811 0.032390 0.045588 0.063605 0.087967 0.120598 0.163888 0.220769 0.294788 0.390174 0.511894 0.665687 0.858077 1.096340 1.388428 1.742839 2.168425 2.674123 3.268630 3.959996 4.755164 5.659470 6.676103 7.805579 9.045234 10.388793 11.826033 13.342584 14.919904 16.535441 18.163008 19.773369 21.335033 22.815218 24.180966 25.400344 26.443673 27.284727 27.901829 28.278777 28.405557 28.278777 27.901829 27.284727 26.443673 25.400344 24.180966 22.815218 21.335033 19.773369 18.163008 16.535441 14.919904 13.342584 11.826033 10.388793 9.045234 7.805579 6.676103 5.659470 4.755164 3.959996 3.268630 2.674123 2.168425 1.742839 1.388428 1.096340 0.858077 0.665687 0.511894 0.390174 0.294788 0.220769 0.163888 0.120597 0.087966 0.063603 0.045586 0.032386 0.022805 0.015913 0.010999 0.007523 0.005078 0.003361 0.002147 0.001265 0.000585 0.000000 
0.000000 0.000456 0.000990 0.001689 0.002662 0.004052 0.006052 0.008923 0.013018 0.018816 0.026952 0.038266 0.053853 0.075129 0.103895 0.142422 0.193528 0.260674 0.348043 0.460624 0.604272 0.785760 1.012777 1.293902 1.638511 2.056622 2.558667 3.155180 3.856408 4.671835 5.609640 6.676103 7.874977 9.206858 10.668598 12.252791 13.947375 15.735407 17.595022 19.499634 21.418373 23.316779 25.157733 26.902600 28.512538 29.949913 31.179748 32.171140 32.898542 33.342864 33.492302 33.342864 32.898542 32.171140 31.179748 29.949913 28.512538 26.902600 25.157733 23.316779 21.418373 19.499634 17.595022 15.735407 13.947375 12.252791 10.668598 9.206858 7.874977 6.676103 5.609640 4.671835 3.856408 3.155180 2.558667 2.056622 1.638511 1.293902 1.012777 0.785760 0.604272 0.460624 0.348043 0.260674 0.193528 0.142421 0.103894 0.075127 0.053851 0.038261 0.026945 0.018804 0.012999 0.008891 0.006002 0.003973 0.002538 0.001496 0.000692 0.000000 
0.000000 0.000535 0.001160 0.001979 0.003119 0.004748 0.007090 0.010451 0.015247 0.022035 0.031560 0.044804 0.063048 0.087949 0.121613 0.166694 0.226492 0.305050 0.407260 0.538952 0.706975 0.919242 1.184740 1.513496 1.916464 2.405351 2.992343 3.689747 4.509529 5.462766 6.559006 7.805579 9.206858 10.763531 12.471908 14.323325 16.303682 18.393173 20.566246 22.791834 25.033868 27.252089 29.403130 31.441860 33.322904 35.002301 36.439195 37.597489 38.447344 38.966462 39.141056 38.966462 38.447344 37.597489 36.439195 35.002301 33.322904 31.441860 29.403130 27.252089 25.033868 22.791834 20.566246 18.393173 16.303682 14.323325 12.471908 10.763531 9.206858 7.805579 6.559006 5.462766 4.509529 3.689747 2.992343 2.405351 1.916464 1.513496 1.184740 0.919242 0.706975 0.538952 0.407259 0.305050 0.226492 0.166694 0.121612 0.087947 0.063045 0.044798 0.031551 0.022021 0.015224 0.010415 0.007031 0.004655 0.002974 0.001753 0.000811 0.000000 
0.000000 0.000621 0.001348 0.002298 0.003622 0.005512 0.008230 0.012132 0.017697 0.025574 0.036625 0.051989 0.073154 0.102036 0.141080 0.193363 0.262706 0.353797 0.472304 0.624984 0.819770 1.065829 1.373574 1.754617 2.221647 2.788220 3.468447 4.276579 5.226468 6.330935 7.601031 9.045234 10.668598 12.471908 14.450880 16.595468 18.889333 21.309528 23.826459 26.404142 29.000806 31.569830 34.060998 36.422051 38.600453 40.545303 42.209300 43.550652 44.534811 45.135964 45.338148 45.135964 44.534811 43.550652 42.209300 40.545303 38.600453 36.422051 34.060998 31.569830 29.000806 26.404142 23.826459 21.309528 18.889333 16.595468 14.450880 12.471908 10.668598 9.045234 7.601031 6.330935 5.226468 4.276579 3.468447 2.788220 2.221647 1.754617 1.373574 1.065829 0.819770 0.624984 0.472304 0.353797 0.262706 0.193362 0.141079 0.102034 0.073150 0.051983 0.036615 0.025558 0.017671 0.012090 0.008163 0.005405 0.003453 0.002035 0.000941 0.000000 
0.000000 0.000715 0.001551 0.002645 0.004168 0.006342 0.009469 0.013957 0.020357 0.029415 0.042122 0.059787 0.084119 0.117321 0.162202 0.222294 0.301990 0.406673 0.542853 0.718289 0.942093 1.224789 1.578334 2.016058 2.552527 3.203303 3.984583 4.912718 6.003607 7.271957 8.730445 10.388793 12.252791 14.323325 16.595468 19.057675 21.691180 24.469636 27.359064 30.318157 33.298969 36.247985 39.107574 41.817757 44.318241 46.550613 48.460592 50.000215 51.129840 51.819844 52.051911 51.819844 51.129840 50.000215 48.460592 46.550613 44.318241 41.817757 39.107574 36.247985 33.298969 30.318157 27.359064 24.469636 21.691180 19.057675 16.595468 14.323325 12.252791 10.388793 8.730445 7.271957 6.003607 4.912718 3.984583 3.203303 2.552527 2.016058 1.578334 1.224789 0.942093 0.718289 0.542853 0.406673 0.301990 0.222294 0.162200 0.117319 0.084115 0.059780 0.042111 0.029396 0.020327 0.013908 0.009391 0.006218 0.003973 0.002342 0.001083 0.000000 
0.000000 0.000815 0.001769 0.003017 0.004753 0.007232 0.010797 0.015912 0.023207 0.033530 0.048010 0.068139 0.095863 0.133690 0.184818 0.253272 0.344049 0.463280 0.618374 0.818164 1.073020 1.394919 1.797468 2.295836 2.906597 3.647453 4.536832 5.593334 6.835040 8.278677 9.938659 11.826033 13.947375 16.303682 18.889333 21.691180 24.687862 27.849394 31.137111 34.504012 37.895548 41.250838 44.504321 47.587768 50.432593 52.972353 55.145305 56.896895 58.182034 58.967026 59.231040 58.967026 58.182034 56.896895 55.145305 52.972353 50.432593 47.587768 44.504321 41.250838 37.895548 34.504012 31.137111 27.849394 24.687862 21.691180 18.889333 16.303682 13.947375 11.826033 9.938659 8.278677 6.835040 5.593334 4.536832 3.647453 2.906597 2.295836 1.797468 1.394919 1.073020 0.818164 0.618374 0.463280 0.344049 0.253271 0.184817 0.133687 0.095858 0.068132 0.047997 0.033508 0.023172 0.015856 0.010707 0.007091 0.004531 0.002671 0.001236 0.000000 
0.000000 0.000921 0.001999 0.003409 0.005371 0.008172 0.012199 0.017977 0.026218 0.037877 0.054231 0.076962 0.108268 0.150979 0.208705 0.285986 0.388464 0.523053 0.698115 0.923613 1.211245 1.574523 2.028792 2.591161 3.280321 4.116235 5.119680 6.311627 7.712461 9.341036 11.213595 13.342584 15.735407 18.393173 21.309528 24.469636 27.849394 31.414980 35.122784 38.919804 42.744525 46.528299 50.197200 53.674302 56.882275 59.746207 62.196489 64.171616 65.620755 66.505919 66.803622 66.505919 65.620755 64.171616 62.196489 59.746207 56.882275 53.674302 50.197200 46.528299 42.744525 38.919804 35.122784 31.414980 27.849394 24.469636 21.309528 18.393173 15.735407 13.342584 11.213595 9.341036 7.712461 6.311627 5.119680 4.116235 3.280321 2.591161 2.028792 1.574523 1.211245 0.923613 0.698115 0.523053 0.388463 0.285985 0.208703 0.150976 0.108263 0.076954 0.054216 0.037853 0.026179 0.017914 0.012098 0.008012 0.005120 0.003019 0.001396 0.000000 
0.000000 0.001032 0.002239 0.003818 0.006015 0.009152 0.013660 0.020129 0.029353 0.042404 0.060708 0.086149 0.121183 0.168978 0.233570 0.320039 0.434692 0.585263 0.781101 1.033348 1.355080 1.761406 2.269479 2.898424 3.669133 4.603919 5.726003 7.058819 8.625145 10.446045 12.539665 14.919904 17.595022 20.566246 23.826459 27.359064 31.137111 35.122784 39.267337 43.511524 47.786590 52.015813 56.116576 60.002905 63.588388 66.789310 69.527884 71.735383 73.355003 74.344296 74.677020 74.344296 73.355003 71.735383 69.527884 66.789310 63.588388 60.002905 56.116576 52.015813 47.786590 43.511524 39.267337 35.122784 31.137111 27.359064 23.826459 20.566246 17.595022 14.919904 12.539665 10.446045 8.625145 7.058819 5.726003 4.603919 3.669133 2.898424 2.269479 1.761406 1.355080 1.033348 0.781101 0.585263 0.434692 0.320038 0.233568 0.168974 0.121177 0.086139 0.060692 0.042377 0.029310 0.020058 0.013547 0.008973 0.005734 0.003381 0.001564 0.000000 
0.000000 0.001146 0.002485 0.004238 0.006676 0.010156 0.015159 0.022335 0.032569 0.047046 0.067349 0.095567 0.134423 0.187428 0.259058 0.354942 0.482072 0.649020 0.866147 1.145799 1.502468 1.952895 2.516086 3.213230 4.067473 5.103532 6.347129 7.824223 9.560039 11.577905 13.897910 16.535441 19.499634 22.791834 26.404142 30.318157 34.504012 38.919804 43.511524 48.213536 52.949673 57.634946 62.177838 66.483124 70.455084 74.000997 77.034707 79.480091 81.274236 82.370129 82.738705 82.370129 81.274236 79.480091 77.034707 74.000997 70.455084 66.483124 62.177838 57.634946 52.949673 48.213536 43.511524 38.919804 34.504012 30.318157 26.404142 22.791834 19.499634 16.535441 13.897910 11.577905 9.560039 7.824223 6.347129 5.103532 4.067473 3.213230 2.516086 1.952895 1.502468 1.145798 0.866146 0.649020 0.482072 0.354941 0.259056 0.187424 0.134416 0.095556 0.067331 0.047016 0.032520 0.022257 0.015033 0.009957 0.006364 0.003752 0.001736 0.000000 
0.000000 0.001260 0.002734 0.004661 0.007342 0.011169 0.016670 0.024561 0.035812 0.051727 0.074046 0.105064 0.147772 0.206031 0.284755 0.390129 0.529835 0.713288 0.951869 1.259139 1.651016 2.145881 2.764611 3.530471 4.468877 5.606968 6.972986 8.595428 10.501986 12.718263 15.266310 18.163008 21.418373 25.033868 29.000806 33.298969 37.895548 42.744525 47.786590 52.949673 58.150142 63.294683 68.282820 73.010006 77.371157 81.264480 84.595391 87.280324 89.250215 90.453453 90.858131 90.453453 89.250215 87.280324 84.595391 81.264480 77.371157 73.010006 68.282820 63.294683 58.150142 52.949673 47.786590 42.744525 37.895548 33.298969 29.000806 25.033868 21.418373 18.163008 15.266310 12.718263 10.501986 8.595428 6.972986 5.606968 4.468877 3.530471 2.764611 2.145881 1.651016 1.259139 0.951869 0.713287 0.529834 0.390127 0.284752 0.206026 0.147765 0.105052 0.074026 0.051694 0.035758 0.024475 0.016532 0.010951 0.006999 0.004127 0.001909 0.000000 
0.000000 0.001374 0.002980 0.005081 0.008003 0.012173 0.018167 0.026765 0.039023 0.056363 0.080679 0.114468 0.160991 0.224449 0.310196 0.424965 0.577119 0.776909 1.036725 1.371330 1.798049 2.336893 3.010582 3.844440 4.866126 6.105176 7.592321 9.358571 11.434055 13.846631 16.620283 19.773369 23.316779 27.252089 31.569830 36.247985 41.250838 46.528299 52.015813 57.634946 63.294683 68.893477 74.321992 79.466462 84.212540 88.449465 92.074318 94.996173 97.139880 98.449284 98.889667 98.449284 97.139880 94.996173 92.074318 88.449465 84.212540 79.466462 74.321992 68.893477 63.294683 57.634946 52.015813 46.528299 41.250838 36.247985 31.569830 27.252089 23.316779 19.773369 16.620283 13.846631 11.434055 9.358571 7.592321 6.105176 4.866126 3.844440 3.010582 2.336893 1.798049 1.371330 1.036725 0.776909 0.577118 0.424963 0.310193 0.224445 0.160983 0.114455 0.080657 0.056327 0.038965 0.026671 0.018017 0.011935 0.007628 0.004498 0.002081 0.000000 
0.000000 0.001484 0.003219 0.005488 0.008644 0.013148 0.019620 0.028905 0.042141 0.060863 0.087115 0.123595 0.173819 0.242323 0.334883 0.458766 0.622996 0.838635 1.119050 1.480169 1.940685 2.522185 3.249179 4.148985 5.251439 6.588399 8.193009 10.098715 12.338010 14.940932 17.933343 21.335033 25.157733 29.403130 34.060998 39.107574 44.504321 50.197200 56.116576 62.177838 68.282820 74.321992 80.177427 85.726425 90.845662 95.415679 99.325483 102.477009 104.789214 106.201535 106.676531 106.201535 104.789214 102.477009 99.325483 95.415679 90.845662 85.726425 80.177427 74.321992 68.282820 62.177838 56.116576 50.197200 44.504321 39.107574 34.060998 29.403130 25.157733 21.335033 17.933343 14.940932 12.338010 10.098715 8.193009 6.588399 5.251439 4.148985 3.249179 2.522185 1.940684 1.480169 1.119049 0.838634 0.622995 0.458764 0.334880 0.242318 0.173810 0.123580 0.087091 0.060824 0.042078 0.028803 0.019458 0.012890 0.008239 0.004858 0.002248 0.000000 
