0.000000 0.000000 0.000000 0.000000 0.000000 0.000000 0.000000 0.000000 0.000000 0.000000 0.000000 0.000000 0.000000 0.000000 0.000000 0.000000 0.000000 0.000000 0.000000 0.000000 0.000000 0.000000 0.000000 0.000000 0.000000 0.000000 0.000000 0.000000 0.000000 0.000000 0.000000 0.000000 0.000000 0.000000 0.000000 0.000000 0.000000 0.000000 0.000000 0.000000 0.000000 0.000000 0.000000 0.000000 0.000000 0.000000 0.000000 0.000000 0.000000 0.000000 0.000000 0.000000 0.000000 0.000000 0.000000 0.000000 0.000000 0.000000 0.000000 0.000000 0.000000 0.000000 0.000000 0.000000 0.000000 0.000000 0.000000 0.000000 0.000000 0.000000 0.000000 0.000000 0.000000 0.000000 0.000000 0.000000 0.000000 0.000000 0.000000 0.000000 0.000000 0.000000 0.000000 0.000000 0.000000 0.000000 0.000000 0.000000 0.000000 0.000000 0.000000 0.000000 0.000000 0.000000 0.000000 0.000000 0.000000 0.000000 0.000000 0.000000 
0.000000 0.000000 0.000000 0.000000 0.000000 0.000000 0.000000 0.000000 0.000000 0.000000 0.000000 0.000000 0.000000 0.000000 0.000000 0.000000 0.000000 0.000000 0.000000 0.000000 0.000000 0.000000 0.000000 0.000000 0.000000 0.000000 0.000000 0.000000 0.000000 0.000000 0.000000 0.000000 0.000000 0.000000 0.000000 0.000000 0.000000 0.000000 0.000000 0.000000 0.000000 0.000000 0.000000 0.000000 0.000000 0.000000 0.000000 0.000000 0.000000 0.000000 0.000000 0.000000 0.000000 0.000000 0.000000 0.000000 0.000000 0.000000 0.000000 0.000000 0.000000 0.000000 0.000000 0.000000 0.000000 0.000000 0.000000 0.000000 0.000000 0.000000 0.000000 0.000000 0.000000 0.000000 0.000000 0.000000 0.000000 0.000000 0.000000 0.000000 0.000000 0.000000 0.000000 0.000000 0.000000 0.000000 0.000000 0.000000 0.000000 0.000000 0.000000 0.000000 0.000000 0.000000 0.000000 0.000000 0.000000 0.000000 0.000000 0.000000 
0.000000 0.000000 0.000000 0.000000 0.000000 0.000000 0.000000 0.000000 0.000000 0.000000 0.000000 0.000000 0.000000 0.000000 0.000000 0.000000 0.000000 0.000000 0.000000 0.000000 0.000000 0.000000 0.000000 0.000000 0.000000 0.000000 0.000000 0.000000 0.000000 0.000000 0.000000 0.000000 0.000000 0.000000 0.000000 0.000000 0.000000 0.000000 0.000000 0.000000 0.000000 0.000000 0.000000 0.000000 0.000000 0.000000 0.000000 0.000000 0.000000 0.000000 0.000000 0.000000 0.000000 0.000000 0.000000 0.000000 0.000000 0.000000 0.000000 0.000000 0.000000 0.000000 0.000000 0.000000 0.000000 0.000000 0.000000 0.000000 0.000000 0.000000 0.000000 0.000000 0.000000 0.000000 0.000000 0.000000 0.000000 0.000000 0.000000 0.000000 0.000000 0.000000 0.000000 0.000000 0.000000 0.000000 0.000000 0.000000 0.000000 0.000000 0.000000 0.000000 0.000000 0.000000 0.000000 0.000000 0.000000 0.000000 0.000000 0.000000 
0.000000 0.000000 0.000000 0.000000 0.000000 0.000000 0.000000 0.000000 0.000000 0.000000 0.000000 0.000000 0.000000 0.000000 0.000000 0.000000 0.000000 0.000000 0.000000 0.000000 0.000000 0.000000 0.000000 0.000000 0.000000 0.000000 0.000000 0.000000 0.000000 0.000000 0.000000 0.000000 0.000000 0.000000 0.000000 0.000000 0.000000 0.000000 0.000000 0.000000 0.000000 0.000000 0.000000 0.000000 0.000000 0.000000 0.000000 0.000000 0.000000 0.000000 0.000000 0.000000 0.000000 0.000000 0.000000 0.000000 0.000000 0.000000 0.000000 0.000000 0.000000 0.000000 0.000000 0.000000 0.000000 0.000000 0.000000 0.000000 0.000000 0.000000 0.000000 0.000000 0.000000 0.000000 0.000000 0.000000 0.000000 0.000000 0.000000 0.000000 0.000000 0.000000 0.000000 0.000000 0.000000 0.000000 0.000000 0.000000 0.000000 0.000000 0.000000 0.000000 0.000000 0.000000 0.000000 0.000000 0.000000 0.000000 0.000000 0.000000 
0.000000 0.000000 0.000000 0.000000 0.000000 0.000000 0.000000 0.000000 0.000000 0.000000 0.000000 0.000000 0.000000 0.000000 0.000000 0.000000 0.000000 0.000000 0.000000 0.000000 0.000000 0.000000 0.000000 0.000000 0.000000 0.000000 0.000000 0.000000 0.000000 0.000000 0.000000 0.000000 0.000000 0.000000 0.000000 0.000000 0.000000 0.000000 0.000000 0.000000 0.000000 0.000000 0.000000 0.000000 0.000000 0.000000 0.000000 0.000000 0.000000 0.000000 0.000000 0.000000 0.000000 0.000000 0.000000 0.000000 0.000000 0.000000 0.000000 0.000000 0.000000 0.000000 0.000000 0.000000 0.000000 0.000000 0.000000 0.000000 0.000000 0.000000 0.000000 0.000000 0.000000 0.000000 0.000000 0.000000 0.000000 0.000000 0.000000 0.000000 0.000000 0.000000 0.000000 0.000000 0.000000 0.000000 0.000000 0.000000 0.000000 0.000000 0.000000 0.000000 0.000000 0.000000 0.000000 0.000000 0.000000 0.000000 0.000000 0.000000 
0.000000 0.000000 0.000000 0.000000 0.000000 0.000000 0.000000 0.000000 0.000000 0.000000 0.000000 0.000000 0.000000 0.000000 0.000000 0.000000 0.000000 0.000000 0.000000 0.000000 0.000000 0.000000 0.000000 0.000000 0.000000 0.000000 0.000000 0.000000 0.000000 0.000000 0.000000 0.000000 0.000000 0.000000 0.000000 0.000000 0.000000 0.000000 0.000000 0.000000 0.000000 0.000000 0.000000 0.000000 0.000000 0.000000 0.000000 0.000000 0.000000 0.000000 0.000000 0.000000 0.000000 0.000000 0.000000 0.000000 0.000000 0.000000 0.000000 0.000000 0.000000 0.000000 0.000000 0.000000 0.000000 0.000000 0.000000 0.000000 0.000000 0.000000 0.000000 0.000000 0.000000 0.000000 0.000000 0.000000 0.000000 0.000000 0.000000 0.000000 0.000000 0.000000 0.000000 0.000000 0.000000 0.000000 0.000000 0.000000 0.000000 0.000000 0.000000 0.000000 0.000000 0.000000 0.000000 0.000000 0.000000 0.000000 0.000000 0.000000 
0.000000 0.000000 0.000000 0.000000 0.000000 0.000000 0.000000 0.000000 0.000000 0.000000 0.000000 0.000000 0.000000 0.000000 0.000000 0.000000 0.000000 0.000000 0.000000 0.000000 0.000000 0.000000 0.000000 0.000000 0.000000 0.000000 0.000000 0.000000 0.000000 0.000000 0.000000 0.000000 0.000000 0.000000 0.000000 0.000000 0.000000 0.000000 0.000000 0.000000 0.000000 0.000000 0.000000 0.000000 0.000000 0.000000 0.000000 0.000000 0.000000 0.000000 0.000000 0.000000 0.000000 0.000000 0.000000 0.000000 0.000000 0.000000 0.000000 0.000000 0.000000 0.000000 0.000000 0.000000 0.000000 0.000000 0.000000 0.000000 0.000000 0.000000 0.000000 0.000000 0.000000 0.000000 0.000000 0.000000 0.000000 0.000000 0.000000 0.000000 0.000000 0.000000 0.000000 0.000000 0.000000 0.000000 0.000000 0.000000 0.000000 0.000000 0.000000 0.000000 0.000000 0.000000 0.000000 0.000000 0.000000 0.000000 0.000000 0.000000 
0.000000 0.000000 0.000000 0.000000 0.000000 0.000000 0.000000 0.000000 0.000000 0.000000 0.000000 0.000000 0.000000 0.000000 0.000000 0.000000 0.000000 0.000000 0.000000 0.000000 0.000000 0.000000 0.000000 0.000000 0.000000 0.000000 0.000000 0.000000 0.000000 0.000000 0.000000 0.000000 0.000000 0.000000 0.000000 0.000000 0.000000 0.000000 0.000000 0.000000 0.000000 0.000000 0.000000 0.000000 0.000000 0.000000 0.000000 0.000000 0.000000 0.000000 0.000000 0.000000 0.000000 0.000000 0.000000 0.000000 0.000000 0.000000 0.000000 0.000000 0.000000 0.000000 0.000000 0.000000 0.000000 0.000000 0.000000 0.000000 0.000000 0.000000 0.000000 0.000000 0.000000 0.000000 0.000000 0.000000 0.000000 0.000000 0.000000 0.000000 0.000000 0.000000 0.000000 0.000000 0.000000 0.000000 0.000000 0.000000 0.000000 0.000000 0.000000 0.000000 0.000000 0.000000 0.000000 0.000000 0.000000 0.000000 0.000000 0.000000 
0.000000 0.000000 0.000000 0.000000 0.000000 0.000000 0.000000 0.000000 0.000000 0.000000 0.000000 0.000000 0.000000 0.000000 0.000000 0.000000 0.000000 0.000000 0.000000 0.000000 0.000000 0.000000 0.000000 0.000000 0.000000 0.000000 0.000000 0.000000 0.000000 0.000000 0.000000 0.000000 0.000000 0.000000 0.000000 0.000000 0.000000 0.000000 0.000000 0.000000 0.000000 0.000000 0.000000 0.000000 0.000000 0.000000 0.000000 0.000000 0.000000 0.000000 0.000000 0.000000 0.000000 0.000000 0.000000 0.000000 0.000000 0.000000 0.000000 0.000000 0.000000 0.000000 0.000000 0.000000 0.000000 0.000000 0.000000 0.000000 0.000000 0.000000 0.000000 0.000000 0.000000 0.000000 0.000000 0.000000 0.000000 0.000000 0.000000 0.000000 0.000000 0.000000 0.000000 0.000000 0.000000 0.000000 0.000000 0.000000 0.000000 0.000000 0.000000 0.000000 0.000000 0.000000 0.000000 0.000000 0.000000 0.000000 0.000000 0.000000 
0.000000 0.000000 0.000000 0.000000 0.000000 0.000000 0.000000 0.000000 0.000000 0.000000 0.000000 0.000000 0.000000 0.000000 0.000000 0.000000 0.000000 0.000000 0.000000 0.000000 0.000000 0.000000 0.000000 0.000000 0.000000 0.000000 0.000000 0.000000 0.000000 0.000000 0.000000 0.000000 0.000000 0.000000 0.000000 0.000000 0.000000 0.000000 0.000000 0.000000 0.000000 0.000000 0.000000 0.000000 0.000000 0.000000 0.000000 0.000000 0.000000 0.000000 0.000000 0.000000 0.000000 0.000000 0.000000 0.000000 0.000000 0.000000 0.000000 0.000000 0.000000 0.000000 0.000000 0.000000 0.000000 0.000000 0.000000 0.000000 0.000000 0.000000 0.000000 0.000000 0.000000 0.000000 0.000000 0.000000 0.000000 0.000000 0.000000 0.000000 0.000000 0.000000 0.000000 0.000000 0.000000 0.000000 0.000000 0.000000 0.000000 0.000000 0.000000 0.000000 0.000000 0.000000 0.000000 0.000000 0.000000 0.000000 0.000000 0.000000 
0.000000 0.000000 0.000000 0.000000 0.000000 0.000000 0.000000 0.000000 0.000000 0.000000 0.000000 0.000000 0.000000 0.000000 0.000000 0.000000 0.000000 0.000000 0.000000 0.000000 0.000000 0.000000 0.000000 0.000000 0.000000 0.000000 0.000000 0.000000 0.000000 0.000000 0.000000 0.000000 0.000000 0.000000 0.000000 0.000000 0.000000 0.000000 0.000000 0.000000 0.000000 0.000000 0.000000 0.000000 0.000000 0.000000 0.000000 0.000000 0.000000 0.000000 0.000000 0.000000 0.000000 0.000000 0.000000 0.000000 0.000000 0.000000 0.000000 0.000000 0.000000 0.000000 0.000000 0.000000 0.000000 0.000000 0.000000 0.000000 0.000000 0.000000 0.000000 0.000000 0.000000 0.000000 0.000000 0.000000 0.000000 0.000000 0.000000 0.000000 0.000000 0.000000 0.000000 0.000000 0.000000 0.000000 0.000000 0.000000 0.000000 0.000000 0.000000 0.000000 0.000000 0.000000 0.000000 0.000000 0.000000 0.000000 0.000000 0.000000 
0.000000 0.000000 0.000000 0.000000 0.000000 0.000000 0.000000 0.000000 0.000000 0.000000 0.000000 0.000000 0.000000 0.000000 0.000000 0.000000 0.000000 0.000000 0.000000 0.000000 0.000000 0.000000 0.000000 0.000000 0.000000 0.000000 0.000000 0.000000 0.000000 0.000000 0.000000 0.000000 0.000000 0.000000 0.000000 0.000000 0.000000 0.000000 0.000000 0.000000 0.000000 0.000000 0.000000 0.000000 0.000000 0.000000 0.000000 0.000000 0.000000 0.000000 0.000000 0.000000 0.000000 0.000000 0.000000 0.000000 0.000000 0.000000 0.000000 0.000000 0.000000 0.000000 0.000000 0.000000 0.000000 0.000000 0.000000 0.000000 0.000000 0.000000 0.000000 0.000000 0.000000 0.000000 0.000000 0.000000 0.000000 0.000000 0.000000 0.000000 0.000000 0.000000 0.000000 0.000000 0.000000 0.000000 0.000000 0.000000 0.000000 0.000000 0.000000 0.000000 0.000000 0.000000 0.000000 0.000000 0.000000 0.000000 0.000000 0.000000 
0.000000 0.000000 0.000000 0.000000 0.000000 0.000000 0.000000 0.000000 0.000000 0.000000 0.000000 0.000000 0.000000 0.000000 0.000000 0.000000 0.000000 0.000000 0.000000 0.000000 0.000000 0.000000 0.000000 0.000000 0.000000 0.000000 0.000000 0.000000 0.000000 0.000000 0.000000 0.000000 0.000000 0.000000 0.000000 0.000000 0.000000 0.000000 0.000000 0.000000 0.000000 0.000000 0.000000 0.000000 0.000000 0.000001 0.000001 0.000001 0.000001 0.000001 0.000001 0.000001 0.000001 0.000001 0.000001 0.000001 0.000000 0.000000 0.000000 0.000000 0.000000 0.000000 0.000000 0.000000 0.000000 0.000000 0.000000 0.000000 0.000000 0.000000 0.000000 0.000000 0.000000 0.000000 0.000000 0.000000 0.000000 0.000000 0.000000 0.000000 0.000000 0.000000 0.000000 0.000000 0.000000 0.000000 0.000000 0.000000 0.000000 0.000000 0.000000 0.000000 0.000000 0.000000 0.000000 0.000000 0.000000 0.000000 0.000000 0.000000 
0.000000 0.000000 0.000000 0.000000 0.000000 0.000000 0.000000 0.000000 0.000000 0.000000 0.000000 0.000000 0.000000 0.000000 0.000000 0.000000 0.000000 0.000000 0.000000 0.000000 0.000000 0.000000 0.000000 0.000000 0.000000 0.000000 0.000000 0.000000 0.000000 0.000000 0.000000 0.000000 0.000000 0.000000 0.000000 0.000000 0.000000 0.000000 0.000000 0.000000 0.000000 0.000001 0.000001 0.000001 0.000001 0.000002 0.000002 0.000002 0.000002 0.000002 0.000002 0.000002 0.000002 0.000002 0.000002 0.000002 0.000001 0.000001 0.000001 0.000001 0.000000 0.000000 0.000000 0.000000 0.000000 0.000000 0.000000 0.000000 0.000000 0.000000 0.000000 0.000000 0.000000 0.000000 0.000000 0.000000 0.000000 0.000000 0.000000 0.000000 0.000000 0.000000 0.000000 0.000000 0.000000 0.000000 0.000000 0.000000 0.000000 0.000000 0.000000 0.000000 0.000000 0.000000 0.000000 0.000000 0.000000 0.000000 0.000000 0.000000 
0.000000 0.000000 0.000000 0.000000 0.000000 0.000000 0.000000 0.000000 0.000000 0.000000 0.000000 0.000000 0.000000 0.000000 0.000000 0.000000 0.000000 0.000000 0.000000 0.000000 0.000000 0.000000 0.000000 0.000000 0.000000 0.000000 0.000000 0.000000 0.000000 0.000000 0.000000 0.000000 0.000000 0.000000 0.000000 0.000000 0.000000 0.000000 0.000001 0.000001 0.000001 0.000002 0.000002 0.000003 0.000004 0.000004 0.000005 0.000005 0.000006 0.000006 0.000006 0.000006 0.000006 0.000005 0.000005 0.000004 0.000004 0.000003 0.000002 0.000002 0.000001 0.000001 0.000001 0.000000 0.000000 0.000000 0.000000 0.000000 0.000000 0.000000 0.000000 0.000000 0.000000 0.000000 0.000000 0.000000 0.000000 0.000000 0.000000 0.000000 0.000000 0.000000 0.000000 0.000000 0.000000 0.000000 0.000000 0.000000 0.000000 0.000000 0.000000 0.000000 0.000000 0.000000 0.000000 0.000000 0.000000 0.000000 0.000000 0.000000 
0.000000 0.000000 0.000000 0.000000 0.000000 0.000000 0.000000 0.000000 0.000000 0.000000 0.000000 0.000000 0.000000 0.000000 0.000000 0.000000 0.000000 0.000000 0.000000 0.000000 0.000000 0.000000 0.000000 0.000000 0.000000 0.000000 0.000000 0.000000 0.000000 0.000000 0.000000 0.000000 0.000000 0.000000 0.000000 0.000000 0.000001 0.000001 0.000002 0.000002 0.000003 0.000005 0.000006 0.000008 0.000009 0.000011 0.000013 0.000014 0.000016 0.000016 0.000017 0.000016 0.000016 0.000014 0.000013 0.000011 0.000009 0.000008 0.000006 0.000005 0.000003 0.000002 0.000002 0.000001 0.000001 0.000000 0.000000 0.000000 0.000000 0.000000 0.000000 0.000000 0.000000 0.000000 0.000000 0.000000 0.000000 0.000000 0.000000 0.000000 0.000000 0.000000 0.000000 0.000000 0.000000 0.000000 0.000000 0.000000 0.000000 0.000000 0.000000 0.000000 0.000000 0.000000 0.000000 0.000000 0.000000 0.000000 0.000000 0.000000 
0.000000 0.000000 0.000000 0.000000 0.000000 0.000000 0.000000 0.000000 0.000000 0.000000 0.000000 0.000000 0.000000 0.000000 0.000000 0.000000 0.000000 0.000000 0.000000 0.000000 0.000000 0.000000 0.000000 0.000000 0.000000 0.000000 0.000000 0.000000 0.000000 0.000000 0.000000 0.000000 0.000000 0.000000 0.000001 0.000001 0.000002 0.000003 0.000004 0.000006 0.000009 0.000012 0.000016 0.000020 0.000024 0.000029 0.000033 0.000037 0.000040 0.000042 0.000043 0.000042 0.000040 0.000037 0.000033 0.000029 0.000024 0.000020 0.000016 0.000012 0.000009 0.000006 0.000004 0.000003 0.000002 0.000001 0.000001 0.000000 0.000000 0.000000 0.000000 0.000000 0.000000 0.000000 0.000000 0.000000 0.000000 0.000000 0.000000 0.000000 0.000000 0.000000 0.000000 0.000000 0.000000 0.000000 0.000000 0.000000 0.000000 0.000000 0.000000 0.000000 0.000000 0.000000 0.000000 0.000000 0.000000 0.000000 0.000000 0.000000 
0.000000 0.000000 0.000000 0.000000 0.000000 0.000000 0.000000 0.000000 0.000000 0.000000 0.000000 0.000000 0.000000 0.000000 0.000000 0.000000 0.000000 0.000000 0.000000 0.000000 0.000000 0.000000 0.000000 0.000000 0.000000 0.000000 0.000000 0.000000 0.000000 0.000000 0.000000 0.000000 0.000001 0.000001 0.000002 0.000003 0.000005 0.000008 0.000011 0.000016 0.000022 0.000030 0.000039 0.000050 0.000061 0.000072 0.000083 0.000093 0.000100 0.000105 0.000107 0.000105 0.000100 0.000093 0.000083 0.000072 0.000061 0.000050 0.000039 0.000030 0.000022 0.000016 0.000011 0.000008 0.000005 0.000003 0.000002 0.000001 0.000001 0.000000 0.000000 0.000000 0.000000 0.000000 0.000000 0.000000 0.000000 0.000000 0.000000 0.000000 0.000000 0.000000 0.000000 0.000000 0.000000 0.000000 0.000000 0.000000 0.000000 0.000000 0.000000 0.000000 0.000000 0.000000 0.000000 0.000000 0.000000 0.000000 0.000000 0.000000 
0.000000 0.000000 0.000000 0.000000 0.000000 0.000000 0.000000 0.000000 0.000000 0.000000 0.000000 0.000000 0.000000 0.000000 0.000000 0.000000 0.000000 0.000000 0.000000 0.000000 0.000000 0.000000 0.000000 0.000000 0.000000 0.000000 0.000000 0.000000 0.000000 0.000000 0.000001 0.000001 0.000002 0.000003 0.000005 0.000008 0.000012 0.000019 0.000028 0.000040 0.000055 0.000074 0.000096 0.000121 0.000149 0.000176 0.000203 0.000226 0.000245 0.000256 0.000260 0.000256 0.000245 0.000226 0.000203 0.000176 0.000149 0.000121 0.000096 0.000074 0.000055 0.000040 0.000028 0.000019 0.000012 0.000008 0.000005 0.000003 0.000002 0.000001 0.000001 0.000000 0.000000 0.000000 0.000000 0.000000 0.000000 0.000000 0.000000 0.000000 0.000000 0.000000 0.000000 0.000000 0.000000 0.000000 0.000000 0.000000 0.000000 0.000000 0.000000 0.000000 0.000000 0.000000 0.000000 0.000000 0.000000 0.000000 0.000000 0.000000 
0.000000 0.000000 0.000000 0.000000 0.000000 0.000000 0.000000 0.000000 0.000000 0.000000 0.000000 0.000000 0.000000 0.000000 0.000000 0.000000 0.000000 0.000000 0.000000 0.000000 0.000000 0.000000 0.000000 0.000000 0.000000 0.000000 0.000000 0.000000 0.000000 0.000001 0.000001 0.000002 0.000004 0.000007 0.000012 0.000019 0.000030 0.000045 0.000067 0.000095 0.000132 0.000176 0.000229 0.000289 0.000354 0.000420 0.000483 0.000538 0.000582 0.000609 0.000619 0.000609 0.000582 0.000538 0.000483 0.000420 0.000354 0.000289 0.000229 0.000176 0.000132 0.000095 0.000067 0.000045 0.000030 0.000019 0.000012 0.000007 0.000004 0.000002 0.000001 0.000001 0.000000 0.000000 0.000000 0.000000 0.000000 0.000000 0.000000 0.000000 0.000000 0.000000 0.000000 0.000000 0.000000 0.000000 0.000000 0.000000 0.000000 0.000000 0.000000 0.000000 0.000000 0.000000 0.000000 0.000000 0.000000 0.000000 0.000000 0.000000 
0.000000 0.000000 0.000000 0.000000 0.000000 0.000000 0.000000 0.000000 0.000000 0.000000 0.000000 0.000000 0.000000 0.000000 0.000000 0.000000 0.000000 0.000000 0.000000 0.000000 0.000000 0.000000 0.000000 0.000000 0.000000 0.000000 0.000000 0.000000 0.000001 0.000002 0.000003 0.000006 0.000010 0.000017 0.000028 0.000045 0.000070 0.000106 0.000156 0.000222 0.000307 0.000411 0.000534 0.000673 0.000822 0.000975 0.001120 0.001248 0.001348 0.001412 0.001434 0.001412 0.001348 0.001248 0.001120 0.000975 0.000822 0.000673 0.000534 0.000411 0.000307 0.000222 0.000156 0.000106 0.000070 0.000045 0.000028 0.000017 0.000010 0.000006 0.000003 0.000002 0.000001 0.000000 0.000000 0.000000 0.000000 0.000000 0.000000 0.000000 0.000000 0.000000 0.000000 0.000000 0.000000 0.000000 0.000000 0.000000 0.000000 0.000000 0.000000 0.000000 0.000000 0.000000 0.000000 0.000000 0.000000 0.000000 0.000000 0.000000 
0.000000 0.000000 0.000000 0.000000 0.000000 0.000000 0.000000 0.000000 0.000000 0.000000 0.000000 0.000000 0.000000 0.000000 0.000000 0.000000 0.000000 0.000000 0.000000 0.000000 0.000000 0.000000 0.000000 0.000000 0.000000 0.000000 0.000001 0.000001 0.000002 0.000004 0.000007 0.000013 0.000023 0.000039 0.000065 0.000104 0.000161 0.000243 0.000356 0.000506 0.000698 0.000934 0.001212 0.001525 0.001862 0.002206 0.002533 0.002821 0.003047 0.003191 0.003240 0.003191 0.003047 0.002821 0.002533 0.002206 0.001862 0.001525 0.001212 0.000934 0.000698 0.000506 0.000356 0.000243 0.000161 0.000104 0.000065 0.000039 0.000023 0.000013 0.000007 0.000004 0.000002 0.000001 0.000001 0.000000 0.000000 0.000000 0.000000 0.000000 0.000000 0.000000 0.000000 0.000000 0.000000 0.000000 0.000000 0.000000 0.000000 0.000000 0.000000 0.000000 0.000000 0.000000 0.000000 0.000000 0.000000 0.000000 0.000000 0.000000 
0.000000 0.000000 0.000000 0.000000 0.000000 0.000000 0.000000 0.000000 0.000000 0.000000 0.000000 0.000000 0.000000 0.000000 0.000000 0.000000 0.000000 0.000000 0.000000 0.000000 0.000000 0.000000 0.000000 0.000000 0.000000 0.000001 0.000001 0.000002 0.000005 0.000009 0.000017 0.000030 0.000052 0.000088 0.000145 0.000232 0.000359 0.000541 0.000792 0.001123 0.001547 0.002066 0.002679 0.003369 0.004110 0.004863 0.005582 0.006214 0.006709 0.007025 0.007133 0.007025 0.006709 0.006214 0.005582 0.004863 0.004110 0.003369 0.002679 0.002066 0.001547 0.001123 0.000792 0.000541 0.000359 0.000232 0.000145 0.000088 0.000052 0.000030 0.000017 0.000009 0.000005 0.000002 0.000001 0.000001 0.000000 0.000000 0.000000 0.000000 0.000000 0.000000 0.000000 0.000000 0.000000 0.000000 0.000000 0.000000 0.000000 0.000000 0.000000 0.000000 0.000000 0.000000 0.000000 0.000000 0.000000 0.000000 0.000000 0.000000 
0.000000 0.000000 0.000000 0.000000 0.000000 0.000000 0.000000 0.000000 0.000000 0.000000 0.000000 0.000000 0.000000 0.000000 0.000000 0.000000 0.000000 0.000000 0.000000 0.000000 0.000000 0.000000 0.000000 0.000000 0.000001 0.000001 0.000003 0.000005 0.000010 0.000020 0.000036 0.000065 0.000114 0.000192 0.000316 0.000504 0.000781 0.001174 0.001714 0.002428 0.003339 0.004456 0.005770 0.007250 0.008837 0.010450 0.011987 0.013339 0.014397 0.015071 0.015303 0.015071 0.014397 0.013339 0.011987 0.010450 0.008837 0.007250 0.005770 0.004456 0.003339 0.002428 0.001714 0.001174 0.000781 0.000504 0.000316 0.000192 0.000114 0.000065 0.000036 0.000020 0.000010 0.000005 0.000003 0.000001 0.000001 0.000000 0.000000 0.000000 0.000000 0.000000 0.000000 0.000000 0.000000 0.000000 0.000000 0.000000 0.000000 0.000000 0.000000 0.000000 0.000000 0.000000 0.000000 0.000000 0.000000 0.000000 0.000000 0.000000 
0.000000 0.000000 0.000000 0.000000 0.000000 0.000000 0.000000 0.000000 0.000000 0.000000 0.000000 0.000000 0.000000 0.000000 0.000000 0.000000 0.000000 0.000000 0.000000 0.000000 0.000000 0.000000 0.000000 0.000001 0.000001 0.000003 0.000006 0.000012 0.000022 0.000042 0.000078 0.000140 0.000243 0.000409 0.000671 0.001068 0.001651 0.002479 0.003613 0.005113 0.007022 0.009360 0.012108 0.015198 0.018512 0.021876 0.025080 0.027895 0.030098 0.031503 0.031986 0.031503 0.030098 0.027895 0.025080 0.021876 0.018512 0.015198 0.012108 0.009360 0.007022 0.005113 0.003613 0.002479 0.001651 0.001068 0.000671 0.000409 0.000243 0.000140 0.000078 0.000042 0.000022 0.000012 0.000006 0.000003 0.000001 0.000001 0.000000 0.000000 0.000000 0.000000 0.000000 0.000000 0.000000 0.000000 0.000000 0.000000 0.000000 0.000000 0.000000 0.000000 0.000000 0.000000 0.000000 0.000000 0.000000 0.000000 0.000000 0.000000 
0.000000 0.000000 0.000000 0.000000 0.000000 0.000000 0.000000 0.000000 0.000000 0.000000 0.000000 0.000000 0.000000 0.000000 0.000000 0.000000 0.000000 0.000000 0.000000 0.000000 0.000000 0.000000 0.000001 0.000001 0.000003 0.000006 0.000012 0.000024 0.000047 0.000089 0.000163 0.000290 0.000503 0.000848 0.001387 0.002204 0.003401 0.005098 0.007420 0.010484 0.014381 0.019149 0.024746 0.031035 0.037772 0.044607 0.051114 0.056828 0.061298 0.064147 0.065127 0.064147 0.061298 0.056828 0.051114 0.044607 0.037772 0.031035 0.024746 0.019149 0.014381 0.010484 0.007420 0.005098 0.003401 0.002204 0.001387 0.000848 0.000503 0.000290 0.000163 0.000089 0.000047 0.000024 0.000012 0.000006 0.000003 0.000001 0.000001 0.000000 0.000000 0.000000 0.000000 0.000000 0.000000 0.000000 0.000000 0.000000 0.000000 0.000000 0.000000 0.000000 0.000000 0.000000 0.000000 0.000000 0.000000 0.000000 0.000000 0.000000 
0.000000 0.000000 0.000000 0.000000 0.000000 0.000000 0.000000 0.000000 0.000000 0.000000 0.000000 0.000000 0.000000 0.000000 0.000000 0.000000 0.000000 0.000000 0.000000 0.000000 0.000000 0.000001 0.000001 0.000003 0.000006 0.000012 0.000025 0.000049 0.000096 0.000180 0.000330 0.000588 0.001016 0.001708 0.002790 0.004426 0.006820 0.010207 0.014835 0.020935 0.028683 0.038150 0.049253 0.061719 0.075061 0.088589 0.101460 0.112757 0.121591 0.127222 0.129157 0.127222 0.121591 0.112757 0.101460 0.088589 0.075061 0.061719 0.049253 0.038150 0.028683 0.020935 0.014835 0.010207 0.006820 0.004426 0.002790 0.001708 0.001016 0.000588 0.000330 0.000180 0.000096 0.000049 0.000025 0.000012 0.000006 0.000003 0.000001 0.000001 0.000000 0.000000 0.000000 0.000000 0.000000 0.000000 0.000000 0.000000 0.000000 0.000000 0.000000 0.000000 0.000000 0.000000 0.000000 0.000000 0.000000 0.000000 0.000000 0.000000 
0.000000 0.000000 0.000000 0.000000 0.000000 0.000000 0.000000 0.000000 0.000000 0.000000 0.000000 0.000000 0.000000 0.000000 0.000000 0.000000 0.000000 0.000000 0.000000 0.000000 0.000000 0.000001 0.000002 0.000005 0.000012 0.000024 0.000049 0.000098 0.000190 0.000357 0.000652 0.001157 0.001998 0.003351 0.005463 0.008652 0.013312 0.019894 0.028875 0.040698 0.055697 0.074004 0.095455 0.119518 0.145250 0.171325 0.196122 0.217874 0.234880 0.245717 0.249440 0.245717 0.234880 0.217874 0.196122 0.171325 0.145250 0.119518 0.095455 0.074004 0.055697 0.040698 0.028875 0.019894 0.013312 0.008652 0.005463 0.003351 0.001998 0.001157 0.000652 0.000357 0.000190 0.000098 0.000049 0.000024 0.000012 0.000005 0.000002 0.000001 0.000000 0.000000 0.000000 0.000000 0.000000 0.000000 0.000000 0.000000 0.000000 0.000000 0.000000 0.000000 0.000000 0.000000 0.000000 0.000000 0.000000 0.000000 0.000000 0.000000 
0.000000 0.000000 0.000000 0.000000 0.000000 0.000000 0.000000 0.000000 0.000000 0.000000 0.000000 0.000000 0.000000 0.000000 0.000000 0.000000 0.000000 0.000000 0.000000 0.000000 0.000001 0.000002 0.000005 0.000010 0.000022 0.000047 0.000096 0.000190 0.000366 0.000686 0.001251 0.002217 0.003820 0.006397 0.010410 0.016461 0.025290 0.037742 0.054708 0.077017 0.105286 0.139754 0.180105 0.225330 0.273657 0.322599 0.369115 0.409905 0.441784 0.462094 0.469070 0.462094 0.441784 0.409905 0.369115 0.322599 0.273657 0.225330 0.180105 0.139754 0.105286 0.077017 0.054708 0.037742 0.025290 0.016461 0.010410 0.006397 0.003820 0.002217 0.001251 0.000686 0.000366 0.000190 0.000096 0.000047 0.000022 0.000010 0.000005 0.000002 0.000001 0.000000 0.000000 0.000000 0.000000 0.000000 0.000000 0.000000 0.000000 0.000000 0.000000 0.000000 0.000000 0.000000 0.000000 0.000000 0.000000 0.000000 0.000000 0.000000 
0.000000 0.000000 0.000000 0.000000 0.000000 0.000000 0.000000 0.000000 0.000000 0.000000 0.000000 0.000000 0.000000 0.000000 0.000000 0.000000 0.000000 0.000000 0.000000 0.000001 0.000002 0.000004 0.000009 0.000020 0.000042 0.000089 0.000180 0.000357 0.000686 0.001284 0.002336 0.004132 0.007106 0.011880 0.019302 0.030475 0.046753 0.069680 0.100880 0.141854 0.193719 0.256895 0.330787 0.413538 0.501905 0.591341 0.676303 0.750774 0.808959 0.846022 0.858752 0.846022 0.808959 0.750774 0.676303 0.591341 0.501905 0.413538 0.330787 0.256895 0.193719 0.141854 0.100880 0.069680 0.046753 0.030475 0.019302 0.011880 0.007106 0.004132 0.002336 0.001284 0.000686 0.000357 0.000180 0.000089 0.000042 0.000020 0.000009 0.000004 0.000002 0.000001 0.000000 0.000000 0.000000 0.000000 0.000000 0.000000 0.000000 0.000000 0.000000 0.000000 0.000000 0.000000 0.000000 0.000000 0.000000 0.000000 0.000000 0.000000 
0.000000 0.000000 0.000000 0.000000 0.000000 0.000000 0.000000 0.000000 0.000000 0.000000 0.000000 0.000000 0.000000 0.000000 0.000000 0.000000 0.000000 0.000000 0.000001 0.000001 0.000003 0.000007 0.000017 0.000036 0.000078 0.000163 0.000330 0.000652 0.001251 0.002336 0.004241 0.007490 0.012859 0.021462 0.034817 0.054893 0.084096 0.125178 0.181012 0.254256 0.346873 0.459580 0.591292 0.738681 0.895969 1.055070 1.206137 1.338502 1.441891 1.507735 1.530347 1.507735 1.441891 1.338502 1.206137 1.055070 0.895969 0.738681 0.591292 0.459580 0.346873 0.254256 0.181012 0.125178 0.084096 0.054893 0.034817 0.021462 0.012859 0.007490 0.004241 0.002336 0.001251 0.000652 0.000330 0.000163 0.000078 0.000036 0.000017 0.000007 0.000003 0.000001 0.000001 0.000000 0.000000 0.000000 0.000000 0.000000 0.000000 0.000000 0.000000 0.000000 0.000000 0.000000 0.000000 0.000000 0.000000 0.000000 0.000000 0.000000 
0.000000 0.000000 0.000000 0.000000 0.000000 0.000000 0.000000 0.000000 0.000000 0.000000 0.000000 0.000000 0.000000 0.000000 0.000000 0.000000 0.000000 0.000000 0.000001 0.000002 0.000006 0.000013 0.000030 0.000065 0.000140 0.000290 0.000588 0.001157 0.002217 0.004132 0.007490 0.013203 0.022631 0.037713 0.061090 0.096181 0.147160 0.218781 0.316011 0.443419 0.604366 0.800048 1.028541 1.284044 1.556534 1.832013 2.093464 2.322463 2.501282 2.615144 2.654243 2.615144 2.501282 2.322463 2.093464 1.832013 1.556534 1.284044 1.028541 0.800048 0.604366 0.443419 0.316011 0.218781 0.147160 0.096181 0.061090 0.037713 0.022631 0.013203 0.007490 0.004132 0.002217 0.001157 0.000588 0.000290 0.000140 0.000065 0.000030 0.000013 0.000006 0.000002 0.000001 0.000000 0.000000 0.000000 0.000000 0.000000 0.000000 0.000000 0.000000 0.000000 0.000000 0.000000 0.000000 0.000000 0.000000 0.000000 0.000000 0.000000 
0.000000 0.000000 0.000000 0.000000 0.000000 0.000000 0.000000 0.000000 0.000000 0.000000 0.000000 0.000000 0.000000 0.000000 0.000000 0.000000 0.000000 0.000001 0.000002 0.000004 0.000010 0.000023 0.000052 0.000114 0.000243 0.000503 0.001016 0.001998 0.003820 0.007106 0.012859 0.022631 0.038730 0.064446 0.104249 0.163914 0.250482 0.371960 0.536689 0.752325 1.024468 1.355059 1.740783 2.171805 2.631205 3.095404 3.535773 3.921349 4.222356 4.413986 4.479785 4.413986 4.222356 3.921349 3.535773 3.095404 2.631205 2.171805 1.740783 1.355059 1.024468 0.752325 0.536689 0.371960 0.250482 0.163914 0.104249 0.064446 0.038730 0.022631 0.012859 0.007106 0.003820 0.001998 0.001016 0.000503 0.000243 0.000114 0.000052 0.000023 0.000010 0.000004 0.000002 0.000001 0.000000 0.000000 0.000000 0.000000 0.000000 0.000000 0.000000 0.000000 0.000000 0.000000 0.000000 0.000000 0.000000 0.000000 0.000000 0.000000 
0.000000 0.000000 0.000000 0.000000 0.000000 0.000000 0.000000 0.000000 0.000000 0.000000 0.000000 0.000000 0.000000 0.000000 0.000000 0.000000 0.000000 0.000001 0.000003 0.000007 0.000017 0.000039 0.000088 0.000192 0.000409 0.000848 0.001708 0.003351 0.006397 0.011880 0.021462 0.037713 0.064446 0.107085 0.172992 0.271662 0.414647 0.615067 0.886558 1.241604 1.689288 2.232677 2.866220 3.573702 4.327331 5.088458 5.810214 6.441958 6.935018 7.248865 7.356618 7.248865 6.935018 6.441958 5.810214 5.088458 4.327331 3.573702 2.866220 2.232677 1.689288 1.241604 0.886558 0.615067 0.414647 0.271662 0.172992 0.107085 0.064446 0.037713 0.021462 0.011880 0.006397 0.003351 0.001708 0.000848 0.000409 0.000192 0.000088 0.000039 0.000017 0.000007 0.000003 0.000001 0.000000 0.000000 0.000000 0.000000 0.000000 0.000000 0.000000 0.000000 0.000000 0.000000 0.000000 0.000000 0.000000 0.000000 0.000000 0.000000 
0.000000 0.000000 0.000000 0.000000 0.000000 0.000000 0.000000 0.000000 0.000000 0.000000 0.000000 0.000000 0.000000 0.000000 0.000000 0.000000 0.000001 0.000002 0.000005 0.000012 0.000028 0.000065 0.000145 0.000316 0.000671 0.001387 0.002790 0.005463 0.010410 0.019302 0.034817 0.061090 0.104249 0.172992 0.279111 0.437790 0.667475 0.989074 1.424282 1.992908 2.709292 3.578152 4.590463 5.720219 6.923012 8.137206 9.288148 10.295238 11.081064 11.581186 11.752880 11.581186 11.081064 10.295238 9.288148 8.137206 6.923012 5.720219 4.590463 3.578152 2.709292 1.992908 1.424282 0.989074 0.667475 0.437790 0.279111 0.172992 0.104249 0.061090 0.034817 0.019302 0.010410 0.005463 0.002790 0.001387 0.000671 0.000316 0.000145 0.000065 0.000028 0.000012 0.000005 0.000002 0.000001 0.000000 0.000000 0.000000 0.000000 0.000000 0.000000 0.000000 0.000000 0.000000 0.000000 0.000000 0.000000 0.000000 0.000000 0.000000 
0.000000 0.000000 0.000000 0.000000 0.000000 0.000000 0.000000 0.000000 0.000000 0.000000 0.000000 0.000000 0.000000 0.000000 0.000000 0.000000 0.000001 0.000003 0.000008 0.000019 0.000045 0.000104 0.000232 0.000504 0.001068 0.002204 0.004426 0.008652 0.016461 0.030475 0.054893 0.096181 0.163914 0.271662 0.437790 0.685916 1.044686 1.546523 2.225003 3.110709 4.225679 5.576980 7.150354 8.905244 10.772630 12.656892 14.442341 16.004177 17.222600 17.997925 18.264079 17.997925 17.222600 16.004177 14.442341 12.656892 10.772630 8.905244 7.150354 5.576980 4.225679 3.110709 2.225003 1.546523 1.044686 0.685916 0.437790 0.271662 0.163914 0.096181 0.054893 0.030475 0.016461 0.008652 0.004426 0.002204 0.001068 0.000504 0.000232 0.000104 0.000045 0.000019 0.000008 0.000003 0.000001 0.000000 0.000000 0.000000 0.000000 0.000000 0.000000 0.000000 0.000000 0.000000 0.000000 0.000000 0.000000 0.000000 0.000000 0.000000 
0.000000 0.000000 0.000000 0.000000 0.000000 0.000000 0.000000 0.000000 0.000000 0.000000 0.000000 0.000000 0.000000 0.000000 0.000000 0.000001 0.000002 0.000005 0.000012 0.000030 0.000070 0.000161 0.000359 0.000781 0.001651 0.003401 0.006820 0.013312 0.025290 0.046753 0.084096 0.147160 0.250482 0.414647 0.667475 1.044686 1.589553 2.350978 3.379515 4.721103 6.408699 8.452610 10.830957 13.482240 16.302132 19.146338 21.840467 24.196533 26.034173 27.203367 27.604700 27.203367 26.034173 24.196533 21.840467 19.146338 16.302132 13.482240 10.830957 8.452610 6.408699 4.721103 3.379515 2.350978 1.589553 1.044686 0.667475 0.414647 0.250482 0.147160 0.084096 0.046753 0.025290 0.013312 0.006820 0.003401 0.001651 0.000781 0.000359 0.000161 0.000070 0.000030 0.000012 0.000005 0.000002 0.000001 0.000000 0.000000 0.000000 0.000000 0.000000 0.000000 0.000000 0.000000 0.000000 0.000000 0.000000 0.000000 0.000000 0.000000 
0.000000 0.000000 0.000000 0.000000 0.000000 0.000000 0.000000 0.000000 0.000000 0.000000 0.000000 0.000000 0.000000 0.000000 0.000000 0.000001 0.000003 0.000008 0.000019 0.000045 0.000106 0.000243 0.000541 0.001174 0.002479 0.005098 0.010207 0.019894 0.037742 0.069680 0.125178 0.218781 0.371960 0.615067 0.989074 1.546523 2.350978 3.474173 4.990148 6.966035 9.449789 12.456048 15.952206 19.847593 23.988859 28.164232 32.118024 35.574803 38.270438 39.985310 40.573913 39.985310 38.270438 35.574803 32.118024 28.164232 23.988859 19.847593 15.952206 12.456048 9.449789 6.966035 4.990148 3.474173 2.350978 1.546523 0.989074 0.615067 0.371960 0.218781 0.125178 0.069680 0.037742 0.019894 0.010207 0.005098 0.002479 0.001174 0.000541 0.000243 0.000106 0.000045 0.000019 0.000008 0.000003 0.000001 0.000000 0.000000 0.000000 0.000000 0.000000 0.000000 0.000000 0.000000 0.000000 0.000000 0.000000 0.000000 0.000000 0.000000 
0.000000 0.000000 0.000000 0.000000 0.000000 0.000000 0.000000 0.000000 0.000000 0.000000 0.000000 0.000000 0.000000 0.000000 0.000001 0.000002 0.000004 0.000011 0.000028 0.000067 0.000156 0.000356 0.000792 0.001714 0.003613 0.007420 0.014835 0.028875 0.054708 0.100880 0.181012 0.316011 0.536689 0.886558 1.424282 2.225003 3.379515 4.990148 7.162364 9.991588 13.545717 17.844990 22.842218 28.407452 34.321515 40.282167 45.924822 50.856993 54.702470 57.148541 57.988067 57.148541 54.702470 50.856993 45.924822 40.282167 34.321515 28.407452 22.842218 17.844990 13.545717 9.991588 7.162364 4.990148 3.379515 2.225003 1.424282 0.886558 0.536689 0.316011 0.181012 0.100880 0.054708 0.028875 0.014835 0.007420 0.003613 0.001714 0.000792 0.000356 0.000156 0.000067 0.000028 0.000011 0.000004 0.000002 0.000001 0.000000 0.000000 0.000000 0.000000 0.000000 0.000000 0.000000 0.000000 0.000000 0.000000 0.000000 0.000000 0.000000 
0.000000 0.000000 0.000000 0.000000 0.000000 0.000000 0.000000 0.000000 0.000000 0.000000 0.000000 0.000000 0.000000 0.000000 0.000001 0.000002 0.000006 0.000016 0.000040 0.000095 0.000222 0.000506 0.001123 0.002428 0.005113 0.010484 0.020935 0.040698 0.077017 0.141854 0.254256 0.443419 0.752325 1.241604 1.992908 3.110709 4.721103 6.966035 9.991588 13.929692 18.873872 24.851383 31.795899 39.526388 47.738289 56.012168 63.842501 70.685393 76.019731 79.412481 80.576856 79.412481 76.019731 70.685393 63.842501 56.012168 47.738289 39.526388 31.795899 24.851383 18.873872 13.929692 9.991588 6.966035 4.721103 3.110709 1.992908 1.241604 0.752325 0.443419 0.254256 0.141854 0.077017 0.040698 0.020935 0.010484 0.005113 0.002428 0.001123 0.000506 0.000222 0.000095 0.000040 0.000016 0.000006 0.000002 0.000001 0.000000 0.000000 0.000000 0.000000 0.000000 0.000000 0.000000 0.000000 0.000000 0.000000 0.000000 0.000000 0.000000 
0.000000 0.000000 0.000000 0.000000 0.000000 0.000000 0.000000 0.000000 0.000000 0.000000 0.000000 0.000000 0.000000 0.000000 0.000001 0.000003 0.000009 0.000022 0.000055 0.000132 0.000307 0.000698 0.001547 0.003339 0.007022 0.014381 0.028683 0.055697 0.105286 0.193719 0.346873 0.604366 1.024468 1.689288 2.709292 4.225679 6.408699 9.449789 13.545717 18.873872 25.559577 33.638579 43.020350 53.459779 64.545445 75.711432 86.276190 95.506836 102.701452 107.276920 108.847119 107.276920 102.701452 95.506836 86.276190 75.711432 64.545445 53.459779 43.020350 33.638579 25.559577 18.873872 13.545717 9.449789 6.408699 4.225679 2.709292 1.689288 1.024468 0.604366 0.346873 0.193719 0.105286 0.055697 0.028683 0.014381 0.007022 0.003339 0.001547 0.000698 0.000307 0.000132 0.000055 0.000022 0.000009 0.000003 0.000001 0.000000 0.000000 0.000000 0.000000 0.000000 0.000000 0.000000 0.000000 0.000000 0.000000 0.000000 0.000000 0.000000 
0.000000 0.000000 0.000000 0.000000 0.000000 0.000000 0.000000 0.000000 0.000000 0.000000 0.000000 0.000000 0.000000 0.000001 0.000002 0.000005 0.000012 0.000030 0.000074 0.000176 0.000411 0.000934 0.002066 0.004456 0.009360 0.019149 0.038150 0.074004 0.139754 0.256895 0.459580 0.800048 1.355059 2.232677 3.578152 5.576980 8.452610 12.456048 17.844990 24.851383 33.638579 44.252242 56.572400 70.276524 84.824378 99.473657 113.331010 125.436268 134.870151 140.869150 142.927781 140.869150 134.870151 125.436268 113.331010 99.473657 84.824378 70.276524 56.572400 44.252242 33.638579 24.851383 17.844990 12.456048 8.452610 5.576980 3.578152 2.232677 1.355059 0.800048 0.459580 0.256895 0.139754 0.074004 0.038150 0.019149 0.009360 0.004456 0.002066 0.000934 0.000411 0.000176 0.000074 0.000030 0.000012 0.000005 0.000002 0.000001 0.000000 0.000000 0.000000 0.000000 0.000000 0.000000 0.000000 0.000000 0.000000 0.000000 0.000000 0.000000 
0.000000 0.000000 0.000000 0.000000 0.000000 0.000000 0.000000 0.000000 0.000000 0.000000 0.000000 0.000000 0.000000 0.000001 0.000002 0.000006 0.000016 0.000039 0.000096 0.000229 0.000534 0.001212 0.002679 0.005770 0.012108 0.024746 0.049253 0.095455 0.180105 0.330787 0.591292 1.028541 1.740783 2.866220 4.590463 7.150354 10.830957 15.952206 22.842218 31.795899 43.020350 56.572400 72.297668 89.783751 108.341144 127.023370 144.692065 160.124257 172.149422 179.795595 182.419367 179.795595 172.149422 160.124257 144.692065 127.023370 108.341144 89.783751 72.297668 56.572400 43.020350 31.795899 22.842218 15.952206 10.830957 7.150354 4.590463 2.866220 1.740783 1.028541 0.591292 0.330787 0.180105 0.095455 0.049253 0.024746 0.012108 0.005770 0.002679 0.001212 0.000534 0.000229 0.000096 0.000039 0.000016 0.000006 0.000002 0.000001 0.000000 0.000000 0.000000 0.000000 0.000000 0.000000 0.000000 0.000000 0.000000 0.000000 0.000000 0.000000 
0.000000 0.000000 0.000000 0.000000 0.000000 0.000000 0.000000 0.000000 0.000000 0.000000 0.000000 0.000000 0.000000 0.000001 0.000003 0.000008 0.000020 0.000050 0.000121 0.000289 0.000673 0.001525 0.003369 0.007250 0.015198 0.031035 0.061719 0.119518 0.225330 0.413538 0.738681 1.284044 2.171805 3.573702 5.720219 8.905244 13.482240 19.847593 28.407452 39.526388 53.459779 70.276524 89.783751 111.469069 134.477204 157.635130 179.532784 198.655888 213.555501 223.028703 226.279300 223.028703 213.555501 198.655888 179.532784 157.635130 134.477204 111.469069 89.783751 70.276524 53.459779 39.526388 28.407452 19.847593 13.482240 8.905244 5.720219 3.573702 2.171805 1.284044 0.738681 0.413538 0.225330 0.119518 0.061719 0.031035 0.015198 0.007250 0.003369 0.001525 0.000673 0.000289 0.000121 0.000050 0.000020 0.000008 0.000003 0.000001 0.000000 0.000000 0.000000 0.000000 0.000000 0.000000 0.000000 0.000000 0.000000 0.000000 0.000000 0.000000 
