0.000000 0.000000 0.000000 0.000000 0.000000 0.000000 0.000000 0.000000 0.000000 0.000000 0.000000 0.000000 0.000000 0.000000 0.000000 0.000000 0.000000 0.000000 0.000000 0.000000 0.000000 0.000000 0.000000 0.000000 0.000000 0.000000 0.000000 0.000000 0.000000 0.000000 0.000000 0.000000 0.000000 0.000000 0.000000 0.000000 0.000000 0.000000 0.000000 0.000000 0.000000 0.000000 0.000000 0.000000 0.000000 0.000000 0.000000 0.000000 0.000000 0.000000 0.000000 0.000000 0.000000 0.000000 0.000000 0.000000 0.000000 0.000000 0.000000 0.000000 0.000000 0.000000 0.000000 0.000000 0.000000 0.000000 0.000000 0.000000 0.000000 0.000000 0.000000 0.000000 0.000000 0.000000 0.000000 0.000000 0.000000 0.000000 0.000000 0.000000 0.000000 0.000000 0.000000 0.000000 0.000000 0.000000 0.000000 0.000000 0.000000 0.000000 0.000000 0.000000 0.000000 0.000000 0.000000 0.000000 0.000000 0.000000 0.000000 0.000000 
0.000000 0.000000 0.000000 0.000000 0.000000 0.000000 0.000000 0.000000 0.000000 0.000000 0.000000 0.000000 0.000000 0.000000 0.000000 0.000000 0.000000 0.000000 0.000000 0.000000 0.000000 0.000000 0.000000 0.000000 0.000000 0.000000 0.000000 0.000000 0.000000 0.000000 0.000000 0.000000 0.000000 0.000000 0.000000 0.000000 0.000000 0.000000 0.000000 0.000000 0.000000 0.000000 0.000000 0.000000 0.000000 0.000000 0.000000 0.000000 0.000000 0.000000 0.000000 0.000000 0.000000 0.000000 0.000000 0.000000 0.000000 0.000000 0.000000 0.000000 0.000000 0.000000 0.000000 0.000000 0.000000 0.000000 0.000000 0.000000 0.000000 0.000000 0.000000 0.000000 0.000000 0.000000 0.000000 0.000000 0.000000 0.000000 0.000000 0.000000 0.000000 0.000000 0.000000 0.000000 0.000000 0.000000 0.000000 0.000000 0.000000 0.000000 0.000000 0.000000 0.000000 0.000000 0.000000 0.000000 0.000000 0.000000 0.000000 0.000000 
0.000000 0.000000 0.000000 0.000000 0.000000 0.000000 0.000000 0.000000 0.000000 0.000000 0.000000 0.000000 0.000000 0.000000 0.000000 0.000000 0.000000 0.000000 0.000000 0.000000 0.000000 0.000000 0.000000 0.000000 0.000000 0.000000 0.000000 0.000000 0.000000 0.000000 0.000000 0.000000 0.000000 0.000000 0.000000 0.000000 0.000000 0.000000 0.000000 0.000000 0.000000 0.000000 0.000000 0.000000 0.000000 0.000000 0.000000 0.000000 0.000000 0.000000 0.000000 0.000000 0.000000 0.000000 0.000000 0.000000 0.000000 0.000000 0.000000 0.000000 0.000000 0.000000 0.000000 0.000000 0.000000 0.000000 0.000000 0.000000 0.000000 0.000000 0.000000 0.000000 0.000000 0.000000 0.000000 0.000000 0.000000 0.000000 0.000000 0.000000 0.000000 0.000000 0.000000 0.000000 0.000000 0.000000 0.000000 0.000000 0.000000 0.000000 0.000000 0.000000 0.000000 0.000000 0.000000 0.000000 0.000000 0.000000 0.000000 0.000000 
0.000000 0.000000 0.000000 0.000000 0.000000 0.000000 0.000000 0.000000 0.000000 0.000000 0.000000 0.000000 0.000000 0.000000 0.000000 0.000000 0.000000 0.000000 0.000000 0.000000 0.000000 0.000000 0.000000 0.000000 0.000000 0.000000 0.000000 0.000000 0.000000 0.000000 0.000000 0.000000 0.000000 0.000000 0.000000 0.000000 0.000000 0.000000 0.000000 0.000000 0.000000 0.000000 0.000000 0.000000 0.000000 0.000000 0.000000 0.000000 0.000000 0.000000 0.000000 0.000000 0.000000 0.000000 0.000000 0.000000 0.000000 0.000000 0.000000 0.000000 0.000000 0.000000 0.000000 0.000000 0.000000 0.000000 0.000000 0.000000 0.000000 0.000000 0.000000 0.000000 0.000000 0.000000 0.000000 0.000000 0.000000 0.000000 0.000000 0.000000 0.000000 0.000000 0.000000 0.000000 0.000000 0.000000 0.000000 0.000000 0.000000 0.000000 0.000000 0.000000 0.000000 0.000000 0.000000 0.000000 0.000000 0.000000 0.000000 0.000000 
0.000000 0.000000 0.000000 0.000000 0.000000 0.000000 0.000000 0.000000 0.000000 0.000000 0.000000 0.000000 0.000000 0.000000 0.000000 0.000000 0.000000 0.000000 0.000000 0.000000 0.000000 0.000000 0.000000 0.000000 0.000000 0.000000 0.000000 0.000000 0.000000 0.000000 0.000000 0.000000 0.000000 0.000000 0.000000 0.000000 0.000000 0.000000 0.000000 0.000000 0.000000 0.000000 0.000001 0.000001 0.000001 0.000001 0.000001 0.000001 0.000001 0.000001 0.000001 0.000001 0.000001 0.000001 0.000001 0.000001 0.000001 0.000001 0.000001 0.000000 0.000000 0.000000 0.000000 0.000000 0.000000 0.000000 0.000000 0.000000 0.000000 0.000000 0.000000 0.000000 0.000000 0.000000 0.000000 0.000000 0.000000 0.000000 0.000000 0.000000 0.000000 0.000000 0.000000 0.000000 0.000000 0.000000 0.000000 0.000000 0.000000 0.000000 0.000000 0.000000 0.000000 0.000000 0.000000 0.000000 0.000000 0.000000 0.000000 0.000000 
0.000000 0.000000 0.000000 0.000000 0.000000 0.000000 0.000000 0.000000 0.000000 0.000000 0.000000 0.000000 0.000000 0.000000 0.000000 0.000000 0.000000 0.000000 0.000000 0.000000 0.000000 0.000000 0.000000 0.000000 0.000000 0.000000 0.000000 0.000000 0.000000 0.000000 0.000000 0.000000 0.000000 0.000000 0.000000 0.000000 0.000000 0.000000 0.000001 0.000001 0.000001 0.000001 0.000001 0.000001 0.000002 0.000002 0.000002 0.000002 0.000002 0.000002 0.000002 0.000002 0.000002 0.000002 0.000002 0.000002 0.000002 0.000001 0.000001 0.000001 0.000001 0.000001 0.000001 0.000000 0.000000 0.000000 0.000000 0.000000 0.000000 0.000000 0.000000 0.000000 0.000000 0.000000 0.000000 0.000000 0.000000 0.000000 0.000000 0.000000 0.000000 0.000000 0.000000 0.000000 0.000000 0.000000 0.000000 0.000000 0.000000 0.000000 0.000000 0.000000 0.000000 0.000000 0.000000 0.000000 0.000000 0.000000 0.000000 0.000000 
0.000000 0.000000 0.000000 0.000000 0.000000 0.000000 0.000000 0.000000 0.000000 0.000000 0.000000 0.000000 0.000000 0.000000 0.000000 0.000000 0.000000 0.000000 0.000000 0.000000 0.000000 0.000000 0.000000 0.000000 0.000000 0.000000 0.000000 0.000000 0.000000 0.000000 0.000000 0.000000 0.000000 0.000000 0.000000 0.000001 0.000001 0.000001 0.000001 0.000002 0.000002 0.000002 0.000003 0.000003 0.000004 0.000004 0.000005 0.000005 0.000005 0.000005 0.000005 0.000005 0.000005 0.000005 0.000005 0.000004 0.000004 0.000003 0.000003 0.000002 0.000002 0.000002 0.000001 0.000001 0.000001 0.000001 0.000000 0.000000 0.000000 0.000000 0.000000 0.000000 0.000000 0.000000 0.000000 0.000000 0.000000 0.000000 0.000000 0.000000 0.000000 0.000000 0.000000 0.000000 0.000000 0.000000 0.000000 0.000000 0.000000 0.000000 0.000000 0.000000 0.000000 0.000000 0.000000 0.000000 0.000000 0.000000 0.000000 0.000000 
0.000000 0.000000 0.000000 0.000000 0.000000 0.000000 0.000000 0.000000 0.000000 0.000000 0.000000 0.000000 0.000000 0.000000 0.000000 0.000000 0.000000 0.000000 0.000000 0.000000 0.000000 0.000000 0.000000 0.000000 0.000000 0.000000 0.000000 0.000000 0.000000 0.000000 0.000000 0.000000 0.000000 0.000001 0.000001 0.000001 0.000002 0.000002 0.000003 0.000003 0.000004 0.000005 0.000006 0.000007 0.000008 0.000009 0.000010 0.000011 0.000011 0.000012 0.000012 0.000012 0.000011 0.000011 0.000010 0.000009 0.000008 0.000007 0.000006 0.000005 0.000004 0.000003 0.000003 0.000002 0.000002 0.000001 0.000001 0.000001 0.000000 0.000000 0.000000 0.000000 0.000000 0.000000 0.000000 0.000000 0.000000 0.000000 0.000000 0.000000 0.000000 0.000000 0.000000 0.000000 0.000000 0.000000 0.000000 0.000000 0.000000 0.000000 0.000000 0.000000 0.000000 0.000000 0.000000 0.000000 0.000000 0.000000 0.000000 0.000000 
0.000000 0.000000 0.000000 0.000000 0.000000 0.000000 0.000000 0.000000 0.000000 0.000000 0.000000 0.000000 0.000000 0.000000 0.000000 0.000000 0.000000 0.000000 0.000000 0.000000 0.000000 0.000000 0.000000 0.000000 0.000000 0.000000 0.000000 0.000000 0.000000 0.000000 0.000000 0.000001 0.000001 0.000001 0.000002 0.000003 0.000004 0.000005 0.000006 0.000008 0.000009 0.000011 0.000013 0.000015 0.000018 0.000020 0.000021 0.000023 0.000024 0.000025 0.000025 0.000025 0.000024 0.000023 0.000021 0.000020 0.000018 0.000015 0.000013 0.000011 0.000009 0.000008 0.000006 0.000005 0.000004 0.000003 0.000002 0.000001 0.000001 0.000001 0.000000 0.000000 0.000000 0.000000 0.000000 0.000000 0.000000 0.000000 0.000000 0.000000 0.000000 0.000000 0.000000 0.000000 0.000000 0.000000 0.000000 0.000000 0.000000 0.000000 0.000000 0.000000 0.000000 0.000000 0.000000 0.000000 0.000000 0.000000 0.000000 0.000000 
0.000000 0.000000 0.000000 0.000000 0.000000 0.000000 0.000000 0.000000 0.000000 0.000000 0.000000 0.000000 0.000000 0.000000 0.000000 0.000000 0.000000 0.000000 0.000000 0.000000 0.000000 0.000000 0.000000 0.000000 0.000000 0.000000 0.000000 0.000000 0.000000 0.000001 0.000001 0.000001 0.000002 0.000003 0.000004 0.000006 0.000008 0.000010 0.000013 0.000016 0.000020 0.000024 0.000028 0.000033 0.000037 0.000042 0.000046 0.000049 0.000051 0.000053 0.000053 0.000053 0.000051 0.000049 0.000046 0.000042 0.000037 0.000033 0.000028 0.000024 0.000020 0.000016 0.000013 0.000010 0.000008 0.000006 0.000004 0.000003 0.000002 0.000001 0.000001 0.000001 0.000000 0.000000 0.000000 0.000000 0.000000 0.000000 0.000000 0.000000 0.000000 0.000000 0.000000 0.000000 0.000000 0.000000 0.000000 0.000000 0.000000 0.000000 0.000000 0.000000 0.000000 0.000000 0.000000 0.000000 0.000000 0.000000 0.000000 0.000000 
0.000000 0.000000 0.000000 0.000000 0.000000 0.000000 0.000000 0.000000 0.000000 0.000000 0.000000 0.000000 0.000000 0.000000 0.000000 0.000000 0.000000 0.000000 0.000000 0.000000 0.000000 0.000000 0.000000 0.000000 0.000000 0.000000 0.000000 0.000001 0.000001 0.000001 0.000002 0.000003 0.000005 0.000006 0.000009 0.000012 0.000016 0.000021 0.000027 0.000034 0.000041 0.000050 0.000059 0.000069 0.000078 0.000087 0.000095 0.000102 0.000107 0.000111 0.000112 0.000111 0.000107 0.000102 0.000095 0.000087 0.000078 0.000069 0.000059 0.000050 0.000041 0.000034 0.000027 0.000021 0.000016 0.000012 0.000009 0.000006 0.000005 0.000003 0.000002 0.000001 0.000001 0.000001 0.000000 0.000000 0.000000 0.000000 0.000000 0.000000 0.000000 0.000000 0.000000 0.000000 0.000000 0.000000 0.000000 0.000000 0.000000 0.000000 0.000000 0.000000 0.000000 0.000000 0.000000 0.000000 0.000000 0.000000 0.000000 0.000000 
0.000000 0.000000 0.000000 0.000000 0.000000 0.000000 0.000000 0.000000 0.000000 0.000000 0.000000 0.000000 0.000000 0.000000 0.000000 0.000000 0.000000 0.000000 0.000000 0.000000 0.000000 0.000000 0.000000 0.000000 0.000000 0.000000 0.000001 0.000001 0.000002 0.000003 0.000004 0.000006 0.000009 0.000013 0.000018 0.000025 0.000033 0.000043 0.000055 0.000069 0.000085 0.000103 0.000122 0.000141 0.000161 0.000179 0.000196 0.000210 0.000220 0.000227 0.000229 0.000227 0.000220 0.000210 0.000196 0.000179 0.000161 0.000141 0.000122 0.000103 0.000085 0.000069 0.000055 0.000043 0.000033 0.000025 0.000018 0.000013 0.000009 0.000006 0.000004 0.000003 0.000002 0.000001 0.000001 0.000000 0.000000 0.000000 0.000000 0.000000 0.000000 0.000000 0.000000 0.000000 0.000000 0.000000 0.000000 0.000000 0.000000 0.000000 0.000000 0.000000 0.000000 0.000000 0.000000 0.000000 0.000000 0.000000 0.000000 0.000000 
0.000000 0.000000 0.000000 0.000000 0.000000 0.000000 0.000000 0.000000 0.000000 0.000000 0.000000 0.000000 0.000000 0.000000 0.000000 0.000000 0.000000 0.000000 0.000000 0.000000 0.000000 0.000000 0.000000 0.000000 0.000001 0.000001 0.000002 0.000003 0.000004 0.000006 0.000009 0.000013 0.000019 0.000027 0.000037 0.000050 0.000067 0.000087 0.000112 0.000140 0.000172 0.000208 0.000246 0.000285 0.000324 0.000362 0.000395 0.000424 0.000445 0.000458 0.000463 0.000458 0.000445 0.000424 0.000395 0.000362 0.000324 0.000285 0.000246 0.000208 0.000172 0.000140 0.000112 0.000087 0.000067 0.000050 0.000037 0.000027 0.000019 0.000013 0.000009 0.000006 0.000004 0.000003 0.000002 0.000001 0.000001 0.000000 0.000000 0.000000 0.000000 0.000000 0.000000 0.000000 0.000000 0.000000 0.000000 0.000000 0.000000 0.000000 0.000000 0.000000 0.000000 0.000000 0.000000 0.000000 0.000000 0.000000 0.000000 0.000000 
0.000000 0.000000 0.000000 0.000000 0.000000 0.000000 0.000000 0.000000 0.000000 0.000000 0.000000 0.000000 0.000000 0.000000 0.000000 0.000000 0.000000 0.000000 0.000000 0.000000 0.000000 0.000000 0.000000 0.000001 0.000001 0.000002 0.000003 0.000005 0.000008 0.000012 0.000018 0.000026 0.000038 0.000054 0.000074 0.000100 0.000133 0.000174 0.000222 0.000279 0.000343 0.000413 0.000489 0.000567 0.000644 0.000718 0.000784 0.000840 0.000883 0.000909 0.000918 0.000909 0.000883 0.000840 0.000784 0.000718 0.000644 0.000567 0.000489 0.000413 0.000343 0.000279 0.000222 0.000174 0.000133 0.000100 0.000074 0.000054 0.000038 0.000026 0.000018 0.000012 0.000008 0.000005 0.000003 0.000002 0.000001 0.000001 0.000000 0.000000 0.000000 0.000000 0.000000 0.000000 0.000000 0.000000 0.000000 0.000000 0.000000 0.000000 0.000000 0.000000 0.000000 0.000000 0.000000 0.000000 0.000000 0.000000 0.000000 0.000000 
0.000000 0.000000 0.000000 0.000000 0.000000 0.000000 0.000000 0.000000 0.000000 0.000000 0.000000 0.000000 0.000000 0.000000 0.000000 0.000000 0.000000 0.000000 0.000000 0.000000 0.000000 0.000000 0.000001 0.000001 0.000002 0.000004 0.000006 0.000010 0.000016 0.000024 0.000036 0.000052 0.000075 0.000105 0.000145 0.000197 0.000261 0.000341 0.000435 0.000545 0.000670 0.000808 0.000954 0.001106 0.001257 0.001400 0.001530 0.001639 0.001722 0.001773 0.001791 0.001773 0.001722 0.001639 0.001530 0.001400 0.001257 0.001106 0.000954 0.000808 0.000670 0.000545 0.000435 0.000341 0.000261 0.000197 0.000145 0.000105 0.000075 0.000052 0.000036 0.000024 0.000016 0.000010 0.000006 0.000004 0.000002 0.000001 0.000001 0.000000 0.000000 0.000000 0.000000 0.000000 0.000000 0.000000 0.000000 0.000000 0.000000 0.000000 0.000000 0.000000 0.000000 0.000000 0.000000 0.000000 0.000000 0.000000 0.000000 0.000000 
0.000000 0.000000 0.000000 0.000000 0.000000 0.000000 0.000000 0.000000 0.000000 0.000000 0.000000 0.000000 0.000000 0.000000 0.000000 0.000000 0.000000 0.000000 0.000000 0.000000 0.000001 0.000001 0.000002 0.000003 0.000005 0.000008 0.000012 0.000020 0.000030 0.000046 0.000069 0.000101 0.000144 0.000203 0.000280 0.000379 0.000503 0.000655 0.000837 0.001048 0.001287 0.001550 0.001832 0.002122 0.002411 0.002685 0.002933 0.003142 0.003300 0.003399 0.003432 0.003399 0.003300 0.003142 0.002933 0.002685 0.002411 0.002122 0.001832 0.001550 0.001287 0.001048 0.000837 0.000655 0.000503 0.000379 0.000280 0.000203 0.000144 0.000101 0.000069 0.000046 0.000030 0.000020 0.000012 0.000008 0.000005 0.000003 0.000002 0.000001 0.000001 0.000000 0.000000 0.000000 0.000000 0.000000 0.000000 0.000000 0.000000 0.000000 0.000000 0.000000 0.000000 0.000000 0.000000 0.000000 0.000000 0.000000 0.000000 0.000000 
0.000000 0.000000 0.000000 0.000000 0.000000 0.000000 0.000000 0.000000 0.000000 0.000000 0.000000 0.000000 0.000000 0.000000 0.000000 0.000000 0.000000 0.000000 0.000000 0.000001 0.000001 0.000002 0.000003 0.000005 0.000009 0.000015 0.000024 0.000037 0.000058 0.000088 0.000131 0.000191 0.000274 0.000385 0.000530 0.000717 0.000952 0.001238 0.001581 0.001979 0.002429 0.002925 0.003454 0.004000 0.004543 0.005060 0.005526 0.005918 0.006215 0.006401 0.006464 0.006401 0.006215 0.005918 0.005526 0.005060 0.004543 0.004000 0.003454 0.002925 0.002429 0.001979 0.001581 0.001238 0.000952 0.000717 0.000530 0.000385 0.000274 0.000191 0.000131 0.000088 0.000058 0.000037 0.000024 0.000015 0.000009 0.000005 0.000003 0.000002 0.000001 0.000001 0.000000 0.000000 0.000000 0.000000 0.000000 0.000000 0.000000 0.000000 0.000000 0.000000 0.000000 0.000000 0.000000 0.000000 0.000000 0.000000 0.000000 0.000000 
0.000000 0.000000 0.000000 0.000000 0.000000 0.000000 0.000000 0.000000 0.000000 0.000000 0.000000 0.000000 0.000000 0.000000 0.000000 0.000000 0.000000 0.000000 0.000001 0.000001 0.000002 0.000003 0.000006 0.000010 0.000017 0.000028 0.000045 0.000070 0.000108 0.000164 0.000244 0.000356 0.000510 0.000716 0.000987 0.001334 0.001769 0.002300 0.002934 0.003671 0.004505 0.005423 0.006401 0.007411 0.008414 0.009368 0.010229 0.010954 0.011502 0.011845 0.011961 0.011845 0.011502 0.010954 0.010229 0.009368 0.008414 0.007411 0.006401 0.005423 0.004505 0.003671 0.002934 0.002300 0.001769 0.001334 0.000987 0.000716 0.000510 0.000356 0.000244 0.000164 0.000108 0.000070 0.000045 0.000028 0.000017 0.000010 0.000006 0.000003 0.000002 0.000001 0.000001 0.000000 0.000000 0.000000 0.000000 0.000000 0.000000 0.000000 0.000000 0.000000 0.000000 0.000000 0.000000 0.000000 0.000000 0.000000 0.000000 0.000000 
0.000000 0.000000 0.000000 0.000000 0.000000 0.000000 0.000000 0.000000 0.000000 0.000000 0.000000 0.000000 0.000000 0.000000 0.000000 0.000000 0.000000 0.000001 0.000001 0.000002 0.000004 0.000006 0.000011 0.000019 0.000031 0.000051 0.000082 0.000129 0.000199 0.000301 0.000448 0.000653 0.000934 0.001310 0.001804 0.002437 0.003229 0.004197 0.005351 0.006692 0.008209 0.009877 0.011655 0.013489 0.015310 0.017043 0.018606 0.019921 0.020916 0.021537 0.021749 0.021537 0.020916 0.019921 0.018606 0.017043 0.015310 0.013489 0.011655 0.009877 0.008209 0.006692 0.005351 0.004197 0.003229 0.002437 0.001804 0.001310 0.000934 0.000653 0.000448 0.000301 0.000199 0.000129 0.000082 0.000051 0.000031 0.000019 0.000011 0.000006 0.000004 0.000002 0.000001 0.000001 0.000000 0.000000 0.000000 0.000000 0.000000 0.000000 0.000000 0.000000 0.000000 0.000000 0.000000 0.000000 0.000000 0.000000 0.000000 0.000000 
0.000000 0.000000 0.000000 0.000000 0.000000 0.000000 0.000000 0.000000 0.000000 0.000000 0.000000 0.000000 0.000000 0.000000 0.000000 0.000000 0.000001 0.000001 0.000002 0.000004 0.000007 0.000012 0.000020 0.000034 0.000057 0.000093 0.000148 0.000233 0.000359 0.000543 0.000806 0.001175 0.001679 0.002355 0.003240 0.004374 0.005792 0.007524 0.009588 0.011985 0.014696 0.017674 0.020848 0.024121 0.027372 0.030463 0.033250 0.035594 0.037369 0.038477 0.038853 0.038477 0.037369 0.035594 0.033250 0.030463 0.027372 0.024121 0.020848 0.017674 0.014696 0.011985 0.009588 0.007524 0.005792 0.004374 0.003240 0.002355 0.001679 0.001175 0.000806 0.000543 0.000359 0.000233 0.000148 0.000093 0.000057 0.000034 0.000020 0.000012 0.000007 0.000004 0.000002 0.000001 0.000001 0.000000 0.000000 0.000000 0.000000 0.000000 0.000000 0.000000 0.000000 0.000000 0.000000 0.000000 0.000000 0.000000 0.000000 0.000000 
0.000000 0.000000 0.000000 0.000000 0.000000 0.000000 0.000000 0.000000 0.000000 0.000000 0.000000 0.000000 0.000000 0.000000 0.000000 0.000001 0.000001 0.000002 0.000004 0.000007 0.000012 0.000021 0.000036 0.000061 0.000101 0.000165 0.000263 0.000413 0.000636 0.000962 0.001427 0.002077 0.002966 0.004157 0.005716 0.007710 0.010205 0.013250 0.016876 0.021086 0.025844 0.031070 0.036638 0.042377 0.048075 0.053492 0.058377 0.062484 0.065593 0.067533 0.068192 0.067533 0.065593 0.062484 0.058377 0.053492 0.048075 0.042377 0.036638 0.031070 0.025844 0.021086 0.016876 0.013250 0.010205 0.007710 0.005716 0.004157 0.002966 0.002077 0.001427 0.000962 0.000636 0.000413 0.000263 0.000165 0.000101 0.000061 0.000036 0.000021 0.000012 0.000007 0.000004 0.000002 0.000001 0.000001 0.000000 0.000000 0.000000 0.000000 0.000000 0.000000 0.000000 0.000000 0.000000 0.000000 0.000000 0.000000 0.000000 0.000000 
0.000000 0.000000 0.000000 0.000000 0.000000 0.000000 0.000000 0.000000 0.000000 0.000000 0.000000 0.000000 0.000000 0.000000 0.000000 0.000001 0.000002 0.000003 0.000006 0.000012 0.000021 0.000037 0.000063 0.000106 0.000177 0.000287 0.000459 0.000719 0.001107 0.001672 0.002479 0.003605 0.005146 0.007207 0.009903 0.013352 0.017662 0.022920 0.029179 0.036442 0.044646 0.053655 0.063250 0.073136 0.082949 0.092277 0.100686 0.107754 0.113106 0.116443 0.117578 0.116443 0.113106 0.107754 0.100686 0.092277 0.082949 0.073136 0.063250 0.053655 0.044646 0.036442 0.029179 0.022920 0.017662 0.013352 0.009903 0.007207 0.005146 0.003605 0.002479 0.001672 0.001107 0.000719 0.000459 0.000287 0.000177 0.000106 0.000063 0.000037 0.000021 0.000012 0.000006 0.000003 0.000002 0.000001 0.000000 0.000000 0.000000 0.000000 0.000000 0.000000 0.000000 0.000000 0.000000 0.000000 0.000000 0.000000 0.000000 0.000000 
0.000000 0.000000 0.000000 0.000000 0.000000 0.000000 0.000000 0.000000 0.000000 0.000000 0.000000 0.000000 0.000000 0.000000 0.000001 0.000002 0.000003 0.000006 0.000011 0.000020 0.000036 0.000063 0.000108 0.000183 0.000303 0.000492 0.000786 0.001231 0.001892 0.002856 0.004230 0.006148 0.008768 0.012272 0.016854 0.022710 0.030024 0.038943 0.049555 0.061863 0.075761 0.091015 0.107258 0.123987 0.140589 0.156367 0.170588 0.182539 0.191587 0.197230 0.199148 0.197230 0.191587 0.182539 0.170588 0.156367 0.140589 0.123987 0.107258 0.091015 0.075761 0.061863 0.049555 0.038943 0.030024 0.022710 0.016854 0.012272 0.008768 0.006148 0.004230 0.002856 0.001892 0.001231 0.000786 0.000492 0.000303 0.000183 0.000108 0.000063 0.000036 0.000020 0.000011 0.000006 0.000003 0.000002 0.000001 0.000000 0.000000 0.000000 0.000000 0.000000 0.000000 0.000000 0.000000 0.000000 0.000000 0.000000 0.000000 0.000000 
0.000000 0.000000 0.000000 0.000000 0.000000 0.000000 0.000000 0.000000 0.000000 0.000000 0.000000 0.000000 0.000000 0.000001 0.000001 0.000003 0.000005 0.000010 0.000019 0.000034 0.000061 0.000106 0.000183 0.000308 0.000510 0.000828 0.001320 0.002067 0.003176 0.004789 0.007087 0.010294 0.014673 0.020524 0.028169 0.037936 0.050127 0.064987 0.082660 0.103147 0.126272 0.151645 0.178653 0.206463 0.234054 0.260269 0.283893 0.303745 0.318771 0.328142 0.331327 0.328142 0.318771 0.303745 0.283893 0.260269 0.234054 0.206463 0.178653 0.151645 0.126272 0.103147 0.082660 0.064987 0.050127 0.037936 0.028169 0.020524 0.014673 0.010294 0.007087 0.004789 0.003176 0.002067 0.001320 0.000828 0.000510 0.000308 0.000183 0.000106 0.000061 0.000034 0.000019 0.000010 0.000005 0.000003 0.000001 0.000001 0.000000 0.000000 0.000000 0.000000 0.000000 0.000000 0.000000 0.000000 0.000000 0.000000 0.000000 0.000000 
0.000000 0.000000 0.000000 0.000000 0.000000 0.000000 0.000000 0.000000 0.000000 0.000000 0.000000 0.000000 0.000001 0.000001 0.000002 0.000005 0.000009 0.000017 0.000031 0.000057 0.000101 0.000177 0.000303 0.000510 0.000843 0.001368 0.002179 0.003408 0.005233 0.007885 0.011662 0.016928 0.024113 0.033707 0.046237 0.062235 0.082194 0.106510 0.135415 0.168911 0.206705 0.248158 0.292269 0.337677 0.382716 0.425500 0.464050 0.496438 0.520952 0.536239 0.541434 0.536239 0.520952 0.496438 0.464050 0.425500 0.382716 0.337677 0.292269 0.248158 0.206705 0.168911 0.135415 0.106510 0.082194 0.062235 0.046237 0.033707 0.024113 0.016928 0.011662 0.007885 0.005233 0.003408 0.002179 0.001368 0.000843 0.000510 0.000303 0.000177 0.000101 0.000057 0.000031 0.000017 0.000009 0.000005 0.000002 0.000001 0.000001 0.000000 0.000000 0.000000 0.000000 0.000000 0.000000 0.000000 0.000000 0.000000 0.000000 0.000000 
0.000000 0.000000 0.000000 0.000000 0.000000 0.000000 0.000000 0.000000 0.000000 0.000000 0.000000 0.000000 0.000001 0.000002 0.000004 0.000008 0.000015 0.000028 0.000051 0.000093 0.000165 0.000287 0.000492 0.000828 0.001368 0.002218 0.003531 0.005519 0.008466 0.012749 0.018842 0.027332 0.038910 0.054360 0.074527 0.100262 0.132352 0.171430 0.217863 0.271649 0.332313 0.398830 0.469589 0.542410 0.614623 0.683207 0.744992 0.796895 0.836174 0.860668 0.868991 0.860668 0.836174 0.796895 0.744992 0.683207 0.614623 0.542410 0.469589 0.398830 0.332313 0.271649 0.217863 0.171430 0.132352 0.100262 0.074527 0.054360 0.038910 0.027332 0.018842 0.012749 0.008466 0.005519 0.003531 0.002218 0.001368 0.000828 0.000492 0.000287 0.000165 0.000093 0.000051 0.000028 0.000015 0.000008 0.000004 0.000002 0.000001 0.000000 0.000000 0.000000 0.000000 0.000000 0.000000 0.000000 0.000000 0.000000 0.000000 0.000000 
0.000000 0.000000 0.000000 0.000000 0.000000 0.000000 0.000000 0.000000 0.000000 0.000000 0.000000 0.000001 0.000002 0.000003 0.000006 0.000012 0.000024 0.000045 0.000082 0.000148 0.000263 0.000459 0.000786 0.001320 0.002179 0.003531 0.005617 0.008773 0.013449 0.020238 0.029891 0.043333 0.061652 0.086084 0.117958 0.158611 0.209280 0.270954 0.344206 0.429025 0.524656 0.629480 0.740958 0.855655 0.969367 1.077345 1.174603 1.256295 1.318112 1.356657 1.369755 1.356657 1.318112 1.256295 1.174603 1.077345 0.969367 0.855655 0.740958 0.629480 0.524656 0.429025 0.344206 0.270954 0.209280 0.158611 0.117958 0.086084 0.061652 0.043333 0.029891 0.020238 0.013449 0.008773 0.005617 0.003531 0.002179 0.001320 0.000786 0.000459 0.000263 0.000148 0.000082 0.000045 0.000024 0.000012 0.000006 0.000003 0.000002 0.000001 0.000000 0.000000 0.000000 0.000000 0.000000 0.000000 0.000000 0.000000 0.000000 0.000000 
0.000000 0.000000 0.000000 0.000000 0.000000 0.000000 0.000000 0.000000 0.000000 0.000000 0.000001 0.000001 0.000003 0.000005 0.000010 0.000020 0.000037 0.000070 0.000129 0.000233 0.000413 0.000719 0.001231 0.002067 0.003408 0.005519 0.008773 0.013691 0.020974 0.031540 0.046556 0.067451 0.095913 0.133851 0.183316 0.246378 0.324940 0.420523 0.534005 0.665359 0.813406 0.975635 1.148113 1.325529 1.501383 1.668338 1.818694 1.944972 2.040518 2.100090 2.120332 2.100090 2.040518 1.944972 1.818694 1.668338 1.501383 1.325529 1.148113 0.975635 0.813406 0.665359 0.534005 0.420523 0.324940 0.246378 0.183316 0.133851 0.095913 0.067451 0.046556 0.031540 0.020974 0.013691 0.008773 0.005519 0.003408 0.002067 0.001231 0.000719 0.000413 0.000233 0.000129 0.000070 0.000037 0.000020 0.000010 0.000005 0.000003 0.000001 0.000001 0.000000 0.000000 0.000000 0.000000 0.000000 0.000000 0.000000 0.000000 0.000000 
0.000000 0.000000 0.000000 0.000000 0.000000 0.000000 0.000000 0.000000 0.000000 0.000000 0.000001 0.000002 0.000004 0.000008 0.000016 0.000030 0.000058 0.000108 0.000199 0.000359 0.000636 0.001107 0.001892 0.003176 0.005233 0.008466 0.013449 0.020974 0.032110 0.048257 0.071189 0.103080 0.146496 0.204337 0.279716 0.375767 0.495376 0.640838 0.813474 1.013226 1.238291 1.484843 1.746902 2.016399 2.283468 2.536977 2.765249 2.956941 3.101969 3.192387 3.223110 3.192387 3.101969 2.956941 2.765249 2.536977 2.283468 2.016399 1.746902 1.484843 1.238291 1.013226 0.813474 0.640838 0.495376 0.375767 0.279716 0.204337 0.146496 0.103080 0.071189 0.048257 0.032110 0.020974 0.013449 0.008466 0.005233 0.003176 0.001892 0.001107 0.000636 0.000359 0.000199 0.000108 0.000058 0.000030 0.000016 0.000008 0.000004 0.000002 0.000001 0.000000 0.000000 0.000000 0.000000 0.000000 0.000000 0.000000 0.000000 0.000000 
0.000000 0.000000 0.000000 0.000000 0.000000 0.000000 0.000000 0.000000 0.000000 0.000001 0.000001 0.000003 0.000006 0.000012 0.000024 0.000046 0.000088 0.000164 0.000301 0.000543 0.000962 0.001672 0.002856 0.004789 0.007885 0.012749 0.020238 0.031540 0.048257 0.072480 0.106862 0.154649 0.219671 0.306253 0.419033 0.562680 0.741480 0.958843 1.216716 1.514993 1.850964 2.218906 2.609890 3.011880 3.410171 3.788173 4.128497 4.414252 4.630428 4.765195 4.810986 4.765195 4.630428 4.414252 4.128497 3.788173 3.410171 3.011880 2.609890 2.218906 1.850964 1.514993 1.216716 0.958843 0.741480 0.562680 0.419033 0.306253 0.219671 0.154649 0.106862 0.072480 0.048257 0.031540 0.020238 0.012749 0.007885 0.004789 0.002856 0.001672 0.000962 0.000543 0.000301 0.000164 0.000088 0.000046 0.000024 0.000012 0.000006 0.000003 0.000001 0.000001 0.000000 0.000000 0.000000 0.000000 0.000000 0.000000 0.000000 0.000000 
0.000000 0.000000 0.000000 0.000000 0.000000 0.000000 0.000000 0.000000 0.000000 0.000001 0.000002 0.000004 0.000009 0.000018 0.000036 0.000069 0.000131 0.000244 0.000448 0.000806 0.001427 0.002479 0.004230 0.007087 0.011662 0.018842 0.029891 0.046556 0.071189 0.106862 0.157466 0.227764 0.323367 0.450608 0.616276 0.827192 1.089621 1.408527 1.786737 2.224063 2.716509 3.255671 3.828457 4.417239 5.000494 5.553948 6.052168 6.470456 6.786867 6.984113 7.051131 6.984113 6.786867 6.470456 6.052168 5.553948 5.000494 4.417239 3.828457 3.255671 2.716509 2.224063 1.786737 1.408527 1.089621 0.827192 0.616276 0.450608 0.323367 0.227764 0.157466 0.106862 0.071189 0.046556 0.029891 0.018842 0.011662 0.007087 0.004230 0.002479 0.001427 0.000806 0.000448 0.000244 0.000131 0.000069 0.000036 0.000018 0.000009 0.000004 0.000002 0.000001 0.000000 0.000000 0.000000 0.000000 0.000000 0.000000 0.000000 0.000000 
0.000000 0.000000 0.000000 0.000000 0.000000 0.000000 0.000000 0.000000 0.000001 0.000001 0.000003 0.000006 0.000013 0.000026 0.000052 0.000101 0.000191 0.000356 0.000653 0.001175 0.002077 0.003605 0.006148 0.010294 0.016928 0.027332 0.043333 0.067451 0.103080 0.154649 0.227764 0.329281 0.467275 0.650851 0.889764 1.193806 1.571958 2.031329 2.575942 3.205488 3.914180 4.689903 5.513812 6.360556 7.199198 7.994869 8.711040 9.312251 9.766997 10.050464 10.146774 10.050464 9.766997 9.312251 8.711040 7.994869 7.199198 6.360556 5.513812 4.689903 3.914180 3.205488 2.575942 2.031329 1.571958 1.193806 0.889764 0.650851 0.467275 0.329281 0.227764 0.154649 0.103080 0.067451 0.043333 0.027332 0.016928 0.010294 0.006148 0.003605 0.002077 0.001175 0.000653 0.000356 0.000191 0.000101 0.000052 0.000026 0.000013 0.000006 0.000003 0.000001 0.000001 0.000000 0.000000 0.000000 0.000000 0.000000 0.000000 0.000000 
0.000000 0.000000 0.000000 0.000000 0.000000 0.000000 0.000000 0.000000 0.000001 0.000002 0.000005 0.000009 0.000019 0.000038 0.000075 0.000144 0.000274 0.000510 0.000934 0.001679 0.002966 0.005146 0.008768 0.014673 0.024113 0.038910 0.061652 0.095913 0.146496 0.219671 0.323367 0.467275 0.662802 0.922801 1.261034 1.691305 2.226259 2.875889 3.645821 4.535564 5.536897 6.632672 7.796258 8.991859 10.175818 11.298946 12.309733 13.158185 13.799892 14.199883 14.335779 14.199883 13.799892 13.158185 12.309733 11.298946 10.175818 8.991859 7.796258 6.632672 5.536897 4.535564 3.645821 2.875889 2.226259 1.691305 1.261034 0.922801 0.662802 0.467275 0.323367 0.219671 0.146496 0.095913 0.061652 0.038910 0.024113 0.014673 0.008768 0.005146 0.002966 0.001679 0.000934 0.000510 0.000274 0.000144 0.000075 0.000038 0.000019 0.000009 0.000005 0.000002 0.000001 0.000000 0.000000 0.000000 0.000000 0.000000 0.000000 0.000000 
0.000000 0.000000 0.000000 0.000000 0.000000 0.000000 0.000000 0.000001 0.000001 0.000003 0.000006 0.000013 0.000027 0.000054 0.000105 0.000203 0.000385 0.000716 0.001310 0.002355 0.004157 0.007207 0.012272 0.020524 0.033707 0.054360 0.086084 0.133851 0.204337 0.306253 0.450608 0.650851 0.922801 1.284274 1.754331 2.352076 3.094994 3.996876 5.065456 6.299975 7.688974 9.208625 10.821983 12.479424 14.120459 15.676962 17.077614 18.253207 19.142280 19.696432 19.884701 19.696432 19.142280 18.253207 17.077614 15.676962 14.120459 12.479424 10.821983 9.208625 7.688974 6.299975 5.065456 3.996876 3.094994 2.352076 1.754331 1.284274 0.922801 0.650851 0.450608 0.306253 0.204337 0.133851 0.086084 0.054360 0.033707 0.020524 0.012272 0.007207 0.004157 0.002355 0.001310 0.000716 0.000385 0.000203 0.000105 0.000054 0.000027 0.000013 0.000006 0.000003 0.000001 0.000001 0.000000 0.000000 0.000000 0.000000 0.000000 0.000000 
0.000000 0.000000 0.000000 0.000000 0.000000 0.000000 0.000000 0.000001 0.000002 0.000004 0.000009 0.000018 0.000037 0.000074 0.000145 0.000280 0.000530 0.000987 0.001804 0.003240 0.005716 0.009903 0.016854 0.028169 0.046237 0.074527 0.117958 0.183316 0.279716 0.419033 0.616276 0.889764 1.261034 1.754331 2.395574 3.210724 4.223517 5.452646 6.908545 8.590092 10.481601 12.550579 14.746706 17.002443 19.235511 21.353272 23.258775 24.857959 26.067303 26.821046 27.077118 26.821046 26.067303 24.857959 23.258775 21.353272 19.235511 17.002443 14.746706 12.550579 10.481601 8.590092 6.908545 5.452646 4.223517 3.210724 2.395574 1.754331 1.261034 0.889764 0.616276 0.419033 0.279716 0.183316 0.117958 0.074527 0.046237 0.028169 0.016854 0.009903 0.005716 0.003240 0.001804 0.000987 0.000530 0.000280 0.000145 0.000074 0.000037 0.000018 0.000009 0.000004 0.000002 0.000001 0.000000 0.000000 0.000000 0.000000 0.000000 0.000000 
0.000000 0.000000 0.000000 0.000000 0.000000 0.000000 0.000001 0.000001 0.000003 0.000006 0.000012 0.000025 0.000050 0.000100 0.000197 0.000379 0.000717 0.001334 0.002437 0.004374 0.007710 0.013352 0.022710 0.037936 0.062235 0.100262 0.158611 0.246378 0.375767 0.562680 0.827192 1.193806 1.691305 2.352076 3.210724 4.301882 5.657191 7.301526 9.248717 11.497148 14.025753 16.791033 19.725711 22.739549 25.722671 28.551406 31.096362 33.232028 34.846974 35.853472 36.195407 35.853472 34.846974 33.232028 31.096362 28.551406 25.722671 22.739549 19.725711 16.791033 14.025753 11.497148 9.248717 7.301526 5.657191 4.301882 3.210724 2.352076 1.691305 1.193806 0.827192 0.562680 0.375767 0.246378 0.158611 0.100262 0.062235 0.037936 0.022710 0.013352 0.007710 0.004374 0.002437 0.001334 0.000717 0.000379 0.000197 0.000100 0.000050 0.000025 0.000012 0.000006 0.000003 0.000001 0.000001 0.000000 0.000000 0.000000 0.000000 0.000000 
0.000000 0.000000 0.000000 0.000000 0.000000 0.000000 0.000001 0.000002 0.000004 0.000008 0.000016 0.000033 0.000067 0.000133 0.000261 0.000503 0.000952 0.001769 0.003229 0.005792 0.010205 0.017662 0.030024 0.050127 0.082194 0.132352 0.209280 0.324940 0.495376 0.741480 1.089621 1.571958 2.226259 3.094994 4.223517 5.657191 7.437421 9.596714 12.153073 15.104231 18.422429 22.050509 25.900174 29.853071 33.765154 37.474344 40.811105 43.611020 45.728134 47.047552 47.495787 47.047552 45.728134 43.611020 40.811105 37.474344 33.765154 29.853071 25.900174 22.050509 18.422429 15.104231 12.153073 9.596714 7.437421 5.657191 4.223517 3.094994 2.226259 1.571958 1.089621 0.741480 0.495376 0.324940 0.209280 0.132352 0.082194 0.050127 0.030024 0.017662 0.010205 0.005792 0.003229 0.001769 0.000952 0.000503 0.000261 0.000133 0.000067 0.000033 0.000016 0.000008 0.000004 0.000002 0.000001 0.000000 0.000000 0.000000 0.000000 0.000000 
0.000000 0.000000 0.000000 0.000000 0.000000 0.000000 0.000001 0.000002 0.000005 0.000010 0.000021 0.000043 0.000087 0.000174 0.000341 0.000655 0.001238 0.002300 0.004197 0.007524 0.013250 0.022920 0.038943 0.064987 0.106510 0.171430 0.270954 0.420523 0.640838 0.958843 1.408527 2.031329 2.875889 3.996876 5.452646 7.301526 9.596714 12.379920 15.674154 19.476328 23.750541 28.423081 33.380195 38.469510 43.505641 48.280070 52.574725 56.178161 58.902699 60.600612 61.177419 60.600612 58.902699 56.178161 52.574725 48.280070 43.505641 38.469510 33.380195 28.423081 23.750541 19.476328 15.674154 12.379920 9.596714 7.301526 5.452646 3.996876 2.875889 2.031329 1.408527 0.958843 0.640838 0.420523 0.270954 0.171430 0.106510 0.064987 0.038943 0.022920 0.013250 0.007524 0.004197 0.002300 0.001238 0.000655 0.000341 0.000174 0.000087 0.000043 0.000021 0.000010 0.000005 0.000002 0.000001 0.000000 0.000000 0.000000 0.000000 0.000000 
0.000000 0.000000 0.000000 0.000000 0.000000 0.000001 0.000001 0.000003 0.000006 0.000013 0.000027 0.000055 0.000112 0.000222 0.000435 0.000837 0.001581 0.002934 0.005351 0.009588 0.016876 0.029179 0.049555 0.082660 0.135415 0.217863 0.344206 0.534005 0.813474 1.216716 1.786737 2.575942 3.645821 5.065456 6.908545 9.248717 12.153073 15.674154 19.840849 24.649053 30.053207 35.960009 42.225620 48.657471 55.021369 61.053963 66.479902 71.032239 74.474063 76.618913 77.347539 76.618913 74.474063 71.032239 66.479902 61.053963 55.021369 48.657471 42.225620 35.960009 30.053207 24.649053 19.840849 15.674154 12.153073 9.248717 6.908545 5.065456 3.645821 2.575942 1.786737 1.216716 0.813474 0.534005 0.344206 0.217863 0.135415 0.082660 0.049555 0.029179 0.016876 0.009588 0.005351 0.002934 0.001581 0.000837 0.000435 0.000222 0.000112 0.000055 0.000027 0.000013 0.000006 0.000003 0.000001 0.000001 0.000000 0.000000 0.000000 0.000000 
0.000000 0.000000 0.000000 0.000000 0.000000 0.000001 0.000002 0.000003 0.000008 0.000016 0.000034 0.000069 0.000140 0.000279 0.000545 0.001048 0.001979 0.003671 0.006692 0.011985 0.021086 0.036442 0.061863 0.103147 0.168911 0.271649 0.429025 0.665359 1.013226 1.514993 2.224063 3.205488 4.535564 6.299975 8.590092 11.497148 15.104231 19.476328 24.649053 30.617083 37.323689 44.652965 52.426388 60.405078 68.298626 75.780550 82.509552 88.154807 92.422743 95.082320 95.985791 95.082320 92.422743 88.154807 82.509552 75.780550 68.298626 60.405078 52.426388 44.652965 37.323689 30.617083 24.649053 19.476328 15.104231 11.497148 8.590092 6.299975 4.535564 3.205488 2.224063 1.514993 1.013226 0.665359 0.429025 0.271649 0.168911 0.103147 0.061863 0.036442 0.021086 0.011985 0.006692 0.003671 0.001979 0.001048 0.000545 0.000279 0.000140 0.000069 0.000034 0.000016 0.000008 0.000003 0.000002 0.000001 0.000000 0.000000 0.000000 0.000000 
0.000000 0.000000 0.000000 0.000000 0.000000 0.000001 0.000002 0.000004 0.000009 0.000020 0.000041 0.000085 0.000172 0.000343 0.000670 0.001287 0.002429 0.004505 0.008209 0.014696 0.025844 0.044646 0.075761 0.126272 0.206705 0.332313 0.524656 0.813406 1.238291 1.850964 2.716509 3.914180 5.536897 7.688974 10.481601 14.025753 18.422429 23.750541 30.053207 37.323689 45.492678 54.418864 63.884775 73.599559 83.209733 92.318000 100.509109 107.380605 112.575387 115.812441 116.912066 115.812441 112.575387 107.380605 100.509109 92.318000 83.209733 73.599559 63.884775 54.418864 45.492678 37.323689 30.053207 23.750541 18.422429 14.025753 10.481601 7.688974 5.536897 3.914180 2.716509 1.850964 1.238291 0.813406 0.524656 0.332313 0.206705 0.126272 0.075761 0.044646 0.025844 0.014696 0.008209 0.004505 0.002429 0.001287 0.000670 0.000343 0.000172 0.000085 0.000041 0.000020 0.000009 0.000004 0.000002 0.000001 0.000000 0.000000 0.000000 0.000000 
0.000000 0.000000 0.000000 0.000000 0.000000 0.000001 0.000002 0.000005 0.000011 0.000024 0.000050 0.000103 0.000208 0.000413 0.000808 0.001550 0.002925 0.005423 0.009877 0.017674 0.031070 0.053655 0.091015 0.151645 0.248158 0.398830 0.629480 0.975635 1.484843 2.218906 3.255671 4.689903 6.632672 9.208625 12.550579 16.791033 22.050509 28.423081 35.960009 44.652965 54.418864 65.088629 76.402258 88.012161 99.496027 110.379302 120.166064 128.375731 134.581920 138.449120 139.762789 138.449120 134.581920 128.375731 120.166064 110.379302 99.496027 88.012161 76.402258 65.088629 54.418864 44.652965 35.960009 28.423081 22.050509 16.791033 12.550579 9.208625 6.632672 4.689903 3.255671 2.218906 1.484843 0.975635 0.629480 0.398830 0.248158 0.151645 0.091015 0.053655 0.031070 0.017674 0.009877 0.005423 0.002925 0.001550 0.000808 0.000413 0.000208 0.000103 0.000050 0.000024 0.000011 0.000005 0.000002 0.000001 0.000000 0.000000 0.000000 0.000000 
0.000000 0.000000 0.000000 0.000000 0.000001 0.000001 0.000003 0.000006 0.000013 0.000028 0.000059 0.000122 0.000246 0.000489 0.000954 0.001832 0.003454 0.006401 0.011655 0.020848 0.036638 0.063250 0.107258 0.178653 0.292269 0.469589 0.740958 1.148113 1.746902 2.609890 3.828457 5.513812 7.796258 10.821983 14.746706 19.725711 25.900174 33.380195 42.225620 52.426388 63.884775 76.402258 89.673748 103.291549 116.760446 129.524067 141.001074 150.628172 157.905636 162.440265 163.980640 162.440265 157.905636 150.628172 141.001074 129.524067 116.760446 103.291549 89.673748 76.402258 63.884775 52.426388 42.225620 33.380195 25.900174 19.725711 14.746706 10.821983 7.796258 5.513812 3.828457 2.609890 1.746902 1.148113 0.740958 0.469589 0.292269 0.178653 0.107258 0.063250 0.036638 0.020848 0.011655 0.006401 0.003454 0.001832 0.000954 0.000489 0.000246 0.000122 0.000059 0.000028 0.000013 0.000006 0.000003 0.000001 0.000001 0.000000 0.000000 0.000000 
