0.000000 0.000000 0.000000 0.000000 0.000000 0.000000 0.000000 0.000000 0.000000 0.000000 0.000000 0.000000 0.000000 0.000000 0.000000 0.000000 0.000000 0.000000 0.000000 0.000000 0.000000 0.000000 0.000000 0.000000 0.000000 0.000000 0.000000 0.000000 0.000000 0.000000 0.000000 0.000000 0.000000 0.000000 0.000000 0.000000 0.000000 0.000000 0.000000 0.000000 0.000000 0.000000 0.000000 0.000000 0.000000 0.000000 0.000000 0.000000 0.000000 0.000000 0.000000 0.000000 0.000000 0.000000 0.000000 0.000000 0.000000 0.000000 0.000000 0.000000 0.000000 0.000000 0.000000 0.000000 0.000000 0.000000 0.000000 0.000000 0.000000 0.000000 0.000000 0.000000 0.000000 0.000000 0.000000 0.000000 0.000000 0.000000 0.000000 0.000000 0.000000 0.000000 0.000000 0.000000 0.000000 0.000000 0.000000 0.000000 0.000000 0.000000 0.000000 0.000000 0.000000 0.000000 0.000000 0.000000 0.000000 0.000000 0.000000 0.000000 
0.000000 0.000000 0.000000 0.000000 0.000000 0.000000 0.000001 0.000001 0.000001 0.000002 0.000003 0.000004 0.000005 0.000008 0.000010 0.000014 0.000019 0.000025 0.000034 0.000044 0.000058 0.000074 0.000095 0.000121 0.000152 0.000189 0.000234 0.000287 0.000349 0.000421 0.000503 0.000595 0.000699 0.000814 0.000939 0.001075 0.001219 0.001370 0.001528 0.001688 0.001849 0.002008 0.002163 0.002308 0.002442 0.002562 0.002664 0.002746 0.002807 0.002844 0.002856 0.002844 0.002807 0.002746 0.002664 0.002562 0.002442 0.002308 0.002163 0.002008 0.001849 0.001688 0.001528 0.001370 0.001219 0.001075 0.000939 0.000814 0.000699 0.000595 0.000503 0.000421 0.000349 0.000287 0.000234 0.000189 0.000152 0.000121 0.000095 0.000074 0.000058 0.000044 0.000034 0.000025 0.000019 0.000014 0.000010 0.000008 0.000005 0.000004 0.000003 0.000002 0.000001 0.000001 0.000001 0.000000 0.000000 0.000000 0.000000 0.000000 
0.000000 0.000000 0.000000 0.000000 0.000001 0.000001 0.000001 0.000002 0.000003 0.000004 0.000006 0.000008 0.000012 0.000016 0.000022 0.000030 0.000041 0.000055 0.000073 0.000095 0.000124 0.000160 0.000205 0.000260 0.000328 0.000409 0.000505 0.000619 0.000753 0.000907 0.001084 0.001283 0.001507 0.001754 0.002024 0.002316 0.002626 0.002953 0.003292 0.003637 0.003985 0.004328 0.004659 0.004973 0.005262 0.005520 0.005740 0.005917 0.006047 0.006127 0.006153 0.006127 0.006047 0.005917 0.005740 0.005520 0.005262 0.004973 0.004659 0.004328 0.003985 0.003637 0.003292 0.002953 0.002626 0.002316 0.002024 0.001754 0.001507 0.001283 0.001084 0.000907 0.000753 0.000619 0.000505 0.000409 0.000328 0.000260 0.000205 0.000160 0.000124 0.000095 0.000073 0.000055 0.000041 0.000030 0.000022 0.000016 0.000012 0.000008 0.000006 0.000004 0.000003 0.000002 0.000001 0.000001 0.000001 0.000000 0.000000 0.000000 
0.000000 0.000000 0.000000 0.000001 0.000001 0.000002 0.000002 0.000003 0.000005 0.000007 0.000010 0.000014 0.000020 0.000028 0.000038 0.000052 0.000069 0.000093 0.000123 0.000161 0.000210 0.000271 0.000347 0.000440 0.000553 0.000690 0.000853 0.001046 0.001271 0.001532 0.001830 0.002167 0.002544 0.002961 0.003417 0.003909 0.004434 0.004985 0.005556 0.006140 0.006726 0.007304 0.007864 0.008393 0.008881 0.009316 0.009687 0.009986 0.010206 0.010339 0.010384 0.010339 0.010206 0.009986 0.009687 0.009316 0.008881 0.008393 0.007864 0.007304 0.006726 0.006140 0.005556 0.004985 0.004434 0.003909 0.003417 0.002961 0.002544 0.002167 0.001830 0.001532 0.001271 0.001046 0.000853 0.000690 0.000553 0.000440 0.000347 0.000271 0.000210 0.000161 0.000123 0.000093 0.000069 0.000052 0.000038 0.000028 0.000020 0.000014 0.000010 0.000007 0.000005 0.000003 0.000002 0.000002 0.000001 0.000001 0.000000 0.000000 
0.000000 0.000000 0.000001 0.000001 0.000002 0.000003 0.000004 0.000005 0.000008 0.000011 0.000016 0.000022 0.000031 0.000043 0.000059 0.000080 0.000108 0.000145 0.000191 0.000251 0.000327 0.000422 0.000540 0.000685 0.000862 0.001075 0.001329 0.001629 0.001979 0.002385 0.002848 0.003373 0.003960 0.004609 0.005318 0.006083 0.006898 0.007755 0.008644 0.009551 0.010462 0.011362 0.012232 0.013055 0.013813 0.014489 0.015066 0.015531 0.015872 0.016080 0.016150 0.016080 0.015872 0.015531 0.015066 0.014489 0.013813 0.013055 0.012232 0.011362 0.010462 0.009551 0.008644 0.007755 0.006898 0.006083 0.005318 0.004609 0.003960 0.003373 0.002848 0.002385 0.001979 0.001629 0.001329 0.001075 0.000862 0.000685 0.000540 0.000422 0.000327 0.000251 0.000191 0.000145 0.000108 0.000080 0.000059 0.000043 0.000031 0.000022 0.000016 0.000011 0.000008 0.000005 0.000004 0.000002 0.000002 0.000001 0.000000 0.000000 
0.000000 0.000000 0.000001 0.000002 0.000003 0.000004 0.000006 0.000008 0.000012 0.000017 0.000024 0.000034 0.000047 0.000065 0.000089 0.000121 0.000163 0.000217 0.000288 0.000378 0.000492 0.000634 0.000812 0.001030 0.001295 0.001614 0.001996 0.002446 0.002972 0.003580 0.004276 0.005063 0.005943 0.006916 0.007980 0.009127 0.010350 0.011636 0.012968 0.014328 0.015695 0.017043 0.018348 0.019581 0.020718 0.021730 0.022596 0.023293 0.023804 0.024116 0.024221 0.024116 0.023804 0.023293 0.022596 0.021730 0.020718 0.019581 0.018348 0.017043 0.015695 0.014328 0.012968 0.011636 0.010350 0.009127 0.007980 0.006916 0.005943 0.005063 0.004276 0.003580 0.002972 0.002446 0.001996 0.001614 0.001295 0.001030 0.000812 0.000634 0.000492 0.000378 0.000288 0.000217 0.000163 0.000121 0.000089 0.000065 0.000047 0.000034 0.000024 0.000017 0.000012 0.000008 0.000006 0.000004 0.000002 0.000001 0.000001 0.000000 
0.000000 0.000001 0.000001 0.000002 0.000004 0.000006 0.000008 0.000012 0.000017 0.000025 0.000035 0.000050 0.000069 0.000096 0.000131 0.000178 0.000240 0.000320 0.000424 0.000557 0.000725 0.000935 0.001196 0.001517 0.001907 0.002378 0.002939 0.003601 0.004375 0.005270 0.006293 0.007451 0.008746 0.010177 0.011741 0.013428 0.015226 0.017116 0.019075 0.021074 0.023083 0.025065 0.026982 0.028795 0.030465 0.031954 0.033226 0.034250 0.035001 0.035459 0.035613 0.035459 0.035001 0.034250 0.033226 0.031954 0.030465 0.028795 0.026982 0.025065 0.023083 0.021074 0.019075 0.017116 0.015226 0.013428 0.011741 0.010177 0.008746 0.007451 0.006293 0.005270 0.004375 0.003601 0.002939 0.002378 0.001907 0.001517 0.001196 0.000935 0.000725 0.000557 0.000424 0.000320 0.000240 0.000178 0.000131 0.000096 0.000069 0.000050 0.000035 0.000025 0.000017 0.000012 0.000008 0.000006 0.000004 0.000002 0.000001 0.000000 
0.000000 0.000001 0.000002 0.000003 0.000005 0.000008 0.000012 0.000018 0.000025 0.000036 0.000052 0.000073 0.000101 0.000140 0.000191 0.000259 0.000349 0.000466 0.000617 0.000810 0.001054 0.001360 0.001739 0.002205 0.002772 0.003456 0.004271 0.005233 0.006357 0.007656 0.009142 0.010823 0.012702 0.014779 0.017049 0.019498 0.022107 0.024849 0.027691 0.030592 0.033505 0.036380 0.039162 0.041792 0.044214 0.046373 0.048217 0.049703 0.050792 0.051457 0.051680 0.051457 0.050792 0.049703 0.048217 0.046373 0.044214 0.041792 0.039162 0.036380 0.033505 0.030592 0.027691 0.024849 0.022107 0.019498 0.017049 0.014779 0.012702 0.010823 0.009142 0.007656 0.006357 0.005233 0.004271 0.003456 0.002772 0.002205 0.001739 0.001360 0.001054 0.000810 0.000617 0.000466 0.000349 0.000259 0.000191 0.000140 0.000101 0.000073 0.000052 0.000036 0.000025 0.000018 0.000012 0.000008 0.000005 0.000003 0.000001 0.000000 
0.000000 0.000001 0.000003 0.000005 0.000008 0.000012 0.000017 0.000025 0.000037 0.000053 0.000074 0.000105 0.000146 0.000201 0.000275 0.000374 0.000503 0.000672 0.000889 0.001166 0.001517 0.001957 0.002502 0.003173 0.003988 0.004971 0.006143 0.007526 0.009141 0.011008 0.013143 0.015557 0.018257 0.021241 0.024501 0.028018 0.031765 0.035703 0.039783 0.043948 0.048132 0.052259 0.056252 0.060027 0.063504 0.066603 0.069251 0.071383 0.072946 0.073900 0.074221 0.073900 0.072946 0.071383 0.069251 0.066603 0.063504 0.060027 0.056252 0.052259 0.048132 0.043948 0.039783 0.035703 0.031765 0.028018 0.024501 0.021241 0.018257 0.015557 0.013143 0.011008 0.009141 0.007526 0.006143 0.004971 0.003988 0.003173 0.002502 0.001957 0.001517 0.001166 0.000889 0.000672 0.000503 0.000374 0.000275 0.000201 0.000146 0.000105 0.000074 0.000053 0.000037 0.000025 0.000017 0.000012 0.000007 0.000004 0.000002 0.000000 
0.000000 0.000002 0.000004 0.000007 0.000011 0.000017 0.000025 0.000036 0.000053 0.000075 0.000106 0.000149 0.000208 0.000287 0.000393 0.000534 0.000718 0.000958 0.001268 0.001663 0.002164 0.002790 0.003568 0.004523 0.005685 0.007085 0.008754 0.010723 0.013024 0.015682 0.018721 0.022158 0.026001 0.030248 0.034887 0.039892 0.045223 0.050826 0.056631 0.062557 0.068508 0.074379 0.080058 0.085428 0.090373 0.094781 0.098546 0.101579 0.103801 0.105158 0.105615 0.105158 0.103801 0.101579 0.098546 0.094781 0.090373 0.085428 0.080058 0.074379 0.068508 0.062557 0.056631 0.050826 0.045223 0.039892 0.034887 0.030248 0.026001 0.022158 0.018721 0.015682 0.013024 0.010723 0.008754 0.007085 0.005685 0.004523 0.003568 0.002790 0.002164 0.001663 0.001268 0.000958 0.000718 0.000534 0.000393 0.000287 0.000208 0.000149 0.000106 0.000075 0.000052 0.000036 0.000025 0.000017 0.000011 0.000006 0.000003 0.000000 
0.000000 0.000003 0.000006 0.000010 0.000016 0.000024 0.000035 0.000052 0.000074 0.000106 0.000151 0.000212 0.000294 0.000406 0.000556 0.000755 0.001016 0.001356 0.001793 0.002352 0.003059 0.003944 0.005043 0.006392 0.008033 0.010010 0.012366 0.015147 0.018394 0.022146 0.026435 0.031285 0.036707 0.042699 0.049244 0.056304 0.063823 0.071725 0.079913 0.088270 0.096661 0.104940 0.112948 0.120520 0.127492 0.133707 0.139016 0.143291 0.146425 0.148338 0.148981 0.148338 0.146425 0.143291 0.139016 0.133707 0.127492 0.120520 0.112948 0.104940 0.096661 0.088270 0.079913 0.071725 0.063823 0.056304 0.049244 0.042699 0.036707 0.031285 0.026435 0.022146 0.018394 0.015147 0.012366 0.010010 0.008033 0.006392 0.005043 0.003944 0.003059 0.002352 0.001793 0.001356 0.001016 0.000755 0.000556 0.000406 0.000294 0.000211 0.000151 0.000106 0.000074 0.000051 0.000035 0.000023 0.000015 0.000009 0.000004 0.000000 
0.000000 0.000004 0.000008 0.000014 0.000022 0.000034 0.000050 0.000073 0.000105 0.000149 0.000212 0.000297 0.000413 0.000570 0.000781 0.001059 0.001425 0.001901 0.002514 0.003297 0.004288 0.005528 0.007066 0.008956 0.011254 0.014021 0.017320 0.021212 0.025756 0.031007 0.037009 0.043794 0.051380 0.059763 0.068917 0.078792 0.089308 0.100359 0.111808 0.123493 0.135227 0.146802 0.157998 0.168584 0.178331 0.187018 0.194440 0.200416 0.204796 0.207471 0.208370 0.207471 0.204796 0.200416 0.194440 0.187018 0.178331 0.168584 0.157998 0.146802 0.135227 0.123493 0.111808 0.100359 0.089308 0.078792 0.068917 0.059763 0.051380 0.043794 0.037009 0.031007 0.025756 0.021212 0.017320 0.014021 0.011254 0.008956 0.007066 0.005528 0.004288 0.003297 0.002514 0.001901 0.001425 0.001059 0.000781 0.000570 0.000413 0.000297 0.000211 0.000149 0.000104 0.000072 0.000049 0.000033 0.000021 0.000013 0.000006 0.000000 
0.000000 0.000005 0.000012 0.000020 0.000031 0.000047 0.000069 0.000101 0.000146 0.000208 0.000294 0.000413 0.000575 0.000794 0.001086 0.001473 0.001982 0.002643 0.003495 0.004583 0.005959 0.007682 0.009818 0.012442 0.015633 0.019475 0.024053 0.029455 0.035762 0.043048 0.051376 0.060790 0.071313 0.082941 0.095638 0.109333 0.123917 0.139242 0.155118 0.171320 0.187588 0.203636 0.219157 0.233832 0.247344 0.259387 0.269675 0.277958 0.284030 0.287737 0.288984 0.287737 0.284030 0.277958 0.269675 0.259387 0.247344 0.233832 0.219157 0.203636 0.187588 0.171320 0.155118 0.139242 0.123917 0.109333 0.095638 0.082941 0.071313 0.060790 0.051376 0.043048 0.035762 0.029455 0.024053 0.019475 0.015633 0.012442 0.009818 0.007682 0.005959 0.004583 0.003495 0.002643 0.001982 0.001473 0.001086 0.000794 0.000575 0.000413 0.000294 0.000208 0.000145 0.000101 0.000069 0.000046 0.000030 0.000018 0.000008 0.000000 
0.000000 0.000008 0.000016 0.000028 0.000043 0.000065 0.000096 0.000140 0.000201 0.000287 0.000406 0.000570 0.000794 0.001095 0.001498 0.002032 0.002733 0.003644 0.004819 0.006318 0.008213 0.010585 0.013527 0.017140 0.021533 0.026822 0.033124 0.040559 0.049238 0.059264 0.070721 0.083672 0.098148 0.114142 0.131606 0.150441 0.170497 0.191569 0.213399 0.235676 0.258043 0.280106 0.301443 0.321617 0.340192 0.356746 0.370887 0.382273 0.390620 0.395715 0.397428 0.395715 0.390620 0.382273 0.370887 0.356746 0.340192 0.321617 0.301443 0.280106 0.258043 0.235676 0.213399 0.191569 0.170497 0.150441 0.131606 0.114142 0.098148 0.083672 0.070721 0.059264 0.049238 0.040559 0.033124 0.026822 0.021533 0.017140 0.013527 0.010585 0.008212 0.006318 0.004819 0.003644 0.002733 0.002032 0.001498 0.001095 0.000794 0.000570 0.000406 0.000287 0.000201 0.000139 0.000095 0.000064 0.000041 0.000024 0.000011 0.000000 
0.000000 0.000010 0.000022 0.000038 0.000059 0.000089 0.000131 0.000191 0.000275 0.000393 0.000556 0.000781 0.001086 0.001498 0.002049 0.002779 0.003736 0.004982 0.006587 0.008634 0.011223 0.014463 0.018481 0.023414 0.029411 0.036630 0.045232 0.055378 0.067222 0.080902 0.096534 0.114202 0.133948 0.155764 0.179582 0.205269 0.232620 0.261354 0.291120 0.321493 0.351988 0.382067 0.411155 0.438657 0.463977 0.486542 0.505819 0.521339 0.532716 0.539661 0.541996 0.539661 0.532716 0.521339 0.505819 0.486542 0.463977 0.438657 0.411155 0.382067 0.351988 0.321493 0.291120 0.261354 0.232620 0.205269 0.179582 0.155764 0.133948 0.114202 0.096534 0.080902 0.067222 0.055378 0.045232 0.036630 0.029411 0.023414 0.018481 0.014463 0.011223 0.008634 0.006587 0.004982 0.003736 0.002779 0.002049 0.001498 0.001086 0.000780 0.000556 0.000393 0.000275 0.000190 0.000130 0.000087 0.000056 0.000033 0.000016 0.000000 
0.000000 0.000014 0.000030 0.000052 0.000080 0.000121 0.000178 0.000259 0.000374 0.000534 0.000755 0.001059 0.001473 0.002032 0.002779 0.003768 0.005066 0.006754 0.008928 0.011701 0.015207 0.019595 0.025035 0.031714 0.039833 0.049605 0.061247 0.074978 0.091004 0.109514 0.130662 0.154563 0.181274 0.210781 0.242994 0.277733 0.314718 0.353573 0.393820 0.434886 0.476115 0.516779 0.556102 0.593280 0.627508 0.658009 0.684066 0.705044 0.720422 0.729810 0.732966 0.729810 0.720422 0.705044 0.684066 0.658009 0.627508 0.593280 0.556102 0.516779 0.476115 0.434886 0.393820 0.353573 0.314718 0.277733 0.242994 0.210781 0.181274 0.154563 0.130662 0.109514 0.091004 0.074978 0.061247 0.049605 0.039833 0.031714 0.025035 0.019595 0.015207 0.011701 0.008928 0.006754 0.005066 0.003768 0.002779 0.002032 0.001473 0.001059 0.000755 0.000533 0.000373 0.000258 0.000177 0.000118 0.000076 0.000045 0.000021 0.000000 
0.000000 0.000019 0.000041 0.000069 0.000108 0.000163 0.000240 0.000349 0.000503 0.000718 0.001016 0.001425 0.001982 0.002733 0.003736 0.005066 0.006810 0.009078 0.011998 0.015724 0.020432 0.026325 0.033629 0.042596 0.053494 0.066610 0.082235 0.100661 0.122166 0.146999 0.175372 0.207434 0.243261 0.282838 0.326040 0.372626 0.422222 0.474321 0.528284 0.583343 0.638618 0.693134 0.745849 0.795686 0.841567 0.882453 0.917380 0.945499 0.966111 0.978694 0.982924 0.978694 0.966111 0.945499 0.917380 0.882453 0.841567 0.795686 0.745849 0.693134 0.638618 0.583343 0.528284 0.474321 0.422222 0.372626 0.326040 0.282838 0.243261 0.207434 0.175372 0.146999 0.122166 0.100661 0.082235 0.066610 0.053494 0.042596 0.033629 0.026325 0.020432 0.015724 0.011998 0.009078 0.006810 0.005066 0.003736 0.002733 0.001982 0.001425 0.001016 0.000718 0.000502 0.000348 0.000238 0.000159 0.000103 0.000061 0.000028 0.000000 
0.000000 0.000025 0.000055 0.000093 0.000145 0.000217 0.000320 0.000466 0.000672 0.000958 0.001356 0.001901 0.002643 0.003644 0.004982 0.006754 0.009078 0.012099 0.015989 0.020952 0.027221 0.035068 0.044793 0.056729 0.071236 0.088692 0.109487 0.134006 0.162618 0.195657 0.233401 0.276050 0.323704 0.376340 0.433795 0.495745 0.561694 0.630969 0.702716 0.775918 0.849403 0.921875 0.991952 1.058201 1.119189 1.173535 1.219960 1.257336 1.284732 1.301457 1.307080 1.301457 1.284732 1.257336 1.219960 1.173535 1.119189 1.058201 0.991952 0.921875 0.849403 0.775918 0.702716 0.630969 0.561694 0.495745 0.433795 0.376340 0.323704 0.276050 0.233401 0.195657 0.162618 0.134006 0.109487 0.088692 0.071236 0.056729 0.044793 0.035068 0.027221 0.020952 0.015989 0.012099 0.009078 0.006754 0.004982 0.003644 0.002643 0.001901 0.001355 0.000958 0.000670 0.000464 0.000317 0.000213 0.000137 0.000082 0.000038 0.000000 
0.000000 0.000034 0.000073 0.000123 0.000191 0.000288 0.000424 0.000617 0.000889 0.001268 0.001793 0.002514 0.003495 0.004819 0.006587 0.008928 0.011998 0.015989 0.021128 0.027681 0.035960 0.046320 0.059159 0.074916 0.094063 0.117101 0.144541 0.176893 0.214643 0.258231 0.308020 0.364275 0.427126 0.496545 0.572314 0.654004 0.740963 0.832301 0.926896 1.023403 1.120278 1.215816 1.308192 1.395519 1.475909 1.547543 1.608734 1.657997 1.694106 1.716149 1.723560 1.716149 1.694106 1.657997 1.608734 1.547543 1.475909 1.395519 1.308192 1.215816 1.120278 1.023403 0.926896 0.832301 0.740963 0.654004 0.572314 0.496545 0.427126 0.364275 0.308020 0.258231 0.214643 0.176893 0.144541 0.117101 0.094063 0.074916 0.059159 0.046320 0.035960 0.027681 0.021128 0.015989 0.011998 0.008928 0.006587 0.004819 0.003495 0.002514 0.001793 0.001267 0.000887 0.000615 0.000420 0.000282 0.000182 0.000108 0.000050 0.000000 
0.000000 0.000044 0.000095 0.000161 0.000251 0.000378 0.000557 0.000810 0.001166 0.001663 0.002352 0.003297 0.004583 0.006318 0.008634 0.011701 0.015724 0.020952 0.027681 0.036263 0.047103 0.060667 0.077473 0.098097 0.123156 0.153304 0.189210 0.231539 0.280927 0.337945 0.403072 0.476651 0.558851 0.649634 0.748714 0.855531 0.969231 1.088650 1.212321 1.338485 1.465126 1.590013 1.710762 1.824908 1.929985 2.023614 2.103592 2.167979 2.215174 2.243983 2.253669 2.243983 2.215174 2.167979 2.103592 2.023614 1.929985 1.824908 1.710762 1.590013 1.465126 1.338485 1.212321 1.088650 0.969231 0.855531 0.748714 0.649634 0.558851 0.476651 0.403072 0.337945 0.280927 0.231539 0.189210 0.153304 0.123156 0.098097 0.077473 0.060667 0.047103 0.036263 0.027681 0.020951 0.015724 0.011701 0.008634 0.006317 0.004583 0.003297 0.002351 0.001662 0.001164 0.000807 0.000552 0.000370 0.000239 0.000142 0.000066 0.000000 
0.000000 0.000058 0.000124 0.000210 0.000327 0.000492 0.000725 0.001054 0.001517 0.002164 0.003059 0.004288 0.005959 0.008213 0.011223 0.015207 0.020432 0.027221 0.035960 0.047103 0.061178 0.078785 0.100600 0.127367 0.159887 0.199007 0.245595 0.300511 0.364579 0.438541 0.523013 0.618440 0.725042 0.842765 0.971240 1.109740 1.257155 1.411977 1.572303 1.735854 1.900016 2.061898 2.218412 2.366363 2.502554 2.623905 2.727561 2.811009 2.872175 2.909512 2.922065 2.909512 2.872175 2.811009 2.727561 2.623905 2.502554 2.366363 2.218412 2.061898 1.900016 1.735854 1.572303 1.411977 1.257155 1.109740 0.971240 0.842765 0.725042 0.618440 0.523013 0.438541 0.364579 0.300511 0.245595 0.199007 0.159887 0.127367 0.100600 0.078785 0.061178 0.047103 0.035960 0.027221 0.020432 0.015207 0.011223 0.008212 0.005959 0.004287 0.003058 0.002162 0.001514 0.001050 0.000718 0.000481 0.000311 0.000185 0.000086 0.000000 
0.000000 0.000074 0.000160 0.000271 0.000422 0.000634 0.000935 0.001360 0.001957 0.002790 0.003944 0.005528 0.007682 0.010585 0.014463 0.019595 0.026325 0.035068 0.046320 0.060667 0.078785 0.101448 0.129525 0.163972 0.205819 0.256153 0.316090 0.386737 0.469149 0.564280 0.672922 0.795643 0.932727 1.084102 1.249292 1.427361 1.616881 1.815914 2.022012 2.232248 2.443261 2.651336 2.852503 3.042658 3.217695 3.373656 3.506872 3.614116 3.692723 3.740707 3.756840 3.740707 3.692723 3.614116 3.506872 3.373656 3.217695 3.042658 2.852503 2.651336 2.443261 2.232248 2.022012 1.815914 1.616881 1.427361 1.249292 1.084102 0.932727 0.795643 0.672922 0.564280 0.469149 0.386737 0.316090 0.256153 0.205819 0.163972 0.129525 0.101448 0.078785 0.060667 0.046320 0.035068 0.026325 0.019595 0.014463 0.010585 0.007681 0.005527 0.003943 0.002788 0.001953 0.001354 0.000926 0.000621 0.000401 0.000238 0.000111 0.000000 
0.000000 0.000095 0.000205 0.000347 0.000540 0.000812 0.001196 0.001739 0.002502 0.003568 0.005043 0.007066 0.009818 0.013527 0.018481 0.025035 0.033629 0.044793 0.059159 0.077473 0.100600 0.129525 0.165356 0.209312 0.262705 0.326922 0.403383 0.493498 0.598613 0.719941 0.858490 1.014985 1.189781 1.382788 1.593397 1.820413 2.062015 2.315732 2.578443 2.846417 3.115370 3.380569 3.636957 3.879302 4.102375 4.301131 4.470900 4.607567 4.707740 4.768887 4.789446 4.768887 4.707740 4.607567 4.470900 4.301131 4.102375 3.879302 3.636957 3.380569 3.115370 2.846417 2.578443 2.315732 2.062015 1.820413 1.593397 1.382788 1.189781 1.014985 0.858490 0.719941 0.598613 0.493498 0.403383 0.326922 0.262705 0.209312 0.165356 0.129525 0.100600 0.077473 0.059159 0.044793 0.033629 0.025035 0.018480 0.013527 0.009818 0.007065 0.005041 0.003565 0.002498 0.001732 0.001185 0.000794 0.000513 0.000305 0.000142 0.000000 
0.000000 0.000121 0.000260 0.000440 0.000685 0.001030 0.001517 0.002205 0.003173 0.004523 0.006392 0.008956 0.012442 0.017140 0.023414 0.031714 0.042596 0.056729 0.074916 0.098097 0.127367 0.163972 0.209312 0.264926 0.332476 0.413712 0.510429 0.624408 0.757349 0.910783 1.085982 1.283860 1.504865 1.748882 2.015135 2.302115 2.607519 2.928220 3.260277 3.598970 3.938888 4.274052 4.598068 4.904330 5.186230 5.437395 5.651925 5.824625 5.951206 6.028474 6.054452 6.028474 5.951206 5.824625 5.651925 5.437395 5.186230 4.904330 4.598068 4.274052 3.938888 3.598970 3.260277 2.928220 2.607519 2.302115 2.015135 1.748882 1.504865 1.283860 1.085982 0.910783 0.757349 0.624408 0.510429 0.413712 0.332476 0.264926 0.209312 0.163972 0.127367 0.098097 0.074916 0.056729 0.042596 0.031714 0.023413 0.017140 0.012441 0.008954 0.006390 0.004519 0.003167 0.002196 0.001502 0.001007 0.000651 0.000387 0.000180 0.000000 
0.000000 0.000152 0.000328 0.000553 0.000862 0.001295 0.001907 0.002772 0.003988 0.005685 0.008033 0.011254 0.015633 0.021533 0.029411 0.039833 0.053494 0.071236 0.094063 0.123156 0.159887 0.205819 0.262705 0.332476 0.417214 0.519111 0.640416 0.783361 0.950073 1.142470 1.362145 1.610239 1.887313 2.193216 2.526979 2.886704 3.269504 3.671460 4.087629 4.512100 4.938091 5.358110 5.764147 6.147925 6.501166 6.815888 7.084701 7.301096 7.459703 7.556518 7.589068 7.556518 7.459703 7.301096 7.084701 6.815888 6.501166 6.147925 5.764147 5.358110 4.938091 4.512100 4.087629 3.671460 3.269504 2.886704 2.526979 2.193216 1.887313 1.610239 1.362145 1.142470 0.950073 0.783361 0.640416 0.519111 0.417214 0.332476 0.262705 0.205819 0.159887 0.123156 0.094063 0.071236 0.053494 0.039833 0.029411 0.021533 0.015632 0.011252 0.008030 0.005681 0.003981 0.002761 0.001889 0.001267 0.000818 0.000487 0.000227 0.000000 
0.000000 0.000189 0.000409 0.000690 0.001075 0.001614 0.002378 0.003456 0.004971 0.007085 0.010010 0.014021 0.019475 0.026822 0.036630 0.049605 0.066610 0.088692 0.117101 0.153304 0.199007 0.256153 0.326922 0.413712 0.519111 0.645842 0.796700 0.974455 1.181751 1.420968 1.694083 2.002510 2.346943 2.727194 3.142052 3.589159 4.064922 4.564471 5.081664 5.609153 6.138513 6.660434 7.164967 7.641829 8.080739 8.471780 8.805774 9.074635 9.271696 9.391983 9.432425 9.391983 9.271696 9.074635 8.805774 8.471780 8.080739 7.641829 7.164967 6.660434 6.138513 5.609153 5.081664 4.564471 4.064922 3.589159 3.142052 2.727194 2.346943 2.002510 1.694083 1.420968 1.181751 0.974455 0.796700 0.645842 0.519111 0.413712 0.326922 0.256153 0.199007 0.153304 0.117101 0.088692 0.066610 0.049604 0.036629 0.026821 0.019473 0.014019 0.010006 0.007079 0.004962 0.003441 0.002355 0.001579 0.001021 0.000607 0.000283 0.000000 
0.000000 0.000234 0.000505 0.000853 0.001329 0.001996 0.002939 0.004271 0.006143 0.008754 0.012366 0.017320 0.024053 0.033124 0.045232 0.061247 0.082235 0.109487 0.144541 0.189210 0.245595 0.316090 0.403383 0.510429 0.640416 0.796700 0.982721 1.201895 1.457473 1.752389 2.089073 2.469266 2.893818 3.362494 3.873798 4.424820 5.011133 5.626733 6.264049 6.914029 7.566293 8.209371 8.831008 9.418536 9.959293 10.441065 10.852547 11.183782 11.426557 11.574747 11.624570 11.574747 11.426557 11.183782 10.852547 10.441065 9.959293 9.418536 8.831008 8.209371 7.566293 6.914029 6.264049 5.626733 5.011133 4.424820 3.873798 3.362494 2.893818 2.469266 2.089073 1.752389 1.457473 1.201895 0.982721 0.796700 0.640416 0.510429 0.403383 0.316090 0.245595 0.189210 0.144541 0.109487 0.082235 0.061247 0.045232 0.033123 0.024052 0.017317 0.012362 0.008747 0.006132 0.004253 0.002911 0.001952 0.001262 0.000751 0.000349 0.000000 
0.000000 0.000287 0.000619 0.001046 0.001629 0.002446 0.003601 0.005233 0.007526 0.010723 0.015147 0.021212 0.029455 0.040559 0.055378 0.074978 0.100661 0.134006 0.176893 0.231539 0.300511 0.386737 0.493498 0.624408 0.783361 0.974455 1.201895 1.469849 1.782290 2.142796 2.554336 3.019030 3.537914 4.110695 4.735541 5.408896 6.125343 6.877547 7.656257 8.450413 9.247333 10.033006 10.792464 11.510235 12.170853 12.759401 13.262073 13.666709 13.963280 14.144307 14.205170 14.144307 13.963280 13.666709 13.262073 12.759401 12.170853 11.510235 10.792464 10.033006 9.247333 8.450413 7.656257 6.877547 6.125343 5.408896 4.735541 4.110695 3.537914 3.019030 2.554336 2.142796 1.782290 1.469849 1.201895 0.974455 0.783361 0.624408 0.493498 0.386737 0.300511 0.231539 0.176893 0.134005 0.100661 0.074978 0.055378 0.040557 0.029453 0.021208 0.015141 0.010715 0.007512 0.005211 0.003567 0.002393 0.001547 0.000920 0.000428 0.000000 
0.000000 0.000349 0.000753 0.001271 0.001979 0.002972 0.004375 0.006357 0.009141 0.013024 0.018394 0.025756 0.035762 0.049238 0.067222 0.091004 0.122166 0.162618 0.214643 0.280927 0.364579 0.469149 0.598613 0.757349 0.950073 1.181751 1.457473 1.782290 2.161009 2.597963 3.096742 3.659913 4.288723 4.982814 5.739961 6.555850 7.423918 8.335273 9.278708 10.240823 11.206258 12.158041 13.078043 13.947527 14.747760 15.460681 16.069570 16.559701 16.918932 17.138205 17.211927 17.138205 16.918932 16.559701 16.069570 15.460681 14.747760 13.947527 13.078043 12.158041 11.206258 10.240823 9.278708 8.335273 7.423918 6.555850 5.739961 4.982814 4.288723 3.659913 3.096742 2.597963 2.161009 1.782290 1.457473 1.181751 0.950073 0.757349 0.598613 0.469149 0.364579 0.280927 0.214643 0.162618 0.122165 0.091004 0.067221 0.049236 0.035760 0.025752 0.018387 0.013013 0.009124 0.006331 0.004334 0.002907 0.001879 0.001118 0.000520 0.000000 
0.000000 0.000421 0.000907 0.001532 0.002385 0.003580 0.005270 0.007656 0.011008 0.015682 0.022146 0.031007 0.043048 0.059264 0.080902 0.109514 0.146999 0.195657 0.258231 0.337945 0.438541 0.564280 0.719941 0.910783 1.142470 1.420968 1.752389 2.142796 2.597963 3.123088 3.722481 4.399219 5.154793 5.988768 6.898466 7.878699 8.921579 10.016423 11.149766 12.305512 13.465211 14.608481 15.713550 16.757916 17.719084 18.575367 19.306688 19.895367 20.326822 20.590178 20.678721 20.590178 20.326822 19.895367 19.306688 18.575367 17.719084 16.757916 15.713550 14.608481 13.465211 12.305512 11.149766 10.016423 8.921579 7.878699 6.898466 5.988768 5.154793 4.399219 3.722481 3.123088 2.597963 2.142796 1.752389 1.420968 1.142470 0.910783 0.719941 0.564280 0.438541 0.337945 0.258230 0.195657 0.146999 0.109513 0.080901 0.059262 0.043045 0.031002 0.022138 0.015670 0.010988 0.007624 0.005220 0.003502 0.002264 0.001347 0.000627 0.000000 
0.000000 0.000503 0.001084 0.001830 0.002848 0.004276 0.006293 0.009142 0.013143 0.018721 0.026435 0.037009 0.051376 0.070721 0.096534 0.130662 0.175372 0.233401 0.308020 0.403072 0.523013 0.672922 0.858490 1.085982 1.362145 1.694083 2.089073 2.554336 3.096742 3.722481 4.436679 5.242994 6.143197 7.136764 8.220496 9.388209 10.630504 11.934652 13.284614 14.661219 16.042494 17.404165 18.720308 19.964126 21.108838 22.128620 22.999570 23.700635 24.214457 24.528088 24.633532 24.528088 24.214457 23.700635 22.999570 22.128620 21.108838 19.964126 18.720308 17.404165 16.042494 14.661219 13.284614 11.934652 10.630504 9.388209 8.220496 7.136764 6.143197 5.242994 4.436679 3.722481 3.096742 2.554336 2.089073 1.694083 1.362145 1.085982 0.858490 0.672922 0.523013 0.403072 0.308020 0.233401 0.175371 0.130662 0.096533 0.070719 0.051372 0.037003 0.026426 0.018706 0.013119 0.009104 0.006233 0.004182 0.002704 0.001609 0.000749 0.000000 
0.000000 0.000595 0.001283 0.002167 0.003373 0.005063 0.007451 0.010823 0.015557 0.022158 0.031285 0.043794 0.060790 0.083672 0.114202 0.154563 0.207434 0.276050 0.364275 0.476651 0.618440 0.795643 1.014985 1.283860 1.610239 2.002510 2.469266 3.019030 3.659913 4.399219 5.242994 6.195553 7.258981 8.432648 9.712772 11.092043 12.559355 14.099669 15.694045 17.319839 18.951104 20.559179 22.113453 23.582288 24.934064 26.138295 27.166761 27.994609 28.601348 28.971693 29.096205 28.971693 28.601348 27.994609 27.166761 26.138295 24.934064 23.582288 22.113453 20.559179 18.951104 17.319839 15.694045 14.099669 12.559355 11.092043 9.712772 8.432648 7.258981 6.195553 5.242994 4.399219 3.659913 3.019030 2.469266 2.002510 1.610239 1.283860 1.014985 0.795643 0.618440 0.476651 0.364275 0.276050 0.207433 0.154563 0.114200 0.083670 0.060786 0.043788 0.031274 0.022140 0.015529 0.010777 0.007380 0.004952 0.003202 0.001906 0.000887 0.000000 
0.000000 0.000699 0.001507 0.002544 0.003960 0.005943 0.008746 0.012702 0.018257 0.026001 0.036707 0.051380 0.071313 0.098148 0.133948 0.181274 0.243261 0.323704 0.427126 0.558851 0.725042 0.932727 1.189781 1.504865 1.887313 2.346943 2.893818 3.537914 4.288723 5.154793 6.143197 7.258981 8.504575 9.879237 11.378527 12.993880 14.712282 16.516122 18.383216 20.287049 22.197242 24.080235 25.900190 27.620071 29.202860 30.612869 31.817065 32.786356 33.496754 33.930369 34.076153 33.930369 33.496754 32.786356 31.817065 30.612869 29.202860 27.620071 25.900190 24.080235 22.197242 20.287049 18.383216 16.516122 14.712282 12.993880 11.378527 9.879237 8.504575 7.258981 6.143197 5.154793 4.288723 3.537914 2.893818 2.346943 1.887313 1.504865 1.189781 0.932727 0.725042 0.558851 0.427126 0.323703 0.243260 0.181272 0.133946 0.098145 0.071308 0.051372 0.036694 0.025980 0.018223 0.012649 0.008662 0.005813 0.003759 0.002237 0.001042 0.000000 
0.000000 0.000814 0.001754 0.002961 0.004609 0.006916 0.010177 0.014779 0.021241 0.030248 0.042699 0.059763 0.082941 0.114142 0.155764 0.210781 0.282838 0.376340 0.496545 0.649634 0.842765 1.084102 1.382788 1.748882 2.193216 2.727194 3.362494 4.110695 4.982814 5.988768 7.136764 8.432648 9.879237 11.475656 13.216746 15.092549 17.087952 19.182500 21.350435 23.560972 25.778838 27.965077 30.078084 32.074867 33.912458 35.549434 36.947452 38.072745 38.897474 39.400871 39.570116 39.400871 38.897474 38.072745 36.947452 35.549434 33.912458 32.074867 30.078084 27.965077 25.778838 23.560972 21.350435 19.182500 17.087952 15.092549 13.216746 11.475656 9.879237 8.432648 7.136764 5.988768 4.982814 4.110695 3.362494 2.727194 2.193216 1.748882 1.382788 1.084102 0.842765 0.649634 0.496545 0.376340 0.282837 0.210780 0.155762 0.114139 0.082935 0.059753 0.042684 0.030224 0.021202 0.014717 0.010080 0.006765 0.004375 0.002604 0.001212 0.000000 
0.000000 0.000939 0.002024 0.003417 0.005318 0.007980 0.011741 0.017049 0.024501 0.034887 0.049244 0.068917 0.095638 0.131606 0.179582 0.242994 0.326040 0.433795 0.572314 0.748714 0.971240 1.249292 1.593397 2.015135 2.526979 3.142052 3.873798 4.735541 5.739961 6.898466 8.220496 9.712772 11.378527 13.216746 15.221475 17.381246 19.678652 22.090139 24.586050 27.130944 29.684220 32.201032 34.633494 36.932123 39.047466 40.931846 42.541138 43.836478 44.785829 45.365291 45.560109 45.365291 44.785829 43.836478 42.541138 40.931846 39.047466 36.932123 34.633494 32.201032 29.684220 27.130944 24.586050 22.090139 19.678652 17.381246 15.221475 13.216746 11.378527 9.712772 8.220496 6.898466 5.739961 4.735541 3.873798 3.142052 2.526979 2.015135 1.593397 1.249292 0.971240 0.748714 0.572313 0.433795 0.326039 0.242993 0.179580 0.131602 0.095631 0.068906 0.049226 0.034859 0.024456 0.016977 0.011628 0.007805 0.005048 0.003005 0.001399 0.000000 
0.000000 0.001075 0.002316 0.003909 0.006083 0.009127 0.013428 0.019498 0.028018 0.039892 0.056304 0.078792 0.109333 0.150441 0.205269 0.277733 0.372626 0.495745 0.654004 0.855531 1.109740 1.427361 1.820413 2.302115 2.886704 3.589159 4.424820 5.408896 6.555850 7.878699 9.388209 11.092043 12.993880 15.092549 17.381246 19.846870 22.469543 25.222375 28.071509 30.976491 33.890978 36.763787 39.540267 42.163946 44.578386 46.729183 48.565980 50.044431 51.127977 51.789347 52.011701 51.789347 51.127977 50.044431 48.565980 46.729183 44.578386 42.163946 39.540267 36.763787 33.890978 30.976491 28.071509 25.222375 22.469543 19.846870 17.381246 15.092549 12.993880 11.092043 9.388209 7.878699 6.555850 5.408896 4.424820 3.589159 2.886704 2.302115 1.820413 1.427360 1.109740 0.855531 0.654004 0.495745 0.372625 0.277731 0.205266 0.150436 0.109326 0.078779 0.056284 0.039860 0.027966 0.019416 0.013299 0.008927 0.005774 0.003437 0.001600 0.000000 
0.000000 0.001219 0.002626 0.004434 0.006898 0.010350 0.015226 0.022107 0.031765 0.045223 0.063823 0.089308 0.123917 0.170497 0.232620 0.314718 0.422222 0.561694 0.740963 0.969231 1.257155 1.616881 2.062015 2.607519 3.269504 4.064922 5.011133 6.125343 7.423918 8.921579 10.630504 12.559355 14.712282 17.087952 19.678652 22.469543 25.438121 28.553946 31.778695 35.066583 38.365163 41.616514 44.758792 47.728093 50.460558 52.894626 54.973321 56.646465 57.872693 58.621150 58.872782 58.621150 57.872693 56.646465 54.973321 52.894626 50.460558 47.728093 44.758792 41.616514 38.365163 35.066583 31.778695 28.553946 25.438121 22.469543 19.678652 17.087952 14.712282 12.559355 10.630504 8.921579 7.423918 6.125343 5.011133 4.064922 3.269504 2.607519 2.062015 1.616881 1.257155 0.969231 0.740963 0.561694 0.422221 0.314716 0.232616 0.170492 0.123909 0.089294 0.063800 0.045186 0.031706 0.022013 0.015080 0.010123 0.006548 0.003898 0.001815 0.000000 
0.000000 0.001370 0.002953 0.004985 0.007755 0.011636 0.017116 0.024849 0.035703 0.050826 0.071725 0.100359 0.139242 0.191569 0.261354 0.353573 0.474321 0.630969 0.832301 1.088650 1.411977 1.815914 2.315732 2.928220 3.671460 4.564471 5.626733 6.877547 8.335273 10.016423 11.934652 14.099669 16.516122 19.182500 22.090139 25.222375 28.553946 32.050685 35.669586 39.359269 43.060881 46.709431 50.235530 53.567479 56.633631 59.364917 61.697416 63.574836 64.950768 65.790596 66.072948 65.790596 64.950768 63.574836 61.697416 59.364917 56.633631 53.567479 50.235530 46.709431 43.060881 39.359269 35.669586 32.050685 28.553946 25.222375 22.090139 19.182500 16.516122 14.099669 11.934652 10.016423 8.335273 6.877547 5.626733 4.564471 3.671459 2.928220 2.315732 1.815914 1.411977 1.088650 0.832301 0.630968 0.474320 0.353571 0.261351 0.191563 0.139232 0.100343 0.071699 0.050784 0.035636 0.024744 0.016952 0.011380 0.007361 0.004383 0.002041 0.000000 
0.000000 0.001528 0.003292 0.005556 0.008644 0.012968 0.019075 0.027691 0.039783 0.056631 0.079913 0.111808 0.155118 0.213399 0.291120 0.393820 0.528284 0.702716 0.926896 1.212321 1.572303 2.022012 2.578443 3.260277 4.087629 5.081664 6.264049 7.656257 9.278708 11.149766 13.284614 15.694045 18.383216 21.350435 24.586050 28.071509 31.778695 35.669586 39.696327 43.801749 47.920374 51.979897 55.903119 59.610279 63.021673 66.060468 68.655557 70.744321 72.275137 73.209500 73.523634 73.209500 72.275137 70.744321 68.655557 66.060468 63.021673 59.610279 55.903119 51.979897 47.920374 43.801749 39.696327 35.669586 31.778695 28.071509 24.586050 21.350435 18.383216 15.694045 13.284614 11.149766 9.278708 7.656257 6.264049 5.081664 4.087629 3.260277 2.578443 2.022012 1.572302 1.212320 0.926896 0.702716 0.528283 0.393817 0.291116 0.213393 0.155107 0.111790 0.079884 0.056585 0.039709 0.027574 0.018891 0.012683 0.008205 0.004885 0.002275 0.000000 
0.000000 0.001688 0.003637 0.006140 0.009551 0.014328 0.021074 0.030592 0.043948 0.062557 0.088270 0.123493 0.171320 0.235676 0.321493 0.434886 0.583343 0.775918 1.023403 1.338485 1.735854 2.232248 2.846417 3.598970 4.512100 5.609153 6.914029 8.450413 10.240823 12.305512 14.661219 17.319839 20.287049 23.560972 27.130944 30.976491 35.066583 39.359269 43.801749 48.330957 52.874657 57.353091 61.681104 65.770715 69.534008 72.886238 75.748976 78.053156 79.741838 80.772554 81.119081 80.772554 79.741838 78.053156 75.748976 72.886238 69.534008 65.770715 61.681104 57.353091 52.874657 48.330957 43.801749 39.359269 35.066583 30.976491 27.130944 23.560972 20.287049 17.319839 14.661219 12.305512 10.240823 8.450413 6.914029 5.609153 4.512100 3.598970 2.846416 2.232248 1.735853 1.338484 1.023402 0.775917 0.583342 0.434883 0.321489 0.235669 0.171308 0.123474 0.088238 0.062505 0.043867 0.030462 0.020872 0.014013 0.009066 0.005398 0.002513 0.000000 
0.000000 0.001849 0.003985 0.006726 0.010462 0.015695 0.023083 0.033505 0.048132 0.068508 0.096661 0.135227 0.187588 0.258043 0.351988 0.476115 0.638618 0.849403 1.120278 1.465126 1.900016 2.443261 3.115370 3.938888 4.938091 6.138513 7.566293 9.247333 11.206258 13.465211 16.042494 18.951104 22.197242 25.778838 29.684220 33.890978 38.365163 43.060881 47.920374 52.874657 57.844723 62.743332 67.477351 71.950557 76.066800 79.733398 82.864580 85.384812 87.231828 88.359183 88.738200 88.359183 87.231828 85.384812 82.864580 79.733398 76.066800 71.950557 67.477351 62.743332 57.844723 52.874657 47.920374 43.060881 38.365163 33.890978 29.684220 25.778838 22.197242 18.951104 16.042494 13.465211 11.206258 9.247333 7.566293 6.138513 4.938091 3.938888 3.115370 2.443260 1.900015 1.465125 1.120278 0.849402 0.638616 0.476112 0.351983 0.258035 0.187575 0.135205 0.096626 0.068451 0.048042 0.033364 0.022861 0.015349 0.009930 0.005913 0.002753 0.000000 
0.000000 0.002008 0.004328 0.007304 0.011362 0.017043 0.025065 0.036380 0.052259 0.074379 0.104940 0.146802 0.203636 0.280106 0.382067 0.516779 0.693134 0.921875 1.215816 1.590013 2.061898 2.651336 3.380569 4.274052 5.358110 6.660434 8.209371 10.033006 12.158041 14.608481 17.404165 20.559179 24.080235 27.965077 32.201032 36.763787 41.616514 46.709431 51.979897 57.353091 62.743332 68.056012 73.190136 78.041356 82.505410 86.481798 89.877512 92.610648 94.613689 95.836273 96.247306 95.836273 94.613689 92.610648 89.877512 86.481798 82.505410 78.041356 73.190136 68.056012 62.743332 57.353091 51.979897 46.709431 41.616514 36.763787 32.201032 27.965077 24.080235 20.559179 17.404165 14.608481 12.158041 10.033006 8.209371 6.660434 5.358110 4.274052 3.380569 2.651335 2.061898 1.590012 1.215815 0.921874 0.693132 0.516776 0.382062 0.280098 0.203622 0.146779 0.104902 0.074318 0.052162 0.036226 0.024823 0.016668 0.010784 0.006421 0.002990 0.000000 
0.000000 0.002163 0.004659 0.007864 0.012232 0.018348 0.026982 0.039162 0.056252 0.080058 0.112948 0.157998 0.219157 0.301443 0.411155 0.556102 0.745849 0.991952 1.308192 1.710762 2.218412 2.852503 3.636957 4.598068 5.764147 7.164967 8.831008 10.792464 13.078043 15.713550 18.720308 22.113453 25.900190 30.078084 34.633494 39.540267 44.758792 50.235530 55.903119 61.681104 67.477351 73.190136 78.710863 83.927339 88.727464 93.003181 96.654494 99.593344 101.747139 103.061736 103.503702 103.061736 101.747139 99.593344 96.654494 93.003181 88.727464 83.927339 78.710863 73.190136 67.477351 61.681104 55.903119 50.235530 44.758792 39.540267 34.633494 30.078084 25.900190 22.113453 18.720308 15.713550 13.078043 10.792464 8.831008 7.164967 5.764147 4.598068 3.636957 2.852503 2.218412 1.710762 1.308191 0.991951 0.745847 0.556099 0.411149 0.301434 0.219141 0.157972 0.112907 0.079992 0.056147 0.038996 0.026722 0.017944 0.011610 0.006913 0.003219 0.000000 
