0.000000 0.000000 0.000000 0.000000 0.000000 0.000000 0.000000 0.000000 0.000000 0.000000 0.000000 0.000000 0.000000 0.000000 0.000000 0.000000 0.000000 0.000000 0.000000 0.000000 0.000000 0.000000 0.000000 0.000000 0.000000 0.000000 0.000000 0.000000 0.000000 0.000000 0.000000 0.000000 0.000000 0.000000 0.000000 0.000000 0.000000 0.000000 0.000000 0.000000 0.000000 0.000000 0.000000 0.000000 0.000000 0.000000 0.000000 0.000000 0.000000 0.000000 0.000000 0.000000 0.000000 0.000000 0.000000 0.000000 0.000000 0.000000 0.000000 0.000000 0.000000 0.000000 0.000000 0.000000 0.000000 0.000000 0.000000 0.000000 0.000000 0.000000 0.000000 0.000000 0.000000 0.000000 0.000000 0.000000 0.000000 0.000000 0.000000 0.000000 0.000000 0.000000 0.000000 0.000000 0.000000 0.000000 0.000000 0.000000 0.000000 0.000000 0.000000 0.000000 0.000000 0.000000 0.000000 0.000000 0.000000 0.000000 0.000000 0.000000 
0.000000 0.000000 0.000000 0.000000 0.000000 0.000000 0.000000 0.000000 0.000000 0.000000 0.000000 0.000000 0.000000 0.000000 0.000000 0.000000 0.000000 0.000000 0.000000 0.000000 0.000000 0.000000 0.000000 0.000000 0.000000 0.000000 0.000000 0.000000 0.000000 0.000000 0.000000 0.000000 0.000000 0.000000 0.000000 0.000000 0.000000 0.000000 0.000000 0.000000 0.000000 0.000000 0.000001 0.000001 0.000001 0.000001 0.000001 0.000001 0.000001 0.000001 0.000001 0.000001 0.000001 0.000001 0.000001 0.000001 0.000001 0.000001 0.000001 0.000000 0.000000 0.000000 0.000000 0.000000 0.000000 0.000000 0.000000 0.000000 0.000000 0.000000 0.000000 0.000000 0.000000 0.000000 0.000000 0.000000 0.000000 0.000000 0.000000 0.000000 0.000000 0.000000 0.000000 0.000000 0.000000 0.000000 0.000000 0.000000 0.000000 0.000000 0.000000 0.000000 0.000000 0.000000 0.000000 0.000000 0.000000 0.000000 0.000000 0.000000 
0.000000 0.000000 0.000000 0.000000 0.000000 0.000000 0.000000 0.000000 0.000000 0.000000 0.000000 0.000000 0.000000 0.000000 0.000000 0.000000 0.000000 0.000000 0.000000 0.000000 0.000000 0.000000 0.000000 0.000000 0.000000 0.000000 0.000000 0.000000 0.000000 0.000000 0.000000 0.000000 0.000000 0.000000 0.000000 0.000000 0.000000 0.000001 0.000001 0.000001 0.000001 0.000001 0.000001 0.000002 0.000002 0.000002 0.000002 0.000002 0.000002 0.000002 0.000002 0.000002 0.000002 0.000002 0.000002 0.000002 0.000002 0.000002 0.000001 0.000001 0.000001 0.000001 0.000001 0.000001 0.000000 0.000000 0.000000 0.000000 0.000000 0.000000 0.000000 0.000000 0.000000 0.000000 0.000000 0.000000 0.000000 0.000000 0.000000 0.000000 0.000000 0.000000 0.000000 0.000000 0.000000 0.000000 0.000000 0.000000 0.000000 0.000000 0.000000 0.000000 0.000000 0.000000 0.000000 0.000000 0.000000 0.000000 0.000000 0.000000 
0.000000 0.000000 0.000000 0.000000 0.000000 0.000000 0.000000 0.000000 0.000000 0.000000 0.000000 0.000000 0.000000 0.000000 0.000000 0.000000 0.000000 0.000000 0.000000 0.000000 0.000000 0.000000 0.000000 0.000000 0.000000 0.000000 0.000000 0.000000 0.000000 0.000000 0.000000 0.000000 0.000000 0.000000 0.000001 0.000001 0.000001 0.000001 0.000001 0.000002 0.000002 0.000003 0.000003 0.000003 0.000004 0.000004 0.000004 0.000005 0.000005 0.000005 0.000005 0.000005 0.000005 0.000005 0.000004 0.000004 0.000004 0.000003 0.000003 0.000003 0.000002 0.000002 0.000001 0.000001 0.000001 0.000001 0.000001 0.000000 0.000000 0.000000 0.000000 0.000000 0.000000 0.000000 0.000000 0.000000 0.000000 0.000000 0.000000 0.000000 0.000000 0.000000 0.000000 0.000000 0.000000 0.000000 0.000000 0.000000 0.000000 0.000000 0.000000 0.000000 0.000000 0.000000 0.000000 0.000000 0.000000 0.000000 0.000000 0.000000 
0.000000 0.000000 0.000000 0.000000 0.000000 0.000000 0.000000 0.000000 0.000000 0.000000 0.000000 0.000000 0.000000 0.000000 0.000000 0.000000 0.000000 0.000000 0.000000 0.000000 0.000000 0.000000 0.000000 0.000000 0.000000 0.000000 0.000000 0.000000 0.000000 0.000000 0.000000 0.000000 0.000001 0.000001 0.000001 0.000002 0.000002 0.000002 0.000003 0.000004 0.000004 0.000005 0.000006 0.000007 0.000008 0.000009 0.000009 0.000010 0.000010 0.000011 0.000011 0.000011 0.000010 0.000010 0.000009 0.000009 0.000008 0.000007 0.000006 0.000005 0.000004 0.000004 0.000003 0.000002 0.000002 0.000002 0.000001 0.000001 0.000001 0.000000 0.000000 0.000000 0.000000 0.000000 0.000000 0.000000 0.000000 0.000000 0.000000 0.000000 0.000000 0.000000 0.000000 0.000000 0.000000 0.000000 0.000000 0.000000 0.000000 0.000000 0.000000 0.000000 0.000000 0.000000 0.000000 0.000000 0.000000 0.000000 0.000000 0.000000 
0.000000 0.000000 0.000000 0.000000 0.000000 0.000000 0.000000 0.000000 0.000000 0.000000 0.000000 0.000000 0.000000 0.000000 0.000000 0.000000 0.000000 0.000000 0.000000 0.000000 0.000000 0.000000 0.000000 0.000000 0.000000 0.000000 0.000000 0.000000 0.000000 0.000000 0.000001 0.000001 0.000001 0.000002 0.000002 0.000003 0.000004 0.000005 0.000006 0.000008 0.000009 0.000011 0.000013 0.000014 0.000016 0.000018 0.000019 0.000020 0.000021 0.000022 0.000022 0.000022 0.000021 0.000020 0.000019 0.000018 0.000016 0.000014 0.000013 0.000011 0.000009 0.000008 0.000006 0.000005 0.000004 0.000003 0.000002 0.000002 0.000001 0.000001 0.000001 0.000000 0.000000 0.000000 0.000000 0.000000 0.000000 0.000000 0.000000 0.000000 0.000000 0.000000 0.000000 0.000000 0.000000 0.000000 0.000000 0.000000 0.000000 0.000000 0.000000 0.000000 0.000000 0.000000 0.000000 0.000000 0.000000 0.000000 0.000000 0.000000 
0.000000 0.000000 0.000000 0.000000 0.000000 0.000000 0.000000 0.000000 0.000000 0.000000 0.000000 0.000000 0.000000 0.000000 0.000000 0.000000 0.000000 0.000000 0.000000 0.000000 0.000000 0.000000 0.000000 0.000000 0.000000 0.000000 0.000000 0.000000 0.000001 0.000001 0.000001 0.000002 0.000003 0.000004 0.000005 0.000006 0.000008 0.000010 0.000013 0.000016 0.000019 0.000022 0.000026 0.000029 0.000032 0.000036 0.000039 0.000041 0.000043 0.000044 0.000044 0.000044 0.000043 0.000041 0.000039 0.000036 0.000032 0.000029 0.000026 0.000022 0.000019 0.000016 0.000013 0.000010 0.000008 0.000006 0.000005 0.000004 0.000003 0.000002 0.000001 0.000001 0.000001 0.000000 0.000000 0.000000 0.000000 0.000000 0.000000 0.000000 0.000000 0.000000 0.000000 0.000000 0.000000 0.000000 0.000000 0.000000 0.000000 0.000000 0.000000 0.000000 0.000000 0.000000 0.000000 0.000000 0.000000 0.000000 0.000000 0.000000 
0.000000 0.000000 0.000000 0.000000 0.000000 0.000000 0.000000 0.000000 0.000000 0.000000 0.000000 0.000000 0.000000 0.000000 0.000000 0.000000 0.000000 0.000000 0.000000 0.000000 0.000000 0.000000 0.000000 0.000000 0.000000 0.000000 0.000001 0.000001 0.000001 0.000002 0.000003 0.000004 0.000006 0.000007 0.000010 0.000013 0.000016 0.000021 0.000026 0.000031 0.000037 0.000044 0.000051 0.000058 0.000065 0.000071 0.000077 0.000082 0.000085 0.000087 0.000088 0.000087 0.000085 0.000082 0.000077 0.000071 0.000065 0.000058 0.000051 0.000044 0.000037 0.000031 0.000026 0.000021 0.000016 0.000013 0.000010 0.000007 0.000006 0.000004 0.000003 0.000002 0.000001 0.000001 0.000001 0.000000 0.000000 0.000000 0.000000 0.000000 0.000000 0.000000 0.000000 0.000000 0.000000 0.000000 0.000000 0.000000 0.000000 0.000000 0.000000 0.000000 0.000000 0.000000 0.000000 0.000000 0.000000 0.000000 0.000000 0.000000 
0.000000 0.000000 0.000000 0.000000 0.000000 0.000000 0.000000 0.000000 0.000000 0.000000 0.000000 0.000000 0.000000 0.000000 0.000000 0.000000 0.000000 0.000000 0.000000 0.000000 0.000000 0.000000 0.000000 0.000000 0.000001 0.000001 0.000001 0.000002 0.000003 0.000004 0.000006 0.000008 0.000011 0.000015 0.000019 0.000025 0.000032 0.000041 0.000051 0.000062 0.000074 0.000087 0.000100 0.000114 0.000127 0.000140 0.000151 0.000160 0.000168 0.000172 0.000173 0.000172 0.000168 0.000160 0.000151 0.000140 0.000127 0.000114 0.000100 0.000087 0.000074 0.000062 0.000051 0.000041 0.000032 0.000025 0.000019 0.000015 0.000011 0.000008 0.000006 0.000004 0.000003 0.000002 0.000001 0.000001 0.000001 0.000000 0.000000 0.000000 0.000000 0.000000 0.000000 0.000000 0.000000 0.000000 0.000000 0.000000 0.000000 0.000000 0.000000 0.000000 0.000000 0.000000 0.000000 0.000000 0.000000 0.000000 0.000000 0.000000 
0.000000 0.000000 0.000000 0.000000 0.000000 0.000000 0.000000 0.000000 0.000000 0.000000 0.000000 0.000000 0.000000 0.000000 0.000000 0.000000 0.000000 0.000000 0.000000 0.000000 0.000000 0.000000 0.000000 0.000001 0.000001 0.000002 0.000003 0.000004 0.000005 0.000008 0.000011 0.000015 0.000021 0.000029 0.000038 0.000049 0.000063 0.000079 0.000098 0.000119 0.000143 0.000168 0.000194 0.000221 0.000247 0.000271 0.000293 0.000311 0.000324 0.000333 0.000336 0.000333 0.000324 0.000311 0.000293 0.000271 0.000247 0.000221 0.000194 0.000168 0.000143 0.000119 0.000098 0.000079 0.000063 0.000049 0.000038 0.000029 0.000021 0.000015 0.000011 0.000008 0.000005 0.000004 0.000003 0.000002 0.000001 0.000001 0.000000 0.000000 0.000000 0.000000 0.000000 0.000000 0.000000 0.000000 0.000000 0.000000 0.000000 0.000000 0.000000 0.000000 0.000000 0.000000 0.000000 0.000000 0.000000 0.000000 0.000000 0.000000 
0.000000 0.000000 0.000000 0.000000 0.000000 0.000000 0.000000 0.000000 0.000000 0.000000 0.000000 0.000000 0.000000 0.000000 0.000000 0.000000 0.000000 0.000000 0.000000 0.000000 0.000000 0.000001 0.000001 0.000001 0.000002 0.000003 0.000005 0.000007 0.000010 0.000015 0.000021 0.000030 0.000041 0.000055 0.000072 0.000094 0.000121 0.000152 0.000188 0.000228 0.000273 0.000321 0.000371 0.000421 0.000471 0.000517 0.000558 0.000592 0.000618 0.000634 0.000640 0.000634 0.000618 0.000592 0.000558 0.000517 0.000471 0.000421 0.000371 0.000321 0.000273 0.000228 0.000188 0.000152 0.000121 0.000094 0.000072 0.000055 0.000041 0.000030 0.000021 0.000015 0.000010 0.000007 0.000005 0.000003 0.000002 0.000001 0.000001 0.000001 0.000000 0.000000 0.000000 0.000000 0.000000 0.000000 0.000000 0.000000 0.000000 0.000000 0.000000 0.000000 0.000000 0.000000 0.000000 0.000000 0.000000 0.000000 0.000000 0.000000 
0.000000 0.000000 0.000000 0.000000 0.000000 0.000000 0.000000 0.000000 0.000000 0.000000 0.000000 0.000000 0.000000 0.000000 0.000000 0.000000 0.000000 0.000000 0.000000 0.000000 0.000001 0.000001 0.000002 0.000003 0.000004 0.000006 0.000009 0.000014 0.000020 0.000029 0.000040 0.000056 0.000077 0.000103 0.000137 0.000178 0.000227 0.000286 0.000353 0.000429 0.000513 0.000603 0.000697 0.000792 0.000884 0.000971 0.001048 0.001112 0.001161 0.001191 0.001201 0.001191 0.001161 0.001112 0.001048 0.000971 0.000884 0.000792 0.000697 0.000603 0.000513 0.000429 0.000353 0.000286 0.000227 0.000178 0.000137 0.000103 0.000077 0.000056 0.000040 0.000029 0.000020 0.000014 0.000009 0.000006 0.000004 0.000003 0.000002 0.000001 0.000001 0.000000 0.000000 0.000000 0.000000 0.000000 0.000000 0.000000 0.000000 0.000000 0.000000 0.000000 0.000000 0.000000 0.000000 0.000000 0.000000 0.000000 0.000000 0.000000 
0.000000 0.000000 0.000000 0.000000 0.000000 0.000000 0.000000 0.000000 0.000000 0.000000 0.000000 0.000000 0.000000 0.000000 0.000000 0.000000 0.000000 0.000000 0.000000 0.000001 0.000001 0.000002 0.000003 0.000005 0.000007 0.000011 0.000017 0.000025 0.000037 0.000053 0.000075 0.000104 0.000143 0.000192 0.000254 0.000330 0.000421 0.000530 0.000655 0.000795 0.000950 0.001117 0.001290 0.001465 0.001636 0.001796 0.001939 0.002058 0.002147 0.002202 0.002221 0.002202 0.002147 0.002058 0.001939 0.001796 0.001636 0.001465 0.001290 0.001117 0.000950 0.000795 0.000655 0.000530 0.000421 0.000330 0.000254 0.000192 0.000143 0.000104 0.000075 0.000053 0.000037 0.000025 0.000017 0.000011 0.000007 0.000005 0.000003 0.000002 0.000001 0.000001 0.000000 0.000000 0.000000 0.000000 0.000000 0.000000 0.000000 0.000000 0.000000 0.000000 0.000000 0.000000 0.000000 0.000000 0.000000 0.000000 0.000000 0.000000 
0.000000 0.000000 0.000000 0.000000 0.000000 0.000000 0.000000 0.000000 0.000000 0.000000 0.000000 0.000000 0.000000 0.000000 0.000000 0.000000 0.000000 0.000000 0.000001 0.000001 0.000002 0.000003 0.000005 0.000009 0.000014 0.000021 0.000031 0.000047 0.000068 0.000098 0.000138 0.000191 0.000261 0.000351 0.000464 0.000603 0.000770 0.000967 0.001195 0.001451 0.001734 0.002036 0.002352 0.002670 0.002981 0.003272 0.003532 0.003748 0.003910 0.004011 0.004045 0.004011 0.003910 0.003748 0.003532 0.003272 0.002981 0.002670 0.002352 0.002036 0.001734 0.001451 0.001195 0.000967 0.000770 0.000603 0.000464 0.000351 0.000261 0.000191 0.000138 0.000098 0.000068 0.000047 0.000031 0.000021 0.000014 0.000009 0.000005 0.000003 0.000002 0.000001 0.000001 0.000000 0.000000 0.000000 0.000000 0.000000 0.000000 0.000000 0.000000 0.000000 0.000000 0.000000 0.000000 0.000000 0.000000 0.000000 0.000000 0.000000 
0.000000 0.000000 0.000000 0.000000 0.000000 0.000000 0.000000 0.000000 0.000000 0.000000 0.000000 0.000000 0.000000 0.000000 0.000000 0.000000 0.000000 0.000001 0.000001 0.000002 0.000004 0.000006 0.000010 0.000016 0.000025 0.000038 0.000057 0.000084 0.000123 0.000176 0.000249 0.000345 0.000471 0.000632 0.000835 0.001084 0.001385 0.001739 0.002148 0.002608 0.003114 0.003657 0.004222 0.004793 0.005350 0.005871 0.006336 0.006723 0.007013 0.007194 0.007255 0.007194 0.007013 0.006723 0.006336 0.005871 0.005350 0.004793 0.004222 0.003657 0.003114 0.002608 0.002148 0.001739 0.001385 0.001084 0.000835 0.000632 0.000471 0.000345 0.000249 0.000176 0.000123 0.000084 0.000057 0.000038 0.000025 0.000016 0.000010 0.000006 0.000004 0.000002 0.000001 0.000001 0.000000 0.000000 0.000000 0.000000 0.000000 0.000000 0.000000 0.000000 0.000000 0.000000 0.000000 0.000000 0.000000 0.000000 0.000000 0.000000 
0.000000 0.000000 0.000000 0.000000 0.000000 0.000000 0.000000 0.000000 0.000000 0.000000 0.000000 0.000000 0.000000 0.000000 0.000000 0.000000 0.000001 0.000001 0.000002 0.000004 0.000007 0.000011 0.000018 0.000028 0.000044 0.000067 0.000101 0.000150 0.000218 0.000313 0.000442 0.000613 0.000836 0.001122 0.001481 0.001922 0.002453 0.003079 0.003801 0.004615 0.005509 0.006466 0.007464 0.008471 0.009454 0.010374 0.011193 0.011875 0.012388 0.012706 0.012813 0.012706 0.012388 0.011875 0.011193 0.010374 0.009454 0.008471 0.007464 0.006466 0.005509 0.004615 0.003801 0.003079 0.002453 0.001922 0.001481 0.001122 0.000836 0.000613 0.000442 0.000313 0.000218 0.000150 0.000101 0.000067 0.000044 0.000028 0.000018 0.000011 0.000007 0.000004 0.000002 0.000001 0.000001 0.000000 0.000000 0.000000 0.000000 0.000000 0.000000 0.000000 0.000000 0.000000 0.000000 0.000000 0.000000 0.000000 0.000000 0.000000 
0.000000 0.000000 0.000000 0.000000 0.000000 0.000000 0.000000 0.000000 0.000000 0.000000 0.000000 0.000000 0.000000 0.000000 0.000000 0.000001 0.000001 0.000002 0.000004 0.000007 0.000012 0.000020 0.000031 0.000050 0.000077 0.000118 0.000177 0.000263 0.000383 0.000548 0.000773 0.001071 0.001461 0.001960 0.002585 0.003354 0.004279 0.005369 0.006625 0.008040 0.009595 0.011259 0.012993 0.014743 0.016450 0.018049 0.019471 0.020655 0.021545 0.022097 0.022284 0.022097 0.021545 0.020655 0.019471 0.018049 0.016450 0.014743 0.012993 0.011259 0.009595 0.008040 0.006625 0.005369 0.004279 0.003354 0.002585 0.001960 0.001461 0.001071 0.000773 0.000548 0.000383 0.000263 0.000177 0.000118 0.000077 0.000050 0.000031 0.000020 0.000012 0.000007 0.000004 0.000002 0.000001 0.000001 0.000000 0.000000 0.000000 0.000000 0.000000 0.000000 0.000000 0.000000 0.000000 0.000000 0.000000 0.000000 0.000000 0.000000 
0.000000 0.000000 0.000000 0.000000 0.000000 0.000000 0.000000 0.000000 0.000000 0.000000 0.000000 0.000000 0.000000 0.000000 0.000001 0.000001 0.000002 0.000004 0.000007 0.000013 0.000021 0.000034 0.000054 0.000086 0.000133 0.000204 0.000306 0.000453 0.000660 0.000945 0.001331 0.001844 0.002514 0.003370 0.004443 0.005761 0.007348 0.009217 0.011369 0.013792 0.016454 0.019303 0.022270 0.025265 0.028185 0.030919 0.033352 0.035376 0.036897 0.037841 0.038161 0.037841 0.036897 0.035376 0.033352 0.030919 0.028185 0.025265 0.022270 0.019303 0.016454 0.013792 0.011369 0.009217 0.007348 0.005761 0.004443 0.003370 0.002514 0.001844 0.001331 0.000945 0.000660 0.000453 0.000306 0.000204 0.000133 0.000086 0.000054 0.000034 0.000021 0.000013 0.000007 0.000004 0.000002 0.000001 0.000001 0.000000 0.000000 0.000000 0.000000 0.000000 0.000000 0.000000 0.000000 0.000000 0.000000 0.000000 0.000000 0.000000 
0.000000 0.000000 0.000000 0.000000 0.000000 0.000000 0.000000 0.000000 0.000000 0.000000 0.000000 0.000000 0.000000 0.000001 0.000001 0.000002 0.000004 0.000007 0.000013 0.000021 0.000035 0.000058 0.000093 0.000146 0.000227 0.000346 0.000521 0.000770 0.001120 0.001603 0.002257 0.003125 0.004257 0.005705 0.007518 0.009745 0.012423 0.015577 0.019208 0.023294 0.027782 0.032584 0.037583 0.042628 0.047546 0.052150 0.056247 0.059655 0.062216 0.063805 0.064343 0.063805 0.062216 0.059655 0.056247 0.052150 0.047546 0.042628 0.037583 0.032584 0.027782 0.023294 0.019208 0.015577 0.012423 0.009745 0.007518 0.005705 0.004257 0.003125 0.002257 0.001603 0.001120 0.000770 0.000521 0.000346 0.000227 0.000146 0.000093 0.000058 0.000035 0.000021 0.000013 0.000007 0.000004 0.000002 0.000001 0.000001 0.000000 0.000000 0.000000 0.000000 0.000000 0.000000 0.000000 0.000000 0.000000 0.000000 0.000000 0.000000 
0.000000 0.000000 0.000000 0.000000 0.000000 0.000000 0.000000 0.000000 0.000000 0.000000 0.000000 0.000000 0.000001 0.000001 0.000002 0.000004 0.000007 0.000013 0.000021 0.000036 0.000059 0.000097 0.000155 0.000245 0.000380 0.000580 0.000871 0.001287 0.001872 0.002677 0.003767 0.005214 0.007099 0.009507 0.012523 0.016226 0.020678 0.025918 0.031949 0.038734 0.046182 0.054152 0.062444 0.070813 0.078969 0.086602 0.093394 0.099044 0.103288 0.105922 0.106815 0.105922 0.103288 0.099044 0.093394 0.086602 0.078969 0.070813 0.062444 0.054152 0.046182 0.038734 0.031949 0.025918 0.020678 0.016226 0.012523 0.009507 0.007099 0.005214 0.003767 0.002677 0.001872 0.001287 0.000871 0.000580 0.000380 0.000245 0.000155 0.000097 0.000059 0.000036 0.000021 0.000013 0.000007 0.000004 0.000002 0.000001 0.000001 0.000000 0.000000 0.000000 0.000000 0.000000 0.000000 0.000000 0.000000 0.000000 0.000000 0.000000 
0.000000 0.000000 0.000000 0.000000 0.000000 0.000000 0.000000 0.000000 0.000000 0.000000 0.000000 0.000001 0.000001 0.000002 0.000004 0.000007 0.000012 0.000021 0.000035 0.000059 0.000098 0.000160 0.000256 0.000404 0.000626 0.000956 0.001434 0.002119 0.003078 0.004401 0.006189 0.008562 0.011651 0.015597 0.020537 0.026598 0.033883 0.042453 0.052316 0.063406 0.075578 0.088598 0.102143 0.115809 0.129126 0.141587 0.152673 0.161895 0.168821 0.173118 0.174575 0.173118 0.168821 0.161895 0.152673 0.141587 0.129126 0.115809 0.102143 0.088598 0.075578 0.063406 0.052316 0.042453 0.033883 0.026598 0.020537 0.015597 0.011651 0.008562 0.006189 0.004401 0.003078 0.002119 0.001434 0.000956 0.000626 0.000404 0.000256 0.000160 0.000098 0.000059 0.000035 0.000021 0.000012 0.000007 0.000004 0.000002 0.000001 0.000001 0.000000 0.000000 0.000000 0.000000 0.000000 0.000000 0.000000 0.000000 0.000000 0.000000 
0.000000 0.000000 0.000000 0.000000 0.000000 0.000000 0.000000 0.000000 0.000000 0.000000 0.000001 0.000001 0.000002 0.000003 0.000006 0.000011 0.000020 0.000034 0.000058 0.000097 0.000160 0.000260 0.000417 0.000656 0.001016 0.001550 0.002325 0.003432 0.004984 0.007120 0.010008 0.013839 0.018824 0.025187 0.033151 0.042919 0.054654 0.068454 0.084330 0.102177 0.121760 0.142702 0.164483 0.186453 0.207860 0.227886 0.245702 0.260519 0.271647 0.278552 0.280892 0.278552 0.271647 0.260519 0.245702 0.227886 0.207860 0.186453 0.164483 0.142702 0.121760 0.102177 0.084330 0.068454 0.054654 0.042919 0.033151 0.025187 0.018824 0.013839 0.010008 0.007120 0.004984 0.003432 0.002325 0.001550 0.001016 0.000656 0.000417 0.000260 0.000160 0.000097 0.000058 0.000034 0.000020 0.000011 0.000006 0.000003 0.000002 0.000001 0.000001 0.000000 0.000000 0.000000 0.000000 0.000000 0.000000 0.000000 0.000000 0.000000 
0.000000 0.000000 0.000000 0.000000 0.000000 0.000000 0.000000 0.000000 0.000000 0.000000 0.000001 0.000002 0.000003 0.000005 0.000010 0.000018 0.000031 0.000054 0.000093 0.000155 0.000256 0.000417 0.000666 0.001048 0.001623 0.002473 0.003709 0.005471 0.007941 0.011339 0.015930 0.022017 0.029935 0.040037 0.052675 0.068170 0.086778 0.108654 0.133812 0.162085 0.193101 0.226260 0.260740 0.295512 0.329388 0.361074 0.389260 0.412698 0.430300 0.441221 0.444923 0.441221 0.430300 0.412698 0.389260 0.361074 0.329388 0.295512 0.260740 0.226260 0.193101 0.162085 0.133812 0.108654 0.086778 0.068170 0.052675 0.040037 0.029935 0.022017 0.015930 0.011339 0.007941 0.005471 0.003709 0.002473 0.001623 0.001048 0.000666 0.000417 0.000256 0.000155 0.000093 0.000054 0.000031 0.000018 0.000010 0.000005 0.000003 0.000002 0.000001 0.000000 0.000000 0.000000 0.000000 0.000000 0.000000 0.000000 0.000000 0.000000 
0.000000 0.000000 0.000000 0.000000 0.000000 0.000000 0.000000 0.000000 0.000000 0.000001 0.000001 0.000003 0.000005 0.000009 0.000016 0.000028 0.000050 0.000086 0.000146 0.000245 0.000404 0.000656 0.001048 0.001649 0.002551 0.003885 0.005822 0.008584 0.012453 0.017773 0.024957 0.034477 0.046855 0.062642 0.082383 0.106577 0.135623 0.169759 0.209003 0.253094 0.301449 0.353134 0.406866 0.461044 0.513816 0.563170 0.607066 0.643565 0.670975 0.687980 0.693743 0.687980 0.670975 0.643565 0.607066 0.563170 0.513816 0.461044 0.406866 0.353134 0.301449 0.253094 0.209003 0.169759 0.135623 0.106577 0.082383 0.062642 0.046855 0.034477 0.024957 0.017773 0.012453 0.008584 0.005822 0.003885 0.002551 0.001649 0.001048 0.000656 0.000404 0.000245 0.000146 0.000086 0.000050 0.000028 0.000016 0.000009 0.000005 0.000003 0.000001 0.000001 0.000000 0.000000 0.000000 0.000000 0.000000 0.000000 0.000000 0.000000 
0.000000 0.000000 0.000000 0.000000 0.000000 0.000000 0.000000 0.000000 0.000001 0.000001 0.000002 0.000004 0.000007 0.000014 0.000025 0.000044 0.000077 0.000133 0.000227 0.000380 0.000626 0.001016 0.001623 0.002551 0.003946 0.006006 0.008995 0.013255 0.019218 0.027417 0.038481 0.053136 0.072182 0.096464 0.126816 0.164001 0.208628 0.261058 0.321317 0.389000 0.463209 0.542511 0.624937 0.708031 0.788955 0.864630 0.931926 0.987878 1.029893 1.055957 1.064791 1.055957 1.029893 0.987878 0.931926 0.864630 0.788955 0.708031 0.624937 0.542511 0.463209 0.389000 0.321317 0.261058 0.208628 0.164001 0.126816 0.096464 0.072182 0.053136 0.038481 0.027417 0.019218 0.013255 0.008995 0.006006 0.003946 0.002551 0.001623 0.001016 0.000626 0.000380 0.000227 0.000133 0.000077 0.000044 0.000025 0.000014 0.000007 0.000004 0.000002 0.000001 0.000001 0.000000 0.000000 0.000000 0.000000 0.000000 0.000000 0.000000 
0.000000 0.000000 0.000000 0.000000 0.000000 0.000000 0.000000 0.000000 0.000001 0.000002 0.000003 0.000006 0.000011 0.000021 0.000038 0.000067 0.000118 0.000204 0.000346 0.000580 0.000956 0.001550 0.002473 0.003885 0.006006 0.009136 0.013675 0.020141 0.029189 0.041622 0.058392 0.080595 0.109441 0.146200 0.192132 0.248384 0.315872 0.395136 0.486209 0.588477 0.700578 0.820346 0.944807 1.070256 1.192408 1.306622 1.408181 1.492611 1.556007 1.595332 1.608661 1.595332 1.556007 1.492611 1.408181 1.306622 1.192408 1.070256 0.944807 0.820346 0.700578 0.588477 0.486209 0.395136 0.315872 0.248384 0.192132 0.146200 0.109441 0.080595 0.058392 0.041622 0.029189 0.020141 0.013675 0.009136 0.006006 0.003885 0.002473 0.001550 0.000956 0.000580 0.000346 0.000204 0.000118 0.000067 0.000038 0.000021 0.000011 0.000006 0.000003 0.000002 0.000001 0.000000 0.000000 0.000000 0.000000 0.000000 0.000000 0.000000 
0.000000 0.000000 0.000000 0.000000 0.000000 0.000000 0.000000 0.000001 0.000001 0.000003 0.000005 0.000009 0.000017 0.000031 0.000057 0.000101 0.000177 0.000306 0.000521 0.000871 0.001434 0.002325 0.003709 0.005822 0.008995 0.013675 0.020459 0.030118 0.043628 0.062181 0.087198 0.120305 0.163300 0.218068 0.286480 0.370235 0.470685 0.588631 0.724109 0.876203 1.042882 1.220923 1.405904 1.592323 1.773816 1.943493 2.094353 2.219758 2.313915 2.372320 2.392115 2.372320 2.313915 2.219758 2.094353 1.943493 1.773816 1.592323 1.405904 1.220923 1.042882 0.876203 0.724109 0.588631 0.470685 0.370235 0.286480 0.218068 0.163300 0.120305 0.087198 0.062181 0.043628 0.030118 0.020459 0.013675 0.008995 0.005822 0.003709 0.002325 0.001434 0.000871 0.000521 0.000306 0.000177 0.000101 0.000057 0.000031 0.000017 0.000009 0.000005 0.000003 0.000001 0.000001 0.000000 0.000000 0.000000 0.000000 0.000000 0.000000 
0.000000 0.000000 0.000000 0.000000 0.000000 0.000000 0.000000 0.000001 0.000002 0.000004 0.000007 0.000014 0.000025 0.000047 0.000084 0.000150 0.000263 0.000453 0.000770 0.001287 0.002119 0.003432 0.005471 0.008584 0.013255 0.020141 0.030118 0.044318 0.064167 0.091416 0.128140 0.176724 0.239791 0.320101 0.420381 0.543113 0.690265 0.862996 1.061353 1.283982 1.527906 1.788404 2.059007 2.331669 2.597089 2.845198 3.065769 3.249108 3.386756 3.472134 3.501070 3.472134 3.386756 3.249108 3.065769 2.845198 2.597089 2.331669 2.059007 1.788404 1.527906 1.283982 1.061353 0.862996 0.690265 0.543113 0.420381 0.320101 0.239791 0.176724 0.128140 0.091416 0.064167 0.044318 0.030118 0.020141 0.013255 0.008584 0.005471 0.003432 0.002119 0.001287 0.000770 0.000453 0.000263 0.000150 0.000084 0.000047 0.000025 0.000014 0.000007 0.000004 0.000002 0.000001 0.000000 0.000000 0.000000 0.000000 0.000000 0.000000 
0.000000 0.000000 0.000000 0.000000 0.000000 0.000000 0.000001 0.000001 0.000003 0.000005 0.000010 0.000020 0.000037 0.000068 0.000123 0.000218 0.000383 0.000660 0.001120 0.001872 0.003078 0.004984 0.007941 0.012453 0.019218 0.029189 0.043628 0.064167 0.092866 0.132247 0.185302 0.255461 0.346504 0.462396 0.607059 0.784056 0.996208 1.245172 1.530998 1.851723 2.203053 2.578180 2.967792 3.360307 3.742344 4.099422 4.416837 4.680652 4.878707 5.001550 5.043183 5.001550 4.878707 4.680652 4.416837 4.099422 3.742344 3.360307 2.967792 2.578180 2.203053 1.851723 1.530998 1.245172 0.996208 0.784056 0.607059 0.462396 0.346504 0.255461 0.185302 0.132247 0.092866 0.064167 0.043628 0.029189 0.019218 0.012453 0.007941 0.004984 0.003078 0.001872 0.001120 0.000660 0.000383 0.000218 0.000123 0.000068 0.000037 0.000020 0.000010 0.000005 0.000003 0.000001 0.000001 0.000000 0.000000 0.000000 0.000000 0.000000 
0.000000 0.000000 0.000000 0.000000 0.000000 0.000000 0.000001 0.000002 0.000004 0.000008 0.000015 0.000029 0.000053 0.000098 0.000176 0.000313 0.000548 0.000945 0.001603 0.002677 0.004401 0.007120 0.011339 0.017773 0.027417 0.041622 0.062181 0.091416 0.132247 0.188253 0.263676 0.363378 0.492711 0.657291 0.862664 1.113865 1.414876 1.768025 2.173363 2.628093 3.126113 3.657766 4.209855 4.765974 5.307178 5.812968 6.262534 6.636157 6.916633 7.090590 7.149545 7.090590 6.916633 6.636157 6.262534 5.812968 5.307178 4.765974 4.209855 3.657766 3.126113 2.628093 2.173363 1.768025 1.414876 1.113865 0.862664 0.657291 0.492711 0.363378 0.263676 0.188253 0.132247 0.091416 0.062181 0.041622 0.027417 0.017773 0.011339 0.007120 0.004401 0.002677 0.001603 0.000945 0.000548 0.000313 0.000176 0.000098 0.000053 0.000029 0.000015 0.000008 0.000004 0.000002 0.000001 0.000000 0.000000 0.000000 0.000000 0.000000 
0.000000 0.000000 0.000000 0.000000 0.000000 0.000001 0.000001 0.000003 0.000006 0.000011 0.000021 0.000040 0.000075 0.000138 0.000249 0.000442 0.000773 0.001331 0.002257 0.003767 0.006189 0.010008 0.015930 0.024957 0.038481 0.058392 0.087198 0.128140 0.185302 0.263676 0.369184 0.508605 0.689401 0.919396 1.206312 1.557152 1.977448 2.470421 3.036117 3.670608 4.365366 5.106913 5.876840 6.652277 7.406822 8.111917 8.738579 9.259343 9.650257 9.892701 9.974865 9.892701 9.650257 9.259343 8.738579 8.111917 7.406822 6.652277 5.876840 5.106913 4.365366 3.670608 3.036117 2.470421 1.977448 1.557152 1.206312 0.919396 0.689401 0.508605 0.369184 0.263676 0.185302 0.128140 0.087198 0.058392 0.038481 0.024957 0.015930 0.010008 0.006189 0.003767 0.002257 0.001331 0.000773 0.000442 0.000249 0.000138 0.000075 0.000040 0.000021 0.000011 0.000006 0.000003 0.000001 0.000001 0.000000 0.000000 0.000000 0.000000 
0.000000 0.000000 0.000000 0.000000 0.000000 0.000001 0.000002 0.000004 0.000008 0.000015 0.000030 0.000056 0.000104 0.000191 0.000345 0.000613 0.001071 0.001844 0.003125 0.005214 0.008562 0.013839 0.022017 0.034477 0.053136 0.080595 0.120305 0.176724 0.255461 0.363378 0.508605 0.700450 0.949145 1.265421 1.659859 2.142046 2.719546 3.396746 4.173674 5.044910 5.998722 7.016596 8.073265 9.137352 10.172647 11.139995 11.999663 12.714011 13.250211 13.582751 13.695446 13.582751 13.250211 12.714011 11.999663 11.139995 10.172647 9.137352 8.073265 7.016596 5.998722 5.044910 4.173674 3.396746 2.719546 2.142046 1.659859 1.265421 0.949145 0.700450 0.508605 0.363378 0.255461 0.176724 0.120305 0.080595 0.053136 0.034477 0.022017 0.013839 0.008562 0.005214 0.003125 0.001844 0.001071 0.000613 0.000345 0.000191 0.000104 0.000056 0.000030 0.000015 0.000008 0.000004 0.000002 0.000001 0.000000 0.000000 0.000000 0.000000 
0.000000 0.000000 0.000000 0.000000 0.000001 0.000001 0.000003 0.000006 0.000011 0.000021 0.000041 0.000077 0.000143 0.000261 0.000471 0.000836 0.001461 0.002514 0.004257 0.007099 0.011651 0.018824 0.029935 0.046855 0.072182 0.109441 0.163300 0.239791 0.346504 0.492711 0.689401 0.949145 1.285760 1.713723 2.247304 2.899422 3.680255 4.595686 5.645710 6.822963 8.111570 9.486504 10.913635 12.350599 13.748525 15.054578 16.215154 17.179482 17.903286 18.352158 18.504275 18.352158 17.903286 17.179482 16.215154 15.054578 13.748525 12.350599 10.913635 9.486504 8.111570 6.822963 5.645710 4.595686 3.680255 2.899422 2.247304 1.713723 1.285760 0.949145 0.689401 0.492711 0.346504 0.239791 0.163300 0.109441 0.072182 0.046855 0.029935 0.018824 0.011651 0.007099 0.004257 0.002514 0.001461 0.000836 0.000471 0.000261 0.000143 0.000077 0.000041 0.000021 0.000011 0.000006 0.000003 0.000001 0.000001 0.000000 0.000000 0.000000 
0.000000 0.000000 0.000000 0.000000 0.000001 0.000002 0.000004 0.000007 0.000015 0.000029 0.000055 0.000103 0.000192 0.000351 0.000632 0.001122 0.001960 0.003370 0.005705 0.009507 0.015597 0.025187 0.040037 0.062642 0.096464 0.146200 0.218068 0.320101 0.462396 0.657291 0.919396 1.265421 1.713723 2.283527 2.993770 3.861587 4.900456 6.118145 7.514590 9.079954 10.793096 12.620726 14.517480 16.427069 18.284582 20.019858 21.561731 22.842801 23.804301 24.400565 24.602628 24.400565 23.804301 22.842801 21.561731 20.019858 18.284582 16.427069 14.517480 12.620726 10.793096 9.079954 7.514590 6.118145 4.900456 3.861587 2.993770 2.283527 1.713723 1.265421 0.919396 0.657291 0.462396 0.320101 0.218068 0.146200 0.096464 0.062642 0.040037 0.025187 0.015597 0.009507 0.005705 0.003370 0.001960 0.001122 0.000632 0.000351 0.000192 0.000103 0.000055 0.000029 0.000015 0.000007 0.000004 0.000002 0.000001 0.000000 0.000000 0.000000 
0.000000 0.000000 0.000000 0.000001 0.000001 0.000002 0.000005 0.000010 0.000019 0.000038 0.000072 0.000137 0.000254 0.000464 0.000835 0.001481 0.002585 0.004443 0.007518 0.012523 0.020537 0.033151 0.052675 0.082383 0.126816 0.192132 0.286480 0.420381 0.607059 0.862664 1.206312 1.659859 2.247304 2.993770 3.923993 5.060333 6.420361 8.014168 9.841606 11.889745 14.130883 16.521452 19.002115 21.499277 23.928095 26.196883 28.212661 29.887381 31.144278 31.923706 32.187836 31.923706 31.144278 29.887381 28.212661 26.196883 23.928095 21.499277 19.002115 16.521452 14.130883 11.889745 9.841606 8.014168 6.420361 5.060333 3.923993 2.993770 2.247304 1.659859 1.206312 0.862664 0.607059 0.420381 0.286480 0.192132 0.126816 0.082383 0.052675 0.033151 0.020537 0.012523 0.007518 0.004443 0.002585 0.001481 0.000835 0.000464 0.000254 0.000137 0.000072 0.000038 0.000019 0.000010 0.000005 0.000002 0.000001 0.000001 0.000000 0.000000 
0.000000 0.000000 0.000000 0.000001 0.000002 0.000003 0.000006 0.000013 0.000025 0.000049 0.000094 0.000178 0.000330 0.000603 0.001084 0.001922 0.003354 0.005761 0.009745 0.016226 0.026598 0.042919 0.068170 0.106577 0.164001 0.248384 0.370235 0.543113 0.784056 1.113865 1.557152 2.142046 2.899422 3.861587 5.060333 6.524379 8.276268 10.328908 12.682025 15.318902 18.203827 21.280694 24.473130 27.686451 30.811532 33.730471 36.323721 38.478091 40.094905 41.097499 41.437250 41.097499 40.094905 38.478091 36.323721 33.730471 30.811532 27.686451 24.473130 21.280694 18.203827 15.318902 12.682025 10.328908 8.276268 6.524379 5.060333 3.861587 2.899422 2.142046 1.557152 1.113865 0.784056 0.543113 0.370235 0.248384 0.164001 0.106577 0.068170 0.042919 0.026598 0.016226 0.009745 0.005761 0.003354 0.001922 0.001084 0.000603 0.000330 0.000178 0.000094 0.000049 0.000025 0.000013 0.000006 0.000003 0.000002 0.000001 0.000000 0.000000 
0.000000 0.000000 0.000000 0.000001 0.000002 0.000004 0.000008 0.000016 0.000032 0.000063 0.000121 0.000227 0.000421 0.000770 0.001385 0.002453 0.004279 0.007348 0.012423 0.020678 0.033883 0.054654 0.086778 0.135623 0.208628 0.315872 0.470685 0.690265 0.996208 1.414876 1.977448 2.719546 3.680255 4.900456 6.420361 8.276268 10.496642 13.097734 16.079098 19.419475 23.073571 26.970289 31.012910 35.081568 39.038144 42.733451 46.016234 48.743302 50.789838 52.058872 52.488906 52.058872 50.789838 48.743302 46.016234 42.733451 39.038144 35.081568 31.012910 26.970289 23.073571 19.419475 16.079098 13.097734 10.496642 8.276268 6.420361 4.900456 3.680255 2.719546 1.977448 1.414876 0.996208 0.690265 0.470685 0.315872 0.208628 0.135623 0.086778 0.054654 0.033883 0.020678 0.012423 0.007348 0.004279 0.002453 0.001385 0.000770 0.000421 0.000227 0.000121 0.000063 0.000032 0.000016 0.000008 0.000004 0.000002 0.000001 0.000000 0.000000 
0.000000 0.000000 0.000001 0.000001 0.000002 0.000005 0.000010 0.000021 0.000041 0.000079 0.000152 0.000286 0.000530 0.000967 0.001739 0.003079 0.005369 0.009217 0.015577 0.025918 0.042453 0.068454 0.108654 0.169759 0.261058 0.395136 0.588631 0.862996 1.245172 1.768025 2.470421 3.396746 4.595686 6.118145 8.014168 10.328908 13.097734 16.340784 20.057390 24.220958 28.774967 33.630777 38.667867 43.736919 48.665925 53.269121 57.358200 60.754913 63.303896 64.884453 65.420047 64.884453 63.303896 60.754913 57.358200 53.269121 48.665925 43.736919 38.667867 33.630777 28.774967 24.220958 20.057390 16.340784 13.097734 10.328908 8.014168 6.118145 4.595686 3.396746 2.470421 1.768025 1.245172 0.862996 0.588631 0.395136 0.261058 0.169759 0.108654 0.068454 0.042453 0.025918 0.015577 0.009217 0.005369 0.003079 0.001739 0.000967 0.000530 0.000286 0.000152 0.000079 0.000041 0.000021 0.000010 0.000005 0.000002 0.000001 0.000000 0.000000 
0.000000 0.000000 0.000001 0.000001 0.000003 0.000006 0.000013 0.000026 0.000051 0.000098 0.000188 0.000353 0.000655 0.001195 0.002148 0.003801 0.006625 0.011369 0.019208 0.031949 0.052316 0.084330 0.133812 0.209003 0.321317 0.486209 0.724109 1.061353 1.530998 2.173363 3.036117 4.173674 5.645710 7.514590 9.841606 12.682025 16.079098 20.057390 24.615954 29.722066 35.306336 41.260034 47.435391 53.649390 59.691248 65.333365 70.345057 74.507983 77.631850 79.568835 80.225202 79.568835 77.631850 74.507983 70.345057 65.333365 59.691248 53.649390 47.435391 41.260034 35.306336 29.722066 24.615954 20.057390 16.079098 12.682025 9.841606 7.514590 5.645710 4.173674 3.036117 2.173363 1.530998 1.061353 0.724109 0.486209 0.321317 0.209003 0.133812 0.084330 0.052316 0.031949 0.019208 0.011369 0.006625 0.003801 0.002148 0.001195 0.000655 0.000353 0.000188 0.000098 0.000051 0.000026 0.000013 0.000006 0.000003 0.000001 0.000001 0.000000 
0.000000 0.000000 0.000001 0.000002 0.000004 0.000008 0.000016 0.000031 0.000062 0.000119 0.000228 0.000429 0.000795 0.001451 0.002608 0.004615 0.008040 0.013792 0.023294 0.038734 0.063406 0.102177 0.162085 0.253094 0.389000 0.588477 0.876203 1.283982 1.851723 2.628093 3.670608 5.044910 6.822963 9.079954 11.889745 15.318902 19.419475 24.220958 29.722066 35.883193 42.620528 49.802851 57.251901 64.746959 72.033875 78.838263 84.882054 89.902084 93.669009 96.004682 96.796141 96.004682 93.669009 89.902084 84.882054 78.838263 72.033875 64.746959 57.251901 49.802851 42.620528 35.883193 29.722066 24.220958 19.419475 15.318902 11.889745 9.079954 6.822963 5.044910 3.670608 2.628093 1.851723 1.283982 0.876203 0.588477 0.389000 0.253094 0.162085 0.102177 0.063406 0.038734 0.023294 0.013792 0.008040 0.004615 0.002608 0.001451 0.000795 0.000429 0.000228 0.000119 0.000062 0.000031 0.000016 0.000008 0.000004 0.000002 0.000001 0.000000 
0.000000 0.000000 0.000001 0.000002 0.000004 0.000009 0.000019 0.000037 0.000074 0.000143 0.000273 0.000513 0.000950 0.001734 0.003114 0.005509 0.009595 0.016454 0.027782 0.046182 0.075578 0.121760 0.193101 0.301449 0.463209 0.700578 1.042882 1.527906 2.203053 3.126113 4.365366 5.998722 8.111570 10.793096 14.130883 18.203827 23.073571 28.774967 35.306336 42.620528 50.617960 59.142823 67.983540 76.878206 85.525304 93.599360 100.770566 106.726817 111.196139 113.967281 114.906293 113.967281 111.196139 106.726817 100.770566 93.599360 85.525304 76.878206 67.983540 59.142823 50.617960 42.620528 35.306336 28.774967 23.073571 18.203827 14.130883 10.793096 8.111570 5.998722 4.365366 3.126113 2.203053 1.527906 1.042882 0.700578 0.463209 0.301449 0.193101 0.121760 0.075578 0.046182 0.027782 0.016454 0.009595 0.005509 0.003114 0.001734 0.000950 0.000513 0.000273 0.000143 0.000074 0.000037 0.000019 0.000009 0.000004 0.000002 0.000001 0.000000 
0.000000 0.000000 0.000001 0.000003 0.000005 0.000011 0.000022 0.000044 0.000087 0.000168 0.000321 0.000603 0.001117 0.002036 0.003657 0.006466 0.011259 0.019303 0.032584 0.054152 0.088598 0.142702 0.226260 0.353134 0.542511 0.820346 1.220923 1.788404 2.578180 3.657766 5.106913 7.016596 9.486504 12.620726 16.521452 21.280694 26.970289 33.630777 41.260034 49.802851 59.142823 69.097940 79.421129 89.806622 99.902465 109.328786 117.700697 124.653996 129.871331 133.106214 134.202356 133.106214 129.871331 124.653996 117.700697 109.328786 99.902465 89.806622 79.421129 69.097940 59.142823 49.802851 41.260034 33.630777 26.970289 21.280694 16.521452 12.620726 9.486504 7.016596 5.106913 3.657766 2.578180 1.788404 1.220923 0.820346 0.542511 0.353134 0.226260 0.142702 0.088598 0.054152 0.032584 0.019303 0.011259 0.006466 0.003657 0.002036 0.001117 0.000603 0.000321 0.000168 0.000087 0.000044 0.000022 0.000011 0.000005 0.000002 0.000001 0.000000 
0.000000 0.000001 0.000001 0.000003 0.000006 0.000013 0.000026 0.000051 0.000100 0.000194 0.000371 0.000697 0.001290 0.002352 0.004222 0.007464 0.012993 0.022270 0.037583 0.062444 0.102143 0.164483 0.260740 0.406866 0.624937 0.944807 1.405904 2.059007 2.967792 4.209855 5.876840 8.073265 10.913635 14.517480 19.002115 24.473130 31.012910 38.667867 47.435391 57.251901 67.983540 79.421129 91.280808 103.211352 114.808550 125.636177 135.252287 143.238719 149.231120 152.946509 154.205462 152.946509 149.231120 143.238719 135.252287 125.636177 114.808550 103.211352 91.280808 79.421129 67.983540 57.251901 47.435391 38.667867 31.012910 24.473130 19.002115 14.517480 10.913635 8.073265 5.876840 4.209855 2.967792 2.059007 1.405904 0.944807 0.624937 0.406866 0.260740 0.164483 0.102143 0.062444 0.037583 0.022270 0.012993 0.007464 0.004222 0.002352 0.001290 0.000697 0.000371 0.000194 0.000100 0.000051 0.000026 0.000013 0.000006 0.000003 0.000001 0.000000 
