0.000000 0.000000 0.000000 0.000000 0.000000 0.000000 0.000000 0.000000 0.000000 0.000000 0.000000 0.000000 0.000000 0.000000 0.000000 0.000000 0.000000 0.000000 0.000000 0.000000 0.000000 0.000000 0.000000 0.000000 0.000000 0.000000 0.000000 0.000000 0.000000 0.000000 0.000000 0.000000 0.000000 0.000000 0.000000 0.000000 0.000000 0.000000 0.000000 0.000000 0.000000 0.000000 0.000000 0.000000 0.000000 0.000000 0.000000 0.000000 0.000000 0.000000 0.000000 0.000000 0.000000 0.000000 0.000000 0.000000 0.000000 0.000000 0.000000 0.000000 0.000000 0.000000 0.000000 0.000000 0.000000 0.000000 0.000000 0.000000 0.000000 0.000000 0.000000 0.000000 0.000000 0.000000 0.000000 0.000000 0.000000 0.000000 0.000000 0.000000 0.000000 0.000000 0.000000 0.000000 0.000000 0.000000 0.000000 0.000000 0.000000 0.000000 0.000000 0.000000 0.000000 0.000000 0.000000 0.000000 0.000000 0.000000 0.000000 0.000000 
0.000000 0.000000 0.000000 0.000000 0.000000 0.000000 0.000000 0.000000 0.000000 0.000000 0.000000 0.000000 0.000000 0.000000 0.000000 0.000000 0.000000 0.000000 0.000000 0.000000 0.000000 0.000000 0.000000 0.000000 0.000000 0.000000 0.000000 0.000000 0.000000 0.000000 0.000000 0.000000 0.000000 0.000000 0.000000 0.000000 0.000000 0.000000 0.000000 0.000000 0.000000 0.000000 0.000000 0.000000 0.000000 0.000000 0.000000 0.000000 0.000000 0.000000 0.000000 0.000000 0.000000 0.000000 0.000000 0.000000 0.000000 0.000000 0.000000 0.000000 0.000000 0.000000 0.000000 0.000000 0.000000 0.000000 0.000000 0.000000 0.000000 0.000000 0.000000 0.000000 0.000000 0.000000 0.000000 0.000000 0.000000 0.000000 0.000000 0.000000 0.000000 0.000000 0.000000 0.000000 0.000000 0.000000 0.000000 0.000000 0.000000 0.000000 0.000000 0.000000 0.000000 0.000000 0.000000 0.000000 0.000000 0.000000 0.000000 0.000000 
0.000000 0.000000 0.000000 0.000000 0.000000 0.000000 0.000000 0.000000 0.000000 0.000000 0.000000 0.000000 0.000000 0.000000 0.000000 0.000000 0.000000 0.000000 0.000000 0.000000 0.000000 0.000000 0.000000 0.000000 0.000000 0.000000 0.000000 0.000000 0.000000 0.000000 0.000000 0.000000 0.000000 0.000000 0.000000 0.000000 0.000000 0.000000 0.000000 0.000000 0.000000 0.000000 0.000000 0.000000 0.000000 0.000000 0.000000 0.000000 0.000000 0.000000 0.000000 0.000000 0.000000 0.000000 0.000000 0.000000 0.000000 0.000000 0.000000 0.000000 0.000000 0.000000 0.000000 0.000000 0.000000 0.000000 0.000000 0.000000 0.000000 0.000000 0.000000 0.000000 0.000000 0.000000 0.000000 0.000000 0.000000 0.000000 0.000000 0.000000 0.000000 0.000000 0.000000 0.000000 0.000000 0.000000 0.000000 0.000000 0.000000 0.000000 0.000000 0.000000 0.000000 0.000000 0.000000 0.000000 0.000000 0.000000 0.000000 0.000000 
0.000000 0.000000 0.000000 0.000000 0.000000 0.000000 0.000000 0.000000 0.000000 0.000000 0.000000 0.000000 0.000000 0.000000 0.000000 0.000000 0.000000 0.000000 0.000000 0.000000 0.000000 0.000000 0.000000 0.000000 0.000000 0.000000 0.000000 0.000000 0.000000 0.000000 0.000000 0.000000 0.000000 0.000000 0.000000 0.000000 0.000000 0.000000 0.000000 0.000000 0.000000 0.000000 0.000000 0.000000 0.000000 0.000000 0.000000 0.000000 0.000000 0.000000 0.000000 0.000000 0.000000 0.000000 0.000000 0.000000 0.000000 0.000000 0.000000 0.000000 0.000000 0.000000 0.000000 0.000000 0.000000 0.000000 0.000000 0.000000 0.000000 0.000000 0.000000 0.000000 0.000000 0.000000 0.000000 0.000000 0.000000 0.000000 0.000000 0.000000 0.000000 0.000000 0.000000 0.000000 0.000000 0.000000 0.000000 0.000000 0.000000 0.000000 0.000000 0.000000 0.000000 0.000000 0.000000 0.000000 0.000000 0.000000 0.000000 0.000000 
0.000000 0.000000 0.000000 0.000000 0.000000 0.000000 0.000000 0.000000 0.000000 0.000000 0.000000 0.000000 0.000000 0.000000 0.000000 0.000000 0.000000 0.000000 0.000000 0.000000 0.000000 0.000000 0.000000 0.000000 0.000000 0.000000 0.000000 0.000000 0.000000 0.000000 0.000000 0.000000 0.000000 0.000000 0.000000 0.000000 0.000000 0.000000 0.000000 0.000000 0.000000 0.000000 0.000000 0.000000 0.000000 0.000000 0.000000 0.000000 0.000000 0.000000 0.000000 0.000000 0.000000 0.000000 0.000000 0.000000 0.000000 0.000000 0.000000 0.000000 0.000000 0.000000 0.000000 0.000000 0.000000 0.000000 0.000000 0.000000 0.000000 0.000000 0.000000 0.000000 0.000000 0.000000 0.000000 0.000000 0.000000 0.000000 0.000000 0.000000 0.000000 0.000000 0.000000 0.000000 0.000000 0.000000 0.000000 0.000000 0.000000 0.000000 0.000000 0.000000 0.000000 0.000000 0.000000 0.000000 0.000000 0.000000 0.000000 0.000000 
0.000000 0.000000 0.000000 0.000000 0.000000 0.000000 0.000000 0.000000 0.000000 0.000000 0.000000 0.000000 0.000000 0.000000 0.000000 0.000000 0.000000 0.000000 0.000000 0.000000 0.000000 0.000000 0.000000 0.000000 0.000000 0.000000 0.000000 0.000000 0.000000 0.000000 0.000000 0.000000 0.000000 0.000000 0.000000 0.000000 0.000000 0.000000 0.000000 0.000000 0.000000 0.000000 0.000000 0.000000 0.000000 0.000000 0.000000 0.000000 0.000000 0.000000 0.000000 0.000000 0.000000 0.000000 0.000000 0.000000 0.000000 0.000000 0.000000 0.000000 0.000000 0.000000 0.000000 0.000000 0.000000 0.000000 0.000000 0.000000 0.000000 0.000000 0.000000 0.000000 0.000000 0.000000 0.000000 0.000000 0.000000 0.000000 0.000000 0.000000 0.000000 0.000000 0.000000 0.000000 0.000000 0.000000 0.000000 0.000000 0.000000 0.000000 0.000000 0.000000 0.000000 0.000000 0.000000 0.000000 0.000000 0.000000 0.000000 0.000000 
0.000000 0.000000 0.000000 0.000000 0.000000 0.000000 0.000000 0.000000 0.000000 0.000000 0.000000 0.000000 0.000000 0.000000 0.000000 0.000000 0.000000 0.000000 0.000000 0.000000 0.000000 0.000000 0.000000 0.000000 0.000000 0.000000 0.000000 0.000000 0.000000 0.000000 0.000000 0.000000 0.000000 0.000000 0.000000 0.000000 0.000000 0.000000 0.000000 0.000000 0.000000 0.000000 0.000000 0.000000 0.000000 0.000000 0.000000 0.000000 0.000000 0.000000 0.000000 0.000000 0.000000 0.000000 0.000000 0.000000 0.000000 0.000000 0.000000 0.000000 0.000000 0.000000 0.000000 0.000000 0.000000 0.000000 0.000000 0.000000 0.000000 0.000000 0.000000 0.000000 0.000000 0.000000 0.000000 0.000000 0.000000 0.000000 0.000000 0.000000 0.000000 0.000000 0.000000 0.000000 0.000000 0.000000 0.000000 0.000000 0.000000 0.000000 0.000000 0.000000 0.000000 0.000000 0.000000 0.000000 0.000000 0.000000 0.000000 0.000000 
0.000000 0.000000 0.000000 0.000000 0.000000 0.000000 0.000000 0.000000 0.000000 0.000000 0.000000 0.000000 0.000000 0.000000 0.000000 0.000000 0.000000 0.000000 0.000000 0.000000 0.000000 0.000000 0.000000 0.000000 0.000000 0.000000 0.000000 0.000000 0.000000 0.000000 0.000000 0.000000 0.000000 0.000000 0.000000 0.000000 0.000000 0.000000 0.000000 0.000000 0.000000 0.000000 0.000000 0.000000 0.000000 0.000000 0.000000 0.000000 0.000000 0.000000 0.000000 0.000000 0.000000 0.000000 0.000000 0.000000 0.000000 0.000000 0.000000 0.000000 0.000000 0.000000 0.000000 0.000000 0.000000 0.000000 0.000000 0.000000 0.000000 0.000000 0.000000 0.000000 0.000000 0.000000 0.000000 0.000000 0.000000 0.000000 0.000000 0.000000 0.000000 0.000000 0.000000 0.000000 0.000000 0.000000 0.000000 0.000000 0.000000 0.000000 0.000000 0.000000 0.000000 0.000000 0.000000 0.000000 0.000000 0.000000 0.000000 0.000000 
0.000000 0.000000 0.000000 0.000000 0.000000 0.000000 0.000000 0.000000 0.000000 0.000000 0.000000 0.000000 0.000000 0.000000 0.000000 0.000000 0.000000 0.000000 0.000000 0.000000 0.000000 0.000000 0.000000 0.000000 0.000000 0.000000 0.000000 0.000000 0.000000 0.000000 0.000000 0.000000 0.000000 0.000000 0.000000 0.000000 0.000000 0.000000 0.000000 0.000000 0.000000 0.000000 0.000000 0.000001 0.000001 0.000001 0.000001 0.000001 0.000001 0.000001 0.000001 0.000001 0.000001 0.000001 0.000001 0.000001 0.000001 0.000001 0.000000 0.000000 0.000000 0.000000 0.000000 0.000000 0.000000 0.000000 0.000000 0.000000 0.000000 0.000000 0.000000 0.000000 0.000000 0.000000 0.000000 0.000000 0.000000 0.000000 0.000000 0.000000 0.000000 0.000000 0.000000 0.000000 0.000000 0.000000 0.000000 0.000000 0.000000 0.000000 0.000000 0.000000 0.000000 0.000000 0.000000 0.000000 0.000000 0.000000 0.000000 0.000000 
0.000000 0.000000 0.000000 0.000000 0.000000 0.000000 0.000000 0.000000 0.000000 0.000000 0.000000 0.000000 0.000000 0.000000 0.000000 0.000000 0.000000 0.000000 0.000000 0.000000 0.000000 0.000000 0.000000 0.000000 0.000000 0.000000 0.000000 0.000000 0.000000 0.000000 0.000000 0.000000 0.000000 0.000000 0.000000 0.000000 0.000000 0.000000 0.000000 0.000001 0.000001 0.000001 0.000001 0.000001 0.000002 0.000002 0.000002 0.000002 0.000003 0.000003 0.000003 0.000003 0.000003 0.000002 0.000002 0.000002 0.000002 0.000001 0.000001 0.000001 0.000001 0.000001 0.000000 0.000000 0.000000 0.000000 0.000000 0.000000 0.000000 0.000000 0.000000 0.000000 0.000000 0.000000 0.000000 0.000000 0.000000 0.000000 0.000000 0.000000 0.000000 0.000000 0.000000 0.000000 0.000000 0.000000 0.000000 0.000000 0.000000 0.000000 0.000000 0.000000 0.000000 0.000000 0.000000 0.000000 0.000000 0.000000 0.000000 0.000000 
0.000000 0.000000 0.000000 0.000000 0.000000 0.000000 0.000000 0.000000 0.000000 0.000000 0.000000 0.000000 0.000000 0.000000 0.000000 0.000000 0.000000 0.000000 0.000000 0.000000 0.000000 0.000000 0.000000 0.000000 0.000000 0.000000 0.000000 0.000000 0.000000 0.000000 0.000000 0.000000 0.000000 0.000000 0.000000 0.000000 0.000001 0.000001 0.000001 0.000001 0.000002 0.000002 0.000003 0.000004 0.000004 0.000005 0.000005 0.000006 0.000006 0.000006 0.000006 0.000006 0.000006 0.000006 0.000005 0.000005 0.000004 0.000004 0.000003 0.000002 0.000002 0.000001 0.000001 0.000001 0.000001 0.000000 0.000000 0.000000 0.000000 0.000000 0.000000 0.000000 0.000000 0.000000 0.000000 0.000000 0.000000 0.000000 0.000000 0.000000 0.000000 0.000000 0.000000 0.000000 0.000000 0.000000 0.000000 0.000000 0.000000 0.000000 0.000000 0.000000 0.000000 0.000000 0.000000 0.000000 0.000000 0.000000 0.000000 0.000000 
0.000000 0.000000 0.000000 0.000000 0.000000 0.000000 0.000000 0.000000 0.000000 0.000000 0.000000 0.000000 0.000000 0.000000 0.000000 0.000000 0.000000 0.000000 0.000000 0.000000 0.000000 0.000000 0.000000 0.000000 0.000000 0.000000 0.000000 0.000000 0.000000 0.000000 0.000000 0.000000 0.000000 0.000000 0.000001 0.000001 0.000001 0.000002 0.000003 0.000003 0.000004 0.000006 0.000007 0.000008 0.000010 0.000011 0.000013 0.000014 0.000015 0.000015 0.000015 0.000015 0.000015 0.000014 0.000013 0.000011 0.000010 0.000008 0.000007 0.000006 0.000004 0.000003 0.000003 0.000002 0.000001 0.000001 0.000001 0.000000 0.000000 0.000000 0.000000 0.000000 0.000000 0.000000 0.000000 0.000000 0.000000 0.000000 0.000000 0.000000 0.000000 0.000000 0.000000 0.000000 0.000000 0.000000 0.000000 0.000000 0.000000 0.000000 0.000000 0.000000 0.000000 0.000000 0.000000 0.000000 0.000000 0.000000 0.000000 0.000000 
0.000000 0.000000 0.000000 0.000000 0.000000 0.000000 0.000000 0.000000 0.000000 0.000000 0.000000 0.000000 0.000000 0.000000 0.000000 0.000000 0.000000 0.000000 0.000000 0.000000 0.000000 0.000000 0.000000 0.000000 0.000000 0.000000 0.000000 0.000000 0.000000 0.000000 0.000000 0.000000 0.000001 0.000001 0.000002 0.000002 0.000003 0.000004 0.000006 0.000008 0.000010 0.000013 0.000016 0.000019 0.000023 0.000026 0.000029 0.000032 0.000034 0.000035 0.000035 0.000035 0.000034 0.000032 0.000029 0.000026 0.000023 0.000019 0.000016 0.000013 0.000010 0.000008 0.000006 0.000004 0.000003 0.000002 0.000002 0.000001 0.000001 0.000000 0.000000 0.000000 0.000000 0.000000 0.000000 0.000000 0.000000 0.000000 0.000000 0.000000 0.000000 0.000000 0.000000 0.000000 0.000000 0.000000 0.000000 0.000000 0.000000 0.000000 0.000000 0.000000 0.000000 0.000000 0.000000 0.000000 0.000000 0.000000 0.000000 0.000000 
0.000000 0.000000 0.000000 0.000000 0.000000 0.000000 0.000000 0.000000 0.000000 0.000000 0.000000 0.000000 0.000000 0.000000 0.000000 0.000000 0.000000 0.000000 0.000000 0.000000 0.000000 0.000000 0.000000 0.000000 0.000000 0.000000 0.000000 0.000000 0.000000 0.000000 0.000001 0.000001 0.000002 0.000002 0.000004 0.000005 0.000007 0.000010 0.000014 0.000018 0.000024 0.000030 0.000037 0.000044 0.000052 0.000059 0.000066 0.000072 0.000077 0.000080 0.000081 0.000080 0.000077 0.000072 0.000066 0.000059 0.000052 0.000044 0.000037 0.000030 0.000024 0.000018 0.000014 0.000010 0.000007 0.000005 0.000004 0.000002 0.000002 0.000001 0.000001 0.000000 0.000000 0.000000 0.000000 0.000000 0.000000 0.000000 0.000000 0.000000 0.000000 0.000000 0.000000 0.000000 0.000000 0.000000 0.000000 0.000000 0.000000 0.000000 0.000000 0.000000 0.000000 0.000000 0.000000 0.000000 0.000000 0.000000 0.000000 0.000000 
0.000000 0.000000 0.000000 0.000000 0.000000 0.000000 0.000000 0.000000 0.000000 0.000000 0.000000 0.000000 0.000000 0.000000 0.000000 0.000000 0.000000 0.000000 0.000000 0.000000 0.000000 0.000000 0.000000 0.000000 0.000000 0.000000 0.000000 0.000000 0.000001 0.000001 0.000001 0.000002 0.000004 0.000005 0.000008 0.000012 0.000017 0.000023 0.000031 0.000041 0.000053 0.000067 0.000082 0.000099 0.000116 0.000132 0.000148 0.000161 0.000171 0.000177 0.000180 0.000177 0.000171 0.000161 0.000148 0.000132 0.000116 0.000099 0.000082 0.000067 0.000053 0.000041 0.000031 0.000023 0.000017 0.000012 0.000008 0.000005 0.000004 0.000002 0.000001 0.000001 0.000001 0.000000 0.000000 0.000000 0.000000 0.000000 0.000000 0.000000 0.000000 0.000000 0.000000 0.000000 0.000000 0.000000 0.000000 0.000000 0.000000 0.000000 0.000000 0.000000 0.000000 0.000000 0.000000 0.000000 0.000000 0.000000 0.000000 0.000000 
0.000000 0.000000 0.000000 0.000000 0.000000 0.000000 0.000000 0.000000 0.000000 0.000000 0.000000 0.000000 0.000000 0.000000 0.000000 0.000000 0.000000 0.000000 0.000000 0.000000 0.000000 0.000000 0.000000 0.000000 0.000000 0.000000 0.000000 0.000001 0.000001 0.000002 0.000003 0.000005 0.000008 0.000012 0.000018 0.000026 0.000036 0.000051 0.000068 0.000090 0.000116 0.000147 0.000180 0.000216 0.000253 0.000289 0.000323 0.000352 0.000374 0.000387 0.000392 0.000387 0.000374 0.000352 0.000323 0.000289 0.000253 0.000216 0.000180 0.000147 0.000116 0.000090 0.000068 0.000051 0.000036 0.000026 0.000018 0.000012 0.000008 0.000005 0.000003 0.000002 0.000001 0.000001 0.000000 0.000000 0.000000 0.000000 0.000000 0.000000 0.000000 0.000000 0.000000 0.000000 0.000000 0.000000 0.000000 0.000000 0.000000 0.000000 0.000000 0.000000 0.000000 0.000000 0.000000 0.000000 0.000000 0.000000 0.000000 0.000000 
0.000000 0.000000 0.000000 0.000000 0.000000 0.000000 0.000000 0.000000 0.000000 0.000000 0.000000 0.000000 0.000000 0.000000 0.000000 0.000000 0.000000 0.000000 0.000000 0.000000 0.000000 0.000000 0.000000 0.000000 0.000000 0.000000 0.000001 0.000001 0.000002 0.000004 0.000007 0.000011 0.000017 0.000026 0.000038 0.000055 0.000079 0.000109 0.000147 0.000194 0.000250 0.000315 0.000387 0.000464 0.000543 0.000620 0.000691 0.000753 0.000800 0.000829 0.000839 0.000829 0.000800 0.000753 0.000691 0.000620 0.000543 0.000464 0.000387 0.000315 0.000250 0.000194 0.000147 0.000109 0.000079 0.000055 0.000038 0.000026 0.000017 0.000011 0.000007 0.000004 0.000002 0.000001 0.000001 0.000000 0.000000 0.000000 0.000000 0.000000 0.000000 0.000000 0.000000 0.000000 0.000000 0.000000 0.000000 0.000000 0.000000 0.000000 0.000000 0.000000 0.000000 0.000000 0.000000 0.000000 0.000000 0.000000 0.000000 0.000000 
0.000000 0.000000 0.000000 0.000000 0.000000 0.000000 0.000000 0.000000 0.000000 0.000000 0.000000 0.000000 0.000000 0.000000 0.000000 0.000000 0.000000 0.000000 0.000000 0.000000 0.000000 0.000000 0.000000 0.000000 0.000001 0.000001 0.000002 0.000003 0.000005 0.000009 0.000014 0.000023 0.000036 0.000055 0.000081 0.000117 0.000166 0.000230 0.000310 0.000409 0.000527 0.000662 0.000813 0.000974 0.001139 0.001301 0.001450 0.001578 0.001676 0.001738 0.001759 0.001738 0.001676 0.001578 0.001450 0.001301 0.001139 0.000974 0.000813 0.000662 0.000527 0.000409 0.000310 0.000230 0.000166 0.000117 0.000081 0.000055 0.000036 0.000023 0.000014 0.000009 0.000005 0.000003 0.000002 0.000001 0.000001 0.000000 0.000000 0.000000 0.000000 0.000000 0.000000 0.000000 0.000000 0.000000 0.000000 0.000000 0.000000 0.000000 0.000000 0.000000 0.000000 0.000000 0.000000 0.000000 0.000000 0.000000 0.000000 0.000000 
0.000000 0.000000 0.000000 0.000000 0.000000 0.000000 0.000000 0.000000 0.000000 0.000000 0.000000 0.000000 0.000000 0.000000 0.000000 0.000000 0.000000 0.000000 0.000000 0.000000 0.000000 0.000000 0.000000 0.000001 0.000001 0.000002 0.000004 0.000007 0.000011 0.000019 0.000030 0.000048 0.000075 0.000113 0.000168 0.000243 0.000344 0.000475 0.000640 0.000844 0.001085 0.001363 0.001672 0.002003 0.002342 0.002673 0.002979 0.003241 0.003442 0.003569 0.003612 0.003569 0.003442 0.003241 0.002979 0.002673 0.002342 0.002003 0.001672 0.001363 0.001085 0.000844 0.000640 0.000475 0.000344 0.000243 0.000168 0.000113 0.000075 0.000048 0.000030 0.000019 0.000011 0.000007 0.000004 0.000002 0.000001 0.000001 0.000000 0.000000 0.000000 0.000000 0.000000 0.000000 0.000000 0.000000 0.000000 0.000000 0.000000 0.000000 0.000000 0.000000 0.000000 0.000000 0.000000 0.000000 0.000000 0.000000 0.000000 0.000000 
0.000000 0.000000 0.000000 0.000000 0.000000 0.000000 0.000000 0.000000 0.000000 0.000000 0.000000 0.000000 0.000000 0.000000 0.000000 0.000000 0.000000 0.000000 0.000000 0.000000 0.000000 0.000000 0.000001 0.000001 0.000002 0.000004 0.000008 0.000013 0.000023 0.000038 0.000062 0.000098 0.000152 0.000230 0.000340 0.000492 0.000696 0.000960 0.001294 0.001703 0.002190 0.002749 0.003370 0.004034 0.004714 0.005379 0.005993 0.006518 0.006921 0.007175 0.007262 0.007175 0.006921 0.006518 0.005993 0.005379 0.004714 0.004034 0.003370 0.002749 0.002190 0.001703 0.001294 0.000960 0.000696 0.000492 0.000340 0.000230 0.000152 0.000098 0.000062 0.000038 0.000023 0.000013 0.000008 0.000004 0.000002 0.000001 0.000001 0.000000 0.000000 0.000000 0.000000 0.000000 0.000000 0.000000 0.000000 0.000000 0.000000 0.000000 0.000000 0.000000 0.000000 0.000000 0.000000 0.000000 0.000000 0.000000 0.000000 0.000000 
0.000000 0.000000 0.000000 0.000000 0.000000 0.000000 0.000000 0.000000 0.000000 0.000000 0.000000 0.000000 0.000000 0.000000 0.000000 0.000000 0.000000 0.000000 0.000000 0.000000 0.000000 0.000001 0.000001 0.000003 0.000005 0.000009 0.000015 0.000027 0.000046 0.000076 0.000123 0.000195 0.000302 0.000457 0.000676 0.000977 0.001379 0.001901 0.002561 0.003368 0.004327 0.005428 0.006650 0.007955 0.009293 0.010600 0.011805 0.012836 0.013628 0.014127 0.014297 0.014127 0.013628 0.012836 0.011805 0.010600 0.009293 0.007955 0.006650 0.005428 0.004327 0.003368 0.002561 0.001901 0.001379 0.000977 0.000676 0.000457 0.000302 0.000195 0.000123 0.000076 0.000046 0.000027 0.000015 0.000009 0.000005 0.000003 0.000001 0.000001 0.000000 0.000000 0.000000 0.000000 0.000000 0.000000 0.000000 0.000000 0.000000 0.000000 0.000000 0.000000 0.000000 0.000000 0.000000 0.000000 0.000000 0.000000 0.000000 0.000000 
0.000000 0.000000 0.000000 0.000000 0.000000 0.000000 0.000000 0.000000 0.000000 0.000000 0.000000 0.000000 0.000000 0.000000 0.000000 0.000000 0.000000 0.000000 0.000000 0.000000 0.000001 0.000001 0.000003 0.000005 0.000009 0.000017 0.000030 0.000053 0.000090 0.000148 0.000240 0.000381 0.000589 0.000890 0.001315 0.001898 0.002676 0.003687 0.004961 0.006520 0.008369 0.010493 0.012847 0.015361 0.017936 0.020450 0.022769 0.024753 0.026275 0.027233 0.027560 0.027233 0.026275 0.024753 0.022769 0.020450 0.017936 0.015361 0.012847 0.010493 0.008369 0.006520 0.004961 0.003687 0.002676 0.001898 0.001315 0.000890 0.000589 0.000381 0.000240 0.000148 0.000090 0.000053 0.000030 0.000017 0.000009 0.000005 0.000003 0.000001 0.000001 0.000000 0.000000 0.000000 0.000000 0.000000 0.000000 0.000000 0.000000 0.000000 0.000000 0.000000 0.000000 0.000000 0.000000 0.000000 0.000000 0.000000 0.000000 0.000000 
0.000000 0.000000 0.000000 0.000000 0.000000 0.000000 0.000000 0.000000 0.000000 0.000000 0.000000 0.000000 0.000000 0.000000 0.000000 0.000000 0.000000 0.000000 0.000000 0.000001 0.000001 0.000003 0.000005 0.000010 0.000018 0.000033 0.000059 0.000101 0.000172 0.000284 0.000460 0.000727 0.001123 0.001696 0.002503 0.003609 0.005084 0.006997 0.009407 0.012354 0.015848 0.019856 0.024298 0.029038 0.033892 0.038629 0.042995 0.046730 0.049596 0.051399 0.052015 0.051399 0.049596 0.046730 0.042995 0.038629 0.033892 0.029038 0.024298 0.019856 0.015848 0.012354 0.009407 0.006997 0.005084 0.003609 0.002503 0.001696 0.001123 0.000727 0.000460 0.000284 0.000172 0.000101 0.000059 0.000033 0.000018 0.000010 0.000005 0.000003 0.000001 0.000001 0.000000 0.000000 0.000000 0.000000 0.000000 0.000000 0.000000 0.000000 0.000000 0.000000 0.000000 0.000000 0.000000 0.000000 0.000000 0.000000 0.000000 0.000000 
0.000000 0.000000 0.000000 0.000000 0.000000 0.000000 0.000000 0.000000 0.000000 0.000000 0.000000 0.000000 0.000000 0.000000 0.000000 0.000000 0.000000 0.000000 0.000001 0.000001 0.000003 0.000005 0.000010 0.000019 0.000034 0.000062 0.000110 0.000191 0.000322 0.000532 0.000860 0.001358 0.002097 0.003163 0.004663 0.006716 0.009452 0.012998 0.017461 0.022914 0.029374 0.036782 0.044985 0.053736 0.062691 0.071428 0.079478 0.086364 0.091645 0.094969 0.096103 0.094969 0.091645 0.086364 0.079478 0.071428 0.062691 0.053736 0.044985 0.036782 0.029374 0.022914 0.017461 0.012998 0.009452 0.006716 0.004663 0.003163 0.002097 0.001358 0.000860 0.000532 0.000322 0.000191 0.000110 0.000062 0.000034 0.000019 0.000010 0.000005 0.000003 0.000001 0.000001 0.000000 0.000000 0.000000 0.000000 0.000000 0.000000 0.000000 0.000000 0.000000 0.000000 0.000000 0.000000 0.000000 0.000000 0.000000 0.000000 0.000000 
0.000000 0.000000 0.000000 0.000000 0.000000 0.000000 0.000000 0.000000 0.000000 0.000000 0.000000 0.000000 0.000000 0.000000 0.000000 0.000000 0.000000 0.000001 0.000001 0.000002 0.000005 0.000009 0.000018 0.000034 0.000064 0.000115 0.000203 0.000350 0.000591 0.000976 0.001575 0.002484 0.003830 0.005771 0.008499 0.012231 0.017199 0.023630 0.031719 0.041597 0.053290 0.066688 0.081519 0.097331 0.113505 0.129281 0.143811 0.156236 0.165766 0.171761 0.173807 0.171761 0.165766 0.156236 0.143811 0.129281 0.113505 0.097331 0.081519 0.066688 0.053290 0.041597 0.031719 0.023630 0.017199 0.012231 0.008499 0.005771 0.003830 0.002484 0.001575 0.000976 0.000591 0.000350 0.000203 0.000115 0.000064 0.000034 0.000018 0.000009 0.000005 0.000002 0.000001 0.000001 0.000000 0.000000 0.000000 0.000000 0.000000 0.000000 0.000000 0.000000 0.000000 0.000000 0.000000 0.000000 0.000000 0.000000 0.000000 0.000000 
0.000000 0.000000 0.000000 0.000000 0.000000 0.000000 0.000000 0.000000 0.000000 0.000000 0.000000 0.000000 0.000000 0.000000 0.000000 0.000000 0.000000 0.000001 0.000002 0.000004 0.000009 0.000017 0.000033 0.000062 0.000115 0.000207 0.000365 0.000630 0.001062 0.001750 0.002821 0.004444 0.006845 0.010304 0.015159 0.021795 0.030622 0.042039 0.056389 0.073898 0.094612 0.118333 0.144576 0.172543 0.201138 0.229017 0.254689 0.276636 0.293465 0.304051 0.307664 0.304051 0.293465 0.276636 0.254689 0.229017 0.201138 0.172543 0.144576 0.118333 0.094612 0.073898 0.056389 0.042039 0.030622 0.021795 0.015159 0.010304 0.006845 0.004444 0.002821 0.001750 0.001062 0.000630 0.000365 0.000207 0.000115 0.000062 0.000033 0.000017 0.000009 0.000004 0.000002 0.000001 0.000000 0.000000 0.000000 0.000000 0.000000 0.000000 0.000000 0.000000 0.000000 0.000000 0.000000 0.000000 0.000000 0.000000 0.000000 0.000000 
0.000000 0.000000 0.000000 0.000000 0.000000 0.000000 0.000000 0.000000 0.000000 0.000000 0.000000 0.000000 0.000000 0.000000 0.000000 0.000000 0.000001 0.000002 0.000004 0.000008 0.000015 0.000030 0.000059 0.000110 0.000203 0.000365 0.000643 0.001107 0.001865 0.003070 0.004943 0.007779 0.011968 0.017998 0.026455 0.038002 0.053348 0.073182 0.098093 0.128466 0.164377 0.205478 0.250925 0.299336 0.348813 0.397036 0.441427 0.479369 0.508458 0.526755 0.533000 0.526755 0.508458 0.479369 0.441427 0.397036 0.348813 0.299336 0.250925 0.205478 0.164377 0.128466 0.098093 0.073182 0.053348 0.038002 0.026455 0.017998 0.011968 0.007779 0.004943 0.003070 0.001865 0.001107 0.000643 0.000365 0.000203 0.000110 0.000059 0.000030 0.000015 0.000008 0.000004 0.000002 0.000001 0.000000 0.000000 0.000000 0.000000 0.000000 0.000000 0.000000 0.000000 0.000000 0.000000 0.000000 0.000000 0.000000 0.000000 0.000000 
0.000000 0.000000 0.000000 0.000000 0.000000 0.000000 0.000000 0.000000 0.000000 0.000000 0.000000 0.000000 0.000000 0.000000 0.000000 0.000001 0.000001 0.000003 0.000007 0.000013 0.000027 0.000053 0.000101 0.000191 0.000350 0.000630 0.001107 0.001904 0.003203 0.005268 0.008471 0.013319 0.020471 0.030755 0.045165 0.064825 0.090930 0.124644 0.166958 0.218518 0.279440 0.349130 0.426150 0.508157 0.591936 0.673567 0.748690 0.812885 0.862094 0.893042 0.903604 0.893042 0.862094 0.812885 0.748690 0.673567 0.591936 0.508157 0.426150 0.349130 0.279440 0.218518 0.166958 0.124644 0.090930 0.064825 0.045165 0.030755 0.020471 0.013319 0.008471 0.005268 0.003203 0.001904 0.001107 0.000630 0.000350 0.000191 0.000101 0.000053 0.000027 0.000013 0.000007 0.000003 0.000001 0.000001 0.000000 0.000000 0.000000 0.000000 0.000000 0.000000 0.000000 0.000000 0.000000 0.000000 0.000000 0.000000 0.000000 0.000000 
0.000000 0.000000 0.000000 0.000000 0.000000 0.000000 0.000000 0.000000 0.000000 0.000000 0.000000 0.000000 0.000000 0.000000 0.000001 0.000001 0.000002 0.000005 0.000011 0.000023 0.000046 0.000090 0.000172 0.000322 0.000591 0.001062 0.001865 0.003203 0.005381 0.008840 0.014201 0.022304 0.034248 0.051408 0.075429 0.108175 0.151623 0.207693 0.278018 0.363655 0.464783 0.580404 0.708128 0.844062 0.982885 1.118103 1.242510 1.348797 1.430257 1.481484 1.498965 1.481484 1.430257 1.348797 1.242510 1.118103 0.982885 0.844062 0.708128 0.580404 0.464783 0.363655 0.278018 0.207693 0.151623 0.108175 0.075429 0.051408 0.034248 0.022304 0.014201 0.008840 0.005381 0.003203 0.001865 0.001062 0.000591 0.000322 0.000172 0.000090 0.000046 0.000023 0.000011 0.000005 0.000002 0.000001 0.000001 0.000000 0.000000 0.000000 0.000000 0.000000 0.000000 0.000000 0.000000 0.000000 0.000000 0.000000 0.000000 0.000000 
0.000000 0.000000 0.000000 0.000000 0.000000 0.000000 0.000000 0.000000 0.000000 0.000000 0.000000 0.000000 0.000000 0.000000 0.000001 0.000002 0.000004 0.000009 0.000019 0.000038 0.000076 0.000148 0.000284 0.000532 0.000976 0.001750 0.003070 0.005268 0.008840 0.014508 0.023282 0.036531 0.056042 0.084049 0.123220 0.176575 0.247315 0.338543 0.452888 0.592048 0.756288 0.943974 1.151209 1.371679 1.596753 1.815916 2.017505 2.189699 2.321650 2.404620 2.432933 2.404620 2.321650 2.189699 2.017505 1.815916 1.596753 1.371679 1.151209 0.943974 0.756288 0.592048 0.452888 0.338543 0.247315 0.176575 0.123220 0.084049 0.056042 0.036531 0.023282 0.014508 0.008840 0.005268 0.003070 0.001750 0.000976 0.000532 0.000284 0.000148 0.000076 0.000038 0.000019 0.000009 0.000004 0.000002 0.000001 0.000000 0.000000 0.000000 0.000000 0.000000 0.000000 0.000000 0.000000 0.000000 0.000000 0.000000 0.000000 0.000000 
0.000000 0.000000 0.000000 0.000000 0.000000 0.000000 0.000000 0.000000 0.000000 0.000000 0.000000 0.000000 0.000000 0.000001 0.000001 0.000003 0.000007 0.000014 0.000030 0.000062 0.000123 0.000240 0.000460 0.000860 0.001575 0.002821 0.004943 0.008471 0.014201 0.023282 0.037326 0.058513 0.089685 0.134392 0.196871 0.281909 0.394575 0.539773 0.721651 0.942873 1.203826 1.501887 1.830854 2.180692 2.537717 2.885265 3.204867 3.477811 3.686938 3.818422 3.863288 3.818422 3.686938 3.477811 3.204867 2.885265 2.537717 2.180692 1.830854 1.501887 1.203826 0.942873 0.721651 0.539773 0.394575 0.281909 0.196871 0.134392 0.089685 0.058513 0.037326 0.023282 0.014201 0.008471 0.004943 0.002821 0.001575 0.000860 0.000460 0.000240 0.000123 0.000062 0.000030 0.000014 0.000007 0.000003 0.000001 0.000001 0.000000 0.000000 0.000000 0.000000 0.000000 0.000000 0.000000 0.000000 0.000000 0.000000 0.000000 0.000000 
0.000000 0.000000 0.000000 0.000000 0.000000 0.000000 0.000000 0.000000 0.000000 0.000000 0.000000 0.000000 0.000000 0.000001 0.000002 0.000005 0.000011 0.000023 0.000048 0.000098 0.000195 0.000381 0.000727 0.001358 0.002484 0.004444 0.007779 0.013319 0.022304 0.036531 0.058513 0.091647 0.140352 0.210149 0.307616 0.440181 0.615692 0.841738 1.124722 1.468729 1.874317 2.337369 2.848221 3.391287 3.945329 4.484517 4.980234 5.403505 5.727766 5.931620 6.001177 5.931620 5.727766 5.403505 4.980234 4.484517 3.945329 3.391287 2.848221 2.337369 1.874317 1.468729 1.124722 0.841738 0.615692 0.440181 0.307616 0.210149 0.140352 0.091647 0.058513 0.036531 0.022304 0.013319 0.007779 0.004444 0.002484 0.001358 0.000727 0.000381 0.000195 0.000098 0.000048 0.000023 0.000011 0.000005 0.000002 0.000001 0.000000 0.000000 0.000000 0.000000 0.000000 0.000000 0.000000 0.000000 0.000000 0.000000 0.000000 0.000000 
0.000000 0.000000 0.000000 0.000000 0.000000 0.000000 0.000000 0.000000 0.000000 0.000000 0.000000 0.000000 0.000001 0.000002 0.000004 0.000008 0.000017 0.000036 0.000075 0.000152 0.000302 0.000589 0.001123 0.002097 0.003830 0.006845 0.011968 0.020471 0.034248 0.056042 0.089685 0.140352 0.214771 0.321334 0.470033 0.672138 0.939546 1.283740 1.714387 2.237629 2.854241 3.557907 4.333909 5.158555 5.999612 6.817905 7.570061 8.212181 8.704034 9.013222 9.118714 9.013222 8.704034 8.212181 7.570061 6.817905 5.999612 5.158555 4.333909 3.557907 2.854241 2.237629 1.714387 1.283740 0.939546 0.672138 0.470033 0.321334 0.214771 0.140352 0.089685 0.056042 0.034248 0.020471 0.011968 0.006845 0.003830 0.002097 0.001123 0.000589 0.000302 0.000152 0.000075 0.000036 0.000017 0.000008 0.000004 0.000002 0.000001 0.000000 0.000000 0.000000 0.000000 0.000000 0.000000 0.000000 0.000000 0.000000 0.000000 0.000000 
0.000000 0.000000 0.000000 0.000000 0.000000 0.000000 0.000000 0.000000 0.000000 0.000000 0.000000 0.000000 0.000001 0.000002 0.000005 0.000012 0.000026 0.000055 0.000113 0.000230 0.000457 0.000890 0.001696 0.003163 0.005771 0.010304 0.017998 0.030755 0.051408 0.084049 0.134392 0.210149 0.321334 0.480426 0.702271 1.003596 1.402036 1.914596 2.555555 3.333944 4.250818 5.296705 6.449679 7.674522 8.923379 10.138133 11.254474 12.207344 12.937135 13.395857 13.552362 13.395857 12.937135 12.207344 11.254474 10.138133 8.923379 7.674522 6.449679 5.296705 4.250818 3.333944 2.555555 1.914596 1.402036 1.003596 0.702271 0.480426 0.321334 0.210149 0.134392 0.084049 0.051408 0.030755 0.017998 0.010304 0.005771 0.003163 0.001696 0.000890 0.000457 0.000230 0.000113 0.000055 0.000026 0.000012 0.000005 0.000002 0.000001 0.000000 0.000000 0.000000 0.000000 0.000000 0.000000 0.000000 0.000000 0.000000 0.000000 0.000000 
0.000000 0.000000 0.000000 0.000000 0.000000 0.000000 0.000000 0.000000 0.000000 0.000000 0.000000 0.000001 0.000002 0.000004 0.000008 0.000018 0.000038 0.000081 0.000168 0.000340 0.000676 0.001315 0.002503 0.004663 0.008499 0.015159 0.026455 0.045165 0.075429 0.123220 0.196871 0.307616 0.470033 0.702271 1.025901 1.465206 2.045760 2.792188 3.725131 4.857580 6.190934 7.711312 9.386771 11.166112 12.979842 14.743628 16.364206 17.747257 18.806395 19.472081 19.699188 19.472081 18.806395 17.747257 16.364206 14.743628 12.979842 11.166112 9.386771 7.711312 6.190934 4.857580 3.725131 2.792188 2.045760 1.465206 1.025901 0.702271 0.470033 0.307616 0.196871 0.123220 0.075429 0.045165 0.026455 0.015159 0.008499 0.004663 0.002503 0.001315 0.000676 0.000340 0.000168 0.000081 0.000038 0.000018 0.000008 0.000004 0.000002 0.000001 0.000000 0.000000 0.000000 0.000000 0.000000 0.000000 0.000000 0.000000 0.000000 0.000000 
0.000000 0.000000 0.000000 0.000000 0.000000 0.000000 0.000000 0.000000 0.000000 0.000000 0.000000 0.000001 0.000002 0.000005 0.000012 0.000026 0.000055 0.000117 0.000243 0.000492 0.000977 0.001898 0.003609 0.006716 0.012231 0.021795 0.038002 0.064825 0.108175 0.176575 0.281909 0.440181 0.672138 1.003596 1.465206 2.091446 2.918587 3.981514 5.309411 6.920567 8.816789 10.978194 13.359280 15.887254 18.463422 20.968100 23.268990 25.232350 26.735722 27.680545 28.002873 27.680545 26.735722 25.232350 23.268990 20.968100 18.463422 15.887254 13.359280 10.978194 8.816789 6.920567 5.309411 3.981514 2.918587 2.091446 1.465206 1.003596 0.672138 0.440181 0.281909 0.176575 0.108175 0.064825 0.038002 0.021795 0.012231 0.006716 0.003609 0.001898 0.000977 0.000492 0.000243 0.000117 0.000055 0.000026 0.000012 0.000005 0.000002 0.000001 0.000000 0.000000 0.000000 0.000000 0.000000 0.000000 0.000000 0.000000 0.000000 0.000000 
0.000000 0.000000 0.000000 0.000000 0.000000 0.000000 0.000000 0.000000 0.000000 0.000000 0.000001 0.000001 0.000003 0.000007 0.000017 0.000036 0.000079 0.000166 0.000344 0.000696 0.001379 0.002676 0.005084 0.009452 0.017199 0.030622 0.053348 0.090930 0.151623 0.247315 0.394575 0.615692 0.939546 1.402036 2.045760 2.918587 4.070833 5.550831 7.398947 9.640367 12.277375 15.282131 18.591260 22.103560 25.681957 29.160331 32.355143 35.080915 37.167860 38.479351 38.926752 38.479351 37.167860 35.080915 32.355143 29.160331 25.681957 22.103560 18.591260 15.282131 12.277375 9.640367 7.398947 5.550831 4.070833 2.918587 2.045760 1.402036 0.939546 0.615692 0.394575 0.247315 0.151623 0.090930 0.053348 0.030622 0.017199 0.009452 0.005084 0.002676 0.001379 0.000696 0.000344 0.000166 0.000079 0.000036 0.000017 0.000007 0.000003 0.000001 0.000001 0.000000 0.000000 0.000000 0.000000 0.000000 0.000000 0.000000 0.000000 0.000000 
0.000000 0.000000 0.000000 0.000000 0.000000 0.000000 0.000000 0.000000 0.000000 0.000000 0.000001 0.000002 0.000004 0.000010 0.000023 0.000051 0.000109 0.000230 0.000475 0.000960 0.001901 0.003687 0.006997 0.012998 0.023630 0.042039 0.073182 0.124644 0.207693 0.338543 0.539773 0.841738 1.283740 1.914596 2.792188 3.981514 5.550831 7.565636 10.080537 13.129475 16.715258 20.799792 25.296782 30.068648 34.929222 39.653023 43.991035 47.691694 50.524771 52.305037 52.912336 52.305037 50.524771 47.691694 43.991035 39.653023 34.929222 30.068648 25.296782 20.799792 16.715258 13.129475 10.080537 7.565636 5.550831 3.981514 2.792188 1.914596 1.283740 0.841738 0.539773 0.338543 0.207693 0.124644 0.073182 0.042039 0.023630 0.012998 0.006997 0.003687 0.001901 0.000960 0.000475 0.000230 0.000109 0.000051 0.000023 0.000010 0.000004 0.000002 0.000001 0.000000 0.000000 0.000000 0.000000 0.000000 0.000000 0.000000 0.000000 0.000000 
0.000000 0.000000 0.000000 0.000000 0.000000 0.000000 0.000000 0.000000 0.000000 0.000000 0.000001 0.000003 0.000006 0.000014 0.000031 0.000068 0.000147 0.000310 0.000640 0.001294 0.002561 0.004961 0.009407 0.017461 0.031719 0.056389 0.098093 0.166958 0.278018 0.452888 0.721651 1.124722 1.714387 2.555555 3.725131 5.309411 7.398947 10.080537 13.426439 17.481401 22.248787 27.677665 33.653151 39.992377 46.448101 52.721045 58.480823 63.393772 67.154594 69.517701 70.323799 69.517701 67.154594 63.393772 58.480823 52.721045 46.448101 39.992377 33.653151 27.677665 22.248787 17.481401 13.426439 10.080537 7.398947 5.309411 3.725131 2.555555 1.714387 1.124722 0.721651 0.452888 0.278018 0.166958 0.098093 0.056389 0.031719 0.017461 0.009407 0.004961 0.002561 0.001294 0.000640 0.000310 0.000147 0.000068 0.000031 0.000014 0.000006 0.000003 0.000001 0.000000 0.000000 0.000000 0.000000 0.000000 0.000000 0.000000 0.000000 0.000000 
0.000000 0.000000 0.000000 0.000000 0.000000 0.000000 0.000000 0.000000 0.000000 0.000001 0.000001 0.000003 0.000008 0.000018 0.000041 0.000090 0.000194 0.000409 0.000844 0.001703 0.003368 0.006520 0.012354 0.022914 0.041597 0.073898 0.128466 0.218518 0.363655 0.592048 0.942873 1.468729 2.237629 3.333944 4.857580 6.920567 9.640367 13.129475 17.481401 22.753855 28.950775 36.005611 43.768850 52.002849 60.386557 68.531556 76.009217 82.386777 87.268343 90.335499 91.381733 90.335499 87.268343 82.386777 76.009217 68.531556 60.386557 52.002849 43.768850 36.005611 28.950775 22.753855 17.481401 13.129475 9.640367 6.920567 4.857580 3.333944 2.237629 1.468729 0.942873 0.592048 0.363655 0.218518 0.128466 0.073898 0.041597 0.022914 0.012354 0.006520 0.003368 0.001703 0.000844 0.000409 0.000194 0.000090 0.000041 0.000018 0.000008 0.000003 0.000001 0.000001 0.000000 0.000000 0.000000 0.000000 0.000000 0.000000 0.000000 0.000000 
0.000000 0.000000 0.000000 0.000000 0.000000 0.000000 0.000000 0.000000 0.000000 0.000001 0.000002 0.000004 0.000010 0.000024 0.000053 0.000116 0.000250 0.000527 0.001085 0.002190 0.004327 0.008369 0.015848 0.029374 0.053290 0.094612 0.164377 0.279440 0.464783 0.756288 1.203826 1.874317 2.854241 4.250818 6.190934 8.816789 12.277375 16.715258 22.248787 28.950775 36.825718 45.788645 55.649354 66.105917 76.750730 87.090897 96.582680 104.677234 110.872569 114.764989 116.092693 114.764989 110.872569 104.677234 96.582680 87.090897 76.750730 66.105917 55.649354 45.788645 36.825718 28.950775 22.248787 16.715258 12.277375 8.816789 6.190934 4.250818 2.854241 1.874317 1.203826 0.756288 0.464783 0.279440 0.164377 0.094612 0.053290 0.029374 0.015848 0.008369 0.004327 0.002190 0.001085 0.000527 0.000250 0.000116 0.000053 0.000024 0.000010 0.000004 0.000002 0.000001 0.000000 0.000000 0.000000 0.000000 0.000000 0.000000 0.000000 0.000000 
0.000000 0.000000 0.000000 0.000000 0.000000 0.000000 0.000000 0.000000 0.000000 0.000001 0.000002 0.000006 0.000013 0.000030 0.000067 0.000147 0.000315 0.000662 0.001363 0.002749 0.005428 0.010493 0.019856 0.036782 0.066688 0.118333 0.205478 0.349130 0.580404 0.943974 1.501887 2.337369 3.557907 5.296705 7.711312 10.978194 15.282131 20.799792 27.677665 36.005611 45.788645 56.920761 69.165439 82.147672 95.361524 108.195456 119.975057 130.019739 137.707120 142.536747 144.184095 142.536747 137.707120 130.019739 119.975057 108.195456 95.361524 82.147672 69.165439 56.920761 45.788645 36.005611 27.677665 20.799792 15.282131 10.978194 7.711312 5.296705 3.557907 2.337369 1.501887 0.943974 0.580404 0.349130 0.205478 0.118333 0.066688 0.036782 0.019856 0.010493 0.005428 0.002749 0.001363 0.000662 0.000315 0.000147 0.000067 0.000030 0.000013 0.000006 0.000002 0.000001 0.000000 0.000000 0.000000 0.000000 0.000000 0.000000 0.000000 0.000000 
0.000000 0.000000 0.000000 0.000000 0.000000 0.000000 0.000000 0.000000 0.000000 0.000001 0.000003 0.000007 0.000016 0.000037 0.000082 0.000180 0.000387 0.000813 0.001672 0.003370 0.006650 0.012847 0.024298 0.044985 0.081519 0.144576 0.250925 0.426150 0.708128 1.151209 1.830854 2.848221 4.333909 6.449679 9.386771 13.359280 18.591260 25.296782 33.653151 43.768850 55.649354 69.165439 84.029629 99.786597 115.822406 131.395258 145.687316 157.873422 167.199105 173.057762 175.056063 173.057762 167.199105 157.873422 145.687316 131.395258 115.822406 99.786597 84.029629 69.165439 55.649354 43.768850 33.653151 25.296782 18.591260 13.359280 9.386771 6.449679 4.333909 2.848221 1.830854 1.151209 0.708128 0.426150 0.250925 0.144576 0.081519 0.044985 0.024298 0.012847 0.006650 0.003370 0.001672 0.000813 0.000387 0.000180 0.000082 0.000037 0.000016 0.000007 0.000003 0.000001 0.000000 0.000000 0.000000 0.000000 0.000000 0.000000 0.000000 0.000000 
0.000000 0.000000 0.000000 0.000000 0.000000 0.000000 0.000000 0.000000 0.000001 0.000001 0.000004 0.000008 0.000019 0.000044 0.000099 0.000216 0.000464 0.000974 0.002003 0.004034 0.007955 0.015361 0.029038 0.053736 0.097331 0.172543 0.299336 0.508157 0.844062 1.371679 2.180692 3.391287 5.158555 7.674522 11.166112 15.887254 22.103560 30.068648 39.992377 52.002849 66.105917 82.147672 99.786597 118.482275 137.506404 155.979312 172.931385 187.384509 198.444480 205.392416 207.762211 205.392416 198.444480 187.384509 172.931385 155.979312 137.506404 118.482275 99.786597 82.147672 66.105917 52.002849 39.992377 30.068648 22.103560 15.887254 11.166112 7.674522 5.158555 3.391287 2.180692 1.371679 0.844062 0.508157 0.299336 0.172543 0.097331 0.053736 0.029038 0.015361 0.007955 0.004034 0.002003 0.000974 0.000464 0.000216 0.000099 0.000044 0.000019 0.000008 0.000004 0.000001 0.000001 0.000000 0.000000 0.000000 0.000000 0.000000 0.000000 0.000000 
