0.000000 0.000000 0.000000 0.000000 0.000000 0.000000 0.000000 0.000000 0.000000 0.000000 0.000000 0.000000 0.000000 0.000000 0.000000 0.000000 0.000000 0.000000 0.000000 0.000000 0.000000 0.000000 0.000000 0.000000 0.000000 0.000000 0.000000 0.000000 0.000000 0.000000 0.000000 0.000000 0.000000 0.000000 0.000000 0.000000 0.000000 0.000000 0.000000 0.000000 0.000000 0.000000 0.000000 0.000000 0.000000 0.000000 0.000000 0.000000 0.000000 0.000000 0.000000 0.000000 0.000000 0.000000 0.000000 0.000000 0.000000 0.000000 0.000000 0.000000 0.000000 0.000000 0.000000 0.000000 0.000000 0.000000 0.000000 0.000000 0.000000 0.000000 0.000000 0.000000 0.000000 0.000000 0.000000 0.000000 0.000000 0.000000 0.000000 0.000000 0.000000 0.000000 0.000000 0.000000 0.000000 0.000000 0.000000 0.000000 0.000000 0.000000 0.000000 0.000000 0.000000 0.000000 0.000000 0.000000 0.000000 0.000000 0.000000 0.000000 
0.000000 0.000000 0.000000 0.000000 0.000000 0.000000 0.000000 0.000000 0.000000 0.000000 0.000000 0.000000 0.000000 0.000000 0.000000 0.000000 0.000000 0.000000 0.000000 0.000000 0.000000 0.000000 0.000000 0.000000 0.000000 0.000000 0.000000 0.000000 0.000000 0.000000 0.000000 0.000000 0.000000 0.000000 0.000001 0.000001 0.000001 0.000001 0.000001 0.000002 0.000002 0.000002 0.000003 0.000003 0.000003 0.000004 0.000004 0.000004 0.000004 0.000004 0.000005 0.000004 0.000004 0.000004 0.000004 0.000004 0.000003 0.000003 0.000003 0.000002 0.000002 0.000002 0.000001 0.000001 0.000001 0.000001 0.000001 0.000000 0.000000 0.000000 0.000000 0.000000 0.000000 0.000000 0.000000 0.000000 0.000000 0.000000 0.000000 0.000000 0.000000 0.000000 0.000000 0.000000 0.000000 0.000000 0.000000 0.000000 0.000000 0.000000 0.000000 0.000000 0.000000 0.000000 0.000000 0.000000 0.000000 0.000000 0.000000 0.000000 
0.000000 0.000000 0.000000 0.000000 0.000000 0.000000 0.000000 0.000000 0.000000 0.000000 0.000000 0.000000 0.000000 0.000000 0.000000 0.000000 0.000000 0.000000 0.000000 0.000000 0.000000 0.000000 0.000000 0.000000 0.000000 0.000000 0.000000 0.000000 0.000000 0.000000 0.000001 0.000001 0.000001 0.000001 0.000002 0.000002 0.000002 0.000003 0.000004 0.000004 0.000005 0.000006 0.000007 0.000008 0.000009 0.000009 0.000010 0.000010 0.000011 0.000011 0.000011 0.000011 0.000011 0.000010 0.000010 0.000009 0.000009 0.000008 0.000007 0.000006 0.000005 0.000004 0.000004 0.000003 0.000002 0.000002 0.000002 0.000001 0.000001 0.000001 0.000001 0.000000 0.000000 0.000000 0.000000 0.000000 0.000000 0.000000 0.000000 0.000000 0.000000 0.000000 0.000000 0.000000 0.000000 0.000000 0.000000 0.000000 0.000000 0.000000 0.000000 0.000000 0.000000 0.000000 0.000000 0.000000 0.000000 0.000000 0.000000 0.000000 
0.000000 0.000000 0.000000 0.000000 0.000000 0.000000 0.000000 0.000000 0.000000 0.000000 0.000000 0.000000 0.000000 0.000000 0.000000 0.000000 0.000000 0.000000 0.000000 0.000000 0.000000 0.000000 0.000000 0.000000 0.000000 0.000000 0.000000 0.000000 0.000001 0.000001 0.000001 0.000001 0.000002 0.000002 0.000003 0.000004 0.000005 0.000006 0.000008 0.000009 0.000011 0.000012 0.000014 0.000016 0.000018 0.000019 0.000021 0.000022 0.000023 0.000023 0.000023 0.000023 0.000023 0.000022 0.000021 0.000019 0.000018 0.000016 0.000014 0.000012 0.000011 0.000009 0.000008 0.000006 0.000005 0.000004 0.000003 0.000002 0.000002 0.000001 0.000001 0.000001 0.000001 0.000000 0.000000 0.000000 0.000000 0.000000 0.000000 0.000000 0.000000 0.000000 0.000000 0.000000 0.000000 0.000000 0.000000 0.000000 0.000000 0.000000 0.000000 0.000000 0.000000 0.000000 0.000000 0.000000 0.000000 0.000000 0.000000 0.000000 
0.000000 0.000000 0.000000 0.000000 0.000000 0.000000 0.000000 0.000000 0.000000 0.000000 0.000000 0.000000 0.000000 0.000000 0.000000 0.000000 0.000000 0.000000 0.000000 0.000000 0.000000 0.000000 0.000000 0.000000 0.000000 0.000000 0.000001 0.000001 0.000001 0.000002 0.000002 0.000003 0.000004 0.000005 0.000006 0.000008 0.000010 0.000012 0.000015 0.000018 0.000021 0.000025 0.000028 0.000031 0.000035 0.000038 0.000041 0.000043 0.000045 0.000046 0.000046 0.000046 0.000045 0.000043 0.000041 0.000038 0.000035 0.000031 0.000028 0.000025 0.000021 0.000018 0.000015 0.000012 0.000010 0.000008 0.000006 0.000005 0.000004 0.000003 0.000002 0.000002 0.000001 0.000001 0.000001 0.000000 0.000000 0.000000 0.000000 0.000000 0.000000 0.000000 0.000000 0.000000 0.000000 0.000000 0.000000 0.000000 0.000000 0.000000 0.000000 0.000000 0.000000 0.000000 0.000000 0.000000 0.000000 0.000000 0.000000 0.000000 
0.000000 0.000000 0.000000 0.000000 0.000000 0.000000 0.000000 0.000000 0.000000 0.000000 0.000000 0.000000 0.000000 0.000000 0.000000 0.000000 0.000000 0.000000 0.000000 0.000000 0.000000 0.000000 0.000000 0.000000 0.000000 0.000001 0.000001 0.000002 0.000002 0.000003 0.000004 0.000005 0.000007 0.000010 0.000012 0.000016 0.000020 0.000024 0.000029 0.000035 0.000041 0.000047 0.000054 0.000061 0.000067 0.000073 0.000078 0.000083 0.000086 0.000088 0.000089 0.000088 0.000086 0.000083 0.000078 0.000073 0.000067 0.000061 0.000054 0.000047 0.000041 0.000035 0.000029 0.000024 0.000020 0.000016 0.000012 0.000010 0.000007 0.000005 0.000004 0.000003 0.000002 0.000002 0.000001 0.000001 0.000000 0.000000 0.000000 0.000000 0.000000 0.000000 0.000000 0.000000 0.000000 0.000000 0.000000 0.000000 0.000000 0.000000 0.000000 0.000000 0.000000 0.000000 0.000000 0.000000 0.000000 0.000000 0.000000 0.000000 
0.000000 0.000000 0.000000 0.000000 0.000000 0.000000 0.000000 0.000000 0.000000 0.000000 0.000000 0.000000 0.000000 0.000000 0.000000 0.000000 0.000000 0.000000 0.000000 0.000000 0.000000 0.000000 0.000000 0.000001 0.000001 0.000001 0.000002 0.000003 0.000004 0.000006 0.000008 0.000010 0.000014 0.000018 0.000023 0.000030 0.000037 0.000046 0.000056 0.000066 0.000078 0.000090 0.000103 0.000116 0.000128 0.000139 0.000149 0.000157 0.000164 0.000167 0.000169 0.000167 0.000164 0.000157 0.000149 0.000139 0.000128 0.000116 0.000103 0.000090 0.000078 0.000066 0.000056 0.000046 0.000037 0.000030 0.000023 0.000018 0.000014 0.000010 0.000008 0.000006 0.000004 0.000003 0.000002 0.000001 0.000001 0.000001 0.000000 0.000000 0.000000 0.000000 0.000000 0.000000 0.000000 0.000000 0.000000 0.000000 0.000000 0.000000 0.000000 0.000000 0.000000 0.000000 0.000000 0.000000 0.000000 0.000000 0.000000 0.000000 
0.000000 0.000000 0.000000 0.000000 0.000000 0.000000 0.000000 0.000000 0.000000 0.000000 0.000000 0.000000 0.000000 0.000000 0.000000 0.000000 0.000000 0.000000 0.000000 0.000000 0.000000 0.000001 0.000001 0.000001 0.000002 0.000003 0.000004 0.000005 0.000008 0.000011 0.000015 0.000020 0.000026 0.000034 0.000044 0.000056 0.000070 0.000086 0.000104 0.000125 0.000147 0.000170 0.000193 0.000217 0.000240 0.000261 0.000280 0.000295 0.000307 0.000314 0.000316 0.000314 0.000307 0.000295 0.000280 0.000261 0.000240 0.000217 0.000193 0.000170 0.000147 0.000125 0.000104 0.000086 0.000070 0.000056 0.000044 0.000034 0.000026 0.000020 0.000015 0.000011 0.000008 0.000005 0.000004 0.000003 0.000002 0.000001 0.000001 0.000001 0.000000 0.000000 0.000000 0.000000 0.000000 0.000000 0.000000 0.000000 0.000000 0.000000 0.000000 0.000000 0.000000 0.000000 0.000000 0.000000 0.000000 0.000000 0.000000 0.000000 
0.000000 0.000000 0.000000 0.000000 0.000000 0.000000 0.000000 0.000000 0.000000 0.000000 0.000000 0.000000 0.000000 0.000000 0.000000 0.000000 0.000000 0.000000 0.000000 0.000000 0.000001 0.000001 0.000001 0.000002 0.000003 0.000005 0.000007 0.000010 0.000014 0.000020 0.000027 0.000037 0.000049 0.000064 0.000082 0.000104 0.000130 0.000160 0.000193 0.000231 0.000271 0.000314 0.000358 0.000401 0.000443 0.000483 0.000517 0.000546 0.000567 0.000580 0.000585 0.000580 0.000567 0.000546 0.000517 0.000483 0.000443 0.000401 0.000358 0.000314 0.000271 0.000231 0.000193 0.000160 0.000130 0.000104 0.000082 0.000064 0.000049 0.000037 0.000027 0.000020 0.000014 0.000010 0.000007 0.000005 0.000003 0.000002 0.000001 0.000001 0.000001 0.000000 0.000000 0.000000 0.000000 0.000000 0.000000 0.000000 0.000000 0.000000 0.000000 0.000000 0.000000 0.000000 0.000000 0.000000 0.000000 0.000000 0.000000 0.000000 
0.000000 0.000000 0.000000 0.000000 0.000000 0.000000 0.000000 0.000000 0.000000 0.000000 0.000000 0.000000 0.000000 0.000000 0.000000 0.000000 0.000000 0.000000 0.000000 0.000001 0.000001 0.000002 0.000003 0.000004 0.000006 0.000009 0.000013 0.000019 0.000026 0.000036 0.000050 0.000067 0.000089 0.000117 0.000150 0.000190 0.000237 0.000292 0.000353 0.000421 0.000495 0.000573 0.000652 0.000732 0.000809 0.000880 0.000943 0.000995 0.001034 0.001058 0.001066 0.001058 0.001034 0.000995 0.000943 0.000880 0.000809 0.000732 0.000652 0.000573 0.000495 0.000421 0.000353 0.000292 0.000237 0.000190 0.000150 0.000117 0.000089 0.000067 0.000050 0.000036 0.000026 0.000019 0.000013 0.000009 0.000006 0.000004 0.000003 0.000002 0.000001 0.000001 0.000000 0.000000 0.000000 0.000000 0.000000 0.000000 0.000000 0.000000 0.000000 0.000000 0.000000 0.000000 0.000000 0.000000 0.000000 0.000000 0.000000 0.000000 
0.000000 0.000000 0.000000 0.000000 0.000000 0.000000 0.000000 0.000000 0.000000 0.000000 0.000000 0.000000 0.000000 0.000000 0.000000 0.000000 0.000000 0.000000 0.000001 0.000001 0.000002 0.000003 0.000005 0.000007 0.000011 0.000016 0.000024 0.000034 0.000048 0.000066 0.000090 0.000121 0.000161 0.000210 0.000270 0.000343 0.000428 0.000526 0.000637 0.000759 0.000891 0.001031 0.001174 0.001317 0.001455 0.001583 0.001696 0.001789 0.001859 0.001902 0.001917 0.001902 0.001859 0.001789 0.001696 0.001583 0.001455 0.001317 0.001174 0.001031 0.000891 0.000759 0.000637 0.000526 0.000428 0.000343 0.000270 0.000210 0.000161 0.000121 0.000090 0.000066 0.000048 0.000034 0.000024 0.000016 0.000011 0.000007 0.000005 0.000003 0.000002 0.000001 0.000001 0.000000 0.000000 0.000000 0.000000 0.000000 0.000000 0.000000 0.000000 0.000000 0.000000 0.000000 0.000000 0.000000 0.000000 0.000000 0.000000 0.000000 
0.000000 0.000000 0.000000 0.000000 0.000000 0.000000 0.000000 0.000000 0.000000 0.000000 0.000000 0.000000 0.000000 0.000000 0.000000 0.000000 0.000001 0.000001 0.000001 0.000002 0.000004 0.000006 0.000009 0.000013 0.000020 0.000029 0.000042 0.000060 0.000085 0.000118 0.000161 0.000216 0.000287 0.000374 0.000481 0.000609 0.000760 0.000934 0.001131 0.001348 0.001582 0.001830 0.002084 0.002337 0.002581 0.002808 0.003008 0.003173 0.003297 0.003373 0.003399 0.003373 0.003297 0.003173 0.003008 0.002808 0.002581 0.002337 0.002084 0.001830 0.001582 0.001348 0.001131 0.000934 0.000760 0.000609 0.000481 0.000374 0.000287 0.000216 0.000161 0.000118 0.000085 0.000060 0.000042 0.000029 0.000020 0.000013 0.000009 0.000006 0.000004 0.000002 0.000001 0.000001 0.000001 0.000000 0.000000 0.000000 0.000000 0.000000 0.000000 0.000000 0.000000 0.000000 0.000000 0.000000 0.000000 0.000000 0.000000 0.000000 
0.000000 0.000000 0.000000 0.000000 0.000000 0.000000 0.000000 0.000000 0.000000 0.000000 0.000000 0.000000 0.000000 0.000000 0.000000 0.000001 0.000001 0.000002 0.000003 0.000004 0.000006 0.000010 0.000015 0.000023 0.000035 0.000051 0.000074 0.000106 0.000149 0.000207 0.000282 0.000380 0.000503 0.000657 0.000844 0.001069 0.001333 0.001637 0.001981 0.002360 0.002770 0.003203 0.003646 0.004089 0.004515 0.004911 0.005260 0.005549 0.005765 0.005899 0.005944 0.005899 0.005765 0.005549 0.005260 0.004911 0.004515 0.004089 0.003646 0.003203 0.002770 0.002360 0.001981 0.001637 0.001333 0.001069 0.000844 0.000657 0.000503 0.000380 0.000282 0.000207 0.000149 0.000106 0.000074 0.000051 0.000035 0.000023 0.000015 0.000010 0.000006 0.000004 0.000003 0.000002 0.000001 0.000001 0.000000 0.000000 0.000000 0.000000 0.000000 0.000000 0.000000 0.000000 0.000000 0.000000 0.000000 0.000000 0.000000 0.000000 
0.000000 0.000000 0.000000 0.000000 0.000000 0.000000 0.000000 0.000000 0.000000 0.000000 0.000000 0.000000 0.000000 0.000000 0.000001 0.000001 0.000002 0.000003 0.000004 0.000007 0.000011 0.000017 0.000027 0.000041 0.000061 0.000089 0.000129 0.000184 0.000259 0.000359 0.000489 0.000658 0.000871 0.001136 0.001460 0.001848 0.002303 0.002829 0.003421 0.004076 0.004783 0.005528 0.006292 0.007054 0.007789 0.008470 0.009072 0.009570 0.009942 0.010172 0.010250 0.010172 0.009942 0.009570 0.009072 0.008470 0.007789 0.007054 0.006292 0.005528 0.004783 0.004076 0.003421 0.002829 0.002303 0.001848 0.001460 0.001136 0.000871 0.000658 0.000489 0.000359 0.000259 0.000184 0.000129 0.000089 0.000061 0.000041 0.000027 0.000017 0.000011 0.000007 0.000004 0.000003 0.000002 0.000001 0.000001 0.000000 0.000000 0.000000 0.000000 0.000000 0.000000 0.000000 0.000000 0.000000 0.000000 0.000000 0.000000 0.000000 
0.000000 0.000000 0.000000 0.000000 0.000000 0.000000 0.000000 0.000000 0.000000 0.000000 0.000000 0.000000 0.000000 0.000001 0.000001 0.000002 0.000003 0.000005 0.000008 0.000012 0.000019 0.000030 0.000046 0.000070 0.000104 0.000153 0.000221 0.000315 0.000443 0.000613 0.000836 0.001123 0.001486 0.001938 0.002489 0.003150 0.003925 0.004819 0.005827 0.006940 0.008142 0.009408 0.010706 0.012001 0.013249 0.014407 0.015429 0.016273 0.016905 0.017296 0.017428 0.017296 0.016905 0.016273 0.015429 0.014407 0.013249 0.012001 0.010706 0.009408 0.008142 0.006940 0.005827 0.004819 0.003925 0.003150 0.002489 0.001938 0.001486 0.001123 0.000836 0.000613 0.000443 0.000315 0.000221 0.000153 0.000104 0.000070 0.000046 0.000030 0.000019 0.000012 0.000008 0.000005 0.000003 0.000002 0.000001 0.000001 0.000000 0.000000 0.000000 0.000000 0.000000 0.000000 0.000000 0.000000 0.000000 0.000000 0.000000 0.000000 
0.000000 0.000000 0.000000 0.000000 0.000000 0.000000 0.000000 0.000000 0.000000 0.000000 0.000000 0.000000 0.000001 0.000001 0.000002 0.000003 0.000005 0.000008 0.000013 0.000021 0.000033 0.000051 0.000078 0.000118 0.000175 0.000258 0.000373 0.000531 0.000746 0.001033 0.001408 0.001890 0.002501 0.003260 0.004186 0.005294 0.006596 0.008094 0.009785 0.011651 0.013666 0.015787 0.017963 0.020132 0.022223 0.024161 0.025872 0.027286 0.028344 0.028998 0.029219 0.028998 0.028344 0.027286 0.025872 0.024161 0.022223 0.020132 0.017963 0.015787 0.013666 0.011651 0.009785 0.008094 0.006596 0.005294 0.004186 0.003260 0.002501 0.001890 0.001408 0.001033 0.000746 0.000531 0.000373 0.000258 0.000175 0.000118 0.000078 0.000051 0.000033 0.000021 0.000013 0.000008 0.000005 0.000003 0.000002 0.000001 0.000001 0.000000 0.000000 0.000000 0.000000 0.000000 0.000000 0.000000 0.000000 0.000000 0.000000 0.000000 
0.000000 0.000000 0.000000 0.000000 0.000000 0.000000 0.000000 0.000000 0.000000 0.000000 0.000000 0.000001 0.000001 0.000002 0.000003 0.000005 0.000008 0.000013 0.000021 0.000034 0.000054 0.000085 0.000130 0.000196 0.000292 0.000429 0.000620 0.000883 0.001240 0.001715 0.002337 0.003137 0.004149 0.005406 0.006939 0.008773 0.010927 0.013406 0.016201 0.019287 0.022615 0.026121 0.029716 0.033298 0.036751 0.039951 0.042776 0.045111 0.046857 0.047937 0.048302 0.047937 0.046857 0.045111 0.042776 0.039951 0.036751 0.033298 0.029716 0.026121 0.022615 0.019287 0.016201 0.013406 0.010927 0.008773 0.006939 0.005406 0.004149 0.003137 0.002337 0.001715 0.001240 0.000883 0.000620 0.000429 0.000292 0.000196 0.000130 0.000085 0.000054 0.000034 0.000021 0.000013 0.000008 0.000005 0.000003 0.000002 0.000001 0.000001 0.000000 0.000000 0.000000 0.000000 0.000000 0.000000 0.000000 0.000000 0.000000 0.000000 
0.000000 0.000000 0.000000 0.000000 0.000000 0.000000 0.000000 0.000000 0.000000 0.000000 0.000000 0.000001 0.000002 0.000003 0.000005 0.000008 0.000013 0.000022 0.000035 0.000057 0.000089 0.000139 0.000213 0.000322 0.000480 0.000703 0.001017 0.001448 0.002032 0.002809 0.003825 0.005133 0.006786 0.008839 0.011340 0.014334 0.017847 0.021890 0.026448 0.031476 0.036900 0.042611 0.048467 0.054301 0.059923 0.065134 0.069733 0.073534 0.076376 0.078133 0.078728 0.078133 0.076376 0.073534 0.069733 0.065134 0.059923 0.054301 0.048467 0.042611 0.036900 0.031476 0.026448 0.021890 0.017847 0.014334 0.011340 0.008839 0.006786 0.005133 0.003825 0.002809 0.002032 0.001448 0.001017 0.000703 0.000480 0.000322 0.000213 0.000139 0.000089 0.000057 0.000035 0.000022 0.000013 0.000008 0.000005 0.000003 0.000002 0.000001 0.000000 0.000000 0.000000 0.000000 0.000000 0.000000 0.000000 0.000000 0.000000 0.000000 
0.000000 0.000000 0.000000 0.000000 0.000000 0.000000 0.000000 0.000000 0.000000 0.000000 0.000001 0.000001 0.000003 0.000004 0.000008 0.000013 0.000021 0.000035 0.000057 0.000092 0.000145 0.000226 0.000346 0.000522 0.000776 0.001138 0.001644 0.002339 0.003281 0.004534 0.006173 0.008280 0.010942 0.014246 0.018272 0.023088 0.028738 0.035238 0.042564 0.050645 0.059360 0.068533 0.077938 0.087305 0.096332 0.104696 0.112078 0.118179 0.122739 0.125560 0.126514 0.125560 0.122739 0.118179 0.112078 0.104696 0.096332 0.087305 0.077938 0.068533 0.059360 0.050645 0.042564 0.035238 0.028738 0.023088 0.018272 0.014246 0.010942 0.008280 0.006173 0.004534 0.003281 0.002339 0.001644 0.001138 0.000776 0.000522 0.000346 0.000226 0.000145 0.000092 0.000057 0.000035 0.000021 0.000013 0.000008 0.000004 0.000003 0.000001 0.000001 0.000000 0.000000 0.000000 0.000000 0.000000 0.000000 0.000000 0.000000 0.000000 
0.000000 0.000000 0.000000 0.000000 0.000000 0.000000 0.000000 0.000000 0.000000 0.000001 0.000001 0.000002 0.000004 0.000007 0.000012 0.000021 0.000034 0.000057 0.000092 0.000147 0.000232 0.000360 0.000552 0.000832 0.001238 0.001814 0.002619 0.003726 0.005224 0.007215 0.009819 0.013166 0.017393 0.022636 0.029023 0.036661 0.045620 0.055924 0.067533 0.080336 0.094140 0.108666 0.123558 0.138387 0.152675 0.165914 0.177596 0.187250 0.194466 0.198928 0.200438 0.198928 0.194466 0.187250 0.177596 0.165914 0.152675 0.138387 0.123558 0.108666 0.094140 0.080336 0.067533 0.055924 0.045620 0.036661 0.029023 0.022636 0.017393 0.013166 0.009819 0.007215 0.005224 0.003726 0.002619 0.001814 0.001238 0.000832 0.000552 0.000360 0.000232 0.000147 0.000092 0.000057 0.000034 0.000021 0.000012 0.000007 0.000004 0.000002 0.000001 0.000001 0.000000 0.000000 0.000000 0.000000 0.000000 0.000000 0.000000 0.000000 
0.000000 0.000000 0.000000 0.000000 0.000000 0.000000 0.000000 0.000000 0.000001 0.000001 0.000002 0.000004 0.000006 0.000011 0.000019 0.000033 0.000054 0.000089 0.000145 0.000232 0.000365 0.000567 0.000868 0.001309 0.001946 0.002850 0.004114 0.005850 0.008197 0.011318 0.015397 0.020637 0.027252 0.035455 0.045446 0.057387 0.071391 0.087493 0.105630 0.125627 0.147182 0.169862 0.193108 0.216254 0.238551 0.259208 0.277435 0.292496 0.303752 0.310714 0.313069 0.310714 0.303752 0.292496 0.277435 0.259208 0.238551 0.216254 0.193108 0.169862 0.147182 0.125627 0.105630 0.087493 0.071391 0.057387 0.045446 0.035455 0.027252 0.020637 0.015397 0.011318 0.008197 0.005850 0.004114 0.002850 0.001946 0.001309 0.000868 0.000567 0.000365 0.000232 0.000145 0.000089 0.000054 0.000033 0.000019 0.000011 0.000006 0.000004 0.000002 0.000001 0.000001 0.000000 0.000000 0.000000 0.000000 0.000000 0.000000 0.000000 
0.000000 0.000000 0.000000 0.000000 0.000000 0.000000 0.000000 0.000001 0.000001 0.000002 0.000003 0.000006 0.000010 0.000017 0.000030 0.000051 0.000085 0.000139 0.000226 0.000360 0.000567 0.000881 0.001347 0.002030 0.003016 0.004415 0.006369 0.009053 0.012680 0.017500 0.023797 0.031884 0.042090 0.054743 0.070146 0.088552 0.110131 0.134936 0.162869 0.193661 0.226845 0.261753 0.297527 0.333141 0.367444 0.399220 0.427257 0.450421 0.467733 0.478439 0.482062 0.478439 0.467733 0.450421 0.427257 0.399220 0.367444 0.333141 0.297527 0.261753 0.226845 0.193661 0.162869 0.134936 0.110131 0.088552 0.070146 0.054743 0.042090 0.031884 0.023797 0.017500 0.012680 0.009053 0.006369 0.004415 0.003016 0.002030 0.001347 0.000881 0.000567 0.000360 0.000226 0.000139 0.000085 0.000051 0.000030 0.000017 0.000010 0.000006 0.000003 0.000002 0.000001 0.000001 0.000000 0.000000 0.000000 0.000000 0.000000 0.000000 
0.000000 0.000000 0.000000 0.000000 0.000000 0.000000 0.000000 0.000001 0.000001 0.000003 0.000005 0.000009 0.000015 0.000027 0.000046 0.000078 0.000130 0.000213 0.000346 0.000552 0.000868 0.001347 0.002059 0.003102 0.004606 0.006740 0.009718 0.013808 0.019332 0.026670 0.036254 0.048558 0.064079 0.083315 0.106725 0.134692 0.167471 0.205139 0.247550 0.294289 0.344648 0.397616 0.451889 0.505910 0.557937 0.606126 0.648640 0.683763 0.710011 0.726242 0.731735 0.726242 0.710011 0.683763 0.648640 0.606126 0.557937 0.505910 0.451889 0.397616 0.344648 0.294289 0.247550 0.205139 0.167471 0.134692 0.106725 0.083315 0.064079 0.048558 0.036254 0.026670 0.019332 0.013808 0.009718 0.006740 0.004606 0.003102 0.002059 0.001347 0.000868 0.000552 0.000346 0.000213 0.000130 0.000078 0.000046 0.000027 0.000015 0.000009 0.000005 0.000003 0.000001 0.000001 0.000000 0.000000 0.000000 0.000000 0.000000 0.000000 
0.000000 0.000000 0.000000 0.000000 0.000000 0.000000 0.000001 0.000001 0.000002 0.000004 0.000007 0.000013 0.000023 0.000041 0.000070 0.000118 0.000196 0.000322 0.000522 0.000832 0.001309 0.002030 0.003102 0.004672 0.006933 0.010140 0.014615 0.020757 0.029050 0.040063 0.054439 0.072889 0.096157 0.124984 0.160057 0.201944 0.251024 0.307413 0.370885 0.440822 0.516162 0.595389 0.676554 0.757333 0.835120 0.907161 0.970714 1.023212 1.062444 1.086703 1.094912 1.086703 1.062444 1.023212 0.970714 0.907161 0.835120 0.757333 0.676554 0.595389 0.516162 0.440822 0.370885 0.307413 0.251024 0.201944 0.160057 0.124984 0.096157 0.072889 0.054439 0.040063 0.029050 0.020757 0.014615 0.010140 0.006933 0.004672 0.003102 0.002030 0.001309 0.000832 0.000522 0.000322 0.000196 0.000118 0.000070 0.000041 0.000023 0.000013 0.000007 0.000004 0.000002 0.000001 0.000001 0.000000 0.000000 0.000000 0.000000 0.000000 
0.000000 0.000000 0.000000 0.000000 0.000000 0.000000 0.000001 0.000002 0.000003 0.000006 0.000011 0.000020 0.000035 0.000061 0.000104 0.000175 0.000292 0.000480 0.000776 0.001238 0.001946 0.003016 0.004606 0.006933 0.010285 0.015036 0.021662 0.030754 0.043025 0.059313 0.080570 0.107841 0.142221 0.184803 0.236595 0.298434 0.370875 0.454081 0.547721 0.650875 0.761978 0.878794 0.998450 1.117520 1.232165 1.338333 1.431981 1.509336 1.567140 1.602882 1.614976 1.602882 1.567140 1.509336 1.431981 1.338333 1.232165 1.117520 0.998450 0.878794 0.761978 0.650875 0.547721 0.454081 0.370875 0.298434 0.236595 0.184803 0.142221 0.107841 0.080570 0.059313 0.043025 0.030754 0.021662 0.015036 0.010285 0.006933 0.004606 0.003016 0.001946 0.001238 0.000776 0.000480 0.000292 0.000175 0.000104 0.000061 0.000035 0.000020 0.000011 0.000006 0.000003 0.000002 0.000001 0.000000 0.000000 0.000000 0.000000 0.000000 
0.000000 0.000000 0.000000 0.000000 0.000000 0.000001 0.000001 0.000003 0.000005 0.000009 0.000016 0.000029 0.000051 0.000089 0.000153 0.000258 0.000429 0.000703 0.001138 0.001814 0.002850 0.004415 0.006740 0.010140 0.015036 0.021972 0.031643 0.044907 0.062802 0.086547 0.117525 0.157253 0.207324 0.269321 0.344708 0.434695 0.540083 0.661105 0.797273 0.947249 1.108751 1.278530 1.452411 1.625417 1.791976 1.946203 2.082233 2.194587 2.278541 2.330451 2.348016 2.330451 2.278541 2.194587 2.082233 1.946203 1.791976 1.625417 1.452411 1.278530 1.108751 0.947249 0.797273 0.661105 0.540083 0.434695 0.344708 0.269321 0.207324 0.157253 0.117525 0.086547 0.062802 0.044907 0.031643 0.021972 0.015036 0.010140 0.006740 0.004415 0.002850 0.001814 0.001138 0.000703 0.000429 0.000258 0.000153 0.000089 0.000051 0.000029 0.000016 0.000009 0.000005 0.000003 0.000001 0.000001 0.000000 0.000000 0.000000 0.000000 
0.000000 0.000000 0.000000 0.000000 0.000001 0.000001 0.000002 0.000004 0.000007 0.000013 0.000024 0.000042 0.000074 0.000129 0.000221 0.000373 0.000620 0.001017 0.001644 0.002619 0.004114 0.006369 0.009718 0.014615 0.021662 0.031643 0.045552 0.064623 0.090344 0.124459 0.168953 0.225998 0.297871 0.386838 0.494992 0.624058 0.775178 0.948679 1.143854 1.358779 1.590182 1.833407 2.082472 2.330253 2.568774 2.789614 2.984381 3.145241 3.265433 3.339747 3.364893 3.339747 3.265433 3.145241 2.984381 2.789614 2.568774 2.330253 2.082472 1.833407 1.590182 1.358779 1.143854 0.948679 0.775178 0.624058 0.494992 0.386838 0.297871 0.225998 0.168953 0.124459 0.090344 0.064623 0.045552 0.031643 0.021662 0.014615 0.009718 0.006369 0.004114 0.002619 0.001644 0.001017 0.000620 0.000373 0.000221 0.000129 0.000074 0.000042 0.000024 0.000013 0.000007 0.000004 0.000002 0.000001 0.000001 0.000000 0.000000 0.000000 
0.000000 0.000000 0.000000 0.000000 0.000001 0.000002 0.000003 0.000005 0.000010 0.000019 0.000034 0.000060 0.000106 0.000184 0.000315 0.000531 0.000883 0.001448 0.002339 0.003726 0.005850 0.009053 0.013808 0.020757 0.030754 0.044907 0.064623 0.091646 0.128078 0.176387 0.239371 0.320097 0.421778 0.547610 0.700538 0.882993 1.096575 1.341738 1.617474 1.921055 2.247858 2.591304 2.942949 3.292739 3.629421 3.941117 4.215993 4.443001 4.612611 4.717476 4.752959 4.717476 4.612611 4.443001 4.215993 3.941117 3.629421 3.292739 2.942949 2.591304 2.247858 1.921055 1.617474 1.341738 1.096575 0.882993 0.700538 0.547610 0.421778 0.320097 0.239371 0.176387 0.128078 0.091646 0.064623 0.044907 0.030754 0.020757 0.013808 0.009053 0.005850 0.003726 0.002339 0.001448 0.000883 0.000531 0.000315 0.000184 0.000106 0.000060 0.000034 0.000019 0.000010 0.000005 0.000003 0.000002 0.000001 0.000000 0.000000 0.000000 
0.000000 0.000000 0.000000 0.000001 0.000001 0.000002 0.000004 0.000008 0.000014 0.000026 0.000048 0.000085 0.000149 0.000259 0.000443 0.000746 0.001240 0.002032 0.003281 0.005224 0.008197 0.012680 0.019332 0.029050 0.043025 0.062802 0.090344 0.128078 0.178936 0.246351 0.334220 0.446807 0.588582 0.763984 0.977105 1.231315 1.528831 1.870268 2.254211 2.676855 3.131755 3.609752 4.099098 4.585804 5.054225 5.487845 5.870215 6.185979 6.421893 6.567747 6.617099 6.567747 6.421893 6.185979 5.870215 5.487845 5.054225 4.585804 4.099098 3.609752 3.131755 2.676855 2.254211 1.870268 1.528831 1.231315 0.977105 0.763984 0.588582 0.446807 0.334220 0.246351 0.178936 0.128078 0.090344 0.062802 0.043025 0.029050 0.019332 0.012680 0.008197 0.005224 0.003281 0.002032 0.001240 0.000746 0.000443 0.000259 0.000149 0.000085 0.000048 0.000026 0.000014 0.000008 0.000004 0.000002 0.000001 0.000001 0.000000 0.000000 
0.000000 0.000000 0.000000 0.000001 0.000002 0.000003 0.000006 0.000011 0.000020 0.000036 0.000066 0.000118 0.000207 0.000359 0.000613 0.001033 0.001715 0.002809 0.004534 0.007215 0.011318 0.017500 0.026670 0.040063 0.059313 0.086547 0.124459 0.176387 0.246351 0.339064 0.459872 0.614621 0.809439 1.050404 1.343119 1.692191 2.100644 2.569305 3.096216 3.676142 4.300232 4.955920 5.627091 6.294568 6.936906 7.531472 8.055729 8.488641 8.812065 9.012017 9.079673 9.012017 8.812065 8.488641 8.055729 7.531472 6.936906 6.294568 5.627091 4.955920 4.300232 3.676142 3.096216 2.569305 2.100644 1.692191 1.343119 1.050404 0.809439 0.614621 0.459872 0.339064 0.246351 0.176387 0.124459 0.086547 0.059313 0.040063 0.026670 0.017500 0.011318 0.007215 0.004534 0.002809 0.001715 0.001033 0.000613 0.000359 0.000207 0.000118 0.000066 0.000036 0.000020 0.000011 0.000006 0.000003 0.000002 0.000001 0.000000 0.000000 
0.000000 0.000000 0.000001 0.000001 0.000002 0.000004 0.000008 0.000015 0.000027 0.000050 0.000090 0.000161 0.000282 0.000489 0.000836 0.001408 0.002337 0.003825 0.006173 0.009819 0.015397 0.023797 0.036254 0.054439 0.080570 0.117525 0.168953 0.239371 0.334220 0.459872 0.623554 0.833170 1.096995 1.423235 1.819450 2.291851 2.844502 3.478500 4.191175 4.975431 5.819290 6.705756 7.613047 8.515248 9.383390 10.186902 10.895351 11.480329 11.917344 12.187515 12.278928 12.187515 11.917344 11.480329 10.895351 10.186902 9.383390 8.515248 7.613047 6.705756 5.819290 4.975431 4.191175 3.478500 2.844502 2.291851 1.819450 1.423235 1.096995 0.833170 0.623554 0.459872 0.334220 0.239371 0.168953 0.117525 0.080570 0.054439 0.036254 0.023797 0.015397 0.009819 0.006173 0.003825 0.002337 0.001408 0.000836 0.000489 0.000282 0.000161 0.000090 0.000050 0.000027 0.000015 0.000008 0.000004 0.000002 0.000001 0.000000 0.000000 
0.000000 0.000000 0.000001 0.000001 0.000003 0.000005 0.000010 0.000020 0.000037 0.000067 0.000121 0.000216 0.000380 0.000658 0.001123 0.001890 0.003137 0.005133 0.008280 0.013166 0.020637 0.031884 0.048558 0.072889 0.107841 0.157253 0.225998 0.320097 0.446807 0.614621 0.833170 1.112980 1.465066 1.900351 2.428888 3.058927 3.795857 4.641110 5.591101 6.636350 7.760884 8.942047 10.150820 11.352690 12.509088 13.579315 14.522864 15.301929 15.883917 16.243703 16.365437 16.243703 15.883917 15.301929 14.522864 13.579315 12.509088 11.352690 10.150820 8.942047 7.760884 6.636350 5.591101 4.641110 3.795857 3.058927 2.428888 1.900351 1.465066 1.112980 0.833170 0.614621 0.446807 0.320097 0.225998 0.157253 0.107841 0.072889 0.048558 0.031884 0.020637 0.013166 0.008280 0.005133 0.003137 0.001890 0.001123 0.000658 0.000380 0.000216 0.000121 0.000067 0.000037 0.000020 0.000010 0.000005 0.000003 0.000001 0.000001 0.000000 
0.000000 0.000000 0.000001 0.000002 0.000004 0.000007 0.000014 0.000026 0.000049 0.000089 0.000161 0.000287 0.000503 0.000871 0.001486 0.002501 0.004149 0.006786 0.010942 0.017393 0.027252 0.042090 0.064079 0.096157 0.142221 0.207324 0.297871 0.421778 0.588582 0.809439 1.096995 1.465066 1.928109 2.500448 3.195259 4.023345 4.991751 6.102318 7.350306 8.723237 10.200113 11.751177 13.338326 14.916262 16.434368 17.839250 19.077768 20.100333 20.864196 21.336407 21.496178 21.336407 20.864196 20.100333 19.077768 17.839250 16.434368 14.916262 13.338326 11.751177 10.200113 8.723237 7.350306 6.102318 4.991751 4.023345 3.195259 2.500448 1.928109 1.465066 1.096995 0.809439 0.588582 0.421778 0.297871 0.207324 0.142221 0.096157 0.064079 0.042090 0.027252 0.017393 0.010942 0.006786 0.004149 0.002501 0.001486 0.000871 0.000503 0.000287 0.000161 0.000089 0.000049 0.000026 0.000014 0.000007 0.000004 0.000002 0.000001 0.000000 
0.000000 0.000000 0.000001 0.000002 0.000005 0.000010 0.000018 0.000034 0.000064 0.000117 0.000210 0.000374 0.000657 0.001136 0.001938 0.003260 0.005406 0.008839 0.014246 0.022636 0.035455 0.054743 0.083315 0.124984 0.184803 0.269321 0.386838 0.547610 0.763984 1.050404 1.423235 1.900351 2.500448 3.242039 4.142147 5.214717 6.468823 7.906802 9.522480 11.299671 13.211175 15.218472 17.272261 19.313942 21.278054 23.095554 24.697737 26.020499 27.008576 27.619379 27.826041 27.619379 27.008576 26.020499 24.697737 23.095554 21.278054 19.313942 17.272261 15.218472 13.211175 11.299671 9.522480 7.906802 6.468823 5.214717 4.142147 3.242039 2.500448 1.900351 1.423235 1.050404 0.763984 0.547610 0.386838 0.269321 0.184803 0.124984 0.083315 0.054743 0.035455 0.022636 0.014246 0.008839 0.005406 0.003260 0.001938 0.001136 0.000657 0.000374 0.000210 0.000117 0.000064 0.000034 0.000018 0.000010 0.000005 0.000002 0.000001 0.000000 
0.000000 0.000001 0.000002 0.000003 0.000006 0.000012 0.000023 0.000044 0.000082 0.000150 0.000270 0.000481 0.000844 0.001460 0.002489 0.004186 0.006939 0.011340 0.018272 0.029023 0.045446 0.070146 0.106725 0.160057 0.236595 0.344708 0.494992 0.700538 0.977105 1.343119 1.819450 2.428888 3.195259 4.142147 5.291230 6.660243 8.260711 10.095562 12.156870 14.423947 16.862076 19.422116 22.041198 24.644616 27.148938 29.466174 31.508781 33.195083 34.454678 35.233310 35.496753 35.233310 34.454678 33.195083 31.508781 29.466174 27.148938 24.644616 22.041198 19.422116 16.862076 14.423947 12.156870 10.095562 8.260711 6.660243 5.291230 4.142147 3.195259 2.428888 1.819450 1.343119 0.977105 0.700538 0.494992 0.344708 0.236595 0.160057 0.106725 0.070146 0.045446 0.029023 0.018272 0.011340 0.006939 0.004186 0.002489 0.001460 0.000844 0.000481 0.000270 0.000150 0.000082 0.000044 0.000023 0.000012 0.000006 0.000003 0.000001 0.000000 
0.000000 0.000001 0.000002 0.000004 0.000008 0.000016 0.000030 0.000056 0.000104 0.000190 0.000343 0.000609 0.001069 0.001848 0.003150 0.005294 0.008773 0.014334 0.023088 0.036661 0.057387 0.088552 0.134692 0.201944 0.298434 0.434695 0.624058 0.882993 1.231315 1.692191 2.291851 3.058927 4.023345 5.214717 6.660243 8.382164 10.394901 12.702075 15.293660 18.143607 21.208246 24.425800 27.717261 30.988776 34.135541 37.047053 39.613374 41.731952 43.314389 44.292570 44.623525 44.292570 43.314389 41.731952 39.613374 37.047053 34.135541 30.988776 27.717261 24.425800 21.208246 18.143607 15.293660 12.702075 10.394901 8.382164 6.660243 5.214717 4.023345 3.058927 2.291851 1.692191 1.231315 0.882993 0.624058 0.434695 0.298434 0.201944 0.134692 0.088552 0.057387 0.036661 0.023088 0.014334 0.008773 0.005294 0.003150 0.001848 0.001069 0.000609 0.000343 0.000190 0.000104 0.000056 0.000030 0.000016 0.000008 0.000004 0.000002 0.000000 
0.000000 0.000001 0.000002 0.000005 0.000010 0.000020 0.000037 0.000070 0.000130 0.000237 0.000428 0.000760 0.001333 0.002303 0.003925 0.006596 0.010927 0.017847 0.028738 0.045620 0.071391 0.110131 0.167471 0.251024 0.370875 0.540083 0.775178 1.096575 1.528831 2.100644 2.844502 3.795857 4.991751 6.468823 8.260711 10.394901 12.889186 15.747976 18.958786 22.489292 26.285365 30.270475 34.346778 38.398074 42.294630 45.899673 49.077152 51.700159 53.659318 54.870345 55.280077 54.870345 53.659318 51.700159 49.077152 45.899673 42.294630 38.398074 34.346778 30.270475 26.285365 22.489292 18.958786 15.747976 12.889186 10.394901 8.260711 6.468823 4.991751 3.795857 2.844502 2.100644 1.528831 1.096575 0.775178 0.540083 0.370875 0.251024 0.167471 0.110131 0.071391 0.045620 0.028738 0.017847 0.010927 0.006596 0.003925 0.002303 0.001333 0.000760 0.000428 0.000237 0.000130 0.000070 0.000037 0.000019 0.000010 0.000005 0.000002 0.000000 
0.000000 0.000001 0.000003 0.000006 0.000012 0.000024 0.000046 0.000086 0.000160 0.000292 0.000526 0.000934 0.001637 0.002829 0.004819 0.008094 0.013406 0.021890 0.035238 0.055924 0.087493 0.134936 0.205139 0.307413 0.454081 0.661105 0.948679 1.341738 1.870268 2.569305 3.478500 4.641110 6.102318 7.906802 10.095562 12.702075 15.747976 19.238566 23.158528 27.468344 32.101902 36.965776 41.940560 46.884479 51.639272 56.038114 59.915075 63.115393 65.505690 66.983193 67.483078 66.983193 65.505690 63.115393 59.915075 56.038114 51.639272 46.884479 41.940560 36.965776 32.101902 27.468344 23.158528 19.238566 15.747976 12.702075 10.095562 7.906802 6.102318 4.641110 3.478500 2.569305 1.870268 1.341738 0.948679 0.661105 0.454081 0.307413 0.205139 0.134936 0.087493 0.055924 0.035238 0.021890 0.013406 0.008094 0.004819 0.002829 0.001637 0.000934 0.000526 0.000292 0.000160 0.000086 0.000046 0.000024 0.000012 0.000006 0.000002 0.000000 
0.000000 0.000001 0.000004 0.000008 0.000015 0.000029 0.000056 0.000104 0.000193 0.000353 0.000637 0.001131 0.001981 0.003421 0.005827 0.009785 0.016201 0.026448 0.042564 0.067533 0.105630 0.162869 0.247550 0.370885 0.547721 0.797273 1.143854 1.617474 2.254211 3.096216 4.191175 5.591101 7.350306 9.522480 12.156870 15.293660 18.958786 23.158528 27.874379 33.058733 38.632026 44.481870 50.464671 56.409967 62.127505 67.416762 72.078310 75.926156 78.800016 80.576394 81.177393 80.576394 78.800016 75.926156 72.078310 67.416762 62.127505 56.409967 50.464671 44.481870 38.632026 33.058733 27.874379 23.158528 18.958786 15.293660 12.156870 9.522480 7.350306 5.591101 4.191175 3.096216 2.254211 1.617474 1.143854 0.797273 0.547721 0.370885 0.247550 0.162869 0.105630 0.067533 0.042564 0.026448 0.016201 0.009785 0.005827 0.003421 0.001981 0.001131 0.000637 0.000353 0.000193 0.000104 0.000056 0.000029 0.000015 0.000007 0.000003 0.000000 
0.000000 0.000002 0.000004 0.000009 0.000018 0.000035 0.000066 0.000125 0.000231 0.000421 0.000759 0.001348 0.002360 0.004076 0.006940 0.011651 0.019287 0.031476 0.050645 0.080336 0.125627 0.193661 0.294289 0.440822 0.650875 0.947249 1.358779 1.921055 2.676855 3.676142 4.975431 6.636350 8.723237 11.299671 14.423947 18.143607 22.489292 27.468344 33.058733 39.203959 45.809666 52.742637 59.832707 66.877908 73.652861 79.920045 85.443256 90.002221 93.407122 95.511713 96.223750 95.511713 93.407122 90.002221 85.443256 79.920045 73.652861 66.877908 59.832707 52.742637 45.809666 39.203959 33.058733 27.468344 22.489292 18.143607 14.423947 11.299671 8.723237 6.636350 4.975431 3.676142 2.676855 1.921055 1.358779 0.947249 0.650875 0.440822 0.294289 0.193661 0.125627 0.080336 0.050645 0.031476 0.019287 0.011651 0.006940 0.004076 0.002360 0.001348 0.000759 0.000421 0.000231 0.000125 0.000066 0.000035 0.000018 0.000009 0.000004 0.000000 
0.000000 0.000002 0.000005 0.000011 0.000021 0.000041 0.000078 0.000147 0.000271 0.000495 0.000891 0.001582 0.002770 0.004783 0.008142 0.013666 0.022615 0.036900 0.059360 0.094140 0.147182 0.226845 0.344648 0.516162 0.761978 1.108751 1.590182 2.247858 3.131755 4.300232 5.819290 7.760884 10.200113 13.211175 16.862076 21.208246 26.285365 32.101902 38.632026 45.809666 53.524571 61.621142 69.900670 78.127353 86.038089 93.355631 99.804293 105.126997 109.102223 111.559301 112.390588 111.559301 109.102223 105.126997 99.804293 93.355631 86.038089 78.127353 69.900670 61.621142 53.524571 45.809666 38.632026 32.101902 26.285365 21.208246 16.862076 13.211175 10.200113 7.760884 5.819290 4.300232 3.131755 2.247858 1.590182 1.108751 0.761978 0.516162 0.344648 0.226845 0.147182 0.094140 0.059360 0.036900 0.022615 0.013666 0.008142 0.004783 0.002770 0.001582 0.000891 0.000495 0.000271 0.000146 0.000078 0.000041 0.000021 0.000010 0.000004 0.000000 
0.000000 0.000002 0.000006 0.000012 0.000025 0.000047 0.000090 0.000170 0.000314 0.000573 0.001031 0.001830 0.003203 0.005528 0.009408 0.015787 0.026121 0.042611 0.068533 0.108666 0.169862 0.261753 0.397616 0.595389 0.878794 1.278530 1.833407 2.591304 3.609752 4.955920 6.705756 8.942047 11.751177 15.218472 19.422116 24.425800 30.270475 36.965776 44.481870 52.742637 61.621142 70.938302 80.465470 89.931364 99.033324 107.452454 114.871673 120.995319 125.568638 128.395362 129.351702 128.395362 125.568638 120.995319 114.871673 107.452454 99.033324 89.931364 80.465470 70.938302 61.621142 52.742637 44.481870 36.965776 30.270475 24.425800 19.422116 15.218472 11.751177 8.942047 6.705756 4.955920 3.609752 2.591304 1.833407 1.278530 0.878794 0.595389 0.397616 0.261753 0.169862 0.108666 0.068533 0.042611 0.026121 0.015787 0.009408 0.005528 0.003203 0.001830 0.001031 0.000573 0.000314 0.000170 0.000090 0.000047 0.000024 0.000012 0.000005 0.000000 
0.000000 0.000003 0.000007 0.000014 0.000028 0.000054 0.000103 0.000193 0.000358 0.000652 0.001174 0.002084 0.003646 0.006292 0.010706 0.017963 0.029716 0.048467 0.077938 0.123558 0.193108 0.297527 0.451889 0.676554 0.998450 1.452411 2.082472 2.942949 4.099098 5.627091 7.613047 10.150820 13.338326 17.272261 22.041198 27.717261 34.346778 41.940560 50.464671 59.832707 69.900670 80.465470 91.267865 102.000308 112.319723 121.864658 130.275740 137.217894 142.402412 145.606876 146.691009 145.606876 142.402412 137.217894 130.275740 121.864658 112.319723 102.000308 91.267865 80.465470 69.900670 59.832707 50.464671 41.940560 34.346778 27.717261 22.041198 17.272261 13.338326 10.150820 7.613047 5.627091 4.099098 2.942949 2.082472 1.452411 0.998450 0.676554 0.451889 0.297527 0.193108 0.123558 0.077938 0.048467 0.029716 0.017963 0.010706 0.006292 0.003646 0.002084 0.001174 0.000652 0.000358 0.000193 0.000103 0.000054 0.000028 0.000014 0.000005 0.000000 
