0.000000 0.000000 0.000000 0.000000 0.000000 0.000000 0.000000 0.000000 0.000000 0.000000 0.000000 0.000000 0.000000 0.000000 0.000000 0.000000 0.000000 0.000000 0.000000 0.000000 0.000000 0.000000 0.000000 0.000000 0.000000 0.000000 0.000000 0.000000 0.000000 0.000000 0.000000 0.000000 0.000000 0.000000 0.000000 0.000000 0.000000 0.000000 0.000000 0.000000 0.000000 0.000000 0.000000 0.000000 0.000000 0.000000 0.000000 0.000000 0.000000 0.000000 0.000000 0.000000 0.000000 0.000000 0.000000 0.000000 0.000000 0.000000 0.000000 0.000000 0.000000 0.000000 0.000000 0.000000 0.000000 0.000000 0.000000 0.000000 0.000000 0.000000 0.000000 0.000000 0.000000 0.000000 0.000000 0.000000 0.000000 0.000000 0.000000 0.000000 0.000000 0.000000 0.000000 0.000000 0.000000 0.000000 0.000000 0.000000 0.000000 0.000000 0.000000 0.000000 0.000000 0.000000 0.000000 0.000000 0.000000 0.000000 0.000000 0.000000 
0.000000 0.000000 0.000000 0.000000 0.000000 0.000000 0.000000 0.000000 0.000000 0.000000 0.000000 0.000000 0.000000 0.000000 0.000000 0.000000 0.000000 0.000000 0.000000 0.000000 0.000000 0.000000 0.000000 0.000000 0.000000 0.000000 0.000000 0.000000 0.000000 0.000000 0.000000 0.000000 0.000000 0.000000 0.000000 0.000000 0.000000 0.000000 0.000000 0.000000 0.000000 0.000000 0.000000 0.000000 0.000000 0.000000 0.000000 0.000000 0.000000 0.000000 0.000000 0.000000 0.000000 0.000000 0.000000 0.000000 0.000000 0.000000 0.000000 0.000000 0.000000 0.000000 0.000000 0.000000 0.000000 0.000000 0.000000 0.000000 0.000000 0.000000 0.000000 0.000000 0.000000 0.000000 0.000000 0.000000 0.000000 0.000000 0.000000 0.000000 0.000000 0.000000 0.000000 0.000000 0.000000 0.000000 0.000000 0.000000 0.000000 0.000000 0.000000 0.000000 0.000000 0.000000 0.000000 0.000000 0.000000 0.000000 0.000000 0.000000 
0.000000 0.000000 0.000000 0.000000 0.000000 0.000000 0.000000 0.000000 0.000000 0.000000 0.000000 0.000000 0.000000 0.000000 0.000000 0.000000 0.000000 0.000000 0.000000 0.000000 0.000000 0.000000 0.000000 0.000000 0.000000 0.000000 0.000000 0.000000 0.000000 0.000000 0.000000 0.000000 0.000000 0.000000 0.000000 0.000000 0.000000 0.000000 0.000000 0.000000 0.000000 0.000000 0.000000 0.000000 0.000000 0.000000 0.000000 0.000000 0.000000 0.000000 0.000000 0.000000 0.000000 0.000000 0.000000 0.000000 0.000000 0.000000 0.000000 0.000000 0.000000 0.000000 0.000000 0.000000 0.000000 0.000000 0.000000 0.000000 0.000000 0.000000 0.000000 0.000000 0.000000 0.000000 0.000000 0.000000 0.000000 0.000000 0.000000 0.000000 0.000000 0.000000 0.000000 0.000000 0.000000 0.000000 0.000000 0.000000 0.000000 0.000000 0.000000 0.000000 0.000000 0.000000 0.000000 0.000000 0.000000 0.000000 0.000000 0.000000 
0.000000 0.000000 0.000000 0.000000 0.000000 0.000000 0.000000 0.000000 0.000000 0.000000 0.000000 0.000000 0.000000 0.000000 0.000000 0.000000 0.000000 0.000000 0.000000 0.000000 0.000000 0.000000 0.000000 0.000000 0.000000 0.000000 0.000000 0.000000 0.000000 0.000000 0.000000 0.000000 0.000000 0.000000 0.000000 0.000000 0.000000 0.000000 0.000000 0.000000 0.000000 0.000000 0.000000 0.000000 0.000000 0.000000 0.000000 0.000000 0.000000 0.000000 0.000000 0.000000 0.000000 0.000000 0.000000 0.000000 0.000000 0.000000 0.000000 0.000000 0.000000 0.000000 0.000000 0.000000 0.000000 0.000000 0.000000 0.000000 0.000000 0.000000 0.000000 0.000000 0.000000 0.000000 0.000000 0.000000 0.000000 0.000000 0.000000 0.000000 0.000000 0.000000 0.000000 0.000000 0.000000 0.000000 0.000000 0.000000 0.000000 0.000000 0.000000 0.000000 0.000000 0.000000 0.000000 0.000000 0.000000 0.000000 0.000000 0.000000 
0.000000 0.000000 0.000000 0.000000 0.000000 0.000000 0.000000 0.000000 0.000000 0.000000 0.000000 0.000000 0.000000 0.000000 0.000000 0.000000 0.000000 0.000000 0.000000 0.000000 0.000000 0.000000 0.000000 0.000000 0.000000 0.000000 0.000000 0.000000 0.000000 0.000000 0.000000 0.000000 0.000000 0.000000 0.000000 0.000000 0.000000 0.000000 0.000000 0.000000 0.000000 0.000000 0.000000 0.000000 0.000000 0.000000 0.000000 0.000000 0.000000 0.000000 0.000000 0.000000 0.000000 0.000000 0.000000 0.000000 0.000000 0.000000 0.000000 0.000000 0.000000 0.000000 0.000000 0.000000 0.000000 0.000000 0.000000 0.000000 0.000000 0.000000 0.000000 0.000000 0.000000 0.000000 0.000000 0.000000 0.000000 0.000000 0.000000 0.000000 0.000000 0.000000 0.000000 0.000000 0.000000 0.000000 0.000000 0.000000 0.000000 0.000000 0.000000 0.000000 0.000000 0.000000 0.000000 0.000000 0.000000 0.000000 0.000000 0.000000 
0.000000 0.000000 0.000000 0.000000 0.000000 0.000000 0.000000 0.000000 0.000000 0.000000 0.000000 0.000000 0.000000 0.000000 0.000000 0.000000 0.000000 0.000000 0.000000 0.000000 0.000000 0.000000 0.000000 0.000000 0.000000 0.000000 0.000000 0.000000 0.000000 0.000000 0.000000 0.000000 0.000000 0.000000 0.000000 0.000000 0.000000 0.000000 0.000000 0.000000 0.000000 0.000000 0.000000 0.000000 0.000000 0.000000 0.000000 0.000000 0.000000 0.000000 0.000000 0.000000 0.000000 0.000000 0.000000 0.000000 0.000000 0.000000 0.000000 0.000000 0.000000 0.000000 0.000000 0.000000 0.000000 0.000000 0.000000 0.000000 0.000000 0.000000 0.000000 0.000000 0.000000 0.000000 0.000000 0.000000 0.000000 0.000000 0.000000 0.000000 0.000000 0.000000 0.000000 0.000000 0.000000 0.000000 0.000000 0.000000 0.000000 0.000000 0.000000 0.000000 0.000000 0.000000 0.000000 0.000000 0.000000 0.000000 0.000000 0.000000 
0.000000 0.000000 0.000000 0.000000 0.000000 0.000000 0.000000 0.000000 0.000000 0.000000 0.000000 0.000000 0.000000 0.000000 0.000000 0.000000 0.000000 0.000000 0.000000 0.000000 0.000000 0.000000 0.000000 0.000000 0.000000 0.000000 0.000000 0.000000 0.000000 0.000000 0.000000 0.000000 0.000000 0.000000 0.000000 0.000000 0.000000 0.000000 0.000000 0.000000 0.000000 0.000000 0.000000 0.000000 0.000000 0.000000 0.000000 0.000000 0.000000 0.000000 0.000000 0.000000 0.000000 0.000000 0.000000 0.000000 0.000000 0.000000 0.000000 0.000000 0.000000 0.000000 0.000000 0.000000 0.000000 0.000000 0.000000 0.000000 0.000000 0.000000 0.000000 0.000000 0.000000 0.000000 0.000000 0.000000 0.000000 0.000000 0.000000 0.000000 0.000000 0.000000 0.000000 0.000000 0.000000 0.000000 0.000000 0.000000 0.000000 0.000000 0.000000 0.000000 0.000000 0.000000 0.000000 0.000000 0.000000 0.000000 0.000000 0.000000 
0.000000 0.000000 0.000000 0.000000 0.000000 0.000000 0.000000 0.000000 0.000000 0.000000 0.000000 0.000000 0.000000 0.000000 0.000000 0.000000 0.000000 0.000000 0.000000 0.000000 0.000000 0.000000 0.000000 0.000000 0.000000 0.000000 0.000000 0.000000 0.000000 0.000000 0.000000 0.000000 0.000000 0.000000 0.000000 0.000000 0.000000 0.000000 0.000000 0.000000 0.000000 0.000000 0.000000 0.000000 0.000000 0.000000 0.000000 0.000000 0.000000 0.000000 0.000000 0.000000 0.000000 0.000000 0.000000 0.000000 0.000000 0.000000 0.000000 0.000000 0.000000 0.000000 0.000000 0.000000 0.000000 0.000000 0.000000 0.000000 0.000000 0.000000 0.000000 0.000000 0.000000 0.000000 0.000000 0.000000 0.000000 0.000000 0.000000 0.000000 0.000000 0.000000 0.000000 0.000000 0.000000 0.000000 0.000000 0.000000 0.000000 0.000000 0.000000 0.000000 0.000000 0.000000 0.000000 0.000000 0.000000 0.000000 0.000000 0.000000 
0.000000 0.000000 0.000000 0.000000 0.000000 0.000000 0.000000 0.000000 0.000000 0.000000 0.000000 0.000000 0.000000 0.000000 0.000000 0.000000 0.000000 0.000000 0.000000 0.000000 0.000000 0.000000 0.000000 0.000000 0.000000 0.000000 0.000000 0.000000 0.000000 0.000000 0.000000 0.000000 0.000000 0.000000 0.000000 0.000000 0.000000 0.000000 0.000000 0.000000 0.000000 0.000000 0.000000 0.000000 0.000000 0.000000 0.000000 0.000000 0.000001 0.000001 0.000001 0.000001 0.000001 0.000000 0.000000 0.000000 0.000000 0.000000 0.000000 0.000000 0.000000 0.000000 0.000000 0.000000 0.000000 0.000000 0.000000 0.000000 0.000000 0.000000 0.000000 0.000000 0.000000 0.000000 0.000000 0.000000 0.000000 0.000000 0.000000 0.000000 0.000000 0.000000 0.000000 0.000000 0.000000 0.000000 0.000000 0.000000 0.000000 0.000000 0.000000 0.000000 0.000000 0.000000 0.000000 0.000000 0.000000 0.000000 0.000000 0.000000 
0.000000 0.000000 0.000000 0.000000 0.000000 0.000000 0.000000 0.000000 0.000000 0.000000 0.000000 0.000000 0.000000 0.000000 0.000000 0.000000 0.000000 0.000000 0.000000 0.000000 0.000000 0.000000 0.000000 0.000000 0.000000 0.000000 0.000000 0.000000 0.000000 0.000000 0.000000 0.000000 0.000000 0.000000 0.000000 0.000000 0.000000 0.000000 0.000000 0.000000 0.000000 0.000000 0.000001 0.000001 0.000001 0.000001 0.000001 0.000001 0.000001 0.000001 0.000001 0.000001 0.000001 0.000001 0.000001 0.000001 0.000001 0.000001 0.000001 0.000000 0.000000 0.000000 0.000000 0.000000 0.000000 0.000000 0.000000 0.000000 0.000000 0.000000 0.000000 0.000000 0.000000 0.000000 0.000000 0.000000 0.000000 0.000000 0.000000 0.000000 0.000000 0.000000 0.000000 0.000000 0.000000 0.000000 0.000000 0.000000 0.000000 0.000000 0.000000 0.000000 0.000000 0.000000 0.000000 0.000000 0.000000 0.000000 0.000000 0.000000 
0.000000 0.000000 0.000000 0.000000 0.000000 0.000000 0.000000 0.000000 0.000000 0.000000 0.000000 0.000000 0.000000 0.000000 0.000000 0.000000 0.000000 0.000000 0.000000 0.000000 0.000000 0.000000 0.000000 0.000000 0.000000 0.000000 0.000000 0.000000 0.000000 0.000000 0.000000 0.000000 0.000000 0.000000 0.000000 0.000000 0.000000 0.000000 0.000001 0.000001 0.000001 0.000001 0.000002 0.000002 0.000002 0.000003 0.000003 0.000003 0.000003 0.000003 0.000003 0.000003 0.000003 0.000003 0.000003 0.000003 0.000002 0.000002 0.000002 0.000001 0.000001 0.000001 0.000001 0.000000 0.000000 0.000000 0.000000 0.000000 0.000000 0.000000 0.000000 0.000000 0.000000 0.000000 0.000000 0.000000 0.000000 0.000000 0.000000 0.000000 0.000000 0.000000 0.000000 0.000000 0.000000 0.000000 0.000000 0.000000 0.000000 0.000000 0.000000 0.000000 0.000000 0.000000 0.000000 0.000000 0.000000 0.000000 0.000000 0.000000 
0.000000 0.000000 0.000000 0.000000 0.000000 0.000000 0.000000 0.000000 0.000000 0.000000 0.000000 0.000000 0.000000 0.000000 0.000000 0.000000 0.000000 0.000000 0.000000 0.000000 0.000000 0.000000 0.000000 0.000000 0.000000 0.000000 0.000000 0.000000 0.000000 0.000000 0.000000 0.000000 0.000000 0.000000 0.000000 0.000000 0.000001 0.000001 0.000001 0.000002 0.000002 0.000003 0.000004 0.000005 0.000005 0.000006 0.000007 0.000008 0.000008 0.000008 0.000009 0.000008 0.000008 0.000008 0.000007 0.000006 0.000005 0.000005 0.000004 0.000003 0.000002 0.000002 0.000001 0.000001 0.000001 0.000000 0.000000 0.000000 0.000000 0.000000 0.000000 0.000000 0.000000 0.000000 0.000000 0.000000 0.000000 0.000000 0.000000 0.000000 0.000000 0.000000 0.000000 0.000000 0.000000 0.000000 0.000000 0.000000 0.000000 0.000000 0.000000 0.000000 0.000000 0.000000 0.000000 0.000000 0.000000 0.000000 0.000000 0.000000 
0.000000 0.000000 0.000000 0.000000 0.000000 0.000000 0.000000 0.000000 0.000000 0.000000 0.000000 0.000000 0.000000 0.000000 0.000000 0.000000 0.000000 0.000000 0.000000 0.000000 0.000000 0.000000 0.000000 0.000000 0.000000 0.000000 0.000000 0.000000 0.000000 0.000000 0.000000 0.000000 0.000000 0.000001 0.000001 0.000001 0.000002 0.000002 0.000003 0.000004 0.000006 0.000007 0.000009 0.000011 0.000013 0.000015 0.000017 0.000018 0.000019 0.000020 0.000020 0.000020 0.000019 0.000018 0.000017 0.000015 0.000013 0.000011 0.000009 0.000007 0.000006 0.000004 0.000003 0.000002 0.000002 0.000001 0.000001 0.000001 0.000000 0.000000 0.000000 0.000000 0.000000 0.000000 0.000000 0.000000 0.000000 0.000000 0.000000 0.000000 0.000000 0.000000 0.000000 0.000000 0.000000 0.000000 0.000000 0.000000 0.000000 0.000000 0.000000 0.000000 0.000000 0.000000 0.000000 0.000000 0.000000 0.000000 0.000000 0.000000 
0.000000 0.000000 0.000000 0.000000 0.000000 0.000000 0.000000 0.000000 0.000000 0.000000 0.000000 0.000000 0.000000 0.000000 0.000000 0.000000 0.000000 0.000000 0.000000 0.000000 0.000000 0.000000 0.000000 0.000000 0.000000 0.000000 0.000000 0.000000 0.000000 0.000000 0.000000 0.000000 0.000001 0.000001 0.000002 0.000003 0.000004 0.000006 0.000008 0.000010 0.000013 0.000017 0.000021 0.000026 0.000030 0.000035 0.000039 0.000043 0.000045 0.000047 0.000048 0.000047 0.000045 0.000043 0.000039 0.000035 0.000030 0.000026 0.000021 0.000017 0.000013 0.000010 0.000008 0.000006 0.000004 0.000003 0.000002 0.000001 0.000001 0.000000 0.000000 0.000000 0.000000 0.000000 0.000000 0.000000 0.000000 0.000000 0.000000 0.000000 0.000000 0.000000 0.000000 0.000000 0.000000 0.000000 0.000000 0.000000 0.000000 0.000000 0.000000 0.000000 0.000000 0.000000 0.000000 0.000000 0.000000 0.000000 0.000000 0.000000 
0.000000 0.000000 0.000000 0.000000 0.000000 0.000000 0.000000 0.000000 0.000000 0.000000 0.000000 0.000000 0.000000 0.000000 0.000000 0.000000 0.000000 0.000000 0.000000 0.000000 0.000000 0.000000 0.000000 0.000000 0.000000 0.000000 0.000000 0.000000 0.000000 0.000000 0.000001 0.000001 0.000002 0.000003 0.000004 0.000006 0.000009 0.000013 0.000018 0.000024 0.000031 0.000039 0.000049 0.000059 0.000069 0.000080 0.000090 0.000098 0.000104 0.000108 0.000110 0.000108 0.000104 0.000098 0.000090 0.000080 0.000069 0.000059 0.000049 0.000039 0.000031 0.000024 0.000018 0.000013 0.000009 0.000006 0.000004 0.000003 0.000002 0.000001 0.000001 0.000000 0.000000 0.000000 0.000000 0.000000 0.000000 0.000000 0.000000 0.000000 0.000000 0.000000 0.000000 0.000000 0.000000 0.000000 0.000000 0.000000 0.000000 0.000000 0.000000 0.000000 0.000000 0.000000 0.000000 0.000000 0.000000 0.000000 0.000000 0.000000 
0.000000 0.000000 0.000000 0.000000 0.000000 0.000000 0.000000 0.000000 0.000000 0.000000 0.000000 0.000000 0.000000 0.000000 0.000000 0.000000 0.000000 0.000000 0.000000 0.000000 0.000000 0.000000 0.000000 0.000000 0.000000 0.000000 0.000000 0.000000 0.000001 0.000001 0.000002 0.000003 0.000004 0.000006 0.000010 0.000014 0.000021 0.000029 0.000040 0.000053 0.000069 0.000088 0.000110 0.000132 0.000156 0.000179 0.000201 0.000220 0.000234 0.000243 0.000246 0.000243 0.000234 0.000220 0.000201 0.000179 0.000156 0.000132 0.000110 0.000088 0.000069 0.000053 0.000040 0.000029 0.000021 0.000014 0.000010 0.000006 0.000004 0.000003 0.000002 0.000001 0.000001 0.000000 0.000000 0.000000 0.000000 0.000000 0.000000 0.000000 0.000000 0.000000 0.000000 0.000000 0.000000 0.000000 0.000000 0.000000 0.000000 0.000000 0.000000 0.000000 0.000000 0.000000 0.000000 0.000000 0.000000 0.000000 0.000000 0.000000 
0.000000 0.000000 0.000000 0.000000 0.000000 0.000000 0.000000 0.000000 0.000000 0.000000 0.000000 0.000000 0.000000 0.000000 0.000000 0.000000 0.000000 0.000000 0.000000 0.000000 0.000000 0.000000 0.000000 0.000000 0.000000 0.000000 0.000000 0.000001 0.000001 0.000002 0.000004 0.000006 0.000009 0.000014 0.000022 0.000032 0.000046 0.000064 0.000088 0.000118 0.000153 0.000195 0.000241 0.000292 0.000344 0.000395 0.000443 0.000483 0.000515 0.000535 0.000542 0.000535 0.000515 0.000483 0.000443 0.000395 0.000344 0.000292 0.000241 0.000195 0.000153 0.000118 0.000088 0.000064 0.000046 0.000032 0.000022 0.000014 0.000009 0.000006 0.000004 0.000002 0.000001 0.000001 0.000000 0.000000 0.000000 0.000000 0.000000 0.000000 0.000000 0.000000 0.000000 0.000000 0.000000 0.000000 0.000000 0.000000 0.000000 0.000000 0.000000 0.000000 0.000000 0.000000 0.000000 0.000000 0.000000 0.000000 0.000000 0.000000 
0.000000 0.000000 0.000000 0.000000 0.000000 0.000000 0.000000 0.000000 0.000000 0.000000 0.000000 0.000000 0.000000 0.000000 0.000000 0.000000 0.000000 0.000000 0.000000 0.000000 0.000000 0.000000 0.000000 0.000000 0.000000 0.000000 0.000001 0.000002 0.000003 0.000005 0.000008 0.000013 0.000020 0.000031 0.000047 0.000069 0.000100 0.000140 0.000191 0.000255 0.000332 0.000421 0.000521 0.000629 0.000741 0.000851 0.000953 0.001041 0.001108 0.001151 0.001166 0.001151 0.001108 0.001041 0.000953 0.000851 0.000741 0.000629 0.000521 0.000421 0.000332 0.000255 0.000191 0.000140 0.000100 0.000069 0.000047 0.000031 0.000020 0.000013 0.000008 0.000005 0.000003 0.000002 0.000001 0.000000 0.000000 0.000000 0.000000 0.000000 0.000000 0.000000 0.000000 0.000000 0.000000 0.000000 0.000000 0.000000 0.000000 0.000000 0.000000 0.000000 0.000000 0.000000 0.000000 0.000000 0.000000 0.000000 0.000000 0.000000 
0.000000 0.000000 0.000000 0.000000 0.000000 0.000000 0.000000 0.000000 0.000000 0.000000 0.000000 0.000000 0.000000 0.000000 0.000000 0.000000 0.000000 0.000000 0.000000 0.000000 0.000000 0.000000 0.000000 0.000000 0.000001 0.000001 0.000002 0.000003 0.000006 0.000010 0.000017 0.000027 0.000043 0.000067 0.000100 0.000148 0.000212 0.000296 0.000405 0.000540 0.000701 0.000890 0.001101 0.001328 0.001563 0.001794 0.002008 0.002193 0.002335 0.002424 0.002455 0.002424 0.002335 0.002193 0.002008 0.001794 0.001563 0.001328 0.001101 0.000890 0.000701 0.000540 0.000405 0.000296 0.000212 0.000148 0.000100 0.000067 0.000043 0.000027 0.000017 0.000010 0.000006 0.000003 0.000002 0.000001 0.000001 0.000000 0.000000 0.000000 0.000000 0.000000 0.000000 0.000000 0.000000 0.000000 0.000000 0.000000 0.000000 0.000000 0.000000 0.000000 0.000000 0.000000 0.000000 0.000000 0.000000 0.000000 0.000000 0.000000 
0.000000 0.000000 0.000000 0.000000 0.000000 0.000000 0.000000 0.000000 0.000000 0.000000 0.000000 0.000000 0.000000 0.000000 0.000000 0.000000 0.000000 0.000000 0.000000 0.000000 0.000000 0.000000 0.000000 0.000001 0.000001 0.000002 0.000004 0.000007 0.000013 0.000021 0.000035 0.000057 0.000090 0.000139 0.000209 0.000307 0.000440 0.000615 0.000839 0.001118 0.001452 0.001840 0.002275 0.002743 0.003227 0.003702 0.004143 0.004522 0.004814 0.004998 0.005061 0.004998 0.004814 0.004522 0.004143 0.003702 0.003227 0.002743 0.002275 0.001840 0.001452 0.001118 0.000839 0.000615 0.000440 0.000307 0.000209 0.000139 0.000090 0.000057 0.000035 0.000021 0.000013 0.000007 0.000004 0.000002 0.000001 0.000001 0.000000 0.000000 0.000000 0.000000 0.000000 0.000000 0.000000 0.000000 0.000000 0.000000 0.000000 0.000000 0.000000 0.000000 0.000000 0.000000 0.000000 0.000000 0.000000 0.000000 0.000000 0.000000 
0.000000 0.000000 0.000000 0.000000 0.000000 0.000000 0.000000 0.000000 0.000000 0.000000 0.000000 0.000000 0.000000 0.000000 0.000000 0.000000 0.000000 0.000000 0.000000 0.000000 0.000000 0.000000 0.000001 0.000001 0.000002 0.000005 0.000008 0.000015 0.000026 0.000044 0.000072 0.000117 0.000184 0.000283 0.000426 0.000625 0.000894 0.001249 0.001703 0.002265 0.002940 0.003723 0.004600 0.005544 0.006518 0.007475 0.008362 0.009125 0.009712 0.010082 0.010208 0.010082 0.009712 0.009125 0.008362 0.007475 0.006518 0.005544 0.004600 0.003723 0.002940 0.002265 0.001703 0.001249 0.000894 0.000625 0.000426 0.000283 0.000184 0.000117 0.000072 0.000044 0.000026 0.000015 0.000008 0.000005 0.000002 0.000001 0.000001 0.000000 0.000000 0.000000 0.000000 0.000000 0.000000 0.000000 0.000000 0.000000 0.000000 0.000000 0.000000 0.000000 0.000000 0.000000 0.000000 0.000000 0.000000 0.000000 0.000000 0.000000 
0.000000 0.000000 0.000000 0.000000 0.000000 0.000000 0.000000 0.000000 0.000000 0.000000 0.000000 0.000000 0.000000 0.000000 0.000000 0.000000 0.000000 0.000000 0.000000 0.000000 0.000000 0.000001 0.000001 0.000003 0.000005 0.000009 0.000017 0.000030 0.000052 0.000088 0.000145 0.000234 0.000368 0.000566 0.000849 0.001244 0.001778 0.002482 0.003380 0.004492 0.005826 0.007372 0.009101 0.010963 0.012882 0.014768 0.016515 0.018016 0.019171 0.019900 0.020149 0.019900 0.019171 0.018016 0.016515 0.014768 0.012882 0.010963 0.009101 0.007372 0.005826 0.004492 0.003380 0.002482 0.001778 0.001244 0.000849 0.000566 0.000368 0.000234 0.000145 0.000088 0.000052 0.000030 0.000017 0.000009 0.000005 0.000003 0.000001 0.000001 0.000000 0.000000 0.000000 0.000000 0.000000 0.000000 0.000000 0.000000 0.000000 0.000000 0.000000 0.000000 0.000000 0.000000 0.000000 0.000000 0.000000 0.000000 0.000000 0.000000 
0.000000 0.000000 0.000000 0.000000 0.000000 0.000000 0.000000 0.000000 0.000000 0.000000 0.000000 0.000000 0.000000 0.000000 0.000000 0.000000 0.000000 0.000000 0.000000 0.000000 0.000001 0.000001 0.000003 0.000005 0.000010 0.000018 0.000033 0.000059 0.000102 0.000172 0.000284 0.000457 0.000719 0.001104 0.001655 0.002421 0.003459 0.004822 0.006562 0.008713 0.011291 0.014278 0.017617 0.021208 0.024910 0.028544 0.031911 0.034802 0.037027 0.038429 0.038909 0.038429 0.037027 0.034802 0.031911 0.028544 0.024910 0.021208 0.017617 0.014278 0.011291 0.008713 0.006562 0.004822 0.003459 0.002421 0.001655 0.001104 0.000719 0.000457 0.000284 0.000172 0.000102 0.000059 0.000033 0.000018 0.000010 0.000005 0.000003 0.000001 0.000001 0.000000 0.000000 0.000000 0.000000 0.000000 0.000000 0.000000 0.000000 0.000000 0.000000 0.000000 0.000000 0.000000 0.000000 0.000000 0.000000 0.000000 0.000000 0.000000 
0.000000 0.000000 0.000000 0.000000 0.000000 0.000000 0.000000 0.000000 0.000000 0.000000 0.000000 0.000000 0.000000 0.000000 0.000000 0.000000 0.000000 0.000000 0.000000 0.000001 0.000001 0.000003 0.000005 0.000010 0.000019 0.000036 0.000064 0.000114 0.000196 0.000330 0.000544 0.000875 0.001374 0.002107 0.003155 0.004611 0.006580 0.009165 0.012459 0.016532 0.021407 0.027051 0.033356 0.040135 0.047118 0.053971 0.060317 0.065765 0.069957 0.072599 0.073502 0.072599 0.069957 0.065765 0.060317 0.053971 0.047118 0.040135 0.033356 0.027051 0.021407 0.016532 0.012459 0.009165 0.006580 0.004611 0.003155 0.002107 0.001374 0.000875 0.000544 0.000330 0.000196 0.000114 0.000064 0.000036 0.000019 0.000010 0.000005 0.000003 0.000001 0.000001 0.000000 0.000000 0.000000 0.000000 0.000000 0.000000 0.000000 0.000000 0.000000 0.000000 0.000000 0.000000 0.000000 0.000000 0.000000 0.000000 0.000000 0.000000 
0.000000 0.000000 0.000000 0.000000 0.000000 0.000000 0.000000 0.000000 0.000000 0.000000 0.000000 0.000000 0.000000 0.000000 0.000000 0.000000 0.000000 0.000000 0.000001 0.000001 0.000002 0.000005 0.000010 0.000019 0.000036 0.000067 0.000121 0.000214 0.000368 0.000620 0.001019 0.001637 0.002567 0.003932 0.005881 0.008587 0.012241 0.017034 0.023138 0.030676 0.039694 0.050126 0.061774 0.074289 0.087175 0.099817 0.111518 0.121562 0.129287 0.134157 0.135821 0.134157 0.129287 0.121562 0.111518 0.099817 0.087175 0.074289 0.061774 0.050126 0.039694 0.030676 0.023138 0.017034 0.012241 0.008587 0.005881 0.003932 0.002567 0.001637 0.001019 0.000620 0.000368 0.000214 0.000121 0.000067 0.000036 0.000019 0.000010 0.000005 0.000002 0.000001 0.000001 0.000000 0.000000 0.000000 0.000000 0.000000 0.000000 0.000000 0.000000 0.000000 0.000000 0.000000 0.000000 0.000000 0.000000 0.000000 0.000000 0.000000 
0.000000 0.000000 0.000000 0.000000 0.000000 0.000000 0.000000 0.000000 0.000000 0.000000 0.000000 0.000000 0.000000 0.000000 0.000000 0.000000 0.000000 0.000000 0.000001 0.000002 0.000005 0.000009 0.000018 0.000036 0.000067 0.000124 0.000223 0.000393 0.000676 0.001136 0.001866 0.002993 0.004689 0.007175 0.010719 0.015635 0.022267 0.030958 0.042017 0.055664 0.071978 0.090839 0.111884 0.134482 0.157743 0.180552 0.201656 0.219767 0.233695 0.242473 0.245472 0.242473 0.233695 0.219767 0.201656 0.180552 0.157743 0.134482 0.111884 0.090839 0.071978 0.055664 0.042017 0.030958 0.022267 0.015635 0.010719 0.007175 0.004689 0.002993 0.001866 0.001136 0.000676 0.000393 0.000223 0.000124 0.000067 0.000036 0.000018 0.000009 0.000005 0.000002 0.000001 0.000000 0.000000 0.000000 0.000000 0.000000 0.000000 0.000000 0.000000 0.000000 0.000000 0.000000 0.000000 0.000000 0.000000 0.000000 0.000000 0.000000 
0.000000 0.000000 0.000000 0.000000 0.000000 0.000000 0.000000 0.000000 0.000000 0.000000 0.000000 0.000000 0.000000 0.000000 0.000000 0.000000 0.000000 0.000001 0.000002 0.000004 0.000008 0.000017 0.000033 0.000064 0.000121 0.000223 0.000401 0.000706 0.001213 0.002037 0.003340 0.005352 0.008374 0.012798 0.019100 0.027834 0.039604 0.055015 0.074608 0.098769 0.127629 0.160975 0.198161 0.238072 0.279133 0.319383 0.356610 0.388551 0.413109 0.428585 0.433871 0.428585 0.413109 0.388551 0.356610 0.319383 0.279133 0.238072 0.198161 0.160975 0.127629 0.098769 0.074608 0.055015 0.039604 0.027834 0.019100 0.012798 0.008374 0.005352 0.003340 0.002037 0.001213 0.000706 0.000401 0.000223 0.000121 0.000064 0.000033 0.000017 0.000008 0.000004 0.000002 0.000001 0.000000 0.000000 0.000000 0.000000 0.000000 0.000000 0.000000 0.000000 0.000000 0.000000 0.000000 0.000000 0.000000 0.000000 0.000000 0.000000 
0.000000 0.000000 0.000000 0.000000 0.000000 0.000000 0.000000 0.000000 0.000000 0.000000 0.000000 0.000000 0.000000 0.000000 0.000000 0.000000 0.000001 0.000002 0.000003 0.000007 0.000015 0.000030 0.000059 0.000114 0.000214 0.000393 0.000706 0.001240 0.002128 0.003568 0.005844 0.009352 0.014618 0.022317 0.033272 0.048441 0.068863 0.095582 0.129524 0.171347 0.221273 0.278922 0.343174 0.412102 0.482986 0.552443 0.616665 0.671753 0.714100 0.740783 0.749898 0.740783 0.714100 0.671753 0.616665 0.552443 0.482986 0.412102 0.343174 0.278922 0.221273 0.171347 0.129524 0.095582 0.068863 0.048441 0.033272 0.022317 0.014618 0.009352 0.005844 0.003568 0.002128 0.001240 0.000706 0.000393 0.000214 0.000114 0.000059 0.000030 0.000015 0.000007 0.000003 0.000002 0.000001 0.000000 0.000000 0.000000 0.000000 0.000000 0.000000 0.000000 0.000000 0.000000 0.000000 0.000000 0.000000 0.000000 0.000000 0.000000 
0.000000 0.000000 0.000000 0.000000 0.000000 0.000000 0.000000 0.000000 0.000000 0.000000 0.000000 0.000000 0.000000 0.000000 0.000000 0.000001 0.000001 0.000003 0.000006 0.000013 0.000026 0.000052 0.000102 0.000196 0.000368 0.000676 0.001213 0.002128 0.003647 0.006107 0.009993 0.015973 0.024940 0.038036 0.056654 0.082407 0.117051 0.162338 0.219824 0.290608 0.375052 0.472500 0.581055 0.697453 0.817105 0.934307 1.042644 1.135550 1.206956 1.251944 1.267311 1.251944 1.206956 1.135550 1.042644 0.934307 0.817105 0.697453 0.581055 0.472500 0.375052 0.290608 0.219824 0.162338 0.117051 0.082407 0.056654 0.038036 0.024940 0.015973 0.009993 0.006107 0.003647 0.002128 0.001213 0.000676 0.000368 0.000196 0.000102 0.000052 0.000026 0.000013 0.000006 0.000003 0.000001 0.000001 0.000000 0.000000 0.000000 0.000000 0.000000 0.000000 0.000000 0.000000 0.000000 0.000000 0.000000 0.000000 0.000000 0.000000 
0.000000 0.000000 0.000000 0.000000 0.000000 0.000000 0.000000 0.000000 0.000000 0.000000 0.000000 0.000000 0.000000 0.000000 0.000000 0.000001 0.000002 0.000005 0.000010 0.000021 0.000044 0.000088 0.000172 0.000330 0.000620 0.001136 0.002037 0.003568 0.006107 0.010216 0.016697 0.026660 0.041584 0.063357 0.094283 0.137023 0.194469 0.269506 0.364685 0.481803 0.621437 0.782485 0.961795 1.153975 1.351450 1.544814 1.723503 1.876706 1.994434 2.068599 2.093931 2.068599 1.994434 1.876706 1.723503 1.544814 1.351450 1.153975 0.961795 0.782485 0.621437 0.481803 0.364685 0.269506 0.194469 0.137023 0.094283 0.063357 0.041584 0.026660 0.016697 0.010216 0.006107 0.003568 0.002037 0.001136 0.000620 0.000330 0.000172 0.000088 0.000044 0.000021 0.000010 0.000005 0.000002 0.000001 0.000000 0.000000 0.000000 0.000000 0.000000 0.000000 0.000000 0.000000 0.000000 0.000000 0.000000 0.000000 0.000000 0.000000 
0.000000 0.000000 0.000000 0.000000 0.000000 0.000000 0.000000 0.000000 0.000000 0.000000 0.000000 0.000000 0.000000 0.000000 0.000001 0.000002 0.000004 0.000008 0.000017 0.000035 0.000072 0.000145 0.000284 0.000544 0.001019 0.001866 0.003340 0.005844 0.009993 0.016697 0.027259 0.043480 0.067754 0.103134 0.153340 0.222668 0.315775 0.437302 0.591344 0.780771 1.006483 1.266668 1.556218 1.866417 2.185041 2.496933 2.785076 3.032067 3.221837 3.341373 3.382199 3.341373 3.221837 3.032067 2.785076 2.496933 2.185041 1.866417 1.556218 1.266668 1.006483 0.780771 0.591344 0.437302 0.315775 0.222668 0.153340 0.103134 0.067754 0.043480 0.027259 0.016697 0.009993 0.005844 0.003340 0.001866 0.001019 0.000544 0.000284 0.000145 0.000072 0.000035 0.000017 0.000008 0.000004 0.000002 0.000001 0.000000 0.000000 0.000000 0.000000 0.000000 0.000000 0.000000 0.000000 0.000000 0.000000 0.000000 0.000000 0.000000 
0.000000 0.000000 0.000000 0.000000 0.000000 0.000000 0.000000 0.000000 0.000000 0.000000 0.000000 0.000000 0.000000 0.000000 0.000001 0.000003 0.000006 0.000013 0.000027 0.000057 0.000117 0.000234 0.000457 0.000875 0.001637 0.002993 0.005352 0.009352 0.015973 0.026660 0.043480 0.069286 0.107866 0.164046 0.243700 0.353603 0.501089 0.693459 0.937134 1.236601 1.593230 2.004118 2.461168 2.950612 3.453168 3.944954 4.399176 4.788448 5.087489 5.275836 5.340160 5.275836 5.087489 4.788448 4.399176 3.944954 3.453168 2.950612 2.461168 2.004118 1.593230 1.236601 0.937134 0.693459 0.501089 0.353603 0.243700 0.164046 0.107866 0.069286 0.043480 0.026660 0.015973 0.009352 0.005352 0.002993 0.001637 0.000875 0.000457 0.000234 0.000117 0.000057 0.000027 0.000013 0.000006 0.000003 0.000001 0.000000 0.000000 0.000000 0.000000 0.000000 0.000000 0.000000 0.000000 0.000000 0.000000 0.000000 0.000000 0.000000 
0.000000 0.000000 0.000000 0.000000 0.000000 0.000000 0.000000 0.000000 0.000000 0.000000 0.000000 0.000000 0.000000 0.000001 0.000002 0.000004 0.000009 0.000020 0.000043 0.000090 0.000184 0.000368 0.000719 0.001374 0.002567 0.004689 0.008374 0.014618 0.024940 0.041584 0.067754 0.107866 0.167779 0.254948 0.378438 0.548695 0.777007 1.074598 1.451320 1.914030 2.464764 3.098981 3.804142 4.558987 5.333789 6.091765 6.791674 7.391385 7.852018 8.142112 8.241181 8.142112 7.852018 7.391385 6.791674 6.091765 5.333789 4.558987 3.804142 3.098981 2.464764 1.914030 1.451320 1.074598 0.777007 0.548695 0.378438 0.254948 0.167779 0.107866 0.067754 0.041584 0.024940 0.014618 0.008374 0.004689 0.002567 0.001374 0.000719 0.000368 0.000184 0.000090 0.000043 0.000020 0.000009 0.000004 0.000002 0.000001 0.000000 0.000000 0.000000 0.000000 0.000000 0.000000 0.000000 0.000000 0.000000 0.000000 0.000000 0.000000 
0.000000 0.000000 0.000000 0.000000 0.000000 0.000000 0.000000 0.000000 0.000000 0.000000 0.000000 0.000000 0.000001 0.000001 0.000003 0.000006 0.000014 0.000031 0.000067 0.000139 0.000283 0.000566 0.001104 0.002107 0.003932 0.007175 0.012798 0.022317 0.038036 0.063357 0.103134 0.164046 0.254948 0.387098 0.574165 0.831885 1.177250 1.627123 2.196281 2.894964 3.726143 4.682873 5.746182 6.883991 8.051501 9.193342 10.247464 11.150511 11.844039 12.280763 12.429899 12.280763 11.844039 11.150511 10.247464 9.193342 8.051501 6.883991 5.746182 4.682873 3.726143 2.894964 2.196281 1.627123 1.177250 0.831885 0.574165 0.387098 0.254948 0.164046 0.103134 0.063357 0.038036 0.022317 0.012798 0.007175 0.003932 0.002107 0.001104 0.000566 0.000283 0.000139 0.000067 0.000031 0.000014 0.000006 0.000003 0.000001 0.000001 0.000000 0.000000 0.000000 0.000000 0.000000 0.000000 0.000000 0.000000 0.000000 0.000000 0.000000 
0.000000 0.000000 0.000000 0.000000 0.000000 0.000000 0.000000 0.000000 0.000000 0.000000 0.000000 0.000000 0.000001 0.000002 0.000004 0.000010 0.000022 0.000047 0.000100 0.000209 0.000426 0.000849 0.001655 0.003155 0.005881 0.010719 0.019100 0.033272 0.056654 0.094283 0.153340 0.243700 0.378438 0.574165 0.851025 1.232192 1.742653 2.407177 3.247428 4.278361 5.504209 6.914611 8.481517 10.157619 11.876951 13.558038 15.109642 16.438640 17.459158 18.101736 18.321159 18.101736 17.459158 16.438640 15.109642 13.558038 11.876951 10.157619 8.481517 6.914611 5.504209 4.278361 3.247428 2.407177 1.742653 1.232192 0.851025 0.574165 0.378438 0.243700 0.153340 0.094283 0.056654 0.033272 0.019100 0.010719 0.005881 0.003155 0.001655 0.000849 0.000426 0.000209 0.000100 0.000047 0.000022 0.000010 0.000004 0.000002 0.000001 0.000000 0.000000 0.000000 0.000000 0.000000 0.000000 0.000000 0.000000 0.000000 0.000000 0.000000 
0.000000 0.000000 0.000000 0.000000 0.000000 0.000000 0.000000 0.000000 0.000000 0.000000 0.000000 0.000000 0.000001 0.000003 0.000006 0.000014 0.000032 0.000069 0.000148 0.000307 0.000625 0.001244 0.002421 0.004611 0.008587 0.015635 0.027834 0.048441 0.082407 0.137023 0.222668 0.353603 0.548695 0.831885 1.232192 1.782955 2.520090 3.479155 4.691193 6.177554 7.944144 9.975864 12.232198 14.644983 17.119286 19.537955 21.769869 23.681259 25.148806 26.072783 26.388284 26.072783 25.148806 23.681259 21.769869 19.537955 17.119286 14.644983 12.232198 9.975864 7.944144 6.177554 4.691193 3.479155 2.520090 1.782955 1.232192 0.831885 0.548695 0.353603 0.222668 0.137023 0.082407 0.048441 0.027834 0.015635 0.008587 0.004611 0.002421 0.001244 0.000625 0.000307 0.000148 0.000069 0.000032 0.000014 0.000006 0.000003 0.000001 0.000000 0.000000 0.000000 0.000000 0.000000 0.000000 0.000000 0.000000 0.000000 0.000000 0.000000 
0.000000 0.000000 0.000000 0.000000 0.000000 0.000000 0.000000 0.000000 0.000000 0.000000 0.000000 0.000001 0.000002 0.000004 0.000009 0.000021 0.000046 0.000100 0.000212 0.000440 0.000894 0.001778 0.003459 0.006580 0.012241 0.022267 0.039604 0.068863 0.117051 0.194469 0.315775 0.501089 0.777007 1.177250 1.742653 2.520090 3.560010 4.912296 6.620428 8.714202 11.201674 14.061369 17.236116 20.629951 24.109379 27.509787 30.647032 33.333323 35.395594 36.693913 37.137219 36.693913 35.395594 33.333323 30.647032 27.509787 24.109379 20.629951 17.236116 14.061369 11.201674 8.714202 6.620428 4.912296 3.560010 2.520090 1.742653 1.177250 0.777007 0.501089 0.315775 0.194469 0.117051 0.068863 0.039604 0.022267 0.012241 0.006580 0.003459 0.001778 0.000894 0.000440 0.000212 0.000100 0.000046 0.000021 0.000009 0.000004 0.000002 0.000001 0.000000 0.000000 0.000000 0.000000 0.000000 0.000000 0.000000 0.000000 0.000000 0.000000 
0.000000 0.000000 0.000000 0.000000 0.000000 0.000000 0.000000 0.000000 0.000000 0.000000 0.000000 0.000001 0.000002 0.000006 0.000013 0.000029 0.000064 0.000140 0.000296 0.000615 0.001249 0.002482 0.004822 0.009165 0.017034 0.030958 0.055015 0.095582 0.162338 0.269506 0.437302 0.693459 1.074598 1.627123 2.407177 3.479155 4.912296 6.774990 9.126751 12.008231 15.430177 19.362774 23.727217 28.391510 33.172237 37.843382 42.152246 45.841214 48.672936 50.455541 51.064183 50.455541 48.672936 45.841214 42.152246 37.843382 33.172237 28.391510 23.727217 19.362774 15.430177 12.008231 9.126751 6.774990 4.912296 3.479155 2.407177 1.627123 1.074598 0.693459 0.437302 0.269506 0.162338 0.095582 0.055015 0.030958 0.017034 0.009165 0.004822 0.002482 0.001249 0.000615 0.000296 0.000140 0.000064 0.000029 0.000013 0.000006 0.000002 0.000001 0.000000 0.000000 0.000000 0.000000 0.000000 0.000000 0.000000 0.000000 0.000000 0.000000 
0.000000 0.000000 0.000000 0.000000 0.000000 0.000000 0.000000 0.000000 0.000000 0.000000 0.000001 0.000001 0.000003 0.000008 0.000018 0.000040 0.000088 0.000191 0.000405 0.000839 0.001703 0.003380 0.006562 0.012459 0.023138 0.042017 0.074608 0.129524 0.219824 0.364685 0.591344 0.937134 1.451320 2.196281 3.247428 4.691193 6.620428 9.126751 12.289772 16.163706 20.762580 26.045982 31.907812 38.170702 44.588434 50.857810 56.639985 61.589647 65.388720 67.780126 68.596606 67.780126 65.388720 61.589647 56.639985 50.857810 44.588434 38.170702 31.907812 26.045982 20.762580 16.163706 12.289772 9.126751 6.620428 4.691193 3.247428 2.196281 1.451320 0.937134 0.591344 0.364685 0.219824 0.129524 0.074608 0.042017 0.023138 0.012459 0.006562 0.003380 0.001703 0.000839 0.000405 0.000191 0.000088 0.000040 0.000018 0.000008 0.000003 0.000001 0.000001 0.000000 0.000000 0.000000 0.000000 0.000000 0.000000 0.000000 0.000000 0.000000 
0.000000 0.000000 0.000000 0.000000 0.000000 0.000000 0.000000 0.000000 0.000000 0.000000 0.000001 0.000002 0.000004 0.000010 0.000024 0.000053 0.000118 0.000255 0.000540 0.001118 0.002265 0.004492 0.008713 0.016532 0.030676 0.055664 0.098769 0.171347 0.290608 0.481803 0.780771 1.236601 1.914030 2.894964 4.278361 6.177554 8.714202 12.008231 16.163706 21.251294 27.288908 34.223084 41.914297 50.129719 58.546452 66.767104 74.347757 80.836155 85.815814 88.950171 90.020278 88.950171 85.815814 80.836155 74.347757 66.767104 58.546452 50.129719 41.914297 34.223084 27.288908 21.251294 16.163706 12.008231 8.714202 6.177554 4.278361 2.894964 1.914030 1.236601 0.780771 0.481803 0.290608 0.171347 0.098769 0.055664 0.030676 0.016532 0.008713 0.004492 0.002265 0.001118 0.000540 0.000255 0.000118 0.000053 0.000024 0.000010 0.000004 0.000002 0.000001 0.000000 0.000000 0.000000 0.000000 0.000000 0.000000 0.000000 0.000000 0.000000 
0.000000 0.000000 0.000000 0.000000 0.000000 0.000000 0.000000 0.000000 0.000000 0.000000 0.000001 0.000002 0.000006 0.000013 0.000031 0.000069 0.000153 0.000332 0.000701 0.001452 0.002940 0.005826 0.011291 0.021407 0.039694 0.071978 0.127629 0.221273 0.375052 0.621437 1.006483 1.593230 2.464764 3.726143 5.504209 7.944144 11.201674 15.430177 20.762580 27.288908 35.031549 43.921457 53.779436 64.306946 75.090307 85.620680 95.329873 103.639188 110.015811 114.029236 115.399429 114.029236 110.015811 103.639188 95.329873 85.620680 75.090307 64.306946 53.779436 43.921457 35.031549 27.288908 20.762580 15.430177 11.201674 7.944144 5.504209 3.726143 2.464764 1.593230 1.006483 0.621437 0.375052 0.221273 0.127629 0.071978 0.039694 0.021407 0.011291 0.005826 0.002940 0.001452 0.000701 0.000332 0.000153 0.000069 0.000031 0.000013 0.000006 0.000002 0.000001 0.000000 0.000000 0.000000 0.000000 0.000000 0.000000 0.000000 0.000000 0.000000 
0.000000 0.000000 0.000000 0.000000 0.000000 0.000000 0.000000 0.000000 0.000000 0.000000 0.000001 0.000003 0.000007 0.000017 0.000039 0.000088 0.000195 0.000421 0.000890 0.001840 0.003723 0.007372 0.014278 0.027051 0.050126 0.090839 0.160975 0.278922 0.472500 0.782485 1.266668 2.004118 3.098981 4.682873 6.914611 9.975864 14.061369 19.362774 26.045982 34.223084 43.921457 55.054069 67.396159 80.573821 94.069342 107.246237 119.394025 129.789279 137.766057 142.786359 144.500259 142.786359 137.766057 129.789279 119.394025 107.246237 94.069342 80.573821 67.396159 55.054069 43.921457 34.223084 26.045982 19.362774 14.061369 9.975864 6.914611 4.682873 3.098981 2.004118 1.266668 0.782485 0.472500 0.278922 0.160975 0.090839 0.050126 0.027051 0.014278 0.007372 0.003723 0.001840 0.000890 0.000421 0.000195 0.000088 0.000039 0.000017 0.000007 0.000003 0.000001 0.000000 0.000000 0.000000 0.000000 0.000000 0.000000 0.000000 0.000000 0.000000 
0.000000 0.000000 0.000000 0.000000 0.000000 0.000000 0.000000 0.000000 0.000000 0.000001 0.000002 0.000004 0.000009 0.000021 0.000049 0.000110 0.000241 0.000521 0.001101 0.002275 0.004600 0.009101 0.017617 0.033356 0.061774 0.111884 0.198161 0.343174 0.581055 0.961795 1.556218 2.461168 3.804142 5.746182 8.481517 12.232198 17.236116 23.727217 31.907812 41.914297 53.779436 67.396159 82.489157 98.601039 115.098930 131.205110 146.051719 158.755282 168.502670 174.637051 176.731243 174.637051 168.502670 158.755282 146.051719 131.205110 115.098930 98.601039 82.489157 67.396159 53.779436 41.914297 31.907812 23.727217 17.236116 12.232198 8.481517 5.746182 3.804142 2.461168 1.556218 0.961795 0.581055 0.343174 0.198161 0.111884 0.061774 0.033356 0.017617 0.009101 0.004600 0.002275 0.001101 0.000521 0.000241 0.000110 0.000049 0.000021 0.000009 0.000004 0.000002 0.000001 0.000000 0.000000 0.000000 0.000000 0.000000 0.000000 0.000000 0.000000 
0.000000 0.000000 0.000000 0.000000 0.000000 0.000000 0.000000 0.000000 0.000000 0.000001 0.000002 0.000005 0.000011 0.000026 0.000059 0.000132 0.000292 0.000629 0.001328 0.002743 0.005544 0.010963 0.021208 0.040135 0.074289 0.134482 0.238072 0.412102 0.697453 1.153975 1.866417 2.950612 4.558987 6.883991 10.157619 14.644983 20.629951 28.391510 38.170702 50.129719 64.306946 80.573821 98.601039 117.842133 137.541437 156.770699 174.494369 189.658481 201.293134 208.614945 211.114458 208.614945 201.293134 189.658481 174.494369 156.770699 137.541437 117.842133 98.601039 80.573821 64.306946 50.129719 38.170702 28.391510 20.629951 14.644983 10.157619 6.883991 4.558987 2.950612 1.866417 1.153975 0.697453 0.412102 0.238072 0.134482 0.074289 0.040135 0.021208 0.010963 0.005544 0.002743 0.001328 0.000629 0.000292 0.000132 0.000059 0.000026 0.000011 0.000005 0.000002 0.000001 0.000000 0.000000 0.000000 0.000000 0.000000 0.000000 0.000000 0.000000 
