0.000000 0.000000 0.000000 0.000000 0.000000 0.000000 0.000000 0.000000 0.000000 0.000000 0.000000 0.000000 0.000000 0.000000 0.000000 0.000000 0.000000 0.000000 0.000000 0.000000 0.000000 0.000000 0.000000 0.000000 0.000000 0.000000 0.000000 0.000000 0.000000 0.000000 0.000000 0.000000 0.000000 0.000000 0.000000 0.000000 0.000000 0.000000 0.000000 0.000000 0.000000 0.000000 0.000000 0.000000 0.000000 0.000000 0.000000 0.000000 0.000000 0.000000 0.000000 0.000000 0.000000 0.000000 0.000000 0.000000 0.000000 0.000000 0.000000 0.000000 0.000000 0.000000 0.000000 0.000000 0.000000 0.000000 0.000000 0.000000 0.000000 0.000000 0.000000 0.000000 0.000000 0.000000 0.000000 0.000000 0.000000 0.000000 0.000000 0.000000 0.000000 0.000000 0.000000 0.000000 0.000000 0.000000 0.000000 0.000000 0.000000 0.000000 0.000000 0.000000 0.000000 0.000000 0.000000 0.000000 0.000000 0.000000 0.000000 0.000000 
0.000000 0.000000 0.000000 0.000000 0.000000 0.000000 0.000000 0.000000 0.000000 0.000000 0.000000 0.000000 0.000000 0.000000 0.000000 0.000000 0.000000 0.000000 0.000000 0.000000 0.000000 0.000000 0.000000 0.000000 0.000000 0.000000 0.000000 0.000000 0.000000 0.000000 0.000000 0.000000 0.000001 0.000001 0.000001 0.000001 0.000001 0.000002 0.000002 0.000003 0.000003 0.000004 0.000004 0.000004 0.000005 0.000005 0.000006 0.000006 0.000006 0.000006 0.000006 0.000006 0.000006 0.000006 0.000006 0.000005 0.000005 0.000004 0.000004 0.000004 0.000003 0.000003 0.000002 0.000002 0.000001 0.000001 0.000001 0.000001 0.000001 0.000000 0.000000 0.000000 0.000000 0.000000 0.000000 0.000000 0.000000 0.000000 0.000000 0.000000 0.000000 0.000000 0.000000 0.000000 0.000000 0.000000 0.000000 0.000000 0.000000 0.000000 0.000000 0.000000 0.000000 0.000000 0.000000 0.000000 0.000000 0.000000 0.000000 0.000000 
0.000000 0.000000 0.000000 0.000000 0.000000 0.000000 0.000000 0.000000 0.000000 0.000000 0.000000 0.000000 0.000000 0.000000 0.000000 0.000000 0.000000 0.000000 0.000000 0.000000 0.000000 0.000000 0.000000 0.000000 0.000000 0.000000 0.000000 0.000000 0.000000 0.000001 0.000001 0.000001 0.000001 0.000002 0.000002 0.000003 0.000004 0.000004 0.000005 0.000006 0.000007 0.000009 0.000010 0.000011 0.000012 0.000013 0.000014 0.000015 0.000015 0.000016 0.000016 0.000016 0.000015 0.000015 0.000014 0.000013 0.000012 0.000011 0.000010 0.000009 0.000007 0.000006 0.000005 0.000004 0.000004 0.000003 0.000002 0.000002 0.000001 0.000001 0.000001 0.000001 0.000000 0.000000 0.000000 0.000000 0.000000 0.000000 0.000000 0.000000 0.000000 0.000000 0.000000 0.000000 0.000000 0.000000 0.000000 0.000000 0.000000 0.000000 0.000000 0.000000 0.000000 0.000000 0.000000 0.000000 0.000000 0.000000 0.000000 0.000000 
0.000000 0.000000 0.000000 0.000000 0.000000 0.000000 0.000000 0.000000 0.000000 0.000000 0.000000 0.000000 0.000000 0.000000 0.000000 0.000000 0.000000 0.000000 0.000000 0.000000 0.000000 0.000000 0.000000 0.000000 0.000000 0.000000 0.000000 0.000001 0.000001 0.000001 0.000002 0.000002 0.000003 0.000004 0.000005 0.000006 0.000007 0.000009 0.000011 0.000013 0.000015 0.000018 0.000020 0.000023 0.000025 0.000027 0.000029 0.000031 0.000032 0.000032 0.000033 0.000032 0.000032 0.000031 0.000029 0.000027 0.000025 0.000023 0.000020 0.000018 0.000015 0.000013 0.000011 0.000009 0.000007 0.000006 0.000005 0.000004 0.000003 0.000002 0.000002 0.000001 0.000001 0.000001 0.000000 0.000000 0.000000 0.000000 0.000000 0.000000 0.000000 0.000000 0.000000 0.000000 0.000000 0.000000 0.000000 0.000000 0.000000 0.000000 0.000000 0.000000 0.000000 0.000000 0.000000 0.000000 0.000000 0.000000 0.000000 0.000000 
0.000000 0.000000 0.000000 0.000000 0.000000 0.000000 0.000000 0.000000 0.000000 0.000000 0.000000 0.000000 0.000000 0.000000 0.000000 0.000000 0.000000 0.000000 0.000000 0.000000 0.000000 0.000000 0.000000 0.000000 0.000000 0.000001 0.000001 0.000001 0.000002 0.000002 0.000003 0.000004 0.000006 0.000007 0.000009 0.000012 0.000015 0.000018 0.000021 0.000026 0.000030 0.000035 0.000039 0.000044 0.000048 0.000053 0.000056 0.000059 0.000062 0.000063 0.000064 0.000063 0.000062 0.000059 0.000056 0.000053 0.000048 0.000044 0.000039 0.000035 0.000030 0.000026 0.000021 0.000018 0.000015 0.000012 0.000009 0.000007 0.000006 0.000004 0.000003 0.000002 0.000002 0.000001 0.000001 0.000001 0.000000 0.000000 0.000000 0.000000 0.000000 0.000000 0.000000 0.000000 0.000000 0.000000 0.000000 0.000000 0.000000 0.000000 0.000000 0.000000 0.000000 0.000000 0.000000 0.000000 0.000000 0.000000 0.000000 0.000000 
0.000000 0.000000 0.000000 0.000000 0.000000 0.000000 0.000000 0.000000 0.000000 0.000000 0.000000 0.000000 0.000000 0.000000 0.000000 0.000000 0.000000 0.000000 0.000000 0.000000 0.000000 0.000000 0.000000 0.000001 0.000001 0.000001 0.000002 0.000002 0.000003 0.000004 0.000006 0.000008 0.000011 0.000014 0.000018 0.000022 0.000028 0.000034 0.000041 0.000049 0.000057 0.000066 0.000075 0.000084 0.000092 0.000100 0.000107 0.000113 0.000117 0.000120 0.000121 0.000120 0.000117 0.000113 0.000107 0.000100 0.000092 0.000084 0.000075 0.000066 0.000057 0.000049 0.000041 0.000034 0.000028 0.000022 0.000018 0.000014 0.000011 0.000008 0.000006 0.000004 0.000003 0.000002 0.000002 0.000001 0.000001 0.000001 0.000000 0.000000 0.000000 0.000000 0.000000 0.000000 0.000000 0.000000 0.000000 0.000000 0.000000 0.000000 0.000000 0.000000 0.000000 0.000000 0.000000 0.000000 0.000000 0.000000 0.000000 0.000000 
0.000000 0.000000 0.000000 0.000000 0.000000 0.000000 0.000000 0.000000 0.000000 0.000000 0.000000 0.000000 0.000000 0.000000 0.000000 0.000000 0.000000 0.000000 0.000000 0.000000 0.000000 0.000000 0.000001 0.000001 0.000001 0.000002 0.000003 0.000004 0.000006 0.000008 0.000011 0.000015 0.000020 0.000026 0.000033 0.000042 0.000052 0.000064 0.000077 0.000091 0.000107 0.000123 0.000140 0.000157 0.000173 0.000188 0.000201 0.000212 0.000220 0.000225 0.000227 0.000225 0.000220 0.000212 0.000201 0.000188 0.000173 0.000157 0.000140 0.000123 0.000107 0.000091 0.000077 0.000064 0.000052 0.000042 0.000033 0.000026 0.000020 0.000015 0.000011 0.000008 0.000006 0.000004 0.000003 0.000002 0.000001 0.000001 0.000001 0.000000 0.000000 0.000000 0.000000 0.000000 0.000000 0.000000 0.000000 0.000000 0.000000 0.000000 0.000000 0.000000 0.000000 0.000000 0.000000 0.000000 0.000000 0.000000 0.000000 0.000000 
0.000000 0.000000 0.000000 0.000000 0.000000 0.000000 0.000000 0.000000 0.000000 0.000000 0.000000 0.000000 0.000000 0.000000 0.000000 0.000000 0.000000 0.000000 0.000000 0.000000 0.000001 0.000001 0.000001 0.000002 0.000003 0.000004 0.000006 0.000008 0.000011 0.000015 0.000021 0.000028 0.000037 0.000048 0.000062 0.000078 0.000096 0.000118 0.000142 0.000169 0.000198 0.000228 0.000259 0.000290 0.000320 0.000348 0.000372 0.000392 0.000407 0.000416 0.000420 0.000416 0.000407 0.000392 0.000372 0.000348 0.000320 0.000290 0.000259 0.000228 0.000198 0.000169 0.000142 0.000118 0.000096 0.000078 0.000062 0.000048 0.000037 0.000028 0.000021 0.000015 0.000011 0.000008 0.000006 0.000004 0.000003 0.000002 0.000001 0.000001 0.000001 0.000000 0.000000 0.000000 0.000000 0.000000 0.000000 0.000000 0.000000 0.000000 0.000000 0.000000 0.000000 0.000000 0.000000 0.000000 0.000000 0.000000 0.000000 0.000000 
0.000000 0.000000 0.000000 0.000000 0.000000 0.000000 0.000000 0.000000 0.000000 0.000000 0.000000 0.000000 0.000000 0.000000 0.000000 0.000000 0.000000 0.000000 0.000000 0.000001 0.000001 0.000001 0.000002 0.000003 0.000005 0.000007 0.000010 0.000015 0.000021 0.000028 0.000038 0.000051 0.000068 0.000088 0.000113 0.000142 0.000176 0.000216 0.000260 0.000309 0.000362 0.000417 0.000474 0.000530 0.000584 0.000634 0.000679 0.000715 0.000742 0.000759 0.000765 0.000759 0.000742 0.000715 0.000679 0.000634 0.000584 0.000530 0.000474 0.000417 0.000362 0.000309 0.000260 0.000216 0.000176 0.000142 0.000113 0.000088 0.000068 0.000051 0.000038 0.000028 0.000021 0.000015 0.000010 0.000007 0.000005 0.000003 0.000002 0.000001 0.000001 0.000001 0.000000 0.000000 0.000000 0.000000 0.000000 0.000000 0.000000 0.000000 0.000000 0.000000 0.000000 0.000000 0.000000 0.000000 0.000000 0.000000 0.000000 0.000000 
0.000000 0.000000 0.000000 0.000000 0.000000 0.000000 0.000000 0.000000 0.000000 0.000000 0.000000 0.000000 0.000000 0.000000 0.000000 0.000000 0.000000 0.000000 0.000001 0.000001 0.000002 0.000003 0.000004 0.000006 0.000009 0.000013 0.000019 0.000027 0.000037 0.000051 0.000069 0.000093 0.000122 0.000159 0.000203 0.000256 0.000318 0.000389 0.000469 0.000557 0.000651 0.000751 0.000853 0.000954 0.001051 0.001141 0.001221 0.001287 0.001336 0.001366 0.001376 0.001366 0.001336 0.001287 0.001221 0.001141 0.001051 0.000954 0.000853 0.000751 0.000651 0.000557 0.000469 0.000389 0.000318 0.000256 0.000203 0.000159 0.000122 0.000093 0.000069 0.000051 0.000037 0.000027 0.000019 0.000013 0.000009 0.000006 0.000004 0.000003 0.000002 0.000001 0.000001 0.000000 0.000000 0.000000 0.000000 0.000000 0.000000 0.000000 0.000000 0.000000 0.000000 0.000000 0.000000 0.000000 0.000000 0.000000 0.000000 0.000000 
0.000000 0.000000 0.000000 0.000000 0.000000 0.000000 0.000000 0.000000 0.000000 0.000000 0.000000 0.000000 0.000000 0.000000 0.000000 0.000000 0.000000 0.000001 0.000001 0.000002 0.000003 0.000005 0.000007 0.000011 0.000016 0.000023 0.000034 0.000048 0.000066 0.000091 0.000124 0.000166 0.000218 0.000283 0.000362 0.000456 0.000565 0.000692 0.000833 0.000989 0.001157 0.001334 0.001514 0.001694 0.001867 0.002026 0.002167 0.002284 0.002371 0.002425 0.002443 0.002425 0.002371 0.002284 0.002167 0.002026 0.001867 0.001694 0.001514 0.001334 0.001157 0.000989 0.000833 0.000692 0.000565 0.000456 0.000362 0.000283 0.000218 0.000166 0.000124 0.000091 0.000066 0.000048 0.000034 0.000023 0.000016 0.000011 0.000007 0.000005 0.000003 0.000002 0.000001 0.000001 0.000000 0.000000 0.000000 0.000000 0.000000 0.000000 0.000000 0.000000 0.000000 0.000000 0.000000 0.000000 0.000000 0.000000 0.000000 0.000000 
0.000000 0.000000 0.000000 0.000000 0.000000 0.000000 0.000000 0.000000 0.000000 0.000000 0.000000 0.000000 0.000000 0.000000 0.000000 0.000000 0.000001 0.000001 0.000002 0.000003 0.000005 0.000008 0.000013 0.000019 0.000028 0.000041 0.000059 0.000084 0.000117 0.000161 0.000218 0.000291 0.000383 0.000497 0.000635 0.000800 0.000992 0.001213 0.001461 0.001735 0.002028 0.002337 0.002653 0.002967 0.003269 0.003549 0.003795 0.003999 0.004151 0.004245 0.004277 0.004245 0.004151 0.003999 0.003795 0.003549 0.003269 0.002967 0.002653 0.002337 0.002028 0.001735 0.001461 0.001213 0.000992 0.000800 0.000635 0.000497 0.000383 0.000291 0.000218 0.000161 0.000117 0.000084 0.000059 0.000041 0.000028 0.000019 0.000013 0.000008 0.000005 0.000003 0.000002 0.000001 0.000001 0.000000 0.000000 0.000000 0.000000 0.000000 0.000000 0.000000 0.000000 0.000000 0.000000 0.000000 0.000000 0.000000 0.000000 0.000000 
0.000000 0.000000 0.000000 0.000000 0.000000 0.000000 0.000000 0.000000 0.000000 0.000000 0.000000 0.000000 0.000000 0.000000 0.000001 0.000001 0.000001 0.000002 0.000004 0.000006 0.000009 0.000015 0.000022 0.000033 0.000049 0.000072 0.000103 0.000145 0.000203 0.000279 0.000378 0.000505 0.000664 0.000861 0.001100 0.001385 0.001717 0.002099 0.002528 0.003000 0.003507 0.004040 0.004585 0.005127 0.005648 0.006130 0.006555 0.006906 0.007169 0.007331 0.007385 0.007331 0.007169 0.006906 0.006555 0.006130 0.005648 0.005127 0.004585 0.004040 0.003507 0.003000 0.002528 0.002099 0.001717 0.001385 0.001100 0.000861 0.000664 0.000505 0.000378 0.000279 0.000203 0.000145 0.000103 0.000072 0.000049 0.000033 0.000022 0.000015 0.000009 0.000006 0.000004 0.000002 0.000001 0.000001 0.000001 0.000000 0.000000 0.000000 0.000000 0.000000 0.000000 0.000000 0.000000 0.000000 0.000000 0.000000 0.000000 0.000000 
0.000000 0.000000 0.000000 0.000000 0.000000 0.000000 0.000000 0.000000 0.000000 0.000000 0.000000 0.000000 0.000000 0.000001 0.000001 0.000001 0.000002 0.000004 0.000007 0.000010 0.000016 0.000025 0.000038 0.000057 0.000084 0.000123 0.000176 0.000249 0.000347 0.000477 0.000647 0.000863 0.001135 0.001471 0.001879 0.002364 0.002932 0.003583 0.004313 0.005117 0.005981 0.006888 0.007816 0.008738 0.009625 0.010446 0.011169 0.011766 0.012212 0.012488 0.012581 0.012488 0.012212 0.011766 0.011169 0.010446 0.009625 0.008738 0.007816 0.006888 0.005981 0.005117 0.004313 0.003583 0.002932 0.002364 0.001879 0.001471 0.001135 0.000863 0.000647 0.000477 0.000347 0.000249 0.000176 0.000123 0.000084 0.000057 0.000038 0.000025 0.000016 0.000010 0.000007 0.000004 0.000002 0.000001 0.000001 0.000001 0.000000 0.000000 0.000000 0.000000 0.000000 0.000000 0.000000 0.000000 0.000000 0.000000 0.000000 0.000000 
0.000000 0.000000 0.000000 0.000000 0.000000 0.000000 0.000000 0.000000 0.000000 0.000000 0.000000 0.000000 0.000001 0.000001 0.000002 0.000003 0.000004 0.000007 0.000011 0.000018 0.000027 0.000042 0.000064 0.000097 0.000143 0.000207 0.000298 0.000421 0.000587 0.000806 0.001091 0.001456 0.001914 0.002479 0.003165 0.003982 0.004937 0.006030 0.007259 0.008609 0.010060 0.011583 0.013141 0.014689 0.016178 0.017556 0.018770 0.019772 0.020520 0.020982 0.021139 0.020982 0.020520 0.019772 0.018770 0.017556 0.016178 0.014689 0.013141 0.011583 0.010060 0.008609 0.007259 0.006030 0.004937 0.003982 0.003165 0.002479 0.001914 0.001456 0.001091 0.000806 0.000587 0.000421 0.000298 0.000207 0.000143 0.000097 0.000064 0.000042 0.000027 0.000018 0.000011 0.000007 0.000004 0.000003 0.000002 0.000001 0.000001 0.000000 0.000000 0.000000 0.000000 0.000000 0.000000 0.000000 0.000000 0.000000 0.000000 0.000000 
0.000000 0.000000 0.000000 0.000000 0.000000 0.000000 0.000000 0.000000 0.000000 0.000000 0.000000 0.000000 0.000001 0.000001 0.000003 0.000004 0.000007 0.000012 0.000019 0.000029 0.000046 0.000071 0.000108 0.000161 0.000238 0.000346 0.000496 0.000702 0.000977 0.001342 0.001816 0.002422 0.003183 0.004122 0.005260 0.006615 0.008199 0.010012 0.012048 0.014285 0.016690 0.019213 0.021793 0.024357 0.026822 0.029102 0.031111 0.032770 0.034008 0.034774 0.035033 0.034774 0.034008 0.032770 0.031111 0.029102 0.026822 0.024357 0.021793 0.019213 0.016690 0.014285 0.012048 0.010012 0.008199 0.006615 0.005260 0.004122 0.003183 0.002422 0.001816 0.001342 0.000977 0.000702 0.000496 0.000346 0.000238 0.000161 0.000108 0.000071 0.000046 0.000029 0.000019 0.000012 0.000007 0.000004 0.000003 0.000001 0.000001 0.000000 0.000000 0.000000 0.000000 0.000000 0.000000 0.000000 0.000000 0.000000 0.000000 0.000000 
0.000000 0.000000 0.000000 0.000000 0.000000 0.000000 0.000000 0.000000 0.000000 0.000000 0.000000 0.000001 0.000001 0.000002 0.000004 0.000007 0.000012 0.000019 0.000031 0.000049 0.000076 0.000117 0.000177 0.000265 0.000392 0.000569 0.000816 0.001153 0.001606 0.002204 0.002981 0.003973 0.005219 0.006757 0.008621 0.010838 0.013428 0.016393 0.019722 0.023379 0.027308 0.031431 0.035646 0.039833 0.043858 0.047581 0.050862 0.053569 0.055591 0.056841 0.057263 0.056841 0.055591 0.053569 0.050862 0.047581 0.043858 0.039833 0.035646 0.031431 0.027308 0.023379 0.019722 0.016393 0.013428 0.010838 0.008621 0.006757 0.005219 0.003973 0.002981 0.002204 0.001606 0.001153 0.000816 0.000569 0.000392 0.000265 0.000177 0.000117 0.000076 0.000049 0.000031 0.000019 0.000012 0.000007 0.000004 0.000002 0.000001 0.000001 0.000000 0.000000 0.000000 0.000000 0.000000 0.000000 0.000000 0.000000 0.000000 0.000000 
0.000000 0.000000 0.000000 0.000000 0.000000 0.000000 0.000000 0.000000 0.000000 0.000000 0.000001 0.000001 0.000002 0.000004 0.000007 0.000012 0.000019 0.000031 0.000050 0.000079 0.000123 0.000190 0.000288 0.000431 0.000635 0.000924 0.001323 0.001869 0.002601 0.003568 0.004824 0.006428 0.008441 0.010924 0.013933 0.017512 0.021690 0.026473 0.031839 0.037734 0.044068 0.050711 0.057502 0.064246 0.070730 0.076725 0.082008 0.086367 0.089622 0.091634 0.092315 0.091634 0.089622 0.086367 0.082008 0.076725 0.070730 0.064246 0.057502 0.050711 0.044068 0.037734 0.031839 0.026473 0.021690 0.017512 0.013933 0.010924 0.008441 0.006428 0.004824 0.003568 0.002601 0.001869 0.001323 0.000924 0.000635 0.000431 0.000288 0.000190 0.000123 0.000079 0.000050 0.000031 0.000019 0.000012 0.000007 0.000004 0.000002 0.000001 0.000001 0.000000 0.000000 0.000000 0.000000 0.000000 0.000000 0.000000 0.000000 0.000000 
0.000000 0.000000 0.000000 0.000000 0.000000 0.000000 0.000000 0.000000 0.000000 0.000001 0.000001 0.000002 0.000004 0.000007 0.000011 0.000019 0.000031 0.000050 0.000080 0.000127 0.000198 0.000304 0.000461 0.000690 0.001017 0.001477 0.002116 0.002986 0.004155 0.005697 0.007699 0.010256 0.013463 0.017417 0.022207 0.027903 0.034550 0.042158 0.050692 0.060064 0.070131 0.080689 0.091479 0.102194 0.112493 0.122016 0.130405 0.137327 0.142496 0.145691 0.146771 0.145691 0.142496 0.137327 0.130405 0.122016 0.112493 0.102194 0.091479 0.080689 0.070131 0.060064 0.050692 0.042158 0.034550 0.027903 0.022207 0.017417 0.013463 0.010256 0.007699 0.005697 0.004155 0.002986 0.002116 0.001477 0.001017 0.000690 0.000461 0.000304 0.000198 0.000127 0.000080 0.000050 0.000031 0.000019 0.000011 0.000007 0.000004 0.000002 0.000001 0.000001 0.000000 0.000000 0.000000 0.000000 0.000000 0.000000 0.000000 0.000000 
0.000000 0.000000 0.000000 0.000000 0.000000 0.000000 0.000000 0.000000 0.000001 0.000001 0.000002 0.000003 0.000006 0.000010 0.000018 0.000029 0.000049 0.000079 0.000127 0.000200 0.000313 0.000481 0.000729 0.001089 0.001605 0.002330 0.003335 0.004706 0.006544 0.008970 0.012118 0.016135 0.021174 0.027384 0.034904 0.043843 0.054272 0.066207 0.079590 0.094286 0.110067 0.126614 0.143522 0.160310 0.176444 0.191361 0.204500 0.215342 0.223437 0.228439 0.230132 0.228439 0.223437 0.215342 0.204500 0.191361 0.176444 0.160310 0.143522 0.126614 0.110067 0.094286 0.079590 0.066207 0.054272 0.043843 0.034904 0.027384 0.021174 0.016135 0.012118 0.008970 0.006544 0.004706 0.003335 0.002330 0.001605 0.001089 0.000729 0.000481 0.000313 0.000200 0.000127 0.000079 0.000049 0.000029 0.000018 0.000010 0.000006 0.000003 0.000002 0.000001 0.000001 0.000000 0.000000 0.000000 0.000000 0.000000 0.000000 0.000000 
0.000000 0.000000 0.000000 0.000000 0.000000 0.000000 0.000000 0.000001 0.000001 0.000002 0.000003 0.000005 0.000009 0.000016 0.000027 0.000046 0.000076 0.000123 0.000198 0.000313 0.000487 0.000749 0.001135 0.001695 0.002496 0.003623 0.005184 0.007311 0.010163 0.013925 0.018806 0.025031 0.032837 0.042455 0.054096 0.067932 0.084070 0.102531 0.123230 0.145952 0.170348 0.195924 0.222053 0.247994 0.272920 0.295963 0.316259 0.333004 0.345506 0.353232 0.355846 0.353232 0.345506 0.333004 0.316259 0.295963 0.272920 0.247994 0.222053 0.195924 0.170348 0.145952 0.123230 0.102531 0.084070 0.067932 0.054096 0.042455 0.032837 0.025031 0.018806 0.013925 0.010163 0.007311 0.005184 0.003623 0.002496 0.001695 0.001135 0.000749 0.000487 0.000313 0.000198 0.000123 0.000076 0.000046 0.000027 0.000016 0.000009 0.000005 0.000003 0.000002 0.000001 0.000001 0.000000 0.000000 0.000000 0.000000 0.000000 0.000000 
0.000000 0.000000 0.000000 0.000000 0.000000 0.000000 0.000000 0.000001 0.000001 0.000003 0.000005 0.000008 0.000015 0.000025 0.000042 0.000071 0.000117 0.000190 0.000304 0.000481 0.000749 0.001151 0.001743 0.002602 0.003829 0.005555 0.007945 0.011200 0.015563 0.021316 0.028776 0.038289 0.050213 0.064901 0.082674 0.103790 0.128414 0.156576 0.188143 0.222790 0.259981 0.298964 0.338785 0.378313 0.416290 0.451393 0.482310 0.507816 0.526858 0.538625 0.542605 0.538625 0.526858 0.507816 0.482310 0.451393 0.416290 0.378313 0.338785 0.298964 0.259981 0.222790 0.188143 0.156576 0.128414 0.103790 0.082674 0.064901 0.050213 0.038289 0.028776 0.021316 0.015563 0.011200 0.007945 0.005555 0.003829 0.002602 0.001743 0.001151 0.000749 0.000481 0.000304 0.000190 0.000117 0.000071 0.000042 0.000025 0.000015 0.000008 0.000005 0.000003 0.000001 0.000001 0.000000 0.000000 0.000000 0.000000 0.000000 0.000000 
0.000000 0.000000 0.000000 0.000000 0.000000 0.000000 0.000001 0.000001 0.000002 0.000004 0.000007 0.000013 0.000022 0.000038 0.000064 0.000108 0.000177 0.000288 0.000461 0.000729 0.001135 0.001743 0.002638 0.003936 0.005791 0.008398 0.012005 0.016917 0.023498 0.032172 0.043417 0.057750 0.075711 0.097828 0.124583 0.156363 0.193411 0.235774 0.283248 0.335343 0.391253 0.449847 0.509690 0.569086 0.626144 0.678880 0.725322 0.763633 0.792234 0.809907 0.815886 0.809907 0.792234 0.763633 0.725322 0.678880 0.626144 0.569086 0.509690 0.449847 0.391253 0.335343 0.283248 0.235774 0.193411 0.156363 0.124583 0.097828 0.075711 0.057750 0.043417 0.032172 0.023498 0.016917 0.012005 0.008398 0.005791 0.003936 0.002638 0.001743 0.001135 0.000729 0.000461 0.000288 0.000177 0.000108 0.000064 0.000038 0.000022 0.000013 0.000007 0.000004 0.000002 0.000001 0.000001 0.000000 0.000000 0.000000 0.000000 0.000000 
0.000000 0.000000 0.000000 0.000000 0.000000 0.000001 0.000001 0.000002 0.000003 0.000006 0.000011 0.000019 0.000033 0.000057 0.000097 0.000161 0.000265 0.000431 0.000690 0.001089 0.001695 0.002602 0.003936 0.005871 0.008634 0.012515 0.017884 0.025191 0.034979 0.047874 0.064586 0.085881 0.112557 0.145396 0.185109 0.232270 0.287235 0.350070 0.420472 0.497712 0.580592 0.667437 0.756120 0.844128 0.928664 1.006788 1.075582 1.132329 1.174690 1.200865 1.209720 1.200865 1.174690 1.132329 1.075582 1.006788 0.928664 0.844128 0.756120 0.667437 0.580592 0.497712 0.420472 0.350070 0.287235 0.232270 0.185109 0.145396 0.112557 0.085881 0.064586 0.047874 0.034979 0.025191 0.017884 0.012515 0.008634 0.005871 0.003936 0.002602 0.001695 0.001089 0.000690 0.000431 0.000265 0.000161 0.000097 0.000057 0.000033 0.000019 0.000011 0.000006 0.000003 0.000002 0.000001 0.000001 0.000000 0.000000 0.000000 0.000000 
0.000000 0.000000 0.000000 0.000000 0.000000 0.000001 0.000001 0.000003 0.000005 0.000009 0.000016 0.000028 0.000049 0.000084 0.000143 0.000238 0.000392 0.000635 0.001017 0.001605 0.002496 0.003829 0.005791 0.008634 0.012690 0.018388 0.026266 0.036985 0.051336 0.070238 0.094725 0.125919 0.164983 0.213059 0.271183 0.340190 0.420597 0.512496 0.615442 0.728364 0.849511 0.976434 1.106025 1.234613 1.358114 1.472236 1.572722 1.655605 1.717474 1.755702 1.768633 1.755702 1.717474 1.655605 1.572722 1.472236 1.358114 1.234613 1.106025 0.976434 0.849511 0.728364 0.615442 0.512496 0.420597 0.340190 0.271183 0.213059 0.164983 0.125919 0.094725 0.070238 0.051336 0.036985 0.026266 0.018388 0.012690 0.008634 0.005791 0.003829 0.002496 0.001605 0.001017 0.000635 0.000392 0.000238 0.000143 0.000084 0.000049 0.000028 0.000016 0.000009 0.000005 0.000003 0.000001 0.000001 0.000000 0.000000 0.000000 0.000000 
0.000000 0.000000 0.000000 0.000000 0.000001 0.000001 0.000002 0.000004 0.000007 0.000013 0.000023 0.000041 0.000072 0.000123 0.000207 0.000346 0.000569 0.000924 0.001477 0.002330 0.003623 0.005555 0.008398 0.012515 0.018388 0.026634 0.038030 0.053532 0.074278 0.101595 0.136971 0.182023 0.238425 0.307819 0.391697 0.491254 0.607233 0.739759 0.888185 1.050966 1.225573 1.408478 1.595202 1.780458 1.958366 2.122750 2.267478 2.386848 2.475948 2.531000 2.549622 2.531000 2.475948 2.386848 2.267478 2.122750 1.958366 1.780458 1.595202 1.408478 1.225573 1.050966 0.888185 0.739759 0.607233 0.491254 0.391697 0.307819 0.238425 0.182023 0.136971 0.101595 0.074278 0.053532 0.038030 0.026634 0.018388 0.012515 0.008398 0.005555 0.003623 0.002330 0.001477 0.000924 0.000569 0.000346 0.000207 0.000123 0.000072 0.000041 0.000023 0.000013 0.000007 0.000004 0.000002 0.000001 0.000001 0.000000 0.000000 0.000000 
0.000000 0.000000 0.000000 0.000000 0.000001 0.000002 0.000003 0.000006 0.000010 0.000019 0.000034 0.000059 0.000103 0.000176 0.000298 0.000496 0.000816 0.001323 0.002116 0.003335 0.005184 0.007945 0.012005 0.017884 0.026266 0.038030 0.054284 0.076385 0.105953 0.144873 0.195261 0.259411 0.339700 0.438459 0.557800 0.699416 0.864355 1.052788 1.263789 1.495155 1.743292 2.003181 2.268463 2.531627 2.784327 3.017796 3.223336 3.392850 3.519375 3.597547 3.623990 3.597547 3.519375 3.392850 3.223336 3.017796 2.784327 2.531627 2.268463 2.003181 1.743292 1.495155 1.263789 1.052788 0.864355 0.699416 0.557800 0.438459 0.339700 0.259411 0.195261 0.144873 0.105953 0.076385 0.054284 0.038030 0.026266 0.017884 0.012005 0.007945 0.005184 0.003335 0.002116 0.001323 0.000816 0.000496 0.000298 0.000176 0.000103 0.000059 0.000034 0.000019 0.000010 0.000006 0.000003 0.000002 0.000001 0.000000 0.000000 0.000000 
0.000000 0.000000 0.000000 0.000001 0.000001 0.000002 0.000004 0.000008 0.000015 0.000027 0.000048 0.000084 0.000145 0.000249 0.000421 0.000702 0.001153 0.001869 0.002986 0.004706 0.007311 0.011200 0.016917 0.025191 0.036985 0.053532 0.076385 0.107447 0.148993 0.203661 0.274417 0.364473 0.477156 0.615725 0.783133 0.981743 1.213014 1.477175 1.772919 2.097153 2.444835 2.808934 3.180539 3.549137 3.903044 4.229990 4.517803 4.755158 4.932310 5.041760 5.078782 5.041760 4.932310 4.755158 4.517803 4.229990 3.903044 3.549137 3.180539 2.808934 2.444835 2.097153 1.772919 1.477175 1.213014 0.981743 0.783133 0.615725 0.477156 0.364473 0.274417 0.203661 0.148993 0.107447 0.076385 0.053532 0.036985 0.025191 0.016917 0.011200 0.007311 0.004706 0.002986 0.001869 0.001153 0.000702 0.000421 0.000249 0.000145 0.000084 0.000048 0.000027 0.000015 0.000008 0.000004 0.000002 0.000001 0.000001 0.000000 0.000000 
0.000000 0.000000 0.000000 0.000001 0.000002 0.000003 0.000006 0.000011 0.000021 0.000037 0.000066 0.000117 0.000203 0.000347 0.000587 0.000977 0.001606 0.002601 0.004155 0.006544 0.010163 0.015563 0.023498 0.034979 0.051336 0.074278 0.105953 0.148993 0.206540 0.282242 0.380195 0.504832 0.660744 0.852428 1.083951 1.358567 1.678279 2.043390 2.452081 2.900071 3.380387 3.883313 4.396547 4.905572 5.394263 5.845687 6.243054 6.570738 6.815298 6.966390 7.017497 6.966390 6.815298 6.570738 6.243054 5.845687 5.394263 4.905572 4.396547 3.883313 3.380387 2.900071 2.452081 2.043390 1.678279 1.358567 1.083951 0.852428 0.660744 0.504832 0.380195 0.282242 0.206540 0.148993 0.105953 0.074278 0.051336 0.034979 0.023498 0.015563 0.010163 0.006544 0.004155 0.002601 0.001606 0.000977 0.000587 0.000347 0.000203 0.000117 0.000066 0.000037 0.000021 0.000011 0.000006 0.000003 0.000002 0.000001 0.000000 0.000000 
0.000000 0.000000 0.000001 0.000001 0.000002 0.000004 0.000008 0.000015 0.000028 0.000051 0.000091 0.000161 0.000279 0.000477 0.000806 0.001342 0.002204 0.003568 0.005697 0.008970 0.013925 0.021316 0.032172 0.047874 0.070238 0.101595 0.144873 0.203661 0.282242 0.385585 0.519265 0.689320 0.901995 1.163404 1.479075 1.853425 2.289163 2.786686 3.343502 3.953764 4.607968 5.292881 5.991750 6.684815 7.350134 7.964670 8.505581 8.951614 9.284488 9.490137 9.559696 9.490137 9.284488 8.951614 8.505581 7.964670 7.350134 6.684815 5.991750 5.292881 4.607968 3.953764 3.343502 2.786686 2.289163 1.853425 1.479075 1.163404 0.901995 0.689320 0.519265 0.385585 0.282242 0.203661 0.144873 0.101595 0.070238 0.047874 0.032172 0.021316 0.013925 0.008970 0.005697 0.003568 0.002204 0.001342 0.000806 0.000477 0.000279 0.000161 0.000091 0.000051 0.000028 0.000015 0.000008 0.000004 0.000002 0.000001 0.000000 0.000000 
0.000000 0.000000 0.000001 0.000002 0.000003 0.000006 0.000011 0.000021 0.000038 0.000069 0.000124 0.000218 0.000378 0.000647 0.001091 0.001816 0.002981 0.004824 0.007699 0.012118 0.018806 0.028776 0.043417 0.064586 0.094725 0.136971 0.195261 0.274417 0.380195 0.519265 0.699117 0.927849 1.213842 1.565290 1.989603 2.492691 3.078171 3.746552 4.494468 5.314053 6.192533 7.112136 8.050372 8.980726 9.873757 10.698563 11.424506 12.023087 12.469791 12.745757 12.839099 12.745757 12.469791 12.023087 11.424506 10.698563 9.873757 8.980726 8.050372 7.112136 6.192533 5.314053 4.494468 3.746552 3.078171 2.492691 1.989603 1.565290 1.213842 0.927849 0.699117 0.519265 0.380195 0.274417 0.195261 0.136971 0.094725 0.064586 0.043417 0.028776 0.018806 0.012118 0.007699 0.004824 0.002981 0.001816 0.001091 0.000647 0.000378 0.000218 0.000124 0.000069 0.000038 0.000021 0.000011 0.000006 0.000003 0.000002 0.000001 0.000000 
0.000000 0.000000 0.000001 0.000002 0.000004 0.000008 0.000015 0.000028 0.000051 0.000093 0.000166 0.000291 0.000505 0.000863 0.001456 0.002422 0.003973 0.006428 0.010256 0.016135 0.025031 0.038289 0.057750 0.085881 0.125919 0.182023 0.259411 0.364473 0.504832 0.689320 0.927849 1.231136 1.610264 2.076064 2.638326 3.304848 4.080392 4.965604 5.956004 7.041155 8.204135 9.421413 10.663223 11.894485 13.076257 14.167666 15.128201 15.920179 16.511189 16.876296 16.999787 16.876296 16.511189 15.920179 15.128201 14.167666 13.076257 11.894485 10.663223 9.421413 8.204135 7.041155 5.956004 4.965604 4.080392 3.304848 2.638326 2.076064 1.610264 1.231136 0.927849 0.689320 0.504832 0.364473 0.259411 0.182023 0.125919 0.085881 0.057750 0.038289 0.025031 0.016135 0.010256 0.006428 0.003973 0.002422 0.001456 0.000863 0.000505 0.000291 0.000166 0.000093 0.000051 0.000028 0.000015 0.000008 0.000004 0.000002 0.000001 0.000000 
0.000000 0.000001 0.000001 0.000003 0.000006 0.000011 0.000020 0.000037 0.000068 0.000122 0.000218 0.000383 0.000664 0.001135 0.001914 0.003183 0.005219 0.008441 0.013463 0.021174 0.032837 0.050213 0.075711 0.112557 0.164983 0.238425 0.339700 0.477156 0.660744 0.901995 1.213842 1.610264 2.105711 2.714301 3.448785 4.319309 5.332055 6.487830 7.780757 9.197188 10.715022 12.303545 13.923920 15.530388 17.072162 18.495953 19.748943 20.782008 21.552903 22.029126 22.190199 22.029126 21.552903 20.782008 19.748943 18.495953 17.072162 15.530388 13.923920 12.303545 10.715022 9.197188 7.780757 6.487830 5.332055 4.319309 3.448785 2.714301 2.105711 1.610264 1.213842 0.901995 0.660744 0.477156 0.339700 0.238425 0.164983 0.112557 0.075711 0.050213 0.032837 0.021174 0.013463 0.008441 0.005219 0.003183 0.001914 0.001135 0.000664 0.000383 0.000218 0.000122 0.000068 0.000037 0.000020 0.000011 0.000005 0.000003 0.000001 0.000000 
0.000000 0.000001 0.000002 0.000004 0.000007 0.000014 0.000026 0.000048 0.000088 0.000159 0.000283 0.000497 0.000861 0.001471 0.002479 0.004122 0.006757 0.010924 0.017417 0.027384 0.042455 0.064901 0.097828 0.145396 0.213059 0.307819 0.438459 0.615725 0.852428 1.163404 1.565290 2.076064 2.714301 3.498142 4.443959 5.564772 6.868491 8.356115 10.020041 11.842681 13.795577 15.839208 17.923619 19.989965 21.972952 23.804076 25.415449 26.743937 27.735252 28.347628 28.554749 28.347628 27.735252 26.743937 25.415449 23.804076 21.972952 19.989965 17.923619 15.839208 13.795577 11.842681 10.020041 8.356115 6.868491 5.564772 4.443959 3.498142 2.714301 2.076064 1.565290 1.163404 0.852428 0.615725 0.438459 0.307819 0.213059 0.145396 0.097828 0.064901 0.042455 0.027384 0.017417 0.010924 0.006757 0.004122 0.002479 0.001471 0.000861 0.000497 0.000283 0.000159 0.000088 0.000048 0.000026 0.000014 0.000007 0.000004 0.000001 0.000000 
0.000000 0.000001 0.000002 0.000005 0.000009 0.000018 0.000033 0.000062 0.000113 0.000203 0.000362 0.000635 0.001100 0.001879 0.003165 0.005260 0.008621 0.013933 0.022207 0.034904 0.054096 0.082674 0.124583 0.185109 0.271183 0.391697 0.557800 0.783133 1.083951 1.479075 1.989603 2.638326 3.448785 4.443959 5.644579 7.067112 8.721543 10.609088 12.720058 15.032108 17.509119 20.100958 22.744279 25.364483 27.878809 30.200441 32.243355 33.927559 35.184269 35.960575 36.223140 35.960575 35.184269 33.927559 32.243355 30.200441 27.878809 25.364483 22.744279 20.100958 17.509119 15.032108 12.720058 10.609088 8.721543 7.067112 5.644579 4.443959 3.448785 2.638326 1.989603 1.479075 1.083951 0.783133 0.557800 0.391697 0.271183 0.185109 0.124583 0.082674 0.054096 0.034904 0.022207 0.013933 0.008621 0.005260 0.003165 0.001879 0.001100 0.000635 0.000362 0.000203 0.000113 0.000062 0.000033 0.000018 0.000009 0.000004 0.000002 0.000000 
0.000000 0.000001 0.000003 0.000006 0.000012 0.000022 0.000042 0.000078 0.000142 0.000256 0.000456 0.000800 0.001385 0.002364 0.003982 0.006615 0.010838 0.017512 0.027903 0.043843 0.067932 0.103790 0.156363 0.232270 0.340190 0.491254 0.699416 0.981743 1.358567 1.853425 2.492691 3.304848 4.319309 5.564772 7.067112 8.846867 10.916464 13.277365 15.917401 18.808587 21.905737 25.146160 28.450669 31.726034 34.868840 37.770624 40.323921 42.428813 43.999385 44.969555 45.297685 44.969555 43.999385 42.428813 40.323921 37.770624 34.868840 31.726034 28.450669 25.146160 21.905737 18.808587 15.917401 13.277365 10.916464 8.846867 7.067112 5.564772 4.319309 3.304848 2.492691 1.853425 1.358567 0.981743 0.699416 0.491254 0.340190 0.232270 0.156363 0.103790 0.067932 0.043843 0.027903 0.017512 0.010838 0.006615 0.003982 0.002364 0.001385 0.000800 0.000456 0.000256 0.000142 0.000078 0.000042 0.000022 0.000012 0.000006 0.000002 0.000000 
0.000000 0.000001 0.000004 0.000007 0.000015 0.000028 0.000052 0.000096 0.000176 0.000318 0.000565 0.000992 0.001717 0.002932 0.004937 0.008199 0.013428 0.021690 0.034550 0.054272 0.084070 0.128414 0.193411 0.287235 0.420597 0.607233 0.864355 1.213014 1.678279 2.289163 3.078171 4.080392 5.332055 6.868491 8.721543 10.916464 13.468505 16.379400 19.634086 23.198021 27.015478 31.009178 35.081543 39.117706 42.990284 46.565684 49.711563 52.304877 54.239836 55.435073 55.839322 55.435073 54.239836 52.304877 49.711563 46.565684 42.990284 39.117706 35.081543 31.009178 27.015478 23.198021 19.634086 16.379400 13.468505 10.916464 8.721543 6.868491 5.332055 4.080392 3.078171 2.289163 1.678279 1.213014 0.864355 0.607233 0.420597 0.287235 0.193411 0.128414 0.084070 0.054272 0.034550 0.021690 0.013428 0.008199 0.004937 0.002932 0.001717 0.000992 0.000565 0.000318 0.000176 0.000096 0.000052 0.000028 0.000014 0.000007 0.000003 0.000000 
0.000000 0.000002 0.000004 0.000009 0.000018 0.000034 0.000064 0.000118 0.000216 0.000389 0.000692 0.001213 0.002099 0.003583 0.006030 0.010012 0.016393 0.026473 0.042158 0.066207 0.102531 0.156576 0.235774 0.350070 0.512496 0.739759 1.052788 1.477175 2.043390 2.786686 3.746552 4.965604 6.487830 8.356115 10.609088 13.277365 16.379400 19.917221 23.872459 28.203086 32.841357 37.693372 42.640593 47.543517 52.247455 56.590206 60.411096 63.560752 65.910761 67.362353 67.853301 67.362353 65.910761 63.560752 60.411096 56.590206 52.247455 47.543517 42.640593 37.693372 32.841357 28.203086 23.872459 19.917221 16.379400 13.277365 10.609088 8.356115 6.487830 4.965604 3.746552 2.786686 2.043390 1.477175 1.052788 0.739759 0.512496 0.350070 0.235774 0.156576 0.102531 0.066207 0.042158 0.026473 0.016393 0.010012 0.006030 0.003583 0.002099 0.001213 0.000692 0.000389 0.000216 0.000118 0.000064 0.000034 0.000018 0.000009 0.000004 0.000000 
0.000000 0.000002 0.000005 0.000011 0.000021 0.000041 0.000077 0.000142 0.000260 0.000469 0.000833 0.001461 0.002528 0.004313 0.007259 0.012048 0.019722 0.031839 0.050692 0.079590 0.123230 0.188143 0.283248 0.420472 0.615442 0.888185 1.263789 1.772919 2.452081 3.343502 4.494468 5.956004 7.780757 10.020041 12.720058 15.917401 19.634086 23.872459 28.610439 33.797628 39.352849 45.163630 51.088027 56.959021 62.591444 67.791148 72.365840 76.136762 78.950242 80.688092 81.275852 80.688092 78.950242 76.136762 72.365840 67.791148 62.591444 56.959021 51.088027 45.163630 39.352849 33.797628 28.610439 23.872459 19.634086 15.917401 12.720058 10.020041 7.780757 5.956004 4.494468 3.343502 2.452081 1.772919 1.263789 0.888185 0.615442 0.420472 0.283248 0.188143 0.123230 0.079590 0.050692 0.031839 0.019722 0.012048 0.007259 0.004313 0.002528 0.001461 0.000833 0.000469 0.000260 0.000142 0.000077 0.000041 0.000021 0.000010 0.000004 0.000000 
0.000000 0.000003 0.000006 0.000013 0.000026 0.000049 0.000091 0.000169 0.000309 0.000557 0.000989 0.001735 0.003000 0.005117 0.008609 0.014285 0.023379 0.037734 0.060064 0.094286 0.145952 0.222790 0.335343 0.497712 0.728364 1.050966 1.495155 2.097153 2.900071 3.953764 5.314053 7.041155 9.197188 11.842681 15.032108 18.808587 23.198021 28.203086 33.797628 39.922079 46.480560 53.340276 60.333680 67.263659 73.911709 80.048758 85.447936 89.898358 93.218743 95.269673 95.963315 95.269673 93.218743 89.898358 85.447936 80.048758 73.911709 67.263659 60.333680 53.340276 46.480560 39.922079 33.797628 28.203086 23.198021 18.808587 15.032108 11.842681 9.197188 7.041155 5.314053 3.953764 2.900071 2.097153 1.495155 1.050966 0.728364 0.497712 0.335343 0.222790 0.145952 0.094286 0.060064 0.037734 0.023379 0.014285 0.008609 0.005117 0.003000 0.001735 0.000989 0.000557 0.000309 0.000169 0.000091 0.000049 0.000025 0.000012 0.000005 0.000000 
0.000000 0.000003 0.000007 0.000015 0.000030 0.000057 0.000107 0.000198 0.000362 0.000651 0.001157 0.002028 0.003507 0.005981 0.010060 0.016690 0.027308 0.044068 0.070131 0.110067 0.170348 0.259981 0.391253 0.580592 0.849511 1.225573 1.743292 2.444835 3.380387 4.607968 6.192533 8.204135 10.715022 13.795577 17.509119 21.905737 27.015478 32.841357 39.352849 46.480560 54.112866 62.095222 70.232679 78.295924 86.030792 93.170848 99.452241 104.629720 108.492476 110.878387 111.685317 110.878387 108.492476 104.629720 99.452241 93.170848 86.030792 78.295924 70.232679 62.095222 54.112866 46.480560 39.352849 32.841357 27.015478 21.905737 17.509119 13.795577 10.715022 8.204135 6.192533 4.607968 3.380387 2.444835 1.743292 1.225573 0.849511 0.580592 0.391253 0.259981 0.170348 0.110067 0.070131 0.044068 0.027308 0.016690 0.010060 0.005981 0.003507 0.002028 0.001157 0.000651 0.000362 0.000198 0.000107 0.000057 0.000030 0.000015 0.000006 0.000000 
0.000000 0.000004 0.000009 0.000018 0.000035 0.000066 0.000123 0.000228 0.000417 0.000751 0.001334 0.002337 0.004040 0.006888 0.011583 0.019213 0.031431 0.050711 0.080689 0.126614 0.195924 0.298964 0.449847 0.667437 0.976434 1.408478 2.003181 2.808934 3.883313 5.292881 7.112136 9.421413 12.303545 15.839208 20.100958 25.146160 31.009178 37.693372 45.163630 53.340276 62.095222 71.251179 80.584558 89.832392 98.703250 106.891655 114.095114 120.032475 124.462080 127.198085 128.123414 127.198085 124.462080 120.032475 114.095114 106.891655 98.703250 89.832392 80.584558 71.251179 62.095222 53.340276 45.163630 37.693372 31.009178 25.146160 20.100958 15.839208 12.303545 9.421413 7.112136 5.292881 3.883313 2.808934 2.003181 1.408478 0.976434 0.667437 0.449847 0.298964 0.195924 0.126614 0.080689 0.050711 0.031431 0.019213 0.011583 0.006888 0.004040 0.002337 0.001334 0.000751 0.000417 0.000228 0.000123 0.000066 0.000034 0.000017 0.000007 0.000000 
0.000000 0.000004 0.000010 0.000020 0.000039 0.000075 0.000140 0.000259 0.000474 0.000853 0.001514 0.002653 0.004585 0.007816 0.013141 0.021793 0.035646 0.057502 0.091479 0.143522 0.222053 0.338785 0.509690 0.756120 1.106025 1.595202 2.268463 3.180539 4.396547 5.991750 8.050372 10.663223 13.923920 17.923619 22.744279 28.450669 35.081543 42.640593 51.088027 60.333680 70.232679 80.584558 91.136544 101.591385 111.619686 120.876203 129.019086 135.730617 140.737718 143.830390 144.876340 143.830390 140.737718 135.730617 129.019086 120.876203 111.619686 101.591385 91.136544 80.584558 70.232679 60.333680 51.088027 42.640593 35.081543 28.450669 22.744279 17.923619 13.923920 10.663223 8.050372 5.991750 4.396547 3.180539 2.268463 1.595202 1.106025 0.756120 0.509690 0.338785 0.222053 0.143522 0.091479 0.057502 0.035646 0.021793 0.013141 0.007816 0.004585 0.002653 0.001514 0.000853 0.000474 0.000259 0.000140 0.000075 0.000039 0.000019 0.000008 0.000000 
