0.000000 0.000000 0.000000 0.000000 0.000000 0.000000 0.000000 0.000000 0.000000 0.000000 0.000000 0.000000 0.000000 0.000000 0.000000 0.000000 0.000000 0.000000 0.000000 0.000000 0.000000 0.000000 0.000000 0.000000 0.000000 0.000000 0.000000 0.000000 0.000000 0.000000 0.000000 0.000000 0.000000 0.000000 0.000000 0.000000 0.000000 0.000000 0.000000 0.000000 0.000000 0.000000 0.000000 0.000000 0.000000 0.000000 0.000000 0.000000 0.000000 0.000000 0.000000 0.000000 0.000000 0.000000 0.000000 0.000000 0.000000 0.000000 0.000000 0.000000 0.000000 0.000000 0.000000 0.000000 0.000000 0.000000 0.000000 0.000000 0.000000 0.000000 0.000000 0.000000 0.000000 0.000000 0.000000 0.000000 0.000000 0.000000 0.000000 0.000000 0.000000 0.000000 0.000000 0.000000 0.000000 0.000000 0.000000 0.000000 0.000000 0.000000 0.000000 0.000000 0.000000 0.000000 0.000000 0.000000 0.000000 0.000000 0.000000 0.000000 
0.000000 0.000000 0.000000 0.000000 0.000000 0.000000 0.000000 0.000000 0.000000 0.000000 0.000001 0.000001 0.000001 0.000002 0.000003 0.000004 0.000005 0.000007 0.000010 0.000013 0.000017 0.000023 0.000030 0.000039 0.000050 0.000064 0.000081 0.000101 0.000125 0.000154 0.000187 0.000225 0.000269 0.000317 0.000372 0.000431 0.000495 0.000563 0.000634 0.000708 0.000783 0.000857 0.000929 0.000998 0.001062 0.001120 0.001169 0.001209 0.001238 0.001256 0.001262 0.001256 0.001238 0.001209 0.001169 0.001120 0.001062 0.000998 0.000929 0.000857 0.000783 0.000708 0.000634 0.000563 0.000495 0.000431 0.000372 0.000317 0.000269 0.000225 0.000187 0.000154 0.000125 0.000101 0.000081 0.000064 0.000050 0.000039 0.000030 0.000023 0.000017 0.000013 0.000010 0.000007 0.000005 0.000004 0.000003 0.000002 0.000001 0.000001 0.000001 0.000000 0.000000 0.000000 0.000000 0.000000 0.000000 0.000000 0.000000 0.000000 
0.000000 0.000000 0.000000 0.000000 0.000000 0.000000 0.000000 0.000000 0.000001 0.000001 0.000001 0.000002 0.000003 0.000004 0.000006 0.000008 0.000011 0.000015 0.000021 0.000028 0.000038 0.000050 0.000066 0.000085 0.000110 0.000140 0.000177 0.000221 0.000274 0.000337 0.000409 0.000493 0.000588 0.000695 0.000813 0.000943 0.001083 0.001232 0.001388 0.001549 0.001712 0.001875 0.002033 0.002184 0.002324 0.002450 0.002557 0.002644 0.002708 0.002747 0.002760 0.002747 0.002708 0.002644 0.002557 0.002450 0.002324 0.002184 0.002033 0.001875 0.001712 0.001549 0.001388 0.001232 0.001083 0.000943 0.000813 0.000695 0.000588 0.000493 0.000409 0.000337 0.000274 0.000221 0.000177 0.000140 0.000110 0.000085 0.000066 0.000050 0.000038 0.000028 0.000021 0.000015 0.000011 0.000008 0.000006 0.000004 0.000003 0.000002 0.000001 0.000001 0.000001 0.000000 0.000000 0.000000 0.000000 0.000000 0.000000 0.000000 
0.000000 0.000000 0.000000 0.000000 0.000000 0.000000 0.000000 0.000001 0.000001 0.000002 0.000002 0.000003 0.000005 0.000007 0.000010 0.000014 0.000019 0.000027 0.000036 0.000049 0.000066 0.000087 0.000114 0.000148 0.000190 0.000242 0.000306 0.000383 0.000474 0.000582 0.000708 0.000852 0.001016 0.001201 0.001405 0.001629 0.001871 0.002128 0.002398 0.002676 0.002958 0.003238 0.003512 0.003773 0.004014 0.004231 0.004416 0.004566 0.004677 0.004744 0.004767 0.004744 0.004677 0.004566 0.004416 0.004231 0.004014 0.003773 0.003512 0.003238 0.002958 0.002676 0.002398 0.002128 0.001871 0.001629 0.001405 0.001201 0.001016 0.000852 0.000708 0.000582 0.000474 0.000383 0.000306 0.000242 0.000190 0.000148 0.000114 0.000087 0.000066 0.000049 0.000036 0.000027 0.000019 0.000014 0.000010 0.000007 0.000005 0.000003 0.000002 0.000002 0.000001 0.000001 0.000000 0.000000 0.000000 0.000000 0.000000 0.000000 
0.000000 0.000000 0.000000 0.000000 0.000000 0.000001 0.000001 0.000001 0.000002 0.000003 0.000004 0.000006 0.000008 0.000011 0.000016 0.000023 0.000031 0.000043 0.000058 0.000079 0.000105 0.000139 0.000183 0.000237 0.000305 0.000389 0.000491 0.000613 0.000760 0.000932 0.001133 0.001365 0.001628 0.001923 0.002250 0.002608 0.002995 0.003406 0.003837 0.004282 0.004733 0.005182 0.005620 0.006037 0.006423 0.006769 0.007066 0.007306 0.007482 0.007590 0.007627 0.007590 0.007482 0.007306 0.007066 0.006769 0.006423 0.006037 0.005620 0.005182 0.004733 0.004282 0.003837 0.003406 0.002995 0.002608 0.002250 0.001923 0.001628 0.001365 0.001133 0.000932 0.000760 0.000613 0.000491 0.000389 0.000305 0.000237 0.000183 0.000139 0.000105 0.000079 0.000058 0.000043 0.000031 0.000023 0.000016 0.000011 0.000008 0.000006 0.000004 0.000003 0.000002 0.000001 0.000001 0.000001 0.000000 0.000000 0.000000 0.000000 
0.000000 0.000000 0.000000 0.000000 0.000001 0.000001 0.000001 0.000002 0.000003 0.000004 0.000006 0.000009 0.000012 0.000018 0.000025 0.000035 0.000049 0.000067 0.000091 0.000122 0.000163 0.000216 0.000283 0.000368 0.000473 0.000603 0.000761 0.000951 0.001178 0.001445 0.001756 0.002114 0.002521 0.002978 0.003485 0.004039 0.004638 0.005274 0.005941 0.006630 0.007327 0.008022 0.008699 0.009344 0.009941 0.010476 0.010936 0.011307 0.011580 0.011746 0.011803 0.011746 0.011580 0.011307 0.010936 0.010476 0.009941 0.009344 0.008699 0.008022 0.007327 0.006630 0.005941 0.005274 0.004638 0.004039 0.003485 0.002978 0.002521 0.002114 0.001756 0.001445 0.001178 0.000951 0.000761 0.000603 0.000473 0.000368 0.000283 0.000216 0.000163 0.000122 0.000091 0.000067 0.000049 0.000035 0.000025 0.000018 0.000012 0.000009 0.000006 0.000004 0.000003 0.000002 0.000001 0.000001 0.000000 0.000000 0.000000 0.000000 
0.000000 0.000000 0.000000 0.000000 0.000001 0.000001 0.000002 0.000003 0.000004 0.000006 0.000009 0.000013 0.000019 0.000027 0.000038 0.000053 0.000074 0.000102 0.000138 0.000186 0.000249 0.000329 0.000431 0.000560 0.000720 0.000918 0.001158 0.001448 0.001793 0.002199 0.002672 0.003217 0.003835 0.004530 0.005300 0.006143 0.007052 0.008019 0.009032 0.010078 0.011138 0.012192 0.013221 0.014200 0.015107 0.015920 0.016617 0.017181 0.017595 0.017849 0.017934 0.017849 0.017595 0.017181 0.016617 0.015920 0.015107 0.014200 0.013221 0.012192 0.011138 0.010078 0.009032 0.008019 0.007052 0.006143 0.005300 0.004530 0.003835 0.003217 0.002672 0.002199 0.001793 0.001448 0.001158 0.000918 0.000720 0.000560 0.000431 0.000329 0.000249 0.000186 0.000138 0.000102 0.000074 0.000053 0.000038 0.000027 0.000019 0.000013 0.000009 0.000006 0.000004 0.000003 0.000002 0.000001 0.000001 0.000000 0.000000 0.000000 
0.000000 0.000000 0.000000 0.000001 0.000001 0.000002 0.000003 0.000004 0.000006 0.000009 0.000014 0.000020 0.000029 0.000041 0.000058 0.000080 0.000112 0.000153 0.000208 0.000281 0.000375 0.000495 0.000649 0.000842 0.001083 0.001380 0.001741 0.002176 0.002694 0.003304 0.004015 0.004832 0.005761 0.006803 0.007959 0.009223 0.010587 0.012038 0.013558 0.015126 0.016716 0.018298 0.019840 0.021308 0.022668 0.023887 0.024933 0.025778 0.026399 0.026779 0.026907 0.026779 0.026399 0.025778 0.024933 0.023887 0.022668 0.021308 0.019840 0.018298 0.016716 0.015126 0.013558 0.012038 0.010587 0.009223 0.007959 0.006803 0.005761 0.004832 0.004015 0.003304 0.002694 0.002176 0.001741 0.001380 0.001083 0.000842 0.000649 0.000495 0.000375 0.000281 0.000208 0.000153 0.000112 0.000080 0.000058 0.000041 0.000029 0.000020 0.000014 0.000009 0.000006 0.000004 0.000003 0.000002 0.000001 0.000001 0.000000 0.000000 
0.000000 0.000000 0.000001 0.000001 0.000002 0.000003 0.000004 0.000006 0.000009 0.000014 0.000020 0.000030 0.000043 0.000061 0.000086 0.000120 0.000166 0.000228 0.000310 0.000418 0.000558 0.000738 0.000966 0.001254 0.001612 0.002053 0.002589 0.003236 0.004006 0.004913 0.005968 0.007182 0.008562 0.010110 0.011826 0.013703 0.015728 0.017882 0.020139 0.022466 0.024825 0.027173 0.029461 0.031640 0.033658 0.035467 0.037018 0.038272 0.039193 0.039757 0.039946 0.039757 0.039193 0.038272 0.037018 0.035467 0.033658 0.031640 0.029461 0.027173 0.024825 0.022466 0.020139 0.017882 0.015728 0.013703 0.011826 0.010110 0.008562 0.007182 0.005968 0.004913 0.004006 0.003236 0.002589 0.002053 0.001612 0.001254 0.000966 0.000738 0.000558 0.000418 0.000310 0.000228 0.000166 0.000120 0.000086 0.000061 0.000043 0.000030 0.000020 0.000014 0.000009 0.000006 0.000004 0.000003 0.000002 0.000001 0.000000 0.000000 
0.000000 0.000000 0.000001 0.000002 0.000003 0.000004 0.000006 0.000009 0.000014 0.000021 0.000030 0.000044 0.000063 0.000090 0.000127 0.000177 0.000245 0.000337 0.000458 0.000617 0.000823 0.001088 0.001424 0.001848 0.002375 0.003024 0.003815 0.004767 0.005900 0.007234 0.008787 0.010573 0.012603 0.014880 0.017404 0.020164 0.023141 0.026308 0.029625 0.033046 0.036514 0.039964 0.043327 0.046529 0.049495 0.052153 0.054433 0.056275 0.057629 0.058457 0.058735 0.058457 0.057629 0.056275 0.054433 0.052153 0.049495 0.046529 0.043327 0.039964 0.036514 0.033046 0.029625 0.026308 0.023141 0.020164 0.017404 0.014880 0.012603 0.010573 0.008787 0.007234 0.005900 0.004767 0.003815 0.003024 0.002375 0.001848 0.001424 0.001088 0.000823 0.000617 0.000458 0.000337 0.000245 0.000177 0.000127 0.000090 0.000063 0.000044 0.000030 0.000021 0.000014 0.000009 0.000006 0.000004 0.000002 0.000001 0.000001 0.000000 
0.000000 0.000001 0.000001 0.000002 0.000004 0.000006 0.000009 0.000014 0.000020 0.000030 0.000044 0.000064 0.000092 0.000131 0.000185 0.000259 0.000359 0.000492 0.000669 0.000901 0.001202 0.001589 0.002080 0.002699 0.003468 0.004415 0.005567 0.006955 0.008608 0.010554 0.012817 0.015421 0.018378 0.021697 0.025374 0.029394 0.033731 0.038343 0.043175 0.048157 0.053207 0.058231 0.063128 0.067790 0.072108 0.075977 0.079296 0.081978 0.083948 0.085154 0.085559 0.085154 0.083948 0.081978 0.079296 0.075977 0.072108 0.067790 0.063128 0.058231 0.053207 0.048157 0.043175 0.038343 0.033731 0.029394 0.025374 0.021697 0.018378 0.015421 0.012817 0.010554 0.008608 0.006955 0.005567 0.004415 0.003468 0.002699 0.002080 0.001589 0.001202 0.000901 0.000669 0.000492 0.000359 0.000259 0.000185 0.000131 0.000092 0.000064 0.000044 0.000030 0.000020 0.000014 0.000009 0.000006 0.000004 0.000002 0.000001 0.000000 
0.000000 0.000001 0.000002 0.000003 0.000006 0.000009 0.000013 0.000020 0.000030 0.000044 0.000064 0.000093 0.000134 0.000190 0.000269 0.000375 0.000520 0.000713 0.000969 0.001304 0.001740 0.002299 0.003010 0.003904 0.005016 0.006385 0.008050 0.010056 0.012444 0.015254 0.018524 0.022283 0.026553 0.031345 0.036653 0.042456 0.048716 0.055372 0.062345 0.069534 0.076820 0.084069 0.091133 0.097859 0.104088 0.109669 0.114456 0.118325 0.121167 0.122906 0.123491 0.122906 0.121167 0.118325 0.114456 0.109669 0.104088 0.097859 0.091133 0.084069 0.076820 0.069534 0.062345 0.055372 0.048716 0.042456 0.036653 0.031345 0.026553 0.022283 0.018524 0.015254 0.012444 0.010056 0.008050 0.006385 0.005016 0.003904 0.003010 0.002299 0.001740 0.001304 0.000969 0.000713 0.000520 0.000375 0.000269 0.000190 0.000134 0.000093 0.000064 0.000044 0.000030 0.000020 0.000013 0.000008 0.000005 0.000003 0.000001 0.000000 
0.000000 0.000001 0.000003 0.000005 0.000008 0.000012 0.000019 0.000029 0.000043 0.000063 0.000092 0.000134 0.000192 0.000274 0.000386 0.000539 0.000746 0.001023 0.001390 0.001871 0.002496 0.003297 0.004316 0.005596 0.007189 0.009149 0.011534 0.014406 0.017824 0.021846 0.026525 0.031904 0.038014 0.044868 0.052461 0.060762 0.069715 0.079233 0.089204 0.099482 0.109899 0.120262 0.130361 0.139975 0.148880 0.156856 0.163699 0.169228 0.173291 0.175776 0.176612 0.175776 0.173291 0.169228 0.163699 0.156856 0.148880 0.139975 0.130361 0.120262 0.109899 0.099482 0.089204 0.079233 0.069715 0.060762 0.052461 0.044868 0.038014 0.031904 0.026525 0.021846 0.017824 0.014406 0.011534 0.009149 0.007189 0.005596 0.004316 0.003297 0.002496 0.001871 0.001390 0.001023 0.000746 0.000539 0.000386 0.000274 0.000192 0.000134 0.000092 0.000063 0.000043 0.000029 0.000019 0.000012 0.000008 0.000004 0.000002 0.000000 
0.000000 0.000002 0.000004 0.000007 0.000011 0.000018 0.000027 0.000041 0.000061 0.000090 0.000131 0.000190 0.000274 0.000389 0.000549 0.000767 0.001061 0.001455 0.001976 0.002660 0.003546 0.004684 0.006130 0.007948 0.010209 0.012990 0.016374 0.020448 0.025295 0.031000 0.037635 0.045262 0.053924 0.063640 0.074402 0.086167 0.098854 0.112341 0.126468 0.141030 0.155788 0.170469 0.184774 0.198392 0.211004 0.222301 0.231994 0.239823 0.245578 0.249096 0.250281 0.249096 0.245578 0.239823 0.231994 0.222301 0.211004 0.198392 0.184774 0.170469 0.155788 0.141030 0.126468 0.112341 0.098854 0.086167 0.074402 0.063640 0.053924 0.045262 0.037635 0.031000 0.025295 0.020448 0.016374 0.012990 0.010209 0.007948 0.006130 0.004684 0.003546 0.002660 0.001976 0.001455 0.001061 0.000767 0.000549 0.000389 0.000274 0.000190 0.000131 0.000090 0.000061 0.000041 0.000027 0.000017 0.000011 0.000006 0.000003 0.000000 
0.000000 0.000003 0.000006 0.000010 0.000016 0.000025 0.000038 0.000058 0.000086 0.000127 0.000185 0.000269 0.000386 0.000549 0.000774 0.001080 0.001495 0.002049 0.002783 0.003745 0.004993 0.006594 0.008628 0.011185 0.014364 0.018274 0.023032 0.028758 0.035571 0.043587 0.052910 0.063625 0.075793 0.089440 0.104555 0.121077 0.138891 0.157829 0.177662 0.198106 0.218823 0.239430 0.259509 0.278623 0.296324 0.312179 0.325781 0.336769 0.344844 0.349782 0.351444 0.349782 0.344844 0.336769 0.325781 0.312179 0.296324 0.278623 0.259509 0.239430 0.218823 0.198106 0.177662 0.157829 0.138891 0.121077 0.104555 0.089440 0.075793 0.063625 0.052910 0.043587 0.035571 0.028758 0.023032 0.018274 0.014364 0.011185 0.008628 0.006594 0.004993 0.003745 0.002783 0.002049 0.001495 0.001080 0.000774 0.000549 0.000386 0.000269 0.000185 0.000127 0.000086 0.000057 0.000038 0.000025 0.000015 0.000009 0.000004 0.000000 
0.000000 0.000004 0.000008 0.000014 0.000023 0.000035 0.000053 0.000080 0.000120 0.000177 0.000259 0.000375 0.000539 0.000767 0.001080 0.001508 0.002087 0.002860 0.003884 0.005226 0.006965 0.009197 0.012033 0.015595 0.020024 0.025472 0.032100 0.040074 0.049562 0.060724 0.073703 0.088619 0.105555 0.124550 0.145584 0.168574 0.193361 0.219708 0.247299 0.275738 0.304554 0.333216 0.361144 0.387726 0.412343 0.434391 0.453306 0.468586 0.479815 0.486682 0.488992 0.486682 0.479815 0.468586 0.453306 0.434391 0.412343 0.387726 0.361144 0.333216 0.304554 0.275738 0.247299 0.219708 0.193361 0.168574 0.145584 0.124550 0.105555 0.088619 0.073703 0.060724 0.049562 0.040074 0.032100 0.025472 0.020024 0.015595 0.012033 0.009197 0.006965 0.005226 0.003884 0.002860 0.002087 0.001508 0.001080 0.000767 0.000539 0.000375 0.000259 0.000177 0.000120 0.000080 0.000053 0.000034 0.000022 0.000013 0.000006 0.000000 
0.000000 0.000005 0.000011 0.000019 0.000031 0.000049 0.000074 0.000112 0.000166 0.000245 0.000359 0.000520 0.000746 0.001061 0.001495 0.002087 0.002886 0.003955 0.005370 0.007224 0.009627 0.012710 0.016625 0.021545 0.027660 0.035179 0.044326 0.055331 0.068423 0.083822 0.101727 0.122300 0.145659 0.171853 0.200857 0.232555 0.266728 0.303049 0.341083 0.380281 0.419998 0.459500 0.497988 0.534619 0.568542 0.598924 0.624988 0.646042 0.661514 0.670975 0.674159 0.670975 0.661514 0.646042 0.624988 0.598924 0.568542 0.534619 0.497988 0.459500 0.419998 0.380281 0.341083 0.303049 0.266728 0.232555 0.200857 0.171853 0.145659 0.122300 0.101727 0.083822 0.068423 0.055331 0.044326 0.035179 0.027660 0.021545 0.016625 0.012710 0.009627 0.007224 0.005370 0.003955 0.002886 0.002087 0.001495 0.001061 0.000746 0.000520 0.000359 0.000245 0.000166 0.000111 0.000074 0.000048 0.000030 0.000017 0.000008 0.000000 
0.000000 0.000007 0.000015 0.000027 0.000043 0.000067 0.000102 0.000153 0.000228 0.000337 0.000492 0.000713 0.001023 0.001455 0.002049 0.002860 0.003955 0.005419 0.007357 0.009894 0.013183 0.017403 0.022760 0.029490 0.037854 0.048139 0.060648 0.075695 0.093594 0.114644 0.139117 0.167235 0.199155 0.234947 0.274576 0.317880 0.364561 0.414175 0.466123 0.519659 0.573900 0.627844 0.680400 0.730420 0.776739 0.818223 0.853808 0.882554 0.903678 0.916595 0.920941 0.916595 0.903678 0.882554 0.853808 0.818223 0.776739 0.730420 0.680400 0.627844 0.573900 0.519659 0.466123 0.414175 0.364561 0.317880 0.274576 0.234947 0.199155 0.167235 0.139117 0.114644 0.093594 0.075695 0.060648 0.048139 0.037854 0.029490 0.022760 0.017403 0.013183 0.009894 0.007357 0.005419 0.003955 0.002860 0.002049 0.001455 0.001023 0.000713 0.000492 0.000337 0.000228 0.000153 0.000101 0.000066 0.000041 0.000024 0.000011 0.000000 
0.000000 0.000010 0.000021 0.000036 0.000058 0.000091 0.000138 0.000208 0.000310 0.000458 0.000669 0.000969 0.001390 0.001976 0.002783 0.003884 0.005370 0.007357 0.009985 0.013426 0.017887 0.023608 0.030871 0.039993 0.051330 0.065267 0.082216 0.102601 0.126846 0.155358 0.188502 0.226578 0.269799 0.318258 0.371905 0.430524 0.493710 0.560859 0.631163 0.703611 0.777009 0.850002 0.921114 0.988790 1.051458 1.107580 1.155723 1.194611 1.223188 1.240662 1.246542 1.240662 1.223188 1.194611 1.155723 1.107580 1.051458 0.988790 0.921114 0.850002 0.777009 0.703611 0.631163 0.560859 0.493710 0.430524 0.371905 0.318258 0.269799 0.226578 0.188502 0.155358 0.126846 0.102601 0.082216 0.065267 0.051330 0.039993 0.030871 0.023608 0.017887 0.013426 0.009985 0.007357 0.005370 0.003884 0.002783 0.001976 0.001390 0.000969 0.000669 0.000458 0.000310 0.000208 0.000137 0.000089 0.000056 0.000033 0.000015 0.000000 
0.000000 0.000013 0.000028 0.000049 0.000079 0.000122 0.000186 0.000281 0.000418 0.000617 0.000901 0.001304 0.001871 0.002660 0.003745 0.005226 0.007224 0.009894 0.013426 0.018051 0.024044 0.031730 0.041486 0.053737 0.068960 0.087673 0.110427 0.137790 0.170332 0.208594 0.253068 0.304157 0.362141 0.427148 0.499108 0.577730 0.662471 0.752521 0.846795 0.943939 1.042351 1.140215 1.235551 1.326278 1.410288 1.485522 1.550056 1.602185 1.640490 1.663912 1.671794 1.663912 1.640490 1.602185 1.550056 1.485522 1.410288 1.326278 1.235551 1.140215 1.042351 0.943939 0.846795 0.752521 0.662471 0.577730 0.499108 0.427148 0.362141 0.304157 0.253068 0.208594 0.170332 0.137790 0.110427 0.087673 0.068960 0.053737 0.041486 0.031730 0.024044 0.018051 0.013426 0.009894 0.007224 0.005225 0.003745 0.002660 0.001871 0.001304 0.000901 0.000616 0.000418 0.000280 0.000185 0.000120 0.000076 0.000044 0.000020 0.000000 
0.000000 0.000017 0.000038 0.000066 0.000105 0.000163 0.000249 0.000375 0.000558 0.000823 0.001202 0.001740 0.002496 0.003546 0.004993 0.006965 0.009627 0.013183 0.017887 0.024044 0.032022 0.042253 0.055236 0.071538 0.091792 0.116685 0.146950 0.183342 0.226616 0.277493 0.336623 0.404539 0.481617 0.568020 0.663658 0.768141 0.880748 1.000402 1.125660 1.254723 1.385463 1.515469 1.642111 1.762627 1.874215 1.974143 2.059858 2.129094 2.179970 2.211078 2.221546 2.211078 2.179970 2.129094 2.059858 1.974143 1.874215 1.762627 1.642111 1.515469 1.385463 1.254723 1.125660 1.000402 0.880748 0.768141 0.663658 0.568020 0.481617 0.404539 0.336623 0.277493 0.226616 0.183342 0.146950 0.116685 0.091792 0.071538 0.055236 0.042253 0.032022 0.024044 0.017887 0.013183 0.009627 0.006965 0.004993 0.003546 0.002495 0.001740 0.001202 0.000822 0.000557 0.000374 0.000247 0.000161 0.000101 0.000059 0.000027 0.000000 
0.000000 0.000023 0.000050 0.000087 0.000139 0.000216 0.000329 0.000495 0.000738 0.001088 0.001589 0.002299 0.003297 0.004684 0.006594 0.009197 0.012710 0.017403 0.023608 0.031730 0.042253 0.055744 0.072863 0.094355 0.121053 0.153863 0.193748 0.241703 0.298720 0.365746 0.443637 0.533094 0.634609 0.748397 0.874335 1.011911 1.160172 1.317701 1.482598 1.652494 1.824589 1.995709 2.162394 2.321010 2.467871 2.599382 2.712185 2.803299 2.870251 2.911188 2.924963 2.911188 2.870251 2.803299 2.712185 2.599382 2.467871 2.321010 2.162394 1.995709 1.824589 1.652494 1.482598 1.317701 1.160172 1.011911 0.874335 0.748397 0.634609 0.533094 0.443637 0.365746 0.298720 0.241703 0.193748 0.153863 0.121053 0.094355 0.072863 0.055744 0.042253 0.031730 0.023608 0.017403 0.012710 0.009197 0.006594 0.004684 0.003297 0.002299 0.001589 0.001087 0.000737 0.000494 0.000327 0.000213 0.000133 0.000078 0.000036 0.000000 
0.000000 0.000030 0.000066 0.000114 0.000183 0.000283 0.000431 0.000649 0.000966 0.001424 0.002080 0.003010 0.004316 0.006130 0.008628 0.012033 0.016625 0.022760 0.030871 0.041486 0.055236 0.072863 0.095225 0.123298 0.158166 0.201011 0.253090 0.315697 0.390128 0.477618 0.579278 0.696023 0.828492 0.976964 1.141277 1.320760 1.514171 1.719658 1.934742 2.156336 2.380785 2.603953 2.821328 3.028172 3.219680 3.391168 3.538257 3.657063 3.744361 3.797739 3.815700 3.797739 3.744361 3.657063 3.538257 3.391168 3.219680 3.028172 2.821328 2.603953 2.380785 2.156336 1.934742 1.719658 1.514171 1.320760 1.141277 0.976964 0.828492 0.696023 0.579278 0.477618 0.390128 0.315697 0.253090 0.201011 0.158166 0.123298 0.095225 0.072863 0.055236 0.041486 0.030871 0.022760 0.016625 0.012033 0.008628 0.006130 0.004315 0.003010 0.002080 0.001424 0.000965 0.000647 0.000429 0.000279 0.000175 0.000102 0.000047 0.000000 
0.000000 0.000039 0.000085 0.000148 0.000237 0.000368 0.000560 0.000842 0.001254 0.001848 0.002699 0.003904 0.005596 0.007948 0.011185 0.015595 0.021545 0.029490 0.039993 0.053737 0.071538 0.094355 0.123298 0.159627 0.204744 0.260178 0.327549 0.408533 0.504800 0.617945 0.749405 0.900358 1.071628 1.263571 1.475979 1.707980 1.957968 2.223546 2.501513 2.787876 3.077916 3.366286 3.647161 3.914418 4.161852 4.383413 4.573448 4.726937 4.839721 4.908680 4.931884 4.908680 4.839721 4.726937 4.573448 4.383413 4.161852 3.914418 3.647161 3.366286 3.077916 2.787876 2.501513 2.223546 1.957968 1.707980 1.475979 1.263571 1.071628 0.900358 0.749405 0.617945 0.504800 0.408533 0.327549 0.260178 0.204744 0.159627 0.123298 0.094355 0.071538 0.053737 0.039993 0.029490 0.021545 0.015595 0.011185 0.007948 0.005596 0.003904 0.002698 0.001847 0.001252 0.000840 0.000556 0.000362 0.000227 0.000132 0.000061 0.000000 
0.000000 0.000050 0.000110 0.000190 0.000305 0.000473 0.000720 0.001083 0.001612 0.002375 0.003468 0.005016 0.007189 0.010209 0.014364 0.020024 0.027660 0.037854 0.051330 0.068960 0.091792 0.121053 0.158166 0.204744 0.262584 0.333640 0.419989 0.523775 0.647135 0.792110 0.960535 1.153919 1.373312 1.619168 1.891217 2.188340 2.508477 2.848560 3.204486 3.571144 3.942493 4.311687 4.671271 5.013409 5.330161 5.613784 5.857044 6.053521 6.197889 6.286159 6.315861 6.286159 6.197889 6.053521 5.857044 5.613784 5.330161 5.013409 4.671271 4.311687 3.942493 3.571144 3.204486 2.848560 2.508477 2.188340 1.891217 1.619168 1.373312 1.153919 0.960535 0.792110 0.647135 0.523775 0.419989 0.333640 0.262584 0.204744 0.158166 0.121053 0.091792 0.068960 0.051330 0.037854 0.027659 0.020024 0.014364 0.010208 0.007189 0.005016 0.003467 0.002374 0.001610 0.001080 0.000715 0.000465 0.000292 0.000170 0.000078 0.000000 
0.000000 0.000064 0.000140 0.000242 0.000389 0.000603 0.000918 0.001380 0.002053 0.003024 0.004415 0.006385 0.009149 0.012990 0.018274 0.025472 0.035179 0.048139 0.065267 0.087673 0.116685 0.153863 0.201011 0.260178 0.333640 0.423879 0.533528 0.665306 0.821923 1.005964 1.219757 1.465211 1.743655 2.055661 2.400883 2.777898 3.184090 3.615563 4.067113 4.532257 5.003327 5.471646 5.927757 6.361723 6.763480 7.123207 7.431735 7.680922 7.864019 7.975968 8.013638 7.975968 7.864019 7.680922 7.431735 7.123207 6.763480 6.361723 5.927757 5.471646 5.003327 4.532257 4.067113 3.615563 3.184090 2.777898 2.400883 2.055661 1.743655 1.465211 1.219757 1.005964 0.821923 0.665306 0.533528 0.423879 0.333640 0.260178 0.201011 0.153863 0.116685 0.087673 0.065267 0.048139 0.035179 0.025472 0.018274 0.012989 0.009148 0.006384 0.004414 0.003023 0.002050 0.001376 0.000911 0.000593 0.000372 0.000217 0.000099 0.000000 
0.000000 0.000081 0.000177 0.000306 0.000491 0.000761 0.001158 0.001741 0.002589 0.003815 0.005567 0.008050 0.011534 0.016374 0.023032 0.032100 0.044326 0.060648 0.082216 0.110427 0.146950 0.193748 0.253090 0.327549 0.419989 0.533528 0.671476 0.837247 1.034247 1.265722 1.534593 1.843258 2.193382 2.585680 3.019711 3.493685 4.004308 4.546682 5.114264 5.698903 6.290966 6.879546 7.452764 7.998134 8.503010 8.955060 9.342761 9.655890 9.885966 10.026639 10.073974 10.026639 9.885966 9.655890 9.342761 8.955060 8.503010 7.998134 7.452764 6.879546 6.290966 5.698903 5.114264 4.546682 4.004308 3.493685 3.019711 2.585680 2.193382 1.843258 1.534593 1.265722 1.034247 0.837247 0.671476 0.533528 0.419989 0.327549 0.253090 0.193748 0.146950 0.110427 0.082216 0.060648 0.044326 0.032100 0.023032 0.016374 0.011534 0.008050 0.005566 0.003813 0.002587 0.001736 0.001150 0.000748 0.000470 0.000273 0.000125 0.000000 
0.000000 0.000101 0.000221 0.000383 0.000613 0.000951 0.001448 0.002176 0.003236 0.004767 0.006955 0.010056 0.014406 0.020448 0.028758 0.040074 0.055331 0.075695 0.102601 0.137790 0.183342 0.241703 0.315697 0.408533 0.523775 0.665306 0.837247 1.043850 1.289350 1.577789 1.912801 2.297365 2.733551 3.222244 3.762890 4.353252 4.989228 5.664712 6.371555 7.099607 7.836872 8.569773 9.283519 9.962570 10.591184 11.154012 11.636713 12.026562 12.313007 12.488143 12.547074 12.488143 12.313007 12.026562 11.636713 11.154012 10.591184 9.962570 9.283519 8.569773 7.836872 7.099607 6.371555 5.664712 4.989228 4.353252 3.762890 3.222244 2.733551 2.297365 1.912801 1.577789 1.289350 1.043850 0.837247 0.665306 0.523775 0.408533 0.315697 0.241703 0.183342 0.137790 0.102601 0.075695 0.055331 0.040074 0.028757 0.020447 0.014405 0.010055 0.006954 0.004764 0.003232 0.002170 0.001438 0.000935 0.000588 0.000342 0.000157 0.000000 
0.000000 0.000125 0.000274 0.000474 0.000760 0.001178 0.001793 0.002694 0.004006 0.005900 0.008608 0.012444 0.017824 0.025295 0.035571 0.049562 0.068423 0.093594 0.126846 0.170332 0.226616 0.298720 0.390128 0.504800 0.647135 0.821923 1.034247 1.289350 1.592456 1.948549 2.362106 2.836798 3.375172 3.978315 4.645536 5.374070 6.158849 6.992338 7.864478 8.762748 9.672350 10.576533 11.457054 12.294749 13.070204 13.764490 14.359923 14.840812 15.194145 15.410176 15.482867 15.410176 15.194145 14.840812 14.359923 13.764490 13.070204 12.294749 11.457054 10.576533 9.672350 8.762748 7.864478 6.992338 6.158849 5.374070 4.645536 3.978315 3.375172 2.836798 2.362106 1.948549 1.592456 1.289350 1.034247 0.821923 0.647135 0.504800 0.390128 0.298720 0.226616 0.170332 0.126846 0.093594 0.068423 0.049562 0.035571 0.025295 0.017823 0.012443 0.008607 0.005897 0.004002 0.002687 0.001780 0.001158 0.000728 0.000424 0.000194 0.000000 
0.000000 0.000154 0.000337 0.000582 0.000932 0.001445 0.002199 0.003304 0.004913 0.007234 0.010554 0.015254 0.021846 0.031000 0.043587 0.060724 0.083822 0.114644 0.155358 0.208594 0.277493 0.365746 0.477618 0.617945 0.792110 1.005964 1.265722 1.577789 1.948549 2.384088 2.889874 3.470389 4.128739 4.866244 5.682052 6.572778 7.532220 8.551162 9.617308 10.715349 11.827197 12.932384 14.008615 15.032472 15.980234 16.828772 17.556482 18.144194 18.576011 18.840025 18.928862 18.840025 18.576011 18.144194 17.556482 16.828772 15.980234 15.032472 14.008615 12.932384 11.827197 10.715349 9.617308 8.551162 7.532220 6.572778 5.682052 4.866244 4.128739 3.470389 2.889874 2.384088 1.948549 1.577789 1.265722 1.005964 0.792110 0.617945 0.477618 0.365746 0.277493 0.208594 0.155358 0.114644 0.083822 0.060724 0.043587 0.030999 0.021845 0.015253 0.010552 0.007231 0.004907 0.003295 0.002184 0.001421 0.000893 0.000520 0.000238 0.000000 
0.000000 0.000187 0.000409 0.000708 0.001133 0.001756 0.002672 0.004015 0.005968 0.008787 0.012817 0.018524 0.026525 0.037635 0.052910 0.073703 0.101727 0.139117 0.188502 0.253068 0.336623 0.443637 0.579278 0.749405 0.960535 1.219757 1.534593 1.912801 2.362106 2.889874 3.502722 4.206069 5.003669 5.897114 6.885361 7.964305 9.126425 10.360557 11.651805 12.981628 14.328124 15.666507 16.969785 18.209607 19.357255 20.384733 21.265887 21.977514 22.500371 22.820045 22.927611 22.820045 22.500371 21.977514 21.265887 20.384733 19.357255 18.209607 16.969785 15.666507 14.328124 12.981628 11.651805 10.360557 9.126425 7.964305 6.885361 5.897114 5.003669 4.206069 3.502722 2.889874 2.362106 1.912801 1.534593 1.219757 0.960535 0.749405 0.579278 0.443637 0.336623 0.253068 0.188502 0.139117 0.101726 0.073703 0.052910 0.037634 0.026524 0.018522 0.012815 0.008783 0.005962 0.004004 0.002654 0.001727 0.001086 0.000632 0.000290 0.000000 
0.000000 0.000225 0.000493 0.000852 0.001365 0.002114 0.003217 0.004832 0.007182 0.010573 0.015421 0.022283 0.031904 0.045262 0.063625 0.088619 0.122300 0.167235 0.226578 0.304157 0.404539 0.533094 0.696023 0.900358 1.153919 1.465211 1.843258 2.297365 2.836798 3.470389 4.206069 5.050334 6.007678 7.080000 8.266040 9.560863 10.955437 12.436362 13.985760 15.581383 17.196955 18.802742 20.366364 21.853817 23.230655 24.463300 25.520386 26.374086 27.001324 27.384813 27.513851 27.384813 27.001324 26.374086 25.520386 24.463300 23.230655 21.853817 20.366364 18.802742 17.196955 15.581383 13.985760 12.436362 10.955437 9.560863 8.266040 7.080000 6.007678 5.050334 4.206069 3.470389 2.836798 2.297365 1.843258 1.465211 1.153919 0.900358 0.696023 0.533094 0.404539 0.304157 0.226578 0.167235 0.122300 0.088619 0.063624 0.045261 0.031903 0.022281 0.015418 0.010569 0.007174 0.004819 0.003195 0.002079 0.001307 0.000761 0.000349 0.000000 
0.000000 0.000269 0.000588 0.001016 0.001628 0.002521 0.003835 0.005761 0.008562 0.012603 0.018378 0.026553 0.038014 0.053924 0.075793 0.105555 0.145659 0.199155 0.269799 0.362141 0.481617 0.634609 0.828492 1.071628 1.373312 1.743655 2.193382 2.733551 3.375172 4.128739 5.003669 6.007678 7.146094 8.421166 9.831386 11.370874 13.028888 14.789489 16.631421 18.528239 20.448705 22.357481 24.216087 25.984110 27.620619 29.085713 30.342124 31.356785 32.102278 32.558066 32.711431 32.558066 32.102278 31.356785 30.342124 29.085713 27.620619 25.984110 24.216087 22.357481 20.448705 18.528239 16.631421 14.789489 13.028888 11.370874 9.831386 8.421166 7.146094 6.007678 5.003669 4.128739 3.375172 2.733551 2.193382 1.743655 1.373312 1.071628 0.828492 0.634609 0.481617 0.362141 0.269799 0.199155 0.145659 0.105555 0.075792 0.053923 0.038013 0.026551 0.018375 0.012597 0.008552 0.005745 0.003809 0.002479 0.001559 0.000907 0.000416 0.000000 
0.000000 0.000317 0.000695 0.001201 0.001923 0.002978 0.004530 0.006803 0.010110 0.014880 0.021697 0.031345 0.044868 0.063640 0.089440 0.124550 0.171853 0.234947 0.318258 0.427148 0.568020 0.748397 0.976964 1.263571 1.619168 2.055661 2.585680 3.222244 3.978315 4.866244 5.897114 7.080000 8.421166 9.923250 11.584462 13.397865 15.350799 17.424485 19.593883 21.827847 24.089593 26.337506 28.526278 30.608327 32.535466 34.260718 35.740209 36.935013 37.812854 38.349555 38.530145 38.349555 37.812854 36.935013 35.740209 34.260718 32.535466 30.608327 28.526278 26.337506 24.089593 21.827847 19.593883 17.424485 15.350799 13.397865 11.584462 9.923250 8.421166 7.080000 5.897114 4.866244 3.978315 3.222244 2.585680 2.055661 1.619168 1.263571 0.976964 0.748397 0.568020 0.427148 0.318258 0.234947 0.171853 0.124550 0.089440 0.063639 0.044867 0.031342 0.021693 0.014873 0.010099 0.006785 0.004499 0.002928 0.001842 0.001072 0.000492 0.000000 
0.000000 0.000372 0.000813 0.001405 0.002250 0.003485 0.005300 0.007959 0.011826 0.017404 0.025374 0.036653 0.052461 0.074402 0.104555 0.145584 0.200857 0.274576 0.371905 0.499108 0.663658 0.874335 1.141277 1.475979 1.891217 2.400883 3.019711 3.762890 4.645536 5.682052 6.885361 8.266040 9.831386 11.584462 13.523164 15.639391 17.918355 20.338137 22.869518 25.476153 28.115125 30.737886 33.291582 35.720709 37.969060 39.981841 41.707879 43.101774 44.125881 44.752004 44.962682 44.752004 44.125881 43.101774 41.707879 39.981841 37.969060 35.720709 33.291582 30.737886 28.115125 25.476153 22.869518 20.338137 17.918355 15.639391 13.523164 11.584462 9.831386 8.266040 6.885361 5.682052 4.645536 3.762890 3.019711 2.400883 1.891217 1.475979 1.141277 0.874335 0.663658 0.499108 0.371905 0.274576 0.200857 0.145584 0.104555 0.074401 0.052460 0.036650 0.025369 0.017396 0.011813 0.007937 0.005264 0.003426 0.002156 0.001255 0.000576 0.000000 
0.000000 0.000431 0.000943 0.001629 0.002608 0.004039 0.006143 0.009223 0.013703 0.020164 0.029394 0.042456 0.060762 0.086167 0.121077 0.168574 0.232555 0.317880 0.430524 0.577730 0.768141 1.011911 1.320760 1.707980 2.188340 2.777898 3.493685 4.353252 5.374070 6.572778 7.964305 9.560863 11.370874 13.397865 15.639391 18.086069 20.720796 23.518224 26.444570 29.457820 32.508366 35.540097 38.491924 41.299704 43.898482 46.224939 48.219941 49.831026 51.014697 51.738370 51.981871 51.738370 51.014697 49.831026 48.219941 46.224939 43.898482 41.299704 38.491924 35.540097 32.508366 29.457820 26.444570 23.518224 20.720796 18.086069 15.639391 13.397865 11.370874 9.560863 7.964305 6.572778 5.374070 4.353252 3.493685 2.777898 2.188340 1.707980 1.320760 1.011911 0.768141 0.577730 0.430524 0.317880 0.232555 0.168573 0.121076 0.086166 0.060761 0.042453 0.029389 0.020155 0.013688 0.009197 0.006101 0.003971 0.002499 0.001455 0.000667 0.000000 
0.000000 0.000495 0.001083 0.001871 0.002995 0.004638 0.007052 0.010587 0.015728 0.023141 0.033731 0.048716 0.069715 0.098854 0.138891 0.193361 0.266728 0.364561 0.493710 0.662471 0.880748 1.160172 1.514171 1.957968 2.508477 3.184090 4.004308 4.989228 6.158849 7.532220 9.126425 10.955437 13.028888 15.350799 17.918355 20.720796 23.738522 26.942493 30.294013 33.744965 37.238539 40.710482 44.090847 47.306192 50.282146 52.946218 55.230707 57.075553 58.430958 59.259623 59.538451 59.259623 58.430958 57.075553 55.230707 52.946218 50.282146 47.306192 44.090847 40.710482 37.238539 33.744965 30.294013 26.942493 23.738522 20.720796 17.918355 15.350799 13.028888 10.955437 9.126425 7.532220 6.158849 4.989228 4.004308 3.184090 2.508477 1.957968 1.514171 1.160172 0.880748 0.662471 0.493710 0.364561 0.266727 0.193360 0.138891 0.098852 0.069713 0.048712 0.033725 0.023130 0.015710 0.010557 0.007003 0.004559 0.002869 0.001670 0.000766 0.000000 
0.000000 0.000563 0.001232 0.002128 0.003406 0.005274 0.008019 0.012038 0.017882 0.026308 0.038343 0.055372 0.079233 0.112341 0.157829 0.219708 0.303049 0.414175 0.560859 0.752521 1.000402 1.317701 1.719658 2.223546 2.848560 3.615563 4.546682 5.664712 6.992338 8.551162 10.360557 12.436362 14.789489 17.424485 20.338137 23.518224 26.942493 30.577985 34.380788 38.296307 42.260089 46.199242 50.034416 53.682303 57.058542 60.080909 62.672614 64.765534 66.303189 67.243273 67.559591 67.243273 66.303189 64.765534 62.672614 60.080909 57.058542 53.682303 50.034416 46.199242 42.260089 38.296307 34.380788 30.577985 26.942493 23.518224 20.338137 17.424485 14.789489 12.436362 10.360557 8.551162 6.992338 5.664712 4.546682 3.615563 2.848560 2.223546 1.719658 1.317701 1.000402 0.752521 0.560859 0.414175 0.303049 0.219708 0.157828 0.112340 0.079231 0.055368 0.038336 0.026295 0.017862 0.012004 0.007964 0.005185 0.003263 0.001900 0.000872 0.000000 
0.000000 0.000634 0.001388 0.002398 0.003837 0.005941 0.009032 0.013558 0.020139 0.029625 0.043175 0.062345 0.089204 0.126468 0.177662 0.247299 0.341083 0.466123 0.631163 0.846795 1.125660 1.482598 1.934742 2.501513 3.204486 4.067113 5.114264 6.371555 7.864478 9.617308 11.651805 13.985760 16.631421 19.593883 22.869518 26.444570 30.294013 34.380788 38.655530 43.056867 47.512353 51.940064 56.250821 60.350998 64.145793 67.542803 70.455737 72.808046 74.536261 75.592844 75.948361 75.592844 74.536261 72.808046 70.455737 67.542803 64.145793 60.350998 56.250821 51.940064 47.512353 43.056867 38.655530 34.380788 30.294013 26.444570 22.869518 19.593883 16.631421 13.985760 11.651805 9.617308 7.864478 6.371555 5.114264 4.067113 3.204486 2.501513 1.934742 1.482598 1.125660 0.846795 0.631163 0.466123 0.341082 0.247299 0.177661 0.126466 0.089201 0.062340 0.043167 0.029611 0.020116 0.013520 0.008970 0.005841 0.003676 0.002140 0.000982 0.000000 
0.000000 0.000708 0.001549 0.002676 0.004282 0.006630 0.010078 0.015126 0.022466 0.033046 0.048157 0.069534 0.099482 0.141030 0.198106 0.275738 0.380281 0.519659 0.703611 0.943939 1.254723 1.652494 2.156336 2.787876 3.571144 4.532257 5.698903 7.099607 8.762748 10.715349 12.981628 15.581383 18.528239 21.827847 25.476153 29.457820 33.744965 38.296307 43.056867 47.958297 52.919927 57.850531 62.650817 67.216541 71.442152 75.224775 78.468342 81.087630 83.011981 84.188471 84.584333 84.188471 83.011981 81.087630 78.468342 75.224775 71.442152 67.216541 62.650817 57.850531 52.919927 47.958297 43.056867 38.296307 33.744965 29.457820 25.476153 21.827847 18.528239 15.581383 12.981628 10.715349 8.762748 7.099607 5.698903 4.532257 3.571144 2.787876 2.156336 1.652494 1.254723 0.943939 0.703611 0.519659 0.380281 0.275737 0.198105 0.141029 0.099479 0.069528 0.048148 0.033031 0.022440 0.015084 0.010008 0.006517 0.004102 0.002388 0.001096 0.000000 
0.000000 0.000783 0.001712 0.002958 0.004733 0.007327 0.011138 0.016716 0.024825 0.036514 0.053207 0.076820 0.109899 0.155788 0.218823 0.304554 0.419998 0.573900 0.777009 1.042351 1.385463 1.824589 2.380785 3.077916 3.942493 5.003327 6.290966 7.836872 9.672350 11.827197 14.328124 17.196955 20.448705 24.089593 28.115125 32.508366 37.238539 42.260089 47.512353 52.919927 58.393812 63.833375 69.129084 74.165953 78.827556 83.000422 86.578587 89.468054 91.590890 92.888724 93.325415 92.888724 91.590890 89.468054 86.578587 83.000422 78.827556 74.165953 69.129084 63.833375 58.393812 52.919927 47.512353 42.260089 37.238539 32.508366 28.115125 24.089593 20.448705 17.196955 14.328124 11.827197 9.672350 7.836872 6.290966 5.003327 3.942493 3.077916 2.380785 1.824589 1.385463 1.042351 0.777009 0.573899 0.419998 0.304554 0.218822 0.155786 0.109896 0.076814 0.053197 0.036497 0.024797 0.016669 0.011061 0.007203 0.004534 0.002640 0.001211 0.000000 
0.000000 0.000857 0.001875 0.003238 0.005182 0.008022 0.012192 0.018298 0.027173 0.039964 0.058231 0.084069 0.120262 0.170469 0.239430 0.333216 0.459500 0.627844 0.850002 1.140215 1.515469 1.995709 2.603953 3.366286 4.311687 5.471646 6.879546 8.569773 10.576533 12.932384 15.666507 18.802742 22.357481 26.337506 30.737886 35.540097 40.710482 46.199242 51.940064 57.850531 63.833375 69.778611 75.566540 81.071502 86.166266 90.726837 94.637422 97.795307 100.115334 101.533721 102.010973 101.533721 100.115334 97.795307 94.637422 90.726837 86.166266 81.071502 75.566540 69.778611 63.833375 57.850531 51.940064 46.199242 40.710482 35.540097 30.737886 26.337506 22.357481 18.802742 15.666507 12.932384 10.576533 8.569773 6.879546 5.471646 4.311687 3.366286 2.603953 1.995709 1.515469 1.140215 0.850002 0.627844 0.459500 0.333216 0.239428 0.170466 0.120258 0.084062 0.058220 0.039946 0.027142 0.018246 0.012109 0.007886 0.004964 0.002891 0.001326 0.000000 
0.000000 0.000929 0.002033 0.003512 0.005620 0.008699 0.013221 0.019840 0.029461 0.043327 0.063128 0.091133 0.130361 0.184774 0.259509 0.361144 0.497988 0.680400 0.921114 1.235551 1.642111 2.162394 2.821328 3.647161 4.671271 5.927757 7.452764 9.283519 11.457054 14.008615 16.969785 20.366364 24.216087 28.526278 33.291582 38.491924 44.090847 50.034416 56.250821 62.650817 69.129084 75.566540 81.833585 87.794173 93.310559 98.248502 102.482645 105.901792 108.413752 109.949475 110.466208 109.949475 108.413752 105.901792 102.482645 98.248502 93.310559 87.794173 81.833585 75.566540 69.129084 62.650817 56.250821 50.034416 44.090847 38.491924 33.291582 28.526278 24.216087 20.366364 16.969785 14.008615 11.457054 9.283519 7.452764 5.927757 4.671271 3.647161 2.821328 2.162394 1.642111 1.235551 0.921113 0.680400 0.497987 0.361143 0.259508 0.184772 0.130357 0.091126 0.063116 0.043307 0.029427 0.019784 0.013130 0.008551 0.005383 0.003135 0.001438 0.000000 
