0.000000 0.000000 0.000000 0.000000 0.000000 0.000000 0.000000 0.000000 0.000000 0.000000 0.000000 0.000000 0.000000 0.000000 0.000000 0.000000 0.000000 0.000000 0.000000 0.000000 0.000000 0.000000 0.000000 0.000000 0.000000 0.000000 0.000000 0.000000 0.000000 0.000000 0.000000 0.000000 0.000000 0.000000 0.000000 0.000000 0.000000 0.000000 0.000000 0.000000 0.000000 0.000000 0.000000 0.000000 0.000000 0.000000 0.000000 0.000000 0.000000 0.000000 0.000000 0.000000 0.000000 0.000000 0.000000 0.000000 0.000000 0.000000 0.000000 0.000000 0.000000 0.000000 0.000000 0.000000 0.000000 0.000000 0.000000 0.000000 0.000000 0.000000 0.000000 0.000000 0.000000 0.000000 0.000000 0.000000 0.000000 0.000000 0.000000 0.000000 0.000000 0.000000 0.000000 0.000000 0.000000 0.000000 0.000000 0.000000 0.000000 0.000000 0.000000 0.000000 0.000000 0.000000 0.000000 0.000000 0.000000 0.000000 0.000000 0.000000 
0.000000 0.000000 0.000000 0.000000 0.000000 0.000000 0.000000 0.000000 0.000000 0.000000 0.000000 0.000000 0.000000 0.000000 0.000000 0.000000 0.000000 0.000000 0.000000 0.000000 0.000000 0.000000 0.000000 0.000000 0.000000 0.000000 0.000000 0.000000 0.000000 0.000000 0.000000 0.000000 0.000000 0.000000 0.000000 0.000000 0.000000 0.000000 0.000001 0.000001 0.000001 0.000001 0.000001 0.000001 0.000001 0.000002 0.000002 0.000002 0.000002 0.000002 0.000002 0.000002 0.000002 0.000002 0.000002 0.000002 0.000001 0.000001 0.000001 0.000001 0.000001 0.000001 0.000001 0.000000 0.000000 0.000000 0.000000 0.000000 0.000000 0.000000 0.000000 0.000000 0.000000 0.000000 0.000000 0.000000 0.000000 0.000000 0.000000 0.000000 0.000000 0.000000 0.000000 0.000000 0.000000 0.000000 0.000000 0.000000 0.000000 0.000000 0.000000 0.000000 0.000000 0.000000 0.000000 0.000000 0.000000 0.000000 0.000000 0.000000 
0.000000 0.000000 0.000000 0.000000 0.000000 0.000000 0.000000 0.000000 0.000000 0.000000 0.000000 0.000000 0.000000 0.000000 0.000000 0.000000 0.000000 0.000000 0.000000 0.000000 0.000000 0.000000 0.000000 0.000000 0.000000 0.000000 0.000000 0.000000 0.000000 0.000000 0.000000 0.000000 0.000000 0.000000 0.000001 0.000001 0.000001 0.000001 0.000002 0.000002 0.000002 0.000003 0.000003 0.000003 0.000004 0.000004 0.000004 0.000005 0.000005 0.000005 0.000005 0.000005 0.000005 0.000005 0.000004 0.000004 0.000004 0.000003 0.000003 0.000003 0.000002 0.000002 0.000002 0.000001 0.000001 0.000001 0.000001 0.000000 0.000000 0.000000 0.000000 0.000000 0.000000 0.000000 0.000000 0.000000 0.000000 0.000000 0.000000 0.000000 0.000000 0.000000 0.000000 0.000000 0.000000 0.000000 0.000000 0.000000 0.000000 0.000000 0.000000 0.000000 0.000000 0.000000 0.000000 0.000000 0.000000 0.000000 0.000000 0.000000 
0.000000 0.000000 0.000000 0.000000 0.000000 0.000000 0.000000 0.000000 0.000000 0.000000 0.000000 0.000000 0.000000 0.000000 0.000000 0.000000 0.000000 0.000000 0.000000 0.000000 0.000000 0.000000 0.000000 0.000000 0.000000 0.000000 0.000000 0.000000 0.000000 0.000000 0.000000 0.000001 0.000001 0.000001 0.000001 0.000002 0.000002 0.000003 0.000003 0.000004 0.000005 0.000006 0.000006 0.000007 0.000008 0.000009 0.000009 0.000010 0.000010 0.000011 0.000011 0.000011 0.000010 0.000010 0.000009 0.000009 0.000008 0.000007 0.000006 0.000006 0.000005 0.000004 0.000003 0.000003 0.000002 0.000002 0.000001 0.000001 0.000001 0.000001 0.000000 0.000000 0.000000 0.000000 0.000000 0.000000 0.000000 0.000000 0.000000 0.000000 0.000000 0.000000 0.000000 0.000000 0.000000 0.000000 0.000000 0.000000 0.000000 0.000000 0.000000 0.000000 0.000000 0.000000 0.000000 0.000000 0.000000 0.000000 0.000000 0.000000 
0.000000 0.000000 0.000000 0.000000 0.000000 0.000000 0.000000 0.000000 0.000000 0.000000 0.000000 0.000000 0.000000 0.000000 0.000000 0.000000 0.000000 0.000000 0.000000 0.000000 0.000000 0.000000 0.000000 0.000000 0.000000 0.000000 0.000000 0.000000 0.000000 0.000001 0.000001 0.000001 0.000002 0.000002 0.000003 0.000003 0.000004 0.000005 0.000007 0.000008 0.000010 0.000011 0.000013 0.000015 0.000016 0.000018 0.000019 0.000020 0.000021 0.000022 0.000022 0.000022 0.000021 0.000020 0.000019 0.000018 0.000016 0.000015 0.000013 0.000011 0.000010 0.000008 0.000007 0.000005 0.000004 0.000003 0.000003 0.000002 0.000002 0.000001 0.000001 0.000001 0.000000 0.000000 0.000000 0.000000 0.000000 0.000000 0.000000 0.000000 0.000000 0.000000 0.000000 0.000000 0.000000 0.000000 0.000000 0.000000 0.000000 0.000000 0.000000 0.000000 0.000000 0.000000 0.000000 0.000000 0.000000 0.000000 0.000000 0.000000 
0.000000 0.000000 0.000000 0.000000 0.000000 0.000000 0.000000 0.000000 0.000000 0.000000 0.000000 0.000000 0.000000 0.000000 0.000000 0.000000 0.000000 0.000000 0.000000 0.000000 0.000000 0.000000 0.000000 0.000000 0.000000 0.000000 0.000000 0.000001 0.000001 0.000001 0.000002 0.000002 0.000003 0.000004 0.000005 0.000007 0.000009 0.000011 0.000013 0.000016 0.000019 0.000023 0.000026 0.000029 0.000033 0.000036 0.000038 0.000041 0.000042 0.000043 0.000044 0.000043 0.000042 0.000041 0.000038 0.000036 0.000033 0.000029 0.000026 0.000023 0.000019 0.000016 0.000013 0.000011 0.000009 0.000007 0.000005 0.000004 0.000003 0.000002 0.000002 0.000001 0.000001 0.000001 0.000000 0.000000 0.000000 0.000000 0.000000 0.000000 0.000000 0.000000 0.000000 0.000000 0.000000 0.000000 0.000000 0.000000 0.000000 0.000000 0.000000 0.000000 0.000000 0.000000 0.000000 0.000000 0.000000 0.000000 0.000000 0.000000 
0.000000 0.000000 0.000000 0.000000 0.000000 0.000000 0.000000 0.000000 0.000000 0.000000 0.000000 0.000000 0.000000 0.000000 0.000000 0.000000 0.000000 0.000000 0.000000 0.000000 0.000000 0.000000 0.000000 0.000000 0.000000 0.000001 0.000001 0.000001 0.000002 0.000002 0.000003 0.000005 0.000006 0.000008 0.000011 0.000014 0.000017 0.000022 0.000026 0.000032 0.000038 0.000044 0.000051 0.000057 0.000064 0.000070 0.000075 0.000080 0.000083 0.000085 0.000086 0.000085 0.000083 0.000080 0.000075 0.000070 0.000064 0.000057 0.000051 0.000044 0.000038 0.000032 0.000026 0.000022 0.000017 0.000014 0.000011 0.000008 0.000006 0.000005 0.000003 0.000002 0.000002 0.000001 0.000001 0.000001 0.000000 0.000000 0.000000 0.000000 0.000000 0.000000 0.000000 0.000000 0.000000 0.000000 0.000000 0.000000 0.000000 0.000000 0.000000 0.000000 0.000000 0.000000 0.000000 0.000000 0.000000 0.000000 0.000000 0.000000 
0.000000 0.000000 0.000000 0.000000 0.000000 0.000000 0.000000 0.000000 0.000000 0.000000 0.000000 0.000000 0.000000 0.000000 0.000000 0.000000 0.000000 0.000000 0.000000 0.000000 0.000000 0.000000 0.000000 0.000000 0.000001 0.000001 0.000002 0.000002 0.000003 0.000005 0.000006 0.000009 0.000012 0.000016 0.000021 0.000027 0.000034 0.000042 0.000051 0.000062 0.000073 0.000086 0.000098 0.000111 0.000124 0.000135 0.000145 0.000154 0.000160 0.000164 0.000166 0.000164 0.000160 0.000154 0.000145 0.000135 0.000124 0.000111 0.000098 0.000086 0.000073 0.000062 0.000051 0.000042 0.000034 0.000027 0.000021 0.000016 0.000012 0.000009 0.000006 0.000005 0.000003 0.000002 0.000002 0.000001 0.000001 0.000000 0.000000 0.000000 0.000000 0.000000 0.000000 0.000000 0.000000 0.000000 0.000000 0.000000 0.000000 0.000000 0.000000 0.000000 0.000000 0.000000 0.000000 0.000000 0.000000 0.000000 0.000000 0.000000 
0.000000 0.000000 0.000000 0.000000 0.000000 0.000000 0.000000 0.000000 0.000000 0.000000 0.000000 0.000000 0.000000 0.000000 0.000000 0.000000 0.000000 0.000000 0.000000 0.000000 0.000000 0.000000 0.000001 0.000001 0.000001 0.000002 0.000003 0.000004 0.000006 0.000009 0.000012 0.000017 0.000023 0.000030 0.000040 0.000051 0.000064 0.000080 0.000098 0.000118 0.000140 0.000164 0.000188 0.000212 0.000236 0.000258 0.000277 0.000294 0.000306 0.000313 0.000316 0.000313 0.000306 0.000294 0.000277 0.000258 0.000236 0.000212 0.000188 0.000164 0.000140 0.000118 0.000098 0.000080 0.000064 0.000051 0.000040 0.000030 0.000023 0.000017 0.000012 0.000009 0.000006 0.000004 0.000003 0.000002 0.000001 0.000001 0.000001 0.000000 0.000000 0.000000 0.000000 0.000000 0.000000 0.000000 0.000000 0.000000 0.000000 0.000000 0.000000 0.000000 0.000000 0.000000 0.000000 0.000000 0.000000 0.000000 0.000000 0.000000 
0.000000 0.000000 0.000000 0.000000 0.000000 0.000000 0.000000 0.000000 0.000000 0.000000 0.000000 0.000000 0.000000 0.000000 0.000000 0.000000 0.000000 0.000000 0.000000 0.000000 0.000000 0.000001 0.000001 0.000002 0.000003 0.000004 0.000006 0.000008 0.000012 0.000017 0.000023 0.000032 0.000043 0.000057 0.000075 0.000096 0.000121 0.000151 0.000185 0.000223 0.000264 0.000308 0.000353 0.000399 0.000443 0.000485 0.000522 0.000552 0.000575 0.000589 0.000594 0.000589 0.000575 0.000552 0.000522 0.000485 0.000443 0.000399 0.000353 0.000308 0.000264 0.000223 0.000185 0.000151 0.000121 0.000096 0.000075 0.000057 0.000043 0.000032 0.000023 0.000017 0.000012 0.000008 0.000006 0.000004 0.000003 0.000002 0.000001 0.000001 0.000000 0.000000 0.000000 0.000000 0.000000 0.000000 0.000000 0.000000 0.000000 0.000000 0.000000 0.000000 0.000000 0.000000 0.000000 0.000000 0.000000 0.000000 0.000000 0.000000 
0.000000 0.000000 0.000000 0.000000 0.000000 0.000000 0.000000 0.000000 0.000000 0.000000 0.000000 0.000000 0.000000 0.000000 0.000000 0.000000 0.000000 0.000000 0.000000 0.000000 0.000001 0.000001 0.000002 0.000003 0.000005 0.000007 0.000011 0.000015 0.000022 0.000031 0.000044 0.000060 0.000080 0.000106 0.000139 0.000178 0.000225 0.000280 0.000343 0.000413 0.000490 0.000571 0.000655 0.000740 0.000822 0.000898 0.000966 0.001023 0.001065 0.001091 0.001100 0.001091 0.001065 0.001023 0.000966 0.000898 0.000822 0.000740 0.000655 0.000571 0.000490 0.000413 0.000343 0.000280 0.000225 0.000178 0.000139 0.000106 0.000080 0.000060 0.000044 0.000031 0.000022 0.000015 0.000011 0.000007 0.000005 0.000003 0.000002 0.000001 0.000001 0.000000 0.000000 0.000000 0.000000 0.000000 0.000000 0.000000 0.000000 0.000000 0.000000 0.000000 0.000000 0.000000 0.000000 0.000000 0.000000 0.000000 0.000000 0.000000 
0.000000 0.000000 0.000000 0.000000 0.000000 0.000000 0.000000 0.000000 0.000000 0.000000 0.000000 0.000000 0.000000 0.000000 0.000000 0.000000 0.000000 0.000000 0.000001 0.000001 0.000001 0.000002 0.000004 0.000006 0.000009 0.000013 0.000019 0.000028 0.000041 0.000058 0.000080 0.000109 0.000147 0.000195 0.000254 0.000327 0.000413 0.000513 0.000628 0.000756 0.000895 0.001043 0.001197 0.001351 0.001501 0.001640 0.001764 0.001867 0.001944 0.001992 0.002008 0.001992 0.001944 0.001867 0.001764 0.001640 0.001501 0.001351 0.001197 0.001043 0.000895 0.000756 0.000628 0.000513 0.000413 0.000327 0.000254 0.000195 0.000147 0.000109 0.000080 0.000058 0.000041 0.000028 0.000019 0.000013 0.000009 0.000006 0.000004 0.000002 0.000001 0.000001 0.000001 0.000000 0.000000 0.000000 0.000000 0.000000 0.000000 0.000000 0.000000 0.000000 0.000000 0.000000 0.000000 0.000000 0.000000 0.000000 0.000000 0.000000 
0.000000 0.000000 0.000000 0.000000 0.000000 0.000000 0.000000 0.000000 0.000000 0.000000 0.000000 0.000000 0.000000 0.000000 0.000000 0.000000 0.000000 0.000001 0.000001 0.000002 0.000003 0.000004 0.000007 0.000010 0.000016 0.000024 0.000035 0.000051 0.000074 0.000104 0.000145 0.000198 0.000266 0.000352 0.000460 0.000590 0.000744 0.000925 0.001131 0.001362 0.001613 0.001879 0.002155 0.002433 0.002702 0.002952 0.003175 0.003359 0.003497 0.003583 0.003612 0.003583 0.003497 0.003359 0.003175 0.002952 0.002702 0.002433 0.002155 0.001879 0.001613 0.001362 0.001131 0.000925 0.000744 0.000590 0.000460 0.000352 0.000266 0.000198 0.000145 0.000104 0.000074 0.000051 0.000035 0.000024 0.000016 0.000010 0.000007 0.000004 0.000003 0.000002 0.000001 0.000001 0.000000 0.000000 0.000000 0.000000 0.000000 0.000000 0.000000 0.000000 0.000000 0.000000 0.000000 0.000000 0.000000 0.000000 0.000000 0.000000 
0.000000 0.000000 0.000000 0.000000 0.000000 0.000000 0.000000 0.000000 0.000000 0.000000 0.000000 0.000000 0.000000 0.000000 0.000000 0.000000 0.000001 0.000001 0.000002 0.000003 0.000005 0.000008 0.000012 0.000019 0.000028 0.000043 0.000063 0.000092 0.000132 0.000186 0.000258 0.000352 0.000474 0.000627 0.000818 0.001048 0.001323 0.001644 0.002010 0.002418 0.002863 0.003336 0.003825 0.004316 0.004792 0.005236 0.005629 0.005956 0.006201 0.006353 0.006404 0.006353 0.006201 0.005956 0.005629 0.005236 0.004792 0.004316 0.003825 0.003336 0.002863 0.002418 0.002010 0.001644 0.001323 0.001048 0.000818 0.000627 0.000474 0.000352 0.000258 0.000186 0.000132 0.000092 0.000063 0.000043 0.000028 0.000019 0.000012 0.000008 0.000005 0.000003 0.000002 0.000001 0.000001 0.000000 0.000000 0.000000 0.000000 0.000000 0.000000 0.000000 0.000000 0.000000 0.000000 0.000000 0.000000 0.000000 0.000000 0.000000 
0.000000 0.000000 0.000000 0.000000 0.000000 0.000000 0.000000 0.000000 0.000000 0.000000 0.000000 0.000000 0.000000 0.000000 0.000000 0.000001 0.000001 0.000002 0.000003 0.000005 0.000008 0.000014 0.000021 0.000033 0.000050 0.000075 0.000111 0.000162 0.000232 0.000326 0.000453 0.000619 0.000832 0.001100 0.001433 0.001837 0.002318 0.002879 0.003518 0.004231 0.005008 0.005834 0.006688 0.007545 0.008376 0.009150 0.009837 0.010407 0.010834 0.011098 0.011188 0.011098 0.010834 0.010407 0.009837 0.009150 0.008376 0.007545 0.006688 0.005834 0.005008 0.004231 0.003518 0.002879 0.002318 0.001837 0.001433 0.001100 0.000832 0.000619 0.000453 0.000326 0.000232 0.000162 0.000111 0.000075 0.000050 0.000033 0.000021 0.000014 0.000008 0.000005 0.000003 0.000002 0.000001 0.000001 0.000000 0.000000 0.000000 0.000000 0.000000 0.000000 0.000000 0.000000 0.000000 0.000000 0.000000 0.000000 0.000000 0.000000 
0.000000 0.000000 0.000000 0.000000 0.000000 0.000000 0.000000 0.000000 0.000000 0.000000 0.000000 0.000000 0.000000 0.000000 0.000001 0.000001 0.000002 0.000003 0.000006 0.000009 0.000015 0.000024 0.000037 0.000057 0.000087 0.000131 0.000193 0.000280 0.000401 0.000565 0.000784 0.001070 0.001438 0.001902 0.002476 0.003172 0.004001 0.004966 0.006067 0.007295 0.008633 0.010054 0.011523 0.012996 0.014425 0.015757 0.016938 0.017917 0.018651 0.019106 0.019260 0.019106 0.018651 0.017917 0.016938 0.015757 0.014425 0.012996 0.011523 0.010054 0.008633 0.007295 0.006067 0.004966 0.004001 0.003172 0.002476 0.001902 0.001438 0.001070 0.000784 0.000565 0.000401 0.000280 0.000193 0.000131 0.000087 0.000057 0.000037 0.000024 0.000015 0.000009 0.000006 0.000003 0.000002 0.000001 0.000001 0.000000 0.000000 0.000000 0.000000 0.000000 0.000000 0.000000 0.000000 0.000000 0.000000 0.000000 0.000000 0.000000 
0.000000 0.000000 0.000000 0.000000 0.000000 0.000000 0.000000 0.000000 0.000000 0.000000 0.000000 0.000000 0.000000 0.000001 0.000001 0.000002 0.000003 0.000006 0.000009 0.000016 0.000025 0.000040 0.000063 0.000098 0.000149 0.000223 0.000330 0.000479 0.000685 0.000964 0.001336 0.001823 0.002449 0.003237 0.004213 0.005396 0.006804 0.008442 0.010311 0.012394 0.014662 0.017071 0.019561 0.022058 0.024480 0.026736 0.028736 0.030395 0.031638 0.032408 0.032669 0.032408 0.031638 0.030395 0.028736 0.026736 0.024480 0.022058 0.019561 0.017071 0.014662 0.012394 0.010311 0.008442 0.006804 0.005396 0.004213 0.003237 0.002449 0.001823 0.001336 0.000964 0.000685 0.000479 0.000330 0.000223 0.000149 0.000098 0.000063 0.000040 0.000025 0.000016 0.000009 0.000006 0.000003 0.000002 0.000001 0.000001 0.000000 0.000000 0.000000 0.000000 0.000000 0.000000 0.000000 0.000000 0.000000 0.000000 0.000000 0.000000 
0.000000 0.000000 0.000000 0.000000 0.000000 0.000000 0.000000 0.000000 0.000000 0.000000 0.000000 0.000000 0.000001 0.000001 0.000002 0.000003 0.000006 0.000010 0.000016 0.000026 0.000043 0.000068 0.000107 0.000165 0.000251 0.000376 0.000555 0.000805 0.001151 0.001620 0.002244 0.003061 0.004109 0.005430 0.007064 0.009044 0.011398 0.014140 0.017263 0.020745 0.024536 0.028560 0.032718 0.036889 0.040932 0.044698 0.048036 0.050804 0.052879 0.054164 0.054600 0.054164 0.052879 0.050804 0.048036 0.044698 0.040932 0.036889 0.032718 0.028560 0.024536 0.020745 0.017263 0.014140 0.011398 0.009044 0.007064 0.005430 0.004109 0.003061 0.002244 0.001620 0.001151 0.000805 0.000555 0.000376 0.000251 0.000165 0.000107 0.000068 0.000043 0.000026 0.000016 0.000010 0.000006 0.000003 0.000002 0.000001 0.000001 0.000000 0.000000 0.000000 0.000000 0.000000 0.000000 0.000000 0.000000 0.000000 0.000000 0.000000 
0.000000 0.000000 0.000000 0.000000 0.000000 0.000000 0.000000 0.000000 0.000000 0.000000 0.000000 0.000001 0.000001 0.000002 0.000003 0.000006 0.000009 0.000016 0.000027 0.000044 0.000071 0.000113 0.000178 0.000274 0.000417 0.000624 0.000920 0.001335 0.001907 0.002682 0.003713 0.005062 0.006793 0.008973 0.011667 0.014933 0.018814 0.023331 0.028477 0.034210 0.040451 0.047074 0.053918 0.060779 0.067430 0.073624 0.079114 0.083666 0.087078 0.089191 0.089907 0.089191 0.087078 0.083666 0.079114 0.073624 0.067430 0.060779 0.053918 0.047074 0.040451 0.034210 0.028477 0.023331 0.018814 0.014933 0.011667 0.008973 0.006793 0.005062 0.003713 0.002682 0.001907 0.001335 0.000920 0.000624 0.000417 0.000274 0.000178 0.000113 0.000071 0.000044 0.000027 0.000016 0.000009 0.000006 0.000003 0.000002 0.000001 0.000001 0.000000 0.000000 0.000000 0.000000 0.000000 0.000000 0.000000 0.000000 0.000000 0.000000 
0.000000 0.000000 0.000000 0.000000 0.000000 0.000000 0.000000 0.000000 0.000000 0.000000 0.000000 0.000001 0.000002 0.000003 0.000005 0.000009 0.000016 0.000026 0.000044 0.000072 0.000117 0.000186 0.000291 0.000449 0.000682 0.001020 0.001502 0.002178 0.003111 0.004373 0.006052 0.008247 0.011062 0.014606 0.018985 0.024290 0.030592 0.037925 0.046276 0.055579 0.065701 0.076442 0.087537 0.098660 0.109439 0.119477 0.128372 0.135748 0.141274 0.144698 0.145857 0.144698 0.141274 0.135748 0.128372 0.119477 0.109439 0.098660 0.087537 0.076442 0.065701 0.055579 0.046276 0.037925 0.030592 0.024290 0.018985 0.014606 0.011062 0.008247 0.006052 0.004373 0.003111 0.002178 0.001502 0.001020 0.000682 0.000449 0.000291 0.000186 0.000117 0.000072 0.000044 0.000026 0.000016 0.000009 0.000005 0.000003 0.000002 0.000001 0.000000 0.000000 0.000000 0.000000 0.000000 0.000000 0.000000 0.000000 0.000000 0.000000 
0.000000 0.000000 0.000000 0.000000 0.000000 0.000000 0.000000 0.000000 0.000000 0.000000 0.000001 0.000001 0.000003 0.000005 0.000008 0.000015 0.000025 0.000043 0.000071 0.000117 0.000188 0.000299 0.000469 0.000723 0.001098 0.001641 0.002416 0.003503 0.004999 0.007024 0.009717 0.013235 0.017744 0.023421 0.030431 0.038922 0.049004 0.060731 0.074083 0.088953 0.105127 0.122288 0.140010 0.157773 0.174985 0.191011 0.205212 0.216984 0.225805 0.231269 0.233120 0.231269 0.225805 0.216984 0.205212 0.191011 0.174985 0.157773 0.140010 0.122288 0.105127 0.088953 0.074083 0.060731 0.049004 0.038922 0.030431 0.023421 0.017744 0.013235 0.009717 0.007024 0.004999 0.003503 0.002416 0.001641 0.001098 0.000723 0.000469 0.000299 0.000188 0.000117 0.000071 0.000043 0.000025 0.000015 0.000008 0.000005 0.000003 0.000001 0.000001 0.000000 0.000000 0.000000 0.000000 0.000000 0.000000 0.000000 0.000000 0.000000 
0.000000 0.000000 0.000000 0.000000 0.000000 0.000000 0.000000 0.000000 0.000000 0.000001 0.000001 0.000002 0.000004 0.000008 0.000014 0.000024 0.000040 0.000068 0.000113 0.000186 0.000299 0.000476 0.000745 0.001147 0.001741 0.002602 0.003829 0.005547 0.007913 0.011114 0.015368 0.020921 0.028039 0.036994 0.048050 0.061436 0.077325 0.095800 0.116831 0.140245 0.165709 0.192718 0.220605 0.248553 0.275628 0.300835 0.323168 0.341681 0.355551 0.364143 0.367053 0.364143 0.355551 0.341681 0.323168 0.300835 0.275628 0.248553 0.220605 0.192718 0.165709 0.140245 0.116831 0.095800 0.077325 0.061436 0.048050 0.036994 0.028039 0.020921 0.015368 0.011114 0.007913 0.005547 0.003829 0.002602 0.001741 0.001147 0.000745 0.000476 0.000299 0.000186 0.000113 0.000068 0.000040 0.000024 0.000014 0.000008 0.000004 0.000002 0.000001 0.000001 0.000000 0.000000 0.000000 0.000000 0.000000 0.000000 0.000000 0.000000 
0.000000 0.000000 0.000000 0.000000 0.000000 0.000000 0.000000 0.000000 0.000001 0.000001 0.000002 0.000004 0.000007 0.000012 0.000021 0.000037 0.000063 0.000107 0.000178 0.000291 0.000469 0.000745 0.001164 0.001794 0.002720 0.004063 0.005975 0.008652 0.012337 0.017319 0.023938 0.032575 0.043640 0.057557 0.074732 0.095520 0.120187 0.148861 0.181492 0.217811 0.257300 0.299179 0.342409 0.385725 0.427684 0.466742 0.501343 0.530023 0.551510 0.564819 0.569326 0.564819 0.551510 0.530023 0.501343 0.466742 0.427684 0.385725 0.342409 0.299179 0.257300 0.217811 0.181492 0.148861 0.120187 0.095520 0.074732 0.057557 0.043640 0.032575 0.023938 0.017319 0.012337 0.008652 0.005975 0.004063 0.002720 0.001794 0.001164 0.000745 0.000469 0.000291 0.000178 0.000107 0.000063 0.000037 0.000021 0.000012 0.000007 0.000004 0.000002 0.000001 0.000001 0.000000 0.000000 0.000000 0.000000 0.000000 0.000000 0.000000 
0.000000 0.000000 0.000000 0.000000 0.000000 0.000000 0.000000 0.000000 0.000001 0.000002 0.000003 0.000006 0.000010 0.000019 0.000033 0.000057 0.000098 0.000165 0.000274 0.000449 0.000723 0.001147 0.001794 0.002761 0.004185 0.006247 0.009183 0.013292 0.018943 0.026582 0.036725 0.049956 0.066901 0.088204 0.114485 0.146285 0.184006 0.227842 0.277716 0.333212 0.393538 0.457501 0.523517 0.589652 0.653707 0.713325 0.766135 0.809905 0.842694 0.863004 0.869882 0.863004 0.842694 0.809905 0.766135 0.713325 0.653707 0.589652 0.523517 0.457501 0.393538 0.333212 0.277716 0.227842 0.184006 0.146285 0.114485 0.088204 0.066901 0.049956 0.036725 0.026582 0.018943 0.013292 0.009183 0.006247 0.004185 0.002761 0.001794 0.001147 0.000723 0.000449 0.000274 0.000165 0.000098 0.000057 0.000033 0.000019 0.000010 0.000006 0.000003 0.000002 0.000001 0.000000 0.000000 0.000000 0.000000 0.000000 0.000000 0.000000 
0.000000 0.000000 0.000000 0.000000 0.000000 0.000000 0.000000 0.000001 0.000001 0.000003 0.000005 0.000009 0.000016 0.000028 0.000050 0.000087 0.000149 0.000251 0.000417 0.000682 0.001098 0.001741 0.002720 0.004185 0.006341 0.009461 0.013900 0.020110 0.028647 0.040182 0.055493 0.075455 0.101012 0.133132 0.172743 0.220657 0.277476 0.343489 0.418573 0.502102 0.592882 0.689115 0.788419 0.887887 0.984212 1.073855 1.153254 1.219054 1.268345 1.298874 1.309213 1.298874 1.268345 1.219054 1.153254 1.073855 0.984212 0.887887 0.788419 0.689115 0.592882 0.502102 0.418573 0.343489 0.277476 0.220657 0.172743 0.133132 0.101012 0.075455 0.055493 0.040182 0.028647 0.020110 0.013900 0.009461 0.006341 0.004185 0.002720 0.001741 0.001098 0.000682 0.000417 0.000251 0.000149 0.000087 0.000050 0.000028 0.000016 0.000009 0.000005 0.000003 0.000001 0.000001 0.000000 0.000000 0.000000 0.000000 0.000000 0.000000 
0.000000 0.000000 0.000000 0.000000 0.000000 0.000000 0.000001 0.000001 0.000002 0.000004 0.000007 0.000013 0.000024 0.000043 0.000075 0.000131 0.000223 0.000376 0.000624 0.001020 0.001641 0.002602 0.004063 0.006247 0.009461 0.014109 0.020720 0.029963 0.042665 0.059819 0.082581 0.112246 0.150212 0.197910 0.256713 0.327822 0.412122 0.510036 0.621378 0.745214 0.879772 1.022386 1.169525 1.316884 1.459569 1.592340 1.709927 1.807367 1.880357 1.925561 1.940870 1.925561 1.880357 1.807367 1.709927 1.592340 1.459569 1.316884 1.169525 1.022386 0.879772 0.745214 0.621378 0.510036 0.412122 0.327822 0.256713 0.197910 0.150212 0.112246 0.082581 0.059819 0.042665 0.029963 0.020720 0.014109 0.009461 0.006247 0.004063 0.002602 0.001641 0.001020 0.000624 0.000376 0.000223 0.000131 0.000075 0.000043 0.000024 0.000013 0.000007 0.000004 0.000002 0.000001 0.000001 0.000000 0.000000 0.000000 0.000000 0.000000 
0.000000 0.000000 0.000000 0.000000 0.000000 0.000000 0.000001 0.000002 0.000003 0.000006 0.000011 0.000019 0.000035 0.000063 0.000111 0.000193 0.000330 0.000555 0.000920 0.001502 0.002416 0.003829 0.005975 0.009183 0.013900 0.020720 0.030414 0.043963 0.062575 0.087701 0.121026 0.164443 0.219990 0.289752 0.375731 0.479671 0.602858 0.745904 0.908528 1.089362 1.285811 1.493984 1.708727 1.923760 2.131945 2.325644 2.497174 2.639306 2.745766 2.811697 2.834025 2.811697 2.745766 2.639306 2.497174 2.325644 2.131945 1.923760 1.708727 1.493984 1.285811 1.089362 0.908528 0.745904 0.602858 0.479671 0.375731 0.289752 0.219990 0.164443 0.121026 0.087701 0.062575 0.043963 0.030414 0.020720 0.013900 0.009183 0.005975 0.003829 0.002416 0.001502 0.000920 0.000555 0.000330 0.000193 0.000111 0.000063 0.000035 0.000019 0.000011 0.000006 0.000003 0.000002 0.000001 0.000000 0.000000 0.000000 0.000000 0.000000 
0.000000 0.000000 0.000000 0.000000 0.000000 0.000001 0.000001 0.000002 0.000004 0.000008 0.000015 0.000028 0.000051 0.000092 0.000162 0.000280 0.000479 0.000805 0.001335 0.002178 0.003503 0.005547 0.008652 0.013292 0.020110 0.029963 0.043963 0.063522 0.090379 0.126620 0.174672 0.237253 0.317290 0.417780 0.541592 0.691226 0.868522 1.074349 1.308292 1.568377 1.850866 2.150162 2.458852 2.767918 3.067103 3.345440 3.591901 3.796107 3.949054 4.043770 4.075846 4.043770 3.949054 3.796107 3.591901 3.345440 3.067103 2.767918 2.458852 2.150162 1.850866 1.568377 1.308292 1.074349 0.868522 0.691226 0.541592 0.417780 0.317290 0.237253 0.174672 0.126620 0.090379 0.063522 0.043963 0.029963 0.020110 0.013292 0.008652 0.005547 0.003503 0.002178 0.001335 0.000805 0.000479 0.000280 0.000162 0.000092 0.000051 0.000028 0.000015 0.000008 0.000004 0.000002 0.000001 0.000001 0.000000 0.000000 0.000000 0.000000 
0.000000 0.000000 0.000000 0.000000 0.000000 0.000001 0.000002 0.000003 0.000006 0.000012 0.000022 0.000041 0.000074 0.000132 0.000232 0.000401 0.000685 0.001151 0.001907 0.003111 0.004999 0.007913 0.012337 0.018943 0.028647 0.042665 0.062575 0.090379 0.128542 0.180022 0.248254 0.337087 0.450663 0.593219 0.768809 0.980964 1.232275 1.523960 1.855415 2.223834 2.623915 3.047727 3.484776 3.922297 4.345781 4.739716 5.088505 5.377476 5.593900 5.727922 5.773307 5.727922 5.593900 5.377476 5.088505 4.739716 4.345781 3.922297 3.484776 3.047727 2.623915 2.223834 1.855415 1.523960 1.232275 0.980964 0.768809 0.593219 0.450663 0.337087 0.248254 0.180022 0.128542 0.090379 0.062575 0.042665 0.028647 0.018943 0.012337 0.007913 0.004999 0.003111 0.001907 0.001151 0.000685 0.000401 0.000232 0.000132 0.000074 0.000041 0.000022 0.000012 0.000006 0.000003 0.000002 0.000001 0.000000 0.000000 0.000000 0.000000 
0.000000 0.000000 0.000000 0.000000 0.000001 0.000001 0.000002 0.000005 0.000009 0.000017 0.000031 0.000058 0.000104 0.000186 0.000326 0.000565 0.000964 0.001620 0.002682 0.004373 0.007024 0.011114 0.017319 0.026582 0.040182 0.059819 0.087701 0.126620 0.180022 0.252033 0.347443 0.471622 0.630340 0.829498 1.074741 1.370976 1.721801 2.128893 2.591396 3.105377 3.663430 4.254489 4.863921 5.473931 6.064302 6.613427 7.099583 7.502335 7.803960 7.990738 8.053987 7.990738 7.803960 7.502335 7.099583 6.613427 6.064302 5.473931 4.863921 4.254489 3.663430 3.105377 2.591396 2.128893 1.721801 1.370976 1.074741 0.829498 0.630340 0.471622 0.347443 0.252033 0.180022 0.126620 0.087701 0.059819 0.040182 0.026582 0.017319 0.011114 0.007024 0.004373 0.002682 0.001620 0.000964 0.000565 0.000326 0.000186 0.000104 0.000058 0.000031 0.000017 0.000009 0.000005 0.000002 0.000001 0.000001 0.000000 0.000000 0.000000 
0.000000 0.000000 0.000000 0.000000 0.000001 0.000002 0.000003 0.000006 0.000012 0.000023 0.000044 0.000080 0.000145 0.000258 0.000453 0.000784 0.001336 0.002244 0.003713 0.006052 0.009717 0.015368 0.023938 0.036725 0.055493 0.082581 0.121026 0.174672 0.248254 0.347443 0.478822 0.649763 0.868186 1.142185 1.479498 1.886847 2.369152 2.928690 3.564262 4.270445 5.037051 5.848872 6.685811 7.523442 8.334018 9.087893 9.755268 10.308116 10.722130 10.978495 11.065308 10.978495 10.722130 10.308116 9.755268 9.087893 8.334018 7.523442 6.685811 5.848872 5.037051 4.270445 3.564262 2.928690 2.369152 1.886847 1.479498 1.142185 0.868186 0.649763 0.478822 0.347443 0.248254 0.174672 0.121026 0.082581 0.055493 0.036725 0.023938 0.015368 0.009717 0.006052 0.003713 0.002244 0.001336 0.000784 0.000453 0.000258 0.000145 0.000080 0.000044 0.000023 0.000012 0.000006 0.000003 0.000002 0.000001 0.000000 0.000000 0.000000 
0.000000 0.000000 0.000000 0.000001 0.000001 0.000002 0.000005 0.000009 0.000017 0.000032 0.000060 0.000109 0.000198 0.000352 0.000619 0.001070 0.001823 0.003061 0.005062 0.008247 0.013235 0.020921 0.032575 0.049956 0.075455 0.112246 0.164443 0.237253 0.337087 0.471622 0.649763 0.881478 1.177476 1.548690 2.005569 2.557180 3.210148 3.967525 4.827654 5.783174 6.820283 7.918401 9.050346 10.183093 11.279140 12.298427 13.200694 13.948080 14.507755 14.854306 14.971657 14.854306 14.507755 13.948080 13.200694 12.298427 11.279140 10.183093 9.050346 7.918401 6.820283 5.783174 4.827654 3.967525 3.210148 2.557180 2.005569 1.548690 1.177476 0.881478 0.649763 0.471622 0.337087 0.237253 0.164443 0.112246 0.075455 0.049956 0.032575 0.020921 0.013235 0.008247 0.005062 0.003061 0.001823 0.001070 0.000619 0.000352 0.000198 0.000109 0.000060 0.000032 0.000017 0.000009 0.000005 0.000002 0.000001 0.000001 0.000000 0.000000 
0.000000 0.000000 0.000000 0.000001 0.000002 0.000003 0.000006 0.000012 0.000023 0.000043 0.000080 0.000147 0.000266 0.000474 0.000832 0.001438 0.002449 0.004109 0.006793 0.011062 0.017744 0.028039 0.043640 0.066901 0.101012 0.150212 0.219990 0.317290 0.450663 0.630340 0.868186 1.177476 1.572465 2.067701 2.677080 3.412647 4.283191 5.292738 6.439041 7.712259 9.093982 10.556782 12.064454 13.573025 15.032577 16.389799 17.591119 18.586169 19.331273 19.792629 19.948853 19.792629 19.331273 18.586169 17.591119 16.389799 15.032577 13.573025 12.064454 10.556782 9.093982 7.712259 6.439041 5.292738 4.283191 3.412647 2.677080 2.067701 1.572465 1.177476 0.868186 0.630340 0.450663 0.317290 0.219990 0.150212 0.101012 0.066901 0.043640 0.028039 0.017744 0.011062 0.006793 0.004109 0.002449 0.001438 0.000832 0.000474 0.000266 0.000147 0.000080 0.000043 0.000023 0.000012 0.000006 0.000003 0.000002 0.000001 0.000000 0.000000 
0.000000 0.000000 0.000000 0.000001 0.000002 0.000004 0.000008 0.000016 0.000030 0.000057 0.000106 0.000195 0.000352 0.000627 0.001100 0.001902 0.003237 0.005430 0.008973 0.014606 0.023421 0.036994 0.057557 0.088204 0.133132 0.197910 0.289752 0.417780 0.593219 0.829498 1.142185 1.548690 2.067701 2.718283 3.518633 4.484513 5.627408 6.952547 8.456937 10.127624 11.940425 13.859345 15.836892 17.815411 19.729463 21.509178 23.084356 24.389002 25.365896 25.970757 26.175573 25.970757 25.365896 24.389002 23.084356 21.509178 19.729463 17.815411 15.836892 13.859345 11.940425 10.127624 8.456937 6.952547 5.627408 4.484513 3.518633 2.718283 2.067701 1.548690 1.142185 0.829498 0.593219 0.417780 0.289752 0.197910 0.133132 0.088204 0.057557 0.036994 0.023421 0.014606 0.008973 0.005430 0.003237 0.001902 0.001100 0.000627 0.000352 0.000195 0.000106 0.000057 0.000030 0.000016 0.000008 0.000004 0.000002 0.000001 0.000000 0.000000 
0.000000 0.000000 0.000001 0.000001 0.000003 0.000005 0.000011 0.000021 0.000040 0.000075 0.000139 0.000254 0.000460 0.000818 0.001433 0.002476 0.004213 0.007064 0.011667 0.018985 0.030431 0.048050 0.074732 0.114485 0.172743 0.256713 0.375731 0.541592 0.768809 1.074741 1.479498 2.005569 2.677080 3.518633 4.553700 5.802591 7.280090 8.992891 10.937066 13.095832 15.437907 17.916776 20.471094 23.026411 25.498252 27.796436 29.830370 31.514897 32.776193 33.557126 33.821559 33.557126 32.776193 31.514897 29.830370 27.796436 25.498252 23.026411 20.471094 17.916776 15.437907 13.095832 10.937066 8.992891 7.280090 5.802591 4.553700 3.518633 2.677080 2.005569 1.479498 1.074741 0.768809 0.541592 0.375731 0.256713 0.172743 0.114485 0.074732 0.048050 0.030431 0.018985 0.011667 0.007064 0.004213 0.002476 0.001433 0.000818 0.000460 0.000254 0.000139 0.000075 0.000040 0.000021 0.000011 0.000005 0.000003 0.000001 0.000001 0.000000 
0.000000 0.000000 0.000001 0.000002 0.000003 0.000007 0.000014 0.000027 0.000051 0.000096 0.000178 0.000327 0.000590 0.001048 0.001837 0.003172 0.005396 0.009044 0.014933 0.024290 0.038922 0.061436 0.095520 0.146285 0.220657 0.327822 0.479671 0.691226 0.980964 1.370976 1.886847 2.557180 3.412647 4.484513 5.802591 7.392662 9.273465 11.453441 13.927525 16.674302 19.653936 22.807232 26.056162 29.306058 32.449530 35.371955 37.958200 40.100058 41.703725 42.696615 43.032815 42.696615 41.703725 40.100058 37.958200 35.371955 32.449530 29.306058 26.056162 22.807232 19.653936 16.674302 13.927525 11.453441 9.273465 7.392662 5.802591 4.484513 3.412647 2.557180 1.886847 1.370976 0.980964 0.691226 0.479671 0.327822 0.220657 0.146285 0.095520 0.061436 0.038922 0.024290 0.014933 0.009044 0.005396 0.003172 0.001837 0.001048 0.000590 0.000327 0.000178 0.000096 0.000051 0.000027 0.000014 0.000007 0.000003 0.000002 0.000001 0.000000 
0.000000 0.000000 0.000001 0.000002 0.000004 0.000009 0.000017 0.000034 0.000064 0.000121 0.000225 0.000413 0.000744 0.001323 0.002318 0.004001 0.006804 0.011398 0.018814 0.030592 0.049004 0.077325 0.120187 0.184006 0.277476 0.412122 0.602858 0.868522 1.232275 1.721801 2.369152 3.210148 4.283191 5.627408 7.280090 9.273465 11.630924 14.362960 17.463142 20.904574 24.637303 28.587153 32.656393 36.726486 40.662993 44.322446 47.560758 50.242523 52.250366 53.493468 53.914388 53.493468 52.250366 50.242523 47.560758 44.322446 40.662993 36.726486 32.656393 28.587153 24.637303 20.904574 17.463142 14.362960 11.630924 9.273465 7.280090 5.627408 4.283191 3.210148 2.369152 1.721801 1.232275 0.868522 0.602858 0.412122 0.277476 0.184006 0.120187 0.077325 0.049004 0.030592 0.018814 0.011398 0.006804 0.004001 0.002318 0.001323 0.000744 0.000413 0.000225 0.000121 0.000064 0.000034 0.000017 0.000009 0.000004 0.000002 0.000001 0.000000 
0.000000 0.000000 0.000001 0.000003 0.000005 0.000011 0.000022 0.000042 0.000080 0.000151 0.000280 0.000513 0.000925 0.001644 0.002879 0.004966 0.008442 0.014140 0.023331 0.037925 0.060731 0.095800 0.148861 0.227842 0.343489 0.510036 0.745904 1.074349 1.523960 2.128893 2.928690 3.967525 5.292738 6.952547 8.992891 11.453441 14.362960 17.734291 21.559408 25.805051 30.409546 35.281372 40.299995 45.319259 50.173437 54.685697 58.678469 61.984893 64.460345 65.992923 66.511855 65.992923 64.460345 61.984893 58.678469 54.685697 50.173437 45.319259 40.299995 35.281372 30.409546 25.805051 21.559408 17.734291 14.362960 11.453441 8.992891 6.952547 5.292738 3.967525 2.928690 2.128893 1.523960 1.074349 0.745904 0.510036 0.343489 0.227842 0.148861 0.095800 0.060731 0.037925 0.023331 0.014140 0.008442 0.004966 0.002879 0.001644 0.000925 0.000513 0.000280 0.000151 0.000080 0.000042 0.000022 0.000011 0.000005 0.000003 0.000001 0.000000 
0.000000 0.000001 0.000002 0.000003 0.000007 0.000013 0.000026 0.000051 0.000098 0.000185 0.000343 0.000628 0.001131 0.002010 0.003518 0.006067 0.010311 0.017263 0.028477 0.046276 0.074083 0.116831 0.181492 0.277716 0.418573 0.621378 0.908528 1.308292 1.855415 2.591396 3.564262 4.827654 6.439041 8.456937 10.937066 13.927525 17.463142 21.559408 26.206466 31.363828 36.956519 42.873357 48.967959 55.062879 60.956942 66.435529 71.283147 75.297318 78.302560 80.163102 80.793077 80.163102 78.302560 75.297318 71.283147 66.435529 60.956942 55.062879 48.967959 42.873357 36.956519 31.363828 26.206466 21.559408 17.463142 13.927525 10.937066 8.456937 6.439041 4.827654 3.564262 2.591396 1.855415 1.308292 0.908528 0.621378 0.418573 0.277716 0.181492 0.116831 0.074083 0.046276 0.028477 0.017263 0.010311 0.006067 0.003518 0.002010 0.001131 0.000628 0.000343 0.000185 0.000098 0.000051 0.000026 0.000013 0.000007 0.000003 0.000001 0.000000 
0.000000 0.000001 0.000002 0.000004 0.000008 0.000016 0.000032 0.000062 0.000118 0.000223 0.000413 0.000756 0.001362 0.002418 0.004231 0.007295 0.012394 0.020745 0.034210 0.055579 0.088953 0.140245 0.217811 0.333212 0.502102 0.745214 1.089362 1.568377 2.223834 3.105377 4.270445 5.783174 7.712259 10.127624 13.095832 16.674302 20.904574 25.805051 31.363828 37.532383 44.220980 51.296625 58.584278 65.871802 72.918738 79.468587 85.263837 90.062548 93.655047 95.879121 96.632179 95.879121 93.655047 90.062548 85.263837 79.468587 72.918738 65.871802 58.584278 51.296625 44.220980 37.532383 31.363828 25.805051 20.904574 16.674302 13.095832 10.127624 7.712259 5.783174 4.270445 3.105377 2.223834 1.568377 1.089362 0.745214 0.502102 0.333212 0.217811 0.140245 0.088953 0.055579 0.034210 0.020745 0.012394 0.007295 0.004231 0.002418 0.001362 0.000756 0.000413 0.000223 0.000118 0.000062 0.000032 0.000016 0.000008 0.000004 0.000002 0.000000 
0.000000 0.000001 0.000002 0.000005 0.000010 0.000019 0.000038 0.000073 0.000140 0.000264 0.000490 0.000895 0.001613 0.002863 0.005008 0.008633 0.014662 0.024536 0.040451 0.065701 0.105127 0.165709 0.257300 0.393538 0.592882 0.879772 1.285811 1.850866 2.623915 3.663430 5.037051 6.820283 9.093982 11.940425 15.437907 19.653936 24.637303 30.409546 36.956519 44.220980 52.097186 60.428498 69.008828 77.588459 85.884382 93.594747 100.416539 106.065090 110.293711 112.911558 113.797939 112.911558 110.293711 106.065090 100.416539 93.594747 85.884382 77.588459 69.008828 60.428498 52.097186 44.220980 36.956519 30.409546 24.637303 19.653936 15.437907 11.940425 9.093982 6.820283 5.037051 3.663430 2.623915 1.850866 1.285811 0.879772 0.592882 0.393538 0.257300 0.165709 0.105127 0.065701 0.040451 0.024536 0.014662 0.008633 0.005008 0.002863 0.001613 0.000895 0.000490 0.000264 0.000140 0.000073 0.000038 0.000019 0.000010 0.000005 0.000002 0.000000 
0.000000 0.000001 0.000003 0.000006 0.000011 0.000023 0.000044 0.000086 0.000164 0.000308 0.000571 0.001043 0.001879 0.003336 0.005834 0.010054 0.017071 0.028560 0.047074 0.076442 0.122288 0.192718 0.299179 0.457501 0.689115 1.022386 1.493984 2.150162 3.047727 4.254489 5.848872 7.918401 10.556782 13.859345 17.916776 22.807232 28.587153 35.281372 42.873357 51.296625 60.428498 70.087338 80.034229 89.979737 99.595884 108.532900 116.439694 122.986454 127.887387 130.921404 131.948689 130.921404 127.887387 122.986454 116.439694 108.532900 99.595884 89.979737 80.034229 70.087338 60.428498 51.296625 42.873357 35.281372 28.587153 22.807232 17.916776 13.859345 10.556782 7.918401 5.848872 4.254489 3.047727 2.150162 1.493984 1.022386 0.689115 0.457501 0.299179 0.192718 0.122288 0.076442 0.047074 0.028560 0.017071 0.010054 0.005834 0.003336 0.001879 0.001043 0.000571 0.000308 0.000164 0.000086 0.000044 0.000022 0.000011 0.000005 0.000002 0.000000 
0.000000 0.000001 0.000003 0.000006 0.000013 0.000026 0.000051 0.000098 0.000188 0.000353 0.000655 0.001197 0.002155 0.003825 0.006688 0.011523 0.019561 0.032718 0.053918 0.087537 0.140010 0.220605 0.342409 0.523517 0.788419 1.169525 1.708727 2.458852 3.484776 4.863921 6.685811 9.050346 12.064454 15.836892 20.471094 26.056162 32.656393 40.299995 48.967959 58.584278 69.008828 80.034229 91.387776 102.739159 113.714128 123.913604 132.937035 140.408169 146.000983 149.463278 150.635566 149.463278 146.000983 140.408169 132.937035 123.913604 113.714128 102.739159 91.387776 80.034229 69.008828 58.584278 48.967959 40.299995 32.656393 26.056162 20.471094 15.836892 12.064454 9.050346 6.685811 4.863921 3.484776 2.458852 1.708727 1.169525 0.788419 0.523517 0.342409 0.220605 0.140010 0.087537 0.053918 0.032718 0.019561 0.011523 0.006688 0.003825 0.002155 0.001197 0.000655 0.000353 0.000188 0.000098 0.000051 0.000026 0.000013 0.000006 0.000002 0.000000 
