0.000000 0.000000 0.000000 0.000000 0.000000 0.000000 0.000000 0.000000 0.000000 0.000000 0.000000 0.000000 0.000000 0.000000 0.000000 0.000000 0.000000 0.000000 0.000000 0.000000 0.000000 0.000000 0.000000 0.000000 0.000000 0.000000 0.000000 0.000000 0.000000 0.000000 0.000000 0.000000 0.000000 0.000000 0.000000 0.000000 0.000000 0.000000 0.000000 0.000000 0.000000 0.000000 0.000000 0.000000 0.000000 0.000000 0.000000 0.000000 0.000000 0.000000 0.000000 0.000000 0.000000 0.000000 0.000000 0.000000 0.000000 0.000000 0.000000 0.000000 0.000000 0.000000 0.000000 0.000000 0.000000 0.000000 0.000000 0.000000 0.000000 0.000000 0.000000 0.000000 0.000000 0.000000 0.000000 0.000000 0.000000 0.000000 0.000000 0.000000 0.000000 0.000000 0.000000 0.000000 0.000000 0.000000 0.000000 0.000000 0.000000 0.000000 0.000000 0.000000 0.000000 0.000000 0.000000 0.000000 0.000000 0.000000 0.000000 0.000000 
0.000000 0.000000 0.000000 0.000000 0.000000 0.000000 0.000000 0.000000 0.000000 0.000000 0.000001 0.000001 0.000001 0.000002 0.000002 0.000003 0.000005 0.000007 0.000009 0.000012 0.000016 0.000022 0.000029 0.000037 0.000048 0.000061 0.000077 0.000097 0.000120 0.000147 0.000179 0.000216 0.000258 0.000305 0.000357 0.000414 0.000476 0.000542 0.000610 0.000682 0.000754 0.000826 0.000896 0.000963 0.001025 0.001080 0.001128 0.001166 0.001195 0.001212 0.001218 0.001212 0.001195 0.001166 0.001128 0.001080 0.001025 0.000963 0.000896 0.000826 0.000754 0.000682 0.000610 0.000542 0.000476 0.000414 0.000357 0.000305 0.000258 0.000216 0.000179 0.000147 0.000120 0.000097 0.000077 0.000061 0.000048 0.000037 0.000029 0.000022 0.000016 0.000012 0.000009 0.000007 0.000005 0.000003 0.000002 0.000002 0.000001 0.000001 0.000001 0.000000 0.000000 0.000000 0.000000 0.000000 0.000000 0.000000 0.000000 0.000000 
0.000000 0.000000 0.000000 0.000000 0.000000 0.000000 0.000000 0.000000 0.000001 0.000001 0.000001 0.000002 0.000003 0.000004 0.000005 0.000008 0.000011 0.000015 0.000020 0.000027 0.000036 0.000048 0.000063 0.000081 0.000105 0.000134 0.000169 0.000212 0.000263 0.000322 0.000392 0.000473 0.000564 0.000667 0.000782 0.000907 0.001042 0.001186 0.001337 0.001492 0.001650 0.001808 0.001961 0.002108 0.002243 0.002365 0.002469 0.002553 0.002615 0.002653 0.002666 0.002653 0.002615 0.002553 0.002469 0.002365 0.002243 0.002108 0.001961 0.001808 0.001650 0.001492 0.001337 0.001186 0.001042 0.000907 0.000782 0.000667 0.000564 0.000473 0.000392 0.000322 0.000263 0.000212 0.000169 0.000134 0.000105 0.000081 0.000063 0.000048 0.000036 0.000027 0.000020 0.000015 0.000011 0.000008 0.000005 0.000004 0.000003 0.000002 0.000001 0.000001 0.000001 0.000000 0.000000 0.000000 0.000000 0.000000 0.000000 0.000000 
0.000000 0.000000 0.000000 0.000000 0.000000 0.000000 0.000000 0.000001 0.000001 0.000002 0.000002 0.000003 0.000005 0.000007 0.000009 0.000013 0.000018 0.000025 0.000035 0.000047 0.000062 0.000083 0.000108 0.000141 0.000182 0.000232 0.000293 0.000366 0.000454 0.000558 0.000679 0.000818 0.000977 0.001155 0.001352 0.001568 0.001802 0.002051 0.002312 0.002581 0.002854 0.003126 0.003391 0.003644 0.003878 0.004088 0.004268 0.004414 0.004521 0.004587 0.004609 0.004587 0.004521 0.004414 0.004268 0.004088 0.003878 0.003644 0.003391 0.003126 0.002854 0.002581 0.002312 0.002051 0.001802 0.001568 0.001352 0.001155 0.000977 0.000818 0.000679 0.000558 0.000454 0.000366 0.000293 0.000232 0.000182 0.000141 0.000108 0.000083 0.000062 0.000047 0.000035 0.000025 0.000018 0.000013 0.000009 0.000007 0.000005 0.000003 0.000002 0.000002 0.000001 0.000001 0.000000 0.000000 0.000000 0.000000 0.000000 0.000000 
0.000000 0.000000 0.000000 0.000000 0.000000 0.000000 0.000001 0.000001 0.000002 0.000002 0.000004 0.000005 0.000008 0.000011 0.000015 0.000021 0.000030 0.000041 0.000055 0.000075 0.000100 0.000133 0.000174 0.000226 0.000292 0.000372 0.000470 0.000588 0.000729 0.000895 0.001089 0.001312 0.001566 0.001851 0.002168 0.002514 0.002888 0.003287 0.003705 0.004136 0.004573 0.005009 0.005433 0.005838 0.006213 0.006549 0.006838 0.007071 0.007242 0.007347 0.007382 0.007347 0.007242 0.007071 0.006838 0.006549 0.006213 0.005838 0.005433 0.005009 0.004573 0.004136 0.003705 0.003287 0.002888 0.002514 0.002168 0.001851 0.001566 0.001312 0.001089 0.000895 0.000729 0.000588 0.000470 0.000372 0.000292 0.000226 0.000174 0.000133 0.000100 0.000075 0.000055 0.000041 0.000030 0.000021 0.000015 0.000011 0.000008 0.000005 0.000004 0.000002 0.000002 0.000001 0.000001 0.000000 0.000000 0.000000 0.000000 0.000000 
0.000000 0.000000 0.000000 0.000000 0.000000 0.000001 0.000001 0.000002 0.000003 0.000004 0.000006 0.000008 0.000012 0.000017 0.000024 0.000033 0.000046 0.000063 0.000086 0.000116 0.000156 0.000206 0.000271 0.000352 0.000453 0.000577 0.000729 0.000913 0.001131 0.001389 0.001690 0.002036 0.002429 0.002872 0.003362 0.003899 0.004479 0.005096 0.005744 0.006412 0.007089 0.007764 0.008422 0.009049 0.009629 0.010150 0.010597 0.010958 0.011223 0.011386 0.011440 0.011386 0.011223 0.010958 0.010597 0.010150 0.009629 0.009049 0.008422 0.007764 0.007089 0.006412 0.005744 0.005096 0.004479 0.003899 0.003362 0.002872 0.002429 0.002036 0.001690 0.001389 0.001131 0.000913 0.000729 0.000577 0.000453 0.000352 0.000271 0.000206 0.000156 0.000116 0.000086 0.000063 0.000046 0.000033 0.000024 0.000017 0.000012 0.000008 0.000006 0.000004 0.000003 0.000002 0.000001 0.000001 0.000000 0.000000 0.000000 0.000000 
0.000000 0.000000 0.000000 0.000000 0.000001 0.000001 0.000002 0.000003 0.000004 0.000006 0.000009 0.000012 0.000018 0.000026 0.000036 0.000051 0.000070 0.000097 0.000132 0.000178 0.000238 0.000315 0.000413 0.000536 0.000691 0.000880 0.001112 0.001392 0.001725 0.002117 0.002575 0.003102 0.003701 0.004374 0.005121 0.005938 0.006820 0.007759 0.008744 0.009760 0.010791 0.011817 0.012818 0.013771 0.014655 0.015446 0.016126 0.016675 0.017078 0.017325 0.017408 0.017325 0.017078 0.016675 0.016126 0.015446 0.014655 0.013771 0.012818 0.011817 0.010791 0.009760 0.008744 0.007759 0.006820 0.005938 0.005121 0.004374 0.003701 0.003102 0.002575 0.002117 0.001725 0.001392 0.001112 0.000880 0.000691 0.000536 0.000413 0.000315 0.000238 0.000178 0.000132 0.000097 0.000070 0.000051 0.000036 0.000026 0.000018 0.000012 0.000009 0.000006 0.000004 0.000003 0.000002 0.000001 0.000001 0.000000 0.000000 0.000000 
0.000000 0.000000 0.000000 0.000001 0.000001 0.000002 0.000003 0.000004 0.000006 0.000009 0.000013 0.000019 0.000027 0.000039 0.000055 0.000077 0.000106 0.000146 0.000199 0.000268 0.000358 0.000474 0.000622 0.000808 0.001040 0.001326 0.001674 0.002095 0.002596 0.003186 0.003874 0.004666 0.005567 0.006578 0.007700 0.008929 0.010254 0.011665 0.013145 0.014671 0.016219 0.017760 0.019263 0.020695 0.022021 0.023210 0.024230 0.025054 0.025660 0.026031 0.026156 0.026031 0.025660 0.025054 0.024230 0.023210 0.022021 0.020695 0.019263 0.017760 0.016219 0.014671 0.013145 0.011665 0.010254 0.008929 0.007700 0.006578 0.005567 0.004666 0.003874 0.003186 0.002596 0.002095 0.001674 0.001326 0.001040 0.000808 0.000622 0.000474 0.000358 0.000268 0.000199 0.000146 0.000106 0.000076 0.000055 0.000039 0.000027 0.000019 0.000013 0.000009 0.000006 0.000004 0.000003 0.000002 0.000001 0.000001 0.000000 0.000000 
0.000000 0.000000 0.000001 0.000001 0.000002 0.000003 0.000004 0.000006 0.000009 0.000013 0.000019 0.000028 0.000040 0.000058 0.000082 0.000114 0.000158 0.000218 0.000296 0.000400 0.000534 0.000707 0.000927 0.001204 0.001550 0.001975 0.002494 0.003120 0.003865 0.004744 0.005768 0.006946 0.008285 0.009790 0.011459 0.013285 0.015256 0.017354 0.019553 0.021821 0.024122 0.026413 0.028646 0.030773 0.032744 0.034510 0.036026 0.037251 0.038152 0.038702 0.038888 0.038702 0.038152 0.037251 0.036026 0.034510 0.032744 0.030773 0.028646 0.026413 0.024122 0.021821 0.019553 0.017354 0.015256 0.013285 0.011459 0.009790 0.008285 0.006946 0.005768 0.004744 0.003865 0.003120 0.002494 0.001975 0.001550 0.001204 0.000927 0.000707 0.000534 0.000400 0.000296 0.000218 0.000158 0.000114 0.000082 0.000058 0.000040 0.000028 0.000019 0.000013 0.000009 0.000006 0.000004 0.000003 0.000002 0.000001 0.000000 0.000000 
0.000000 0.000000 0.000001 0.000002 0.000002 0.000004 0.000006 0.000009 0.000013 0.000020 0.000029 0.000042 0.000060 0.000085 0.000121 0.000169 0.000234 0.000322 0.000438 0.000591 0.000789 0.001044 0.001369 0.001778 0.002287 0.002915 0.003680 0.004602 0.005701 0.006996 0.008504 0.010240 0.012213 0.014430 0.016887 0.019576 0.022478 0.025567 0.028804 0.032144 0.035531 0.038902 0.042189 0.045319 0.048220 0.050819 0.053049 0.054851 0.056176 0.056987 0.057259 0.056987 0.056176 0.054851 0.053049 0.050819 0.048220 0.045319 0.042189 0.038902 0.035531 0.032144 0.028804 0.025567 0.022478 0.019576 0.016887 0.014430 0.012213 0.010240 0.008504 0.006996 0.005701 0.004602 0.003680 0.002915 0.002287 0.001778 0.001369 0.001044 0.000789 0.000591 0.000438 0.000322 0.000234 0.000169 0.000121 0.000085 0.000060 0.000042 0.000029 0.000019 0.000013 0.000009 0.000006 0.000004 0.000002 0.000001 0.000001 0.000000 
0.000000 0.000001 0.000001 0.000002 0.000004 0.000006 0.000009 0.000013 0.000019 0.000029 0.000042 0.000061 0.000088 0.000125 0.000177 0.000247 0.000343 0.000471 0.000641 0.000864 0.001154 0.001527 0.002002 0.002600 0.003344 0.004261 0.005378 0.006725 0.008329 0.010220 0.012421 0.014955 0.017835 0.021069 0.024654 0.028577 0.032811 0.037316 0.042037 0.046907 0.051846 0.056762 0.061554 0.066118 0.070347 0.074136 0.077387 0.080015 0.081946 0.083127 0.083525 0.083127 0.081946 0.080015 0.077387 0.074136 0.070347 0.066118 0.061554 0.056762 0.051846 0.046907 0.042037 0.037316 0.032811 0.028577 0.024654 0.021069 0.017835 0.014955 0.012421 0.010220 0.008329 0.006725 0.005378 0.004261 0.003344 0.002600 0.002002 0.001527 0.001154 0.000864 0.000641 0.000471 0.000343 0.000247 0.000177 0.000125 0.000088 0.000061 0.000042 0.000029 0.000019 0.000013 0.000009 0.000006 0.000003 0.000002 0.000001 0.000000 
0.000000 0.000001 0.000002 0.000003 0.000005 0.000008 0.000012 0.000019 0.000028 0.000042 0.000061 0.000089 0.000127 0.000182 0.000256 0.000359 0.000498 0.000683 0.000930 0.001253 0.001673 0.002214 0.002901 0.003766 0.004843 0.006170 0.007787 0.009736 0.012057 0.014792 0.017976 0.021639 0.025804 0.030479 0.035662 0.041332 0.047452 0.053962 0.060784 0.067821 0.074957 0.082059 0.088982 0.095575 0.101684 0.107157 0.111853 0.115648 0.118438 0.120143 0.120717 0.120143 0.118438 0.115648 0.111853 0.107157 0.101684 0.095575 0.088982 0.082059 0.074957 0.067821 0.060784 0.053962 0.047452 0.041332 0.035662 0.030479 0.025804 0.021639 0.017976 0.014792 0.012057 0.009736 0.007787 0.006170 0.004843 0.003766 0.002901 0.002214 0.001673 0.001253 0.000930 0.000683 0.000498 0.000359 0.000256 0.000182 0.000127 0.000089 0.000061 0.000042 0.000028 0.000019 0.000012 0.000008 0.000005 0.000003 0.000001 0.000000 
0.000000 0.000001 0.000003 0.000005 0.000008 0.000012 0.000018 0.000027 0.000040 0.000060 0.000088 0.000127 0.000183 0.000261 0.000369 0.000516 0.000715 0.000982 0.001336 0.001800 0.002403 0.003178 0.004165 0.005406 0.006951 0.008854 0.011172 0.013966 0.017293 0.021212 0.025775 0.031024 0.036990 0.043688 0.051112 0.059233 0.067996 0.077317 0.087086 0.097161 0.107377 0.117543 0.127453 0.136890 0.145633 0.153466 0.160188 0.165619 0.169611 0.172052 0.172874 0.172052 0.169611 0.165619 0.160188 0.153466 0.145633 0.136890 0.127453 0.117543 0.107377 0.097161 0.087086 0.077317 0.067996 0.059233 0.051112 0.043688 0.036990 0.031024 0.025775 0.021212 0.017293 0.013966 0.011172 0.008854 0.006951 0.005406 0.004165 0.003178 0.002403 0.001800 0.001336 0.000982 0.000715 0.000516 0.000369 0.000261 0.000183 0.000127 0.000088 0.000060 0.000040 0.000027 0.000018 0.000012 0.000007 0.000004 0.000002 0.000000 
0.000000 0.000002 0.000004 0.000007 0.000011 0.000017 0.000026 0.000039 0.000058 0.000085 0.000125 0.000182 0.000261 0.000372 0.000525 0.000735 0.001018 0.001398 0.001901 0.002562 0.003419 0.004522 0.005924 0.007687 0.009883 0.012587 0.015881 0.019849 0.024575 0.030140 0.036618 0.044070 0.052540 0.062046 0.072582 0.084107 0.096541 0.109767 0.123626 0.137919 0.152410 0.166830 0.180886 0.194270 0.206670 0.217778 0.227311 0.235012 0.240673 0.244135 0.245300 0.244135 0.240673 0.235012 0.227311 0.217778 0.206670 0.194270 0.180886 0.166830 0.152410 0.137919 0.123626 0.109767 0.096541 0.084107 0.072582 0.062046 0.052540 0.044070 0.036618 0.030140 0.024575 0.019849 0.015881 0.012587 0.009883 0.007687 0.005924 0.004522 0.003419 0.002562 0.001901 0.001398 0.001018 0.000735 0.000525 0.000372 0.000261 0.000182 0.000125 0.000085 0.000058 0.000039 0.000025 0.000016 0.000010 0.000006 0.000003 0.000000 
0.000000 0.000002 0.000005 0.000009 0.000015 0.000024 0.000036 0.000055 0.000082 0.000121 0.000177 0.000256 0.000369 0.000525 0.000742 0.001037 0.001437 0.001972 0.002681 0.003612 0.004821 0.006373 0.008348 0.010832 0.013924 0.017731 0.022367 0.027951 0.034602 0.042432 0.051546 0.062029 0.073941 0.087311 0.102127 0.118331 0.135813 0.154407 0.173890 0.193980 0.214347 0.234614 0.254369 0.273178 0.290602 0.306212 0.319606 0.330429 0.338383 0.343247 0.344884 0.343247 0.338383 0.330429 0.319606 0.306212 0.290602 0.273178 0.254369 0.234614 0.214347 0.193980 0.173890 0.154407 0.135813 0.118331 0.102127 0.087311 0.073941 0.062029 0.051546 0.042432 0.034602 0.027951 0.022367 0.017731 0.013924 0.010832 0.008348 0.006373 0.004821 0.003612 0.002681 0.001972 0.001437 0.001037 0.000742 0.000525 0.000369 0.000256 0.000177 0.000121 0.000081 0.000054 0.000036 0.000023 0.000015 0.000008 0.000004 0.000000 
0.000000 0.000003 0.000008 0.000013 0.000021 0.000033 0.000051 0.000077 0.000114 0.000169 0.000247 0.000359 0.000516 0.000735 0.001037 0.001450 0.002008 0.002756 0.003746 0.005046 0.006733 0.008901 0.011656 0.015122 0.019436 0.024746 0.031212 0.038999 0.048271 0.059188 0.071892 0.086503 0.103104 0.121735 0.142379 0.164954 0.189309 0.215209 0.242346 0.270327 0.298692 0.326915 0.354424 0.380615 0.404877 0.426612 0.445261 0.460328 0.471402 0.478174 0.480453 0.478174 0.471402 0.460328 0.445261 0.426612 0.404877 0.380615 0.354424 0.326915 0.298692 0.270327 0.242346 0.215209 0.189309 0.164954 0.142379 0.121735 0.103104 0.086503 0.071892 0.059188 0.048271 0.038999 0.031212 0.024746 0.019436 0.015122 0.011656 0.008901 0.006733 0.005046 0.003746 0.002756 0.002008 0.001450 0.001037 0.000735 0.000516 0.000359 0.000247 0.000169 0.000114 0.000076 0.000050 0.000033 0.000020 0.000012 0.000005 0.000000 
0.000000 0.000005 0.000011 0.000018 0.000030 0.000046 0.000070 0.000106 0.000158 0.000234 0.000343 0.000498 0.000715 0.001018 0.001437 0.002008 0.002781 0.003815 0.005186 0.006984 0.009318 0.012315 0.016125 0.020917 0.026879 0.034218 0.043153 0.053911 0.066721 0.081801 0.099347 0.119524 0.142447 0.168170 0.196670 0.227835 0.261451 0.297200 0.334650 0.373265 0.412406 0.451350 0.489306 0.525442 0.558914 0.588900 0.614628 0.635414 0.650690 0.660032 0.663176 0.660032 0.650690 0.635414 0.614628 0.588900 0.558914 0.525442 0.489306 0.451350 0.412406 0.373265 0.334650 0.297200 0.261451 0.227835 0.196670 0.168170 0.142447 0.119524 0.099347 0.081801 0.066721 0.053911 0.043153 0.034218 0.026879 0.020917 0.016125 0.012315 0.009318 0.006984 0.005186 0.003815 0.002781 0.002008 0.001437 0.001018 0.000715 0.000497 0.000343 0.000234 0.000158 0.000106 0.000070 0.000045 0.000028 0.000016 0.000008 0.000000 
0.000000 0.000007 0.000015 0.000025 0.000041 0.000063 0.000097 0.000146 0.000218 0.000322 0.000471 0.000683 0.000982 0.001398 0.001972 0.002756 0.003815 0.005234 0.007113 0.009577 0.012775 0.016882 0.022101 0.028664 0.036829 0.046878 0.059111 0.073839 0.091373 0.112011 0.136022 0.163630 0.194992 0.230181 0.269166 0.311791 0.357766 0.406653 0.457865 0.510665 0.564181 0.617425 0.669315 0.718715 0.764472 0.805461 0.840629 0.869041 0.889922 0.902692 0.906989 0.902692 0.889922 0.869041 0.840629 0.805461 0.764472 0.718715 0.669315 0.617425 0.564181 0.510665 0.457865 0.406653 0.357766 0.311791 0.269166 0.230181 0.194992 0.163630 0.136022 0.112011 0.091373 0.073839 0.059111 0.046878 0.036829 0.028664 0.022101 0.016882 0.012775 0.009577 0.007113 0.005234 0.003815 0.002756 0.001972 0.001398 0.000982 0.000683 0.000471 0.000322 0.000218 0.000146 0.000096 0.000062 0.000039 0.000023 0.000010 0.000000 
0.000000 0.000009 0.000020 0.000035 0.000055 0.000086 0.000132 0.000199 0.000296 0.000438 0.000641 0.000930 0.001336 0.001901 0.002681 0.003746 0.005186 0.007113 0.009665 0.013011 0.017353 0.022927 0.030011 0.038918 0.049997 0.063630 0.080224 0.100200 0.123979 0.151963 0.184518 0.221945 0.264459 0.312155 0.364991 0.422756 0.485056 0.551296 0.620682 0.692215 0.764714 0.836839 0.907128 0.974041 1.036018 1.091534 1.139165 1.177645 1.205925 1.223219 1.229039 1.223219 1.205925 1.177645 1.139165 1.091534 1.036018 0.974041 0.907128 0.836839 0.764714 0.692215 0.620682 0.551296 0.485056 0.422756 0.364991 0.312155 0.264459 0.221945 0.184518 0.151963 0.123979 0.100200 0.080224 0.063630 0.049997 0.038918 0.030011 0.022927 0.017353 0.013011 0.009665 0.007113 0.005186 0.003746 0.002681 0.001901 0.001336 0.000930 0.000641 0.000438 0.000296 0.000198 0.000131 0.000085 0.000053 0.000031 0.000014 0.000000 
0.000000 0.000012 0.000027 0.000047 0.000075 0.000116 0.000178 0.000268 0.000400 0.000591 0.000864 0.001253 0.001800 0.002562 0.003612 0.005046 0.006984 0.009577 0.013011 0.017512 0.023352 0.030850 0.040376 0.052351 0.067244 0.085569 0.107871 0.134715 0.166665 0.204261 0.247994 0.298266 0.355365 0.419418 0.490367 0.567929 0.651573 0.740502 0.833646 0.929668 1.026980 1.123786 1.218123 1.307925 1.391099 1.465600 1.529518 1.581156 1.619105 1.642311 1.650120 1.642311 1.619105 1.581156 1.529518 1.465600 1.391099 1.307925 1.218123 1.123786 1.026980 0.929668 0.833646 0.740502 0.651573 0.567929 0.490367 0.419418 0.355365 0.298266 0.247994 0.204261 0.166665 0.134715 0.107871 0.085569 0.067244 0.052351 0.040376 0.030850 0.023352 0.017512 0.013011 0.009577 0.006984 0.005046 0.003612 0.002562 0.001800 0.001253 0.000864 0.000590 0.000399 0.000267 0.000177 0.000115 0.000072 0.000042 0.000019 0.000000 
0.000000 0.000016 0.000036 0.000062 0.000100 0.000156 0.000238 0.000358 0.000534 0.000789 0.001154 0.001673 0.002403 0.003419 0.004821 0.006733 0.009318 0.012775 0.017353 0.023352 0.031135 0.041125 0.053816 0.069767 0.089604 0.114008 0.143704 0.179443 0.221976 0.272020 0.330226 0.397129 0.473109 0.558337 0.652731 0.755915 0.867182 0.985471 1.109359 1.237065 1.366482 1.495219 1.620666 1.740078 1.850673 1.949733 2.034719 2.103375 2.153831 2.184684 2.195066 2.184684 2.153831 2.103375 2.034719 1.949733 1.850673 1.740078 1.620666 1.495219 1.366482 1.237065 1.109359 0.985471 0.867182 0.755915 0.652731 0.558337 0.473109 0.397129 0.330226 0.272020 0.221976 0.179443 0.143704 0.114008 0.089604 0.069767 0.053816 0.041125 0.031135 0.023352 0.017353 0.012775 0.009318 0.006733 0.004820 0.003419 0.002403 0.001673 0.001154 0.000789 0.000534 0.000357 0.000236 0.000153 0.000096 0.000056 0.000026 0.000000 
0.000000 0.000022 0.000048 0.000083 0.000133 0.000206 0.000315 0.000474 0.000707 0.001044 0.001527 0.002214 0.003178 0.004522 0.006373 0.008901 0.012315 0.016882 0.022927 0.030850 0.041125 0.054313 0.071064 0.092115 0.118291 0.150490 0.189666 0.236809 0.292906 0.358904 0.435657 0.523871 0.624043 0.736398 0.860827 0.996831 1.143479 1.299372 1.462631 1.630914 1.801442 1.971065 2.136346 2.293670 2.439372 2.569874 2.681832 2.772276 2.838742 2.879386 2.893063 2.879386 2.838742 2.772276 2.681832 2.569874 2.439372 2.293670 2.136346 1.971065 1.801442 1.630914 1.462631 1.299372 1.143479 0.996831 0.860827 0.736398 0.624043 0.523871 0.435657 0.358904 0.292906 0.236809 0.189666 0.150490 0.118291 0.092115 0.071064 0.054313 0.041125 0.030850 0.022927 0.016882 0.012315 0.008901 0.006373 0.004522 0.003178 0.002213 0.001527 0.001044 0.000706 0.000473 0.000313 0.000203 0.000127 0.000074 0.000034 0.000000 
0.000000 0.000029 0.000063 0.000108 0.000174 0.000271 0.000413 0.000622 0.000927 0.001369 0.002002 0.002901 0.004165 0.005924 0.008348 0.011656 0.016125 0.022101 0.030011 0.040376 0.053816 0.071064 0.092968 0.120493 0.154714 0.196802 0.248006 0.309616 0.382920 0.469153 0.569428 0.684666 0.815513 0.962261 1.124766 1.302377 1.493872 1.697426 1.910587 2.130293 2.352919 2.574354 2.790111 2.995473 3.185658 3.355998 3.502129 3.620177 3.706929 3.759976 3.777827 3.759976 3.706929 3.620177 3.502129 3.355998 3.185658 2.995473 2.790111 2.574354 2.352919 2.130293 1.910587 1.697426 1.493872 1.302377 1.124766 0.962261 0.815513 0.684666 0.569428 0.469153 0.382920 0.309616 0.248006 0.196802 0.154714 0.120493 0.092968 0.071064 0.053816 0.040376 0.030011 0.022101 0.016125 0.011656 0.008348 0.005923 0.004164 0.002901 0.002002 0.001368 0.000926 0.000620 0.000410 0.000266 0.000167 0.000097 0.000044 0.000000 
0.000000 0.000037 0.000081 0.000141 0.000226 0.000352 0.000536 0.000808 0.001204 0.001778 0.002600 0.003766 0.005406 0.007687 0.010832 0.015122 0.020917 0.028664 0.038918 0.052351 0.069767 0.092115 0.120493 0.156148 0.200470 0.254977 0.321282 0.401052 0.495953 0.607582 0.737375 0.886523 1.055858 1.245756 1.456029 1.685829 1.933578 2.196911 2.472655 2.756852 3.044811 3.331215 3.610265 3.875862 4.121821 4.342109 4.531085 4.683743 4.795926 4.864524 4.887607 4.864524 4.795926 4.683743 4.531085 4.342109 4.121821 3.875862 3.610265 3.331215 3.044811 2.756852 2.472655 2.196911 1.933578 1.685829 1.456029 1.245756 1.055858 0.886523 0.737375 0.607582 0.495953 0.401052 0.321282 0.254977 0.200470 0.156148 0.120493 0.092115 0.069767 0.052351 0.038918 0.028664 0.020917 0.015122 0.010832 0.007687 0.005405 0.003766 0.002599 0.001777 0.001203 0.000806 0.000533 0.000346 0.000217 0.000126 0.000058 0.000000 
0.000000 0.000048 0.000105 0.000182 0.000292 0.000453 0.000691 0.001040 0.001550 0.002287 0.003344 0.004843 0.006951 0.009883 0.013924 0.019436 0.026879 0.036829 0.049997 0.067244 0.089604 0.118291 0.154714 0.200470 0.257344 0.327278 0.412340 0.514665 0.636389 0.779553 0.945999 1.137247 1.354363 1.597826 1.867389 2.161965 2.479530 2.817048 3.170455 3.534676 3.903700 4.270715 4.628292 4.968618 5.283773 5.566026 5.808154 6.003745 6.147477 6.235365 6.264940 6.235365 6.147477 6.003745 5.808154 5.566026 5.283773 4.968618 4.628292 4.270715 3.903700 3.534676 3.170455 2.817048 2.479530 2.161965 1.867389 1.597826 1.354363 1.137247 0.945999 0.779553 0.636389 0.514665 0.412340 0.327278 0.257344 0.200470 0.154714 0.118291 0.089604 0.067244 0.049997 0.036829 0.026879 0.019435 0.013924 0.009883 0.006951 0.004843 0.003343 0.002286 0.001548 0.001037 0.000686 0.000445 0.000279 0.000162 0.000074 0.000000 
0.000000 0.000061 0.000134 0.000232 0.000372 0.000577 0.000880 0.001326 0.001975 0.002915 0.004261 0.006170 0.008854 0.012587 0.017731 0.024746 0.034218 0.046878 0.063630 0.085569 0.114008 0.150490 0.196802 0.254977 0.327278 0.416173 0.524284 0.654324 0.809002 0.990908 1.202378 1.445338 1.721139 2.030383 2.372756 2.746873 3.150160 3.578761 4.027515 4.489976 4.958514 5.424482 5.878450 6.310503 6.710586 7.068894 7.376258 7.624542 7.806994 7.918558 7.956099 7.918558 7.806994 7.624542 7.376258 7.068894 6.710586 6.310503 5.878450 5.424482 4.958514 4.489976 4.027515 3.578761 3.150160 2.746873 2.372756 2.030383 1.721139 1.445338 1.202378 0.990908 0.809002 0.654324 0.524284 0.416173 0.327278 0.254977 0.196802 0.150490 0.114008 0.085569 0.063630 0.046878 0.034218 0.024746 0.017731 0.012587 0.008854 0.006170 0.004260 0.002914 0.001973 0.001322 0.000875 0.000568 0.000356 0.000207 0.000095 0.000000 
0.000000 0.000077 0.000169 0.000293 0.000470 0.000729 0.001112 0.001674 0.002494 0.003680 0.005378 0.007787 0.011172 0.015881 0.022367 0.031212 0.043153 0.059111 0.080224 0.107871 0.143704 0.189666 0.248006 0.321282 0.412340 0.524284 0.660415 0.824142 1.018870 1.247857 1.514036 1.819827 2.166926 2.556086 2.986905 3.457639 3.965044 4.504269 5.068818 5.650583 6.239967 6.826094 7.397105 7.940532 8.443736 8.894385 9.280954 9.593213 9.822675 9.962982 10.010195 9.962982 9.822675 9.593213 9.280954 8.894385 8.443736 7.940532 7.397105 6.826094 6.239967 5.650583 5.068818 4.504269 3.965044 3.457639 2.986905 2.556086 2.166926 1.819827 1.514036 1.247857 1.018870 0.824142 0.660415 0.524284 0.412340 0.321282 0.248006 0.189666 0.143704 0.107871 0.080224 0.059111 0.043153 0.031212 0.022367 0.015881 0.011172 0.007787 0.005377 0.003678 0.002492 0.001670 0.001105 0.000717 0.000450 0.000262 0.000120 0.000000 
0.000000 0.000097 0.000212 0.000366 0.000588 0.000913 0.001392 0.002095 0.003120 0.004602 0.006725 0.009736 0.013966 0.019849 0.027951 0.038999 0.053911 0.073839 0.100200 0.134715 0.179443 0.236809 0.309616 0.401052 0.514665 0.654324 0.824142 1.028365 1.271237 1.556811 1.888742 2.270042 2.702817 3.187999 3.725086 4.311896 4.944383 5.616498 6.320142 7.045209 7.779740 8.510185 9.221766 9.898952 10.525997 11.087540 11.569225 11.958309 12.244223 12.419047 12.477875 12.419047 12.244223 11.958309 11.569225 11.087540 10.525997 9.898952 9.221766 8.510185 7.779740 7.045209 6.320142 5.616498 4.944383 4.311896 3.725086 3.187999 2.702817 2.270042 1.888742 1.556811 1.271237 1.028365 0.824142 0.654324 0.514665 0.401052 0.309616 0.236809 0.179443 0.134715 0.100200 0.073839 0.053911 0.038999 0.027951 0.019849 0.013965 0.009735 0.006723 0.004600 0.003116 0.002089 0.001382 0.000898 0.000564 0.000328 0.000150 0.000000 
0.000000 0.000120 0.000263 0.000454 0.000729 0.001131 0.001725 0.002596 0.003865 0.005701 0.008329 0.012057 0.017293 0.024575 0.034602 0.048271 0.066721 0.091373 0.123979 0.166665 0.221976 0.292906 0.382920 0.495953 0.636389 0.809002 1.018870 1.271237 1.571337 1.924172 2.334251 2.805286 3.339872 3.939155 4.602507 5.327229 6.108319 6.938303 7.807180 8.702471 9.609411 10.511271 11.389812 12.225863 12.999989 13.693233 14.287878 14.768201 15.121155 15.336970 15.409591 15.336970 15.121155 14.768201 14.287878 13.693233 12.999989 12.225863 11.389812 10.511271 9.609411 8.702471 7.807180 6.938303 6.108319 5.327229 4.602507 3.939155 3.339872 2.805286 2.334251 1.924172 1.571337 1.271237 1.018870 0.809002 0.636389 0.495953 0.382920 0.292906 0.221976 0.166665 0.123979 0.091373 0.066721 0.048271 0.034601 0.024574 0.017293 0.012056 0.008328 0.005698 0.003861 0.002589 0.001713 0.001113 0.000699 0.000406 0.000186 0.000000 
0.000000 0.000147 0.000322 0.000558 0.000895 0.001389 0.002117 0.003186 0.004744 0.006996 0.010220 0.014792 0.021212 0.030140 0.042432 0.059188 0.081801 0.112011 0.151963 0.204261 0.272020 0.358904 0.469153 0.607582 0.779553 0.990908 1.247857 1.556811 1.924172 2.356055 2.857967 3.434445 4.088658 4.821997 5.633687 6.520420 7.476072 8.491494 9.554449 10.649671 11.759101 12.862276 13.936893 14.959507 15.906354 16.754255 17.481549 18.069008 18.500685 18.764633 18.853451 18.764633 18.500685 18.069008 17.481549 16.754255 15.906354 14.959507 13.936893 12.862276 11.759101 10.649671 9.554449 8.491494 7.476072 6.520420 5.633687 4.821997 4.088658 3.434445 2.857967 2.356055 1.924172 1.556811 1.247857 0.990908 0.779553 0.607582 0.469153 0.358904 0.272020 0.204261 0.151963 0.112011 0.081801 0.059188 0.042432 0.030140 0.021212 0.014791 0.010218 0.006993 0.004739 0.003177 0.002103 0.001366 0.000858 0.000499 0.000229 0.000000 
0.000000 0.000179 0.000392 0.000679 0.001089 0.001690 0.002575 0.003874 0.005768 0.008504 0.012421 0.017976 0.025775 0.036618 0.051546 0.071892 0.099347 0.136022 0.184518 0.247994 0.330226 0.435657 0.569428 0.737375 0.945999 1.202378 1.514036 1.888742 2.334251 2.857967 3.466561 4.165522 4.958682 5.847721 6.831687 7.906568 9.064929 10.295682 11.583989 12.911351 14.255881 15.592787 16.895043 18.134246 19.281608 20.309049 21.190329 21.902158 22.425221 22.745043 22.852662 22.745043 22.425221 21.902158 21.190329 20.309049 19.281608 18.134246 16.895043 15.592787 14.255881 12.911351 11.583989 10.295682 9.064929 7.906568 6.831687 5.847721 4.958682 4.165522 3.466561 2.857967 2.334251 1.888742 1.514036 1.202378 0.945999 0.737375 0.569428 0.435657 0.330226 0.247994 0.184518 0.136022 0.099347 0.071892 0.051546 0.036618 0.025774 0.017974 0.012419 0.008500 0.005761 0.003863 0.002558 0.001662 0.001044 0.000607 0.000278 0.000000 
0.000000 0.000216 0.000473 0.000818 0.001312 0.002036 0.003102 0.004666 0.006946 0.010240 0.014955 0.021639 0.031024 0.044070 0.062029 0.086503 0.119524 0.163630 0.221945 0.298266 0.397129 0.523871 0.684666 0.886523 1.137247 1.445338 1.819827 2.270042 2.805286 3.434445 4.165522 5.005099 5.957767 7.025533 8.207246 9.498076 10.889092 12.366972 13.913898 15.507656 17.121971 18.727079 20.290541 21.778265 23.155697 24.389138 25.447095 26.301620 26.929531 27.313460 27.442650 27.313460 26.929531 26.301620 25.447095 24.389138 23.155697 21.778265 20.290541 18.727079 17.121971 15.507656 13.913898 12.366972 10.889092 9.498076 8.207246 7.025533 5.957767 5.005099 4.165522 3.434445 2.805286 2.270042 1.819827 1.445338 1.137247 0.886523 0.684666 0.523871 0.397129 0.298266 0.221945 0.163629 0.119524 0.086503 0.062029 0.044070 0.031023 0.021637 0.014952 0.010235 0.006938 0.004653 0.003081 0.002002 0.001258 0.000731 0.000335 0.000000 
0.000000 0.000258 0.000564 0.000977 0.001566 0.002429 0.003701 0.005567 0.008285 0.012213 0.017835 0.025804 0.036990 0.052540 0.073941 0.103104 0.142447 0.194992 0.264459 0.355365 0.473109 0.624043 0.815513 1.055858 1.354363 1.721139 2.166926 2.702817 3.339872 4.088658 4.958682 5.957767 7.091362 8.361844 9.767833 11.303573 12.958430 14.716553 16.556740 18.452569 20.372784 22.281990 24.141609 25.911098 27.549373 29.016361 30.274620 31.290918 32.037694 32.494298 32.647943 32.494298 32.037694 31.290918 30.274620 29.016361 27.549373 25.911098 24.141609 22.281990 20.372784 18.452569 16.556740 14.716553 12.958430 11.303573 9.767833 8.361844 7.091362 5.957767 4.958682 4.088658 3.339872 2.702817 2.166926 1.721139 1.354363 1.055858 0.815513 0.624043 0.473109 0.355364 0.264459 0.194992 0.142447 0.103104 0.073941 0.052539 0.036989 0.025802 0.017831 0.012208 0.008276 0.005551 0.003676 0.002389 0.001501 0.000873 0.000400 0.000000 
0.000000 0.000305 0.000667 0.001155 0.001851 0.002872 0.004374 0.006578 0.009790 0.014430 0.021069 0.030479 0.043688 0.062046 0.087311 0.121735 0.168170 0.230181 0.312155 0.419418 0.558337 0.736398 0.962261 1.245756 1.597826 2.030383 2.556086 3.187999 3.939155 4.821997 5.847721 7.025533 8.361844 9.859443 11.516691 13.326793 15.277208 17.349247 19.517922 21.752092 24.014930 26.264727 28.456034 30.541088 32.471487 34.200027 35.682601 36.880065 37.759954 38.297946 38.478976 38.297946 37.759954 36.880065 35.682601 34.200027 32.471487 30.541088 28.456034 26.264727 24.014930 21.752092 19.517922 17.349247 15.277208 13.326793 11.516691 9.859443 8.361844 7.025533 5.847721 4.821997 3.939155 3.187999 2.556086 2.030383 1.597826 1.245756 0.962261 0.736398 0.558337 0.419418 0.312155 0.230181 0.168170 0.121734 0.087310 0.062046 0.043686 0.030477 0.021065 0.014423 0.009779 0.006560 0.004345 0.002824 0.001774 0.001032 0.000473 0.000000 
0.000000 0.000357 0.000782 0.001352 0.002168 0.003362 0.005121 0.007700 0.011459 0.016887 0.024654 0.035662 0.051112 0.072582 0.102127 0.142379 0.196670 0.269166 0.364991 0.490367 0.652731 0.860827 1.124766 1.456029 1.867389 2.372756 2.986905 3.725086 4.602507 5.633687 6.831687 8.207246 9.767833 11.516691 13.451892 15.565493 17.842838 20.262101 22.794105 25.402490 28.044264 30.670743 33.228874 35.662912 37.916368 39.934149 41.664783 43.062587 44.089677 44.717668 44.928982 44.717668 44.089677 43.062587 41.664783 39.934149 37.916368 35.662912 33.228874 30.670743 28.044264 25.402490 22.794105 20.262101 17.842838 15.565493 13.451892 11.516691 9.767833 8.207246 6.831687 5.633687 4.602507 3.725086 2.986905 2.372756 1.867389 1.456029 1.124766 0.860827 0.652731 0.490367 0.364991 0.269166 0.196670 0.142378 0.102126 0.072581 0.051110 0.035660 0.024650 0.016879 0.011446 0.007679 0.005086 0.003306 0.002077 0.001208 0.000554 0.000000 
0.000000 0.000414 0.000907 0.001568 0.002514 0.003899 0.005938 0.008929 0.013285 0.019576 0.028577 0.041332 0.059233 0.084107 0.118331 0.164954 0.227835 0.311791 0.422756 0.567929 0.755915 0.996831 1.302377 1.685829 2.161965 2.746873 3.457639 4.311896 5.327229 6.520420 7.906568 9.498076 11.303573 13.326793 15.565493 18.010469 20.644761 23.443113 26.371773 29.388688 32.444134 35.481812 38.440373 41.255359 43.861452 46.194955 48.196354 49.812835 51.000596 51.726822 51.971190 51.726822 51.000596 49.812835 48.196354 46.194955 43.861452 41.255359 38.440373 35.481812 32.444134 29.388688 26.371773 23.443113 20.644761 18.010469 15.565493 13.326793 11.303573 9.498076 7.906568 6.520420 5.327229 4.311896 3.457639 2.746873 2.161965 1.685829 1.302376 0.996831 0.755915 0.567929 0.422756 0.311791 0.227835 0.164954 0.118331 0.084106 0.059231 0.041329 0.028572 0.019567 0.013270 0.008904 0.005898 0.003834 0.002409 0.001401 0.000642 0.000000 
0.000000 0.000476 0.001042 0.001802 0.002888 0.004479 0.006820 0.010254 0.015256 0.022478 0.032811 0.047452 0.067996 0.096541 0.135813 0.189309 0.261451 0.357766 0.485056 0.651573 0.867182 1.143479 1.493872 1.933578 2.479530 3.150160 3.965044 4.944383 6.108319 7.476072 9.064929 10.889092 12.958430 15.277208 17.842838 20.644761 23.663528 26.870193 30.226073 33.682982 37.183950 40.664474 44.054274 47.279509 50.265357 52.938855 55.231833 57.083798 58.444578 59.276588 59.556552 59.276588 58.444578 57.083798 55.231833 52.938855 50.265357 47.279509 44.054274 40.664474 37.183950 33.682982 30.226073 26.870193 23.663528 20.644761 17.842838 15.277208 12.958430 10.889092 9.064929 7.476072 6.108319 4.944383 3.965044 3.150160 2.479530 1.933578 1.493872 1.143479 0.867182 0.651573 0.485055 0.357766 0.261451 0.189308 0.135813 0.096540 0.067993 0.047448 0.032805 0.022468 0.015239 0.010226 0.006774 0.004404 0.002768 0.001610 0.000738 0.000000 
0.000000 0.000542 0.001186 0.002051 0.003287 0.005096 0.007759 0.011665 0.017354 0.025567 0.037316 0.053962 0.077317 0.109767 0.154407 0.215209 0.297200 0.406653 0.551296 0.740502 0.985471 1.299372 1.697426 2.196911 2.817048 3.578761 4.504269 5.616498 6.938303 8.491494 10.295682 12.366972 14.716553 17.349247 20.262101 23.443113 26.870193 30.510469 34.320028 38.244168 42.218223 46.168983 50.016684 53.677524 57.066592 60.101088 62.703654 64.805644 66.350127 67.294452 67.612208 67.294452 66.350127 64.805644 62.703654 60.101088 57.066592 53.677524 50.016684 46.168983 42.218223 38.244168 34.320028 30.510469 26.870193 23.443113 20.262101 17.349247 14.716553 12.366972 10.295682 8.491494 6.938303 5.616498 4.504269 3.578761 2.817048 2.196911 1.697426 1.299372 0.985471 0.740502 0.551296 0.406653 0.297199 0.215209 0.154407 0.109766 0.077315 0.053958 0.037309 0.025555 0.017334 0.011633 0.007707 0.005011 0.003150 0.001832 0.000840 0.000000 
0.000000 0.000610 0.001337 0.002312 0.003705 0.005744 0.008744 0.013145 0.019553 0.028804 0.042037 0.060784 0.087086 0.123626 0.173890 0.242346 0.334650 0.457865 0.620682 0.833646 1.109359 1.462631 1.910587 2.472655 3.170455 4.027515 5.068818 6.320142 7.807180 9.554449 11.583989 13.913898 16.556740 19.517922 22.794105 26.371773 30.226073 34.320028 38.604247 43.017213 47.486210 51.928918 56.255654 60.372195 64.183079 67.595217 70.521641 72.885179 74.621828 75.683643 76.040933 75.683643 74.621828 72.885179 70.521641 67.595217 64.183079 60.372195 56.255654 51.928918 47.486210 43.017213 38.604247 34.320028 30.226073 26.371773 22.794105 19.517922 16.556740 13.913898 11.583989 9.554449 7.807180 6.320142 5.068818 4.027515 3.170455 2.472655 1.910587 1.462631 1.109359 0.833646 0.620682 0.457865 0.334650 0.242345 0.173889 0.123625 0.087083 0.060780 0.042029 0.028791 0.019531 0.013109 0.008685 0.005648 0.003550 0.002065 0.000947 0.000000 
0.000000 0.000682 0.001492 0.002581 0.004136 0.006412 0.009760 0.014671 0.021821 0.032144 0.046907 0.067821 0.097161 0.137919 0.193980 0.270327 0.373265 0.510665 0.692215 0.929668 1.237065 1.630914 2.130293 2.756852 3.534676 4.489976 5.650583 7.045209 8.702471 10.649671 12.911351 15.507656 18.452569 21.752092 25.402490 29.388688 33.682982 38.244168 43.017213 47.933582 52.912269 57.861574 62.681599 67.267396 71.512636 75.313637 78.573540 81.206393 83.140915 84.323708 84.721704 84.323708 83.140915 81.206393 78.573540 75.313637 71.512636 67.267396 62.681599 57.861574 52.912269 47.933582 43.017213 38.244168 33.682982 29.388688 25.402490 21.752092 18.452569 15.507656 12.911351 10.649671 8.702471 7.045209 5.650583 4.489976 3.534676 2.756852 2.130293 1.630914 1.237065 0.929668 0.692214 0.510665 0.373265 0.270327 0.193979 0.137917 0.097158 0.067816 0.046899 0.032129 0.021797 0.014631 0.009694 0.006304 0.003963 0.002305 0.001057 0.000000 
0.000000 0.000754 0.001650 0.002854 0.004573 0.007089 0.010791 0.016219 0.024122 0.035531 0.051846 0.074957 0.107377 0.152410 0.214347 0.298692 0.412406 0.564181 0.764714 1.026980 1.366482 1.801442 2.352919 3.044811 3.903700 4.958514 6.239967 7.779740 9.609411 11.759101 14.255881 17.121971 20.372784 24.014930 28.044264 32.444134 37.183950 42.218223 47.486210 52.912269 58.407001 63.869210 69.188659 74.249538 78.934522 83.129207 86.726718 89.632219 91.767062 93.072329 93.511536 93.072329 91.767062 89.632219 86.726718 83.129207 78.934522 74.249538 69.188659 63.869210 58.407001 52.912269 47.486210 42.218223 37.183950 32.444134 28.044264 24.014930 20.372784 17.121971 14.255881 11.759101 9.609411 7.779740 6.239967 4.958514 3.903700 3.044811 2.352919 1.801442 1.366482 1.026980 0.764714 0.564181 0.412406 0.298692 0.214346 0.152408 0.107373 0.074951 0.051837 0.035514 0.024095 0.016175 0.010718 0.006971 0.004382 0.002549 0.001169 0.000000 
0.000000 0.000826 0.001808 0.003126 0.005009 0.007764 0.011817 0.017760 0.026413 0.038902 0.056762 0.082059 0.117543 0.166830 0.234614 0.326915 0.451350 0.617425 0.836839 1.123786 1.495219 1.971065 2.574354 3.331215 4.270715 5.424482 6.826094 8.510185 10.511271 12.862276 15.592787 18.727079 22.281990 26.264727 30.670743 35.481812 40.664474 46.168983 51.928918 57.861574 63.869210 69.841193 75.657009 81.190058 86.312084 90.898031 94.831070 98.007538 100.341465 101.768449 102.248612 101.768449 100.341465 98.007538 94.831070 90.898031 86.312084 81.190058 75.657009 69.841193 63.869210 57.861574 51.928918 46.168983 40.664474 35.481812 30.670743 26.264727 22.281990 18.727079 15.592787 12.862276 10.511271 8.510185 6.826094 5.424482 4.270715 3.331215 2.574354 1.971065 1.495219 1.123786 0.836839 0.617424 0.451350 0.326915 0.234613 0.166827 0.117539 0.082053 0.056751 0.038884 0.026383 0.017712 0.011737 0.007634 0.004799 0.002792 0.001280 0.000000 
0.000000 0.000896 0.001961 0.003391 0.005433 0.008422 0.012818 0.019263 0.028646 0.042189 0.061554 0.088982 0.127453 0.180886 0.254369 0.354424 0.489306 0.669315 0.907128 1.218123 1.620666 2.136346 2.790111 3.610265 4.628292 5.878450 7.397105 9.221766 11.389812 13.936893 16.895043 20.290541 24.141609 28.456034 33.228874 38.440373 44.054274 50.016684 56.255654 62.681599 69.188659 75.657009 81.956131 87.948921 93.496481 98.463382 102.723109 106.163402 108.691165 110.236659 110.756698 110.236659 108.691165 106.163402 102.723109 98.463382 93.496481 87.948921 81.956131 75.657009 69.188659 62.681599 56.255654 50.016684 44.054274 38.440373 33.228874 28.456034 24.141609 20.290541 16.895043 13.936893 11.389812 9.221766 7.397105 5.878450 4.628292 3.610265 2.790111 2.136346 1.620666 1.218123 0.907128 0.669314 0.489305 0.354423 0.254367 0.180884 0.127449 0.088975 0.061543 0.042169 0.028614 0.019210 0.012731 0.008281 0.005206 0.003029 0.001389 0.000000 
