0.000000 0.000000 0.000000 0.000000 0.000000 0.000000 0.000000 0.000000 0.000000 0.000000 0.000000 0.000000 0.000000 0.000000 0.000000 0.000000 0.000000 0.000000 0.000000 0.000000 0.000000 0.000000 0.000000 0.000000 0.000000 0.000000 0.000000 0.000000 0.000000 0.000000 0.000000 0.000000 0.000000 0.000000 0.000000 0.000000 0.000000 0.000000 0.000000 0.000000 0.000000 0.000000 0.000000 0.000000 0.000000 0.000000 0.000000 0.000000 0.000000 0.000000 0.000000 0.000000 0.000000 0.000000 0.000000 0.000000 0.000000 0.000000 0.000000 0.000000 0.000000 0.000000 0.000000 0.000000 0.000000 0.000000 0.000000 0.000000 0.000000 0.000000 0.000000 0.000000 0.000000 0.000000 0.000000 0.000000 0.000000 0.000000 0.000000 0.000000 0.000000 0.000000 0.000000 0.000000 0.000000 0.000000 0.000000 0.000000 0.000000 0.000000 0.000000 0.000000 0.000000 0.000000 0.000000 0.000000 0.000000 0.000000 0.000000 0.000000 
0.000000 0.000000 0.000000 0.000000 0.000000 0.000000 0.000000 0.000000 0.000000 0.000000 0.000000 0.000000 0.000000 0.000000 0.000000 0.000000 0.000000 0.000000 0.000000 0.000000 0.000000 0.000000 0.000000 0.000000 0.000000 0.000000 0.000000 0.000000 0.000000 0.000000 0.000000 0.000000 0.000000 0.000000 0.000000 0.000000 0.000000 0.000000 0.000000 0.000000 0.000000 0.000000 0.000000 0.000000 0.000000 0.000000 0.000000 0.000000 0.000000 0.000000 0.000000 0.000000 0.000000 0.000000 0.000000 0.000000 0.000000 0.000000 0.000000 0.000000 0.000000 0.000000 0.000000 0.000000 0.000000 0.000000 0.000000 0.000000 0.000000 0.000000 0.000000 0.000000 0.000000 0.000000 0.000000 0.000000 0.000000 0.000000 0.000000 0.000000 0.000000 0.000000 0.000000 0.000000 0.000000 0.000000 0.000000 0.000000 0.000000 0.000000 0.000000 0.000000 0.000000 0.000000 0.000000 0.000000 0.000000 0.000000 0.000000 0.000000 
0.000000 0.000000 0.000000 0.000000 0.000000 0.000000 0.000000 0.000000 0.000000 0.000000 0.000000 0.000000 0.000000 0.000000 0.000000 0.000000 0.000000 0.000000 0.000000 0.000000 0.000000 0.000000 0.000000 0.000000 0.000000 0.000000 0.000000 0.000000 0.000000 0.000000 0.000000 0.000000 0.000000 0.000000 0.000000 0.000000 0.000000 0.000000 0.000000 0.000000 0.000000 0.000000 0.000000 0.000000 0.000000 0.000000 0.000000 0.000000 0.000000 0.000000 0.000000 0.000000 0.000000 0.000000 0.000000 0.000000 0.000000 0.000000 0.000000 0.000000 0.000000 0.000000 0.000000 0.000000 0.000000 0.000000 0.000000 0.000000 0.000000 0.000000 0.000000 0.000000 0.000000 0.000000 0.000000 0.000000 0.000000 0.000000 0.000000 0.000000 0.000000 0.000000 0.000000 0.000000 0.000000 0.000000 0.000000 0.000000 0.000000 0.000000 0.000000 0.000000 0.000000 0.000000 0.000000 0.000000 0.000000 0.000000 0.000000 0.000000 
0.000000 0.000000 0.000000 0.000000 0.000000 0.000000 0.000000 0.000000 0.000000 0.000000 0.000000 0.000000 0.000000 0.000000 0.000000 0.000000 0.000000 0.000000 0.000000 0.000000 0.000000 0.000000 0.000000 0.000000 0.000000 0.000000 0.000000 0.000000 0.000000 0.000000 0.000000 0.000000 0.000000 0.000000 0.000000 0.000000 0.000000 0.000000 0.000000 0.000000 0.000000 0.000000 0.000000 0.000000 0.000000 0.000000 0.000000 0.000000 0.000000 0.000000 0.000000 0.000000 0.000000 0.000000 0.000000 0.000000 0.000000 0.000000 0.000000 0.000000 0.000000 0.000000 0.000000 0.000000 0.000000 0.000000 0.000000 0.000000 0.000000 0.000000 0.000000 0.000000 0.000000 0.000000 0.000000 0.000000 0.000000 0.000000 0.000000 0.000000 0.000000 0.000000 0.000000 0.000000 0.000000 0.000000 0.000000 0.000000 0.000000 0.000000 0.000000 0.000000 0.000000 0.000000 0.000000 0.000000 0.000000 0.000000 0.000000 0.000000 
0.000000 0.000000 0.000000 0.000000 0.000000 0.000000 0.000000 0.000000 0.000000 0.000000 0.000000 0.000000 0.000000 0.000000 0.000000 0.000000 0.000000 0.000000 0.000000 0.000000 0.000000 0.000000 0.000000 0.000000 0.000000 0.000000 0.000000 0.000000 0.000000 0.000000 0.000000 0.000000 0.000000 0.000000 0.000000 0.000000 0.000000 0.000000 0.000000 0.000000 0.000000 0.000000 0.000000 0.000000 0.000000 0.000000 0.000000 0.000000 0.000000 0.000000 0.000000 0.000000 0.000000 0.000000 0.000000 0.000000 0.000000 0.000000 0.000000 0.000000 0.000000 0.000000 0.000000 0.000000 0.000000 0.000000 0.000000 0.000000 0.000000 0.000000 0.000000 0.000000 0.000000 0.000000 0.000000 0.000000 0.000000 0.000000 0.000000 0.000000 0.000000 0.000000 0.000000 0.000000 0.000000 0.000000 0.000000 0.000000 0.000000 0.000000 0.000000 0.000000 0.000000 0.000000 0.000000 0.000000 0.000000 0.000000 0.000000 0.000000 
0.000000 0.000000 0.000000 0.000000 0.000000 0.000000 0.000000 0.000000 0.000000 0.000000 0.000000 0.000000 0.000000 0.000000 0.000000 0.000000 0.000000 0.000000 0.000000 0.000000 0.000000 0.000000 0.000000 0.000000 0.000000 0.000000 0.000000 0.000000 0.000000 0.000000 0.000000 0.000000 0.000000 0.000000 0.000000 0.000000 0.000000 0.000000 0.000000 0.000000 0.000000 0.000000 0.000000 0.000000 0.000000 0.000000 0.000000 0.000000 0.000000 0.000000 0.000000 0.000000 0.000000 0.000000 0.000000 0.000000 0.000000 0.000000 0.000000 0.000000 0.000000 0.000000 0.000000 0.000000 0.000000 0.000000 0.000000 0.000000 0.000000 0.000000 0.000000 0.000000 0.000000 0.000000 0.000000 0.000000 0.000000 0.000000 0.000000 0.000000 0.000000 0.000000 0.000000 0.000000 0.000000 0.000000 0.000000 0.000000 0.000000 0.000000 0.000000 0.000000 0.000000 0.000000 0.000000 0.000000 0.000000 0.000000 0.000000 0.000000 
0.000000 0.000000 0.000000 0.000000 0.000000 0.000000 0.000000 0.000000 0.000000 0.000000 0.000000 0.000000 0.000000 0.000000 0.000000 0.000000 0.000000 0.000000 0.000000 0.000000 0.000000 0.000000 0.000000 0.000000 0.000000 0.000000 0.000000 0.000000 0.000000 0.000000 0.000000 0.000000 0.000000 0.000000 0.000000 0.000000 0.000000 0.000000 0.000000 0.000000 0.000000 0.000000 0.000000 0.000000 0.000001 0.000001 0.000001 0.000001 0.000001 0.000001 0.000001 0.000001 0.000001 0.000001 0.000001 0.000001 0.000001 0.000000 0.000000 0.000000 0.000000 0.000000 0.000000 0.000000 0.000000 0.000000 0.000000 0.000000 0.000000 0.000000 0.000000 0.000000 0.000000 0.000000 0.000000 0.000000 0.000000 0.000000 0.000000 0.000000 0.000000 0.000000 0.000000 0.000000 0.000000 0.000000 0.000000 0.000000 0.000000 0.000000 0.000000 0.000000 0.000000 0.000000 0.000000 0.000000 0.000000 0.000000 0.000000 0.000000 
0.000000 0.000000 0.000000 0.000000 0.000000 0.000000 0.000000 0.000000 0.000000 0.000000 0.000000 0.000000 0.000000 0.000000 0.000000 0.000000 0.000000 0.000000 0.000000 0.000000 0.000000 0.000000 0.000000 0.000000 0.000000 0.000000 0.000000 0.000000 0.000000 0.000000 0.000000 0.000000 0.000000 0.000000 0.000000 0.000000 0.000000 0.000000 0.000000 0.000001 0.000001 0.000001 0.000001 0.000001 0.000001 0.000002 0.000002 0.000002 0.000002 0.000002 0.000002 0.000002 0.000002 0.000002 0.000002 0.000002 0.000001 0.000001 0.000001 0.000001 0.000001 0.000001 0.000000 0.000000 0.000000 0.000000 0.000000 0.000000 0.000000 0.000000 0.000000 0.000000 0.000000 0.000000 0.000000 0.000000 0.000000 0.000000 0.000000 0.000000 0.000000 0.000000 0.000000 0.000000 0.000000 0.000000 0.000000 0.000000 0.000000 0.000000 0.000000 0.000000 0.000000 0.000000 0.000000 0.000000 0.000000 0.000000 0.000000 0.000000 
0.000000 0.000000 0.000000 0.000000 0.000000 0.000000 0.000000 0.000000 0.000000 0.000000 0.000000 0.000000 0.000000 0.000000 0.000000 0.000000 0.000000 0.000000 0.000000 0.000000 0.000000 0.000000 0.000000 0.000000 0.000000 0.000000 0.000000 0.000000 0.000000 0.000000 0.000000 0.000000 0.000000 0.000000 0.000000 0.000000 0.000001 0.000001 0.000001 0.000001 0.000002 0.000002 0.000002 0.000003 0.000003 0.000004 0.000004 0.000004 0.000005 0.000005 0.000005 0.000005 0.000005 0.000004 0.000004 0.000004 0.000003 0.000003 0.000002 0.000002 0.000002 0.000001 0.000001 0.000001 0.000001 0.000000 0.000000 0.000000 0.000000 0.000000 0.000000 0.000000 0.000000 0.000000 0.000000 0.000000 0.000000 0.000000 0.000000 0.000000 0.000000 0.000000 0.000000 0.000000 0.000000 0.000000 0.000000 0.000000 0.000000 0.000000 0.000000 0.000000 0.000000 0.000000 0.000000 0.000000 0.000000 0.000000 0.000000 0.000000 
0.000000 0.000000 0.000000 0.000000 0.000000 0.000000 0.000000 0.000000 0.000000 0.000000 0.000000 0.000000 0.000000 0.000000 0.000000 0.000000 0.000000 0.000000 0.000000 0.000000 0.000000 0.000000 0.000000 0.000000 0.000000 0.000000 0.000000 0.000000 0.000000 0.000000 0.000000 0.000000 0.000000 0.000000 0.000001 0.000001 0.000001 0.000002 0.000002 0.000003 0.000004 0.000004 0.000005 0.000006 0.000007 0.000008 0.000009 0.000010 0.000010 0.000011 0.000011 0.000011 0.000010 0.000010 0.000009 0.000008 0.000007 0.000006 0.000005 0.000004 0.000004 0.000003 0.000002 0.000002 0.000001 0.000001 0.000001 0.000000 0.000000 0.000000 0.000000 0.000000 0.000000 0.000000 0.000000 0.000000 0.000000 0.000000 0.000000 0.000000 0.000000 0.000000 0.000000 0.000000 0.000000 0.000000 0.000000 0.000000 0.000000 0.000000 0.000000 0.000000 0.000000 0.000000 0.000000 0.000000 0.000000 0.000000 0.000000 0.000000 
0.000000 0.000000 0.000000 0.000000 0.000000 0.000000 0.000000 0.000000 0.000000 0.000000 0.000000 0.000000 0.000000 0.000000 0.000000 0.000000 0.000000 0.000000 0.000000 0.000000 0.000000 0.000000 0.000000 0.000000 0.000000 0.000000 0.000000 0.000000 0.000000 0.000000 0.000000 0.000000 0.000001 0.000001 0.000001 0.000002 0.000003 0.000004 0.000005 0.000006 0.000008 0.000010 0.000012 0.000014 0.000017 0.000019 0.000021 0.000022 0.000024 0.000025 0.000025 0.000025 0.000024 0.000022 0.000021 0.000019 0.000017 0.000014 0.000012 0.000010 0.000008 0.000006 0.000005 0.000004 0.000003 0.000002 0.000001 0.000001 0.000001 0.000000 0.000000 0.000000 0.000000 0.000000 0.000000 0.000000 0.000000 0.000000 0.000000 0.000000 0.000000 0.000000 0.000000 0.000000 0.000000 0.000000 0.000000 0.000000 0.000000 0.000000 0.000000 0.000000 0.000000 0.000000 0.000000 0.000000 0.000000 0.000000 0.000000 0.000000 
0.000000 0.000000 0.000000 0.000000 0.000000 0.000000 0.000000 0.000000 0.000000 0.000000 0.000000 0.000000 0.000000 0.000000 0.000000 0.000000 0.000000 0.000000 0.000000 0.000000 0.000000 0.000000 0.000000 0.000000 0.000000 0.000000 0.000000 0.000000 0.000000 0.000000 0.000001 0.000001 0.000001 0.000002 0.000003 0.000004 0.000006 0.000008 0.000011 0.000014 0.000018 0.000022 0.000027 0.000032 0.000037 0.000042 0.000046 0.000050 0.000053 0.000054 0.000055 0.000054 0.000053 0.000050 0.000046 0.000042 0.000037 0.000032 0.000027 0.000022 0.000018 0.000014 0.000011 0.000008 0.000006 0.000004 0.000003 0.000002 0.000001 0.000001 0.000001 0.000000 0.000000 0.000000 0.000000 0.000000 0.000000 0.000000 0.000000 0.000000 0.000000 0.000000 0.000000 0.000000 0.000000 0.000000 0.000000 0.000000 0.000000 0.000000 0.000000 0.000000 0.000000 0.000000 0.000000 0.000000 0.000000 0.000000 0.000000 0.000000 
0.000000 0.000000 0.000000 0.000000 0.000000 0.000000 0.000000 0.000000 0.000000 0.000000 0.000000 0.000000 0.000000 0.000000 0.000000 0.000000 0.000000 0.000000 0.000000 0.000000 0.000000 0.000000 0.000000 0.000000 0.000000 0.000000 0.000000 0.000000 0.000001 0.000001 0.000001 0.000002 0.000003 0.000005 0.000007 0.000010 0.000014 0.000018 0.000024 0.000031 0.000039 0.000049 0.000059 0.000069 0.000080 0.000090 0.000100 0.000108 0.000114 0.000118 0.000119 0.000118 0.000114 0.000108 0.000100 0.000090 0.000080 0.000069 0.000059 0.000049 0.000039 0.000031 0.000024 0.000018 0.000014 0.000010 0.000007 0.000005 0.000003 0.000002 0.000001 0.000001 0.000001 0.000000 0.000000 0.000000 0.000000 0.000000 0.000000 0.000000 0.000000 0.000000 0.000000 0.000000 0.000000 0.000000 0.000000 0.000000 0.000000 0.000000 0.000000 0.000000 0.000000 0.000000 0.000000 0.000000 0.000000 0.000000 0.000000 0.000000 
0.000000 0.000000 0.000000 0.000000 0.000000 0.000000 0.000000 0.000000 0.000000 0.000000 0.000000 0.000000 0.000000 0.000000 0.000000 0.000000 0.000000 0.000000 0.000000 0.000000 0.000000 0.000000 0.000000 0.000000 0.000000 0.000000 0.000000 0.000001 0.000001 0.000002 0.000003 0.000005 0.000007 0.000010 0.000015 0.000021 0.000029 0.000039 0.000052 0.000067 0.000084 0.000104 0.000125 0.000148 0.000171 0.000193 0.000213 0.000231 0.000244 0.000252 0.000255 0.000252 0.000244 0.000231 0.000213 0.000193 0.000171 0.000148 0.000125 0.000104 0.000084 0.000067 0.000052 0.000039 0.000029 0.000021 0.000015 0.000010 0.000007 0.000005 0.000003 0.000002 0.000001 0.000001 0.000000 0.000000 0.000000 0.000000 0.000000 0.000000 0.000000 0.000000 0.000000 0.000000 0.000000 0.000000 0.000000 0.000000 0.000000 0.000000 0.000000 0.000000 0.000000 0.000000 0.000000 0.000000 0.000000 0.000000 0.000000 0.000000 
0.000000 0.000000 0.000000 0.000000 0.000000 0.000000 0.000000 0.000000 0.000000 0.000000 0.000000 0.000000 0.000000 0.000000 0.000000 0.000000 0.000000 0.000000 0.000000 0.000000 0.000000 0.000000 0.000000 0.000000 0.000000 0.000001 0.000001 0.000002 0.000003 0.000004 0.000007 0.000010 0.000015 0.000022 0.000032 0.000045 0.000061 0.000083 0.000109 0.000140 0.000177 0.000218 0.000263 0.000310 0.000358 0.000404 0.000447 0.000483 0.000510 0.000528 0.000533 0.000528 0.000510 0.000483 0.000447 0.000404 0.000358 0.000310 0.000263 0.000218 0.000177 0.000140 0.000109 0.000083 0.000061 0.000045 0.000032 0.000022 0.000015 0.000010 0.000007 0.000004 0.000003 0.000002 0.000001 0.000001 0.000000 0.000000 0.000000 0.000000 0.000000 0.000000 0.000000 0.000000 0.000000 0.000000 0.000000 0.000000 0.000000 0.000000 0.000000 0.000000 0.000000 0.000000 0.000000 0.000000 0.000000 0.000000 0.000000 0.000000 
0.000000 0.000000 0.000000 0.000000 0.000000 0.000000 0.000000 0.000000 0.000000 0.000000 0.000000 0.000000 0.000000 0.000000 0.000000 0.000000 0.000000 0.000000 0.000000 0.000000 0.000000 0.000000 0.000000 0.000000 0.000001 0.000001 0.000002 0.000003 0.000005 0.000009 0.000014 0.000021 0.000031 0.000046 0.000066 0.000092 0.000127 0.000170 0.000224 0.000289 0.000364 0.000449 0.000541 0.000638 0.000737 0.000832 0.000918 0.000992 0.001048 0.001084 0.001096 0.001084 0.001048 0.000992 0.000918 0.000832 0.000737 0.000638 0.000541 0.000449 0.000364 0.000289 0.000224 0.000170 0.000127 0.000092 0.000066 0.000046 0.000031 0.000021 0.000014 0.000009 0.000005 0.000003 0.000002 0.000001 0.000001 0.000000 0.000000 0.000000 0.000000 0.000000 0.000000 0.000000 0.000000 0.000000 0.000000 0.000000 0.000000 0.000000 0.000000 0.000000 0.000000 0.000000 0.000000 0.000000 0.000000 0.000000 0.000000 0.000000 
0.000000 0.000000 0.000000 0.000000 0.000000 0.000000 0.000000 0.000000 0.000000 0.000000 0.000000 0.000000 0.000000 0.000000 0.000000 0.000000 0.000000 0.000000 0.000000 0.000000 0.000000 0.000000 0.000000 0.000001 0.000001 0.000002 0.000004 0.000007 0.000011 0.000018 0.000028 0.000042 0.000064 0.000093 0.000133 0.000187 0.000257 0.000345 0.000454 0.000584 0.000736 0.000906 0.001092 0.001288 0.001486 0.001677 0.001852 0.002000 0.002113 0.002184 0.002208 0.002184 0.002113 0.002000 0.001852 0.001677 0.001486 0.001288 0.001092 0.000906 0.000736 0.000584 0.000454 0.000345 0.000257 0.000187 0.000133 0.000093 0.000064 0.000042 0.000028 0.000018 0.000011 0.000007 0.000004 0.000002 0.000001 0.000001 0.000000 0.000000 0.000000 0.000000 0.000000 0.000000 0.000000 0.000000 0.000000 0.000000 0.000000 0.000000 0.000000 0.000000 0.000000 0.000000 0.000000 0.000000 0.000000 0.000000 0.000000 0.000000 
0.000000 0.000000 0.000000 0.000000 0.000000 0.000000 0.000000 0.000000 0.000000 0.000000 0.000000 0.000000 0.000000 0.000000 0.000000 0.000000 0.000000 0.000000 0.000000 0.000000 0.000000 0.000000 0.000001 0.000002 0.000003 0.000005 0.000008 0.000014 0.000022 0.000036 0.000056 0.000085 0.000127 0.000185 0.000266 0.000372 0.000511 0.000686 0.000902 0.001159 0.001459 0.001796 0.002163 0.002550 0.002941 0.003318 0.003662 0.003954 0.004177 0.004317 0.004365 0.004317 0.004177 0.003954 0.003662 0.003318 0.002941 0.002550 0.002163 0.001796 0.001459 0.001159 0.000902 0.000686 0.000511 0.000372 0.000266 0.000185 0.000127 0.000085 0.000056 0.000036 0.000022 0.000014 0.000008 0.000005 0.000003 0.000002 0.000001 0.000000 0.000000 0.000000 0.000000 0.000000 0.000000 0.000000 0.000000 0.000000 0.000000 0.000000 0.000000 0.000000 0.000000 0.000000 0.000000 0.000000 0.000000 0.000000 0.000000 0.000000 
0.000000 0.000000 0.000000 0.000000 0.000000 0.000000 0.000000 0.000000 0.000000 0.000000 0.000000 0.000000 0.000000 0.000000 0.000000 0.000000 0.000000 0.000000 0.000000 0.000000 0.000001 0.000001 0.000002 0.000003 0.000006 0.000010 0.000016 0.000027 0.000044 0.000070 0.000109 0.000166 0.000248 0.000363 0.000519 0.000727 0.000996 0.001337 0.001755 0.002256 0.002837 0.003490 0.004203 0.004951 0.005708 0.006438 0.007104 0.007669 0.008101 0.008371 0.008463 0.008371 0.008101 0.007669 0.007104 0.006438 0.005708 0.004951 0.004203 0.003490 0.002837 0.002256 0.001755 0.001337 0.000996 0.000727 0.000519 0.000363 0.000248 0.000166 0.000109 0.000070 0.000044 0.000027 0.000016 0.000010 0.000006 0.000003 0.000002 0.000001 0.000001 0.000000 0.000000 0.000000 0.000000 0.000000 0.000000 0.000000 0.000000 0.000000 0.000000 0.000000 0.000000 0.000000 0.000000 0.000000 0.000000 0.000000 0.000000 0.000000 
0.000000 0.000000 0.000000 0.000000 0.000000 0.000000 0.000000 0.000000 0.000000 0.000000 0.000000 0.000000 0.000000 0.000000 0.000000 0.000000 0.000000 0.000000 0.000000 0.000001 0.000001 0.000002 0.000003 0.000006 0.000011 0.000019 0.000031 0.000052 0.000085 0.000135 0.000209 0.000319 0.000476 0.000695 0.000994 0.001391 0.001905 0.002554 0.003352 0.004305 0.005410 0.006653 0.008007 0.009430 0.010866 0.012252 0.013516 0.014589 0.015408 0.015921 0.016096 0.015921 0.015408 0.014589 0.013516 0.012252 0.010866 0.009430 0.008007 0.006653 0.005410 0.004305 0.003352 0.002554 0.001905 0.001391 0.000994 0.000695 0.000476 0.000319 0.000209 0.000135 0.000085 0.000052 0.000031 0.000019 0.000011 0.000006 0.000003 0.000002 0.000001 0.000001 0.000000 0.000000 0.000000 0.000000 0.000000 0.000000 0.000000 0.000000 0.000000 0.000000 0.000000 0.000000 0.000000 0.000000 0.000000 0.000000 0.000000 0.000000 
0.000000 0.000000 0.000000 0.000000 0.000000 0.000000 0.000000 0.000000 0.000000 0.000000 0.000000 0.000000 0.000000 0.000000 0.000000 0.000000 0.000000 0.000000 0.000001 0.000001 0.000002 0.000004 0.000006 0.000012 0.000020 0.000035 0.000060 0.000099 0.000160 0.000254 0.000395 0.000601 0.000896 0.001307 0.001867 0.002610 0.003573 0.004787 0.006277 0.008055 0.010118 0.012437 0.014961 0.017612 0.020287 0.022867 0.025221 0.027219 0.028742 0.029696 0.030022 0.029696 0.028742 0.027219 0.025221 0.022867 0.020287 0.017612 0.014961 0.012437 0.010118 0.008055 0.006277 0.004787 0.003573 0.002610 0.001867 0.001307 0.000896 0.000601 0.000395 0.000254 0.000160 0.000099 0.000060 0.000035 0.000020 0.000012 0.000006 0.000004 0.000002 0.000001 0.000001 0.000000 0.000000 0.000000 0.000000 0.000000 0.000000 0.000000 0.000000 0.000000 0.000000 0.000000 0.000000 0.000000 0.000000 0.000000 0.000000 0.000000 
0.000000 0.000000 0.000000 0.000000 0.000000 0.000000 0.000000 0.000000 0.000000 0.000000 0.000000 0.000000 0.000000 0.000000 0.000000 0.000000 0.000000 0.000000 0.000001 0.000002 0.000004 0.000007 0.000012 0.000022 0.000038 0.000066 0.000111 0.000183 0.000297 0.000470 0.000730 0.001110 0.001652 0.002409 0.003438 0.004803 0.006569 0.008794 0.011524 0.014781 0.018556 0.022798 0.027412 0.032256 0.037143 0.041854 0.046151 0.049797 0.052577 0.054319 0.054912 0.054319 0.052577 0.049797 0.046151 0.041854 0.037143 0.032256 0.027412 0.022798 0.018556 0.014781 0.011524 0.008794 0.006569 0.004803 0.003438 0.002409 0.001652 0.001110 0.000730 0.000470 0.000297 0.000183 0.000111 0.000066 0.000038 0.000022 0.000012 0.000007 0.000004 0.000002 0.000001 0.000000 0.000000 0.000000 0.000000 0.000000 0.000000 0.000000 0.000000 0.000000 0.000000 0.000000 0.000000 0.000000 0.000000 0.000000 0.000000 0.000000 
0.000000 0.000000 0.000000 0.000000 0.000000 0.000000 0.000000 0.000000 0.000000 0.000000 0.000000 0.000000 0.000000 0.000000 0.000000 0.000000 0.000000 0.000001 0.000002 0.000003 0.000006 0.000012 0.000022 0.000040 0.000070 0.000120 0.000202 0.000333 0.000538 0.000853 0.001323 0.002009 0.002988 0.004352 0.006206 0.008664 0.011840 0.015841 0.020745 0.026593 0.033366 0.040974 0.049246 0.057925 0.066679 0.075115 0.082808 0.089334 0.094309 0.097427 0.098488 0.097427 0.094309 0.089334 0.082808 0.075115 0.066679 0.057925 0.049246 0.040974 0.033366 0.026593 0.020745 0.015841 0.011840 0.008664 0.006206 0.004352 0.002988 0.002009 0.001323 0.000853 0.000538 0.000333 0.000202 0.000120 0.000070 0.000040 0.000022 0.000012 0.000006 0.000003 0.000002 0.000001 0.000000 0.000000 0.000000 0.000000 0.000000 0.000000 0.000000 0.000000 0.000000 0.000000 0.000000 0.000000 0.000000 0.000000 0.000000 0.000000 
0.000000 0.000000 0.000000 0.000000 0.000000 0.000000 0.000000 0.000000 0.000000 0.000000 0.000000 0.000000 0.000000 0.000000 0.000000 0.000000 0.000001 0.000002 0.000003 0.000006 0.000012 0.000022 0.000040 0.000071 0.000124 0.000214 0.000360 0.000593 0.000958 0.001516 0.002349 0.003565 0.005297 0.007708 0.010983 0.015321 0.020923 0.027974 0.036613 0.046906 0.058822 0.072201 0.086740 0.101989 0.117365 0.132179 0.145683 0.157137 0.165867 0.171337 0.173200 0.171337 0.165867 0.157137 0.145683 0.132179 0.117365 0.101989 0.086740 0.072201 0.058822 0.046906 0.036613 0.027974 0.020923 0.015321 0.010983 0.007708 0.005297 0.003565 0.002349 0.001516 0.000958 0.000593 0.000360 0.000214 0.000124 0.000071 0.000040 0.000022 0.000012 0.000006 0.000003 0.000002 0.000001 0.000000 0.000000 0.000000 0.000000 0.000000 0.000000 0.000000 0.000000 0.000000 0.000000 0.000000 0.000000 0.000000 0.000000 0.000000 
0.000000 0.000000 0.000000 0.000000 0.000000 0.000000 0.000000 0.000000 0.000000 0.000000 0.000000 0.000000 0.000000 0.000000 0.000000 0.000001 0.000001 0.000003 0.000006 0.000011 0.000020 0.000038 0.000070 0.000124 0.000218 0.000374 0.000629 0.001035 0.001671 0.002641 0.004089 0.006199 0.009204 0.013382 0.019052 0.026557 0.036244 0.048426 0.063343 0.081108 0.101661 0.124727 0.149782 0.176052 0.202531 0.228033 0.251277 0.270987 0.286009 0.295419 0.298625 0.295419 0.286009 0.270987 0.251277 0.228033 0.202531 0.176052 0.149782 0.124727 0.101661 0.081108 0.063343 0.048426 0.036244 0.026557 0.019052 0.013382 0.009204 0.006199 0.004089 0.002641 0.001671 0.001035 0.000629 0.000374 0.000218 0.000124 0.000070 0.000038 0.000020 0.000011 0.000006 0.000003 0.000001 0.000001 0.000000 0.000000 0.000000 0.000000 0.000000 0.000000 0.000000 0.000000 0.000000 0.000000 0.000000 0.000000 0.000000 0.000000 
0.000000 0.000000 0.000000 0.000000 0.000000 0.000000 0.000000 0.000000 0.000000 0.000000 0.000000 0.000000 0.000000 0.000000 0.000001 0.000001 0.000002 0.000005 0.000010 0.000019 0.000035 0.000066 0.000120 0.000214 0.000374 0.000641 0.001076 0.001771 0.002856 0.004509 0.006974 0.010565 0.015673 0.022769 0.032392 0.045121 0.061538 0.082172 0.107422 0.137477 0.172232 0.211216 0.253547 0.297913 0.342618 0.385662 0.424886 0.458140 0.483479 0.499353 0.504759 0.499353 0.483479 0.458140 0.424886 0.385662 0.342618 0.297913 0.253547 0.211216 0.172232 0.137477 0.107422 0.082172 0.061538 0.045121 0.032392 0.022769 0.015673 0.010565 0.006974 0.004509 0.002856 0.001771 0.001076 0.000641 0.000374 0.000214 0.000120 0.000066 0.000035 0.000019 0.000010 0.000005 0.000002 0.000001 0.000001 0.000000 0.000000 0.000000 0.000000 0.000000 0.000000 0.000000 0.000000 0.000000 0.000000 0.000000 0.000000 0.000000 
0.000000 0.000000 0.000000 0.000000 0.000000 0.000000 0.000000 0.000000 0.000000 0.000000 0.000000 0.000000 0.000000 0.000000 0.000001 0.000002 0.000004 0.000008 0.000016 0.000031 0.000060 0.000111 0.000202 0.000360 0.000629 0.001076 0.001806 0.002969 0.004782 0.007544 0.011658 0.017645 0.026155 0.037969 0.053975 0.075134 0.102408 0.136665 0.178560 0.228402 0.286011 0.350602 0.420709 0.494162 0.568152 0.639375 0.704263 0.759264 0.801170 0.827418 0.836358 0.827418 0.801170 0.759264 0.704263 0.639375 0.568152 0.494162 0.420709 0.350602 0.286011 0.228402 0.178560 0.136665 0.102408 0.075134 0.053975 0.037969 0.026155 0.017645 0.011658 0.007544 0.004782 0.002969 0.001806 0.001076 0.000629 0.000360 0.000202 0.000111 0.000060 0.000031 0.000016 0.000008 0.000004 0.000002 0.000001 0.000000 0.000000 0.000000 0.000000 0.000000 0.000000 0.000000 0.000000 0.000000 0.000000 0.000000 0.000000 0.000000 
0.000000 0.000000 0.000000 0.000000 0.000000 0.000000 0.000000 0.000000 0.000000 0.000000 0.000000 0.000000 0.000000 0.000001 0.000002 0.000003 0.000007 0.000014 0.000027 0.000052 0.000099 0.000183 0.000333 0.000593 0.001035 0.001771 0.002969 0.004877 0.007846 0.012367 0.019095 0.028877 0.042772 0.062045 0.088140 0.122613 0.167019 0.222761 0.290897 0.371914 0.465513 0.570413 0.684226 0.803431 0.923471 1.038995 1.144218 1.233395 1.301330 1.343880 1.358371 1.343880 1.301330 1.233395 1.144218 1.038995 0.923471 0.803431 0.684226 0.570413 0.465513 0.371914 0.290897 0.222761 0.167019 0.122613 0.088140 0.062045 0.042772 0.028877 0.019095 0.012367 0.007846 0.004877 0.002969 0.001771 0.001035 0.000593 0.000333 0.000183 0.000099 0.000052 0.000027 0.000014 0.000007 0.000003 0.000002 0.000001 0.000000 0.000000 0.000000 0.000000 0.000000 0.000000 0.000000 0.000000 0.000000 0.000000 0.000000 0.000000 
0.000000 0.000000 0.000000 0.000000 0.000000 0.000000 0.000000 0.000000 0.000000 0.000000 0.000000 0.000000 0.000001 0.000001 0.000003 0.000005 0.000011 0.000022 0.000044 0.000085 0.000160 0.000297 0.000538 0.000958 0.001671 0.002856 0.004782 0.007846 0.012613 0.019864 0.030644 0.046306 0.068537 0.099350 0.141041 0.196081 0.266937 0.355834 0.464436 0.593508 0.742558 0.909536 1.090636 1.280254 1.471146 1.654810 1.822065 1.963791 2.071744 2.139353 2.162377 2.139353 2.071744 1.963791 1.822065 1.654810 1.471146 1.280254 1.090636 0.909536 0.742558 0.593508 0.464436 0.355834 0.266937 0.196081 0.141041 0.099350 0.068537 0.046306 0.030644 0.019864 0.012613 0.007846 0.004782 0.002856 0.001671 0.000958 0.000538 0.000297 0.000160 0.000085 0.000044 0.000022 0.000011 0.000005 0.000003 0.000001 0.000001 0.000000 0.000000 0.000000 0.000000 0.000000 0.000000 0.000000 0.000000 0.000000 0.000000 0.000000 
0.000000 0.000000 0.000000 0.000000 0.000000 0.000000 0.000000 0.000000 0.000000 0.000000 0.000000 0.000000 0.000001 0.000002 0.000004 0.000009 0.000018 0.000036 0.000070 0.000135 0.000254 0.000470 0.000853 0.001516 0.002641 0.004509 0.007544 0.012367 0.019864 0.031256 0.048181 0.072753 0.107603 0.155875 0.221146 0.307260 0.418058 0.556989 0.726633 0.928157 1.160775 1.421271 1.703700 1.999319 2.296845 2.583038 2.843610 3.064375 3.232513 3.337806 3.373663 3.337806 3.232513 3.064375 2.843610 2.583038 2.296845 1.999319 1.703700 1.421271 1.160775 0.928157 0.726633 0.556989 0.418058 0.307260 0.221146 0.155875 0.107603 0.072753 0.048181 0.031256 0.019864 0.012367 0.007544 0.004509 0.002641 0.001516 0.000853 0.000470 0.000254 0.000135 0.000070 0.000036 0.000018 0.000009 0.000004 0.000002 0.000001 0.000000 0.000000 0.000000 0.000000 0.000000 0.000000 0.000000 0.000000 0.000000 0.000000 0.000000 
0.000000 0.000000 0.000000 0.000000 0.000000 0.000000 0.000000 0.000000 0.000000 0.000000 0.000000 0.000001 0.000001 0.000003 0.000007 0.000014 0.000028 0.000056 0.000109 0.000209 0.000395 0.000730 0.001323 0.002349 0.004089 0.006974 0.011658 0.019095 0.030644 0.048181 0.074215 0.111983 0.165512 0.239608 0.339735 0.471759 0.641531 0.854300 1.113980 1.422324 1.778097 2.176361 2.608012 3.059689 3.514160 3.951223 4.349084 4.686115 4.942775 5.103490 5.158218 5.103490 4.942775 4.686115 4.349084 3.951223 3.514160 3.059689 2.608012 2.176361 1.778097 1.422324 1.113980 0.854300 0.641531 0.471759 0.339735 0.239608 0.165512 0.111983 0.074215 0.048181 0.030644 0.019095 0.011658 0.006974 0.004089 0.002349 0.001323 0.000730 0.000395 0.000209 0.000109 0.000056 0.000028 0.000014 0.000007 0.000003 0.000001 0.000001 0.000000 0.000000 0.000000 0.000000 0.000000 0.000000 0.000000 0.000000 0.000000 0.000000 
0.000000 0.000000 0.000000 0.000000 0.000000 0.000000 0.000000 0.000000 0.000000 0.000000 0.000000 0.000001 0.000002 0.000005 0.000010 0.000021 0.000042 0.000085 0.000166 0.000319 0.000601 0.001110 0.002009 0.003565 0.006199 0.010565 0.017645 0.028877 0.046306 0.072753 0.111983 0.168855 0.249409 0.360843 0.511334 0.709655 0.964546 1.283834 1.673339 2.135643 2.668849 3.265528 3.912020 4.588314 5.268624 5.922734 6.518070 7.022311 7.406266 7.646674 7.728537 7.646674 7.406266 7.022311 6.518070 5.922734 5.268624 4.588314 3.912020 3.265528 2.668849 2.135643 1.673339 1.283834 0.964546 0.709655 0.511334 0.360843 0.249409 0.168855 0.111983 0.072753 0.046306 0.028877 0.017645 0.010565 0.006199 0.003565 0.002009 0.001110 0.000601 0.000319 0.000166 0.000085 0.000042 0.000021 0.000010 0.000005 0.000002 0.000001 0.000000 0.000000 0.000000 0.000000 0.000000 0.000000 0.000000 0.000000 0.000000 0.000000 
0.000000 0.000000 0.000000 0.000000 0.000000 0.000000 0.000000 0.000000 0.000000 0.000000 0.000001 0.000001 0.000003 0.000007 0.000015 0.000031 0.000064 0.000127 0.000248 0.000476 0.000896 0.001652 0.002988 0.005297 0.009204 0.015673 0.026155 0.042772 0.068537 0.107603 0.165512 0.249409 0.368166 0.532347 0.753950 1.045828 1.420774 1.890229 2.462677 3.141841 3.924878 4.800833 5.749631 6.741898 7.739821 8.699120 9.572076 10.311355 10.874225 11.226634 11.346630 11.226634 10.874225 10.311355 9.572076 8.699120 7.739821 6.741898 5.749631 4.800833 3.924878 3.141841 2.462677 1.890229 1.420774 1.045828 0.753950 0.532347 0.368166 0.249409 0.165512 0.107603 0.068537 0.042772 0.026155 0.015673 0.009204 0.005297 0.002988 0.001652 0.000896 0.000476 0.000248 0.000127 0.000064 0.000031 0.000015 0.000007 0.000003 0.000001 0.000001 0.000000 0.000000 0.000000 0.000000 0.000000 0.000000 0.000000 0.000000 0.000000 
0.000000 0.000000 0.000000 0.000000 0.000000 0.000000 0.000000 0.000000 0.000000 0.000000 0.000001 0.000002 0.000005 0.000010 0.000022 0.000046 0.000093 0.000185 0.000363 0.000695 0.001307 0.002409 0.004352 0.007708 0.013382 0.022769 0.037969 0.062045 0.099350 0.155875 0.239608 0.360843 0.532347 0.769320 1.088999 1.509844 2.050205 2.726469 3.550756 4.528336 5.655036 6.915033 8.279417 9.705947 11.140288 12.518849 13.773130 14.835207 15.643769 16.149972 16.322330 16.149972 15.643769 14.835207 13.773130 12.518849 11.140288 9.705947 8.279417 6.915033 5.655036 4.528336 3.550756 2.726469 2.050205 1.509844 1.088999 0.769320 0.532347 0.360843 0.239608 0.155875 0.099350 0.062045 0.037969 0.022769 0.013382 0.007708 0.004352 0.002409 0.001307 0.000695 0.000363 0.000185 0.000093 0.000046 0.000022 0.000010 0.000005 0.000002 0.000001 0.000000 0.000000 0.000000 0.000000 0.000000 0.000000 0.000000 0.000000 0.000000 
0.000000 0.000000 0.000000 0.000000 0.000000 0.000000 0.000000 0.000000 0.000000 0.000001 0.000001 0.000003 0.000007 0.000015 0.000032 0.000066 0.000133 0.000266 0.000519 0.000994 0.001867 0.003438 0.006206 0.010983 0.019052 0.032392 0.053975 0.088140 0.141041 0.221146 0.339735 0.511334 0.753950 1.088999 1.540757 2.135194 2.898104 3.852489 5.015322 6.393909 7.982263 9.757996 11.680324 13.689729 15.709709 17.650782 19.416599 20.911645 22.049723 22.762178 23.004757 22.762178 22.049723 20.911645 19.416599 17.650782 15.709709 13.689729 11.680324 9.757996 7.982263 6.393909 5.015322 3.852489 2.898104 2.135194 1.540757 1.088999 0.753950 0.511334 0.339735 0.221146 0.141041 0.088140 0.053975 0.032392 0.019052 0.010983 0.006206 0.003438 0.001867 0.000994 0.000519 0.000266 0.000133 0.000066 0.000032 0.000015 0.000007 0.000003 0.000001 0.000001 0.000000 0.000000 0.000000 0.000000 0.000000 0.000000 0.000000 0.000000 
0.000000 0.000000 0.000000 0.000000 0.000000 0.000000 0.000000 0.000000 0.000000 0.000001 0.000002 0.000004 0.000010 0.000021 0.000045 0.000092 0.000187 0.000372 0.000727 0.001391 0.002610 0.004803 0.008664 0.015321 0.026557 0.045121 0.075134 0.122613 0.196081 0.307260 0.471759 0.709655 1.045828 1.509844 2.135194 2.957681 4.012827 5.332276 6.939317 8.843887 11.037576 13.489364 16.142881 18.915969 21.703098 24.380899 26.816578 28.878536 30.448033 31.430506 31.765013 31.430506 30.448033 28.878536 26.816578 24.380899 21.703098 18.915969 16.142881 13.489364 11.037576 8.843887 6.939317 5.332276 4.012827 2.957681 2.135194 1.509844 1.045828 0.709655 0.471759 0.307260 0.196081 0.122613 0.075134 0.045121 0.026557 0.015321 0.008664 0.004803 0.002610 0.001391 0.000727 0.000372 0.000187 0.000092 0.000045 0.000021 0.000010 0.000004 0.000002 0.000001 0.000000 0.000000 0.000000 0.000000 0.000000 0.000000 0.000000 0.000000 
0.000000 0.000000 0.000000 0.000000 0.000000 0.000000 0.000000 0.000000 0.000001 0.000001 0.000003 0.000006 0.000014 0.000029 0.000061 0.000127 0.000257 0.000511 0.000996 0.001905 0.003573 0.006569 0.011840 0.020923 0.036244 0.061538 0.102408 0.167019 0.266937 0.418058 0.641531 0.964546 1.420774 2.050205 2.898104 4.012827 5.442312 7.229207 9.404836 11.982444 14.950479 18.266839 21.855209 25.604479 29.372033 32.991225 36.282739 39.068919 41.189503 42.516874 42.968797 42.516874 41.189503 39.068919 36.282739 32.991225 29.372033 25.604479 21.855209 18.266839 14.950479 11.982444 9.404836 7.229207 5.442312 4.012827 2.898104 2.050205 1.420774 0.964546 0.641531 0.418058 0.266937 0.167019 0.102408 0.061538 0.036244 0.020923 0.011840 0.006569 0.003573 0.001905 0.000996 0.000511 0.000257 0.000127 0.000061 0.000029 0.000014 0.000006 0.000003 0.000001 0.000001 0.000000 0.000000 0.000000 0.000000 0.000000 0.000000 0.000000 
0.000000 0.000000 0.000000 0.000000 0.000000 0.000000 0.000000 0.000000 0.000001 0.000002 0.000004 0.000008 0.000018 0.000039 0.000083 0.000170 0.000345 0.000686 0.001337 0.002554 0.004787 0.008794 0.015841 0.027974 0.048426 0.082172 0.136665 0.222761 0.355834 0.556989 0.854300 1.283834 1.890229 2.726469 3.852489 5.332276 7.229207 9.599608 12.484760 15.901978 19.835728 24.230055 28.983751 33.949618 38.938838 43.730876 48.088509 51.776764 54.583716 56.340629 56.938782 56.340629 54.583716 51.776764 48.088509 43.730876 38.938838 33.949618 28.983751 24.230055 19.835728 15.901978 12.484760 9.599608 7.229207 5.332276 3.852489 2.726469 1.890229 1.283834 0.854300 0.556989 0.355834 0.222761 0.136665 0.082172 0.048426 0.027974 0.015841 0.008794 0.004787 0.002554 0.001337 0.000686 0.000345 0.000170 0.000083 0.000039 0.000018 0.000008 0.000004 0.000002 0.000001 0.000000 0.000000 0.000000 0.000000 0.000000 0.000000 0.000000 
0.000000 0.000000 0.000000 0.000000 0.000000 0.000000 0.000000 0.000000 0.000001 0.000002 0.000005 0.000011 0.000024 0.000052 0.000109 0.000224 0.000454 0.000902 0.001755 0.003352 0.006277 0.011524 0.020745 0.036613 0.063343 0.107422 0.178560 0.290897 0.464436 0.726633 1.113980 1.673339 2.462677 3.550756 5.015322 6.939317 9.404836 12.484760 16.232402 20.669952 25.776979 31.480651 37.649498 44.092498 50.564759 56.780368 62.431877 67.214815 70.854626 73.132734 73.908313 73.132734 70.854626 67.214815 62.431877 56.780368 50.564759 44.092498 37.649498 31.480651 25.776979 20.669952 16.232402 12.484760 9.404836 6.939317 5.015322 3.550756 2.462677 1.673339 1.113980 0.726633 0.464436 0.290897 0.178560 0.107422 0.063343 0.036613 0.020745 0.011524 0.006277 0.003352 0.001755 0.000902 0.000454 0.000224 0.000109 0.000052 0.000024 0.000011 0.000005 0.000002 0.000001 0.000000 0.000000 0.000000 0.000000 0.000000 0.000000 0.000000 
0.000000 0.000000 0.000000 0.000000 0.000000 0.000000 0.000000 0.000001 0.000001 0.000003 0.000006 0.000014 0.000031 0.000067 0.000140 0.000289 0.000584 0.001159 0.002256 0.004305 0.008055 0.014781 0.026593 0.046906 0.081108 0.137477 0.228402 0.371914 0.593508 0.928157 1.422324 2.135643 3.141841 4.528336 6.393909 8.843887 11.982444 15.901978 20.669952 26.314243 32.808566 40.060081 47.901522 56.090064 64.314580 72.211960 79.391849 85.467760 90.091228 92.984872 93.969988 92.984872 90.091228 85.467760 79.391849 72.211960 64.314580 56.090064 47.901522 40.060081 32.808566 26.314243 20.669952 15.901978 11.982444 8.843887 6.393909 4.528336 3.141841 2.135643 1.422324 0.928157 0.593508 0.371914 0.228402 0.137477 0.081108 0.046906 0.026593 0.014781 0.008055 0.004305 0.002256 0.001159 0.000584 0.000289 0.000140 0.000067 0.000031 0.000014 0.000006 0.000003 0.000001 0.000001 0.000000 0.000000 0.000000 0.000000 0.000000 0.000000 
0.000000 0.000000 0.000000 0.000000 0.000000 0.000000 0.000000 0.000001 0.000002 0.000004 0.000008 0.000018 0.000039 0.000084 0.000177 0.000364 0.000736 0.001459 0.002837 0.005410 0.010118 0.018556 0.033366 0.058822 0.101661 0.172232 0.286011 0.465513 0.742558 1.160775 1.778097 2.668849 3.924878 5.655036 7.982263 11.037576 14.950479 19.835728 25.776979 32.808566 40.897400 49.927596 59.690725 69.884446 80.121568 89.950361 98.885328 106.445872 112.198739 115.799088 117.024773 115.799088 112.198739 106.445872 98.885328 89.950361 80.121568 69.884446 59.690725 49.927596 40.897400 32.808566 25.776979 19.835728 14.950479 11.037576 7.982263 5.655036 3.924878 2.668849 1.778097 1.160775 0.742558 0.465513 0.286011 0.172232 0.101661 0.058822 0.033366 0.018556 0.010118 0.005410 0.002837 0.001459 0.000736 0.000364 0.000177 0.000084 0.000039 0.000018 0.000008 0.000004 0.000002 0.000001 0.000000 0.000000 0.000000 0.000000 0.000000 0.000000 
0.000000 0.000000 0.000000 0.000000 0.000000 0.000000 0.000000 0.000001 0.000002 0.000004 0.000010 0.000022 0.000049 0.000104 0.000218 0.000449 0.000906 0.001796 0.003490 0.006653 0.012437 0.022798 0.040974 0.072201 0.124727 0.211216 0.350602 0.570413 0.909536 1.421271 2.176361 3.265528 4.800833 6.915033 9.757996 13.489364 18.266839 24.230055 31.480651 40.060081 49.927596 60.941553 72.847584 85.276981 97.757770 109.739481 120.630628 129.845796 136.857309 141.245210 142.738979 141.245210 136.857309 129.845796 120.630628 109.739481 97.757770 85.276981 72.847584 60.941553 49.927596 40.060081 31.480651 24.230055 18.266839 13.489364 9.757996 6.915033 4.800833 3.265528 2.176361 1.421271 0.909536 0.570413 0.350602 0.211216 0.124727 0.072201 0.040974 0.022798 0.012437 0.006653 0.003490 0.001796 0.000906 0.000449 0.000218 0.000104 0.000049 0.000022 0.000010 0.000004 0.000002 0.000001 0.000000 0.000000 0.000000 0.000000 0.000000 0.000000 
0.000000 0.000000 0.000000 0.000000 0.000000 0.000000 0.000000 0.000001 0.000002 0.000005 0.000012 0.000027 0.000059 0.000125 0.000263 0.000541 0.001092 0.002163 0.004203 0.008007 0.014961 0.027412 0.049246 0.086740 0.149782 0.253547 0.420709 0.684226 1.090636 1.703700 2.608012 3.912020 5.749631 8.279417 11.680324 16.142881 21.855209 28.983751 37.649498 47.901522 59.690725 72.847584 87.068082 101.911828 116.815316 131.121503 144.124537 155.125915 163.496102 168.734116 170.517260 168.734116 163.496102 155.125915 144.124537 131.121503 116.815316 101.911828 87.068082 72.847584 59.690725 47.901522 37.649498 28.983751 21.855209 16.142881 11.680324 8.279417 5.749631 3.912020 2.608012 1.703700 1.090636 0.684226 0.420709 0.253547 0.149782 0.086740 0.049246 0.027412 0.014961 0.008007 0.004203 0.002163 0.001092 0.000541 0.000263 0.000125 0.000059 0.000027 0.000012 0.000005 0.000002 0.000001 0.000000 0.000000 0.000000 0.000000 0.000000 0.000000 
0.000000 0.000000 0.000000 0.000000 0.000000 0.000000 0.000000 0.000001 0.000003 0.000006 0.000014 0.000032 0.000069 0.000148 0.000310 0.000638 0.001288 0.002550 0.004951 0.009430 0.017612 0.032256 0.057925 0.101989 0.176052 0.297913 0.494162 0.803431 1.280254 1.999319 3.059689 4.588314 6.741898 9.705947 13.689729 18.915969 25.604479 33.949618 44.092498 56.090064 69.884446 85.276981 101.911828 119.273820 136.704004 153.434234 168.639452 181.503303 191.290111 197.414468 199.499315 197.414468 191.290111 181.503303 168.639452 153.434234 136.704004 119.273820 101.911828 85.276981 69.884446 56.090064 44.092498 33.949618 25.604479 18.915969 13.689729 9.705947 6.741898 4.588314 3.059689 1.999319 1.280254 0.803431 0.494162 0.297913 0.176052 0.101989 0.057925 0.032256 0.017612 0.009430 0.004951 0.002550 0.001288 0.000638 0.000310 0.000148 0.000069 0.000032 0.000014 0.000006 0.000003 0.000001 0.000000 0.000000 0.000000 0.000000 0.000000 0.000000 
