0.000000 0.000000 0.000000 0.000000 0.000000 0.000000 0.000000 0.000000 0.000000 0.000000 0.000000 0.000000 0.000000 0.000000 0.000000 0.000000 0.000000 0.000000 0.000000 0.000000 0.000000 0.000000 0.000000 0.000000 0.000000 0.000000 0.000000 0.000000 0.000000 0.000000 0.000000 0.000000 0.000000 0.000000 0.000000 0.000000 0.000000 0.000000 0.000000 0.000000 0.000000 0.000000 0.000000 0.000000 0.000000 0.000000 0.000000 0.000000 0.000000 0.000000 0.000000 0.000000 0.000000 0.000000 0.000000 0.000000 0.000000 0.000000 0.000000 0.000000 0.000000 0.000000 0.000000 0.000000 0.000000 0.000000 0.000000 0.000000 0.000000 0.000000 0.000000 0.000000 0.000000 0.000000 0.000000 0.000000 0.000000 0.000000 0.000000 0.000000 0.000000 0.000000 0.000000 0.000000 0.000000 0.000000 0.000000 0.000000 0.000000 0.000000 0.000000 0.000000 0.000000 0.000000 0.000000 0.000000 0.000000 0.000000 0.000000 0.000000 
0.000000 0.000000 0.000000 0.000000 0.000000 0.000000 0.000000 0.000000 0.000000 0.000000 0.000000 0.000001 0.000001 0.000001 0.000002 0.000002 0.000003 0.000004 0.000006 0.000008 0.000011 0.000015 0.000019 0.000025 0.000033 0.000042 0.000054 0.000068 0.000085 0.000105 0.000128 0.000156 0.000187 0.000222 0.000261 0.000304 0.000351 0.000401 0.000454 0.000508 0.000564 0.000619 0.000674 0.000725 0.000774 0.000817 0.000854 0.000884 0.000906 0.000920 0.000924 0.000920 0.000906 0.000884 0.000854 0.000817 0.000774 0.000725 0.000674 0.000619 0.000564 0.000508 0.000454 0.000401 0.000351 0.000304 0.000261 0.000222 0.000187 0.000156 0.000128 0.000105 0.000085 0.000068 0.000054 0.000042 0.000033 0.000025 0.000019 0.000015 0.000011 0.000008 0.000006 0.000004 0.000003 0.000002 0.000002 0.000001 0.000001 0.000001 0.000000 0.000000 0.000000 0.000000 0.000000 0.000000 0.000000 0.000000 0.000000 0.000000 
0.000000 0.000000 0.000000 0.000000 0.000000 0.000000 0.000000 0.000000 0.000000 0.000001 0.000001 0.000001 0.000002 0.000002 0.000003 0.000005 0.000007 0.000010 0.000013 0.000018 0.000024 0.000032 0.000043 0.000056 0.000073 0.000093 0.000119 0.000150 0.000187 0.000231 0.000283 0.000342 0.000411 0.000488 0.000575 0.000670 0.000773 0.000883 0.000999 0.001119 0.001241 0.001363 0.001483 0.001597 0.001703 0.001798 0.001880 0.001946 0.001994 0.002024 0.002034 0.002024 0.001994 0.001946 0.001880 0.001798 0.001703 0.001597 0.001483 0.001363 0.001241 0.001119 0.000999 0.000883 0.000773 0.000670 0.000575 0.000488 0.000411 0.000342 0.000283 0.000231 0.000187 0.000150 0.000119 0.000093 0.000073 0.000056 0.000043 0.000032 0.000024 0.000018 0.000013 0.000010 0.000007 0.000005 0.000003 0.000002 0.000002 0.000001 0.000001 0.000001 0.000000 0.000000 0.000000 0.000000 0.000000 0.000000 0.000000 0.000000 
0.000000 0.000000 0.000000 0.000000 0.000000 0.000000 0.000000 0.000000 0.000001 0.000001 0.000001 0.000002 0.000003 0.000004 0.000006 0.000009 0.000012 0.000017 0.000023 0.000031 0.000042 0.000056 0.000075 0.000098 0.000127 0.000163 0.000207 0.000261 0.000326 0.000403 0.000493 0.000597 0.000717 0.000852 0.001002 0.001168 0.001348 0.001539 0.001742 0.001951 0.002164 0.002377 0.002585 0.002783 0.002968 0.003133 0.003276 0.003391 0.003476 0.003528 0.003545 0.003528 0.003476 0.003391 0.003276 0.003133 0.002968 0.002783 0.002585 0.002377 0.002164 0.001951 0.001742 0.001539 0.001348 0.001168 0.001002 0.000852 0.000717 0.000597 0.000493 0.000403 0.000326 0.000261 0.000207 0.000163 0.000127 0.000098 0.000075 0.000056 0.000042 0.000031 0.000023 0.000017 0.000012 0.000009 0.000006 0.000004 0.000003 0.000002 0.000001 0.000001 0.000001 0.000000 0.000000 0.000000 0.000000 0.000000 0.000000 0.000000 
0.000000 0.000000 0.000000 0.000000 0.000000 0.000000 0.000000 0.000001 0.000001 0.000001 0.000002 0.000003 0.000005 0.000007 0.000010 0.000014 0.000019 0.000027 0.000037 0.000051 0.000068 0.000091 0.000121 0.000158 0.000205 0.000264 0.000336 0.000423 0.000528 0.000653 0.000799 0.000968 0.001161 0.001379 0.001623 0.001891 0.002181 0.002492 0.002818 0.003157 0.003501 0.003845 0.004182 0.004503 0.004801 0.005069 0.005299 0.005485 0.005622 0.005706 0.005734 0.005706 0.005622 0.005485 0.005299 0.005069 0.004801 0.004503 0.004182 0.003845 0.003501 0.003157 0.002818 0.002492 0.002181 0.001891 0.001623 0.001379 0.001161 0.000968 0.000799 0.000653 0.000528 0.000423 0.000336 0.000264 0.000205 0.000158 0.000121 0.000091 0.000068 0.000051 0.000037 0.000027 0.000019 0.000014 0.000010 0.000007 0.000005 0.000003 0.000002 0.000001 0.000001 0.000001 0.000000 0.000000 0.000000 0.000000 0.000000 0.000000 
0.000000 0.000000 0.000000 0.000000 0.000000 0.000000 0.000001 0.000001 0.000002 0.000002 0.000003 0.000005 0.000007 0.000011 0.000015 0.000022 0.000031 0.000043 0.000059 0.000080 0.000107 0.000144 0.000190 0.000249 0.000323 0.000415 0.000527 0.000664 0.000829 0.001024 0.001253 0.001518 0.001821 0.002163 0.002544 0.002964 0.003419 0.003905 0.004417 0.004947 0.005486 0.006025 0.006552 0.007054 0.007521 0.007941 0.008301 0.008592 0.008807 0.008938 0.008982 0.008938 0.008807 0.008592 0.008301 0.007941 0.007521 0.007054 0.006552 0.006025 0.005486 0.004947 0.004417 0.003905 0.003419 0.002964 0.002544 0.002163 0.001821 0.001518 0.001253 0.001024 0.000829 0.000664 0.000527 0.000415 0.000323 0.000249 0.000190 0.000144 0.000107 0.000080 0.000059 0.000043 0.000031 0.000022 0.000015 0.000011 0.000007 0.000005 0.000003 0.000002 0.000002 0.000001 0.000001 0.000000 0.000000 0.000000 0.000000 0.000000 
0.000000 0.000000 0.000000 0.000000 0.000000 0.000001 0.000001 0.000002 0.000002 0.000004 0.000005 0.000008 0.000012 0.000017 0.000024 0.000034 0.000047 0.000066 0.000090 0.000123 0.000166 0.000222 0.000293 0.000384 0.000498 0.000639 0.000813 0.001024 0.001278 0.001578 0.001930 0.002338 0.002805 0.003332 0.003919 0.004564 0.005264 0.006013 0.006800 0.007615 0.008445 0.009273 0.010083 0.010856 0.011574 0.012219 0.012773 0.013221 0.013551 0.013753 0.013821 0.013753 0.013551 0.013221 0.012773 0.012219 0.011574 0.010856 0.010083 0.009273 0.008445 0.007615 0.006800 0.006013 0.005264 0.004564 0.003919 0.003332 0.002805 0.002338 0.001930 0.001578 0.001278 0.001024 0.000813 0.000639 0.000498 0.000384 0.000293 0.000222 0.000166 0.000123 0.000090 0.000066 0.000047 0.000034 0.000024 0.000017 0.000012 0.000008 0.000005 0.000004 0.000002 0.000002 0.000001 0.000001 0.000000 0.000000 0.000000 0.000000 
0.000000 0.000000 0.000000 0.000000 0.000001 0.000001 0.000002 0.000002 0.000004 0.000006 0.000008 0.000012 0.000018 0.000026 0.000036 0.000052 0.000072 0.000100 0.000138 0.000188 0.000253 0.000338 0.000447 0.000585 0.000758 0.000974 0.001238 0.001559 0.001945 0.002402 0.002937 0.003558 0.004267 0.005067 0.005960 0.006941 0.008005 0.009141 0.010338 0.011576 0.012836 0.014094 0.015324 0.016498 0.017588 0.018567 0.019408 0.020089 0.020589 0.020896 0.020999 0.020896 0.020589 0.020089 0.019408 0.018567 0.017588 0.016498 0.015324 0.014094 0.012836 0.011576 0.010338 0.009141 0.008005 0.006941 0.005960 0.005067 0.004267 0.003558 0.002937 0.002402 0.001945 0.001559 0.001238 0.000974 0.000758 0.000585 0.000447 0.000338 0.000253 0.000188 0.000138 0.000100 0.000072 0.000052 0.000036 0.000026 0.000018 0.000012 0.000008 0.000006 0.000004 0.000002 0.000002 0.000001 0.000001 0.000000 0.000000 0.000000 
0.000000 0.000000 0.000000 0.000001 0.000001 0.000002 0.000002 0.000004 0.000006 0.000008 0.000013 0.000018 0.000027 0.000039 0.000055 0.000078 0.000109 0.000151 0.000208 0.000283 0.000382 0.000509 0.000673 0.000881 0.001143 0.001467 0.001865 0.002349 0.002929 0.003617 0.004423 0.005356 0.006422 0.007627 0.008968 0.010444 0.012043 0.013752 0.015550 0.017411 0.019305 0.021195 0.023043 0.024807 0.026446 0.027916 0.029180 0.030202 0.030954 0.031414 0.031569 0.031414 0.030954 0.030202 0.029180 0.027916 0.026446 0.024807 0.023043 0.021195 0.019305 0.017411 0.015550 0.013752 0.012043 0.010444 0.008968 0.007627 0.006422 0.005356 0.004423 0.003617 0.002929 0.002349 0.001865 0.001467 0.001143 0.000881 0.000673 0.000509 0.000382 0.000283 0.000208 0.000151 0.000109 0.000078 0.000055 0.000039 0.000027 0.000018 0.000013 0.000008 0.000006 0.000004 0.000002 0.000002 0.000001 0.000001 0.000000 0.000000 
0.000000 0.000000 0.000001 0.000001 0.000001 0.000002 0.000004 0.000006 0.000008 0.000013 0.000019 0.000028 0.000040 0.000058 0.000082 0.000117 0.000163 0.000226 0.000311 0.000423 0.000570 0.000761 0.001005 0.001316 0.001705 0.002189 0.002783 0.003503 0.004368 0.005393 0.006593 0.007983 0.009572 0.011365 0.013363 0.015560 0.017941 0.020484 0.023160 0.025930 0.028748 0.031561 0.034311 0.036936 0.039373 0.041560 0.043440 0.044961 0.046080 0.046764 0.046995 0.046764 0.046080 0.044961 0.043440 0.041560 0.039373 0.036936 0.034311 0.031561 0.028748 0.025930 0.023160 0.020484 0.017941 0.015560 0.013363 0.011365 0.009572 0.007983 0.006593 0.005393 0.004368 0.003503 0.002783 0.002189 0.001705 0.001316 0.001005 0.000761 0.000570 0.000423 0.000311 0.000226 0.000163 0.000117 0.000082 0.000058 0.000040 0.000028 0.000019 0.000013 0.000008 0.000006 0.000004 0.000002 0.000001 0.000001 0.000000 0.000000 
0.000000 0.000000 0.000001 0.000001 0.000002 0.000003 0.000005 0.000008 0.000013 0.000019 0.000028 0.000041 0.000059 0.000086 0.000122 0.000173 0.000242 0.000335 0.000460 0.000626 0.000843 0.001125 0.001486 0.001945 0.002521 0.003235 0.004112 0.005175 0.006451 0.007964 0.009735 0.011786 0.014130 0.016775 0.019722 0.022960 0.026471 0.030221 0.034166 0.038249 0.042403 0.046549 0.050601 0.054469 0.058060 0.061283 0.064053 0.066294 0.067943 0.068951 0.069291 0.068951 0.067943 0.066294 0.064053 0.061283 0.058060 0.054469 0.050601 0.046549 0.042403 0.038249 0.034166 0.030221 0.026471 0.022960 0.019722 0.016775 0.014130 0.011786 0.009735 0.007964 0.006451 0.005175 0.004112 0.003235 0.002521 0.001945 0.001486 0.001125 0.000843 0.000626 0.000460 0.000335 0.000242 0.000173 0.000122 0.000086 0.000059 0.000041 0.000028 0.000019 0.000013 0.000008 0.000005 0.000003 0.000002 0.000001 0.000001 0.000000 
0.000000 0.000001 0.000001 0.000002 0.000003 0.000005 0.000008 0.000012 0.000018 0.000028 0.000041 0.000060 0.000087 0.000126 0.000179 0.000253 0.000354 0.000491 0.000675 0.000917 0.001236 0.001648 0.002177 0.002848 0.003690 0.004735 0.006017 0.007573 0.009438 0.011649 0.014239 0.017236 0.020660 0.024525 0.028830 0.033561 0.038688 0.044165 0.049925 0.055888 0.061952 0.068005 0.073921 0.079567 0.084809 0.089514 0.093557 0.096827 0.099233 0.100706 0.101201 0.100706 0.099233 0.096827 0.093557 0.089514 0.084809 0.079567 0.073921 0.068005 0.061952 0.055888 0.049925 0.044165 0.038688 0.033561 0.028830 0.024525 0.020660 0.017236 0.014239 0.011649 0.009438 0.007573 0.006017 0.004735 0.003690 0.002848 0.002177 0.001648 0.001236 0.000917 0.000675 0.000491 0.000354 0.000253 0.000179 0.000126 0.000087 0.000060 0.000041 0.000028 0.000018 0.000012 0.000008 0.000005 0.000003 0.000002 0.000001 0.000000 
0.000000 0.000001 0.000002 0.000003 0.000005 0.000007 0.000012 0.000018 0.000027 0.000040 0.000059 0.000087 0.000127 0.000183 0.000260 0.000368 0.000515 0.000714 0.000979 0.001332 0.001793 0.002391 0.003158 0.004131 0.005351 0.006866 0.008723 0.010976 0.013678 0.016880 0.020629 0.024968 0.029925 0.035518 0.041748 0.048594 0.056012 0.063935 0.072268 0.080892 0.089663 0.098417 0.106972 0.115137 0.122717 0.129520 0.135365 0.140094 0.143573 0.145701 0.146418 0.145701 0.143573 0.140094 0.135365 0.129520 0.122717 0.115137 0.106972 0.098417 0.089663 0.080892 0.072268 0.063935 0.056012 0.048594 0.041748 0.035518 0.029925 0.024968 0.020629 0.016880 0.013678 0.010976 0.008723 0.006866 0.005351 0.004131 0.003158 0.002391 0.001793 0.001332 0.000979 0.000714 0.000515 0.000368 0.000260 0.000183 0.000127 0.000087 0.000059 0.000040 0.000027 0.000018 0.000012 0.000007 0.000005 0.000003 0.000001 0.000000 
0.000000 0.000001 0.000002 0.000004 0.000007 0.000011 0.000017 0.000026 0.000039 0.000058 0.000086 0.000126 0.000183 0.000263 0.000375 0.000529 0.000741 0.001026 0.001409 0.001915 0.002578 0.003437 0.004538 0.005935 0.007687 0.009861 0.012526 0.015759 0.019635 0.024228 0.029606 0.035827 0.042935 0.050954 0.059885 0.069697 0.080329 0.091684 0.103625 0.115982 0.128549 0.141090 0.153346 0.165042 0.175900 0.185643 0.194016 0.200789 0.205771 0.208820 0.209846 0.208820 0.205771 0.200789 0.194016 0.185643 0.175900 0.165042 0.153346 0.141090 0.128549 0.115982 0.103625 0.091684 0.080329 0.069697 0.059885 0.050954 0.042935 0.035827 0.029606 0.024228 0.019635 0.015759 0.012526 0.009861 0.007687 0.005935 0.004538 0.003437 0.002578 0.001915 0.001409 0.001026 0.000741 0.000529 0.000375 0.000263 0.000183 0.000126 0.000086 0.000058 0.000039 0.000025 0.000017 0.000011 0.000007 0.000004 0.000002 0.000000 
0.000000 0.000002 0.000003 0.000006 0.000010 0.000015 0.000024 0.000036 0.000055 0.000082 0.000122 0.000179 0.000260 0.000375 0.000534 0.000755 0.001056 0.001462 0.002007 0.002727 0.003670 0.004893 0.006460 0.008446 0.010938 0.014028 0.017818 0.022413 0.027921 0.034447 0.042087 0.050925 0.061021 0.072410 0.085092 0.099024 0.114119 0.130238 0.147188 0.164727 0.182563 0.200362 0.217754 0.234352 0.249758 0.263584 0.275464 0.285073 0.292142 0.296467 0.297923 0.296467 0.292142 0.285073 0.275464 0.263584 0.249758 0.234352 0.217754 0.200362 0.182563 0.164727 0.147188 0.130238 0.114119 0.099024 0.085092 0.072410 0.061021 0.050925 0.042087 0.034447 0.027921 0.022413 0.017818 0.014028 0.010938 0.008446 0.006460 0.004893 0.003670 0.002727 0.002007 0.001462 0.001056 0.000755 0.000534 0.000375 0.000260 0.000179 0.000122 0.000082 0.000055 0.000036 0.000024 0.000015 0.000009 0.000005 0.000002 0.000000 
0.000000 0.000002 0.000005 0.000009 0.000014 0.000022 0.000034 0.000052 0.000078 0.000117 0.000173 0.000253 0.000368 0.000529 0.000755 0.001066 0.001490 0.002064 0.002831 0.003847 0.005177 0.006899 0.009107 0.011906 0.015416 0.019768 0.025104 0.031574 0.039328 0.048513 0.059265 0.071701 0.085906 0.101928 0.119767 0.139364 0.160593 0.183260 0.207095 0.231756 0.256832 0.281854 0.306304 0.329635 0.351291 0.370724 0.387422 0.400928 0.410863 0.416942 0.418988 0.416942 0.410863 0.400928 0.387422 0.370724 0.351291 0.329635 0.306304 0.281854 0.256832 0.231756 0.207095 0.183260 0.160593 0.139364 0.119767 0.101928 0.085906 0.071701 0.059265 0.048513 0.039328 0.031574 0.025104 0.019768 0.015416 0.011906 0.009107 0.006899 0.005177 0.003847 0.002831 0.002064 0.001490 0.001066 0.000755 0.000529 0.000368 0.000253 0.000173 0.000117 0.000078 0.000052 0.000034 0.000022 0.000013 0.000008 0.000004 0.000000 
0.000000 0.000003 0.000007 0.000012 0.000019 0.000031 0.000047 0.000072 0.000109 0.000163 0.000242 0.000354 0.000515 0.000741 0.001056 0.001490 0.002083 0.002885 0.003957 0.005375 0.007232 0.009636 0.012718 0.016624 0.021521 0.027592 0.035035 0.044058 0.054870 0.067677 0.082666 0.099999 0.119797 0.142125 0.166981 0.194284 0.223860 0.255435 0.288635 0.322983 0.357906 0.392752 0.426800 0.459288 0.489442 0.516499 0.539748 0.558552 0.572384 0.580847 0.583696 0.580847 0.572384 0.558552 0.539748 0.516499 0.489442 0.459288 0.426800 0.392752 0.357906 0.322983 0.288635 0.255435 0.223860 0.194284 0.166981 0.142125 0.119797 0.099999 0.082666 0.067677 0.054870 0.044058 0.035035 0.027592 0.021521 0.016624 0.012718 0.009636 0.007232 0.005375 0.003957 0.002885 0.002083 0.001490 0.001056 0.000741 0.000515 0.000354 0.000242 0.000163 0.000109 0.000072 0.000047 0.000030 0.000019 0.000011 0.000005 0.000000 
0.000000 0.000004 0.000010 0.000017 0.000027 0.000043 0.000066 0.000100 0.000151 0.000226 0.000335 0.000491 0.000714 0.001026 0.001462 0.002064 0.002885 0.003994 0.005477 0.007439 0.010006 0.013332 0.017592 0.022991 0.029758 0.038147 0.048431 0.060895 0.075829 0.093516 0.114214 0.138145 0.165477 0.196298 0.230607 0.268288 0.309102 0.352672 0.398480 0.445868 0.494048 0.542117 0.589083 0.633896 0.675487 0.712806 0.744870 0.770804 0.789881 0.801552 0.805481 0.801552 0.789881 0.770804 0.744870 0.712806 0.675487 0.633896 0.589083 0.542117 0.494048 0.445868 0.398480 0.352672 0.309102 0.268288 0.230607 0.196298 0.165477 0.138145 0.114214 0.093516 0.075829 0.060895 0.048431 0.038147 0.029758 0.022991 0.017592 0.013332 0.010006 0.007439 0.005477 0.003994 0.002885 0.002064 0.001462 0.001026 0.000714 0.000491 0.000335 0.000226 0.000151 0.000100 0.000065 0.000042 0.000026 0.000015 0.000007 0.000000 
0.000000 0.000006 0.000013 0.000023 0.000037 0.000059 0.000090 0.000138 0.000208 0.000311 0.000460 0.000675 0.000979 0.001409 0.002007 0.002831 0.003957 0.005477 0.007509 0.010197 0.013714 0.018268 0.024102 0.031494 0.040758 0.052240 0.066314 0.083369 0.103801 0.127994 0.156305 0.189035 0.226410 0.268554 0.315460 0.366973 0.422764 0.482317 0.544925 0.609688 0.675529 0.741214 0.805389 0.866619 0.923443 0.974430 1.018236 1.053666 1.079727 1.095672 1.101040 1.095672 1.079727 1.053666 1.018236 0.974430 0.923443 0.866619 0.805389 0.741214 0.675529 0.609688 0.544925 0.482317 0.422764 0.366973 0.315460 0.268554 0.226410 0.189035 0.156305 0.127994 0.103801 0.083369 0.066314 0.052240 0.040758 0.031494 0.024102 0.018268 0.013714 0.010197 0.007509 0.005477 0.003957 0.002831 0.002007 0.001409 0.000979 0.000675 0.000460 0.000311 0.000208 0.000138 0.000090 0.000058 0.000036 0.000021 0.000009 0.000000 
0.000000 0.000008 0.000018 0.000031 0.000051 0.000080 0.000123 0.000188 0.000283 0.000423 0.000626 0.000917 0.001332 0.001915 0.002727 0.003847 0.005375 0.007439 0.010197 0.013844 0.018616 0.024794 0.032707 0.042731 0.055292 0.070859 0.089936 0.113051 0.140740 0.173522 0.211879 0.256217 0.306843 0.363922 0.427447 0.497203 0.572745 0.653375 0.738135 0.825807 0.914932 1.003842 1.090702 1.173573 1.250478 1.319480 1.378763 1.426710 1.461977 1.483555 1.490818 1.483555 1.461977 1.426710 1.378763 1.319480 1.250478 1.173573 1.090702 1.003842 0.914932 0.825807 0.738135 0.653375 0.572745 0.497203 0.427447 0.363922 0.306843 0.256217 0.211879 0.173522 0.140740 0.113051 0.089936 0.070859 0.055292 0.042731 0.032707 0.024794 0.018616 0.013844 0.010197 0.007439 0.005375 0.003847 0.002727 0.001915 0.001332 0.000917 0.000626 0.000423 0.000283 0.000187 0.000122 0.000079 0.000049 0.000028 0.000013 0.000000 
0.000000 0.000011 0.000024 0.000042 0.000068 0.000107 0.000166 0.000253 0.000382 0.000570 0.000843 0.001236 0.001793 0.002578 0.003670 0.005177 0.007232 0.010006 0.013714 0.018616 0.025029 0.033331 0.043960 0.057425 0.074295 0.095198 0.120812 0.151844 0.189010 0.233009 0.284482 0.343977 0.411902 0.488477 0.573691 0.667257 0.768575 0.876709 0.990373 1.107934 1.227437 1.346644 1.463098 1.574199 1.677297 1.769798 1.849268 1.913540 1.960813 1.989737 1.999473 1.989737 1.960813 1.913540 1.849268 1.769798 1.677297 1.574199 1.463098 1.346644 1.227437 1.107934 0.990373 0.876709 0.768575 0.667257 0.573691 0.488477 0.411902 0.343977 0.284482 0.233009 0.189010 0.151844 0.120812 0.095198 0.074295 0.057425 0.043960 0.033331 0.025029 0.018616 0.013714 0.010006 0.007232 0.005177 0.003670 0.002578 0.001793 0.001235 0.000843 0.000570 0.000381 0.000252 0.000165 0.000106 0.000066 0.000038 0.000017 0.000000 
0.000000 0.000015 0.000032 0.000056 0.000091 0.000144 0.000222 0.000338 0.000509 0.000761 0.001125 0.001648 0.002391 0.003437 0.004893 0.006899 0.009636 0.013332 0.018268 0.024794 0.033331 0.044378 0.058522 0.076436 0.098877 0.126679 0.160742 0.202005 0.251420 0.309911 0.378332 0.457407 0.547676 0.649433 0.762658 0.886970 1.021571 1.165217 1.316197 1.472345 1.631063 1.789380 1.944032 2.091569 2.228474 2.351303 2.456825 2.542166 2.604935 2.643338 2.656265 2.643338 2.604935 2.542166 2.456825 2.351303 2.228474 2.091569 1.944032 1.789380 1.631063 1.472345 1.316197 1.165217 1.021571 0.886970 0.762658 0.649433 0.547676 0.457407 0.378332 0.309911 0.251420 0.202005 0.160742 0.126679 0.098877 0.076436 0.058522 0.044378 0.033331 0.024794 0.018268 0.013332 0.009636 0.006899 0.004893 0.003437 0.002391 0.001648 0.001125 0.000760 0.000509 0.000337 0.000220 0.000141 0.000088 0.000051 0.000023 0.000000 
0.000000 0.000019 0.000043 0.000075 0.000121 0.000190 0.000293 0.000447 0.000673 0.001005 0.001486 0.002177 0.003158 0.004538 0.006460 0.009107 0.012718 0.017592 0.024102 0.032707 0.043960 0.058522 0.077163 0.100769 0.130336 0.166962 0.211831 0.266176 0.331250 0.408268 0.498351 0.602451 0.721277 0.855211 1.004228 1.167822 1.344943 1.533953 1.732600 1.938034 2.146836 2.355101 2.558536 2.752603 2.932678 3.094233 3.233022 3.345264 3.427818 3.478327 3.495328 3.478327 3.427818 3.345264 3.233022 3.094233 2.932678 2.752603 2.558536 2.355101 2.146836 1.938034 1.732600 1.533953 1.344943 1.167822 1.004228 0.855211 0.721277 0.602451 0.498351 0.408268 0.331250 0.266176 0.211831 0.166962 0.130336 0.100769 0.077163 0.058522 0.043960 0.032707 0.024102 0.017592 0.012718 0.009107 0.006459 0.004538 0.003158 0.002177 0.001486 0.001005 0.000673 0.000446 0.000291 0.000187 0.000116 0.000067 0.000031 0.000000 
0.000000 0.000025 0.000056 0.000098 0.000158 0.000249 0.000384 0.000585 0.000881 0.001316 0.001945 0.002848 0.004131 0.005935 0.008446 0.011906 0.016624 0.022991 0.031494 0.042731 0.057425 0.076436 0.100769 0.131578 0.170162 0.217954 0.276491 0.347385 0.432264 0.532713 0.650188 0.785930 0.940858 1.115469 1.309728 1.522972 1.753833 2.000171 2.259054 2.526764 2.798850 3.070222 3.335288 3.588139 3.822752 4.033229 4.214041 4.360266 4.467813 4.533612 4.555760 4.533612 4.467813 4.360266 4.214041 4.033229 3.822752 3.588139 3.335288 3.070222 2.798850 2.526764 2.259054 2.000171 1.753833 1.522972 1.309728 1.115469 0.940858 0.785930 0.650188 0.532713 0.432264 0.347385 0.276491 0.217954 0.170162 0.131578 0.100769 0.076436 0.057425 0.042731 0.031494 0.022991 0.016624 0.011906 0.008446 0.005935 0.004131 0.002848 0.001945 0.001315 0.000881 0.000583 0.000382 0.000245 0.000152 0.000088 0.000040 0.000000 
0.000000 0.000033 0.000073 0.000127 0.000205 0.000323 0.000498 0.000758 0.001143 0.001705 0.002521 0.003690 0.005351 0.007687 0.010938 0.015416 0.021521 0.029758 0.040758 0.055292 0.074295 0.098877 0.130336 0.170162 0.220034 0.281798 0.357441 0.449040 0.558698 0.688456 0.840194 1.015509 1.215586 1.441062 1.691890 1.967211 2.265254 2.583258 2.917436 3.262989 3.614172 3.964415 4.306506 4.632819 4.935585 5.207197 5.440521 5.629210 5.767987 5.852892 5.881471 5.852892 5.767987 5.629210 5.440521 5.207197 4.935585 4.632819 4.306506 3.964415 3.614172 3.262989 2.917436 2.583258 2.265254 1.967211 1.691890 1.441062 1.215586 1.015509 0.840194 0.688456 0.558698 0.449040 0.357441 0.281798 0.220034 0.170162 0.130336 0.098877 0.074295 0.055292 0.040758 0.029758 0.021521 0.015416 0.010938 0.007687 0.005351 0.003690 0.002520 0.001705 0.001142 0.000756 0.000495 0.000318 0.000198 0.000114 0.000052 0.000000 
0.000000 0.000042 0.000093 0.000163 0.000264 0.000415 0.000639 0.000974 0.001467 0.002189 0.003235 0.004735 0.006866 0.009861 0.014028 0.019768 0.027592 0.038147 0.052240 0.070859 0.095198 0.126679 0.166962 0.217954 0.281798 0.360857 0.457670 0.574893 0.715210 0.881232 1.075357 1.299625 1.555547 1.843933 2.164719 2.516804 2.897920 3.304535 3.731804 4.173593 4.622557 5.070299 5.507601 5.924719 6.311725 6.658899 6.957127 7.198298 7.375673 7.484191 7.520718 7.484191 7.375673 7.198298 6.957127 6.658899 6.311725 5.924719 5.507601 5.070299 4.622557 4.173593 3.731804 3.304535 2.897920 2.516804 2.164719 1.843933 1.555547 1.299625 1.075357 0.881232 0.715210 0.574893 0.457670 0.360857 0.281798 0.217954 0.166962 0.126679 0.095198 0.070859 0.052240 0.038147 0.027592 0.019768 0.014028 0.009860 0.006865 0.004735 0.003235 0.002188 0.001466 0.000971 0.000635 0.000408 0.000254 0.000146 0.000067 0.000000 
0.000000 0.000054 0.000119 0.000207 0.000336 0.000527 0.000813 0.001238 0.001865 0.002783 0.004112 0.006017 0.008723 0.012526 0.017818 0.025104 0.035035 0.048431 0.066314 0.089936 0.120812 0.160742 0.211831 0.276491 0.357441 0.457670 0.580395 0.728975 0.906810 1.117202 1.363185 1.647338 1.971570 2.336904 2.743250 3.189213 3.671916 4.186881 4.727975 5.287426 5.855935 6.422872 6.976569 7.504689 7.994669 8.434207 8.811769 9.117091 9.341643 9.479024 9.525265 9.479024 9.341643 9.117091 8.811769 8.434207 7.994669 7.504689 6.976569 6.422872 5.855935 5.287426 4.727975 4.186881 3.671916 3.189213 2.743250 2.336904 1.971570 1.647338 1.363185 1.117202 0.906810 0.728975 0.580395 0.457670 0.357441 0.276491 0.211831 0.160742 0.120812 0.089936 0.066314 0.048431 0.035035 0.025104 0.017818 0.012526 0.008723 0.006017 0.004111 0.002782 0.001864 0.001235 0.000808 0.000519 0.000323 0.000186 0.000085 0.000000 
0.000000 0.000068 0.000150 0.000261 0.000423 0.000664 0.001024 0.001559 0.002349 0.003503 0.005175 0.007573 0.010976 0.015759 0.022413 0.031574 0.044058 0.060895 0.083369 0.113051 0.151844 0.202005 0.266176 0.347385 0.449040 0.574893 0.728975 0.915500 1.138730 1.402803 1.711520 2.068112 2.474968 2.933364 3.443183 4.002669 4.608208 5.254182 5.932894 6.634597 7.347626 8.058655 8.753051 9.415349 10.029799 10.580979 11.054430 11.437289 11.718862 11.891127 11.949110 11.891127 11.718862 11.437289 11.054430 10.580979 10.029799 9.415349 8.753051 8.058655 7.347626 6.634597 5.932894 5.254182 4.608208 4.002669 3.443183 2.933364 2.474968 2.068112 1.711520 1.402803 1.138730 0.915500 0.728975 0.574893 0.449040 0.347385 0.266176 0.202005 0.151844 0.113051 0.083369 0.060895 0.044058 0.031574 0.022413 0.015759 0.010976 0.007572 0.005175 0.003502 0.002347 0.001556 0.001018 0.000654 0.000407 0.000235 0.000107 0.000000 
0.000000 0.000085 0.000187 0.000326 0.000528 0.000829 0.001278 0.001945 0.002929 0.004368 0.006451 0.009438 0.013678 0.019635 0.027921 0.039328 0.054870 0.075829 0.103801 0.140740 0.189010 0.251420 0.331250 0.432264 0.558698 0.715210 0.906810 1.138730 1.416263 1.744543 2.128290 2.571512 3.077170 3.646842 4.280377 4.975585 5.727973 6.530556 7.373769 8.245503 9.131269 10.014513 10.877064 11.699718 12.462917 13.147512 13.735553 14.211066 14.560778 14.774728 14.846742 14.774728 14.560778 14.211066 13.735553 13.147512 12.462917 11.699718 10.877064 10.014513 9.131269 8.245503 7.373769 6.530556 5.727973 4.975585 4.280377 3.646842 3.077170 2.571512 2.128290 1.744543 1.416263 1.138730 0.906810 0.715210 0.558698 0.432264 0.331250 0.251420 0.189010 0.140740 0.103801 0.075829 0.054870 0.039328 0.027921 0.019635 0.013678 0.009438 0.006450 0.004366 0.002926 0.001940 0.001270 0.000816 0.000508 0.000293 0.000133 0.000000 
0.000000 0.000105 0.000231 0.000403 0.000653 0.001024 0.001578 0.002402 0.003617 0.005393 0.007964 0.011649 0.016880 0.024228 0.034447 0.048513 0.067677 0.093516 0.127994 0.173522 0.233009 0.309911 0.408268 0.532713 0.688456 0.881232 1.117202 1.402803 1.744543 2.148736 2.621186 3.166815 3.789260 4.490455 5.270206 6.125811 7.051734 8.039375 9.076963 10.149596 11.239448 12.326154 13.387365 14.399457 15.338378 16.180577 16.903980 17.488944 17.919145 18.182335 18.270922 18.182335 17.919145 17.488944 16.903980 16.180577 15.338378 14.399457 13.387365 12.326154 11.239448 10.149596 9.076963 8.039375 7.051734 6.125811 5.270206 4.490455 3.789260 3.166815 2.621186 2.148736 1.744543 1.402803 1.117202 0.881232 0.688456 0.532713 0.408268 0.309911 0.233009 0.173522 0.127994 0.093516 0.067677 0.048513 0.034447 0.024228 0.016880 0.011649 0.007963 0.005391 0.003613 0.002396 0.001569 0.001008 0.000627 0.000362 0.000165 0.000000 
0.000000 0.000128 0.000283 0.000493 0.000799 0.001253 0.001930 0.002937 0.004423 0.006593 0.009735 0.014239 0.020629 0.029606 0.042087 0.059265 0.082666 0.114214 0.156305 0.211879 0.284482 0.378332 0.498351 0.650188 0.840194 1.075357 1.363185 1.711520 2.128290 2.621186 3.197273 3.862541 4.621417 5.476245 6.426782 7.469725 8.598320 9.802080 11.066655 12.373883 13.702042 15.026319 16.319484 17.552757 18.696838 19.723041 20.604476 21.317218 21.841386 22.162061 22.269997 22.162061 21.841386 21.317218 20.604476 19.723041 18.696838 17.552757 16.319484 15.026319 13.702042 12.373883 11.066655 9.802080 8.598320 7.469725 6.426782 5.476245 4.621417 3.862541 3.197273 2.621186 2.128290 1.711520 1.363185 1.075357 0.840194 0.650188 0.498351 0.378332 0.284482 0.211878 0.156305 0.114214 0.082666 0.059265 0.042087 0.029606 0.020629 0.014238 0.009734 0.006591 0.004418 0.002930 0.001919 0.001234 0.000767 0.000443 0.000202 0.000000 
0.000000 0.000156 0.000342 0.000597 0.000968 0.001518 0.002338 0.003558 0.005356 0.007983 0.011786 0.017236 0.024968 0.035827 0.050925 0.071701 0.099999 0.138145 0.189035 0.256217 0.343977 0.457407 0.602451 0.785930 1.015509 1.299625 1.647338 2.068112 2.571512 3.166815 3.862541 4.665914 5.582264 6.614414 7.762056 9.021195 10.383670 11.836813 13.363301 14.941209 16.544321 18.142691 19.703458 21.191898 22.572658 23.811128 24.874866 25.735010 26.367574 26.754560 26.884816 26.754560 26.367574 25.735010 24.874866 23.811128 22.572658 21.191898 19.703458 18.142691 16.544321 14.941209 13.363301 11.836813 10.383670 9.021195 7.762056 6.614414 5.582264 4.665914 3.862541 3.166815 2.571512 2.068112 1.647338 1.299625 1.015509 0.785930 0.602451 0.457407 0.343977 0.256217 0.189035 0.138145 0.099999 0.071701 0.050924 0.035827 0.024967 0.017235 0.011784 0.007980 0.005351 0.003549 0.002324 0.001494 0.000930 0.000536 0.000245 0.000000 
0.000000 0.000187 0.000411 0.000717 0.001161 0.001821 0.002805 0.004267 0.006422 0.009572 0.014130 0.020660 0.029925 0.042935 0.061021 0.085906 0.119797 0.165477 0.226410 0.306843 0.411902 0.547676 0.721277 0.940858 1.215586 1.555547 1.971570 2.474968 3.077170 3.789260 4.621417 5.582264 6.678167 7.912482 9.284835 10.790436 12.419516 14.156926 15.981949 17.868372 19.784857 21.695607 23.561351 25.340587 26.991067 28.471432 29.742915 30.771029 31.527113 31.989663 32.145352 31.989663 31.527113 30.771029 29.742915 28.471432 26.991067 25.340587 23.561351 21.695607 19.784857 17.868372 15.981949 14.156926 12.419516 10.790436 9.284835 7.912482 6.678167 5.582264 4.621417 3.789260 3.077170 2.474968 1.971570 1.555547 1.215586 0.940858 0.721277 0.547676 0.411902 0.306843 0.226410 0.165477 0.119796 0.085906 0.061020 0.042935 0.029924 0.020659 0.014128 0.009568 0.006416 0.004257 0.002788 0.001793 0.001116 0.000644 0.000293 0.000000 
0.000000 0.000222 0.000488 0.000852 0.001379 0.002163 0.003332 0.005067 0.007627 0.011365 0.016775 0.024525 0.035518 0.050954 0.072410 0.101928 0.142125 0.196298 0.268554 0.363922 0.488477 0.649433 0.855211 1.115469 1.441062 1.843933 2.336904 2.933364 3.646842 4.490455 5.476245 6.614414 7.912482 9.374416 10.999753 12.782812 14.712014 16.769413 18.930470 21.164150 23.433345 25.695679 27.904661 30.011168 31.965193 33.717782 35.223055 36.440194 37.335280 37.882865 38.067174 37.882865 37.335280 36.440194 35.223055 33.717782 31.965193 30.011168 27.904661 25.695679 23.433345 21.164150 18.930470 16.769413 14.712014 12.782812 10.999753 9.374416 7.912482 6.614414 5.476245 4.490455 3.646842 2.933364 2.336904 1.843933 1.441062 1.115469 0.855211 0.649433 0.488477 0.363922 0.268554 0.196298 0.142125 0.101928 0.072410 0.050954 0.035518 0.024524 0.016772 0.011361 0.007619 0.005055 0.003312 0.002130 0.001325 0.000765 0.000349 0.000000 
0.000000 0.000261 0.000575 0.001002 0.001623 0.002544 0.003919 0.005960 0.008968 0.013363 0.019722 0.028830 0.041748 0.059885 0.085092 0.119767 0.166981 0.230607 0.315460 0.427447 0.573691 0.762658 1.004228 1.309728 1.691890 2.164719 2.743250 3.443183 4.280377 5.270206 6.426782 7.762056 9.284835 10.999753 12.906256 14.997665 17.260388 19.673369 22.207826 24.827360 27.488456 30.141428 32.731766 35.201877 37.493139 39.548163 41.313168 42.740304 43.789812 44.431864 44.647969 44.431864 43.789812 42.740304 41.313168 39.548163 37.493139 35.201877 32.731766 30.141428 27.488456 24.827360 22.207826 19.673369 17.260388 14.997665 12.906256 10.999753 9.284835 7.762056 6.426782 5.270206 4.280377 3.443183 2.743250 2.164719 1.691890 1.309728 1.004228 0.762658 0.573691 0.427446 0.315460 0.230607 0.166981 0.119767 0.085091 0.059884 0.041747 0.028828 0.019719 0.013358 0.008960 0.005946 0.003895 0.002506 0.001559 0.000900 0.000410 0.000000 
0.000000 0.000304 0.000670 0.001168 0.001891 0.002964 0.004564 0.006941 0.010444 0.015560 0.022960 0.033561 0.048594 0.069697 0.099024 0.139364 0.194284 0.268288 0.366973 0.497203 0.667257 0.886970 1.167822 1.522972 1.967211 2.516804 3.189213 4.002669 4.975585 6.125811 7.469725 9.021195 10.790436 12.782812 14.997665 17.427219 20.055676 22.858568 25.802459 28.845066 31.935854 35.017118 38.025561 40.894308 43.555289 45.941873 47.991616 49.648965 50.867761 51.613373 51.864334 51.613373 50.867761 49.648965 47.991616 45.941873 43.555289 40.894308 38.025561 35.017118 31.935854 28.845066 25.802459 22.858568 20.055676 17.427219 14.997665 12.782812 10.790436 9.021195 7.469725 6.125811 4.975585 4.002669 3.189213 2.516804 1.967211 1.522972 1.167822 0.886970 0.667257 0.497203 0.366973 0.268288 0.194284 0.139363 0.099024 0.069697 0.048593 0.033559 0.022957 0.015554 0.010434 0.006924 0.004537 0.002919 0.001817 0.001048 0.000478 0.000000 
0.000000 0.000351 0.000773 0.001348 0.002181 0.003419 0.005264 0.008005 0.012043 0.017941 0.026471 0.038688 0.056012 0.080329 0.114119 0.160593 0.223860 0.309102 0.422764 0.572745 0.768575 1.021571 1.344943 1.753833 2.265254 2.897920 3.671916 4.608208 5.727973 7.051734 8.598320 10.383670 12.419516 14.712014 17.260388 20.055676 23.079690 26.304272 29.690949 33.191080 36.746534 40.290940 43.751497 47.051295 50.112051 52.857144 55.214764 57.121032 58.522870 59.380454 59.669103 59.380454 58.522870 57.121032 55.214764 52.857144 50.112051 47.051295 43.751497 40.290940 36.746534 33.191080 29.690949 26.304272 23.079690 20.055676 17.260388 14.712014 12.419516 10.383670 8.598320 7.051734 5.727973 4.608208 3.671916 2.897920 2.265254 1.753833 1.344943 1.021571 0.768575 0.572745 0.422764 0.309102 0.223860 0.160593 0.114119 0.080329 0.056011 0.038686 0.026467 0.017934 0.012032 0.007986 0.005233 0.003367 0.002096 0.001209 0.000552 0.000000 
0.000000 0.000401 0.000883 0.001539 0.002492 0.003905 0.006013 0.009141 0.013752 0.020484 0.030221 0.044165 0.063935 0.091684 0.130238 0.183260 0.255435 0.352672 0.482317 0.653375 0.876709 1.165217 1.533953 2.000171 2.583258 3.304535 4.186881 5.254182 6.530556 8.039375 9.802080 11.836813 14.156926 16.769413 19.673369 22.858568 26.304272 29.978385 33.837069 37.824902 41.875657 45.913726 49.856181 53.615417 57.102270 60.229468 62.915226 65.086792 66.683712 67.660635 67.989450 67.660635 66.683712 65.086792 62.915226 60.229468 57.102270 53.615417 49.856181 45.913726 41.875657 37.824902 33.837069 29.978385 26.304272 22.858568 19.673369 16.769413 14.156926 11.836813 9.802080 8.039375 6.530556 5.254182 4.186881 3.304535 2.583258 2.000171 1.533953 1.165217 0.876709 0.653375 0.482317 0.352672 0.255435 0.183260 0.130237 0.091683 0.063933 0.044162 0.030216 0.020476 0.013739 0.009120 0.005976 0.003845 0.002394 0.001382 0.000630 0.000000 
0.000000 0.000454 0.000999 0.001742 0.002818 0.004417 0.006800 0.010338 0.015550 0.023160 0.034166 0.049925 0.072268 0.103625 0.147188 0.207095 0.288635 0.398480 0.544925 0.738135 0.990373 1.316197 1.732600 2.259054 2.917436 3.731804 4.727975 5.932894 7.373769 9.076963 11.066655 13.363301 15.981949 18.930470 22.207826 25.802459 29.690949 33.837069 38.191342 42.691230 47.262006 51.818364 56.266744 60.508316 64.442495 67.970830 71.001067 73.451137 75.252851 76.355053 76.726034 76.355053 75.252851 73.451137 71.001067 67.970830 64.442495 60.508316 56.266744 51.818364 47.262006 42.691230 38.191342 33.837069 29.690949 25.802459 22.207826 18.930470 15.981949 13.363301 11.066655 9.076963 7.373769 5.932894 4.727975 3.731804 2.917436 2.259054 1.732600 1.316197 0.990373 0.738135 0.544925 0.398480 0.288635 0.207095 0.147188 0.103624 0.072266 0.049923 0.034161 0.023151 0.015535 0.010313 0.006759 0.004349 0.002708 0.001563 0.000713 0.000000 
0.000000 0.000508 0.001119 0.001951 0.003157 0.004947 0.007615 0.011576 0.017411 0.025930 0.038249 0.055888 0.080892 0.115982 0.164727 0.231756 0.322983 0.445868 0.609688 0.825807 1.107934 1.472345 1.938034 2.526764 3.262989 4.173593 5.287426 6.634597 8.245503 10.149596 12.373883 14.941209 17.868372 21.164150 24.827360 28.845066 33.191080 37.824902 42.691230 47.720171 52.828217 57.920044 62.891110 67.630990 72.027297 75.970040 79.356147 82.093930 84.107207 85.338828 85.753368 85.338828 84.107207 82.093930 79.356147 75.970040 72.027297 67.630990 62.891110 57.920044 52.828217 47.720171 42.691230 37.824902 33.191080 28.845066 24.827360 21.164150 17.868372 14.941209 12.373883 10.149596 8.245503 6.634597 5.287426 4.173593 3.262989 2.526764 1.938034 1.472345 1.107934 0.825807 0.609688 0.445868 0.322982 0.231755 0.164727 0.115981 0.080890 0.055884 0.038243 0.025920 0.017395 0.011548 0.007569 0.004871 0.003033 0.001751 0.000799 0.000000 
0.000000 0.000564 0.001241 0.002164 0.003501 0.005486 0.008445 0.012836 0.019305 0.028748 0.042403 0.061952 0.089663 0.128549 0.182563 0.256832 0.357906 0.494048 0.675529 0.914932 1.227437 1.631063 2.146836 2.798850 3.614172 4.622557 5.855935 7.347626 9.131269 11.239448 13.702042 16.544321 19.784857 23.433345 27.488456 31.935854 36.746534 41.875657 47.262006 52.828217 58.481866 64.117455 69.619295 74.865182 79.730755 84.094299 87.841763 90.871692 93.099792 94.462824 94.921595 94.462824 93.099792 90.871692 87.841763 84.094299 79.730755 74.865182 69.619295 64.117455 58.481866 52.828217 47.262006 41.875657 36.746534 31.935854 27.488456 23.433345 19.784857 16.544321 13.702042 11.239448 9.131269 7.347626 5.855935 4.622557 3.614172 2.798850 2.146836 1.631063 1.227437 0.914932 0.675529 0.494048 0.357906 0.256832 0.182563 0.128547 0.089661 0.061948 0.042396 0.028737 0.019286 0.012805 0.008394 0.005402 0.003364 0.001942 0.000886 0.000000 
0.000000 0.000619 0.001363 0.002377 0.003845 0.006025 0.009273 0.014094 0.021195 0.031561 0.046549 0.068005 0.098417 0.141090 0.200362 0.281854 0.392752 0.542117 0.741214 1.003842 1.346644 1.789380 2.355101 3.070222 3.964415 5.070299 6.422872 8.058655 10.014513 12.326154 15.026319 18.142691 21.695607 25.695679 30.141428 35.017118 40.290940 45.913726 51.818364 57.920044 64.117455 70.294965 76.325768 82.075933 87.409160 92.192056 96.299629 99.620693 102.062870 103.556859 104.059706 103.556859 102.062870 99.620693 96.299629 92.192056 87.409160 82.075933 76.325768 70.294965 64.117455 57.920044 51.818364 45.913726 40.290940 35.017118 30.141428 25.695679 21.695607 18.142691 15.026319 12.326154 10.014513 8.058655 6.422872 5.070299 3.964415 3.070222 2.355101 1.789380 1.346644 1.003842 0.741214 0.542117 0.392752 0.281853 0.200361 0.141088 0.098415 0.068001 0.046542 0.031549 0.021175 0.014060 0.009217 0.005933 0.003694 0.002133 0.000973 0.000000 
0.000000 0.000674 0.001483 0.002585 0.004182 0.006552 0.010083 0.015324 0.023043 0.034311 0.050601 0.073921 0.106972 0.153346 0.217754 0.306304 0.426800 0.589083 0.805389 1.090702 1.463098 1.944032 2.558536 3.335288 4.306506 5.507601 6.976569 8.753051 10.877064 13.387365 16.319484 19.703458 23.561351 27.904661 32.731766 38.025561 43.751497 49.856181 56.266744 62.891110 69.619295 76.325768 82.872884 89.115256 94.904940 100.097143 104.556196 108.161417 110.812541 112.434346 112.980212 112.434346 110.812541 108.161417 104.556196 100.097143 94.904940 89.115256 82.872884 76.325768 69.619295 62.891110 56.266744 49.856181 43.751497 38.025561 32.731766 27.904661 23.561351 19.703458 16.319484 13.387365 10.877064 8.753051 6.976569 5.507601 4.306506 3.335288 2.558536 1.944032 1.463098 1.090702 0.805389 0.589083 0.426799 0.306303 0.217753 0.153344 0.106970 0.073917 0.050593 0.034298 0.023021 0.015287 0.010022 0.006451 0.004018 0.002319 0.001058 0.000000 
