0.000000 0.000000 0.000000 0.000000 0.000000 0.000000 0.000000 0.000000 0.000000 0.000000 0.000000 0.000000 0.000000 0.000000 0.000000 0.000000 0.000000 0.000000 0.000000 0.000000 0.000000 0.000000 0.000000 0.000000 0.000000 0.000000 0.000000 0.000000 0.000000 0.000000 0.000000 0.000000 0.000000 0.000000 0.000000 0.000000 0.000000 0.000000 0.000000 0.000000 0.000000 0.000000 0.000000 0.000000 0.000000 0.000000 0.000000 0.000000 0.000000 0.000000 0.000000 0.000000 0.000000 0.000000 0.000000 0.000000 0.000000 0.000000 0.000000 0.000000 0.000000 0.000000 0.000000 0.000000 0.000000 0.000000 0.000000 0.000000 0.000000 0.000000 0.000000 0.000000 0.000000 0.000000 0.000000 0.000000 0.000000 0.000000 0.000000 0.000000 0.000000 0.000000 0.000000 0.000000 0.000000 0.000000 0.000000 0.000000 0.000000 0.000000 0.000000 0.000000 0.000000 0.000000 0.000000 0.000000 0.000000 0.000000 0.000000 0.000000 
0.000000 0.000000 0.000000 0.000000 0.000000 0.000000 0.000000 0.000000 0.000000 0.000000 0.000000 0.000000 0.000000 0.000000 0.000001 0.000001 0.000001 0.000002 0.000002 0.000003 0.000004 0.000006 0.000008 0.000010 0.000013 0.000017 0.000022 0.000029 0.000037 0.000046 0.000057 0.000070 0.000085 0.000102 0.000122 0.000144 0.000167 0.000193 0.000220 0.000249 0.000278 0.000308 0.000336 0.000364 0.000390 0.000414 0.000434 0.000450 0.000462 0.000470 0.000472 0.000470 0.000462 0.000450 0.000434 0.000414 0.000390 0.000364 0.000336 0.000308 0.000278 0.000249 0.000220 0.000193 0.000167 0.000144 0.000122 0.000102 0.000085 0.000070 0.000057 0.000046 0.000037 0.000029 0.000022 0.000017 0.000013 0.000010 0.000008 0.000006 0.000004 0.000003 0.000002 0.000002 0.000001 0.000001 0.000001 0.000000 0.000000 0.000000 0.000000 0.000000 0.000000 0.000000 0.000000 0.000000 0.000000 0.000000 0.000000 0.000000 
0.000000 0.000000 0.000000 0.000000 0.000000 0.000000 0.000000 0.000000 0.000000 0.000000 0.000000 0.000000 0.000001 0.000001 0.000001 0.000002 0.000002 0.000003 0.000005 0.000007 0.000009 0.000012 0.000017 0.000022 0.000030 0.000039 0.000050 0.000064 0.000082 0.000102 0.000127 0.000156 0.000190 0.000229 0.000272 0.000320 0.000374 0.000431 0.000492 0.000555 0.000621 0.000686 0.000751 0.000813 0.000871 0.000923 0.000968 0.001004 0.001031 0.001048 0.001053 0.001048 0.001031 0.001004 0.000968 0.000923 0.000871 0.000813 0.000751 0.000686 0.000621 0.000555 0.000492 0.000431 0.000374 0.000320 0.000272 0.000229 0.000190 0.000156 0.000127 0.000102 0.000082 0.000064 0.000050 0.000039 0.000030 0.000022 0.000017 0.000012 0.000009 0.000007 0.000005 0.000003 0.000002 0.000002 0.000001 0.000001 0.000001 0.000000 0.000000 0.000000 0.000000 0.000000 0.000000 0.000000 0.000000 0.000000 0.000000 0.000000 
0.000000 0.000000 0.000000 0.000000 0.000000 0.000000 0.000000 0.000000 0.000000 0.000000 0.000000 0.000001 0.000001 0.000001 0.000002 0.000003 0.000004 0.000006 0.000008 0.000012 0.000016 0.000022 0.000030 0.000040 0.000053 0.000069 0.000090 0.000115 0.000145 0.000182 0.000226 0.000278 0.000338 0.000407 0.000484 0.000570 0.000665 0.000766 0.000875 0.000988 0.001104 0.001220 0.001335 0.001445 0.001548 0.001641 0.001721 0.001786 0.001834 0.001863 0.001873 0.001863 0.001834 0.001786 0.001721 0.001641 0.001548 0.001445 0.001335 0.001220 0.001104 0.000988 0.000875 0.000766 0.000665 0.000570 0.000484 0.000407 0.000338 0.000278 0.000226 0.000182 0.000145 0.000115 0.000090 0.000069 0.000053 0.000040 0.000030 0.000022 0.000016 0.000012 0.000008 0.000006 0.000004 0.000003 0.000002 0.000001 0.000001 0.000001 0.000000 0.000000 0.000000 0.000000 0.000000 0.000000 0.000000 0.000000 0.000000 0.000000 
0.000000 0.000000 0.000000 0.000000 0.000000 0.000000 0.000000 0.000000 0.000000 0.000000 0.000001 0.000001 0.000002 0.000002 0.000003 0.000005 0.000007 0.000010 0.000014 0.000020 0.000027 0.000037 0.000050 0.000066 0.000088 0.000115 0.000149 0.000190 0.000241 0.000303 0.000376 0.000462 0.000561 0.000675 0.000803 0.000946 0.001102 0.001271 0.001450 0.001638 0.001830 0.002023 0.002213 0.002396 0.002566 0.002720 0.002852 0.002960 0.003039 0.003087 0.003104 0.003087 0.003039 0.002960 0.002852 0.002720 0.002566 0.002396 0.002213 0.002023 0.001830 0.001638 0.001450 0.001271 0.001102 0.000946 0.000803 0.000675 0.000561 0.000462 0.000376 0.000303 0.000241 0.000190 0.000149 0.000115 0.000088 0.000066 0.000050 0.000037 0.000027 0.000020 0.000014 0.000010 0.000007 0.000005 0.000003 0.000002 0.000002 0.000001 0.000001 0.000000 0.000000 0.000000 0.000000 0.000000 0.000000 0.000000 0.000000 0.000000 
0.000000 0.000000 0.000000 0.000000 0.000000 0.000000 0.000000 0.000000 0.000000 0.000001 0.000001 0.000002 0.000003 0.000004 0.000005 0.000008 0.000011 0.000016 0.000023 0.000032 0.000044 0.000060 0.000080 0.000107 0.000142 0.000185 0.000240 0.000307 0.000389 0.000488 0.000605 0.000743 0.000903 0.001086 0.001293 0.001522 0.001774 0.002045 0.002334 0.002635 0.002944 0.003254 0.003560 0.003853 0.004127 0.004373 0.004586 0.004759 0.004886 0.004964 0.004991 0.004964 0.004886 0.004759 0.004586 0.004373 0.004127 0.003853 0.003560 0.003254 0.002944 0.002635 0.002334 0.002045 0.001774 0.001522 0.001293 0.001086 0.000903 0.000743 0.000605 0.000488 0.000389 0.000307 0.000240 0.000185 0.000142 0.000107 0.000080 0.000060 0.000044 0.000032 0.000023 0.000016 0.000011 0.000008 0.000005 0.000004 0.000003 0.000002 0.000001 0.000001 0.000000 0.000000 0.000000 0.000000 0.000000 0.000000 0.000000 0.000000 
0.000000 0.000000 0.000000 0.000000 0.000000 0.000000 0.000000 0.000000 0.000001 0.000001 0.000002 0.000003 0.000004 0.000006 0.000009 0.000013 0.000018 0.000026 0.000036 0.000050 0.000069 0.000095 0.000127 0.000170 0.000225 0.000294 0.000380 0.000486 0.000616 0.000773 0.000959 0.001177 0.001430 0.001720 0.002046 0.002409 0.002807 0.003236 0.003692 0.004167 0.004655 0.005146 0.005629 0.006092 0.006525 0.006914 0.007251 0.007523 0.007725 0.007848 0.007889 0.007848 0.007725 0.007523 0.007251 0.006914 0.006525 0.006092 0.005629 0.005146 0.004655 0.004167 0.003692 0.003236 0.002807 0.002409 0.002046 0.001720 0.001430 0.001177 0.000959 0.000773 0.000616 0.000486 0.000380 0.000294 0.000225 0.000170 0.000127 0.000095 0.000069 0.000050 0.000036 0.000026 0.000018 0.000013 0.000009 0.000006 0.000004 0.000003 0.000002 0.000001 0.000001 0.000000 0.000000 0.000000 0.000000 0.000000 0.000000 0.000000 
0.000000 0.000000 0.000000 0.000000 0.000000 0.000000 0.000000 0.000001 0.000001 0.000002 0.000003 0.000004 0.000006 0.000009 0.000014 0.000020 0.000028 0.000040 0.000057 0.000079 0.000109 0.000148 0.000200 0.000267 0.000352 0.000460 0.000595 0.000761 0.000964 0.001209 0.001500 0.001841 0.002236 0.002688 0.003198 0.003765 0.004386 0.005056 0.005767 0.006510 0.007271 0.008037 0.008790 0.009513 0.010188 0.010796 0.011321 0.011746 0.012060 0.012252 0.012317 0.012252 0.012060 0.011746 0.011321 0.010796 0.010188 0.009513 0.008790 0.008037 0.007271 0.006510 0.005767 0.005056 0.004386 0.003765 0.003198 0.002688 0.002236 0.001841 0.001500 0.001209 0.000964 0.000761 0.000595 0.000460 0.000352 0.000267 0.000200 0.000148 0.000109 0.000079 0.000057 0.000040 0.000028 0.000020 0.000014 0.000009 0.000006 0.000004 0.000003 0.000002 0.000001 0.000001 0.000000 0.000000 0.000000 0.000000 0.000000 0.000000 
0.000000 0.000000 0.000000 0.000000 0.000000 0.000000 0.000001 0.000001 0.000002 0.000003 0.000004 0.000007 0.000010 0.000015 0.000021 0.000031 0.000044 0.000063 0.000088 0.000123 0.000169 0.000230 0.000310 0.000413 0.000545 0.000712 0.000921 0.001179 0.001493 0.001871 0.002320 0.002847 0.003459 0.004157 0.004945 0.005820 0.006779 0.007814 0.008912 0.010059 0.011234 0.012416 0.013579 0.014695 0.015736 0.016674 0.017484 0.018140 0.018625 0.018921 0.019021 0.018921 0.018625 0.018140 0.017484 0.016674 0.015736 0.014695 0.013579 0.012416 0.011234 0.010059 0.008912 0.007814 0.006779 0.005820 0.004945 0.004157 0.003459 0.002847 0.002320 0.001871 0.001493 0.001179 0.000921 0.000712 0.000545 0.000413 0.000310 0.000230 0.000169 0.000123 0.000088 0.000063 0.000044 0.000031 0.000021 0.000015 0.000010 0.000007 0.000004 0.000003 0.000002 0.000001 0.000001 0.000000 0.000000 0.000000 0.000000 0.000000 
0.000000 0.000000 0.000000 0.000000 0.000000 0.000001 0.000001 0.000002 0.000003 0.000004 0.000007 0.000010 0.000015 0.000022 0.000033 0.000047 0.000068 0.000096 0.000135 0.000188 0.000259 0.000352 0.000475 0.000633 0.000836 0.001092 0.001411 0.001806 0.002286 0.002865 0.003552 0.004359 0.005294 0.006362 0.007566 0.008905 0.010371 0.011952 0.013631 0.015383 0.017179 0.018985 0.020761 0.022465 0.024056 0.025489 0.026725 0.027728 0.028468 0.028921 0.029073 0.028921 0.028468 0.027728 0.026725 0.025489 0.024056 0.022465 0.020761 0.018985 0.017179 0.015383 0.013631 0.011952 0.010371 0.008905 0.007566 0.006362 0.005294 0.004359 0.003552 0.002865 0.002286 0.001806 0.001411 0.001092 0.000836 0.000633 0.000475 0.000352 0.000259 0.000188 0.000135 0.000096 0.000068 0.000047 0.000033 0.000022 0.000015 0.000010 0.000007 0.000004 0.000003 0.000002 0.000001 0.000001 0.000000 0.000000 0.000000 0.000000 
0.000000 0.000000 0.000000 0.000000 0.000001 0.000001 0.000002 0.000003 0.000004 0.000007 0.000010 0.000015 0.000023 0.000034 0.000050 0.000072 0.000103 0.000147 0.000206 0.000286 0.000393 0.000535 0.000721 0.000961 0.001268 0.001656 0.002141 0.002739 0.003467 0.004343 0.005385 0.006607 0.008022 0.009639 0.011462 0.013487 0.015705 0.018098 0.020638 0.023288 0.026005 0.028736 0.031422 0.034000 0.036404 0.038572 0.040441 0.041957 0.043075 0.043760 0.043991 0.043760 0.043075 0.041957 0.040441 0.038572 0.036404 0.034000 0.031422 0.028736 0.026005 0.023288 0.020638 0.018098 0.015705 0.013487 0.011462 0.009639 0.008022 0.006607 0.005385 0.004343 0.003467 0.002739 0.002141 0.001656 0.001268 0.000961 0.000721 0.000535 0.000393 0.000286 0.000206 0.000147 0.000103 0.000072 0.000050 0.000034 0.000023 0.000015 0.000010 0.000007 0.000004 0.000003 0.000002 0.000001 0.000001 0.000000 0.000000 0.000000 
0.000000 0.000000 0.000000 0.000001 0.000001 0.000002 0.000003 0.000004 0.000007 0.000010 0.000015 0.000023 0.000035 0.000051 0.000075 0.000109 0.000156 0.000221 0.000310 0.000430 0.000591 0.000805 0.001084 0.001444 0.001906 0.002488 0.003215 0.004112 0.005204 0.006518 0.008080 0.009912 0.012033 0.014457 0.017188 0.020223 0.023546 0.027130 0.030934 0.034903 0.038972 0.043060 0.047081 0.050941 0.054541 0.057785 0.060583 0.062853 0.064526 0.065551 0.065896 0.065551 0.064526 0.062853 0.060583 0.057785 0.054541 0.050941 0.047081 0.043060 0.038972 0.034903 0.030934 0.027130 0.023546 0.020223 0.017188 0.014457 0.012033 0.009912 0.008080 0.006518 0.005204 0.004112 0.003215 0.002488 0.001906 0.001444 0.001084 0.000805 0.000591 0.000430 0.000310 0.000221 0.000156 0.000109 0.000075 0.000051 0.000035 0.000023 0.000015 0.000010 0.000007 0.000004 0.000003 0.000002 0.000001 0.000001 0.000000 0.000000 
0.000000 0.000000 0.000001 0.000001 0.000002 0.000003 0.000004 0.000006 0.000010 0.000015 0.000023 0.000035 0.000052 0.000077 0.000112 0.000162 0.000232 0.000329 0.000461 0.000640 0.000880 0.001197 0.001612 0.002149 0.002834 0.003699 0.004779 0.006111 0.007733 0.009684 0.012002 0.014721 0.017869 0.021465 0.025517 0.030019 0.034947 0.040262 0.045902 0.051788 0.057819 0.063880 0.069840 0.075560 0.080896 0.085704 0.089850 0.093214 0.095693 0.097212 0.097724 0.097212 0.095693 0.093214 0.089850 0.085704 0.080896 0.075560 0.069840 0.063880 0.057819 0.051788 0.045902 0.040262 0.034947 0.030019 0.025517 0.021465 0.017869 0.014721 0.012002 0.009684 0.007733 0.006111 0.004779 0.003699 0.002834 0.002149 0.001612 0.001197 0.000880 0.000640 0.000461 0.000329 0.000232 0.000162 0.000112 0.000077 0.000052 0.000035 0.000023 0.000015 0.000010 0.000006 0.000004 0.000002 0.000002 0.000001 0.000000 0.000000 
0.000000 0.000000 0.000001 0.000001 0.000002 0.000004 0.000006 0.000009 0.000015 0.000022 0.000034 0.000051 0.000077 0.000113 0.000165 0.000239 0.000342 0.000485 0.000680 0.000944 0.001297 0.001764 0.002375 0.003164 0.004172 0.005445 0.007034 0.008992 0.011376 0.014244 0.017650 0.021646 0.026270 0.031552 0.037503 0.044113 0.051350 0.059152 0.067432 0.076071 0.084923 0.093818 0.102564 0.110958 0.118786 0.125841 0.131924 0.136859 0.140496 0.142724 0.143475 0.142724 0.140496 0.136859 0.131924 0.125841 0.118786 0.110958 0.102564 0.093818 0.084923 0.076071 0.067432 0.059152 0.051350 0.044113 0.037503 0.031552 0.026270 0.021646 0.017650 0.014244 0.011376 0.008992 0.007034 0.005445 0.004172 0.003164 0.002375 0.001764 0.001297 0.000944 0.000680 0.000485 0.000342 0.000239 0.000165 0.000113 0.000077 0.000051 0.000034 0.000022 0.000015 0.000009 0.000006 0.000004 0.000002 0.000001 0.000001 0.000000 
0.000000 0.000001 0.000001 0.000002 0.000003 0.000005 0.000009 0.000014 0.000021 0.000033 0.000050 0.000075 0.000112 0.000165 0.000241 0.000349 0.000499 0.000707 0.000992 0.001377 0.001892 0.002572 0.003462 0.004612 0.006081 0.007934 0.010247 0.013097 0.016567 0.020740 0.025696 0.031507 0.038232 0.045913 0.054565 0.064175 0.074694 0.086035 0.098067 0.110621 0.123483 0.136406 0.149113 0.161306 0.172678 0.182926 0.191762 0.198928 0.204211 0.207448 0.208538 0.207448 0.204211 0.198928 0.191762 0.182926 0.172678 0.161306 0.149113 0.136406 0.123483 0.110621 0.098067 0.086035 0.074694 0.064175 0.054565 0.045913 0.038232 0.031507 0.025696 0.020740 0.016567 0.013097 0.010247 0.007934 0.006081 0.004612 0.003462 0.002572 0.001892 0.001377 0.000992 0.000707 0.000499 0.000349 0.000241 0.000165 0.000112 0.000075 0.000050 0.000033 0.000021 0.000014 0.000009 0.000005 0.000003 0.000002 0.000001 0.000000 
0.000000 0.000001 0.000002 0.000003 0.000005 0.000008 0.000013 0.000020 0.000031 0.000047 0.000072 0.000109 0.000162 0.000239 0.000349 0.000504 0.000722 0.001022 0.001433 0.001989 0.002731 0.003713 0.004997 0.006655 0.008772 0.011444 0.014777 0.018884 0.023883 0.029894 0.037031 0.045399 0.055082 0.066139 0.078592 0.092423 0.107561 0.123878 0.141190 0.159249 0.177751 0.196339 0.214615 0.232151 0.248505 0.263241 0.275947 0.286252 0.293848 0.298502 0.300069 0.298502 0.293848 0.286252 0.275947 0.263241 0.248505 0.232151 0.214615 0.196339 0.177751 0.159249 0.141190 0.123878 0.107561 0.092423 0.078592 0.066139 0.055082 0.045399 0.037031 0.029894 0.023883 0.018884 0.014777 0.011444 0.008772 0.006655 0.004997 0.003713 0.002731 0.001989 0.001433 0.001022 0.000722 0.000504 0.000349 0.000239 0.000162 0.000109 0.000072 0.000047 0.000031 0.000020 0.000013 0.000008 0.000005 0.000003 0.000001 0.000000 
0.000000 0.000001 0.000002 0.000004 0.000007 0.000011 0.000018 0.000028 0.000044 0.000068 0.000103 0.000156 0.000232 0.000342 0.000499 0.000722 0.001032 0.001462 0.002049 0.002843 0.003904 0.005307 0.007139 0.009506 0.012528 0.016341 0.021095 0.026953 0.034083 0.042654 0.052830 0.064758 0.078560 0.094316 0.112062 0.131767 0.153332 0.176575 0.201232 0.226951 0.253299 0.279767 0.305789 0.330756 0.354039 0.375018 0.393105 0.407774 0.418587 0.425212 0.427444 0.425212 0.418587 0.407774 0.393105 0.375018 0.354039 0.330756 0.305789 0.279767 0.253299 0.226951 0.201232 0.176575 0.153332 0.131767 0.112062 0.094316 0.078560 0.064758 0.052830 0.042654 0.034083 0.026953 0.021095 0.016341 0.012528 0.009506 0.007139 0.005307 0.003904 0.002843 0.002049 0.001462 0.001032 0.000722 0.000499 0.000342 0.000232 0.000156 0.000103 0.000068 0.000044 0.000028 0.000018 0.000011 0.000007 0.000004 0.000002 0.000000 
0.000000 0.000002 0.000003 0.000006 0.000010 0.000016 0.000026 0.000040 0.000063 0.000096 0.000147 0.000221 0.000329 0.000485 0.000707 0.001022 0.001462 0.002070 0.002900 0.004023 0.005524 0.007506 0.010096 0.013441 0.017710 0.023096 0.029811 0.038082 0.048148 0.060247 0.074609 0.091441 0.110914 0.133144 0.158175 0.185968 0.216380 0.249156 0.283922 0.320182 0.357326 0.394637 0.431317 0.466507 0.499322 0.528888 0.554378 0.575051 0.590289 0.599625 0.602769 0.599625 0.590289 0.575051 0.554378 0.528888 0.499322 0.466507 0.431317 0.394637 0.357326 0.320182 0.283922 0.249156 0.216380 0.185968 0.158175 0.133144 0.110914 0.091441 0.074609 0.060247 0.048148 0.038082 0.029811 0.023096 0.017710 0.013441 0.010096 0.007506 0.005524 0.004023 0.002900 0.002070 0.001462 0.001022 0.000707 0.000485 0.000329 0.000221 0.000147 0.000096 0.000063 0.000040 0.000026 0.000016 0.000010 0.000005 0.000002 0.000000 
0.000000 0.000002 0.000005 0.000008 0.000014 0.000023 0.000036 0.000057 0.000088 0.000135 0.000206 0.000310 0.000461 0.000680 0.000992 0.001433 0.002049 0.002900 0.004064 0.005635 0.007736 0.010510 0.014134 0.018812 0.024783 0.032314 0.041701 0.053262 0.067329 0.084236 0.104301 0.127815 0.155014 0.186058 0.221012 0.259817 0.302274 0.348028 0.396555 0.447163 0.499000 0.551068 0.602251 0.651352 0.697137 0.738388 0.773950 0.802791 0.824048 0.837072 0.841459 0.837072 0.824048 0.802791 0.773950 0.738388 0.697137 0.651352 0.602251 0.551068 0.499000 0.447163 0.396555 0.348028 0.302274 0.259817 0.221012 0.186058 0.155014 0.127815 0.104301 0.084236 0.067329 0.053262 0.041701 0.032314 0.024783 0.018812 0.014134 0.010510 0.007736 0.005635 0.004064 0.002900 0.002049 0.001433 0.000992 0.000680 0.000461 0.000310 0.000206 0.000135 0.000088 0.000057 0.000036 0.000023 0.000014 0.000008 0.000003 0.000000 
0.000000 0.000003 0.000007 0.000012 0.000020 0.000032 0.000050 0.000079 0.000123 0.000188 0.000286 0.000430 0.000640 0.000944 0.001377 0.001989 0.002843 0.004023 0.005635 0.007813 0.010723 0.014566 0.019584 0.026062 0.034328 0.044752 0.057742 0.073739 0.093200 0.116585 0.144336 0.176852 0.214457 0.257376 0.305693 0.359328 0.418004 0.481230 0.548283 0.618206 0.689821 0.761750 0.832451 0.900274 0.963514 1.020487 1.069602 1.109433 1.138791 1.156777 1.162836 1.156777 1.138791 1.109433 1.069602 1.020487 0.963514 0.900274 0.832451 0.761750 0.689821 0.618206 0.548283 0.481230 0.418004 0.359328 0.305693 0.257376 0.214457 0.176852 0.144336 0.116585 0.093200 0.073739 0.057742 0.044752 0.034328 0.026062 0.019584 0.014566 0.010723 0.007813 0.005635 0.004023 0.002843 0.001989 0.001377 0.000944 0.000640 0.000430 0.000286 0.000188 0.000122 0.000079 0.000050 0.000031 0.000019 0.000011 0.000005 0.000000 
0.000000 0.000004 0.000009 0.000016 0.000027 0.000044 0.000069 0.000109 0.000169 0.000259 0.000393 0.000591 0.000880 0.001297 0.001892 0.002731 0.003904 0.005524 0.007736 0.010723 0.014713 0.019982 0.026861 0.035740 0.047066 0.061348 0.079143 0.101053 0.127703 0.159722 0.197715 0.242224 0.293694 0.352429 0.418544 0.491928 0.572202 0.658692 0.750408 0.846044 0.943986 1.042350 1.139031 1.231769 1.318238 1.396135 1.463285 1.517742 1.557877 1.582467 1.590750 1.582467 1.557877 1.517742 1.463285 1.396135 1.318238 1.231769 1.139031 1.042350 0.943986 0.846044 0.750408 0.658692 0.572202 0.491928 0.418544 0.352429 0.293694 0.242224 0.197715 0.159722 0.127703 0.101053 0.079143 0.061348 0.047066 0.035740 0.026861 0.019982 0.014713 0.010723 0.007736 0.005524 0.003904 0.002731 0.001892 0.001297 0.000880 0.000591 0.000393 0.000259 0.000169 0.000109 0.000069 0.000043 0.000026 0.000015 0.000007 0.000000 
0.000000 0.000006 0.000012 0.000022 0.000037 0.000060 0.000095 0.000148 0.000230 0.000352 0.000535 0.000805 0.001197 0.001764 0.002572 0.003713 0.005307 0.007506 0.010510 0.014566 0.019982 0.027133 0.036467 0.048512 0.063876 0.083244 0.107374 0.137078 0.173204 0.216602 0.268088 0.328398 0.398132 0.477699 0.567254 0.666644 0.775357 0.892476 1.016662 1.146145 1.278741 1.411901 1.542773 1.668302 1.785339 1.890771 1.981654 2.055355 2.109673 2.142952 2.154161 2.142952 2.109673 2.055355 1.981654 1.890771 1.785339 1.668302 1.542773 1.411901 1.278741 1.146145 1.016662 0.892476 0.775357 0.666644 0.567254 0.477699 0.398132 0.328398 0.268088 0.216602 0.173204 0.137078 0.107374 0.083244 0.063876 0.048512 0.036467 0.027133 0.019982 0.014566 0.010510 0.007506 0.005307 0.003713 0.002572 0.001764 0.001197 0.000804 0.000535 0.000352 0.000230 0.000148 0.000094 0.000059 0.000036 0.000020 0.000009 0.000000 
0.000000 0.000008 0.000017 0.000030 0.000050 0.000080 0.000127 0.000200 0.000310 0.000475 0.000721 0.001084 0.001612 0.002375 0.003462 0.004997 0.007139 0.010096 0.014134 0.019584 0.026861 0.036467 0.049004 0.065178 0.085805 0.111806 0.144193 0.184056 0.232530 0.290753 0.359820 0.440712 0.534234 0.640930 0.761008 0.894260 1.039996 1.196989 1.363441 1.536979 1.714678 1.893120 2.068488 2.236687 2.393501 2.534759 2.656522 2.755262 2.828033 2.872616 2.887633 2.872616 2.828033 2.755262 2.656522 2.534759 2.393501 2.236687 2.068488 1.893120 1.714678 1.536979 1.363441 1.196989 1.039996 0.894260 0.761008 0.640930 0.534234 0.440712 0.359820 0.290753 0.232530 0.184056 0.144193 0.111806 0.085805 0.065178 0.049004 0.036467 0.026861 0.019584 0.014134 0.010096 0.007139 0.004997 0.003462 0.002375 0.001612 0.001084 0.000721 0.000475 0.000309 0.000199 0.000127 0.000079 0.000048 0.000027 0.000012 0.000000 
0.000000 0.000010 0.000022 0.000040 0.000066 0.000107 0.000170 0.000267 0.000413 0.000633 0.000961 0.001444 0.002149 0.003164 0.004612 0.006655 0.009506 0.013441 0.018812 0.026062 0.035740 0.048512 0.065178 0.086677 0.114090 0.148638 0.191666 0.244619 0.309000 0.386322 0.478030 0.585430 0.709582 0.851209 1.010581 1.187423 1.380815 1.589126 1.809971 2.040201 2.275936 2.512643 2.745258 2.968355 3.176341 3.363688 3.525174 3.656124 3.752631 3.811756 3.831671 3.811756 3.752631 3.656124 3.525174 3.363688 3.176341 2.968355 2.745258 2.512643 2.275936 2.040201 1.809971 1.589126 1.380815 1.187423 1.010581 0.851209 0.709582 0.585430 0.478030 0.386322 0.309000 0.244619 0.191666 0.148638 0.114090 0.086677 0.065178 0.048512 0.035740 0.026062 0.018812 0.013441 0.009506 0.006655 0.004612 0.003164 0.002149 0.001444 0.000961 0.000633 0.000413 0.000266 0.000169 0.000106 0.000064 0.000036 0.000016 0.000000 
0.000000 0.000013 0.000030 0.000053 0.000088 0.000142 0.000225 0.000352 0.000545 0.000836 0.001268 0.001906 0.002834 0.004172 0.006081 0.008772 0.012528 0.017710 0.024783 0.034328 0.047066 0.063876 0.085805 0.114090 0.150149 0.195588 0.252171 0.321797 0.406438 0.508078 0.628615 0.769759 0.932902 1.118988 1.328370 1.560680 1.814710 2.088315 2.378360 2.680710 2.990269 3.301087 3.606516 3.899433 4.172500 4.418461 4.630464 4.802373 4.929065 5.006681 5.032824 5.006681 4.929065 4.802373 4.630464 4.418461 4.172500 3.899433 3.606516 3.301087 2.990269 2.680710 2.378360 2.088315 1.814710 1.560680 1.328370 1.118988 0.932902 0.769759 0.628615 0.508078 0.406438 0.321797 0.252171 0.195588 0.150149 0.114090 0.085805 0.063876 0.047066 0.034328 0.024783 0.017710 0.012528 0.008772 0.006081 0.004172 0.002834 0.001905 0.001268 0.000836 0.000545 0.000351 0.000224 0.000140 0.000085 0.000048 0.000022 0.000000 
0.000000 0.000017 0.000039 0.000069 0.000115 0.000185 0.000294 0.000460 0.000712 0.001092 0.001656 0.002488 0.003699 0.005445 0.007934 0.011444 0.016341 0.023096 0.032314 0.044752 0.061348 0.083244 0.111806 0.148638 0.195588 0.254740 0.328392 0.419007 0.529151 0.661398 0.818216 1.001822 1.214023 1.456041 1.728331 2.030412 2.360708 2.716428 3.093495 3.486532 3.888915 4.292912 4.689885 5.070578 5.425458 5.745101 6.020606 6.244003 6.408636 6.509496 6.543468 6.509496 6.408636 6.244003 6.020606 5.745101 5.425458 5.070578 4.689885 4.292912 3.888915 3.486532 3.093495 2.716428 2.360708 2.030412 1.728331 1.456041 1.214023 1.001822 0.818216 0.661398 0.529151 0.419007 0.328392 0.254740 0.195588 0.148638 0.111806 0.083244 0.061348 0.044752 0.032314 0.023096 0.016341 0.011444 0.007934 0.005445 0.003699 0.002488 0.001656 0.001092 0.000712 0.000459 0.000292 0.000183 0.000111 0.000063 0.000028 0.000000 
0.000000 0.000022 0.000050 0.000090 0.000149 0.000240 0.000380 0.000595 0.000921 0.001411 0.002141 0.003215 0.004779 0.007034 0.010247 0.014777 0.021095 0.029811 0.041701 0.057742 0.079143 0.107374 0.144193 0.191666 0.252171 0.328392 0.423282 0.540013 0.681883 0.852203 1.054145 1.290558 1.563761 1.875323 2.225825 2.614641 3.039737 3.497521 3.982744 4.488483 5.006219 5.526002 6.036725 6.526481 6.983012 7.394199 7.748598 8.035960 8.247731 8.377466 8.421164 8.377466 8.247731 8.035960 7.748598 7.394199 6.983012 6.526481 6.036725 5.526002 5.006219 4.488483 3.982744 3.497521 3.039737 2.614641 2.225825 1.875323 1.563761 1.290558 1.054145 0.852203 0.681883 0.540013 0.423282 0.328392 0.252171 0.191666 0.144193 0.107374 0.079143 0.057742 0.041701 0.029811 0.021095 0.014777 0.010247 0.007034 0.004779 0.003215 0.002141 0.001411 0.000920 0.000594 0.000378 0.000237 0.000144 0.000081 0.000037 0.000000 
0.000000 0.000029 0.000064 0.000115 0.000190 0.000307 0.000486 0.000761 0.001179 0.001806 0.002739 0.004112 0.006111 0.008992 0.013097 0.018884 0.026953 0.038082 0.053262 0.073739 0.101053 0.137078 0.184056 0.244619 0.321797 0.419007 0.540013 0.688851 0.869723 1.086841 1.344242 1.645548 1.993711 2.390719 2.837307 3.332672 3.874218 4.457363 5.075419 5.719569 6.378961 7.040926 7.691322 8.314992 8.896330 9.419913 9.871172 10.237066 10.506706 10.671892 10.727529 10.671892 10.506706 10.237066 9.871172 9.419913 8.896330 8.314992 7.691322 7.040926 6.378961 5.719569 5.075419 4.457363 3.874218 3.332672 2.837307 2.390719 1.993711 1.645548 1.344242 1.086841 0.869723 0.688851 0.540013 0.419007 0.321797 0.244619 0.184056 0.137078 0.101053 0.073739 0.053262 0.038082 0.026953 0.018884 0.013097 0.008991 0.006111 0.004112 0.002738 0.001805 0.001178 0.000760 0.000484 0.000303 0.000184 0.000104 0.000047 0.000000 
0.000000 0.000037 0.000082 0.000145 0.000241 0.000389 0.000616 0.000964 0.001493 0.002286 0.003467 0.005204 0.007733 0.011376 0.016567 0.023883 0.034083 0.048148 0.067329 0.093200 0.127703 0.173204 0.232530 0.309000 0.406438 0.529151 0.681883 0.869723 1.097963 1.371915 1.696658 2.076757 2.515924 3.016660 3.579882 4.204570 4.887444 5.622724 6.401972 7.214071 8.045341 8.879813 9.699664 10.485795 11.218542 11.878471 12.447229 12.908386 13.248222 13.456410 13.526531 13.456410 13.248222 12.908386 12.447229 11.878471 11.218542 10.485795 9.699664 8.879813 8.045341 7.214071 6.401972 5.622724 4.887444 4.204570 3.579882 3.016660 2.515924 2.076757 1.696658 1.371915 1.097963 0.869723 0.681883 0.529151 0.406438 0.309000 0.232530 0.173204 0.127703 0.093200 0.067329 0.048148 0.034083 0.023883 0.016567 0.011376 0.007733 0.005204 0.003466 0.002286 0.001492 0.000963 0.000614 0.000384 0.000233 0.000132 0.000059 0.000000 
0.000000 0.000046 0.000102 0.000182 0.000303 0.000488 0.000773 0.001209 0.001871 0.002865 0.004343 0.006518 0.009684 0.014244 0.020740 0.029894 0.042654 0.060247 0.084236 0.116585 0.159722 0.216602 0.290753 0.386322 0.508078 0.661398 0.852203 1.086841 1.371915 1.714045 2.119568 2.594172 3.142481 3.767606 4.470683 5.250430 6.102746 7.020410 7.992888 9.006306 10.043593 11.084827 12.107773 13.088610 14.002810 14.826136 15.535701 16.111014 16.534969 16.794686 16.882163 16.794686 16.534969 16.111014 15.535701 14.826136 14.002810 13.088610 12.107773 11.084827 10.043593 9.006306 7.992888 7.020410 6.102746 5.250430 4.470683 3.767606 3.142481 2.594172 2.119568 1.714045 1.371915 1.086841 0.852203 0.661398 0.508078 0.386322 0.290753 0.216602 0.159722 0.116585 0.084236 0.060247 0.042654 0.029894 0.020740 0.014244 0.009684 0.006518 0.004343 0.002864 0.001869 0.001207 0.000769 0.000482 0.000293 0.000165 0.000074 0.000000 
0.000000 0.000057 0.000127 0.000226 0.000376 0.000605 0.000959 0.001500 0.002320 0.003552 0.005385 0.008080 0.012002 0.017650 0.025696 0.037031 0.052830 0.074609 0.104301 0.144336 0.197715 0.268088 0.359820 0.478030 0.628615 0.818216 1.054145 1.344242 1.696658 2.119568 2.620791 3.207345 3.884930 4.657381 5.526089 6.489458 7.542415 8.676031 9.877291 11.129053 12.410235 13.696233 14.959594 16.170904 17.299884 18.316613 19.192837 19.903265 20.426781 20.747486 20.855504 20.747486 20.426781 19.903265 19.192837 18.316613 17.299884 16.170904 14.959594 13.696233 12.410235 11.129053 9.877291 8.676031 7.542415 6.489458 5.526089 4.657381 3.884930 3.207345 2.620791 2.119568 1.696658 1.344242 1.054145 0.818216 0.628615 0.478030 0.359820 0.268088 0.197715 0.144336 0.104301 0.074609 0.052830 0.037031 0.025696 0.017650 0.012002 0.008080 0.005384 0.003552 0.002319 0.001497 0.000954 0.000598 0.000363 0.000205 0.000092 0.000000 
0.000000 0.000070 0.000156 0.000278 0.000462 0.000743 0.001177 0.001841 0.002847 0.004359 0.006607 0.009912 0.014721 0.021646 0.031507 0.045399 0.064758 0.091441 0.127815 0.176852 0.242224 0.328398 0.440712 0.585430 0.769759 1.001822 1.290558 1.645548 2.076757 2.594172 3.207345 3.924844 4.753632 5.698380 6.760779 7.938864 9.226422 10.612526 12.081258 13.611659 15.177954 16.750069 18.294451 19.775153 21.155173 22.397950 23.468961 24.337304 24.977179 25.369162 25.501188 25.369162 24.977179 24.337304 23.468961 22.397950 21.155173 19.775153 18.294451 16.750069 15.177954 13.611659 12.081258 10.612526 9.226422 7.938864 6.760779 5.698380 4.753632 3.924844 3.207345 2.594172 2.076757 1.645548 1.290558 1.001822 0.769759 0.585430 0.440712 0.328398 0.242224 0.176852 0.127815 0.091441 0.064758 0.045399 0.031507 0.021645 0.014721 0.009911 0.006606 0.004358 0.002846 0.001838 0.001172 0.000734 0.000446 0.000252 0.000114 0.000000 
0.000000 0.000085 0.000190 0.000338 0.000561 0.000903 0.001430 0.002236 0.003459 0.005294 0.008022 0.012033 0.017869 0.026270 0.038232 0.055082 0.078560 0.110914 0.155014 0.214457 0.293694 0.398132 0.534234 0.709582 0.932902 1.214023 1.563761 1.993711 2.515924 3.142481 3.884930 4.753632 5.756996 6.900663 8.186664 9.612605 11.170956 12.848484 14.625917 16.477890 18.373214 20.275505 22.144167 23.935721 25.605408 27.109008 28.404767 29.455311 30.229439 30.703662 30.863386 30.703662 30.229439 29.455311 28.404767 27.109008 25.605408 23.935721 22.144167 20.275505 18.373214 16.477890 14.625917 12.848484 11.170956 9.612605 8.186664 6.900663 5.756996 4.753632 3.884930 3.142481 2.515924 1.993711 1.563761 1.214023 0.932902 0.709582 0.534234 0.398132 0.293694 0.214457 0.155014 0.110914 0.078560 0.055082 0.038232 0.026270 0.017869 0.012033 0.008021 0.005293 0.003456 0.002232 0.001424 0.000892 0.000542 0.000307 0.000138 0.000000 
0.000000 0.000102 0.000229 0.000407 0.000675 0.001086 0.001720 0.002688 0.004157 0.006362 0.009639 0.014457 0.021465 0.031552 0.045913 0.066139 0.094316 0.133144 0.186058 0.257376 0.352429 0.477699 0.640930 0.851209 1.118988 1.456041 1.875323 2.390719 3.016660 3.767606 4.657381 5.698380 6.900663 8.270970 9.811714 11.520016 13.386838 15.396319 17.525368 19.743600 22.013659 24.291975 26.529937 28.675486 30.675034 32.475642 34.027323 35.285338 36.212338 36.780203 36.971467 36.780203 36.212338 35.285338 34.027323 32.475642 30.675034 28.675486 26.529937 24.291975 22.013659 19.743600 17.525368 15.396319 13.386838 11.520016 9.811714 8.270970 6.900663 5.698380 4.657381 3.767606 3.016660 2.390719 1.875323 1.456041 1.118988 0.851209 0.640930 0.477699 0.352429 0.257376 0.186058 0.133144 0.094316 0.066139 0.045913 0.031552 0.021465 0.014456 0.009638 0.006361 0.004154 0.002684 0.001712 0.001073 0.000652 0.000369 0.000166 0.000000 
0.000000 0.000122 0.000272 0.000484 0.000803 0.001293 0.002046 0.003198 0.004945 0.007566 0.011462 0.017188 0.025517 0.037503 0.054565 0.078592 0.112062 0.158175 0.221012 0.305693 0.418544 0.567254 0.761008 1.010581 1.328370 1.728331 2.225825 2.837307 3.579882 4.470683 5.526089 6.760779 8.186664 9.811714 11.638775 13.664412 15.877896 18.260408 20.784565 23.414341 26.105452 28.806252 31.459129 34.002385 36.372516 38.506790 40.345975 41.837061 42.935793 43.608854 43.835547 43.608854 42.935793 41.837061 40.345975 38.506790 36.372516 34.002385 31.459129 28.806252 26.105452 23.414341 20.784565 18.260408 15.877896 13.664412 11.638775 9.811714 8.186664 6.760779 5.526089 4.470683 3.579882 2.837307 2.225825 1.728331 1.328370 1.010581 0.761008 0.567254 0.418544 0.305693 0.221012 0.158175 0.112062 0.078592 0.054565 0.037502 0.025517 0.017187 0.011461 0.007565 0.004941 0.003193 0.002037 0.001277 0.000776 0.000439 0.000198 0.000000 
0.000000 0.000144 0.000320 0.000570 0.000946 0.001522 0.002409 0.003765 0.005820 0.008905 0.013487 0.020223 0.030019 0.044113 0.064175 0.092423 0.131767 0.185968 0.259817 0.359328 0.491928 0.666644 0.894260 1.187423 1.560680 2.030412 2.614641 3.332672 4.204570 5.250430 6.489458 7.938864 9.612605 11.520016 13.664412 16.041744 18.639405 21.435297 24.397278 27.483071 30.640717 33.809622 36.922203 39.906085 42.686781 45.190713 47.348410 49.097699 50.386678 51.176276 51.442219 51.176276 50.386678 49.097699 47.348410 45.190713 42.686781 39.906085 36.922203 33.809622 30.640717 27.483071 24.397278 21.435297 18.639405 16.041744 13.664412 11.520016 9.612605 7.938864 6.489458 5.250430 4.204570 3.332672 2.614641 2.030412 1.560680 1.187423 0.894260 0.666644 0.491928 0.359328 0.259817 0.185968 0.131767 0.092423 0.064175 0.044113 0.030018 0.020222 0.013486 0.008903 0.005816 0.003758 0.002398 0.001504 0.000914 0.000517 0.000233 0.000000 
0.000000 0.000167 0.000374 0.000665 0.001102 0.001774 0.002807 0.004386 0.006779 0.010371 0.015705 0.023546 0.034947 0.051350 0.074694 0.107561 0.153332 0.216380 0.302274 0.418004 0.572202 0.775357 1.039996 1.380815 1.814710 2.360708 3.039737 3.874218 4.887444 6.102746 7.542415 9.226422 11.170956 13.386838 15.877896 18.639405 21.656702 24.904108 28.344284 31.928121 35.595279 39.275395 42.889996 46.355053 49.584085 52.491674 54.997172 57.028404 58.525122 59.441969 59.750770 59.441969 58.525122 57.028404 54.997172 52.491674 49.584085 46.355053 42.889996 39.275395 35.595279 31.928121 28.344284 24.904108 21.656702 18.639405 15.877896 13.386838 11.170956 9.226422 7.542415 6.102746 4.887444 3.874218 3.039737 2.360708 1.814710 1.380815 1.039996 0.775357 0.572202 0.418004 0.302274 0.216380 0.153332 0.107560 0.074694 0.051349 0.034947 0.023545 0.015704 0.010368 0.006775 0.004378 0.002794 0.001752 0.001065 0.000603 0.000271 0.000000 
0.000000 0.000193 0.000431 0.000766 0.001271 0.002045 0.003236 0.005056 0.007814 0.011952 0.018098 0.027130 0.040262 0.059152 0.086035 0.123878 0.176575 0.249156 0.348028 0.481230 0.658692 0.892476 1.196989 1.589126 2.088315 2.716428 3.497521 4.457363 5.622724 7.020410 8.676031 10.612526 12.848484 15.396319 18.260408 21.435297 24.904108 28.637308 32.591960 36.711611 40.926901 45.156961 49.311604 53.294263 57.005565 60.347355 63.226964 65.561464 67.281630 68.335349 68.690249 68.335349 67.281630 65.561464 63.226964 60.347355 57.005565 53.294263 49.311604 45.156961 40.926901 36.711611 32.591960 28.637308 24.904108 21.435297 18.260408 15.396319 12.848484 10.612526 8.676031 7.020410 5.622724 4.457363 3.497521 2.716428 2.088315 1.589126 1.196989 0.892476 0.658692 0.481230 0.348028 0.249156 0.176575 0.123878 0.086035 0.059152 0.040261 0.027129 0.018096 0.011949 0.007809 0.005047 0.003221 0.002020 0.001228 0.000695 0.000313 0.000000 
0.000000 0.000220 0.000492 0.000875 0.001450 0.002334 0.003692 0.005767 0.008912 0.013631 0.020638 0.030934 0.045902 0.067432 0.098067 0.141190 0.201232 0.283922 0.396555 0.548283 0.750408 1.016662 1.363441 1.809971 2.378360 3.093495 3.982744 5.075419 6.401972 7.992888 9.877291 12.081258 14.625917 17.525368 20.784565 24.397278 28.344284 32.591960 37.091445 41.778506 46.574234 51.386632 56.113113 60.643839 64.865783 68.667310 71.943028 74.598625 76.555373 77.754009 78.157716 77.754009 76.555373 74.598625 71.943028 68.667310 64.865783 60.643839 56.113113 51.386632 46.574234 41.778506 37.091445 32.591960 28.344284 24.397278 20.784565 17.525368 14.625917 12.081258 9.877291 7.992888 6.401972 5.075419 3.982744 3.093495 2.378360 1.809971 1.363441 1.016662 0.750408 0.548283 0.396555 0.283922 0.201232 0.141190 0.098067 0.067432 0.045902 0.030933 0.020636 0.013628 0.008906 0.005757 0.003675 0.002305 0.001402 0.000793 0.000357 0.000000 
0.000000 0.000249 0.000555 0.000988 0.001638 0.002635 0.004167 0.006510 0.010059 0.015383 0.023288 0.034903 0.051788 0.076071 0.110621 0.159249 0.226951 0.320182 0.447163 0.618206 0.846044 1.146145 1.536979 2.040201 2.680710 3.486532 4.488483 5.719569 7.214071 9.006306 11.129053 13.611659 16.477890 19.743600 23.414341 27.483071 31.928121 36.711611 41.778506 47.056472 52.456652 57.875466 63.197414 68.298841 73.052508 77.332743 81.020910 84.010845 86.213930 87.563455 88.017982 87.563455 86.213930 84.010845 81.020910 77.332743 73.052508 68.298841 63.197414 57.875466 52.456652 47.056472 41.778506 36.711611 31.928121 27.483071 23.414341 19.743600 16.477890 13.611659 11.129053 9.006306 7.214071 5.719569 4.488483 3.486532 2.680710 2.040201 1.536979 1.146145 0.846044 0.618206 0.447163 0.320182 0.226951 0.159249 0.110620 0.076070 0.051787 0.034902 0.023286 0.015379 0.010052 0.006499 0.004148 0.002602 0.001583 0.000896 0.000403 0.000000 
0.000000 0.000278 0.000621 0.001104 0.001830 0.002944 0.004655 0.007271 0.011234 0.017179 0.026005 0.038972 0.057819 0.084923 0.123483 0.177751 0.253299 0.357326 0.499000 0.689821 0.943986 1.278741 1.714678 2.275936 2.990269 3.888915 5.006219 6.378961 8.045341 10.043593 12.410235 15.177954 18.373214 22.013659 26.105452 30.640717 35.595279 40.926901 46.574234 52.456652 58.475128 64.514230 70.445254 76.130415 81.427935 86.197794 90.307809 93.639699 96.094730 97.598581 98.105084 97.598581 96.094730 93.639699 90.307809 86.197794 81.427935 76.130415 70.445254 64.514230 58.475128 52.456652 46.574234 40.926901 35.595279 30.640717 26.105452 22.013659 18.373214 15.177954 12.410235 10.043593 8.045341 6.378961 5.006219 3.888915 2.990269 2.275936 1.714678 1.278741 0.943986 0.689821 0.499000 0.357326 0.253298 0.177751 0.123483 0.084922 0.057818 0.038970 0.026003 0.017175 0.011227 0.007259 0.004634 0.002907 0.001768 0.001001 0.000451 0.000000 
0.000000 0.000308 0.000686 0.001220 0.002023 0.003254 0.005146 0.008037 0.012416 0.018985 0.028736 0.043060 0.063880 0.093818 0.136406 0.196339 0.279767 0.394637 0.551068 0.761750 1.042350 1.411901 1.893120 2.512643 3.301087 4.292912 5.526002 7.040926 8.879813 11.084827 13.696233 16.750069 20.275505 24.291975 28.806252 33.809622 39.275395 45.156961 51.386632 57.875466 64.514230 71.175607 77.717645 83.988386 89.831473 95.092490 99.625671 103.300580 106.008340 107.666996 108.225637 107.666996 106.008340 103.300580 99.625671 95.092490 89.831473 83.988386 77.717645 71.175607 64.514230 57.875466 51.386632 45.156961 39.275395 33.809622 28.806252 24.291975 20.275505 16.750069 13.696233 11.084827 8.879813 7.040926 5.526002 4.292912 3.301087 2.512643 1.893120 1.411900 1.042350 0.761750 0.551068 0.394637 0.279767 0.196339 0.136406 0.093817 0.063879 0.043059 0.028733 0.018980 0.012408 0.008023 0.005122 0.003214 0.001955 0.001107 0.000498 0.000000 
0.000000 0.000336 0.000751 0.001335 0.002213 0.003560 0.005629 0.008790 0.013579 0.020761 0.031422 0.047081 0.069840 0.102564 0.149113 0.214615 0.305789 0.431317 0.602251 0.832451 1.139031 1.542773 2.068488 2.745258 3.606516 4.689885 6.036725 7.691322 9.699664 12.107773 14.959594 18.294451 22.144167 26.529937 31.459129 36.922203 42.889996 49.311604 56.113113 63.197414 70.445254 77.717645 84.859631 91.705336 98.084091 103.827351 108.776012 112.787707 115.743603 117.554249 118.164079 117.554249 115.743603 112.787707 108.776012 103.827351 98.084091 91.705336 84.859631 77.717645 70.445254 63.197414 56.113113 49.311604 42.889996 36.922203 31.459129 26.529937 22.144167 18.294451 14.959594 12.107773 9.699664 7.691322 6.036725 4.689885 3.606516 2.745258 2.068488 1.542773 1.139031 0.832451 0.602251 0.431317 0.305789 0.214615 0.149113 0.102564 0.069839 0.047080 0.031419 0.020756 0.013570 0.008775 0.005603 0.003515 0.002139 0.001211 0.000545 0.000000 
