0.000000 0.000000 0.000000 0.000000 0.000000 0.000000 0.000000 0.000000 0.000000 0.000000 0.000000 0.000000 0.000000 0.000000 0.000000 0.000000 0.000000 0.000000 0.000000 0.000000 0.000000 0.000000 0.000000 0.000000 0.000000 0.000000 0.000000 0.000000 0.000000 0.000000 0.000000 0.000000 0.000000 0.000000 0.000000 0.000000 0.000000 0.000000 0.000000 0.000000 0.000000 0.000000 0.000000 0.000000 0.000000 0.000000 0.000000 0.000000 0.000000 0.000000 0.000000 0.000000 0.000000 0.000000 0.000000 0.000000 0.000000 0.000000 0.000000 0.000000 0.000000 0.000000 0.000000 0.000000 0.000000 0.000000 0.000000 0.000000 0.000000 0.000000 0.000000 0.000000 0.000000 0.000000 0.000000 0.000000 0.000000 0.000000 0.000000 0.000000 0.000000 0.000000 0.000000 0.000000 0.000000 0.000000 0.000000 0.000000 0.000000 0.000000 0.000000 0.000000 0.000000 0.000000 0.000000 0.000000 0.000000 0.000000 0.000000 0.000000 
0.000000 0.000000 0.000000 0.000000 0.000000 0.000000 0.000000 0.000000 0.000000 0.000000 0.000000 0.000000 0.000000 0.000000 0.000000 0.000000 0.000000 0.000000 0.000000 0.000000 0.000000 0.000000 0.000000 0.000000 0.000000 0.000000 0.000000 0.000000 0.000000 0.000000 0.000000 0.000000 0.000000 0.000000 0.000000 0.000000 0.000000 0.000000 0.000000 0.000000 0.000000 0.000000 0.000000 0.000000 0.000000 0.000000 0.000000 0.000000 0.000000 0.000000 0.000000 0.000000 0.000000 0.000000 0.000000 0.000000 0.000000 0.000000 0.000000 0.000000 0.000000 0.000000 0.000000 0.000000 0.000000 0.000000 0.000000 0.000000 0.000000 0.000000 0.000000 0.000000 0.000000 0.000000 0.000000 0.000000 0.000000 0.000000 0.000000 0.000000 0.000000 0.000000 0.000000 0.000000 0.000000 0.000000 0.000000 0.000000 0.000000 0.000000 0.000000 0.000000 0.000000 0.000000 0.000000 0.000000 0.000000 0.000000 0.000000 0.000000 
0.000000 0.000000 0.000000 0.000000 0.000000 0.000000 0.000000 0.000000 0.000000 0.000000 0.000000 0.000000 0.000000 0.000000 0.000000 0.000000 0.000000 0.000000 0.000000 0.000000 0.000000 0.000000 0.000000 0.000000 0.000000 0.000000 0.000000 0.000000 0.000000 0.000000 0.000000 0.000000 0.000000 0.000000 0.000000 0.000000 0.000000 0.000000 0.000000 0.000000 0.000000 0.000000 0.000000 0.000000 0.000000 0.000000 0.000000 0.000000 0.000000 0.000000 0.000000 0.000000 0.000000 0.000000 0.000000 0.000000 0.000000 0.000000 0.000000 0.000000 0.000000 0.000000 0.000000 0.000000 0.000000 0.000000 0.000000 0.000000 0.000000 0.000000 0.000000 0.000000 0.000000 0.000000 0.000000 0.000000 0.000000 0.000000 0.000000 0.000000 0.000000 0.000000 0.000000 0.000000 0.000000 0.000000 0.000000 0.000000 0.000000 0.000000 0.000000 0.000000 0.000000 0.000000 0.000000 0.000000 0.000000 0.000000 0.000000 0.000000 
0.000000 0.000000 0.000000 0.000000 0.000000 0.000000 0.000000 0.000000 0.000000 0.000000 0.000000 0.000000 0.000000 0.000000 0.000000 0.000000 0.000000 0.000000 0.000000 0.000000 0.000000 0.000000 0.000000 0.000000 0.000000 0.000000 0.000000 0.000000 0.000000 0.000000 0.000000 0.000000 0.000000 0.000000 0.000000 0.000000 0.000000 0.000000 0.000000 0.000000 0.000000 0.000000 0.000000 0.000000 0.000000 0.000000 0.000000 0.000000 0.000000 0.000000 0.000000 0.000000 0.000000 0.000000 0.000000 0.000000 0.000000 0.000000 0.000000 0.000000 0.000000 0.000000 0.000000 0.000000 0.000000 0.000000 0.000000 0.000000 0.000000 0.000000 0.000000 0.000000 0.000000 0.000000 0.000000 0.000000 0.000000 0.000000 0.000000 0.000000 0.000000 0.000000 0.000000 0.000000 0.000000 0.000000 0.000000 0.000000 0.000000 0.000000 0.000000 0.000000 0.000000 0.000000 0.000000 0.000000 0.000000 0.000000 0.000000 0.000000 
0.000000 0.000000 0.000000 0.000000 0.000000 0.000000 0.000000 0.000000 0.000000 0.000000 0.000000 0.000000 0.000000 0.000000 0.000000 0.000000 0.000000 0.000000 0.000000 0.000000 0.000000 0.000000 0.000000 0.000000 0.000000 0.000000 0.000000 0.000000 0.000000 0.000000 0.000000 0.000000 0.000000 0.000000 0.000000 0.000000 0.000000 0.000000 0.000000 0.000000 0.000000 0.000000 0.000000 0.000000 0.000000 0.000000 0.000000 0.000000 0.000000 0.000000 0.000000 0.000000 0.000000 0.000000 0.000000 0.000000 0.000000 0.000000 0.000000 0.000000 0.000000 0.000000 0.000000 0.000000 0.000000 0.000000 0.000000 0.000000 0.000000 0.000000 0.000000 0.000000 0.000000 0.000000 0.000000 0.000000 0.000000 0.000000 0.000000 0.000000 0.000000 0.000000 0.000000 0.000000 0.000000 0.000000 0.000000 0.000000 0.000000 0.000000 0.000000 0.000000 0.000000 0.000000 0.000000 0.000000 0.000000 0.000000 0.000000 0.000000 
0.000000 0.000000 0.000000 0.000000 0.000000 0.000000 0.000000 0.000000 0.000000 0.000000 0.000000 0.000000 0.000000 0.000000 0.000000 0.000000 0.000000 0.000000 0.000000 0.000000 0.000000 0.000000 0.000000 0.000000 0.000000 0.000000 0.000000 0.000000 0.000000 0.000000 0.000000 0.000000 0.000000 0.000000 0.000000 0.000000 0.000000 0.000000 0.000000 0.000000 0.000000 0.000000 0.000000 0.000000 0.000000 0.000000 0.000000 0.000000 0.000000 0.000000 0.000000 0.000000 0.000000 0.000000 0.000000 0.000000 0.000000 0.000000 0.000000 0.000000 0.000000 0.000000 0.000000 0.000000 0.000000 0.000000 0.000000 0.000000 0.000000 0.000000 0.000000 0.000000 0.000000 0.000000 0.000000 0.000000 0.000000 0.000000 0.000000 0.000000 0.000000 0.000000 0.000000 0.000000 0.000000 0.000000 0.000000 0.000000 0.000000 0.000000 0.000000 0.000000 0.000000 0.000000 0.000000 0.000000 0.000000 0.000000 0.000000 0.000000 
0.000000 0.000000 0.000000 0.000000 0.000000 0.000000 0.000000 0.000000 0.000000 0.000000 0.000000 0.000000 0.000000 0.000000 0.000000 0.000000 0.000000 0.000000 0.000000 0.000000 0.000000 0.000000 0.000000 0.000000 0.000000 0.000000 0.000000 0.000000 0.000000 0.000000 0.000000 0.000000 0.000000 0.000000 0.000000 0.000000 0.000000 0.000000 0.000000 0.000000 0.000000 0.000000 0.000000 0.000000 0.000000 0.000000 0.000000 0.000000 0.000000 0.000000 0.000000 0.000000 0.000000 0.000000 0.000000 0.000000 0.000000 0.000000 0.000000 0.000000 0.000000 0.000000 0.000000 0.000000 0.000000 0.000000 0.000000 0.000000 0.000000 0.000000 0.000000 0.000000 0.000000 0.000000 0.000000 0.000000 0.000000 0.000000 0.000000 0.000000 0.000000 0.000000 0.000000 0.000000 0.000000 0.000000 0.000000 0.000000 0.000000 0.000000 0.000000 0.000000 0.000000 0.000000 0.000000 0.000000 0.000000 0.000000 0.000000 0.000000 
0.000000 0.000000 0.000000 0.000000 0.000000 0.000000 0.000000 0.000000 0.000000 0.000000 0.000000 0.000000 0.000000 0.000000 0.000000 0.000000 0.000000 0.000000 0.000000 0.000000 0.000000 0.000000 0.000000 0.000000 0.000000 0.000000 0.000000 0.000000 0.000000 0.000000 0.000000 0.000000 0.000000 0.000000 0.000000 0.000000 0.000000 0.000000 0.000000 0.000000 0.000000 0.000000 0.000000 0.000000 0.000000 0.000000 0.000000 0.000000 0.000000 0.000000 0.000000 0.000000 0.000000 0.000000 0.000000 0.000000 0.000000 0.000000 0.000000 0.000000 0.000000 0.000000 0.000000 0.000000 0.000000 0.000000 0.000000 0.000000 0.000000 0.000000 0.000000 0.000000 0.000000 0.000000 0.000000 0.000000 0.000000 0.000000 0.000000 0.000000 0.000000 0.000000 0.000000 0.000000 0.000000 0.000000 0.000000 0.000000 0.000000 0.000000 0.000000 0.000000 0.000000 0.000000 0.000000 0.000000 0.000000 0.000000 0.000000 0.000000 
0.000000 0.000000 0.000000 0.000000 0.000000 0.000000 0.000000 0.000000 0.000000 0.000000 0.000000 0.000000 0.000000 0.000000 0.000000 0.000000 0.000000 0.000000 0.000000 0.000000 0.000000 0.000000 0.000000 0.000000 0.000000 0.000000 0.000000 0.000000 0.000000 0.000000 0.000000 0.000000 0.000000 0.000000 0.000000 0.000000 0.000000 0.000000 0.000000 0.000000 0.000000 0.000000 0.000000 0.000000 0.000000 0.000000 0.000000 0.000000 0.000000 0.000000 0.000000 0.000000 0.000000 0.000000 0.000000 0.000000 0.000000 0.000000 0.000000 0.000000 0.000000 0.000000 0.000000 0.000000 0.000000 0.000000 0.000000 0.000000 0.000000 0.000000 0.000000 0.000000 0.000000 0.000000 0.000000 0.000000 0.000000 0.000000 0.000000 0.000000 0.000000 0.000000 0.000000 0.000000 0.000000 0.000000 0.000000 0.000000 0.000000 0.000000 0.000000 0.000000 0.000000 0.000000 0.000000 0.000000 0.000000 0.000000 0.000000 0.000000 
0.000000 0.000000 0.000000 0.000000 0.000000 0.000000 0.000000 0.000000 0.000000 0.000000 0.000000 0.000000 0.000000 0.000000 0.000000 0.000000 0.000000 0.000000 0.000000 0.000000 0.000000 0.000000 0.000000 0.000000 0.000000 0.000000 0.000000 0.000000 0.000000 0.000000 0.000000 0.000000 0.000000 0.000000 0.000000 0.000000 0.000000 0.000000 0.000000 0.000000 0.000000 0.000000 0.000000 0.000000 0.000000 0.000000 0.000000 0.000000 0.000000 0.000000 0.000000 0.000000 0.000000 0.000000 0.000000 0.000000 0.000000 0.000000 0.000000 0.000000 0.000000 0.000000 0.000000 0.000000 0.000000 0.000000 0.000000 0.000000 0.000000 0.000000 0.000000 0.000000 0.000000 0.000000 0.000000 0.000000 0.000000 0.000000 0.000000 0.000000 0.000000 0.000000 0.000000 0.000000 0.000000 0.000000 0.000000 0.000000 0.000000 0.000000 0.000000 0.000000 0.000000 0.000000 0.000000 0.000000 0.000000 0.000000 0.000000 0.000000 
0.000000 0.000000 0.000000 0.000000 0.000000 0.000000 0.000000 0.000000 0.000000 0.000000 0.000000 0.000000 0.000000 0.000000 0.000000 0.000000 0.000000 0.000000 0.000000 0.000000 0.000000 0.000000 0.000000 0.000000 0.000000 0.000000 0.000000 0.000000 0.000000 0.000000 0.000000 0.000000 0.000000 0.000000 0.000000 0.000000 0.000000 0.000000 0.000000 0.000000 0.000000 0.000000 0.000000 0.000001 0.000001 0.000001 0.000001 0.000001 0.000001 0.000001 0.000001 0.000001 0.000001 0.000001 0.000001 0.000001 0.000001 0.000001 0.000000 0.000000 0.000000 0.000000 0.000000 0.000000 0.000000 0.000000 0.000000 0.000000 0.000000 0.000000 0.000000 0.000000 0.000000 0.000000 0.000000 0.000000 0.000000 0.000000 0.000000 0.000000 0.000000 0.000000 0.000000 0.000000 0.000000 0.000000 0.000000 0.000000 0.000000 0.000000 0.000000 0.000000 0.000000 0.000000 0.000000 0.000000 0.000000 0.000000 0.000000 0.000000 
0.000000 0.000000 0.000000 0.000000 0.000000 0.000000 0.000000 0.000000 0.000000 0.000000 0.000000 0.000000 0.000000 0.000000 0.000000 0.000000 0.000000 0.000000 0.000000 0.000000 0.000000 0.000000 0.000000 0.000000 0.000000 0.000000 0.000000 0.000000 0.000000 0.000000 0.000000 0.000000 0.000000 0.000000 0.000000 0.000000 0.000000 0.000000 0.000000 0.000001 0.000001 0.000001 0.000001 0.000001 0.000002 0.000002 0.000002 0.000002 0.000003 0.000003 0.000003 0.000003 0.000003 0.000002 0.000002 0.000002 0.000002 0.000001 0.000001 0.000001 0.000001 0.000001 0.000000 0.000000 0.000000 0.000000 0.000000 0.000000 0.000000 0.000000 0.000000 0.000000 0.000000 0.000000 0.000000 0.000000 0.000000 0.000000 0.000000 0.000000 0.000000 0.000000 0.000000 0.000000 0.000000 0.000000 0.000000 0.000000 0.000000 0.000000 0.000000 0.000000 0.000000 0.000000 0.000000 0.000000 0.000000 0.000000 0.000000 0.000000 
0.000000 0.000000 0.000000 0.000000 0.000000 0.000000 0.000000 0.000000 0.000000 0.000000 0.000000 0.000000 0.000000 0.000000 0.000000 0.000000 0.000000 0.000000 0.000000 0.000000 0.000000 0.000000 0.000000 0.000000 0.000000 0.000000 0.000000 0.000000 0.000000 0.000000 0.000000 0.000000 0.000000 0.000000 0.000000 0.000000 0.000000 0.000001 0.000001 0.000001 0.000002 0.000002 0.000003 0.000004 0.000004 0.000005 0.000006 0.000006 0.000007 0.000007 0.000007 0.000007 0.000007 0.000006 0.000006 0.000005 0.000004 0.000004 0.000003 0.000002 0.000002 0.000001 0.000001 0.000001 0.000000 0.000000 0.000000 0.000000 0.000000 0.000000 0.000000 0.000000 0.000000 0.000000 0.000000 0.000000 0.000000 0.000000 0.000000 0.000000 0.000000 0.000000 0.000000 0.000000 0.000000 0.000000 0.000000 0.000000 0.000000 0.000000 0.000000 0.000000 0.000000 0.000000 0.000000 0.000000 0.000000 0.000000 0.000000 0.000000 
0.000000 0.000000 0.000000 0.000000 0.000000 0.000000 0.000000 0.000000 0.000000 0.000000 0.000000 0.000000 0.000000 0.000000 0.000000 0.000000 0.000000 0.000000 0.000000 0.000000 0.000000 0.000000 0.000000 0.000000 0.000000 0.000000 0.000000 0.000000 0.000000 0.000000 0.000000 0.000000 0.000000 0.000000 0.000001 0.000001 0.000001 0.000002 0.000002 0.000003 0.000004 0.000006 0.000007 0.000009 0.000011 0.000012 0.000014 0.000015 0.000016 0.000017 0.000017 0.000017 0.000016 0.000015 0.000014 0.000012 0.000011 0.000009 0.000007 0.000006 0.000004 0.000003 0.000002 0.000002 0.000001 0.000001 0.000001 0.000000 0.000000 0.000000 0.000000 0.000000 0.000000 0.000000 0.000000 0.000000 0.000000 0.000000 0.000000 0.000000 0.000000 0.000000 0.000000 0.000000 0.000000 0.000000 0.000000 0.000000 0.000000 0.000000 0.000000 0.000000 0.000000 0.000000 0.000000 0.000000 0.000000 0.000000 0.000000 0.000000 
0.000000 0.000000 0.000000 0.000000 0.000000 0.000000 0.000000 0.000000 0.000000 0.000000 0.000000 0.000000 0.000000 0.000000 0.000000 0.000000 0.000000 0.000000 0.000000 0.000000 0.000000 0.000000 0.000000 0.000000 0.000000 0.000000 0.000000 0.000000 0.000000 0.000000 0.000000 0.000000 0.000001 0.000001 0.000001 0.000002 0.000003 0.000004 0.000006 0.000008 0.000011 0.000014 0.000017 0.000021 0.000026 0.000030 0.000034 0.000037 0.000040 0.000042 0.000042 0.000042 0.000040 0.000037 0.000034 0.000030 0.000026 0.000021 0.000017 0.000014 0.000011 0.000008 0.000006 0.000004 0.000003 0.000002 0.000001 0.000001 0.000001 0.000000 0.000000 0.000000 0.000000 0.000000 0.000000 0.000000 0.000000 0.000000 0.000000 0.000000 0.000000 0.000000 0.000000 0.000000 0.000000 0.000000 0.000000 0.000000 0.000000 0.000000 0.000000 0.000000 0.000000 0.000000 0.000000 0.000000 0.000000 0.000000 0.000000 0.000000 
0.000000 0.000000 0.000000 0.000000 0.000000 0.000000 0.000000 0.000000 0.000000 0.000000 0.000000 0.000000 0.000000 0.000000 0.000000 0.000000 0.000000 0.000000 0.000000 0.000000 0.000000 0.000000 0.000000 0.000000 0.000000 0.000000 0.000000 0.000000 0.000000 0.000000 0.000000 0.000001 0.000001 0.000002 0.000003 0.000005 0.000007 0.000010 0.000014 0.000019 0.000025 0.000033 0.000042 0.000051 0.000061 0.000071 0.000080 0.000088 0.000095 0.000099 0.000100 0.000099 0.000095 0.000088 0.000080 0.000071 0.000061 0.000051 0.000042 0.000033 0.000025 0.000019 0.000014 0.000010 0.000007 0.000005 0.000003 0.000002 0.000001 0.000001 0.000000 0.000000 0.000000 0.000000 0.000000 0.000000 0.000000 0.000000 0.000000 0.000000 0.000000 0.000000 0.000000 0.000000 0.000000 0.000000 0.000000 0.000000 0.000000 0.000000 0.000000 0.000000 0.000000 0.000000 0.000000 0.000000 0.000000 0.000000 0.000000 0.000000 
0.000000 0.000000 0.000000 0.000000 0.000000 0.000000 0.000000 0.000000 0.000000 0.000000 0.000000 0.000000 0.000000 0.000000 0.000000 0.000000 0.000000 0.000000 0.000000 0.000000 0.000000 0.000000 0.000000 0.000000 0.000000 0.000000 0.000000 0.000000 0.000000 0.000001 0.000001 0.000002 0.000003 0.000005 0.000007 0.000011 0.000016 0.000023 0.000033 0.000045 0.000059 0.000077 0.000097 0.000119 0.000142 0.000164 0.000186 0.000205 0.000219 0.000228 0.000231 0.000228 0.000219 0.000205 0.000186 0.000164 0.000142 0.000119 0.000097 0.000077 0.000059 0.000045 0.000033 0.000023 0.000016 0.000011 0.000007 0.000005 0.000003 0.000002 0.000001 0.000001 0.000000 0.000000 0.000000 0.000000 0.000000 0.000000 0.000000 0.000000 0.000000 0.000000 0.000000 0.000000 0.000000 0.000000 0.000000 0.000000 0.000000 0.000000 0.000000 0.000000 0.000000 0.000000 0.000000 0.000000 0.000000 0.000000 0.000000 0.000000 
0.000000 0.000000 0.000000 0.000000 0.000000 0.000000 0.000000 0.000000 0.000000 0.000000 0.000000 0.000000 0.000000 0.000000 0.000000 0.000000 0.000000 0.000000 0.000000 0.000000 0.000000 0.000000 0.000000 0.000000 0.000000 0.000000 0.000000 0.000000 0.000001 0.000001 0.000002 0.000004 0.000007 0.000011 0.000016 0.000025 0.000037 0.000053 0.000074 0.000101 0.000135 0.000174 0.000219 0.000269 0.000321 0.000373 0.000421 0.000463 0.000496 0.000516 0.000524 0.000516 0.000496 0.000463 0.000421 0.000373 0.000321 0.000269 0.000219 0.000174 0.000135 0.000101 0.000074 0.000053 0.000037 0.000025 0.000016 0.000011 0.000007 0.000004 0.000002 0.000001 0.000001 0.000000 0.000000 0.000000 0.000000 0.000000 0.000000 0.000000 0.000000 0.000000 0.000000 0.000000 0.000000 0.000000 0.000000 0.000000 0.000000 0.000000 0.000000 0.000000 0.000000 0.000000 0.000000 0.000000 0.000000 0.000000 0.000000 0.000000 
0.000000 0.000000 0.000000 0.000000 0.000000 0.000000 0.000000 0.000000 0.000000 0.000000 0.000000 0.000000 0.000000 0.000000 0.000000 0.000000 0.000000 0.000000 0.000000 0.000000 0.000000 0.000000 0.000000 0.000000 0.000000 0.000000 0.000001 0.000001 0.000002 0.000003 0.000005 0.000009 0.000015 0.000024 0.000037 0.000056 0.000082 0.000118 0.000166 0.000226 0.000300 0.000387 0.000487 0.000597 0.000712 0.000826 0.000933 0.001026 0.001097 0.001143 0.001159 0.001143 0.001097 0.001026 0.000933 0.000826 0.000712 0.000597 0.000487 0.000387 0.000300 0.000226 0.000166 0.000118 0.000082 0.000056 0.000037 0.000024 0.000015 0.000009 0.000005 0.000003 0.000002 0.000001 0.000001 0.000000 0.000000 0.000000 0.000000 0.000000 0.000000 0.000000 0.000000 0.000000 0.000000 0.000000 0.000000 0.000000 0.000000 0.000000 0.000000 0.000000 0.000000 0.000000 0.000000 0.000000 0.000000 0.000000 0.000000 0.000000 
0.000000 0.000000 0.000000 0.000000 0.000000 0.000000 0.000000 0.000000 0.000000 0.000000 0.000000 0.000000 0.000000 0.000000 0.000000 0.000000 0.000000 0.000000 0.000000 0.000000 0.000000 0.000000 0.000000 0.000000 0.000000 0.000001 0.000001 0.000002 0.000004 0.000007 0.000012 0.000020 0.000033 0.000052 0.000081 0.000122 0.000180 0.000258 0.000361 0.000491 0.000652 0.000841 0.001057 0.001294 0.001542 0.001788 0.002019 0.002219 0.002374 0.002472 0.002506 0.002472 0.002374 0.002219 0.002019 0.001788 0.001542 0.001294 0.001057 0.000841 0.000652 0.000491 0.000361 0.000258 0.000180 0.000122 0.000081 0.000052 0.000033 0.000020 0.000012 0.000007 0.000004 0.000002 0.000001 0.000001 0.000000 0.000000 0.000000 0.000000 0.000000 0.000000 0.000000 0.000000 0.000000 0.000000 0.000000 0.000000 0.000000 0.000000 0.000000 0.000000 0.000000 0.000000 0.000000 0.000000 0.000000 0.000000 0.000000 0.000000 
0.000000 0.000000 0.000000 0.000000 0.000000 0.000000 0.000000 0.000000 0.000000 0.000000 0.000000 0.000000 0.000000 0.000000 0.000000 0.000000 0.000000 0.000000 0.000000 0.000000 0.000000 0.000000 0.000000 0.000000 0.000001 0.000001 0.000003 0.000005 0.000008 0.000015 0.000026 0.000043 0.000070 0.000111 0.000173 0.000261 0.000384 0.000550 0.000768 0.001045 0.001384 0.001785 0.002242 0.002742 0.003265 0.003785 0.004272 0.004694 0.005020 0.005227 0.005298 0.005227 0.005020 0.004694 0.004272 0.003785 0.003265 0.002742 0.002242 0.001785 0.001384 0.001045 0.000768 0.000550 0.000384 0.000261 0.000173 0.000111 0.000070 0.000043 0.000026 0.000015 0.000008 0.000005 0.000003 0.000001 0.000001 0.000000 0.000000 0.000000 0.000000 0.000000 0.000000 0.000000 0.000000 0.000000 0.000000 0.000000 0.000000 0.000000 0.000000 0.000000 0.000000 0.000000 0.000000 0.000000 0.000000 0.000000 0.000000 0.000000 
0.000000 0.000000 0.000000 0.000000 0.000000 0.000000 0.000000 0.000000 0.000000 0.000000 0.000000 0.000000 0.000000 0.000000 0.000000 0.000000 0.000000 0.000000 0.000000 0.000000 0.000000 0.000000 0.000000 0.000001 0.000001 0.000003 0.000005 0.000010 0.000018 0.000031 0.000054 0.000090 0.000147 0.000233 0.000361 0.000544 0.000800 0.001146 0.001598 0.002171 0.002873 0.003702 0.004646 0.005678 0.006757 0.007829 0.008832 0.009700 0.010373 0.010798 0.010944 0.010798 0.010373 0.009700 0.008832 0.007829 0.006757 0.005678 0.004646 0.003702 0.002873 0.002171 0.001598 0.001146 0.000800 0.000544 0.000361 0.000233 0.000147 0.000090 0.000054 0.000031 0.000018 0.000010 0.000005 0.000003 0.000001 0.000001 0.000000 0.000000 0.000000 0.000000 0.000000 0.000000 0.000000 0.000000 0.000000 0.000000 0.000000 0.000000 0.000000 0.000000 0.000000 0.000000 0.000000 0.000000 0.000000 0.000000 0.000000 0.000000 
0.000000 0.000000 0.000000 0.000000 0.000000 0.000000 0.000000 0.000000 0.000000 0.000000 0.000000 0.000000 0.000000 0.000000 0.000000 0.000000 0.000000 0.000000 0.000000 0.000000 0.000000 0.000000 0.000001 0.000002 0.000003 0.000006 0.000011 0.000020 0.000037 0.000065 0.000111 0.000185 0.000300 0.000477 0.000737 0.001110 0.001629 0.002330 0.003246 0.004406 0.005825 0.007500 0.009406 0.011487 0.013661 0.015820 0.017840 0.019588 0.020941 0.021797 0.022090 0.021797 0.020941 0.019588 0.017840 0.015820 0.013661 0.011487 0.009406 0.007500 0.005825 0.004406 0.003246 0.002330 0.001629 0.001110 0.000737 0.000477 0.000300 0.000185 0.000111 0.000065 0.000037 0.000020 0.000011 0.000006 0.000003 0.000002 0.000001 0.000000 0.000000 0.000000 0.000000 0.000000 0.000000 0.000000 0.000000 0.000000 0.000000 0.000000 0.000000 0.000000 0.000000 0.000000 0.000000 0.000000 0.000000 0.000000 0.000000 0.000000 
0.000000 0.000000 0.000000 0.000000 0.000000 0.000000 0.000000 0.000000 0.000000 0.000000 0.000000 0.000000 0.000000 0.000000 0.000000 0.000000 0.000000 0.000000 0.000000 0.000000 0.000000 0.000001 0.000002 0.000003 0.000006 0.000012 0.000022 0.000041 0.000074 0.000130 0.000222 0.000370 0.000601 0.000952 0.001469 0.002210 0.003240 0.004629 0.006442 0.008734 0.011537 0.014842 0.018599 0.022700 0.026981 0.031231 0.035203 0.038641 0.041300 0.042983 0.043560 0.042983 0.041300 0.038641 0.035203 0.031231 0.026981 0.022700 0.018599 0.014842 0.011537 0.008734 0.006442 0.004629 0.003240 0.002210 0.001469 0.000952 0.000601 0.000370 0.000222 0.000130 0.000074 0.000041 0.000022 0.000012 0.000006 0.000003 0.000002 0.000001 0.000000 0.000000 0.000000 0.000000 0.000000 0.000000 0.000000 0.000000 0.000000 0.000000 0.000000 0.000000 0.000000 0.000000 0.000000 0.000000 0.000000 0.000000 0.000000 0.000000 
0.000000 0.000000 0.000000 0.000000 0.000000 0.000000 0.000000 0.000000 0.000000 0.000000 0.000000 0.000000 0.000000 0.000000 0.000000 0.000000 0.000000 0.000000 0.000000 0.000000 0.000001 0.000001 0.000003 0.000006 0.000012 0.000023 0.000044 0.000081 0.000146 0.000255 0.000435 0.000723 0.001173 0.001856 0.002861 0.004298 0.006293 0.008980 0.012484 0.016911 0.022316 0.028688 0.035924 0.043816 0.052051 0.060222 0.067856 0.074460 0.079568 0.082800 0.083906 0.082800 0.079568 0.074460 0.067856 0.060222 0.052051 0.043816 0.035924 0.028688 0.022316 0.016911 0.012484 0.008980 0.006293 0.004298 0.002861 0.001856 0.001173 0.000723 0.000435 0.000255 0.000146 0.000081 0.000044 0.000023 0.000012 0.000006 0.000003 0.000001 0.000001 0.000000 0.000000 0.000000 0.000000 0.000000 0.000000 0.000000 0.000000 0.000000 0.000000 0.000000 0.000000 0.000000 0.000000 0.000000 0.000000 0.000000 0.000000 0.000000 
0.000000 0.000000 0.000000 0.000000 0.000000 0.000000 0.000000 0.000000 0.000000 0.000000 0.000000 0.000000 0.000000 0.000000 0.000000 0.000000 0.000000 0.000000 0.000000 0.000001 0.000001 0.000003 0.000006 0.000012 0.000023 0.000045 0.000085 0.000156 0.000279 0.000488 0.000831 0.001381 0.002237 0.003532 0.005438 0.008160 0.011935 0.017011 0.023626 0.031973 0.042158 0.054153 0.067764 0.082601 0.098073 0.113418 0.127749 0.140141 0.149724 0.155787 0.157862 0.155787 0.149724 0.140141 0.127749 0.113418 0.098073 0.082601 0.067764 0.054153 0.042158 0.031973 0.023626 0.017011 0.011935 0.008160 0.005438 0.003532 0.002237 0.001381 0.000831 0.000488 0.000279 0.000156 0.000085 0.000045 0.000023 0.000012 0.000006 0.000003 0.000001 0.000001 0.000000 0.000000 0.000000 0.000000 0.000000 0.000000 0.000000 0.000000 0.000000 0.000000 0.000000 0.000000 0.000000 0.000000 0.000000 0.000000 0.000000 0.000000 
0.000000 0.000000 0.000000 0.000000 0.000000 0.000000 0.000000 0.000000 0.000000 0.000000 0.000000 0.000000 0.000000 0.000000 0.000000 0.000000 0.000000 0.000000 0.000001 0.000001 0.000003 0.000005 0.000011 0.000022 0.000044 0.000085 0.000159 0.000292 0.000523 0.000912 0.001551 0.002573 0.004162 0.006564 0.010092 0.015126 0.022098 0.031463 0.043656 0.059027 0.077765 0.099818 0.124823 0.152064 0.180456 0.208600 0.234874 0.257586 0.275147 0.286255 0.290057 0.286255 0.275147 0.257586 0.234874 0.208600 0.180456 0.152064 0.124823 0.099818 0.077765 0.059027 0.043656 0.031463 0.022098 0.015126 0.010092 0.006564 0.004162 0.002573 0.001551 0.000912 0.000523 0.000292 0.000159 0.000085 0.000044 0.000022 0.000011 0.000005 0.000003 0.000001 0.000001 0.000000 0.000000 0.000000 0.000000 0.000000 0.000000 0.000000 0.000000 0.000000 0.000000 0.000000 0.000000 0.000000 0.000000 0.000000 0.000000 0.000000 
0.000000 0.000000 0.000000 0.000000 0.000000 0.000000 0.000000 0.000000 0.000000 0.000000 0.000000 0.000000 0.000000 0.000000 0.000000 0.000000 0.000000 0.000000 0.000001 0.000002 0.000005 0.000010 0.000020 0.000041 0.000081 0.000156 0.000292 0.000535 0.000955 0.001663 0.002824 0.004679 0.007558 0.011905 0.018282 0.027370 0.039941 0.056811 0.078755 0.106392 0.140054 0.179642 0.224502 0.273340 0.324218 0.374627 0.421670 0.462323 0.493748 0.513623 0.520425 0.513623 0.493748 0.462323 0.421670 0.374627 0.324218 0.273340 0.224502 0.179642 0.140054 0.106392 0.078755 0.056811 0.039941 0.027370 0.018282 0.011905 0.007558 0.004679 0.002824 0.001663 0.000955 0.000535 0.000292 0.000156 0.000081 0.000041 0.000020 0.000010 0.000005 0.000002 0.000001 0.000000 0.000000 0.000000 0.000000 0.000000 0.000000 0.000000 0.000000 0.000000 0.000000 0.000000 0.000000 0.000000 0.000000 0.000000 0.000000 0.000000 
0.000000 0.000000 0.000000 0.000000 0.000000 0.000000 0.000000 0.000000 0.000000 0.000000 0.000000 0.000000 0.000000 0.000000 0.000000 0.000000 0.000000 0.000001 0.000002 0.000004 0.000008 0.000018 0.000037 0.000074 0.000146 0.000279 0.000523 0.000955 0.001702 0.002959 0.005019 0.008303 0.013395 0.021072 0.032323 0.048337 0.070467 0.100133 0.138685 0.187198 0.246241 0.315629 0.394205 0.479700 0.568720 0.656882 0.739129 0.810182 0.865094 0.899819 0.911702 0.899819 0.865094 0.810182 0.739129 0.656882 0.568720 0.479700 0.394205 0.315629 0.246241 0.187198 0.138685 0.100133 0.070467 0.048337 0.032323 0.021072 0.013395 0.008303 0.005019 0.002959 0.001702 0.000955 0.000523 0.000279 0.000146 0.000074 0.000037 0.000018 0.000008 0.000004 0.000002 0.000001 0.000000 0.000000 0.000000 0.000000 0.000000 0.000000 0.000000 0.000000 0.000000 0.000000 0.000000 0.000000 0.000000 0.000000 0.000000 0.000000 
0.000000 0.000000 0.000000 0.000000 0.000000 0.000000 0.000000 0.000000 0.000000 0.000000 0.000000 0.000000 0.000000 0.000000 0.000000 0.000000 0.000001 0.000001 0.000003 0.000007 0.000015 0.000031 0.000065 0.000130 0.000255 0.000488 0.000912 0.001663 0.002959 0.005138 0.008702 0.014377 0.023165 0.036400 0.055771 0.083314 0.121335 0.172258 0.238374 0.321504 0.422602 0.541331 0.675697 0.821816 0.973885 1.124426 1.264817 1.386068 1.479755 1.538992 1.559262 1.538992 1.479755 1.386068 1.264817 1.124426 0.973885 0.821816 0.675697 0.541331 0.422602 0.321504 0.238374 0.172258 0.121335 0.083314 0.055771 0.036400 0.023165 0.014377 0.008702 0.005138 0.002959 0.001663 0.000912 0.000488 0.000255 0.000130 0.000065 0.000031 0.000015 0.000007 0.000003 0.000001 0.000001 0.000000 0.000000 0.000000 0.000000 0.000000 0.000000 0.000000 0.000000 0.000000 0.000000 0.000000 0.000000 0.000000 0.000000 0.000000 
0.000000 0.000000 0.000000 0.000000 0.000000 0.000000 0.000000 0.000000 0.000000 0.000000 0.000000 0.000000 0.000000 0.000000 0.000000 0.000000 0.000001 0.000002 0.000005 0.000012 0.000026 0.000054 0.000111 0.000222 0.000435 0.000831 0.001551 0.002824 0.005019 0.008702 0.014720 0.024288 0.039088 0.061350 0.093897 0.140127 0.203884 0.289196 0.399865 0.538906 0.707877 0.906185 1.130479 1.374262 1.627854 1.878800 2.112749 2.314748 2.470797 2.569450 2.603205 2.569450 2.470797 2.314748 2.112749 1.878800 1.627854 1.374262 1.130479 0.906185 0.707877 0.538906 0.399865 0.289196 0.203884 0.140127 0.093897 0.061350 0.039088 0.024288 0.014720 0.008702 0.005019 0.002824 0.001551 0.000831 0.000435 0.000222 0.000111 0.000054 0.000026 0.000012 0.000005 0.000002 0.000001 0.000000 0.000000 0.000000 0.000000 0.000000 0.000000 0.000000 0.000000 0.000000 0.000000 0.000000 0.000000 0.000000 0.000000 0.000000 
0.000000 0.000000 0.000000 0.000000 0.000000 0.000000 0.000000 0.000000 0.000000 0.000000 0.000000 0.000000 0.000000 0.000000 0.000000 0.000001 0.000002 0.000004 0.000009 0.000020 0.000043 0.000090 0.000185 0.000370 0.000723 0.001381 0.002573 0.004679 0.008303 0.014377 0.024288 0.040028 0.064345 0.100881 0.154243 0.229962 0.334290 0.473769 0.654558 0.881526 1.157159 1.480446 1.845890 2.242888 2.655677 3.064005 3.444556 3.773053 4.026777 4.187159 4.242032 4.187159 4.026777 3.773053 3.444556 3.064005 2.655677 2.242888 1.845890 1.480446 1.157159 0.881526 0.654558 0.473769 0.334290 0.229962 0.154243 0.100881 0.064345 0.040028 0.024288 0.014377 0.008303 0.004679 0.002573 0.001381 0.000723 0.000370 0.000185 0.000090 0.000043 0.000020 0.000009 0.000004 0.000002 0.000001 0.000000 0.000000 0.000000 0.000000 0.000000 0.000000 0.000000 0.000000 0.000000 0.000000 0.000000 0.000000 0.000000 0.000000 
0.000000 0.000000 0.000000 0.000000 0.000000 0.000000 0.000000 0.000000 0.000000 0.000000 0.000000 0.000000 0.000000 0.000000 0.000001 0.000001 0.000003 0.000007 0.000015 0.000033 0.000070 0.000147 0.000300 0.000601 0.001173 0.002237 0.004162 0.007558 0.013395 0.023165 0.039088 0.064345 0.103322 0.161824 0.247181 0.368187 0.534764 0.757280 1.045481 1.407035 1.845826 2.360173 2.941278 3.572256 4.228059 4.876540 5.480727 6.002143 6.404802 6.659297 6.746364 6.659297 6.404802 6.002143 5.480727 4.876540 4.228059 3.572256 2.941278 2.360173 1.845826 1.407035 1.045481 0.757280 0.534764 0.368187 0.247181 0.161824 0.103322 0.064345 0.039088 0.023165 0.013395 0.007558 0.004162 0.002237 0.001173 0.000601 0.000300 0.000147 0.000070 0.000033 0.000015 0.000007 0.000003 0.000001 0.000001 0.000000 0.000000 0.000000 0.000000 0.000000 0.000000 0.000000 0.000000 0.000000 0.000000 0.000000 0.000000 0.000000 
0.000000 0.000000 0.000000 0.000000 0.000000 0.000000 0.000000 0.000000 0.000000 0.000000 0.000000 0.000000 0.000000 0.000000 0.000001 0.000002 0.000005 0.000011 0.000024 0.000052 0.000111 0.000233 0.000477 0.000952 0.001856 0.003532 0.006564 0.011905 0.021072 0.036400 0.061350 0.100881 0.161824 0.253202 0.386401 0.575061 0.834553 1.180915 1.629190 2.191182 2.872807 3.671350 4.573078 5.551753 6.568528 7.573609 8.509772 9.317503 9.941157 10.335285 10.470116 10.335285 9.941157 9.317503 8.509772 7.573609 6.568528 5.551753 4.573078 3.671350 2.872807 2.191182 1.629190 1.180915 0.834553 0.575061 0.386401 0.253202 0.161824 0.100881 0.061350 0.036400 0.021072 0.011905 0.006564 0.003532 0.001856 0.000952 0.000477 0.000233 0.000111 0.000052 0.000024 0.000011 0.000005 0.000002 0.000001 0.000000 0.000000 0.000000 0.000000 0.000000 0.000000 0.000000 0.000000 0.000000 0.000000 0.000000 0.000000 0.000000 
0.000000 0.000000 0.000000 0.000000 0.000000 0.000000 0.000000 0.000000 0.000000 0.000000 0.000000 0.000000 0.000000 0.000001 0.000001 0.000003 0.000007 0.000016 0.000037 0.000081 0.000173 0.000361 0.000737 0.001469 0.002861 0.005438 0.010092 0.018282 0.032323 0.055771 0.093897 0.154243 0.247181 0.386401 0.589157 0.876092 1.270443 1.796421 2.476693 3.328989 4.362111 5.571795 6.937135 8.418349 9.956650 11.476769 12.892275 14.113325 15.055954 15.651600 15.855358 15.651600 15.055954 14.113325 12.892275 11.476769 9.956650 8.418349 6.937135 5.571795 4.362111 3.328989 2.476693 1.796421 1.270443 0.876092 0.589157 0.386401 0.247181 0.154243 0.093897 0.055771 0.032323 0.018282 0.010092 0.005438 0.002861 0.001469 0.000737 0.000361 0.000173 0.000081 0.000037 0.000016 0.000007 0.000003 0.000001 0.000001 0.000000 0.000000 0.000000 0.000000 0.000000 0.000000 0.000000 0.000000 0.000000 0.000000 0.000000 0.000000 
0.000000 0.000000 0.000000 0.000000 0.000000 0.000000 0.000000 0.000000 0.000000 0.000000 0.000000 0.000000 0.000000 0.000001 0.000002 0.000005 0.000011 0.000025 0.000056 0.000122 0.000261 0.000544 0.001110 0.002210 0.004298 0.008160 0.015126 0.027370 0.048337 0.083314 0.140127 0.229962 0.368187 0.575061 0.876092 1.301767 1.886358 2.665530 3.672614 4.933609 6.461297 8.249171 10.266187 12.453501 14.724315 16.967610 19.055995 20.857123 22.247352 23.125745 23.426211 23.125745 22.247352 20.857123 19.055995 16.967610 14.724315 12.453501 10.266187 8.249171 6.461297 4.933609 3.672614 2.665530 1.886358 1.301767 0.876092 0.575061 0.368187 0.229962 0.140127 0.083314 0.048337 0.027370 0.015126 0.008160 0.004298 0.002210 0.001110 0.000544 0.000261 0.000122 0.000056 0.000025 0.000011 0.000005 0.000002 0.000001 0.000000 0.000000 0.000000 0.000000 0.000000 0.000000 0.000000 0.000000 0.000000 0.000000 0.000000 0.000000 
0.000000 0.000000 0.000000 0.000000 0.000000 0.000000 0.000000 0.000000 0.000000 0.000000 0.000000 0.000000 0.000000 0.000001 0.000003 0.000007 0.000016 0.000037 0.000082 0.000180 0.000384 0.000800 0.001629 0.003240 0.006293 0.011935 0.022098 0.039941 0.070467 0.121335 0.203884 0.334290 0.534764 0.834553 1.270443 1.886358 2.731618 3.857486 5.311792 7.131739 9.335454 11.913278 14.820255 17.971481 21.241921 24.471811 27.477952 30.070107 32.070617 33.334488 33.766790 33.334488 32.070617 30.070107 27.477952 24.471811 21.241921 17.971481 14.820255 11.913278 9.335454 7.131739 5.311792 3.857486 2.731618 1.886358 1.270443 0.834553 0.534764 0.334290 0.203884 0.121335 0.070467 0.039941 0.022098 0.011935 0.006293 0.003240 0.001629 0.000800 0.000384 0.000180 0.000082 0.000037 0.000016 0.000007 0.000003 0.000001 0.000000 0.000000 0.000000 0.000000 0.000000 0.000000 0.000000 0.000000 0.000000 0.000000 0.000000 0.000000 
0.000000 0.000000 0.000000 0.000000 0.000000 0.000000 0.000000 0.000000 0.000000 0.000000 0.000000 0.000000 0.000001 0.000002 0.000004 0.000010 0.000023 0.000053 0.000118 0.000258 0.000550 0.001146 0.002330 0.004629 0.008980 0.017011 0.031463 0.056811 0.100133 0.172258 0.289196 0.473769 0.757280 1.180915 1.796421 2.665530 3.857486 5.444179 7.492575 10.054633 13.155452 16.781084 20.868042 25.296832 29.891751 34.428498 38.650032 42.289560 45.098015 46.872166 47.478982 46.872166 45.098015 42.289560 38.650032 34.428498 29.891751 25.296832 20.868042 16.781084 13.155452 10.054633 7.492575 5.444179 3.857486 2.665530 1.796421 1.180915 0.757280 0.473769 0.289196 0.172258 0.100133 0.056811 0.031463 0.017011 0.008980 0.004629 0.002330 0.001146 0.000550 0.000258 0.000118 0.000053 0.000023 0.000010 0.000004 0.000002 0.000001 0.000000 0.000000 0.000000 0.000000 0.000000 0.000000 0.000000 0.000000 0.000000 0.000000 0.000000 
0.000000 0.000000 0.000000 0.000000 0.000000 0.000000 0.000000 0.000000 0.000000 0.000000 0.000000 0.000000 0.000001 0.000002 0.000006 0.000014 0.000033 0.000074 0.000166 0.000361 0.000768 0.001598 0.003246 0.006442 0.012484 0.023626 0.043656 0.078755 0.138685 0.238374 0.399865 0.654558 1.045481 1.629190 2.476693 3.672614 5.311792 7.492575 10.306451 13.824230 18.079840 23.053685 28.658346 34.729799 41.027195 47.243341 53.026406 58.011367 61.857556 64.287064 65.117998 64.287064 61.857556 58.011367 53.026406 47.243341 41.027195 34.729799 28.658346 23.053685 18.079840 13.824230 10.306451 7.492575 5.311792 3.672614 2.476693 1.629190 1.045481 0.654558 0.399865 0.238374 0.138685 0.078755 0.043656 0.023626 0.012484 0.006442 0.003246 0.001598 0.000768 0.000361 0.000166 0.000074 0.000033 0.000014 0.000006 0.000002 0.000001 0.000000 0.000000 0.000000 0.000000 0.000000 0.000000 0.000000 0.000000 0.000000 0.000000 0.000000 
0.000000 0.000000 0.000000 0.000000 0.000000 0.000000 0.000000 0.000000 0.000000 0.000000 0.000000 0.000001 0.000001 0.000003 0.000008 0.000019 0.000045 0.000101 0.000226 0.000491 0.001045 0.002171 0.004406 0.008734 0.016911 0.031973 0.059027 0.106392 0.187198 0.321504 0.538906 0.881526 1.407035 2.191182 3.328989 4.933609 7.131739 10.054633 13.824230 18.534694 24.230798 30.885759 38.382212 46.500574 54.918836 63.226604 70.954110 77.614160 82.752195 85.997474 87.107375 85.997474 82.752195 77.614160 70.954110 63.226604 54.918836 46.500574 38.382212 30.885759 24.230798 18.534694 13.824230 10.054633 7.131739 4.933609 3.328989 2.191182 1.407035 0.881526 0.538906 0.321504 0.187198 0.106392 0.059027 0.031973 0.016911 0.008734 0.004406 0.002171 0.001045 0.000491 0.000226 0.000101 0.000045 0.000019 0.000008 0.000003 0.000001 0.000001 0.000000 0.000000 0.000000 0.000000 0.000000 0.000000 0.000000 0.000000 0.000000 0.000000 
0.000000 0.000000 0.000000 0.000000 0.000000 0.000000 0.000000 0.000000 0.000000 0.000000 0.000000 0.000001 0.000002 0.000004 0.000011 0.000025 0.000059 0.000135 0.000300 0.000652 0.001384 0.002873 0.005825 0.011537 0.022316 0.042158 0.077765 0.140054 0.246241 0.422602 0.707877 1.157159 1.845826 2.872807 4.362111 6.461297 9.335454 13.155452 18.079840 24.230798 31.666012 40.349858 50.128717 60.715922 71.691583 82.520944 92.592185 101.271014 107.965787 112.194037 113.640069 112.194037 107.965787 101.271014 92.592185 82.520944 71.691583 60.715922 50.128717 40.349858 31.666012 24.230798 18.079840 13.155452 9.335454 6.461297 4.362111 2.872807 1.845826 1.157159 0.707877 0.422602 0.246241 0.140054 0.077765 0.042158 0.022316 0.011537 0.005825 0.002873 0.001384 0.000652 0.000300 0.000135 0.000059 0.000025 0.000011 0.000004 0.000002 0.000001 0.000000 0.000000 0.000000 0.000000 0.000000 0.000000 0.000000 0.000000 0.000000 0.000000 
0.000000 0.000000 0.000000 0.000000 0.000000 0.000000 0.000000 0.000000 0.000000 0.000000 0.000000 0.000001 0.000002 0.000006 0.000014 0.000033 0.000077 0.000174 0.000387 0.000841 0.001785 0.003702 0.007500 0.014842 0.028688 0.054153 0.099818 0.179642 0.315629 0.541331 0.906185 1.480446 2.360173 3.671350 5.571795 8.249171 11.913278 16.781084 23.053685 30.885759 40.349858 51.399876 63.839792 77.304669 91.260540 105.027808 117.829285 128.859499 137.367310 142.740295 144.577760 142.740295 137.367310 128.859499 117.829285 105.027808 91.260540 77.304669 63.839792 51.399876 40.349858 30.885759 23.053685 16.781084 11.913278 8.249171 5.571795 3.671350 2.360173 1.480446 0.906185 0.541331 0.315629 0.179642 0.099818 0.054153 0.028688 0.014842 0.007500 0.003702 0.001785 0.000841 0.000387 0.000174 0.000077 0.000033 0.000014 0.000006 0.000002 0.000001 0.000000 0.000000 0.000000 0.000000 0.000000 0.000000 0.000000 0.000000 0.000000 0.000000 
0.000000 0.000000 0.000000 0.000000 0.000000 0.000000 0.000000 0.000000 0.000000 0.000000 0.000000 0.000001 0.000003 0.000007 0.000017 0.000042 0.000097 0.000219 0.000487 0.001057 0.002242 0.004646 0.009406 0.018599 0.035924 0.067764 0.124823 0.224502 0.394205 0.675697 1.130479 1.845890 2.941278 4.573078 6.937135 10.266187 14.820255 20.868042 28.658346 38.382212 50.128717 63.839792 79.271608 95.971169 113.276291 130.344685 146.213489 159.885091 170.429369 177.088080 179.365177 177.088080 170.429369 159.885091 146.213489 130.344685 113.276291 95.971169 79.271608 63.839792 50.128717 38.382212 28.658346 20.868042 14.820255 10.266187 6.937135 4.573078 2.941278 1.845890 1.130479 0.675697 0.394205 0.224502 0.124823 0.067764 0.035924 0.018599 0.009406 0.004646 0.002242 0.001057 0.000487 0.000219 0.000097 0.000042 0.000017 0.000007 0.000003 0.000001 0.000000 0.000000 0.000000 0.000000 0.000000 0.000000 0.000000 0.000000 0.000000 0.000000 
0.000000 0.000000 0.000000 0.000000 0.000000 0.000000 0.000000 0.000000 0.000000 0.000000 0.000001 0.000001 0.000004 0.000009 0.000021 0.000051 0.000119 0.000269 0.000597 0.001294 0.002742 0.005678 0.011487 0.022700 0.043816 0.082601 0.152064 0.273340 0.479700 0.821816 1.374262 2.242888 3.572256 5.551753 8.418349 12.453501 17.971481 25.296832 34.729799 46.500574 60.715922 77.304669 95.971169 116.167164 137.091895 157.727324 176.910096 193.435179 206.179269 214.226763 216.978717 214.226763 206.179269 193.435179 176.910096 157.727324 137.091895 116.167164 95.971169 77.304669 60.715922 46.500574 34.729799 25.296832 17.971481 12.453501 8.418349 5.551753 3.572256 2.242888 1.374262 0.821816 0.479700 0.273340 0.152064 0.082601 0.043816 0.022700 0.011487 0.005678 0.002742 0.001294 0.000597 0.000269 0.000119 0.000051 0.000021 0.000009 0.000004 0.000001 0.000001 0.000000 0.000000 0.000000 0.000000 0.000000 0.000000 0.000000 0.000000 0.000000 
