0.000000 0.000000 0.000000 0.000000 0.000000 0.000000 0.000000 0.000000 0.000000 0.000000 0.000000 0.000000 0.000000 0.000000 0.000000 0.000000 0.000000 0.000000 0.000000 0.000000 0.000000 0.000000 0.000000 0.000000 0.000000 0.000000 0.000000 0.000000 0.000000 0.000000 0.000000 0.000000 0.000000 0.000000 0.000000 0.000000 0.000000 0.000000 0.000000 0.000000 0.000000 0.000000 0.000000 0.000000 0.000000 0.000000 0.000000 0.000000 0.000000 0.000000 0.000000 0.000000 0.000000 0.000000 0.000000 0.000000 0.000000 0.000000 0.000000 0.000000 0.000000 0.000000 0.000000 0.000000 0.000000 0.000000 0.000000 0.000000 0.000000 0.000000 0.000000 0.000000 0.000000 0.000000 0.000000 0.000000 0.000000 0.000000 0.000000 0.000000 0.000000 0.000000 0.000000 0.000000 0.000000 0.000000 0.000000 0.000000 0.000000 0.000000 0.000000 0.000000 0.000000 0.000000 0.000000 0.000000 0.000000 0.000000 0.000000 0.000000 
0.000000 0.000000 0.000000 0.000000 0.000000 0.000000 0.000000 0.000000 0.000000 0.000000 0.000000 0.000000 0.000000 0.000000 0.000000 0.000000 0.000000 0.000000 0.000000 0.000000 0.000000 0.000000 0.000000 0.000000 0.000000 0.000000 0.000001 0.000001 0.000001 0.000002 0.000002 0.000003 0.000004 0.000004 0.000006 0.000007 0.000008 0.000010 0.000012 0.000014 0.000016 0.000018 0.000020 0.000022 0.000024 0.000026 0.000028 0.000029 0.000030 0.000031 0.000031 0.000031 0.000030 0.000029 0.000028 0.000026 0.000024 0.000022 0.000020 0.000018 0.000016 0.000014 0.000012 0.000010 0.000008 0.000007 0.000006 0.000004 0.000004 0.000003 0.000002 0.000002 0.000001 0.000001 0.000001 0.000000 0.000000 0.000000 0.000000 0.000000 0.000000 0.000000 0.000000 0.000000 0.000000 0.000000 0.000000 0.000000 0.000000 0.000000 0.000000 0.000000 0.000000 0.000000 0.000000 0.000000 0.000000 0.000000 0.000000 0.000000 
0.000000 0.000000 0.000000 0.000000 0.000000 0.000000 0.000000 0.000000 0.000000 0.000000 0.000000 0.000000 0.000000 0.000000 0.000000 0.000000 0.000000 0.000000 0.000000 0.000000 0.000000 0.000000 0.000000 0.000001 0.000001 0.000001 0.000002 0.000002 0.000003 0.000004 0.000005 0.000007 0.000008 0.000011 0.000013 0.000016 0.000020 0.000024 0.000028 0.000033 0.000038 0.000043 0.000048 0.000053 0.000058 0.000062 0.000066 0.000070 0.000072 0.000073 0.000074 0.000073 0.000072 0.000070 0.000066 0.000062 0.000058 0.000053 0.000048 0.000043 0.000038 0.000033 0.000028 0.000024 0.000020 0.000016 0.000013 0.000011 0.000008 0.000007 0.000005 0.000004 0.000003 0.000002 0.000002 0.000001 0.000001 0.000001 0.000000 0.000000 0.000000 0.000000 0.000000 0.000000 0.000000 0.000000 0.000000 0.000000 0.000000 0.000000 0.000000 0.000000 0.000000 0.000000 0.000000 0.000000 0.000000 0.000000 0.000000 0.000000 
0.000000 0.000000 0.000000 0.000000 0.000000 0.000000 0.000000 0.000000 0.000000 0.000000 0.000000 0.000000 0.000000 0.000000 0.000000 0.000000 0.000000 0.000000 0.000000 0.000000 0.000000 0.000001 0.000001 0.000001 0.000002 0.000002 0.000003 0.000004 0.000006 0.000007 0.000010 0.000013 0.000016 0.000021 0.000026 0.000032 0.000038 0.000046 0.000054 0.000064 0.000073 0.000083 0.000093 0.000103 0.000113 0.000121 0.000129 0.000135 0.000140 0.000142 0.000143 0.000142 0.000140 0.000135 0.000129 0.000121 0.000113 0.000103 0.000093 0.000083 0.000073 0.000064 0.000054 0.000046 0.000038 0.000032 0.000026 0.000021 0.000016 0.000013 0.000010 0.000007 0.000006 0.000004 0.000003 0.000002 0.000002 0.000001 0.000001 0.000001 0.000000 0.000000 0.000000 0.000000 0.000000 0.000000 0.000000 0.000000 0.000000 0.000000 0.000000 0.000000 0.000000 0.000000 0.000000 0.000000 0.000000 0.000000 0.000000 0.000000 
0.000000 0.000000 0.000000 0.000000 0.000000 0.000000 0.000000 0.000000 0.000000 0.000000 0.000000 0.000000 0.000000 0.000000 0.000000 0.000000 0.000000 0.000000 0.000000 0.000000 0.000001 0.000001 0.000001 0.000002 0.000003 0.000004 0.000006 0.000008 0.000010 0.000014 0.000018 0.000023 0.000030 0.000038 0.000047 0.000058 0.000071 0.000085 0.000100 0.000117 0.000134 0.000153 0.000171 0.000189 0.000206 0.000222 0.000236 0.000247 0.000256 0.000261 0.000263 0.000261 0.000256 0.000247 0.000236 0.000222 0.000206 0.000189 0.000171 0.000153 0.000134 0.000117 0.000100 0.000085 0.000071 0.000058 0.000047 0.000038 0.000030 0.000023 0.000018 0.000014 0.000010 0.000008 0.000006 0.000004 0.000003 0.000002 0.000001 0.000001 0.000001 0.000000 0.000000 0.000000 0.000000 0.000000 0.000000 0.000000 0.000000 0.000000 0.000000 0.000000 0.000000 0.000000 0.000000 0.000000 0.000000 0.000000 0.000000 0.000000 
0.000000 0.000000 0.000000 0.000000 0.000000 0.000000 0.000000 0.000000 0.000000 0.000000 0.000000 0.000000 0.000000 0.000000 0.000000 0.000000 0.000000 0.000000 0.000001 0.000001 0.000001 0.000002 0.000003 0.000004 0.000005 0.000007 0.000010 0.000014 0.000019 0.000025 0.000032 0.000042 0.000054 0.000068 0.000085 0.000104 0.000127 0.000152 0.000179 0.000209 0.000241 0.000273 0.000306 0.000339 0.000369 0.000398 0.000422 0.000443 0.000458 0.000467 0.000470 0.000467 0.000458 0.000443 0.000422 0.000398 0.000369 0.000339 0.000306 0.000273 0.000241 0.000209 0.000179 0.000152 0.000127 0.000104 0.000085 0.000068 0.000054 0.000042 0.000032 0.000025 0.000019 0.000014 0.000010 0.000007 0.000005 0.000004 0.000003 0.000002 0.000001 0.000001 0.000001 0.000000 0.000000 0.000000 0.000000 0.000000 0.000000 0.000000 0.000000 0.000000 0.000000 0.000000 0.000000 0.000000 0.000000 0.000000 0.000000 0.000000 
0.000000 0.000000 0.000000 0.000000 0.000000 0.000000 0.000000 0.000000 0.000000 0.000000 0.000000 0.000000 0.000000 0.000000 0.000000 0.000000 0.000000 0.000001 0.000001 0.000001 0.000002 0.000003 0.000004 0.000006 0.000009 0.000013 0.000018 0.000024 0.000033 0.000044 0.000057 0.000074 0.000095 0.000120 0.000150 0.000184 0.000223 0.000268 0.000316 0.000369 0.000424 0.000482 0.000540 0.000597 0.000651 0.000701 0.000745 0.000780 0.000807 0.000823 0.000829 0.000823 0.000807 0.000780 0.000745 0.000701 0.000651 0.000597 0.000540 0.000482 0.000424 0.000369 0.000316 0.000268 0.000223 0.000184 0.000150 0.000120 0.000095 0.000074 0.000057 0.000044 0.000033 0.000024 0.000018 0.000013 0.000009 0.000006 0.000004 0.000003 0.000002 0.000001 0.000001 0.000001 0.000000 0.000000 0.000000 0.000000 0.000000 0.000000 0.000000 0.000000 0.000000 0.000000 0.000000 0.000000 0.000000 0.000000 0.000000 0.000000 
0.000000 0.000000 0.000000 0.000000 0.000000 0.000000 0.000000 0.000000 0.000000 0.000000 0.000000 0.000000 0.000000 0.000000 0.000000 0.000000 0.000001 0.000001 0.000002 0.000002 0.000004 0.000005 0.000008 0.000011 0.000016 0.000022 0.000031 0.000042 0.000057 0.000076 0.000100 0.000130 0.000166 0.000209 0.000261 0.000321 0.000389 0.000466 0.000551 0.000642 0.000739 0.000839 0.000940 0.001039 0.001133 0.001219 0.001295 0.001357 0.001403 0.001432 0.001441 0.001432 0.001403 0.001357 0.001295 0.001219 0.001133 0.001039 0.000940 0.000839 0.000739 0.000642 0.000551 0.000466 0.000389 0.000321 0.000261 0.000209 0.000166 0.000130 0.000100 0.000076 0.000057 0.000042 0.000031 0.000022 0.000016 0.000011 0.000008 0.000005 0.000004 0.000002 0.000002 0.000001 0.000001 0.000000 0.000000 0.000000 0.000000 0.000000 0.000000 0.000000 0.000000 0.000000 0.000000 0.000000 0.000000 0.000000 0.000000 0.000000 
0.000000 0.000000 0.000000 0.000000 0.000000 0.000000 0.000000 0.000000 0.000000 0.000000 0.000000 0.000000 0.000000 0.000000 0.000000 0.000001 0.000001 0.000002 0.000003 0.000004 0.000006 0.000009 0.000014 0.000019 0.000028 0.000039 0.000054 0.000073 0.000099 0.000131 0.000172 0.000223 0.000286 0.000361 0.000449 0.000552 0.000670 0.000802 0.000947 0.001104 0.001270 0.001442 0.001615 0.001785 0.001947 0.002095 0.002225 0.002331 0.002410 0.002459 0.002475 0.002459 0.002410 0.002331 0.002225 0.002095 0.001947 0.001785 0.001615 0.001442 0.001270 0.001104 0.000947 0.000802 0.000670 0.000552 0.000449 0.000361 0.000286 0.000223 0.000172 0.000131 0.000099 0.000073 0.000054 0.000039 0.000028 0.000019 0.000014 0.000009 0.000006 0.000004 0.000003 0.000002 0.000001 0.000001 0.000000 0.000000 0.000000 0.000000 0.000000 0.000000 0.000000 0.000000 0.000000 0.000000 0.000000 0.000000 0.000000 0.000000 
0.000000 0.000000 0.000000 0.000000 0.000000 0.000000 0.000000 0.000000 0.000000 0.000000 0.000000 0.000000 0.000000 0.000000 0.000001 0.000001 0.000002 0.000003 0.000005 0.000007 0.000011 0.000016 0.000023 0.000033 0.000047 0.000066 0.000091 0.000125 0.000168 0.000224 0.000294 0.000380 0.000486 0.000613 0.000764 0.000939 0.001138 0.001362 0.001609 0.001875 0.002157 0.002448 0.002741 0.003029 0.003303 0.003555 0.003774 0.003955 0.004089 0.004171 0.004199 0.004171 0.004089 0.003955 0.003774 0.003555 0.003303 0.003029 0.002741 0.002448 0.002157 0.001875 0.001609 0.001362 0.001138 0.000939 0.000764 0.000613 0.000486 0.000380 0.000294 0.000224 0.000168 0.000125 0.000091 0.000066 0.000047 0.000033 0.000023 0.000016 0.000011 0.000007 0.000005 0.000003 0.000002 0.000001 0.000001 0.000000 0.000000 0.000000 0.000000 0.000000 0.000000 0.000000 0.000000 0.000000 0.000000 0.000000 0.000000 0.000000 
0.000000 0.000000 0.000000 0.000000 0.000000 0.000000 0.000000 0.000000 0.000000 0.000000 0.000000 0.000000 0.000001 0.000001 0.000001 0.000002 0.000003 0.000005 0.000008 0.000012 0.000018 0.000027 0.000039 0.000056 0.000079 0.000111 0.000154 0.000210 0.000283 0.000376 0.000494 0.000639 0.000817 0.001030 0.001283 0.001576 0.001911 0.002286 0.002700 0.003146 0.003617 0.004104 0.004596 0.005078 0.005537 0.005957 0.006325 0.006627 0.006851 0.006990 0.007036 0.006990 0.006851 0.006627 0.006325 0.005957 0.005537 0.005078 0.004596 0.004104 0.003617 0.003146 0.002700 0.002286 0.001911 0.001576 0.001283 0.001030 0.000817 0.000639 0.000494 0.000376 0.000283 0.000210 0.000154 0.000111 0.000079 0.000056 0.000039 0.000027 0.000018 0.000012 0.000008 0.000005 0.000003 0.000002 0.000001 0.000001 0.000001 0.000000 0.000000 0.000000 0.000000 0.000000 0.000000 0.000000 0.000000 0.000000 0.000000 0.000000 
0.000000 0.000000 0.000000 0.000000 0.000000 0.000000 0.000000 0.000000 0.000000 0.000000 0.000000 0.000001 0.000001 0.000001 0.000002 0.000004 0.000006 0.000009 0.000013 0.000020 0.000030 0.000045 0.000065 0.000093 0.000132 0.000185 0.000256 0.000349 0.000470 0.000625 0.000820 0.001061 0.001356 0.001710 0.002128 0.002613 0.003168 0.003789 0.004473 0.005211 0.005991 0.006797 0.007610 0.008408 0.009167 0.009862 0.010470 0.010969 0.011340 0.011568 0.011645 0.011568 0.011340 0.010969 0.010470 0.009862 0.009167 0.008408 0.007610 0.006797 0.005991 0.005211 0.004473 0.003789 0.003168 0.002613 0.002128 0.001710 0.001356 0.001061 0.000820 0.000625 0.000470 0.000349 0.000256 0.000185 0.000132 0.000093 0.000065 0.000045 0.000030 0.000020 0.000013 0.000009 0.000006 0.000004 0.000002 0.000001 0.000001 0.000001 0.000000 0.000000 0.000000 0.000000 0.000000 0.000000 0.000000 0.000000 0.000000 0.000000 
0.000000 0.000000 0.000000 0.000000 0.000000 0.000000 0.000000 0.000000 0.000000 0.000000 0.000001 0.000001 0.000001 0.000002 0.000004 0.000006 0.000009 0.000014 0.000022 0.000033 0.000050 0.000073 0.000107 0.000153 0.000217 0.000304 0.000420 0.000573 0.000772 0.001025 0.001344 0.001740 0.002222 0.002801 0.003486 0.004280 0.005187 0.006203 0.007321 0.008528 0.009802 0.011119 0.012447 0.013750 0.014989 0.016125 0.017118 0.017932 0.018538 0.018911 0.019037 0.018911 0.018538 0.017932 0.017118 0.016125 0.014989 0.013750 0.012447 0.011119 0.009802 0.008528 0.007321 0.006203 0.005187 0.004280 0.003486 0.002801 0.002222 0.001740 0.001344 0.001025 0.000772 0.000573 0.000420 0.000304 0.000217 0.000153 0.000107 0.000073 0.000050 0.000033 0.000022 0.000014 0.000009 0.000006 0.000004 0.000002 0.000001 0.000001 0.000001 0.000000 0.000000 0.000000 0.000000 0.000000 0.000000 0.000000 0.000000 0.000000 
0.000000 0.000000 0.000000 0.000000 0.000000 0.000000 0.000000 0.000000 0.000000 0.000000 0.000001 0.000001 0.000002 0.000004 0.000006 0.000010 0.000015 0.000023 0.000036 0.000054 0.000081 0.000119 0.000173 0.000249 0.000353 0.000494 0.000682 0.000929 0.001251 0.001661 0.002177 0.002817 0.003597 0.004534 0.005639 0.006923 0.008387 0.010029 0.011834 0.013782 0.015839 0.017964 0.020107 0.022209 0.024208 0.026040 0.027641 0.028955 0.029931 0.030533 0.030736 0.030533 0.029931 0.028955 0.027641 0.026040 0.024208 0.022209 0.020107 0.017964 0.015839 0.013782 0.011834 0.010029 0.008387 0.006923 0.005639 0.004534 0.003597 0.002817 0.002177 0.001661 0.001251 0.000929 0.000682 0.000494 0.000353 0.000249 0.000173 0.000119 0.000081 0.000054 0.000036 0.000023 0.000015 0.000010 0.000006 0.000004 0.000002 0.000001 0.000001 0.000000 0.000000 0.000000 0.000000 0.000000 0.000000 0.000000 0.000000 0.000000 
0.000000 0.000000 0.000000 0.000000 0.000000 0.000000 0.000000 0.000000 0.000000 0.000001 0.000001 0.000002 0.000004 0.000006 0.000010 0.000015 0.000024 0.000038 0.000058 0.000087 0.000130 0.000191 0.000278 0.000399 0.000566 0.000791 0.001092 0.001488 0.002002 0.002658 0.003483 0.004505 0.005751 0.007246 0.009011 0.011059 0.013395 0.016013 0.018893 0.021998 0.025277 0.028664 0.032079 0.035428 0.038614 0.041532 0.044083 0.046176 0.047731 0.048689 0.049013 0.048689 0.047731 0.046176 0.044083 0.041532 0.038614 0.035428 0.032079 0.028664 0.025277 0.021998 0.018893 0.016013 0.013395 0.011059 0.009011 0.007246 0.005751 0.004505 0.003483 0.002658 0.002002 0.001488 0.001092 0.000791 0.000566 0.000399 0.000278 0.000191 0.000130 0.000087 0.000058 0.000038 0.000024 0.000015 0.000010 0.000006 0.000004 0.000002 0.000001 0.000001 0.000000 0.000000 0.000000 0.000000 0.000000 0.000000 0.000000 0.000000 
0.000000 0.000000 0.000000 0.000000 0.000000 0.000000 0.000000 0.000000 0.000001 0.000001 0.000002 0.000004 0.000006 0.000010 0.000015 0.000025 0.000039 0.000060 0.000091 0.000138 0.000206 0.000303 0.000441 0.000632 0.000895 0.001252 0.001728 0.002353 0.003164 0.004200 0.005502 0.007114 0.009079 0.011437 0.014218 0.017446 0.021128 0.025252 0.029787 0.034676 0.039839 0.045171 0.050545 0.055817 0.060829 0.065421 0.069435 0.072727 0.075174 0.076681 0.077190 0.076681 0.075174 0.072727 0.069435 0.065421 0.060829 0.055817 0.050545 0.045171 0.039839 0.034676 0.029787 0.025252 0.021128 0.017446 0.014218 0.011437 0.009079 0.007114 0.005502 0.004200 0.003164 0.002353 0.001728 0.001252 0.000895 0.000632 0.000441 0.000303 0.000206 0.000138 0.000091 0.000060 0.000039 0.000025 0.000015 0.000010 0.000006 0.000004 0.000002 0.000001 0.000001 0.000000 0.000000 0.000000 0.000000 0.000000 0.000000 0.000000 
0.000000 0.000000 0.000000 0.000000 0.000000 0.000000 0.000000 0.000001 0.000001 0.000002 0.000003 0.000006 0.000009 0.000015 0.000024 0.000039 0.000061 0.000094 0.000143 0.000216 0.000323 0.000475 0.000689 0.000989 0.001400 0.001956 0.002699 0.003675 0.004939 0.006554 0.008583 0.011095 0.014156 0.017826 0.022157 0.027181 0.032909 0.039326 0.046379 0.053982 0.062011 0.070300 0.078654 0.086848 0.094638 0.101773 0.108011 0.113126 0.116927 0.119269 0.120060 0.119269 0.116927 0.113126 0.108011 0.101773 0.094638 0.086848 0.078654 0.070300 0.062011 0.053982 0.046379 0.039326 0.032909 0.027181 0.022157 0.017826 0.014156 0.011095 0.008583 0.006554 0.004939 0.003675 0.002699 0.001956 0.001400 0.000989 0.000689 0.000475 0.000323 0.000216 0.000143 0.000094 0.000061 0.000039 0.000024 0.000015 0.000009 0.000006 0.000003 0.000002 0.000001 0.000001 0.000000 0.000000 0.000000 0.000000 0.000000 0.000000 
0.000000 0.000000 0.000000 0.000000 0.000000 0.000000 0.000001 0.000001 0.000002 0.000003 0.000005 0.000009 0.000014 0.000023 0.000038 0.000060 0.000094 0.000145 0.000222 0.000335 0.000499 0.000733 0.001065 0.001527 0.002161 0.003018 0.004162 0.005666 0.007614 0.010099 0.013222 0.017086 0.021795 0.027439 0.034097 0.041819 0.050622 0.060480 0.071314 0.082992 0.095320 0.108048 0.120873 0.133450 0.145406 0.156357 0.165929 0.173778 0.179611 0.183205 0.184418 0.183205 0.179611 0.173778 0.165929 0.156357 0.145406 0.133450 0.120873 0.108048 0.095320 0.082992 0.071314 0.060480 0.050622 0.041819 0.034097 0.027439 0.021795 0.017086 0.013222 0.010099 0.007614 0.005666 0.004162 0.003018 0.002161 0.001527 0.001065 0.000733 0.000499 0.000335 0.000222 0.000145 0.000094 0.000060 0.000038 0.000023 0.000014 0.000009 0.000005 0.000003 0.000002 0.000001 0.000001 0.000000 0.000000 0.000000 0.000000 0.000000 
0.000000 0.000000 0.000000 0.000000 0.000000 0.000001 0.000001 0.000002 0.000003 0.000005 0.000008 0.000013 0.000022 0.000036 0.000058 0.000091 0.000143 0.000222 0.000339 0.000511 0.000761 0.001119 0.001624 0.002328 0.003293 0.004598 0.006339 0.008627 0.011589 0.015366 0.020113 0.025984 0.033136 0.041707 0.051815 0.063536 0.076896 0.091852 0.108288 0.126000 0.144695 0.163994 0.183438 0.202504 0.220627 0.237225 0.251732 0.263626 0.272465 0.277911 0.279750 0.277911 0.272465 0.263626 0.251732 0.237225 0.220627 0.202504 0.183438 0.163994 0.144695 0.126000 0.108288 0.091852 0.076896 0.063536 0.051815 0.041707 0.033136 0.025984 0.020113 0.015366 0.011589 0.008627 0.006339 0.004598 0.003293 0.002328 0.001624 0.001119 0.000761 0.000511 0.000339 0.000222 0.000143 0.000091 0.000058 0.000036 0.000022 0.000013 0.000008 0.000005 0.000003 0.000002 0.000001 0.000001 0.000000 0.000000 0.000000 0.000000 
0.000000 0.000000 0.000000 0.000000 0.000000 0.000001 0.000001 0.000002 0.000004 0.000007 0.000012 0.000020 0.000033 0.000054 0.000087 0.000138 0.000216 0.000335 0.000511 0.000771 0.001147 0.001686 0.002446 0.003504 0.004955 0.006918 0.009533 0.012969 0.017417 0.023088 0.030211 0.039020 0.049747 0.062601 0.077755 0.095324 0.115344 0.137753 0.162375 0.188905 0.216903 0.245801 0.274913 0.303455 0.330583 0.355426 0.377138 0.394939 0.408168 0.416317 0.419069 0.416317 0.408168 0.394939 0.377138 0.355426 0.330583 0.303455 0.274913 0.245801 0.216903 0.188905 0.162375 0.137753 0.115344 0.095324 0.077755 0.062601 0.049747 0.039020 0.030211 0.023088 0.017417 0.012969 0.009533 0.006918 0.004955 0.003504 0.002446 0.001686 0.001147 0.000771 0.000511 0.000335 0.000216 0.000138 0.000087 0.000054 0.000033 0.000020 0.000012 0.000007 0.000004 0.000002 0.000001 0.000001 0.000000 0.000000 0.000000 0.000000 
0.000000 0.000000 0.000000 0.000000 0.000001 0.000001 0.000002 0.000004 0.000006 0.000011 0.000018 0.000030 0.000050 0.000081 0.000130 0.000206 0.000323 0.000499 0.000761 0.001147 0.001707 0.002508 0.003637 0.005208 0.007363 0.010275 0.014156 0.019252 0.025846 0.034252 0.044808 0.057859 0.073747 0.092781 0.115216 0.141220 0.170847 0.204004 0.240429 0.279668 0.321074 0.363806 0.406848 0.449044 0.489146 0.525867 0.557957 0.584267 0.603817 0.615860 0.619927 0.615860 0.603817 0.584267 0.557957 0.525867 0.489146 0.449044 0.406848 0.363806 0.321074 0.279668 0.240429 0.204004 0.170847 0.141220 0.115216 0.092781 0.073747 0.057859 0.044808 0.034252 0.025846 0.019252 0.014156 0.010275 0.007363 0.005208 0.003637 0.002508 0.001707 0.001147 0.000761 0.000499 0.000323 0.000206 0.000130 0.000081 0.000050 0.000030 0.000018 0.000011 0.000006 0.000004 0.000002 0.000001 0.000001 0.000000 0.000000 0.000000 
0.000000 0.000000 0.000000 0.000001 0.000001 0.000002 0.000003 0.000005 0.000009 0.000016 0.000027 0.000045 0.000073 0.000119 0.000191 0.000303 0.000475 0.000733 0.001119 0.001686 0.002508 0.003683 0.005340 0.007644 0.010802 0.015069 0.020754 0.028218 0.037872 0.050175 0.065620 0.084713 0.107950 0.135781 0.168579 0.206587 0.249881 0.298326 0.351535 0.408848 0.469317 0.531714 0.594557 0.656159 0.714696 0.768297 0.815134 0.853532 0.882064 0.899639 0.905576 0.899639 0.882064 0.853532 0.815134 0.768297 0.714696 0.656159 0.594557 0.531714 0.469317 0.408848 0.351535 0.298326 0.249881 0.206587 0.168579 0.135781 0.107950 0.084713 0.065620 0.050175 0.037872 0.028218 0.020754 0.015069 0.010802 0.007644 0.005340 0.003683 0.002508 0.001686 0.001119 0.000733 0.000475 0.000303 0.000191 0.000119 0.000073 0.000045 0.000027 0.000016 0.000009 0.000005 0.000003 0.000002 0.000001 0.000000 0.000000 0.000000 
0.000000 0.000000 0.000000 0.000001 0.000001 0.000003 0.000004 0.000008 0.000014 0.000023 0.000039 0.000065 0.000107 0.000173 0.000278 0.000441 0.000689 0.001065 0.001624 0.002446 0.003637 0.005340 0.007740 0.011075 0.015646 0.021820 0.030043 0.040835 0.054791 0.072572 0.094888 0.122467 0.156023 0.196207 0.243551 0.298405 0.360878 0.430770 0.507523 0.590185 0.677386 0.767357 0.857961 0.946767 1.031148 1.108406 1.175912 1.231252 1.272371 1.297700 1.306254 1.297700 1.272371 1.231252 1.175912 1.108406 1.031148 0.946767 0.857961 0.767357 0.677386 0.590185 0.507523 0.430770 0.360878 0.298405 0.243551 0.196207 0.156023 0.122467 0.094888 0.072572 0.054791 0.040835 0.030043 0.021820 0.015646 0.011075 0.007740 0.005340 0.003637 0.002446 0.001624 0.001065 0.000689 0.000441 0.000278 0.000173 0.000107 0.000065 0.000039 0.000023 0.000014 0.000008 0.000004 0.000003 0.000001 0.000001 0.000000 0.000000 
0.000000 0.000000 0.000001 0.000001 0.000002 0.000004 0.000006 0.000011 0.000019 0.000033 0.000056 0.000093 0.000153 0.000249 0.000399 0.000632 0.000989 0.001527 0.002328 0.003504 0.005208 0.007644 0.011075 0.015842 0.022374 0.031195 0.042938 0.058345 0.078265 0.103638 0.135473 0.174808 0.222657 0.279944 0.347426 0.425598 0.514610 0.614177 0.723503 0.841226 0.965400 1.093501 1.222490 1.348907 1.469016 1.578978 1.675054 1.753811 1.812327 1.848372 1.860545 1.848372 1.812327 1.753811 1.675054 1.578978 1.469016 1.348907 1.222490 1.093501 0.965400 0.841226 0.723503 0.614177 0.514610 0.425598 0.347426 0.279944 0.222657 0.174808 0.135473 0.103638 0.078265 0.058345 0.042938 0.031195 0.022374 0.015842 0.011075 0.007644 0.005208 0.003504 0.002328 0.001527 0.000989 0.000632 0.000399 0.000249 0.000153 0.000093 0.000056 0.000033 0.000019 0.000011 0.000006 0.000004 0.000002 0.000001 0.000000 0.000000 
0.000000 0.000000 0.000001 0.000002 0.000003 0.000005 0.000009 0.000016 0.000028 0.000047 0.000079 0.000132 0.000217 0.000353 0.000566 0.000895 0.001400 0.002161 0.003293 0.004955 0.007363 0.010802 0.015646 0.022374 0.031588 0.044030 0.060587 0.082306 0.110377 0.146125 0.190967 0.246360 0.313728 0.394369 0.489340 0.599338 0.724567 0.864623 1.018383 1.183932 1.358529 1.538628 1.719956 1.897653 2.066469 2.221013 2.356033 2.466709 2.548937 2.599587 2.616693 2.599587 2.548937 2.466709 2.356033 2.221013 2.066469 1.897653 1.719956 1.538628 1.358529 1.183932 1.018383 0.864623 0.724567 0.599338 0.489340 0.394369 0.313728 0.246360 0.190967 0.146125 0.110377 0.082306 0.060587 0.044030 0.031588 0.022374 0.015646 0.010802 0.007363 0.004955 0.003293 0.002161 0.001400 0.000895 0.000566 0.000353 0.000217 0.000132 0.000079 0.000047 0.000028 0.000016 0.000009 0.000005 0.000003 0.000001 0.000001 0.000000 
0.000000 0.000000 0.000001 0.000002 0.000004 0.000007 0.000013 0.000022 0.000039 0.000066 0.000111 0.000185 0.000304 0.000494 0.000791 0.001252 0.001956 0.003018 0.004598 0.006918 0.010275 0.015069 0.021820 0.031195 0.044030 0.061354 0.084403 0.114630 0.153688 0.203415 0.265777 0.342797 0.436448 0.548527 0.680499 0.833324 1.007284 1.201809 1.415337 1.645206 1.887610 2.137625 2.389321 2.635954 2.870244 3.084712 3.272076 3.425650 3.539748 3.610026 3.633761 3.610026 3.539748 3.425650 3.272076 3.084712 2.870244 2.635954 2.389321 2.137625 1.887610 1.645206 1.415337 1.201809 1.007284 0.833324 0.680499 0.548527 0.436448 0.342797 0.265777 0.203415 0.153688 0.114630 0.084403 0.061354 0.044030 0.031195 0.021820 0.015069 0.010275 0.006918 0.004598 0.003018 0.001956 0.001252 0.000791 0.000494 0.000304 0.000185 0.000111 0.000066 0.000039 0.000022 0.000013 0.000007 0.000004 0.000002 0.000001 0.000000 
0.000000 0.000001 0.000002 0.000003 0.000006 0.000010 0.000018 0.000031 0.000054 0.000091 0.000154 0.000256 0.000420 0.000682 0.001092 0.001728 0.002699 0.004162 0.006339 0.009533 0.014156 0.020754 0.030043 0.042938 0.060587 0.084403 0.116083 0.157615 0.211270 0.279565 0.365194 0.470926 0.599465 0.753268 0.934335 1.143979 1.382576 1.649342 1.942127 2.257278 2.589575 2.932270 3.277236 3.615235 3.936294 4.230172 4.486895 4.697312 4.853636 4.949921 4.982440 4.949921 4.853636 4.697312 4.486895 4.230172 3.936294 3.615235 3.277236 2.932270 2.589575 2.257278 1.942127 1.649342 1.382576 1.143979 0.934335 0.753268 0.599465 0.470926 0.365194 0.279565 0.211270 0.157615 0.116083 0.084403 0.060587 0.042938 0.030043 0.020754 0.014156 0.009533 0.006339 0.004162 0.002699 0.001728 0.001092 0.000682 0.000420 0.000256 0.000154 0.000091 0.000054 0.000031 0.000018 0.000010 0.000005 0.000003 0.000001 0.000000 
0.000000 0.000001 0.000002 0.000004 0.000008 0.000014 0.000024 0.000042 0.000073 0.000125 0.000210 0.000349 0.000573 0.000929 0.001488 0.002353 0.003675 0.005666 0.008627 0.012969 0.019252 0.028218 0.040835 0.058345 0.082306 0.114630 0.157615 0.213955 0.286725 0.379328 0.495411 0.638718 0.812903 1.021285 1.266566 1.550510 1.873621 2.234826 2.631209 3.057820 3.507591 3.971389 4.438217 4.895581 5.329990 5.727598 6.074919 6.359581 6.571057 6.701309 6.745299 6.701309 6.571057 6.359581 6.074919 5.727598 5.329990 4.895581 4.438217 3.971389 3.507591 3.057820 2.631209 2.234826 1.873621 1.550510 1.266566 1.021285 0.812903 0.638718 0.495411 0.379328 0.286725 0.213955 0.157615 0.114630 0.082306 0.058345 0.040835 0.028218 0.019252 0.012969 0.008627 0.005666 0.003675 0.002353 0.001488 0.000929 0.000573 0.000349 0.000210 0.000125 0.000073 0.000042 0.000024 0.000014 0.000007 0.000004 0.000002 0.000000 
0.000000 0.000001 0.000003 0.000006 0.000010 0.000019 0.000033 0.000057 0.000099 0.000168 0.000283 0.000470 0.000772 0.001251 0.002002 0.003164 0.004939 0.007614 0.011589 0.017417 0.025846 0.037872 0.054791 0.078265 0.110377 0.153688 0.211270 0.286725 0.384160 0.508127 0.663493 0.855259 1.088301 1.367046 1.695096 2.074796 2.506809 2.989690 3.519532 4.089712 4.690783 5.310538 5.934289 6.545344 7.125693 7.656846 8.120799 8.501038 8.783509 8.957485 9.016241 8.957485 8.783509 8.501038 8.120799 7.656846 7.125693 6.545344 5.934289 5.310538 4.690783 4.089712 3.519532 2.989690 2.506809 2.074796 1.695096 1.367046 1.088301 0.855259 0.663493 0.508127 0.384160 0.286725 0.211270 0.153688 0.110377 0.078265 0.054791 0.037872 0.025846 0.017417 0.011589 0.007614 0.004939 0.003164 0.002002 0.001251 0.000772 0.000470 0.000283 0.000168 0.000099 0.000057 0.000033 0.000018 0.000010 0.000005 0.000002 0.000000 
0.000000 0.000002 0.000004 0.000007 0.000014 0.000025 0.000044 0.000076 0.000131 0.000224 0.000376 0.000625 0.001025 0.001661 0.002658 0.004200 0.006554 0.010099 0.015366 0.023088 0.034252 0.050175 0.072572 0.103638 0.146125 0.203415 0.279565 0.379328 0.508127 0.671962 0.877257 1.130601 1.438421 1.806549 2.239722 2.741024 3.311311 3.948664 4.647917 5.400321 6.193407 7.011070 7.833936 8.639993 9.405494 10.106066 10.717975 11.219453 11.591981 11.821419 11.898905 11.821419 11.591981 11.219453 10.717975 10.106066 9.405494 8.639993 7.833936 7.011070 6.193407 5.400321 4.647917 3.948664 3.311311 2.741024 2.239722 1.806549 1.438421 1.130601 0.877257 0.671962 0.508127 0.379328 0.279565 0.203415 0.146125 0.103638 0.072572 0.050175 0.034252 0.023088 0.015366 0.010099 0.006554 0.004200 0.002658 0.001661 0.001025 0.000625 0.000376 0.000224 0.000131 0.000076 0.000044 0.000025 0.000013 0.000007 0.000003 0.000000 
0.000000 0.000002 0.000005 0.000010 0.000018 0.000032 0.000057 0.000100 0.000172 0.000294 0.000494 0.000820 0.001344 0.002177 0.003483 0.005502 0.008583 0.013222 0.020113 0.030211 0.044808 0.065620 0.094888 0.135473 0.190967 0.265777 0.365194 0.495411 0.663493 0.877257 1.145063 1.475493 1.876907 2.356888 2.921593 3.575021 4.318270 5.148822 6.059932 7.040194 8.073355 9.138438 10.210213 11.260021 12.256946 13.169263 13.966084 14.619081 15.104152 15.402900 15.503793 15.402900 15.104152 14.619081 13.966084 13.169263 12.256946 11.260021 10.210213 9.138438 8.073355 7.040194 6.059932 5.148822 4.318270 3.575021 2.921593 2.356888 1.876907 1.475493 1.145063 0.877257 0.663493 0.495411 0.365194 0.265777 0.190967 0.135473 0.094888 0.065620 0.044808 0.030211 0.020113 0.013222 0.008583 0.005502 0.003483 0.002177 0.001344 0.000820 0.000494 0.000294 0.000172 0.000100 0.000057 0.000032 0.000018 0.000009 0.000004 0.000000 
0.000000 0.000003 0.000007 0.000013 0.000023 0.000042 0.000074 0.000130 0.000223 0.000380 0.000639 0.001061 0.001740 0.002817 0.004505 0.007114 0.011095 0.017086 0.025984 0.039020 0.057859 0.084713 0.122467 0.174808 0.246360 0.342797 0.470926 0.638718 0.855259 1.130601 1.475493 1.900963 2.417749 3.035592 3.762387 4.603260 5.559599 6.628144 7.800202 9.061089 10.389896 11.759644 13.137892 14.487801 15.769633 16.942618 17.967064 18.806572 19.430175 19.814236 19.943939 19.814236 19.430175 18.806572 17.967064 16.942618 15.769633 14.487801 13.137892 11.759644 10.389896 9.061089 7.800202 6.628144 5.559599 4.603260 3.762387 3.035592 2.417749 1.900963 1.475493 1.130601 0.855259 0.638718 0.470926 0.342797 0.246360 0.174808 0.122467 0.084713 0.057859 0.039020 0.025984 0.017086 0.011095 0.007114 0.004505 0.002817 0.001740 0.001061 0.000639 0.000380 0.000223 0.000130 0.000074 0.000042 0.000023 0.000012 0.000005 0.000000 
0.000000 0.000004 0.000008 0.000016 0.000030 0.000054 0.000095 0.000166 0.000286 0.000486 0.000817 0.001356 0.002222 0.003597 0.005751 0.009079 0.014156 0.021795 0.033136 0.049747 0.073747 0.107950 0.156023 0.222657 0.313728 0.436448 0.599465 0.812903 1.088301 1.438421 1.876907 2.417749 3.074571 3.859719 4.783199 5.851489 7.066328 8.423550 9.912095 11.513301 13.200609 14.939765 16.689586 18.403318 20.030533 21.519501 22.819864 23.885444 24.676959 25.164425 25.329048 25.164425 24.676959 23.885444 22.819864 21.519501 20.030533 18.403318 16.689586 14.939765 13.200609 11.513301 9.912095 8.423550 7.066328 5.851489 4.783199 3.859719 3.074571 2.417749 1.876907 1.438421 1.088301 0.812903 0.599465 0.436448 0.313728 0.222657 0.156023 0.107950 0.073747 0.049747 0.033136 0.021795 0.014156 0.009079 0.005751 0.003597 0.002222 0.001356 0.000817 0.000486 0.000286 0.000166 0.000095 0.000054 0.000029 0.000015 0.000006 0.000000 
0.000000 0.000004 0.000011 0.000021 0.000038 0.000068 0.000120 0.000209 0.000361 0.000613 0.001030 0.001710 0.002801 0.004534 0.007246 0.011437 0.017826 0.027439 0.041707 0.062601 0.092781 0.135781 0.196207 0.279944 0.394369 0.548527 0.753268 1.021285 1.367046 1.806549 2.356888 3.035592 3.859719 4.844727 6.003128 7.343015 8.866536 10.568438 12.434828 14.442294 16.557530 18.737599 20.930887 23.078807 25.118184 26.984210 28.613809 29.949139 30.941002 31.551847 31.758135 31.551847 30.941002 29.949139 28.613809 26.984210 25.118184 23.078807 20.930887 18.737599 16.557530 14.442294 12.434828 10.568438 8.866536 7.343015 6.003128 4.844727 3.859719 3.035592 2.356888 1.806549 1.367046 1.021285 0.753268 0.548527 0.394369 0.279944 0.196207 0.135781 0.092781 0.062601 0.041707 0.027439 0.017826 0.011437 0.007246 0.004534 0.002801 0.001710 0.001030 0.000613 0.000361 0.000209 0.000120 0.000068 0.000037 0.000019 0.000008 0.000000 
0.000000 0.000006 0.000013 0.000026 0.000047 0.000085 0.000150 0.000261 0.000449 0.000764 0.001283 0.002128 0.003486 0.005639 0.009011 0.014218 0.022157 0.034097 0.051815 0.077755 0.115216 0.168579 0.243551 0.347426 0.489340 0.680499 0.934335 1.266566 1.695096 2.239722 2.921593 3.762387 4.783199 6.003128 7.437629 9.096684 10.982913 13.089779 15.400058 17.884750 20.502628 23.200549 25.914655 28.572467 31.095842 33.404627 35.420813 37.072874 38.299974 39.055680 39.310887 39.055680 38.299974 37.072874 35.420813 33.404627 31.095842 28.572467 25.914655 23.200549 20.502628 17.884750 15.400058 13.089779 10.982913 9.096684 7.437629 6.003128 4.783199 3.762387 2.921593 2.239722 1.695096 1.266566 0.934335 0.680499 0.489340 0.347426 0.243551 0.168579 0.115216 0.077755 0.051815 0.034097 0.022157 0.014218 0.009011 0.005639 0.003486 0.002128 0.001283 0.000764 0.000449 0.000261 0.000149 0.000084 0.000046 0.000024 0.000010 0.000000 
0.000000 0.000007 0.000016 0.000032 0.000058 0.000104 0.000184 0.000321 0.000552 0.000939 0.001576 0.002613 0.004280 0.006923 0.011059 0.017446 0.027181 0.041819 0.063536 0.095324 0.141220 0.206587 0.298405 0.425598 0.599338 0.833324 1.143979 1.550510 2.074796 2.741024 3.575021 4.603260 5.851489 7.343015 9.096684 11.124650 13.430072 16.004924 18.828123 21.864214 25.062808 28.358980 31.674724 34.921521 38.003942 40.824117 43.286801 45.304668 46.803446 47.726451 48.038155 47.726451 46.803446 45.304668 43.286801 40.824117 38.003942 34.921521 31.674724 28.358980 25.062808 21.864214 18.828123 16.004924 13.430072 11.124650 9.096684 7.343015 5.851489 4.603260 3.575021 2.741024 2.074796 1.550510 1.143979 0.833324 0.599338 0.425598 0.298405 0.206587 0.141220 0.095324 0.063536 0.041819 0.027181 0.017446 0.011059 0.006923 0.004280 0.002613 0.001576 0.000939 0.000552 0.000321 0.000184 0.000104 0.000057 0.000030 0.000013 0.000000 
0.000000 0.000008 0.000020 0.000038 0.000071 0.000127 0.000223 0.000389 0.000670 0.001138 0.001911 0.003168 0.005187 0.008387 0.013395 0.021128 0.032909 0.050622 0.076896 0.115344 0.170847 0.249881 0.360878 0.514610 0.724567 1.007284 1.382576 1.873621 2.506809 3.311311 4.318270 5.559599 7.066328 8.866536 10.982913 13.430072 16.211777 19.318299 22.724170 26.386594 30.244777 34.220408 38.219419 42.135077 45.852333 49.253203 52.222878 54.656100 56.463351 57.576312 57.952161 57.576312 56.463351 54.656100 52.222878 49.253203 45.852333 42.135077 38.219419 34.220408 30.244777 26.386594 22.724170 19.318299 16.211777 13.430072 10.982913 8.866536 7.066328 5.559599 4.318270 3.311311 2.506809 1.873621 1.382576 1.007284 0.724567 0.514610 0.360878 0.249881 0.170847 0.115344 0.076896 0.050622 0.032909 0.021128 0.013395 0.008387 0.005187 0.003168 0.001911 0.001138 0.000670 0.000389 0.000223 0.000126 0.000069 0.000036 0.000015 0.000000 
0.000000 0.000010 0.000024 0.000046 0.000085 0.000152 0.000268 0.000466 0.000802 0.001362 0.002286 0.003789 0.006203 0.010029 0.016013 0.025252 0.039326 0.060480 0.091852 0.137753 0.204004 0.298326 0.430770 0.614177 0.864623 1.201809 1.649342 2.234826 2.989690 3.948664 5.148822 6.628144 8.423550 10.568438 13.089779 16.004924 19.318299 23.018270 27.074467 31.435895 36.030148 40.763978 45.525395 50.187348 54.612902 58.661643 62.196941 65.093543 67.244925 68.569797 69.017207 68.569797 67.244925 65.093543 62.196941 58.661643 54.612902 50.187348 45.525395 40.763978 36.030148 31.435895 27.074467 23.018270 19.318299 16.004924 13.089779 10.568438 8.423550 6.628144 5.148822 3.948664 2.989690 2.234826 1.649342 1.201809 0.864623 0.614177 0.430770 0.298326 0.204004 0.137753 0.091852 0.060480 0.039326 0.025252 0.016013 0.010029 0.006203 0.003789 0.002286 0.001362 0.000802 0.000466 0.000267 0.000151 0.000083 0.000043 0.000018 0.000000 
0.000000 0.000012 0.000028 0.000054 0.000100 0.000179 0.000316 0.000551 0.000947 0.001609 0.002700 0.004473 0.007321 0.011834 0.018893 0.029787 0.046379 0.071314 0.108288 0.162375 0.240429 0.351535 0.507523 0.723503 1.018383 1.415337 1.942127 2.631209 3.519532 4.647917 6.059932 7.800202 9.912095 12.434828 15.400058 18.828123 22.724170 27.074467 31.843264 36.970581 42.371285 47.935764 53.532395 59.011877 64.213306 68.971704 73.126550 76.530697 79.059005 80.615980 81.141768 80.615980 79.059005 76.530697 73.126550 68.971704 64.213306 59.011877 53.532395 47.935764 42.371285 36.970581 31.843264 27.074467 22.724170 18.828123 15.400058 12.434828 9.912095 7.800202 6.059932 4.647917 3.519532 2.631209 1.942127 1.415337 1.018383 0.723503 0.507523 0.351535 0.240429 0.162375 0.108288 0.071314 0.046379 0.029787 0.018893 0.011834 0.007321 0.004473 0.002700 0.001609 0.000947 0.000551 0.000316 0.000178 0.000098 0.000051 0.000022 0.000000 
0.000000 0.000014 0.000033 0.000064 0.000117 0.000209 0.000369 0.000642 0.001104 0.001875 0.003146 0.005211 0.008528 0.013782 0.021998 0.034676 0.053982 0.082992 0.126000 0.188905 0.279668 0.408848 0.590185 0.841226 1.183932 1.645206 2.257278 3.057820 4.089712 5.400321 7.040194 9.061089 11.513301 14.442294 17.884750 21.864214 26.386594 31.435895 36.970581 42.921009 49.188368 55.645457 62.139564 68.497481 74.532557 80.053431 84.873920 88.823361 91.756623 93.562957 94.172951 93.562957 91.756623 88.823361 84.873920 80.053431 74.532557 68.497481 62.139564 55.645457 49.188368 42.921009 36.970581 31.435895 26.386594 21.864214 17.884750 14.442294 11.513301 9.061089 7.040194 5.400321 4.089712 3.057820 2.257278 1.645206 1.183932 0.841226 0.590185 0.408848 0.279668 0.188905 0.126000 0.082992 0.053982 0.034676 0.021998 0.013782 0.008528 0.005211 0.003146 0.001875 0.001104 0.000642 0.000368 0.000208 0.000115 0.000060 0.000025 0.000000 
0.000000 0.000016 0.000038 0.000073 0.000134 0.000241 0.000424 0.000739 0.001270 0.002157 0.003617 0.005991 0.009802 0.015839 0.025277 0.039839 0.062011 0.095320 0.144695 0.216903 0.321074 0.469317 0.677386 0.965400 1.358529 1.887610 2.589575 3.507591 4.690783 6.193407 8.073355 10.389896 13.200609 16.557530 20.502628 25.062808 30.244777 36.030148 42.371285 49.188368 56.368178 63.765004 71.203927 78.486580 85.399214 91.722702 97.243858 101.767275 105.126783 107.195587 107.894212 107.195587 105.126783 101.767275 97.243858 91.722702 85.399214 78.486580 71.203927 63.765004 56.368178 49.188368 42.371285 36.030148 30.244777 25.062808 20.502628 16.557530 13.200609 10.389896 8.073355 6.193407 4.690783 3.507591 2.589575 1.887610 1.358529 0.965400 0.677386 0.469317 0.321074 0.216903 0.144695 0.095320 0.062011 0.039839 0.025277 0.015839 0.009802 0.005991 0.003617 0.002157 0.001270 0.000739 0.000424 0.000239 0.000132 0.000069 0.000029 0.000000 
0.000000 0.000018 0.000043 0.000083 0.000153 0.000273 0.000482 0.000839 0.001442 0.002448 0.004104 0.006797 0.011119 0.017964 0.028664 0.045171 0.070300 0.108048 0.163994 0.245801 0.363806 0.531714 0.767357 1.093501 1.538628 2.137625 2.932270 3.971389 5.310538 7.011070 9.138438 11.759644 14.939765 18.737599 23.200549 28.358980 34.220408 40.763978 47.935764 55.645457 63.765004 72.129623 80.541534 88.776462 96.592761 103.742719 109.985351 115.099780 118.898183 121.237239 122.027124 121.237239 118.898183 115.099780 109.985351 103.742719 96.592761 88.776462 80.541534 72.129623 63.765004 55.645457 47.935764 40.763978 34.220408 28.358980 23.200549 18.737599 14.939765 11.759644 9.138438 7.011070 5.310538 3.971389 2.932270 2.137625 1.538628 1.093501 0.767357 0.531714 0.363806 0.245801 0.163994 0.108048 0.070300 0.045171 0.028664 0.017964 0.011119 0.006797 0.004104 0.002448 0.001442 0.000838 0.000481 0.000272 0.000150 0.000078 0.000033 0.000000 
0.000000 0.000020 0.000048 0.000093 0.000171 0.000306 0.000540 0.000940 0.001615 0.002741 0.004596 0.007610 0.012447 0.020107 0.032079 0.050545 0.078654 0.120873 0.183438 0.274913 0.406848 0.594557 0.857961 1.222490 1.719956 2.389321 3.277236 4.438217 5.934289 7.833936 10.210213 13.137892 16.689586 20.930887 25.914655 31.674724 38.219419 45.525395 53.532395 62.139564 71.203927 80.541534 89.931621 99.123871 107.848599 115.829365 122.797246 128.505769 132.745347 135.356061 136.237679 135.356061 132.745347 128.505769 122.797246 115.829365 107.848599 99.123871 89.931621 80.541534 71.203927 62.139564 53.532395 45.525395 38.219419 31.674724 25.914655 20.930887 16.689586 13.137892 10.210213 7.833936 5.934289 4.438217 3.277236 2.389321 1.719956 1.222490 0.857961 0.594557 0.406848 0.274913 0.183438 0.120873 0.078654 0.050545 0.032079 0.020107 0.012447 0.007610 0.004596 0.002741 0.001615 0.000939 0.000539 0.000305 0.000168 0.000087 0.000037 0.000000 
