0.000000 0.000000 0.000000 0.000000 0.000000 0.000000 0.000000 0.000000 0.000000 0.000000 0.000000 0.000000 0.000000 0.000000 0.000000 0.000000 0.000000 0.000000 0.000000 0.000000 0.000000 0.000000 0.000000 0.000000 0.000000 0.000000 0.000000 0.000000 0.000000 0.000000 0.000000 0.000000 0.000000 0.000000 0.000000 0.000000 0.000000 0.000000 0.000000 0.000000 0.000000 0.000000 0.000000 0.000000 0.000000 0.000000 0.000000 0.000000 0.000000 0.000000 0.000000 0.000000 0.000000 0.000000 0.000000 0.000000 0.000000 0.000000 0.000000 0.000000 0.000000 0.000000 0.000000 0.000000 0.000000 0.000000 0.000000 0.000000 0.000000 0.000000 0.000000 0.000000 0.000000 0.000000 0.000000 0.000000 0.000000 0.000000 0.000000 0.000000 0.000000 0.000000 0.000000 0.000000 0.000000 0.000000 0.000000 0.000000 0.000000 0.000000 0.000000 0.000000 0.000000 0.000000 0.000000 0.000000 0.000000 0.000000 0.000000 0.000000 
0.000000 0.000000 0.000000 0.000000 0.000000 0.000000 0.000000 0.000000 0.000000 0.000000 0.000000 0.000000 0.000000 0.000000 0.000000 0.000000 0.000000 0.000000 0.000000 0.000000 0.000000 0.000000 0.000000 0.000000 0.000000 0.000000 0.000000 0.000000 0.000000 0.000000 0.000001 0.000001 0.000001 0.000001 0.000002 0.000002 0.000003 0.000003 0.000004 0.000005 0.000005 0.000006 0.000007 0.000008 0.000009 0.000009 0.000010 0.000011 0.000011 0.000011 0.000011 0.000011 0.000011 0.000011 0.000010 0.000009 0.000009 0.000008 0.000007 0.000006 0.000005 0.000005 0.000004 0.000003 0.000003 0.000002 0.000002 0.000001 0.000001 0.000001 0.000001 0.000000 0.000000 0.000000 0.000000 0.000000 0.000000 0.000000 0.000000 0.000000 0.000000 0.000000 0.000000 0.000000 0.000000 0.000000 0.000000 0.000000 0.000000 0.000000 0.000000 0.000000 0.000000 0.000000 0.000000 0.000000 0.000000 0.000000 0.000000 0.000000 
0.000000 0.000000 0.000000 0.000000 0.000000 0.000000 0.000000 0.000000 0.000000 0.000000 0.000000 0.000000 0.000000 0.000000 0.000000 0.000000 0.000000 0.000000 0.000000 0.000000 0.000000 0.000000 0.000000 0.000000 0.000000 0.000000 0.000000 0.000001 0.000001 0.000001 0.000001 0.000002 0.000003 0.000003 0.000004 0.000005 0.000007 0.000008 0.000010 0.000011 0.000013 0.000015 0.000017 0.000019 0.000021 0.000023 0.000024 0.000026 0.000027 0.000027 0.000027 0.000027 0.000027 0.000026 0.000024 0.000023 0.000021 0.000019 0.000017 0.000015 0.000013 0.000011 0.000010 0.000008 0.000007 0.000005 0.000004 0.000003 0.000003 0.000002 0.000001 0.000001 0.000001 0.000001 0.000000 0.000000 0.000000 0.000000 0.000000 0.000000 0.000000 0.000000 0.000000 0.000000 0.000000 0.000000 0.000000 0.000000 0.000000 0.000000 0.000000 0.000000 0.000000 0.000000 0.000000 0.000000 0.000000 0.000000 0.000000 0.000000 
0.000000 0.000000 0.000000 0.000000 0.000000 0.000000 0.000000 0.000000 0.000000 0.000000 0.000000 0.000000 0.000000 0.000000 0.000000 0.000000 0.000000 0.000000 0.000000 0.000000 0.000000 0.000000 0.000000 0.000000 0.000000 0.000001 0.000001 0.000001 0.000002 0.000002 0.000003 0.000004 0.000005 0.000007 0.000009 0.000011 0.000013 0.000016 0.000019 0.000023 0.000027 0.000030 0.000034 0.000038 0.000042 0.000046 0.000049 0.000051 0.000053 0.000054 0.000055 0.000054 0.000053 0.000051 0.000049 0.000046 0.000042 0.000038 0.000034 0.000030 0.000027 0.000023 0.000019 0.000016 0.000013 0.000011 0.000009 0.000007 0.000005 0.000004 0.000003 0.000002 0.000002 0.000001 0.000001 0.000001 0.000000 0.000000 0.000000 0.000000 0.000000 0.000000 0.000000 0.000000 0.000000 0.000000 0.000000 0.000000 0.000000 0.000000 0.000000 0.000000 0.000000 0.000000 0.000000 0.000000 0.000000 0.000000 0.000000 0.000000 
0.000000 0.000000 0.000000 0.000000 0.000000 0.000000 0.000000 0.000000 0.000000 0.000000 0.000000 0.000000 0.000000 0.000000 0.000000 0.000000 0.000000 0.000000 0.000000 0.000000 0.000000 0.000000 0.000000 0.000001 0.000001 0.000001 0.000002 0.000002 0.000003 0.000004 0.000006 0.000008 0.000010 0.000013 0.000016 0.000020 0.000025 0.000031 0.000037 0.000043 0.000051 0.000058 0.000066 0.000073 0.000080 0.000087 0.000093 0.000098 0.000101 0.000104 0.000104 0.000104 0.000101 0.000098 0.000093 0.000087 0.000080 0.000073 0.000066 0.000058 0.000051 0.000043 0.000037 0.000031 0.000025 0.000020 0.000016 0.000013 0.000010 0.000008 0.000006 0.000004 0.000003 0.000002 0.000002 0.000001 0.000001 0.000001 0.000000 0.000000 0.000000 0.000000 0.000000 0.000000 0.000000 0.000000 0.000000 0.000000 0.000000 0.000000 0.000000 0.000000 0.000000 0.000000 0.000000 0.000000 0.000000 0.000000 0.000000 0.000000 
0.000000 0.000000 0.000000 0.000000 0.000000 0.000000 0.000000 0.000000 0.000000 0.000000 0.000000 0.000000 0.000000 0.000000 0.000000 0.000000 0.000000 0.000000 0.000000 0.000000 0.000000 0.000000 0.000001 0.000001 0.000001 0.000002 0.000003 0.000004 0.000006 0.000008 0.000011 0.000014 0.000019 0.000024 0.000031 0.000038 0.000047 0.000057 0.000069 0.000081 0.000094 0.000108 0.000122 0.000136 0.000150 0.000162 0.000173 0.000182 0.000189 0.000193 0.000195 0.000193 0.000189 0.000182 0.000173 0.000162 0.000150 0.000136 0.000122 0.000108 0.000094 0.000081 0.000069 0.000057 0.000047 0.000038 0.000031 0.000024 0.000019 0.000014 0.000011 0.000008 0.000006 0.000004 0.000003 0.000002 0.000001 0.000001 0.000001 0.000000 0.000000 0.000000 0.000000 0.000000 0.000000 0.000000 0.000000 0.000000 0.000000 0.000000 0.000000 0.000000 0.000000 0.000000 0.000000 0.000000 0.000000 0.000000 0.000000 0.000000 
0.000000 0.000000 0.000000 0.000000 0.000000 0.000000 0.000000 0.000000 0.000000 0.000000 0.000000 0.000000 0.000000 0.000000 0.000000 0.000000 0.000000 0.000000 0.000000 0.000000 0.000001 0.000001 0.000001 0.000002 0.000003 0.000004 0.000006 0.000008 0.000011 0.000015 0.000020 0.000026 0.000034 0.000044 0.000056 0.000070 0.000087 0.000105 0.000126 0.000149 0.000173 0.000199 0.000225 0.000250 0.000275 0.000298 0.000318 0.000334 0.000347 0.000354 0.000357 0.000354 0.000347 0.000334 0.000318 0.000298 0.000275 0.000250 0.000225 0.000199 0.000173 0.000149 0.000126 0.000105 0.000087 0.000070 0.000056 0.000044 0.000034 0.000026 0.000020 0.000015 0.000011 0.000008 0.000006 0.000004 0.000003 0.000002 0.000001 0.000001 0.000001 0.000000 0.000000 0.000000 0.000000 0.000000 0.000000 0.000000 0.000000 0.000000 0.000000 0.000000 0.000000 0.000000 0.000000 0.000000 0.000000 0.000000 0.000000 0.000000 
0.000000 0.000000 0.000000 0.000000 0.000000 0.000000 0.000000 0.000000 0.000000 0.000000 0.000000 0.000000 0.000000 0.000000 0.000000 0.000000 0.000000 0.000000 0.000000 0.000001 0.000001 0.000002 0.000002 0.000003 0.000005 0.000007 0.000010 0.000014 0.000020 0.000027 0.000036 0.000048 0.000063 0.000080 0.000102 0.000128 0.000157 0.000191 0.000229 0.000270 0.000314 0.000360 0.000407 0.000454 0.000498 0.000539 0.000576 0.000605 0.000628 0.000641 0.000646 0.000641 0.000628 0.000605 0.000576 0.000539 0.000498 0.000454 0.000407 0.000360 0.000314 0.000270 0.000229 0.000191 0.000157 0.000128 0.000102 0.000080 0.000063 0.000048 0.000036 0.000027 0.000020 0.000014 0.000010 0.000007 0.000005 0.000003 0.000002 0.000002 0.000001 0.000001 0.000000 0.000000 0.000000 0.000000 0.000000 0.000000 0.000000 0.000000 0.000000 0.000000 0.000000 0.000000 0.000000 0.000000 0.000000 0.000000 0.000000 0.000000 
0.000000 0.000000 0.000000 0.000000 0.000000 0.000000 0.000000 0.000000 0.000000 0.000000 0.000000 0.000000 0.000000 0.000000 0.000000 0.000000 0.000000 0.000000 0.000001 0.000001 0.000002 0.000003 0.000004 0.000006 0.000009 0.000013 0.000018 0.000026 0.000036 0.000048 0.000065 0.000086 0.000112 0.000144 0.000183 0.000228 0.000281 0.000342 0.000409 0.000483 0.000561 0.000644 0.000727 0.000810 0.000890 0.000963 0.001028 0.001081 0.001121 0.001145 0.001154 0.001145 0.001121 0.001081 0.001028 0.000963 0.000890 0.000810 0.000727 0.000644 0.000561 0.000483 0.000409 0.000342 0.000281 0.000228 0.000183 0.000144 0.000112 0.000086 0.000065 0.000048 0.000036 0.000026 0.000018 0.000013 0.000009 0.000006 0.000004 0.000003 0.000002 0.000001 0.000001 0.000000 0.000000 0.000000 0.000000 0.000000 0.000000 0.000000 0.000000 0.000000 0.000000 0.000000 0.000000 0.000000 0.000000 0.000000 0.000000 0.000000 
0.000000 0.000000 0.000000 0.000000 0.000000 0.000000 0.000000 0.000000 0.000000 0.000000 0.000000 0.000000 0.000000 0.000000 0.000000 0.000000 0.000001 0.000001 0.000001 0.000002 0.000003 0.000005 0.000007 0.000011 0.000016 0.000023 0.000033 0.000046 0.000063 0.000086 0.000115 0.000152 0.000198 0.000255 0.000323 0.000403 0.000497 0.000603 0.000722 0.000852 0.000990 0.001135 0.001283 0.001429 0.001569 0.001699 0.001812 0.001906 0.001976 0.002019 0.002034 0.002019 0.001976 0.001906 0.001812 0.001699 0.001569 0.001429 0.001283 0.001135 0.000990 0.000852 0.000722 0.000603 0.000497 0.000403 0.000323 0.000255 0.000198 0.000152 0.000115 0.000086 0.000063 0.000046 0.000033 0.000023 0.000016 0.000011 0.000007 0.000005 0.000003 0.000002 0.000001 0.000001 0.000001 0.000000 0.000000 0.000000 0.000000 0.000000 0.000000 0.000000 0.000000 0.000000 0.000000 0.000000 0.000000 0.000000 0.000000 0.000000 
0.000000 0.000000 0.000000 0.000000 0.000000 0.000000 0.000000 0.000000 0.000000 0.000000 0.000000 0.000000 0.000000 0.000000 0.000000 0.000001 0.000001 0.000001 0.000002 0.000004 0.000006 0.000009 0.000013 0.000019 0.000028 0.000040 0.000057 0.000080 0.000110 0.000150 0.000201 0.000266 0.000346 0.000445 0.000563 0.000704 0.000866 0.001051 0.001258 0.001483 0.001725 0.001977 0.002233 0.002488 0.002731 0.002956 0.003153 0.003316 0.003437 0.003512 0.003538 0.003512 0.003437 0.003316 0.003153 0.002956 0.002731 0.002488 0.002233 0.001977 0.001725 0.001483 0.001258 0.001051 0.000866 0.000704 0.000563 0.000445 0.000346 0.000266 0.000201 0.000150 0.000110 0.000080 0.000057 0.000040 0.000028 0.000019 0.000013 0.000009 0.000006 0.000004 0.000002 0.000001 0.000001 0.000001 0.000000 0.000000 0.000000 0.000000 0.000000 0.000000 0.000000 0.000000 0.000000 0.000000 0.000000 0.000000 0.000000 0.000000 
0.000000 0.000000 0.000000 0.000000 0.000000 0.000000 0.000000 0.000000 0.000000 0.000000 0.000000 0.000000 0.000000 0.000000 0.000001 0.000001 0.000002 0.000003 0.000004 0.000006 0.000010 0.000015 0.000022 0.000033 0.000048 0.000070 0.000099 0.000138 0.000190 0.000259 0.000347 0.000458 0.000596 0.000766 0.000970 0.001211 0.001490 0.001808 0.002162 0.002550 0.002964 0.003397 0.003837 0.004273 0.004690 0.005076 0.005414 0.005693 0.005901 0.006030 0.006073 0.006030 0.005901 0.005693 0.005414 0.005076 0.004690 0.004273 0.003837 0.003397 0.002964 0.002550 0.002162 0.001808 0.001490 0.001211 0.000970 0.000766 0.000596 0.000458 0.000347 0.000259 0.000190 0.000138 0.000099 0.000070 0.000048 0.000033 0.000022 0.000015 0.000010 0.000006 0.000004 0.000003 0.000002 0.000001 0.000001 0.000000 0.000000 0.000000 0.000000 0.000000 0.000000 0.000000 0.000000 0.000000 0.000000 0.000000 0.000000 0.000000 
0.000000 0.000000 0.000000 0.000000 0.000000 0.000000 0.000000 0.000000 0.000000 0.000000 0.000000 0.000000 0.000000 0.000001 0.000001 0.000002 0.000003 0.000004 0.000007 0.000011 0.000017 0.000026 0.000038 0.000057 0.000083 0.000119 0.000168 0.000235 0.000324 0.000440 0.000590 0.000779 0.001014 0.001302 0.001648 0.002056 0.002530 0.003068 0.003669 0.004325 0.005027 0.005759 0.006505 0.007243 0.007950 0.008602 0.009175 0.009647 0.009999 0.010216 0.010289 0.010216 0.009999 0.009647 0.009175 0.008602 0.007950 0.007243 0.006505 0.005759 0.005027 0.004325 0.003669 0.003068 0.002530 0.002056 0.001648 0.001302 0.001014 0.000779 0.000590 0.000440 0.000324 0.000235 0.000168 0.000119 0.000083 0.000057 0.000038 0.000026 0.000017 0.000011 0.000007 0.000004 0.000003 0.000002 0.000001 0.000001 0.000000 0.000000 0.000000 0.000000 0.000000 0.000000 0.000000 0.000000 0.000000 0.000000 0.000000 0.000000 
0.000000 0.000000 0.000000 0.000000 0.000000 0.000000 0.000000 0.000000 0.000000 0.000000 0.000000 0.000000 0.000001 0.000001 0.000002 0.000003 0.000005 0.000007 0.000012 0.000018 0.000028 0.000043 0.000065 0.000096 0.000139 0.000200 0.000283 0.000395 0.000544 0.000739 0.000990 0.001306 0.001701 0.002183 0.002762 0.003445 0.004238 0.005139 0.006143 0.007241 0.008413 0.009637 0.010883 0.012116 0.013296 0.014385 0.015342 0.016130 0.016718 0.017081 0.017204 0.017081 0.016718 0.016130 0.015342 0.014385 0.013296 0.012116 0.010883 0.009637 0.008413 0.007241 0.006143 0.005139 0.004238 0.003445 0.002762 0.002183 0.001701 0.001306 0.000990 0.000739 0.000544 0.000395 0.000283 0.000200 0.000139 0.000096 0.000065 0.000043 0.000028 0.000018 0.000012 0.000007 0.000005 0.000003 0.000002 0.000001 0.000001 0.000000 0.000000 0.000000 0.000000 0.000000 0.000000 0.000000 0.000000 0.000000 0.000000 0.000000 
0.000000 0.000000 0.000000 0.000000 0.000000 0.000000 0.000000 0.000000 0.000000 0.000000 0.000000 0.000001 0.000001 0.000002 0.000003 0.000005 0.000008 0.000012 0.000020 0.000031 0.000047 0.000072 0.000108 0.000159 0.000231 0.000332 0.000470 0.000656 0.000902 0.001225 0.001639 0.002163 0.002815 0.003611 0.004568 0.005697 0.007005 0.008492 0.010150 0.011960 0.013895 0.015913 0.017967 0.019999 0.021945 0.023740 0.025317 0.026616 0.027584 0.028182 0.028384 0.028182 0.027584 0.026616 0.025317 0.023740 0.021945 0.019999 0.017967 0.015913 0.013895 0.011960 0.010150 0.008492 0.007005 0.005697 0.004568 0.003611 0.002815 0.002163 0.001639 0.001225 0.000902 0.000656 0.000470 0.000332 0.000231 0.000159 0.000108 0.000072 0.000047 0.000031 0.000020 0.000012 0.000008 0.000005 0.000003 0.000002 0.000001 0.000001 0.000000 0.000000 0.000000 0.000000 0.000000 0.000000 0.000000 0.000000 0.000000 0.000000 
0.000000 0.000000 0.000000 0.000000 0.000000 0.000000 0.000000 0.000000 0.000000 0.000000 0.000001 0.000001 0.000002 0.000003 0.000005 0.000008 0.000013 0.000021 0.000032 0.000051 0.000078 0.000118 0.000176 0.000260 0.000379 0.000543 0.000769 0.001073 0.001476 0.002002 0.002679 0.003534 0.004596 0.005895 0.007455 0.009295 0.011426 0.013848 0.016548 0.019495 0.022643 0.025928 0.029270 0.032575 0.035741 0.038660 0.041225 0.043337 0.044911 0.045883 0.046212 0.045883 0.044911 0.043337 0.041225 0.038660 0.035741 0.032575 0.029270 0.025928 0.022643 0.019495 0.016548 0.013848 0.011426 0.009295 0.007455 0.005895 0.004596 0.003534 0.002679 0.002002 0.001476 0.001073 0.000769 0.000543 0.000379 0.000260 0.000176 0.000118 0.000078 0.000051 0.000032 0.000021 0.000013 0.000008 0.000005 0.000003 0.000002 0.000001 0.000001 0.000000 0.000000 0.000000 0.000000 0.000000 0.000000 0.000000 0.000000 0.000000 
0.000000 0.000000 0.000000 0.000000 0.000000 0.000000 0.000000 0.000000 0.000000 0.000001 0.000001 0.000002 0.000003 0.000005 0.000008 0.000013 0.000021 0.000033 0.000053 0.000082 0.000126 0.000191 0.000285 0.000421 0.000612 0.000878 0.001241 0.001731 0.002381 0.003230 0.004319 0.005696 0.007406 0.009496 0.012004 0.014963 0.018389 0.022282 0.026620 0.031354 0.036410 0.041685 0.047050 0.052357 0.057438 0.062122 0.066238 0.069627 0.072153 0.073713 0.074241 0.073713 0.072153 0.069627 0.066238 0.062122 0.057438 0.052357 0.047050 0.041685 0.036410 0.031354 0.026620 0.022282 0.018389 0.014963 0.012004 0.009496 0.007406 0.005696 0.004319 0.003230 0.002381 0.001731 0.001241 0.000878 0.000612 0.000421 0.000285 0.000191 0.000126 0.000082 0.000053 0.000033 0.000021 0.000013 0.000008 0.000005 0.000003 0.000002 0.000001 0.000001 0.000000 0.000000 0.000000 0.000000 0.000000 0.000000 0.000000 0.000000 
0.000000 0.000000 0.000000 0.000000 0.000000 0.000000 0.000000 0.000000 0.000000 0.000001 0.000001 0.000003 0.000004 0.000007 0.000012 0.000021 0.000033 0.000053 0.000084 0.000131 0.000201 0.000305 0.000456 0.000672 0.000976 0.001399 0.001978 0.002758 0.003791 0.005140 0.006871 0.009058 0.011774 0.015091 0.019073 0.023767 0.029201 0.035375 0.042251 0.049755 0.057768 0.066125 0.074626 0.083031 0.091079 0.098497 0.105014 0.110380 0.114380 0.116849 0.117684 0.116849 0.114380 0.110380 0.105014 0.098497 0.091079 0.083031 0.074626 0.066125 0.057768 0.049755 0.042251 0.035375 0.029201 0.023767 0.019073 0.015091 0.011774 0.009058 0.006871 0.005140 0.003791 0.002758 0.001978 0.001399 0.000976 0.000672 0.000456 0.000305 0.000201 0.000131 0.000084 0.000053 0.000033 0.000021 0.000012 0.000007 0.000004 0.000003 0.000001 0.000001 0.000000 0.000000 0.000000 0.000000 0.000000 0.000000 0.000000 0.000000 
0.000000 0.000000 0.000000 0.000000 0.000000 0.000000 0.000000 0.000000 0.000001 0.000001 0.000002 0.000004 0.000007 0.000012 0.000020 0.000032 0.000053 0.000084 0.000133 0.000207 0.000317 0.000480 0.000718 0.001057 0.001536 0.002200 0.003109 0.004333 0.005955 0.008070 0.010784 0.014212 0.018468 0.023663 0.029897 0.037246 0.045750 0.055410 0.066167 0.077903 0.090431 0.103498 0.116785 0.129922 0.142499 0.154090 0.164272 0.172656 0.178905 0.182763 0.184068 0.182763 0.178905 0.172656 0.164272 0.154090 0.142499 0.129922 0.116785 0.103498 0.090431 0.077903 0.066167 0.055410 0.045750 0.037246 0.029897 0.023663 0.018468 0.014212 0.010784 0.008070 0.005955 0.004333 0.003109 0.002200 0.001536 0.001057 0.000718 0.000480 0.000317 0.000207 0.000133 0.000084 0.000053 0.000032 0.000020 0.000012 0.000007 0.000004 0.000002 0.000001 0.000001 0.000000 0.000000 0.000000 0.000000 0.000000 0.000000 0.000000 
0.000000 0.000000 0.000000 0.000000 0.000000 0.000000 0.000000 0.000001 0.000001 0.000002 0.000004 0.000006 0.000011 0.000018 0.000031 0.000051 0.000082 0.000131 0.000207 0.000321 0.000493 0.000747 0.001115 0.001641 0.002383 0.003413 0.004821 0.006716 0.009226 0.012499 0.016698 0.021998 0.028577 0.036606 0.046237 0.057587 0.070719 0.085630 0.102233 0.120343 0.139672 0.159829 0.180322 0.200580 0.219973 0.237843 0.253541 0.266465 0.276098 0.282045 0.284055 0.282045 0.276098 0.266465 0.253541 0.237843 0.219973 0.200580 0.180322 0.159829 0.139672 0.120343 0.102233 0.085630 0.070719 0.057587 0.046237 0.036606 0.028577 0.021998 0.016698 0.012499 0.009226 0.006716 0.004821 0.003413 0.002383 0.001641 0.001115 0.000747 0.000493 0.000321 0.000207 0.000131 0.000082 0.000051 0.000031 0.000018 0.000011 0.000006 0.000004 0.000002 0.000001 0.000001 0.000000 0.000000 0.000000 0.000000 0.000000 0.000000 
0.000000 0.000000 0.000000 0.000000 0.000000 0.000000 0.000001 0.000001 0.000002 0.000003 0.000006 0.000010 0.000017 0.000028 0.000047 0.000078 0.000126 0.000201 0.000317 0.000493 0.000757 0.001145 0.001708 0.002514 0.003649 0.005224 0.007375 0.010270 0.014103 0.019100 0.025507 0.033593 0.043626 0.055867 0.070547 0.087841 0.107848 0.130559 0.155841 0.183413 0.212836 0.243513 0.274698 0.305522 0.335026 0.362210 0.386087 0.405744 0.420395 0.429439 0.432497 0.429439 0.420395 0.405744 0.386087 0.362210 0.335026 0.305522 0.274698 0.243513 0.212836 0.183413 0.155841 0.130559 0.107848 0.087841 0.070547 0.055867 0.043626 0.033593 0.025507 0.019100 0.014103 0.010270 0.007375 0.005224 0.003649 0.002514 0.001708 0.001145 0.000757 0.000493 0.000317 0.000201 0.000126 0.000078 0.000047 0.000028 0.000017 0.000010 0.000006 0.000003 0.000002 0.000001 0.000001 0.000000 0.000000 0.000000 0.000000 0.000000 
0.000000 0.000000 0.000000 0.000000 0.000000 0.000000 0.000001 0.000002 0.000003 0.000005 0.000009 0.000015 0.000026 0.000043 0.000072 0.000118 0.000191 0.000305 0.000480 0.000747 0.001145 0.001731 0.002581 0.003798 0.005510 0.007885 0.011130 0.015492 0.021267 0.028791 0.038438 0.050606 0.065701 0.084114 0.106188 0.132188 0.162257 0.196385 0.234368 0.275784 0.319971 0.366035 0.412855 0.459127 0.503413 0.544212 0.580046 0.609544 0.631530 0.645101 0.649689 0.645101 0.631530 0.609544 0.580046 0.544212 0.503413 0.459127 0.412855 0.366035 0.319971 0.275784 0.234368 0.196385 0.162257 0.132188 0.106188 0.084114 0.065701 0.050606 0.038438 0.028791 0.021267 0.015492 0.011130 0.007885 0.005510 0.003798 0.002581 0.001731 0.001145 0.000747 0.000480 0.000305 0.000191 0.000118 0.000072 0.000043 0.000026 0.000015 0.000009 0.000005 0.000003 0.000002 0.000001 0.000000 0.000000 0.000000 0.000000 0.000000 
0.000000 0.000000 0.000000 0.000000 0.000000 0.000001 0.000001 0.000002 0.000004 0.000007 0.000013 0.000022 0.000038 0.000065 0.000108 0.000176 0.000285 0.000456 0.000718 0.001115 0.001708 0.002581 0.003849 0.005659 0.008208 0.011742 0.016566 0.023052 0.031634 0.042812 0.057139 0.075205 0.097611 0.124933 0.157681 0.196241 0.240828 0.291422 0.347720 0.409093 0.474565 0.542805 0.612157 0.680688 0.746271 0.806685 0.859743 0.903416 0.935965 0.956056 0.962849 0.956056 0.935965 0.903416 0.859743 0.806685 0.746271 0.680688 0.612157 0.542805 0.474565 0.409093 0.347720 0.291422 0.240828 0.196241 0.157681 0.124933 0.097611 0.075205 0.057139 0.042812 0.031634 0.023052 0.016566 0.011742 0.008208 0.005659 0.003849 0.002581 0.001708 0.001115 0.000718 0.000456 0.000285 0.000176 0.000108 0.000065 0.000038 0.000022 0.000013 0.000007 0.000004 0.000002 0.000001 0.000001 0.000000 0.000000 0.000000 0.000000 
0.000000 0.000000 0.000000 0.000000 0.000001 0.000001 0.000002 0.000003 0.000006 0.000011 0.000019 0.000033 0.000057 0.000096 0.000159 0.000260 0.000421 0.000672 0.001057 0.001641 0.002514 0.003798 0.005659 0.008319 0.012061 0.017247 0.024324 0.033835 0.046416 0.062798 0.083788 0.110249 0.143056 0.183052 0.230977 0.287397 0.352619 0.426614 0.508935 0.598662 0.694364 0.794099 0.895446 0.995581 1.091398 1.179656 1.257161 1.320954 1.368497 1.397841 1.407762 1.397841 1.368497 1.320954 1.257161 1.179656 1.091398 0.995581 0.895446 0.794099 0.694364 0.598662 0.508935 0.426614 0.352619 0.287397 0.230977 0.183052 0.143056 0.110249 0.083788 0.062798 0.046416 0.033835 0.024324 0.017247 0.012061 0.008319 0.005659 0.003798 0.002514 0.001641 0.001057 0.000672 0.000421 0.000260 0.000159 0.000096 0.000057 0.000033 0.000019 0.000011 0.000006 0.000003 0.000002 0.000001 0.000001 0.000000 0.000000 0.000000 
0.000000 0.000000 0.000000 0.000000 0.000001 0.000001 0.000003 0.000005 0.000009 0.000016 0.000028 0.000048 0.000083 0.000139 0.000231 0.000379 0.000612 0.000976 0.001536 0.002383 0.003649 0.005510 0.008208 0.012061 0.017480 0.024987 0.035228 0.048986 0.067180 0.090862 0.121198 0.159428 0.206816 0.264572 0.333762 0.415197 0.509319 0.616077 0.734827 0.864239 1.002247 1.146050 1.292157 1.436502 1.574608 1.701809 1.813505 1.905433 1.973941 2.016225 2.030521 2.016225 1.973941 1.905433 1.813505 1.701809 1.574608 1.436502 1.292157 1.146050 1.002247 0.864239 0.734827 0.616077 0.509319 0.415197 0.333762 0.264572 0.206816 0.159428 0.121198 0.090862 0.067180 0.048986 0.035228 0.024987 0.017480 0.012061 0.008208 0.005510 0.003649 0.002383 0.001536 0.000976 0.000612 0.000379 0.000231 0.000139 0.000083 0.000048 0.000028 0.000016 0.000009 0.000005 0.000003 0.000001 0.000001 0.000000 0.000000 0.000000 
0.000000 0.000000 0.000000 0.000001 0.000001 0.000002 0.000004 0.000007 0.000013 0.000023 0.000040 0.000070 0.000119 0.000200 0.000332 0.000543 0.000878 0.001399 0.002200 0.003413 0.005224 0.007885 0.011742 0.017247 0.024987 0.035705 0.050323 0.069954 0.095906 0.129678 0.172924 0.227411 0.294931 0.377205 0.475743 0.591695 0.725682 0.877631 1.046617 1.230744 1.427074 1.631619 1.839416 2.044684 2.241061 2.421917 2.580717 2.711406 2.808795 2.868904 2.889225 2.868904 2.808795 2.711406 2.580717 2.421917 2.241061 2.044684 1.839416 1.631619 1.427074 1.230744 1.046617 0.877631 0.725682 0.591695 0.475743 0.377205 0.294931 0.227411 0.172924 0.129678 0.095906 0.069954 0.050323 0.035705 0.024987 0.017247 0.011742 0.007885 0.005224 0.003413 0.002200 0.001399 0.000878 0.000543 0.000332 0.000200 0.000119 0.000070 0.000040 0.000023 0.000013 0.000007 0.000004 0.000002 0.000001 0.000001 0.000000 0.000000 
0.000000 0.000000 0.000000 0.000001 0.000002 0.000003 0.000006 0.000010 0.000018 0.000033 0.000057 0.000099 0.000168 0.000283 0.000470 0.000769 0.001241 0.001978 0.003109 0.004821 0.007375 0.011130 0.016566 0.024324 0.035228 0.050323 0.070904 0.098532 0.135047 0.182550 0.243364 0.319964 0.414864 0.530471 0.668902 0.831764 1.019920 1.233260 1.470479 1.728913 2.004433 2.291446 2.582987 2.870949 3.146413 3.400085 3.622806 3.806091 3.942670 4.026964 4.055461 4.026964 3.942670 3.806091 3.622806 3.400085 3.146413 2.870949 2.582987 2.291446 2.004433 1.728913 1.470479 1.233260 1.019920 0.831764 0.668902 0.530471 0.414864 0.319964 0.243364 0.182550 0.135047 0.098532 0.070904 0.050323 0.035228 0.024324 0.016566 0.011130 0.007375 0.004821 0.003109 0.001978 0.001241 0.000769 0.000470 0.000283 0.000168 0.000099 0.000057 0.000033 0.000018 0.000010 0.000006 0.000003 0.000002 0.000001 0.000000 0.000000 
0.000000 0.000000 0.000001 0.000001 0.000002 0.000004 0.000008 0.000014 0.000026 0.000046 0.000080 0.000138 0.000235 0.000395 0.000656 0.001073 0.001731 0.002758 0.004333 0.006716 0.010270 0.015492 0.023052 0.033835 0.048986 0.069954 0.098532 0.136886 0.187562 0.253468 0.337821 0.444041 0.575608 0.735848 0.927681 1.153323 1.413962 1.709433 2.037923 2.395735 2.777153 3.174428 3.577927 3.976432 4.357607 4.708601 5.016748 5.270322 5.459272 5.575884 5.615307 5.575884 5.459272 5.270322 5.016748 4.708601 4.357607 3.976432 3.577927 3.174428 2.777153 2.395735 2.037923 1.709433 1.413962 1.153323 0.927681 0.735848 0.575608 0.444041 0.337821 0.253468 0.187562 0.136886 0.098532 0.069954 0.048986 0.033835 0.023052 0.015492 0.010270 0.006716 0.004333 0.002758 0.001731 0.001073 0.000656 0.000395 0.000235 0.000138 0.000080 0.000046 0.000026 0.000014 0.000008 0.000004 0.000002 0.000001 0.000000 0.000000 
0.000000 0.000000 0.000001 0.000002 0.000003 0.000006 0.000011 0.000020 0.000036 0.000063 0.000110 0.000190 0.000324 0.000544 0.000902 0.001476 0.002381 0.003791 0.005955 0.009226 0.014103 0.021267 0.031634 0.046416 0.067180 0.095906 0.135047 0.187562 0.256928 0.347119 0.462524 0.607812 0.787727 1.006805 1.269022 1.577394 1.933529 2.337192 2.785892 3.274575 3.795427 4.337868 4.888747 5.432755 5.953062 6.432136 6.852703 7.198770 7.456632 7.615770 7.669568 7.615770 7.456632 7.198770 6.852703 6.432136 5.953062 5.432755 4.888747 4.337868 3.795427 3.274575 2.785892 2.337192 1.933529 1.577394 1.269022 1.006805 0.787727 0.607812 0.462524 0.347119 0.256928 0.187562 0.135047 0.095906 0.067180 0.046416 0.031634 0.021267 0.014103 0.009226 0.005955 0.003791 0.002381 0.001476 0.000902 0.000544 0.000324 0.000190 0.000110 0.000063 0.000036 0.000020 0.000011 0.000006 0.000003 0.000002 0.000001 0.000000 
0.000000 0.000000 0.000001 0.000002 0.000004 0.000008 0.000015 0.000027 0.000048 0.000086 0.000150 0.000259 0.000440 0.000739 0.001225 0.002002 0.003230 0.005140 0.008070 0.012499 0.019100 0.028791 0.042812 0.062798 0.090862 0.129678 0.182550 0.253468 0.347119 0.468853 0.624583 0.820593 1.063266 1.358700 1.712241 2.127933 2.607929 3.151893 3.756459 4.414804 5.116398 5.846988 6.588865 7.321421 8.022004 8.667024 9.233238 9.699130 10.046263 10.260490 10.332911 10.260490 10.046263 9.699130 9.233238 8.667024 8.022004 7.321421 6.588865 5.846988 5.116398 4.414804 3.756459 3.151893 2.607929 2.127933 1.712241 1.358700 1.063266 0.820593 0.624583 0.468853 0.347119 0.253468 0.182550 0.129678 0.090862 0.062798 0.042812 0.028791 0.019100 0.012499 0.008070 0.005140 0.003230 0.002002 0.001225 0.000739 0.000440 0.000259 0.000150 0.000086 0.000048 0.000027 0.000015 0.000008 0.000004 0.000002 0.000001 0.000000 
0.000000 0.000001 0.000001 0.000003 0.000006 0.000011 0.000020 0.000036 0.000065 0.000115 0.000201 0.000347 0.000590 0.000990 0.001639 0.002679 0.004319 0.006871 0.010784 0.016698 0.025507 0.038438 0.057139 0.083788 0.121198 0.172924 0.243364 0.337821 0.462524 0.624583 0.831850 1.092673 1.415519 1.808479 2.278641 2.831358 3.469469 4.192509 4.995987 5.870821 6.803013 7.773625 8.759133 9.732174 10.662674 11.519318 12.271260 12.889946 13.350908 13.635377 13.731543 13.635377 13.350908 12.889946 12.271260 11.519318 10.662674 9.732174 8.759133 7.773625 6.803013 5.870821 4.995987 4.192509 3.469469 2.831358 2.278641 1.808479 1.415519 1.092673 0.831850 0.624583 0.462524 0.337821 0.243364 0.172924 0.121198 0.083788 0.057139 0.038438 0.025507 0.016698 0.010784 0.006871 0.004319 0.002679 0.001639 0.000990 0.000590 0.000347 0.000201 0.000115 0.000065 0.000036 0.000020 0.000011 0.000006 0.000003 0.000001 0.000000 
0.000000 0.000001 0.000002 0.000004 0.000008 0.000014 0.000026 0.000048 0.000086 0.000152 0.000266 0.000458 0.000779 0.001306 0.002163 0.003534 0.005696 0.009058 0.014212 0.021998 0.033593 0.050606 0.075205 0.110249 0.159428 0.227411 0.319964 0.444041 0.607812 0.820593 1.092673 1.434981 1.858607 2.374138 2.990839 3.715705 4.552432 5.500381 6.553646 7.700306 8.922005 10.193922 11.485237 12.760109 13.979154 15.101371 16.086374 16.896784 17.500575 17.873178 17.999137 17.873178 17.500575 16.896784 16.086374 15.101371 13.979154 12.760109 11.485237 10.193922 8.922005 7.700306 6.553646 5.500381 4.552432 3.715705 2.990839 2.374138 1.858607 1.434981 1.092673 0.820593 0.607812 0.444041 0.319964 0.227411 0.159428 0.110249 0.075205 0.050606 0.033593 0.021998 0.014212 0.009058 0.005696 0.003534 0.002163 0.001306 0.000779 0.000458 0.000266 0.000152 0.000086 0.000048 0.000026 0.000014 0.000008 0.000004 0.000002 0.000000 
0.000000 0.000001 0.000003 0.000005 0.000010 0.000019 0.000034 0.000063 0.000112 0.000198 0.000346 0.000596 0.001014 0.001701 0.002815 0.004596 0.007406 0.011774 0.018468 0.028577 0.043626 0.065701 0.097611 0.143056 0.206816 0.294931 0.414864 0.575608 0.787727 1.063266 1.415519 1.858607 2.406851 3.073915 3.871752 4.809375 5.891530 7.117361 8.479201 9.961623 11.540882 13.184893 14.853827 16.501377 18.076672 19.526754 20.799470 21.846553 22.626654 23.108049 23.270783 23.108049 22.626654 21.846553 20.799470 19.526754 18.076672 16.501377 14.853827 13.184893 11.540882 9.961623 8.479201 7.117361 5.891530 4.809375 3.871752 3.073915 2.406851 1.858607 1.415519 1.063266 0.787727 0.575608 0.414864 0.294931 0.206816 0.143056 0.097611 0.065701 0.043626 0.028577 0.018468 0.011774 0.007406 0.004596 0.002815 0.001701 0.001014 0.000596 0.000346 0.000198 0.000112 0.000063 0.000034 0.000019 0.000010 0.000005 0.000002 0.000000 
0.000000 0.000001 0.000003 0.000007 0.000013 0.000024 0.000044 0.000080 0.000144 0.000255 0.000445 0.000766 0.001302 0.002183 0.003611 0.005895 0.009496 0.015091 0.023663 0.036606 0.055867 0.084114 0.124933 0.183052 0.264572 0.377205 0.530471 0.735848 1.006805 1.358700 1.808479 2.374138 3.073915 3.925209 4.943232 6.139439 7.519841 9.083311 10.820040 12.710329 14.723890 16.819812 18.947327 21.047423 23.055284 24.903445 26.525472 27.859889 28.854032 29.467498 29.674877 29.467498 28.854032 27.859889 26.525472 24.903445 23.055284 21.047423 18.947327 16.819812 14.723890 12.710329 10.820040 9.083311 7.519841 6.139439 4.943232 3.925209 3.073915 2.374138 1.808479 1.358700 1.006805 0.735848 0.530471 0.377205 0.264572 0.183052 0.124933 0.084114 0.055867 0.036606 0.023663 0.015091 0.009496 0.005895 0.003611 0.002183 0.001302 0.000766 0.000445 0.000255 0.000144 0.000080 0.000044 0.000024 0.000013 0.000006 0.000003 0.000000 
0.000000 0.000002 0.000004 0.000009 0.000016 0.000031 0.000056 0.000102 0.000183 0.000323 0.000563 0.000970 0.001648 0.002762 0.004568 0.007455 0.012004 0.019073 0.029897 0.046237 0.070547 0.106188 0.157681 0.230977 0.333762 0.475743 0.668902 0.927681 1.269022 1.712241 2.278641 2.990839 3.871752 4.943232 6.224371 7.729532 9.466231 11.433005 13.617478 15.994846 18.527002 21.162496 23.837502 26.477845 29.002067 31.325395 33.364359 35.041723 36.291328 37.062421 37.323083 37.062421 36.291328 35.041723 33.364359 31.325395 29.002067 26.477845 23.837502 21.162496 18.527002 15.994846 13.617478 11.433005 9.466231 7.729532 6.224371 4.943232 3.871752 2.990839 2.278641 1.712241 1.269022 0.927681 0.668902 0.475743 0.333762 0.230977 0.157681 0.106188 0.070547 0.046237 0.029897 0.019073 0.012004 0.007455 0.004568 0.002762 0.001648 0.000970 0.000563 0.000323 0.000183 0.000102 0.000056 0.000030 0.000016 0.000008 0.000003 0.000000 
0.000000 0.000002 0.000005 0.000011 0.000020 0.000038 0.000070 0.000128 0.000228 0.000403 0.000704 0.001211 0.002056 0.003445 0.005697 0.009295 0.014963 0.023767 0.037246 0.057587 0.087841 0.132188 0.196241 0.287397 0.415197 0.591695 0.831764 1.153323 1.577394 2.127933 2.831358 3.715705 4.809375 6.139439 7.729532 9.597424 11.752381 14.192537 16.902495 19.851456 22.992129 26.260700 29.578025 32.852143 35.982084 38.862779 41.390785 43.470392 45.019621 45.975588 46.298742 45.975588 45.019621 43.470392 41.390785 38.862779 35.982084 32.852143 29.578025 26.260700 22.992129 19.851456 16.902495 14.192537 11.752381 9.597424 7.729532 6.139439 4.809375 3.715705 2.831358 2.127933 1.577394 1.153323 0.831764 0.591695 0.415197 0.287397 0.196241 0.132188 0.087841 0.057587 0.037246 0.023767 0.014963 0.009295 0.005697 0.003445 0.002056 0.001211 0.000704 0.000403 0.000228 0.000128 0.000070 0.000038 0.000020 0.000010 0.000004 0.000000 
0.000000 0.000003 0.000007 0.000013 0.000025 0.000047 0.000087 0.000157 0.000281 0.000497 0.000866 0.001490 0.002530 0.004238 0.007005 0.011426 0.018389 0.029201 0.045750 0.070719 0.107848 0.162257 0.240828 0.352619 0.509319 0.725682 1.019920 1.413962 1.933529 2.607929 3.469469 4.552432 5.891530 7.519841 9.466231 11.752381 14.389567 17.375444 20.691126 24.298892 28.140869 32.138989 36.196458 40.200830 44.028656 47.551496 50.642906 53.185906 55.080300 56.249236 56.644379 56.249236 55.080300 53.185906 50.642906 47.551496 44.028656 40.200830 36.196458 32.138989 28.140869 24.298892 20.691126 17.375444 14.389567 11.752381 9.466231 7.519841 5.891530 4.552432 3.469469 2.607929 1.933529 1.413962 1.019920 0.725682 0.509319 0.352619 0.240828 0.162257 0.107848 0.070719 0.045750 0.029201 0.018389 0.011426 0.007005 0.004238 0.002530 0.001490 0.000866 0.000497 0.000281 0.000157 0.000087 0.000047 0.000025 0.000013 0.000005 0.000000 
0.000000 0.000003 0.000008 0.000016 0.000031 0.000057 0.000105 0.000191 0.000342 0.000603 0.001051 0.001808 0.003068 0.005139 0.008492 0.013848 0.022282 0.035375 0.055410 0.085630 0.130559 0.196385 0.291422 0.426614 0.616077 0.877631 1.233260 1.709433 2.337192 3.151893 4.192509 5.500381 7.117361 9.083311 11.433005 14.192537 17.375444 20.978832 24.979851 29.332946 33.968264 38.791617 43.686246 48.516540 53.133639 57.382679 61.111218 64.178230 66.462935 67.872692 68.349237 67.872692 66.462935 64.178230 61.111218 57.382679 53.133639 48.516540 43.686246 38.791617 33.968264 29.332946 24.979851 20.978832 17.375444 14.192537 11.433005 9.083311 7.117361 5.500381 4.192509 3.151893 2.337192 1.709433 1.233260 0.877631 0.616077 0.426614 0.291422 0.196385 0.130559 0.085630 0.055410 0.035375 0.022282 0.013848 0.008492 0.005139 0.003068 0.001808 0.001051 0.000603 0.000342 0.000191 0.000105 0.000057 0.000030 0.000015 0.000006 0.000000 
0.000000 0.000004 0.000010 0.000019 0.000037 0.000069 0.000126 0.000229 0.000409 0.000722 0.001258 0.002162 0.003669 0.006143 0.010150 0.016548 0.026620 0.042251 0.066167 0.102233 0.155841 0.234368 0.347720 0.508935 0.734827 1.046617 1.470479 2.037923 2.785892 3.756459 4.995987 6.553646 8.479201 10.820040 13.617478 16.902495 20.691126 24.979851 29.741417 34.921562 40.437141 46.176074 51.999458 57.745989 63.238624 68.293199 72.728446 76.376682 79.094302 80.771162 81.337994 80.771162 79.094302 76.376682 72.728446 68.293199 63.238624 57.745989 51.999458 46.176074 40.437141 34.921562 29.741417 24.979851 20.691126 16.902495 13.617478 10.820040 8.479201 6.553646 4.995987 3.756459 2.785892 2.037923 1.470479 1.046617 0.734827 0.508935 0.347720 0.234368 0.155841 0.102233 0.066167 0.042251 0.026620 0.016548 0.010150 0.006143 0.003669 0.002162 0.001258 0.000722 0.000409 0.000229 0.000126 0.000068 0.000036 0.000018 0.000008 0.000000 
0.000000 0.000005 0.000011 0.000023 0.000043 0.000081 0.000149 0.000270 0.000483 0.000852 0.001483 0.002550 0.004325 0.007241 0.011960 0.019495 0.031354 0.049755 0.077903 0.120343 0.183413 0.275784 0.409093 0.598662 0.864239 1.230744 1.728913 2.395735 3.274575 4.414804 5.870821 7.700306 9.961623 12.710329 15.994846 19.851456 24.298892 29.332946 34.921562 41.001009 47.473678 54.208040 61.041119 67.783681 74.228060 80.158252 85.361666 89.641654 92.829815 94.796990 95.461953 94.796990 92.829815 89.641654 85.361666 80.158252 74.228060 67.783681 61.041119 54.208040 47.473678 41.001009 34.921562 29.332946 24.298892 19.851456 15.994846 12.710329 9.961623 7.700306 5.870821 4.414804 3.274575 2.395735 1.728913 1.230744 0.864239 0.598662 0.409093 0.275784 0.183413 0.120343 0.077903 0.049755 0.031354 0.019495 0.011960 0.007241 0.004325 0.002550 0.001483 0.000852 0.000482 0.000270 0.000149 0.000081 0.000043 0.000022 0.000009 0.000000 
0.000000 0.000005 0.000013 0.000027 0.000051 0.000094 0.000173 0.000314 0.000561 0.000990 0.001725 0.002964 0.005027 0.008413 0.013895 0.022643 0.036410 0.057768 0.090431 0.139672 0.212836 0.319971 0.474565 0.694364 1.002247 1.427074 2.004433 2.777153 3.795427 5.116398 6.803013 8.922005 11.540882 14.723890 18.527002 22.992129 28.140869 33.968264 40.437141 47.473678 54.964876 62.758501 70.665965 78.468326 85.925337 92.787131 98.807801 103.759898 107.448651 109.724676 110.494035 109.724676 107.448651 103.759898 98.807801 92.787131 85.925337 78.468326 70.665965 62.758501 54.964876 47.473678 40.437141 33.968264 28.140869 22.992129 18.527002 14.723890 11.540882 8.922005 6.803013 5.116398 3.795427 2.777153 2.004433 1.427074 1.002247 0.694364 0.474565 0.319971 0.212836 0.139672 0.090431 0.057768 0.036410 0.022643 0.013895 0.008413 0.005027 0.002964 0.001725 0.000990 0.000561 0.000314 0.000173 0.000094 0.000050 0.000025 0.000010 0.000000 
0.000000 0.000006 0.000015 0.000030 0.000058 0.000108 0.000199 0.000360 0.000644 0.001135 0.001977 0.003397 0.005759 0.009637 0.015913 0.025928 0.041685 0.066125 0.103498 0.159829 0.243513 0.366035 0.542805 0.794099 1.146050 1.631619 2.291446 3.174428 4.337868 5.846988 7.773625 10.193922 13.184893 16.819812 21.162496 26.260700 32.138989 38.791617 46.176074 54.208040 62.758501 71.653695 80.678400 89.582785 98.092735 105.923179 112.793585 118.444487 122.653704 125.250839 126.128738 125.250839 122.653704 118.444487 112.793585 105.923179 98.092735 89.582785 80.678400 71.653695 62.758501 54.208040 46.176074 38.791617 32.138989 26.260700 21.162496 16.819812 13.184893 10.193922 7.773625 5.846988 4.337868 3.174428 2.291446 1.631619 1.146050 0.794099 0.542805 0.366035 0.243513 0.159829 0.103498 0.066125 0.041685 0.025928 0.015913 0.009637 0.005759 0.003397 0.001977 0.001135 0.000644 0.000360 0.000199 0.000108 0.000057 0.000029 0.000012 0.000000 
0.000000 0.000007 0.000017 0.000034 0.000066 0.000122 0.000225 0.000407 0.000727 0.001283 0.002233 0.003837 0.006505 0.010883 0.017967 0.029270 0.047050 0.074626 0.116785 0.180322 0.274698 0.412855 0.612157 0.895446 1.292157 1.839416 2.582987 3.577927 4.888747 6.588865 8.759133 11.485237 14.853827 18.947327 23.837502 29.578025 36.196458 43.686246 51.999458 61.041119 70.665965 80.678400 90.836191 100.858185 110.435928 119.248660 126.980744 133.340257 138.077237 140.999979 141.987937 140.999979 138.077237 133.340257 126.980744 119.248660 110.435928 100.858185 90.836191 80.678400 70.665965 61.041119 51.999458 43.686246 36.196458 29.578025 23.837502 18.947327 14.853827 11.485237 8.759133 6.588865 4.888747 3.577927 2.582987 1.839416 1.292157 0.895446 0.612157 0.412855 0.274698 0.180322 0.116785 0.074626 0.047050 0.029270 0.017967 0.010883 0.006505 0.003837 0.002233 0.001283 0.000727 0.000407 0.000225 0.000122 0.000065 0.000033 0.000014 0.000000 
