0.000000 0.000000 0.000000 0.000000 0.000000 0.000000 0.000000 0.000000 0.000000 0.000000 0.000000 0.000000 0.000000 0.000000 0.000000 0.000000 0.000000 0.000000 0.000000 0.000000 0.000000 0.000000 0.000000 0.000000 0.000000 0.000000 0.000000 0.000000 0.000000 0.000000 0.000000 0.000000 0.000000 0.000000 0.000000 0.000000 0.000000 0.000000 0.000000 0.000000 0.000000 0.000000 0.000000 0.000000 0.000000 0.000000 0.000000 0.000000 0.000000 0.000000 0.000000 0.000000 0.000000 0.000000 0.000000 0.000000 0.000000 0.000000 0.000000 0.000000 0.000000 0.000000 0.000000 0.000000 0.000000 0.000000 0.000000 0.000000 0.000000 0.000000 0.000000 0.000000 0.000000 0.000000 0.000000 0.000000 0.000000 0.000000 0.000000 0.000000 0.000000 0.000000 0.000000 0.000000 0.000000 0.000000 0.000000 0.000000 0.000000 0.000000 0.000000 0.000000 0.000000 0.000000 0.000000 0.000000 0.000000 0.000000 0.000000 0.000000 
0.000000 0.000000 0.000000 0.000000 0.000000 0.000000 0.000000 0.000000 0.000000 0.000000 0.000000 0.000000 0.000000 0.000000 0.000000 0.000000 0.000000 0.000000 0.000000 0.000000 0.000000 0.000000 0.000000 0.000000 0.000000 0.000000 0.000000 0.000000 0.000000 0.000000 0.000001 0.000001 0.000001 0.000001 0.000002 0.000002 0.000002 0.000003 0.000004 0.000004 0.000005 0.000006 0.000006 0.000007 0.000008 0.000009 0.000009 0.000010 0.000010 0.000010 0.000010 0.000010 0.000010 0.000010 0.000009 0.000009 0.000008 0.000007 0.000006 0.000006 0.000005 0.000004 0.000004 0.000003 0.000002 0.000002 0.000002 0.000001 0.000001 0.000001 0.000001 0.000000 0.000000 0.000000 0.000000 0.000000 0.000000 0.000000 0.000000 0.000000 0.000000 0.000000 0.000000 0.000000 0.000000 0.000000 0.000000 0.000000 0.000000 0.000000 0.000000 0.000000 0.000000 0.000000 0.000000 0.000000 0.000000 0.000000 0.000000 0.000000 
0.000000 0.000000 0.000000 0.000000 0.000000 0.000000 0.000000 0.000000 0.000000 0.000000 0.000000 0.000000 0.000000 0.000000 0.000000 0.000000 0.000000 0.000000 0.000000 0.000000 0.000000 0.000000 0.000000 0.000000 0.000000 0.000000 0.000000 0.000001 0.000001 0.000001 0.000001 0.000002 0.000002 0.000003 0.000004 0.000005 0.000006 0.000007 0.000009 0.000010 0.000012 0.000014 0.000016 0.000018 0.000019 0.000021 0.000022 0.000024 0.000024 0.000025 0.000025 0.000025 0.000024 0.000024 0.000022 0.000021 0.000019 0.000018 0.000016 0.000014 0.000012 0.000010 0.000009 0.000007 0.000006 0.000005 0.000004 0.000003 0.000002 0.000002 0.000001 0.000001 0.000001 0.000001 0.000000 0.000000 0.000000 0.000000 0.000000 0.000000 0.000000 0.000000 0.000000 0.000000 0.000000 0.000000 0.000000 0.000000 0.000000 0.000000 0.000000 0.000000 0.000000 0.000000 0.000000 0.000000 0.000000 0.000000 0.000000 0.000000 
0.000000 0.000000 0.000000 0.000000 0.000000 0.000000 0.000000 0.000000 0.000000 0.000000 0.000000 0.000000 0.000000 0.000000 0.000000 0.000000 0.000000 0.000000 0.000000 0.000000 0.000000 0.000000 0.000000 0.000000 0.000000 0.000001 0.000001 0.000001 0.000001 0.000002 0.000003 0.000004 0.000005 0.000006 0.000008 0.000010 0.000012 0.000015 0.000018 0.000021 0.000024 0.000028 0.000032 0.000035 0.000039 0.000042 0.000045 0.000047 0.000049 0.000050 0.000051 0.000050 0.000049 0.000047 0.000045 0.000042 0.000039 0.000035 0.000032 0.000028 0.000024 0.000021 0.000018 0.000015 0.000012 0.000010 0.000008 0.000006 0.000005 0.000004 0.000003 0.000002 0.000001 0.000001 0.000001 0.000001 0.000000 0.000000 0.000000 0.000000 0.000000 0.000000 0.000000 0.000000 0.000000 0.000000 0.000000 0.000000 0.000000 0.000000 0.000000 0.000000 0.000000 0.000000 0.000000 0.000000 0.000000 0.000000 0.000000 0.000000 
0.000000 0.000000 0.000000 0.000000 0.000000 0.000000 0.000000 0.000000 0.000000 0.000000 0.000000 0.000000 0.000000 0.000000 0.000000 0.000000 0.000000 0.000000 0.000000 0.000000 0.000000 0.000000 0.000000 0.000000 0.000001 0.000001 0.000001 0.000002 0.000003 0.000004 0.000005 0.000007 0.000009 0.000012 0.000015 0.000019 0.000023 0.000028 0.000034 0.000040 0.000047 0.000054 0.000061 0.000068 0.000075 0.000081 0.000086 0.000091 0.000094 0.000096 0.000097 0.000096 0.000094 0.000091 0.000086 0.000081 0.000075 0.000068 0.000061 0.000054 0.000047 0.000040 0.000034 0.000028 0.000023 0.000019 0.000015 0.000012 0.000009 0.000007 0.000005 0.000004 0.000003 0.000002 0.000001 0.000001 0.000001 0.000000 0.000000 0.000000 0.000000 0.000000 0.000000 0.000000 0.000000 0.000000 0.000000 0.000000 0.000000 0.000000 0.000000 0.000000 0.000000 0.000000 0.000000 0.000000 0.000000 0.000000 0.000000 0.000000 
0.000000 0.000000 0.000000 0.000000 0.000000 0.000000 0.000000 0.000000 0.000000 0.000000 0.000000 0.000000 0.000000 0.000000 0.000000 0.000000 0.000000 0.000000 0.000000 0.000000 0.000000 0.000000 0.000001 0.000001 0.000001 0.000002 0.000003 0.000004 0.000005 0.000007 0.000010 0.000013 0.000017 0.000022 0.000028 0.000035 0.000044 0.000053 0.000064 0.000075 0.000088 0.000100 0.000114 0.000127 0.000139 0.000151 0.000161 0.000170 0.000176 0.000180 0.000181 0.000180 0.000176 0.000170 0.000161 0.000151 0.000139 0.000127 0.000114 0.000100 0.000088 0.000075 0.000064 0.000053 0.000044 0.000035 0.000028 0.000022 0.000017 0.000013 0.000010 0.000007 0.000005 0.000004 0.000003 0.000002 0.000001 0.000001 0.000001 0.000000 0.000000 0.000000 0.000000 0.000000 0.000000 0.000000 0.000000 0.000000 0.000000 0.000000 0.000000 0.000000 0.000000 0.000000 0.000000 0.000000 0.000000 0.000000 0.000000 0.000000 
0.000000 0.000000 0.000000 0.000000 0.000000 0.000000 0.000000 0.000000 0.000000 0.000000 0.000000 0.000000 0.000000 0.000000 0.000000 0.000000 0.000000 0.000000 0.000000 0.000000 0.000000 0.000001 0.000001 0.000002 0.000002 0.000004 0.000005 0.000007 0.000010 0.000014 0.000018 0.000024 0.000032 0.000041 0.000052 0.000065 0.000080 0.000098 0.000117 0.000138 0.000161 0.000185 0.000209 0.000234 0.000257 0.000278 0.000297 0.000313 0.000324 0.000331 0.000334 0.000331 0.000324 0.000313 0.000297 0.000278 0.000257 0.000234 0.000209 0.000185 0.000161 0.000138 0.000117 0.000098 0.000080 0.000065 0.000052 0.000041 0.000032 0.000024 0.000018 0.000014 0.000010 0.000007 0.000005 0.000004 0.000002 0.000002 0.000001 0.000001 0.000000 0.000000 0.000000 0.000000 0.000000 0.000000 0.000000 0.000000 0.000000 0.000000 0.000000 0.000000 0.000000 0.000000 0.000000 0.000000 0.000000 0.000000 0.000000 0.000000 
0.000000 0.000000 0.000000 0.000000 0.000000 0.000000 0.000000 0.000000 0.000000 0.000000 0.000000 0.000000 0.000000 0.000000 0.000000 0.000000 0.000000 0.000000 0.000000 0.000001 0.000001 0.000001 0.000002 0.000003 0.000005 0.000007 0.000009 0.000013 0.000018 0.000025 0.000033 0.000044 0.000058 0.000075 0.000095 0.000118 0.000146 0.000178 0.000213 0.000252 0.000293 0.000336 0.000381 0.000424 0.000466 0.000505 0.000539 0.000567 0.000588 0.000601 0.000606 0.000601 0.000588 0.000567 0.000539 0.000505 0.000466 0.000424 0.000381 0.000336 0.000293 0.000252 0.000213 0.000178 0.000146 0.000118 0.000095 0.000075 0.000058 0.000044 0.000033 0.000025 0.000018 0.000013 0.000009 0.000007 0.000005 0.000003 0.000002 0.000001 0.000001 0.000001 0.000000 0.000000 0.000000 0.000000 0.000000 0.000000 0.000000 0.000000 0.000000 0.000000 0.000000 0.000000 0.000000 0.000000 0.000000 0.000000 0.000000 0.000000 
0.000000 0.000000 0.000000 0.000000 0.000000 0.000000 0.000000 0.000000 0.000000 0.000000 0.000000 0.000000 0.000000 0.000000 0.000000 0.000000 0.000000 0.000000 0.000001 0.000001 0.000002 0.000003 0.000004 0.000006 0.000008 0.000012 0.000017 0.000024 0.000033 0.000045 0.000060 0.000080 0.000104 0.000134 0.000170 0.000213 0.000262 0.000319 0.000382 0.000452 0.000526 0.000603 0.000682 0.000761 0.000836 0.000905 0.000966 0.001017 0.001054 0.001077 0.001085 0.001077 0.001054 0.001017 0.000966 0.000905 0.000836 0.000761 0.000682 0.000603 0.000526 0.000452 0.000382 0.000319 0.000262 0.000213 0.000170 0.000134 0.000104 0.000080 0.000060 0.000045 0.000033 0.000024 0.000017 0.000012 0.000008 0.000006 0.000004 0.000003 0.000002 0.000001 0.000001 0.000000 0.000000 0.000000 0.000000 0.000000 0.000000 0.000000 0.000000 0.000000 0.000000 0.000000 0.000000 0.000000 0.000000 0.000000 0.000000 0.000000 
0.000000 0.000000 0.000000 0.000000 0.000000 0.000000 0.000000 0.000000 0.000000 0.000000 0.000000 0.000000 0.000000 0.000000 0.000000 0.000000 0.000000 0.000001 0.000001 0.000002 0.000003 0.000004 0.000007 0.000010 0.000015 0.000021 0.000030 0.000042 0.000058 0.000079 0.000107 0.000141 0.000185 0.000238 0.000301 0.000377 0.000465 0.000565 0.000677 0.000799 0.000930 0.001068 0.001207 0.001346 0.001478 0.001601 0.001709 0.001798 0.001864 0.001905 0.001919 0.001905 0.001864 0.001798 0.001709 0.001601 0.001478 0.001346 0.001207 0.001068 0.000930 0.000799 0.000677 0.000565 0.000465 0.000377 0.000301 0.000238 0.000185 0.000141 0.000107 0.000079 0.000058 0.000042 0.000030 0.000021 0.000015 0.000010 0.000007 0.000004 0.000003 0.000002 0.000001 0.000001 0.000000 0.000000 0.000000 0.000000 0.000000 0.000000 0.000000 0.000000 0.000000 0.000000 0.000000 0.000000 0.000000 0.000000 0.000000 0.000000 
0.000000 0.000000 0.000000 0.000000 0.000000 0.000000 0.000000 0.000000 0.000000 0.000000 0.000000 0.000000 0.000000 0.000000 0.000000 0.000001 0.000001 0.000001 0.000002 0.000003 0.000005 0.000008 0.000012 0.000018 0.000026 0.000037 0.000053 0.000074 0.000102 0.000139 0.000187 0.000248 0.000323 0.000416 0.000527 0.000659 0.000813 0.000988 0.001183 0.001397 0.001625 0.001864 0.002108 0.002349 0.002581 0.002794 0.002982 0.003137 0.003252 0.003324 0.003348 0.003324 0.003252 0.003137 0.002982 0.002794 0.002581 0.002349 0.002108 0.001864 0.001625 0.001397 0.001183 0.000988 0.000813 0.000659 0.000527 0.000416 0.000323 0.000248 0.000187 0.000139 0.000102 0.000074 0.000053 0.000037 0.000026 0.000018 0.000012 0.000008 0.000005 0.000003 0.000002 0.000001 0.000001 0.000001 0.000000 0.000000 0.000000 0.000000 0.000000 0.000000 0.000000 0.000000 0.000000 0.000000 0.000000 0.000000 0.000000 0.000000 
0.000000 0.000000 0.000000 0.000000 0.000000 0.000000 0.000000 0.000000 0.000000 0.000000 0.000000 0.000000 0.000000 0.000000 0.000001 0.000001 0.000001 0.000002 0.000004 0.000006 0.000009 0.000014 0.000021 0.000031 0.000045 0.000064 0.000091 0.000128 0.000177 0.000241 0.000323 0.000428 0.000558 0.000718 0.000911 0.001138 0.001403 0.001704 0.002040 0.002408 0.002801 0.003213 0.003632 0.004047 0.004445 0.004812 0.005135 0.005401 0.005600 0.005723 0.005764 0.005723 0.005600 0.005401 0.005135 0.004812 0.004445 0.004047 0.003632 0.003213 0.002801 0.002408 0.002040 0.001704 0.001403 0.001138 0.000911 0.000718 0.000558 0.000428 0.000323 0.000241 0.000177 0.000128 0.000091 0.000064 0.000045 0.000031 0.000021 0.000014 0.000009 0.000006 0.000004 0.000002 0.000001 0.000001 0.000001 0.000000 0.000000 0.000000 0.000000 0.000000 0.000000 0.000000 0.000000 0.000000 0.000000 0.000000 0.000000 0.000000 
0.000000 0.000000 0.000000 0.000000 0.000000 0.000000 0.000000 0.000000 0.000000 0.000000 0.000000 0.000000 0.000000 0.000001 0.000001 0.000002 0.000003 0.000004 0.000006 0.000010 0.000015 0.000024 0.000035 0.000052 0.000076 0.000110 0.000156 0.000219 0.000302 0.000411 0.000552 0.000730 0.000952 0.001224 0.001551 0.001938 0.002388 0.002900 0.003471 0.004096 0.004764 0.005463 0.006175 0.006879 0.007555 0.008178 0.008727 0.009178 0.009515 0.009723 0.009794 0.009723 0.009515 0.009178 0.008727 0.008178 0.007555 0.006879 0.006175 0.005463 0.004764 0.004096 0.003471 0.002900 0.002388 0.001938 0.001551 0.001224 0.000952 0.000730 0.000552 0.000411 0.000302 0.000219 0.000156 0.000110 0.000076 0.000052 0.000035 0.000024 0.000015 0.000010 0.000006 0.000004 0.000003 0.000002 0.000001 0.000001 0.000000 0.000000 0.000000 0.000000 0.000000 0.000000 0.000000 0.000000 0.000000 0.000000 0.000000 0.000000 
0.000000 0.000000 0.000000 0.000000 0.000000 0.000000 0.000000 0.000000 0.000000 0.000000 0.000000 0.000000 0.000001 0.000001 0.000002 0.000003 0.000004 0.000007 0.000011 0.000017 0.000026 0.000040 0.000060 0.000088 0.000129 0.000186 0.000264 0.000369 0.000509 0.000693 0.000929 0.001228 0.001601 0.002058 0.002608 0.003257 0.004011 0.004870 0.005828 0.006876 0.007996 0.009167 0.010359 0.011540 0.012672 0.013716 0.014634 0.015390 0.015954 0.016302 0.016420 0.016302 0.015954 0.015390 0.014634 0.013716 0.012672 0.011540 0.010359 0.009167 0.007996 0.006876 0.005828 0.004870 0.004011 0.003257 0.002608 0.002058 0.001601 0.001228 0.000929 0.000693 0.000509 0.000369 0.000264 0.000186 0.000129 0.000088 0.000060 0.000040 0.000026 0.000017 0.000011 0.000007 0.000004 0.000003 0.000002 0.000001 0.000001 0.000000 0.000000 0.000000 0.000000 0.000000 0.000000 0.000000 0.000000 0.000000 0.000000 0.000000 
0.000000 0.000000 0.000000 0.000000 0.000000 0.000000 0.000000 0.000000 0.000000 0.000000 0.000000 0.000001 0.000001 0.000002 0.000003 0.000004 0.000007 0.000011 0.000018 0.000028 0.000044 0.000066 0.000100 0.000147 0.000215 0.000309 0.000439 0.000614 0.000846 0.001151 0.001543 0.002039 0.002658 0.003414 0.004325 0.005401 0.006649 0.008070 0.009656 0.011389 0.013242 0.015178 0.017149 0.019101 0.020971 0.022697 0.024214 0.025463 0.026395 0.026971 0.027165 0.026971 0.026395 0.025463 0.024214 0.022697 0.020971 0.019101 0.017149 0.015178 0.013242 0.011389 0.009656 0.008070 0.006649 0.005401 0.004325 0.003414 0.002658 0.002039 0.001543 0.001151 0.000846 0.000614 0.000439 0.000309 0.000215 0.000147 0.000100 0.000066 0.000044 0.000028 0.000018 0.000011 0.000007 0.000004 0.000003 0.000002 0.000001 0.000001 0.000000 0.000000 0.000000 0.000000 0.000000 0.000000 0.000000 0.000000 0.000000 0.000000 
0.000000 0.000000 0.000000 0.000000 0.000000 0.000000 0.000000 0.000000 0.000000 0.000000 0.000001 0.000001 0.000002 0.000003 0.000004 0.000007 0.000012 0.000019 0.000030 0.000047 0.000072 0.000109 0.000164 0.000242 0.000353 0.000508 0.000720 0.001007 0.001388 0.001886 0.002528 0.003340 0.004352 0.005589 0.007078 0.008836 0.010875 0.013195 0.015784 0.018613 0.021638 0.024796 0.028012 0.031195 0.034246 0.037059 0.039533 0.041570 0.043090 0.044028 0.044345 0.044028 0.043090 0.041570 0.039533 0.037059 0.034246 0.031195 0.028012 0.024796 0.021638 0.018613 0.015784 0.013195 0.010875 0.008836 0.007078 0.005589 0.004352 0.003340 0.002528 0.001886 0.001388 0.001007 0.000720 0.000508 0.000353 0.000242 0.000164 0.000109 0.000072 0.000047 0.000030 0.000019 0.000012 0.000007 0.000004 0.000003 0.000002 0.000001 0.000001 0.000000 0.000000 0.000000 0.000000 0.000000 0.000000 0.000000 0.000000 0.000000 
0.000000 0.000000 0.000000 0.000000 0.000000 0.000000 0.000000 0.000000 0.000000 0.000000 0.000001 0.000001 0.000003 0.000004 0.000007 0.000012 0.000019 0.000031 0.000049 0.000076 0.000117 0.000177 0.000266 0.000393 0.000573 0.000823 0.001166 0.001630 0.002246 0.003051 0.004087 0.005398 0.007030 0.009027 0.011427 0.014262 0.017548 0.021287 0.025457 0.030013 0.034884 0.039969 0.045146 0.050269 0.055177 0.059704 0.063684 0.066961 0.069406 0.070915 0.071425 0.070915 0.069406 0.066961 0.063684 0.059704 0.055177 0.050269 0.045146 0.039969 0.034884 0.030013 0.025457 0.021287 0.017548 0.014262 0.011427 0.009027 0.007030 0.005398 0.004087 0.003051 0.002246 0.001630 0.001166 0.000823 0.000573 0.000393 0.000266 0.000177 0.000117 0.000076 0.000049 0.000031 0.000019 0.000012 0.000007 0.000004 0.000003 0.000001 0.000001 0.000000 0.000000 0.000000 0.000000 0.000000 0.000000 0.000000 0.000000 0.000000 
0.000000 0.000000 0.000000 0.000000 0.000000 0.000000 0.000000 0.000000 0.000000 0.000001 0.000001 0.000002 0.000004 0.000007 0.000011 0.000019 0.000031 0.000049 0.000078 0.000122 0.000187 0.000284 0.000426 0.000629 0.000916 0.001315 0.001863 0.002602 0.003584 0.004868 0.006519 0.008607 0.011205 0.014383 0.018202 0.022710 0.027937 0.033881 0.040509 0.047749 0.055486 0.063564 0.071786 0.079921 0.087715 0.094902 0.101219 0.106422 0.110301 0.112697 0.113507 0.112697 0.110301 0.106422 0.101219 0.094902 0.087715 0.079921 0.071786 0.063564 0.055486 0.047749 0.040509 0.033881 0.027937 0.022710 0.018202 0.014383 0.011205 0.008607 0.006519 0.004868 0.003584 0.002602 0.001863 0.001315 0.000916 0.000629 0.000426 0.000284 0.000187 0.000122 0.000078 0.000049 0.000031 0.000019 0.000011 0.000007 0.000004 0.000002 0.000001 0.000001 0.000000 0.000000 0.000000 0.000000 0.000000 0.000000 0.000000 0.000000 
0.000000 0.000000 0.000000 0.000000 0.000000 0.000000 0.000000 0.000000 0.000001 0.000001 0.000002 0.000004 0.000006 0.000011 0.000018 0.000030 0.000049 0.000078 0.000123 0.000192 0.000296 0.000449 0.000672 0.000992 0.001444 0.002074 0.002936 0.004099 0.005644 0.007662 0.010257 0.013538 0.017619 0.022608 0.028603 0.035679 0.043878 0.053201 0.063595 0.074946 0.087074 0.099734 0.112617 0.125363 0.137572 0.148830 0.158724 0.166873 0.172949 0.176700 0.177968 0.176700 0.172949 0.166873 0.158724 0.148830 0.137572 0.125363 0.112617 0.099734 0.087074 0.074946 0.063595 0.053201 0.043878 0.035679 0.028603 0.022608 0.017619 0.013538 0.010257 0.007662 0.005644 0.004099 0.002936 0.002074 0.001444 0.000992 0.000672 0.000449 0.000296 0.000192 0.000123 0.000078 0.000049 0.000030 0.000018 0.000011 0.000006 0.000004 0.000002 0.000001 0.000001 0.000000 0.000000 0.000000 0.000000 0.000000 0.000000 0.000000 
0.000000 0.000000 0.000000 0.000000 0.000000 0.000000 0.000000 0.000001 0.000001 0.000002 0.000003 0.000006 0.000010 0.000017 0.000028 0.000047 0.000076 0.000122 0.000192 0.000300 0.000461 0.000699 0.001046 0.001544 0.002247 0.003225 0.004564 0.006370 0.008767 0.011897 0.015920 0.021006 0.027330 0.035059 0.044342 0.055297 0.067988 0.082415 0.098495 0.116052 0.134809 0.154383 0.174301 0.194002 0.212874 0.230271 0.245561 0.258152 0.267540 0.273336 0.275296 0.273336 0.267540 0.258152 0.245561 0.230271 0.212874 0.194002 0.174301 0.154383 0.134809 0.116052 0.098495 0.082415 0.067988 0.055297 0.044342 0.035059 0.027330 0.021006 0.015920 0.011897 0.008767 0.006370 0.004564 0.003225 0.002247 0.001544 0.001046 0.000699 0.000461 0.000300 0.000192 0.000122 0.000076 0.000047 0.000028 0.000017 0.000010 0.000006 0.000003 0.000002 0.000001 0.000001 0.000000 0.000000 0.000000 0.000000 0.000000 0.000000 
0.000000 0.000000 0.000000 0.000000 0.000000 0.000000 0.000000 0.000001 0.000002 0.000003 0.000005 0.000009 0.000015 0.000026 0.000044 0.000072 0.000117 0.000187 0.000296 0.000461 0.000709 0.001075 0.001607 0.002371 0.003448 0.004947 0.006998 0.009764 0.013432 0.018222 0.024376 0.032154 0.041820 0.053631 0.067814 0.084546 0.103924 0.125949 0.150492 0.177284 0.205901 0.235762 0.266140 0.296186 0.324962 0.351488 0.374798 0.393993 0.408304 0.417140 0.420127 0.417140 0.408304 0.393993 0.374798 0.351488 0.324962 0.296186 0.266140 0.235762 0.205901 0.177284 0.150492 0.125949 0.103924 0.084546 0.067814 0.053631 0.041820 0.032154 0.024376 0.018222 0.013432 0.009764 0.006998 0.004947 0.003448 0.002371 0.001607 0.001075 0.000709 0.000461 0.000296 0.000187 0.000117 0.000072 0.000044 0.000026 0.000015 0.000009 0.000005 0.000003 0.000002 0.000001 0.000000 0.000000 0.000000 0.000000 0.000000 0.000000 
0.000000 0.000000 0.000000 0.000000 0.000000 0.000000 0.000001 0.000001 0.000003 0.000004 0.000008 0.000014 0.000024 0.000040 0.000066 0.000109 0.000177 0.000284 0.000449 0.000699 0.001075 0.001629 0.002435 0.003590 0.005220 0.007485 0.010585 0.014762 0.020301 0.027532 0.036817 0.048549 0.063125 0.080931 0.102307 0.127517 0.156709 0.189878 0.226834 0.267168 0.310242 0.355180 0.400891 0.446096 0.489385 0.529287 0.564346 0.593216 0.614739 0.628026 0.632519 0.628026 0.614739 0.593216 0.564346 0.529287 0.489385 0.446096 0.400891 0.355180 0.310242 0.267168 0.226834 0.189878 0.156709 0.127517 0.102307 0.080931 0.063125 0.048549 0.036817 0.027532 0.020301 0.014762 0.010585 0.007485 0.005220 0.003590 0.002435 0.001629 0.001075 0.000699 0.000449 0.000284 0.000177 0.000109 0.000066 0.000040 0.000024 0.000014 0.000008 0.000004 0.000003 0.000001 0.000001 0.000000 0.000000 0.000000 0.000000 0.000000 
0.000000 0.000000 0.000000 0.000000 0.000000 0.000001 0.000001 0.000002 0.000004 0.000007 0.000012 0.000021 0.000035 0.000060 0.000100 0.000164 0.000266 0.000426 0.000672 0.001046 0.001607 0.002435 0.003638 0.005362 0.007793 0.011171 0.015791 0.022014 0.030265 0.041030 0.054852 0.072308 0.093991 0.120470 0.152251 0.189722 0.233102 0.282382 0.337276 0.397178 0.461137 0.527855 0.595709 0.662805 0.727050 0.786262 0.838285 0.881120 0.913053 0.932766 0.939432 0.932766 0.913053 0.881120 0.838285 0.786262 0.727050 0.662805 0.595709 0.527855 0.461137 0.397178 0.337276 0.282382 0.233102 0.189722 0.152251 0.120470 0.093991 0.072308 0.054852 0.041030 0.030265 0.022014 0.015791 0.011171 0.007793 0.005362 0.003638 0.002435 0.001607 0.001046 0.000672 0.000426 0.000266 0.000164 0.000100 0.000060 0.000035 0.000021 0.000012 0.000007 0.000004 0.000002 0.000001 0.000001 0.000000 0.000000 0.000000 0.000000 
0.000000 0.000000 0.000000 0.000000 0.000000 0.000001 0.000002 0.000003 0.000006 0.000010 0.000018 0.000031 0.000052 0.000088 0.000147 0.000242 0.000393 0.000629 0.000992 0.001544 0.002371 0.003590 0.005362 0.007898 0.011475 0.016443 0.023236 0.032382 0.044503 0.060314 0.080606 0.106228 0.138044 0.176888 0.223497 0.278438 0.342029 0.414254 0.494691 0.582450 0.676137 0.773851 0.873217 0.971459 1.065518 1.152200 1.228352 1.291051 1.337790 1.366644 1.376399 1.366644 1.337790 1.291051 1.228352 1.152200 1.065518 0.971459 0.873217 0.773851 0.676137 0.582450 0.494691 0.414254 0.342029 0.278438 0.223497 0.176888 0.138044 0.106228 0.080606 0.060314 0.044503 0.032382 0.023236 0.016443 0.011475 0.007898 0.005362 0.003590 0.002371 0.001544 0.000992 0.000629 0.000393 0.000242 0.000147 0.000088 0.000052 0.000031 0.000018 0.000010 0.000006 0.000003 0.000002 0.000001 0.000000 0.000000 0.000000 0.000000 
0.000000 0.000000 0.000000 0.000000 0.000001 0.000001 0.000002 0.000005 0.000008 0.000015 0.000026 0.000045 0.000076 0.000129 0.000215 0.000353 0.000573 0.000916 0.001444 0.002247 0.003448 0.005220 0.007793 0.011475 0.016666 0.023872 0.033723 0.046980 0.064545 0.087448 0.116836 0.153931 0.199982 0.256189 0.323616 0.403079 0.495032 0.599449 0.715716 0.842546 0.977921 1.119095 1.262636 1.404538 1.540384 1.665564 1.775530 1.866064 1.933550 1.975210 1.989295 1.975210 1.933550 1.866064 1.775530 1.665564 1.540384 1.404538 1.262636 1.119095 0.977921 0.842546 0.715716 0.599449 0.495032 0.403079 0.323616 0.256189 0.199982 0.153931 0.116836 0.087448 0.064545 0.046980 0.033723 0.023872 0.016666 0.011475 0.007793 0.005220 0.003448 0.002247 0.001444 0.000916 0.000573 0.000353 0.000215 0.000129 0.000076 0.000045 0.000026 0.000015 0.000008 0.000005 0.000002 0.000001 0.000001 0.000000 0.000000 0.000000 
0.000000 0.000000 0.000000 0.000001 0.000001 0.000002 0.000004 0.000007 0.000012 0.000021 0.000037 0.000064 0.000110 0.000186 0.000309 0.000508 0.000823 0.001315 0.002074 0.003225 0.004947 0.007485 0.011171 0.016443 0.023872 0.034182 0.048270 0.067225 0.092329 0.125055 0.167033 0.220006 0.285751 0.365977 0.462193 0.575558 0.706716 0.855623 1.021400 1.202206 1.395165 1.596362 1.800907 2.003093 2.196631 2.374959 2.531603 2.660559 2.756682 2.816017 2.836079 2.816017 2.756682 2.660559 2.531603 2.374959 2.196631 2.003093 1.800907 1.596362 1.395165 1.202206 1.021400 0.855623 0.706716 0.575558 0.462193 0.365977 0.285751 0.220006 0.167033 0.125055 0.092329 0.067225 0.048270 0.034182 0.023872 0.016443 0.011171 0.007485 0.004947 0.003225 0.002074 0.001315 0.000823 0.000508 0.000309 0.000186 0.000110 0.000064 0.000037 0.000021 0.000012 0.000007 0.000004 0.000002 0.000001 0.000001 0.000000 0.000000 
0.000000 0.000000 0.000000 0.000001 0.000001 0.000003 0.000005 0.000009 0.000017 0.000030 0.000053 0.000091 0.000156 0.000264 0.000439 0.000720 0.001166 0.001863 0.002936 0.004564 0.006998 0.010585 0.015791 0.023236 0.033723 0.048270 0.068142 0.094871 0.130261 0.176382 0.235525 0.310138 0.402718 0.515662 0.651088 0.810618 0.995147 1.204611 1.437763 1.692012 1.963311 2.246155 2.533670 2.817839 3.089829 3.340423 3.560529 3.741722 3.876776 3.960141 3.988327 3.960141 3.876776 3.741722 3.560529 3.340423 3.089829 2.817839 2.533670 2.246155 1.963311 1.692012 1.437763 1.204611 0.995147 0.810618 0.651088 0.515662 0.402718 0.310138 0.235525 0.176382 0.130261 0.094871 0.068142 0.048270 0.033723 0.023236 0.015791 0.010585 0.006998 0.004564 0.002936 0.001863 0.001166 0.000720 0.000439 0.000264 0.000156 0.000091 0.000053 0.000030 0.000017 0.000009 0.000005 0.000003 0.000001 0.000001 0.000000 0.000000 
0.000000 0.000000 0.000001 0.000001 0.000002 0.000004 0.000007 0.000013 0.000024 0.000042 0.000074 0.000128 0.000219 0.000369 0.000614 0.001007 0.001630 0.002602 0.004099 0.006370 0.009764 0.014762 0.022014 0.032382 0.046980 0.067225 0.094871 0.132045 0.181250 0.245356 0.327541 0.431198 0.559783 0.716616 0.904626 1.126054 1.382132 1.672760 1.996203 2.348857 2.725108 3.117318 3.515960 3.909923 4.286966 4.634323 4.939401 5.190530 5.377703 5.493238 5.532299 5.493238 5.377703 5.190530 4.939401 4.634323 4.286966 3.909923 3.515960 3.117318 2.725108 2.348857 1.996203 1.672760 1.382132 1.126054 0.904626 0.716616 0.559783 0.431198 0.327541 0.245356 0.181250 0.132045 0.094871 0.067225 0.046980 0.032382 0.022014 0.014762 0.009764 0.006370 0.004099 0.002602 0.001630 0.001007 0.000614 0.000369 0.000219 0.000128 0.000074 0.000042 0.000024 0.000013 0.000007 0.000004 0.000002 0.000001 0.000000 0.000000 
0.000000 0.000000 0.000001 0.000001 0.000003 0.000005 0.000010 0.000018 0.000033 0.000058 0.000102 0.000177 0.000302 0.000509 0.000846 0.001388 0.002246 0.003584 0.005644 0.008767 0.013432 0.020301 0.030265 0.044503 0.064545 0.092329 0.130261 0.181250 0.248723 0.336605 0.449243 0.591273 0.767419 0.982214 1.239654 1.542795 1.893308 2.291042 2.733615 3.216086 3.730772 4.267222 4.812410 5.351144 5.866697 6.341624 6.758718 7.102038 7.357914 7.515852 7.569250 7.515852 7.357914 7.102038 6.758718 6.341624 5.866697 5.351144 4.812410 4.267222 3.730772 3.216086 2.733615 2.291042 1.893308 1.542795 1.239654 0.982214 0.767419 0.591273 0.449243 0.336605 0.248723 0.181250 0.130261 0.092329 0.064545 0.044503 0.030265 0.020301 0.013432 0.008767 0.005644 0.003584 0.002246 0.001388 0.000846 0.000509 0.000302 0.000177 0.000102 0.000058 0.000033 0.000018 0.000010 0.000005 0.000003 0.000001 0.000001 0.000000 
0.000000 0.000000 0.000001 0.000002 0.000004 0.000007 0.000014 0.000025 0.000045 0.000079 0.000139 0.000241 0.000411 0.000693 0.001151 0.001886 0.003051 0.004868 0.007662 0.011897 0.018222 0.027532 0.041030 0.060314 0.087448 0.125055 0.176382 0.245356 0.336605 0.455424 0.607676 0.799613 1.037600 1.327744 1.675424 2.084745 2.557951 3.094818 3.692116 4.343171 5.037606 5.761321 6.496747 7.223399 7.918726 8.559215 9.121678 9.584632 9.929659 10.142620 10.214620 10.142620 9.929659 9.584632 9.121678 8.559215 7.918726 7.223399 6.496747 5.761321 5.037606 4.343171 3.692116 3.094818 2.557951 2.084745 1.675424 1.327744 1.037600 0.799613 0.607676 0.455424 0.336605 0.245356 0.176382 0.125055 0.087448 0.060314 0.041030 0.027532 0.018222 0.011897 0.007662 0.004868 0.003051 0.001886 0.001151 0.000693 0.000411 0.000241 0.000139 0.000079 0.000045 0.000025 0.000014 0.000007 0.000004 0.000002 0.000001 0.000000 
0.000000 0.000001 0.000001 0.000003 0.000005 0.000010 0.000018 0.000033 0.000060 0.000107 0.000187 0.000323 0.000552 0.000929 0.001543 0.002528 0.004087 0.006519 0.010257 0.015920 0.024376 0.036817 0.054852 0.080606 0.116836 0.167033 0.235525 0.327541 0.449243 0.607676 0.810641 1.066452 1.383573 1.770114 2.233219 2.778332 3.408416 4.123156 4.918232 5.784749 6.708888 7.671884 8.650363 9.617082 10.542056 11.394021 12.142156 12.757906 13.216792 13.500024 13.595780 13.500024 13.216792 12.757906 12.142156 11.394021 10.542056 9.617082 8.650363 7.671884 6.708888 5.784749 4.918232 4.123156 3.408416 2.778332 2.233219 1.770114 1.383573 1.066452 0.810641 0.607676 0.449243 0.327541 0.235525 0.167033 0.116836 0.080606 0.054852 0.036817 0.024376 0.015920 0.010257 0.006519 0.004087 0.002528 0.001543 0.000929 0.000552 0.000323 0.000187 0.000107 0.000060 0.000033 0.000018 0.000010 0.000005 0.000003 0.000001 0.000000 
0.000000 0.000001 0.000002 0.000004 0.000007 0.000013 0.000024 0.000044 0.000080 0.000141 0.000248 0.000428 0.000730 0.001228 0.002039 0.003340 0.005398 0.008607 0.013538 0.021006 0.032154 0.048549 0.072308 0.106228 0.153931 0.220006 0.310138 0.431198 0.591273 0.799613 1.066452 1.402699 1.819446 2.327328 2.935696 3.651676 4.479127 5.417612 6.461437 7.598908 8.811876 10.075711 11.359743 12.628234 13.841856 14.959616 15.941099 16.748871 17.350842 17.722381 17.847990 17.722381 17.350842 16.748871 15.941099 14.959616 13.841856 12.628234 11.359743 10.075711 8.811876 7.598908 6.461437 5.417612 4.479127 3.651676 2.935696 2.327328 1.819446 1.402699 1.066452 0.799613 0.591273 0.431198 0.310138 0.220006 0.153931 0.106228 0.072308 0.048549 0.032154 0.021006 0.013538 0.008607 0.005398 0.003340 0.002039 0.001228 0.000730 0.000428 0.000248 0.000141 0.000080 0.000044 0.000024 0.000013 0.000007 0.000003 0.000001 0.000000 
0.000000 0.000001 0.000002 0.000005 0.000009 0.000017 0.000032 0.000058 0.000104 0.000185 0.000323 0.000558 0.000952 0.001601 0.002658 0.004352 0.007030 0.011205 0.017619 0.027330 0.041820 0.063125 0.093991 0.138044 0.199982 0.285751 0.402718 0.559783 0.767419 1.037600 1.383573 1.819446 2.359570 3.017688 3.805882 4.733345 5.805044 7.020378 8.371951 9.844598 11.414815 13.050714 14.712604 16.354245 17.924766 19.371146 20.641119 21.686279 22.465134 22.945836 23.108349 22.945836 22.465134 21.686279 20.641119 19.371146 17.924766 16.354245 14.712604 13.050714 11.414815 9.844598 8.371951 7.020378 5.805044 4.733345 3.805882 3.017688 2.359570 1.819446 1.383573 1.037600 0.767419 0.559783 0.402718 0.285751 0.199982 0.138044 0.093991 0.063125 0.041820 0.027330 0.017619 0.011205 0.007030 0.004352 0.002658 0.001601 0.000952 0.000558 0.000323 0.000185 0.000104 0.000058 0.000032 0.000017 0.000009 0.000005 0.000002 0.000000 
0.000000 0.000001 0.000003 0.000006 0.000012 0.000022 0.000041 0.000075 0.000134 0.000238 0.000416 0.000718 0.001224 0.002058 0.003414 0.005589 0.009027 0.014383 0.022608 0.035059 0.053631 0.080931 0.120470 0.176888 0.256189 0.365977 0.515662 0.716616 0.982214 1.327744 1.770114 2.327328 3.017688 3.858717 4.865811 6.050670 7.419599 8.971790 10.697767 12.578140 14.582886 16.671289 18.792688 20.888079 22.892558 24.738486 26.359199 27.692960 28.686851 29.300259 29.507636 29.300259 28.686851 27.692960 26.359199 24.738486 22.892558 20.888079 18.792688 16.671289 14.582886 12.578140 10.697767 8.971790 7.419599 6.050670 4.865811 3.858717 3.017688 2.327328 1.770114 1.327744 0.982214 0.716616 0.515662 0.365977 0.256189 0.176888 0.120470 0.080931 0.053631 0.035059 0.022608 0.014383 0.009027 0.005589 0.003414 0.002058 0.001224 0.000718 0.000416 0.000238 0.000134 0.000075 0.000041 0.000022 0.000012 0.000006 0.000002 0.000000 
0.000000 0.000002 0.000004 0.000008 0.000015 0.000028 0.000052 0.000095 0.000170 0.000301 0.000527 0.000911 0.001551 0.002608 0.004325 0.007078 0.011427 0.018202 0.028603 0.044342 0.067814 0.102307 0.152251 0.223497 0.323616 0.462193 0.651088 0.904626 1.239654 1.675424 2.233219 2.935696 3.805882 4.865811 6.134832 7.627638 9.352118 11.307213 13.480946 15.848873 18.373168 21.002563 23.673284 26.311071 28.834251 31.157728 33.197632 34.876303 36.127181 36.899182 37.160172 36.899182 36.127181 34.876303 33.197632 31.157728 28.834251 26.311071 23.673284 21.002563 18.373168 15.848873 13.480946 11.307213 9.352118 7.627638 6.134832 4.865811 3.805882 2.935696 2.233219 1.675424 1.239654 0.904626 0.651088 0.462193 0.323616 0.223497 0.152251 0.102307 0.067814 0.044342 0.028603 0.018202 0.011427 0.007078 0.004325 0.002608 0.001551 0.000911 0.000527 0.000301 0.000170 0.000095 0.000052 0.000028 0.000015 0.000007 0.000003 0.000000 
0.000000 0.000002 0.000005 0.000010 0.000019 0.000035 0.000065 0.000118 0.000213 0.000377 0.000659 0.001138 0.001938 0.003257 0.005401 0.008836 0.014262 0.022710 0.035679 0.055297 0.084546 0.127517 0.189722 0.278438 0.403079 0.575558 0.810618 1.126054 1.542795 2.084745 2.778332 3.651676 4.733345 6.050670 7.627638 9.482442 11.624827 14.053424 16.753313 19.694099 22.828790 26.093717 29.409704 32.684576 35.816975 38.701303 41.233502 43.317219 44.869881 45.828117 46.152064 45.828117 44.869881 43.317219 41.233502 38.701303 35.816975 32.684576 29.409704 26.093717 22.828790 19.694099 16.753313 14.053424 11.624827 9.482442 7.627638 6.050670 4.733345 3.651676 2.778332 2.084745 1.542795 1.126054 0.810618 0.575558 0.403079 0.278438 0.189722 0.127517 0.084546 0.055297 0.035679 0.022710 0.014262 0.008836 0.005401 0.003257 0.001938 0.001138 0.000659 0.000377 0.000213 0.000118 0.000065 0.000035 0.000019 0.000009 0.000004 0.000000 
0.000000 0.000002 0.000006 0.000012 0.000023 0.000044 0.000080 0.000146 0.000262 0.000465 0.000813 0.001403 0.002388 0.004011 0.006649 0.010875 0.017548 0.027937 0.043878 0.067988 0.103924 0.156709 0.233102 0.342029 0.495032 0.706716 0.995147 1.382132 1.893308 2.557951 3.408416 4.479127 5.805044 7.419599 9.352118 11.624827 14.249600 17.224696 20.531790 24.133615 27.972595 31.970752 36.031145 40.040937 43.876069 47.407309 50.507317 53.058197 54.958914 56.131938 56.528494 56.131938 54.958914 53.058197 50.507317 47.407309 43.876069 40.040937 36.031145 31.970752 27.972595 24.133615 20.531790 17.224696 14.249600 11.624827 9.352118 7.419599 5.805044 4.479127 3.408416 2.557951 1.893308 1.382132 0.995147 0.706716 0.495032 0.342029 0.233102 0.156709 0.103924 0.067988 0.043878 0.027937 0.017548 0.010875 0.006649 0.004011 0.002388 0.001403 0.000813 0.000465 0.000262 0.000146 0.000080 0.000043 0.000023 0.000011 0.000005 0.000000 
0.000000 0.000003 0.000007 0.000015 0.000028 0.000053 0.000098 0.000178 0.000319 0.000565 0.000988 0.001704 0.002900 0.004870 0.008070 0.013195 0.021287 0.033881 0.053201 0.082415 0.125949 0.189878 0.282382 0.414254 0.599449 0.855623 1.204611 1.672760 2.291042 3.094818 4.123156 5.417612 7.020378 8.971790 11.307213 14.053424 17.224696 20.818860 24.813718 29.164215 33.800783 38.629239 43.532528 48.374425 53.005174 57.268797 61.011612 64.091341 66.386065 67.802227 68.280976 67.802227 66.386065 64.091341 61.011612 57.268797 53.005174 48.374425 43.532528 38.629239 33.800783 29.164215 24.813718 20.818860 17.224696 14.053424 11.307213 8.971790 7.020378 5.417612 4.123156 3.094818 2.291042 1.672760 1.204611 0.855623 0.599449 0.414254 0.282382 0.189878 0.125949 0.082415 0.053201 0.033881 0.021287 0.013195 0.008070 0.004870 0.002900 0.001704 0.000988 0.000565 0.000319 0.000178 0.000098 0.000053 0.000028 0.000014 0.000006 0.000000 
0.000000 0.000004 0.000009 0.000018 0.000034 0.000064 0.000117 0.000213 0.000382 0.000677 0.001183 0.002040 0.003471 0.005828 0.009656 0.015784 0.025457 0.040509 0.063595 0.098495 0.150492 0.226834 0.337276 0.494691 0.715716 1.021400 1.437763 1.996203 2.733615 3.692116 4.918232 6.461437 8.371951 10.697767 13.480946 16.753313 20.531790 24.813718 29.572591 34.754691 40.277127 46.027718 51.867071 57.632994 63.147209 68.224046 72.680586 76.347494 79.079672 80.765780 81.335783 80.765780 79.079672 76.347494 72.680586 68.224046 63.147209 57.632994 51.867071 46.027718 40.277127 34.754691 29.572591 24.813718 20.531790 16.753313 13.480946 10.697767 8.371951 6.461437 4.918232 3.692116 2.733615 1.996203 1.437763 1.021400 0.715716 0.494691 0.337276 0.226834 0.150492 0.098495 0.063595 0.040509 0.025457 0.015784 0.009656 0.005828 0.003471 0.002040 0.001183 0.000677 0.000382 0.000213 0.000117 0.000063 0.000033 0.000017 0.000007 0.000000 
0.000000 0.000004 0.000010 0.000021 0.000040 0.000075 0.000138 0.000252 0.000452 0.000799 0.001397 0.002408 0.004096 0.006876 0.011389 0.018613 0.030013 0.047749 0.074946 0.116052 0.177284 0.267168 0.397178 0.582450 0.842546 1.202206 1.692012 2.348857 3.216086 4.343171 5.784749 7.598908 9.844598 12.578140 15.848873 19.694099 24.133615 29.164215 34.754691 40.841890 47.328415 54.082499 60.940443 67.711804 74.187277 80.148901 85.381957 89.687685 92.895779 94.875565 95.544844 94.875565 92.895779 89.687685 85.381957 80.148901 74.187277 67.711804 60.940443 54.082499 47.328415 40.841890 34.754691 29.164215 24.133615 19.694099 15.848873 12.578140 9.844598 7.598908 5.784749 4.343171 3.216086 2.348857 1.692012 1.202206 0.842546 0.582450 0.397178 0.267168 0.177284 0.116052 0.074946 0.047749 0.030013 0.018613 0.011389 0.006876 0.004096 0.002408 0.001397 0.000799 0.000451 0.000252 0.000138 0.000075 0.000040 0.000020 0.000008 0.000000 
0.000000 0.000005 0.000012 0.000024 0.000047 0.000088 0.000161 0.000293 0.000526 0.000930 0.001625 0.002801 0.004764 0.007996 0.013242 0.021638 0.034884 0.055486 0.087074 0.134809 0.205901 0.310242 0.461137 0.676137 0.977921 1.395165 1.963311 2.725108 3.730772 5.037606 6.708888 8.811876 11.414815 14.582886 18.373168 22.828790 27.972595 33.800783 40.277127 47.328415 54.841796 62.664641 70.607366 78.449449 85.948554 92.852340 98.912241 103.898178 107.613014 109.905496 110.680479 109.905496 107.613014 103.898178 98.912241 92.852340 85.948554 78.449449 70.607366 62.664641 54.841796 47.328415 40.277127 33.800783 27.972595 22.828790 18.373168 14.582886 11.414815 8.811876 6.708888 5.037606 3.730772 2.725108 1.963311 1.395165 0.977921 0.676137 0.461137 0.310242 0.205901 0.134809 0.087074 0.055486 0.034884 0.021638 0.013242 0.007996 0.004764 0.002801 0.001625 0.000930 0.000526 0.000293 0.000161 0.000087 0.000046 0.000023 0.000010 0.000000 
0.000000 0.000006 0.000014 0.000028 0.000054 0.000100 0.000185 0.000336 0.000603 0.001068 0.001864 0.003213 0.005463 0.009167 0.015178 0.024796 0.039969 0.063564 0.099734 0.154383 0.235762 0.355180 0.527855 0.773851 1.119095 1.596362 2.246155 3.117318 4.267222 5.761321 7.671884 10.075711 13.050714 16.671289 21.002563 26.093717 31.970752 38.629239 46.027718 54.082499 62.664641 71.599798 80.671453 89.627787 98.192096 106.076276 112.996551 118.690262 122.932369 125.550209 126.435176 125.550209 122.932369 118.690262 112.996551 106.076276 98.192096 89.627787 80.671453 71.599798 62.664641 54.082499 46.027718 38.629239 31.970752 26.093717 21.002563 16.671289 13.050714 10.075711 7.671884 5.761321 4.267222 3.117318 2.246155 1.596362 1.119095 0.773851 0.527855 0.355180 0.235762 0.154383 0.099734 0.063564 0.039969 0.024796 0.015178 0.009167 0.005463 0.003213 0.001864 0.001067 0.000603 0.000336 0.000185 0.000100 0.000053 0.000027 0.000011 0.000000 
0.000000 0.000006 0.000016 0.000032 0.000061 0.000114 0.000209 0.000381 0.000682 0.001207 0.002108 0.003632 0.006175 0.010359 0.017149 0.028012 0.045146 0.071786 0.112617 0.174301 0.266140 0.400891 0.595709 0.873217 1.262636 1.800907 2.533670 3.515960 4.812410 6.496747 8.650363 11.359743 14.712604 18.792688 23.673284 29.409704 36.031145 43.532528 51.867071 60.940443 70.607366 80.671453 90.888854 100.975990 110.621287 119.500360 127.293711 133.705632 138.482775 141.430763 142.427332 141.430763 138.482775 133.705632 127.293711 119.500360 110.621287 100.975990 90.888854 80.671453 70.607366 60.940443 51.867071 43.532528 36.031145 29.409704 23.673284 18.792688 14.712604 11.359743 8.650363 6.496747 4.812410 3.515960 2.533670 1.800907 1.262636 0.873217 0.595709 0.400891 0.266140 0.174301 0.112617 0.071786 0.045146 0.028012 0.017149 0.010359 0.006175 0.003632 0.002108 0.001207 0.000682 0.000380 0.000209 0.000113 0.000060 0.000030 0.000012 0.000000 
