0.000000 0.000000 0.000000 0.000000 0.000000 0.000000 0.000000 0.000000 0.000000 0.000000 0.000000 0.000000 0.000000 0.000000 0.000000 0.000000 0.000000 0.000000 0.000000 0.000000 0.000000 0.000000 0.000000 0.000000 0.000000 0.000000 0.000000 0.000000 0.000000 0.000000 0.000000 0.000000 0.000000 0.000000 0.000000 0.000000 0.000000 0.000000 0.000000 0.000000 0.000000 0.000000 0.000000 0.000000 0.000000 0.000000 0.000000 0.000000 0.000000 0.000000 0.000000 0.000000 0.000000 0.000000 0.000000 0.000000 0.000000 0.000000 0.000000 0.000000 0.000000 0.000000 0.000000 0.000000 0.000000 0.000000 0.000000 0.000000 0.000000 0.000000 0.000000 0.000000 0.000000 0.000000 0.000000 0.000000 0.000000 0.000000 0.000000 0.000000 0.000000 0.000000 0.000000 0.000000 0.000000 0.000000 0.000000 0.000000 0.000000 0.000000 0.000000 0.000000 0.000000 0.000000 0.000000 0.000000 0.000000 0.000000 0.000000 0.000000 
0.000000 0.000000 0.000000 0.000000 0.000000 0.000000 0.000000 0.000000 0.000000 0.000000 0.000000 0.000000 0.000000 0.000000 0.000000 0.000000 0.000000 0.000001 0.000001 0.000001 0.000002 0.000002 0.000003 0.000005 0.000006 0.000008 0.000011 0.000014 0.000018 0.000023 0.000028 0.000035 0.000043 0.000053 0.000063 0.000075 0.000089 0.000103 0.000118 0.000135 0.000151 0.000168 0.000185 0.000201 0.000217 0.000230 0.000242 0.000252 0.000259 0.000264 0.000265 0.000264 0.000259 0.000252 0.000242 0.000230 0.000217 0.000201 0.000185 0.000168 0.000151 0.000135 0.000118 0.000103 0.000089 0.000075 0.000063 0.000053 0.000043 0.000035 0.000028 0.000023 0.000018 0.000014 0.000011 0.000008 0.000006 0.000005 0.000003 0.000002 0.000002 0.000001 0.000001 0.000001 0.000000 0.000000 0.000000 0.000000 0.000000 0.000000 0.000000 0.000000 0.000000 0.000000 0.000000 0.000000 0.000000 0.000000 0.000000 0.000000 
0.000000 0.000000 0.000000 0.000000 0.000000 0.000000 0.000000 0.000000 0.000000 0.000000 0.000000 0.000000 0.000000 0.000000 0.000000 0.000001 0.000001 0.000001 0.000002 0.000003 0.000004 0.000005 0.000008 0.000010 0.000014 0.000018 0.000024 0.000031 0.000040 0.000051 0.000064 0.000080 0.000098 0.000119 0.000143 0.000170 0.000200 0.000233 0.000267 0.000304 0.000342 0.000380 0.000418 0.000455 0.000489 0.000520 0.000547 0.000569 0.000585 0.000595 0.000598 0.000595 0.000585 0.000569 0.000547 0.000520 0.000489 0.000455 0.000418 0.000380 0.000342 0.000304 0.000267 0.000233 0.000200 0.000170 0.000143 0.000119 0.000098 0.000080 0.000064 0.000051 0.000040 0.000031 0.000024 0.000018 0.000014 0.000010 0.000008 0.000005 0.000004 0.000003 0.000002 0.000001 0.000001 0.000001 0.000000 0.000000 0.000000 0.000000 0.000000 0.000000 0.000000 0.000000 0.000000 0.000000 0.000000 0.000000 0.000000 0.000000 
0.000000 0.000000 0.000000 0.000000 0.000000 0.000000 0.000000 0.000000 0.000000 0.000000 0.000000 0.000000 0.000000 0.000001 0.000001 0.000001 0.000002 0.000003 0.000004 0.000005 0.000007 0.000010 0.000014 0.000019 0.000025 0.000033 0.000044 0.000057 0.000073 0.000092 0.000116 0.000144 0.000177 0.000216 0.000259 0.000308 0.000362 0.000421 0.000484 0.000551 0.000619 0.000689 0.000757 0.000824 0.000886 0.000942 0.000990 0.001030 0.001059 0.001077 0.001083 0.001077 0.001059 0.001030 0.000990 0.000942 0.000886 0.000824 0.000757 0.000689 0.000619 0.000551 0.000484 0.000421 0.000362 0.000308 0.000259 0.000216 0.000177 0.000144 0.000116 0.000092 0.000073 0.000057 0.000044 0.000033 0.000025 0.000019 0.000014 0.000010 0.000007 0.000005 0.000004 0.000003 0.000002 0.000001 0.000001 0.000001 0.000000 0.000000 0.000000 0.000000 0.000000 0.000000 0.000000 0.000000 0.000000 0.000000 0.000000 0.000000 
0.000000 0.000000 0.000000 0.000000 0.000000 0.000000 0.000000 0.000000 0.000000 0.000000 0.000000 0.000000 0.000001 0.000001 0.000001 0.000002 0.000003 0.000004 0.000006 0.000009 0.000012 0.000017 0.000023 0.000032 0.000042 0.000056 0.000074 0.000096 0.000123 0.000157 0.000197 0.000245 0.000301 0.000365 0.000439 0.000522 0.000614 0.000713 0.000820 0.000933 0.001049 0.001166 0.001282 0.001394 0.001499 0.001594 0.001676 0.001743 0.001792 0.001823 0.001833 0.001823 0.001792 0.001743 0.001676 0.001594 0.001499 0.001394 0.001282 0.001166 0.001049 0.000933 0.000820 0.000713 0.000614 0.000522 0.000439 0.000365 0.000301 0.000245 0.000197 0.000157 0.000123 0.000096 0.000074 0.000056 0.000042 0.000032 0.000023 0.000017 0.000012 0.000009 0.000006 0.000004 0.000003 0.000002 0.000001 0.000001 0.000001 0.000000 0.000000 0.000000 0.000000 0.000000 0.000000 0.000000 0.000000 0.000000 0.000000 0.000000 
0.000000 0.000000 0.000000 0.000000 0.000000 0.000000 0.000000 0.000000 0.000000 0.000000 0.000000 0.000001 0.000001 0.000002 0.000002 0.000003 0.000005 0.000007 0.000010 0.000014 0.000020 0.000028 0.000038 0.000052 0.000070 0.000093 0.000122 0.000158 0.000203 0.000258 0.000324 0.000403 0.000495 0.000602 0.000723 0.000860 0.001010 0.001174 0.001350 0.001535 0.001726 0.001918 0.002109 0.002294 0.002466 0.002622 0.002757 0.002867 0.002948 0.002998 0.003015 0.002998 0.002948 0.002867 0.002757 0.002622 0.002466 0.002294 0.002109 0.001918 0.001726 0.001535 0.001350 0.001174 0.001010 0.000860 0.000723 0.000602 0.000495 0.000403 0.000324 0.000258 0.000203 0.000158 0.000122 0.000093 0.000070 0.000052 0.000038 0.000028 0.000020 0.000014 0.000010 0.000007 0.000005 0.000003 0.000002 0.000002 0.000001 0.000001 0.000000 0.000000 0.000000 0.000000 0.000000 0.000000 0.000000 0.000000 0.000000 0.000000 
0.000000 0.000000 0.000000 0.000000 0.000000 0.000000 0.000000 0.000000 0.000000 0.000000 0.000001 0.000001 0.000002 0.000002 0.000004 0.000005 0.000008 0.000012 0.000017 0.000023 0.000033 0.000046 0.000062 0.000085 0.000114 0.000151 0.000198 0.000257 0.000330 0.000419 0.000526 0.000653 0.000803 0.000975 0.001172 0.001392 0.001636 0.001902 0.002186 0.002485 0.002793 0.003105 0.003414 0.003712 0.003991 0.004243 0.004462 0.004639 0.004770 0.004851 0.004878 0.004851 0.004770 0.004639 0.004462 0.004243 0.003991 0.003712 0.003414 0.003105 0.002793 0.002485 0.002186 0.001902 0.001636 0.001392 0.001172 0.000975 0.000803 0.000653 0.000526 0.000419 0.000330 0.000257 0.000198 0.000151 0.000114 0.000085 0.000062 0.000046 0.000033 0.000023 0.000017 0.000012 0.000008 0.000005 0.000004 0.000002 0.000002 0.000001 0.000001 0.000000 0.000000 0.000000 0.000000 0.000000 0.000000 0.000000 0.000000 0.000000 
0.000000 0.000000 0.000000 0.000000 0.000000 0.000000 0.000000 0.000000 0.000000 0.000001 0.000001 0.000002 0.000003 0.000004 0.000006 0.000009 0.000013 0.000019 0.000027 0.000038 0.000053 0.000073 0.000100 0.000136 0.000182 0.000242 0.000317 0.000412 0.000528 0.000671 0.000842 0.001046 0.001285 0.001561 0.001875 0.002228 0.002618 0.003042 0.003496 0.003973 0.004466 0.004964 0.005457 0.005932 0.006378 0.006781 0.007130 0.007413 0.007623 0.007751 0.007794 0.007751 0.007623 0.007413 0.007130 0.006781 0.006378 0.005932 0.005457 0.004964 0.004466 0.003973 0.003496 0.003042 0.002618 0.002228 0.001875 0.001561 0.001285 0.001046 0.000842 0.000671 0.000528 0.000412 0.000317 0.000242 0.000182 0.000136 0.000100 0.000073 0.000053 0.000038 0.000027 0.000019 0.000013 0.000009 0.000006 0.000004 0.000003 0.000002 0.000001 0.000001 0.000000 0.000000 0.000000 0.000000 0.000000 0.000000 0.000000 0.000000 
0.000000 0.000000 0.000000 0.000000 0.000000 0.000000 0.000000 0.000000 0.000001 0.000001 0.000002 0.000003 0.000004 0.000006 0.000009 0.000014 0.000020 0.000029 0.000042 0.000060 0.000084 0.000116 0.000159 0.000215 0.000289 0.000383 0.000503 0.000652 0.000837 0.001062 0.001334 0.001656 0.002034 0.002470 0.002967 0.003524 0.004140 0.004811 0.005528 0.006282 0.007060 0.007847 0.008626 0.009376 0.010080 0.010716 0.011266 0.011714 0.012045 0.012247 0.012316 0.012247 0.012045 0.011714 0.011266 0.010716 0.010080 0.009376 0.008626 0.007847 0.007060 0.006282 0.005528 0.004811 0.004140 0.003524 0.002967 0.002470 0.002034 0.001656 0.001334 0.001062 0.000837 0.000652 0.000503 0.000383 0.000289 0.000215 0.000159 0.000116 0.000084 0.000060 0.000042 0.000029 0.000020 0.000014 0.000009 0.000006 0.000004 0.000003 0.000002 0.000001 0.000001 0.000000 0.000000 0.000000 0.000000 0.000000 0.000000 0.000000 
0.000000 0.000000 0.000000 0.000000 0.000000 0.000000 0.000000 0.000001 0.000001 0.000002 0.000003 0.000004 0.000007 0.000010 0.000015 0.000022 0.000032 0.000046 0.000066 0.000094 0.000131 0.000182 0.000249 0.000338 0.000453 0.000601 0.000788 0.001022 0.001312 0.001665 0.002089 0.002594 0.003184 0.003867 0.004644 0.005516 0.006479 0.007527 0.008648 0.009827 0.011043 0.012272 0.013488 0.014661 0.015760 0.016754 0.017614 0.018313 0.018829 0.019146 0.019253 0.019146 0.018829 0.018313 0.017614 0.016754 0.015760 0.014661 0.013488 0.012272 0.011043 0.009827 0.008648 0.007527 0.006479 0.005516 0.004644 0.003867 0.003184 0.002594 0.002089 0.001665 0.001312 0.001022 0.000788 0.000601 0.000453 0.000338 0.000249 0.000182 0.000131 0.000094 0.000066 0.000046 0.000032 0.000022 0.000015 0.000010 0.000007 0.000004 0.000003 0.000002 0.000001 0.000001 0.000000 0.000000 0.000000 0.000000 0.000000 0.000000 
0.000000 0.000000 0.000000 0.000000 0.000000 0.000000 0.000001 0.000001 0.000002 0.000003 0.000004 0.000007 0.000010 0.000015 0.000023 0.000034 0.000050 0.000072 0.000103 0.000146 0.000204 0.000283 0.000387 0.000525 0.000703 0.000933 0.001223 0.001586 0.002034 0.002581 0.003238 0.004019 0.004934 0.005990 0.007192 0.008541 0.010032 0.011653 0.013387 0.015209 0.017090 0.018991 0.020871 0.022684 0.024382 0.025918 0.027247 0.028327 0.029125 0.029615 0.029780 0.029615 0.029125 0.028327 0.027247 0.025918 0.024382 0.022684 0.020871 0.018991 0.017090 0.015209 0.013387 0.011653 0.010032 0.008541 0.007192 0.005990 0.004934 0.004019 0.003238 0.002581 0.002034 0.001586 0.001223 0.000933 0.000703 0.000525 0.000387 0.000283 0.000204 0.000146 0.000103 0.000072 0.000050 0.000034 0.000023 0.000015 0.000010 0.000007 0.000004 0.000003 0.000002 0.000001 0.000001 0.000000 0.000000 0.000000 0.000000 0.000000 
0.000000 0.000000 0.000000 0.000000 0.000000 0.000001 0.000001 0.000002 0.000003 0.000004 0.000007 0.000010 0.000016 0.000024 0.000036 0.000052 0.000077 0.000111 0.000159 0.000224 0.000314 0.000435 0.000595 0.000806 0.001080 0.001432 0.001877 0.002434 0.003121 0.003959 0.004967 0.006163 0.007564 0.009181 0.011022 0.013088 0.015369 0.017850 0.020504 0.023293 0.026170 0.029078 0.031954 0.034727 0.037325 0.039674 0.041706 0.043358 0.044578 0.045327 0.045579 0.045327 0.044578 0.043358 0.041706 0.039674 0.037325 0.034727 0.031954 0.029078 0.026170 0.023293 0.020504 0.017850 0.015369 0.013088 0.011022 0.009181 0.007564 0.006163 0.004967 0.003959 0.003121 0.002434 0.001877 0.001432 0.001080 0.000806 0.000595 0.000435 0.000314 0.000224 0.000159 0.000111 0.000077 0.000052 0.000036 0.000024 0.000016 0.000010 0.000007 0.000004 0.000003 0.000002 0.000001 0.000001 0.000000 0.000000 0.000000 0.000000 
0.000000 0.000000 0.000000 0.000000 0.000001 0.000001 0.000002 0.000003 0.000004 0.000007 0.000010 0.000016 0.000024 0.000036 0.000054 0.000080 0.000117 0.000169 0.000241 0.000341 0.000478 0.000661 0.000905 0.001226 0.001642 0.002175 0.002851 0.003695 0.004738 0.006009 0.007537 0.009350 0.011474 0.013925 0.016714 0.019843 0.023299 0.027057 0.031075 0.035298 0.039653 0.044056 0.048409 0.052607 0.056538 0.060093 0.063168 0.065669 0.067515 0.068648 0.069029 0.068648 0.067515 0.065669 0.063168 0.060093 0.056538 0.052607 0.048409 0.044056 0.039653 0.035298 0.031075 0.027057 0.023299 0.019843 0.016714 0.013925 0.011474 0.009350 0.007537 0.006009 0.004738 0.003695 0.002851 0.002175 0.001642 0.001226 0.000905 0.000661 0.000478 0.000341 0.000241 0.000169 0.000117 0.000080 0.000054 0.000036 0.000024 0.000016 0.000010 0.000007 0.000004 0.000003 0.000002 0.000001 0.000001 0.000000 0.000000 0.000000 
0.000000 0.000000 0.000000 0.000001 0.000001 0.000002 0.000002 0.000004 0.000006 0.000010 0.000015 0.000024 0.000036 0.000055 0.000082 0.000121 0.000176 0.000254 0.000364 0.000514 0.000719 0.000995 0.001361 0.001843 0.002468 0.003269 0.004284 0.005552 0.007117 0.009023 0.011316 0.014037 0.017221 0.020896 0.025079 0.029769 0.034949 0.040580 0.046601 0.052928 0.059453 0.066048 0.072568 0.078854 0.084742 0.090066 0.094671 0.098415 0.101179 0.102875 0.103447 0.102875 0.101179 0.098415 0.094671 0.090066 0.084742 0.078854 0.072568 0.066048 0.059453 0.052928 0.046601 0.040580 0.034949 0.029769 0.025079 0.020896 0.017221 0.014037 0.011316 0.009023 0.007117 0.005552 0.004284 0.003269 0.002468 0.001843 0.001361 0.000995 0.000719 0.000514 0.000364 0.000254 0.000176 0.000121 0.000082 0.000055 0.000036 0.000024 0.000015 0.000010 0.000006 0.000004 0.000002 0.000001 0.000001 0.000000 0.000000 0.000000 
0.000000 0.000000 0.000000 0.000001 0.000001 0.000002 0.000004 0.000006 0.000009 0.000015 0.000023 0.000036 0.000054 0.000082 0.000122 0.000180 0.000262 0.000379 0.000542 0.000766 0.001071 0.001481 0.002026 0.002742 0.003671 0.004862 0.006369 0.008253 0.010577 0.013408 0.016811 0.020849 0.025574 0.031028 0.037232 0.044189 0.051870 0.060220 0.069148 0.078527 0.088199 0.097975 0.107638 0.116954 0.125679 0.133569 0.140391 0.145938 0.150034 0.152547 0.153394 0.152547 0.150034 0.145938 0.140391 0.133569 0.125679 0.116954 0.107638 0.097975 0.088199 0.078527 0.069148 0.060220 0.051870 0.044189 0.037232 0.031028 0.025574 0.020849 0.016811 0.013408 0.010577 0.008253 0.006369 0.004862 0.003671 0.002742 0.002026 0.001481 0.001071 0.000766 0.000542 0.000379 0.000262 0.000180 0.000122 0.000082 0.000054 0.000036 0.000023 0.000015 0.000009 0.000006 0.000004 0.000002 0.000001 0.000001 0.000000 0.000000 
0.000000 0.000000 0.000001 0.000001 0.000002 0.000003 0.000005 0.000009 0.000014 0.000022 0.000034 0.000052 0.000080 0.000121 0.000180 0.000265 0.000387 0.000559 0.000798 0.001128 0.001577 0.002181 0.002983 0.004037 0.005403 0.007154 0.009369 0.012137 0.015552 0.019711 0.024711 0.030640 0.037578 0.045584 0.054691 0.064901 0.076173 0.088424 0.101521 0.115279 0.129466 0.143803 0.157974 0.171635 0.184428 0.195996 0.205999 0.214132 0.220137 0.223820 0.225062 0.223820 0.220137 0.214132 0.205999 0.195996 0.184428 0.171635 0.157974 0.143803 0.129466 0.115279 0.101521 0.088424 0.076173 0.064901 0.054691 0.045584 0.037578 0.030640 0.024711 0.019711 0.015552 0.012137 0.009369 0.007154 0.005403 0.004037 0.002983 0.002181 0.001577 0.001128 0.000798 0.000559 0.000387 0.000265 0.000180 0.000121 0.000080 0.000052 0.000034 0.000022 0.000014 0.000009 0.000005 0.000003 0.000002 0.000001 0.000000 0.000000 
0.000000 0.000000 0.000001 0.000002 0.000003 0.000005 0.000008 0.000013 0.000020 0.000032 0.000050 0.000077 0.000117 0.000176 0.000262 0.000387 0.000565 0.000815 0.001164 0.001645 0.002299 0.003178 0.004346 0.005879 0.007868 0.010414 0.013636 0.017661 0.022626 0.028671 0.035937 0.044552 0.054632 0.066261 0.079487 0.094312 0.110679 0.128464 0.147475 0.167445 0.188034 0.208840 0.229402 0.249223 0.267784 0.284566 0.299078 0.310875 0.319586 0.324929 0.326730 0.324929 0.319586 0.310875 0.299078 0.284566 0.267784 0.249223 0.229402 0.208840 0.188034 0.167445 0.147475 0.128464 0.110679 0.094312 0.079487 0.066261 0.054632 0.044552 0.035937 0.028671 0.022626 0.017661 0.013636 0.010414 0.007868 0.005879 0.004346 0.003178 0.002299 0.001645 0.001164 0.000815 0.000565 0.000387 0.000262 0.000176 0.000117 0.000077 0.000050 0.000032 0.000020 0.000013 0.000008 0.000005 0.000003 0.000002 0.000001 0.000000 
0.000000 0.000001 0.000001 0.000003 0.000004 0.000007 0.000012 0.000019 0.000029 0.000046 0.000072 0.000111 0.000169 0.000254 0.000379 0.000559 0.000815 0.001177 0.001680 0.002372 0.003315 0.004581 0.006264 0.008472 0.011334 0.015000 0.019636 0.025427 0.032568 0.041262 0.051708 0.064094 0.078582 0.095295 0.114301 0.135602 0.159113 0.184661 0.211965 0.240643 0.270209 0.300082 0.329604 0.358060 0.384705 0.408795 0.429625 0.446559 0.459062 0.466731 0.469316 0.466731 0.459062 0.446559 0.429625 0.408795 0.384705 0.358060 0.329604 0.300082 0.270209 0.240643 0.211965 0.184661 0.159113 0.135602 0.114301 0.095295 0.078582 0.064094 0.051708 0.041262 0.032568 0.025427 0.019636 0.015000 0.011334 0.008472 0.006264 0.004581 0.003315 0.002372 0.001680 0.001177 0.000815 0.000559 0.000379 0.000254 0.000169 0.000111 0.000072 0.000046 0.000029 0.000019 0.000011 0.000007 0.000004 0.000002 0.000001 0.000000 
0.000000 0.000001 0.000002 0.000004 0.000006 0.000010 0.000017 0.000027 0.000042 0.000066 0.000103 0.000159 0.000241 0.000364 0.000542 0.000798 0.001164 0.001680 0.002398 0.003385 0.004728 0.006534 0.008931 0.012076 0.016153 0.021373 0.027974 0.036216 0.046379 0.058749 0.073611 0.091229 0.111833 0.135597 0.162619 0.192899 0.226318 0.262626 0.301427 0.342176 0.384183 0.426623 0.468561 0.508982 0.546827 0.581043 0.610627 0.634676 0.652433 0.663324 0.666995 0.663324 0.652433 0.634676 0.610627 0.581043 0.546827 0.508982 0.468561 0.426623 0.384183 0.342176 0.301427 0.262626 0.226318 0.192899 0.162619 0.135597 0.111833 0.091229 0.073611 0.058749 0.046379 0.036216 0.027974 0.021373 0.016153 0.012076 0.008931 0.006534 0.004728 0.003385 0.002398 0.001680 0.001164 0.000798 0.000542 0.000364 0.000241 0.000159 0.000103 0.000066 0.000042 0.000027 0.000016 0.000010 0.000006 0.000003 0.000001 0.000000 
0.000000 0.000001 0.000003 0.000005 0.000009 0.000014 0.000023 0.000038 0.000060 0.000094 0.000146 0.000224 0.000341 0.000514 0.000766 0.001128 0.001645 0.002372 0.003385 0.004779 0.006673 0.009219 0.012598 0.017031 0.022776 0.030130 0.039427 0.051034 0.065343 0.082758 0.103675 0.128469 0.157460 0.190893 0.228904 0.271492 0.318490 0.369545 0.424099 0.481387 0.540438 0.600093 0.659038 0.715847 0.769033 0.817117 0.858690 0.892483 0.917433 0.932738 0.937896 0.932738 0.917433 0.892483 0.858690 0.817117 0.769033 0.715847 0.659038 0.600093 0.540438 0.481387 0.424099 0.369545 0.318490 0.271492 0.228904 0.190893 0.157460 0.128469 0.103675 0.082758 0.065343 0.051034 0.039427 0.030130 0.022776 0.017031 0.012598 0.009219 0.006673 0.004779 0.003385 0.002372 0.001645 0.001128 0.000766 0.000514 0.000341 0.000224 0.000146 0.000094 0.000060 0.000038 0.000023 0.000014 0.000008 0.000005 0.000002 0.000000 
0.000000 0.000002 0.000004 0.000007 0.000012 0.000020 0.000033 0.000053 0.000084 0.000131 0.000204 0.000314 0.000478 0.000719 0.001071 0.001577 0.002299 0.003315 0.004728 0.006673 0.009316 0.012867 0.017581 0.023762 0.031770 0.042020 0.054975 0.071148 0.091080 0.115334 0.144463 0.178983 0.219342 0.265878 0.318779 0.378042 0.443435 0.514464 0.590355 0.670040 0.752171 0.835135 0.917107 0.996102 1.070056 1.136912 1.194713 1.241696 1.276384 1.297661 1.304832 1.297661 1.276384 1.241696 1.194713 1.136912 1.070056 0.996102 0.917107 0.835135 0.752171 0.670040 0.590355 0.514464 0.443435 0.378042 0.318779 0.265878 0.219342 0.178983 0.144463 0.115334 0.091080 0.071148 0.054975 0.042020 0.031770 0.023762 0.017581 0.012867 0.009316 0.006673 0.004728 0.003315 0.002299 0.001577 0.001071 0.000719 0.000478 0.000314 0.000204 0.000131 0.000084 0.000053 0.000033 0.000020 0.000012 0.000007 0.000003 0.000000 
0.000000 0.000002 0.000005 0.000010 0.000017 0.000028 0.000046 0.000073 0.000116 0.000182 0.000283 0.000435 0.000661 0.000995 0.001481 0.002181 0.003178 0.004581 0.006534 0.009219 0.012867 0.017768 0.024271 0.032798 0.043843 0.057975 0.075836 0.098128 0.125598 0.159018 0.199148 0.246699 0.302286 0.366371 0.439212 0.520802 0.610822 0.708591 0.813041 0.922704 1.035722 1.149880 1.262663 1.371345 1.473086 1.565057 1.644569 1.709197 1.756912 1.786179 1.796043 1.786179 1.756912 1.709197 1.644569 1.565057 1.473086 1.371345 1.262663 1.149880 1.035722 0.922704 0.813041 0.708591 0.610822 0.520802 0.439212 0.366371 0.302286 0.246699 0.199148 0.159018 0.125598 0.098128 0.075836 0.057975 0.043843 0.032798 0.024271 0.017768 0.012867 0.009219 0.006534 0.004581 0.003178 0.002181 0.001481 0.000995 0.000661 0.000435 0.000283 0.000182 0.000116 0.000073 0.000045 0.000028 0.000016 0.000009 0.000004 0.000000 
0.000000 0.000003 0.000008 0.000014 0.000023 0.000038 0.000062 0.000100 0.000159 0.000249 0.000387 0.000595 0.000905 0.001361 0.002026 0.002983 0.004346 0.006264 0.008931 0.012598 0.017581 0.024271 0.033147 0.044783 0.059853 0.079132 0.103493 0.133891 0.171345 0.216903 0.271600 0.336403 0.412146 0.499458 0.598687 0.709822 0.832424 0.965567 1.107796 1.257110 1.410979 1.566388 1.719917 1.867853 2.006334 2.131513 2.239728 2.327686 2.392623 2.432453 2.445877 2.432453 2.392623 2.327686 2.239728 2.131513 2.006334 1.867853 1.719917 1.566388 1.410979 1.257110 1.107796 0.965567 0.832424 0.709822 0.598687 0.499458 0.412146 0.336403 0.271600 0.216903 0.171345 0.133891 0.103493 0.079132 0.059853 0.044783 0.033147 0.024271 0.017581 0.012598 0.008931 0.006264 0.004346 0.002983 0.002026 0.001361 0.000905 0.000595 0.000387 0.000249 0.000159 0.000100 0.000062 0.000038 0.000023 0.000013 0.000006 0.000000 
0.000000 0.000005 0.000010 0.000019 0.000032 0.000052 0.000085 0.000136 0.000215 0.000338 0.000525 0.000806 0.001226 0.001843 0.002742 0.004037 0.005879 0.008472 0.012076 0.017031 0.023762 0.032798 0.044783 0.060493 0.080834 0.106852 0.139721 0.180730 0.231250 0.292692 0.366448 0.453819 0.555926 0.673614 0.807348 0.957113 1.122313 1.301698 1.493307 1.694444 1.901701 2.111018 2.317788 2.517015 2.703500 2.872064 3.017781 3.136216 3.223652 3.277282 3.295356 3.277282 3.223652 3.136216 3.017781 2.872064 2.703500 2.517015 2.317788 2.111018 1.901701 1.694444 1.493307 1.301698 1.122313 0.957113 0.807348 0.673614 0.555926 0.453819 0.366448 0.292692 0.231250 0.180730 0.139721 0.106852 0.080834 0.060493 0.044783 0.032798 0.023762 0.017031 0.012076 0.008472 0.005879 0.004037 0.002742 0.001843 0.001226 0.000806 0.000525 0.000338 0.000215 0.000136 0.000084 0.000052 0.000031 0.000017 0.000008 0.000000 
0.000000 0.000006 0.000014 0.000025 0.000042 0.000070 0.000114 0.000182 0.000289 0.000453 0.000703 0.001080 0.001642 0.002468 0.003671 0.005403 0.007868 0.011334 0.016153 0.022776 0.031770 0.043843 0.059853 0.080834 0.107995 0.142731 0.186606 0.241338 0.308753 0.390729 0.489122 0.605661 0.741838 0.898776 1.077091 1.276758 1.496982 1.736093 1.991474 2.259533 2.535728 2.814647 3.090157 3.355601 3.604058 3.828628 4.022752 4.180528 4.297006 4.368447 4.392524 4.368447 4.297006 4.180528 4.022752 3.828628 3.604058 3.355601 3.090157 2.814647 2.535728 2.259533 1.991474 1.736093 1.496982 1.276758 1.077091 0.898776 0.741838 0.605661 0.489122 0.390729 0.308753 0.241338 0.186606 0.142731 0.107995 0.080834 0.059853 0.043843 0.031770 0.022776 0.016153 0.011334 0.007868 0.005403 0.003671 0.002468 0.001642 0.001080 0.000703 0.000453 0.000289 0.000182 0.000113 0.000069 0.000041 0.000023 0.000010 0.000000 
0.000000 0.000008 0.000018 0.000033 0.000056 0.000093 0.000151 0.000242 0.000383 0.000601 0.000933 0.001432 0.002175 0.003269 0.004862 0.007154 0.010414 0.015000 0.021373 0.030130 0.042020 0.057975 0.079132 0.106852 0.142731 0.188607 0.246546 0.318809 0.407804 0.516007 0.645860 0.799641 0.979314 1.186354 1.421570 1.684924 1.975363 2.290682 2.627427 2.980862 3.344998 3.712702 4.075889 4.425789 4.753281 5.049277 5.305136 5.513081 5.666593 5.760747 5.792479 5.760747 5.666593 5.513081 5.305136 5.049277 4.753281 4.425789 4.075889 3.712702 3.344998 2.980862 2.627427 2.290682 1.975363 1.684924 1.421570 1.186354 0.979314 0.799641 0.645860 0.516007 0.407804 0.318809 0.246546 0.188607 0.142731 0.106852 0.079132 0.057975 0.042020 0.030130 0.021373 0.015000 0.010414 0.007154 0.004862 0.003269 0.002175 0.001432 0.000933 0.000601 0.000383 0.000241 0.000150 0.000092 0.000055 0.000030 0.000013 0.000000 
0.000000 0.000011 0.000024 0.000044 0.000074 0.000122 0.000198 0.000317 0.000503 0.000788 0.001223 0.001877 0.002851 0.004284 0.006369 0.009369 0.013636 0.019636 0.027974 0.039427 0.054975 0.075836 0.103493 0.139721 0.186606 0.246546 0.322233 0.416618 0.532841 0.674130 0.843665 1.044417 1.278939 1.549153 1.856107 2.199747 2.578692 2.990062 3.429351 3.890376 4.365326 4.844899 5.318555 5.774860 6.201924 6.587900 6.921527 7.192670 7.392833 7.515599 7.556973 7.515599 7.392833 7.192670 6.921527 6.587900 6.201924 5.774860 5.318555 4.844899 4.365326 3.890376 3.429351 2.990062 2.578692 2.199747 1.856107 1.549153 1.278939 1.044417 0.843665 0.674130 0.532841 0.416618 0.322233 0.246546 0.186606 0.139721 0.103493 0.075836 0.054975 0.039427 0.027974 0.019636 0.013636 0.009369 0.006369 0.004284 0.002851 0.001877 0.001223 0.000788 0.000502 0.000317 0.000197 0.000121 0.000072 0.000040 0.000018 0.000000 
0.000000 0.000014 0.000031 0.000057 0.000096 0.000158 0.000257 0.000412 0.000652 0.001022 0.001586 0.002434 0.003695 0.005552 0.008253 0.012137 0.017661 0.025427 0.036216 0.051034 0.071148 0.098128 0.133891 0.180730 0.241338 0.318809 0.416618 0.538574 0.688725 0.871234 1.090204 1.349461 1.652295 2.001180 2.397461 2.841060 3.330190 3.861128 4.428054 5.022990 5.635854 6.254647 6.865772 7.454480 8.005439 8.503373 8.933760 9.283533 9.541737 9.700099 9.753470 9.700099 9.541737 9.283533 8.933760 8.503373 8.005439 7.454480 6.865772 6.254647 5.635854 5.022990 4.428054 3.861128 3.330190 2.841060 2.397461 2.001180 1.652295 1.349461 1.090204 0.871234 0.688725 0.538574 0.416618 0.318809 0.241338 0.180730 0.133891 0.098128 0.071148 0.051034 0.036216 0.025427 0.017661 0.012137 0.008253 0.005552 0.003695 0.002434 0.001586 0.001022 0.000652 0.000411 0.000256 0.000157 0.000093 0.000052 0.000023 0.000000 
0.000000 0.000018 0.000040 0.000073 0.000123 0.000203 0.000330 0.000528 0.000837 0.001312 0.002034 0.003121 0.004738 0.007117 0.010577 0.015552 0.022626 0.032568 0.046379 0.065343 0.091080 0.125598 0.171345 0.231250 0.308753 0.407804 0.532841 0.688725 0.880622 1.113845 1.393626 1.724843 2.111691 2.557318 3.063435 3.629931 4.254519 4.932438 5.656253 6.415776 7.198137 7.988021 8.768075 9.519482 10.222678 10.858175 11.407449 11.853830 12.183345 12.385441 12.453550 12.385441 12.183345 11.853830 11.407449 10.858175 10.222678 9.519482 8.768075 7.988021 7.198137 6.415776 5.656253 4.932438 4.254519 3.629931 3.063435 2.557318 2.111691 1.724843 1.393626 1.113845 0.880622 0.688725 0.532841 0.407804 0.308753 0.231250 0.171345 0.125598 0.091080 0.065343 0.046379 0.032568 0.022626 0.015552 0.010577 0.007117 0.004738 0.003121 0.002034 0.001312 0.000837 0.000528 0.000329 0.000201 0.000120 0.000066 0.000030 0.000000 
0.000000 0.000023 0.000051 0.000092 0.000157 0.000258 0.000419 0.000671 0.001062 0.001665 0.002581 0.003959 0.006009 0.009023 0.013408 0.019711 0.028671 0.041262 0.058749 0.082758 0.115334 0.159018 0.216903 0.292692 0.390729 0.516007 0.674130 0.871234 1.113845 1.408666 1.762302 2.180905 2.669765 3.232848 3.872304 4.587983 5.376987 6.233294 7.147508 8.106759 9.094793 10.092273 11.077290 12.026091 12.913981 13.716364 14.409862 14.973438 15.389459 15.644607 15.730594 15.644607 15.389459 14.973438 14.409862 13.716364 12.913981 12.026091 11.077290 10.092273 9.094793 8.106759 7.147508 6.233294 5.376987 4.587983 3.872304 3.232848 2.669765 2.180905 1.762302 1.408666 1.113845 0.871234 0.674130 0.516007 0.390729 0.292692 0.216903 0.159018 0.115334 0.082758 0.058749 0.041262 0.028671 0.019711 0.013408 0.009023 0.006008 0.003959 0.002581 0.001664 0.001062 0.000670 0.000417 0.000256 0.000152 0.000084 0.000038 0.000000 
0.000000 0.000028 0.000064 0.000116 0.000197 0.000324 0.000526 0.000842 0.001334 0.002089 0.003238 0.004967 0.007537 0.011316 0.016811 0.024711 0.035937 0.051708 0.073611 0.103675 0.144463 0.199148 0.271600 0.366448 0.489122 0.645860 0.843665 1.090204 1.393626 1.762302 2.204476 2.727829 3.338958 4.042807 4.842050 5.736487 6.722485 7.792510 8.934817 10.133322 11.367717 12.613846 13.844347 15.029556 16.138636 17.140877 18.007088 18.711005 19.230615 19.549291 19.656688 19.549291 19.230615 18.711005 18.007088 17.140877 16.138636 15.029556 13.844347 12.613846 11.367717 10.133322 8.934817 7.792510 6.722485 5.736487 4.842050 4.042807 3.338958 2.727829 2.204476 1.762302 1.393626 1.090204 0.843665 0.645860 0.489122 0.366448 0.271600 0.199148 0.144463 0.103675 0.073611 0.051708 0.035937 0.024711 0.016811 0.011316 0.007537 0.004967 0.003238 0.002089 0.001333 0.000841 0.000524 0.000321 0.000191 0.000106 0.000047 0.000000 
0.000000 0.000035 0.000080 0.000144 0.000245 0.000403 0.000653 0.001046 0.001656 0.002594 0.004019 0.006163 0.009350 0.014037 0.020849 0.030640 0.044552 0.064094 0.091229 0.128469 0.178983 0.246699 0.336403 0.453819 0.605661 0.799641 1.044417 1.349461 1.724843 2.180905 2.727829 3.375096 4.130852 5.001191 5.989404 7.095230 8.314163 9.636882 11.048860 12.530213 14.055841 15.595895 17.116565 18.581204 19.951718 21.190170 22.260505 23.130284 23.772318 24.166073 24.298772 24.166073 23.772318 23.130284 22.260505 21.190170 19.951718 18.581204 17.116565 15.595895 14.055841 12.530213 11.048860 9.636882 8.314163 7.095230 5.989404 5.001191 4.130852 3.375096 2.727829 2.180905 1.724843 1.349461 1.044417 0.799641 0.605661 0.453819 0.336403 0.246699 0.178983 0.128469 0.091229 0.064094 0.044552 0.030640 0.020849 0.014037 0.009350 0.006163 0.004019 0.002593 0.001655 0.001045 0.000651 0.000399 0.000237 0.000132 0.000059 0.000000 
0.000000 0.000043 0.000098 0.000177 0.000301 0.000495 0.000803 0.001285 0.002034 0.003184 0.004934 0.007564 0.011474 0.017221 0.025574 0.037578 0.054632 0.078582 0.111833 0.157460 0.219342 0.302286 0.412146 0.555926 0.741838 0.979314 1.278939 1.652295 2.111691 2.669765 3.338958 4.130852 5.055391 6.120012 7.328721 8.681182 10.171870 11.789375 13.515923 15.327199 17.192513 19.075374 20.934456 22.724970 24.400360 25.914267 27.222633 28.285822 29.070611 29.551913 29.714114 29.551913 29.070611 28.285822 27.222633 25.914267 24.400360 22.724970 20.934456 19.075374 17.192513 15.327199 13.515923 11.789375 10.171870 8.681182 7.328721 6.120012 5.055391 4.130852 3.338958 2.669765 2.111691 1.652295 1.278939 0.979314 0.741838 0.555926 0.412146 0.302286 0.219342 0.157460 0.111833 0.078582 0.054632 0.037578 0.025574 0.017221 0.011473 0.007564 0.004934 0.003184 0.002033 0.001283 0.000800 0.000490 0.000292 0.000162 0.000072 0.000000 
0.000000 0.000053 0.000119 0.000216 0.000365 0.000602 0.000975 0.001561 0.002470 0.003867 0.005990 0.009181 0.013925 0.020896 0.031028 0.045584 0.066261 0.095295 0.135597 0.190893 0.265878 0.366371 0.499458 0.673614 0.898776 1.186354 1.549153 2.001180 2.557318 3.232848 4.042807 5.001191 6.120012 7.408245 8.870720 10.507009 12.310411 14.267110 16.355595 18.546450 20.802556 23.079782 25.328157 27.493527 29.519607 31.350352 32.932505 34.218152 35.167134 35.749128 35.945262 35.749128 35.167134 34.218152 32.932505 31.350352 29.519607 27.493527 25.328157 23.079782 20.802556 18.546450 16.355595 14.267110 12.310411 10.507009 8.870720 7.408245 6.120012 5.001191 4.042807 3.232848 2.557318 2.001180 1.549153 1.186354 0.898776 0.673614 0.499458 0.366371 0.265878 0.190893 0.135597 0.095295 0.066261 0.045584 0.031028 0.020896 0.013925 0.009181 0.005990 0.003866 0.002469 0.001559 0.000972 0.000596 0.000355 0.000197 0.000088 0.000000 
0.000000 0.000063 0.000143 0.000259 0.000439 0.000723 0.001172 0.001875 0.002967 0.004644 0.007192 0.011022 0.016714 0.025079 0.037232 0.054691 0.079487 0.114301 0.162619 0.228904 0.318779 0.439212 0.598687 0.807348 1.077091 1.421570 1.856107 2.397461 3.063435 3.872304 4.842050 5.989404 7.328721 8.870720 10.621157 12.579499 14.737707 17.079231 19.578322 22.199775 24.899177 27.623732 30.313666 32.904205 35.328031 37.518120 39.410781 40.948719 42.083911 42.780100 43.014717 42.780100 42.083911 40.948719 39.410781 37.518120 35.328031 32.904205 30.313666 27.623732 24.899177 22.199775 19.578322 17.079231 14.737707 12.579499 10.621157 8.870720 7.328721 5.989404 4.842050 3.872304 3.063435 2.397461 1.856107 1.421570 1.077091 0.807348 0.598687 0.439212 0.318779 0.228904 0.162619 0.114301 0.079487 0.054691 0.037232 0.025079 0.016714 0.011022 0.007192 0.004643 0.002965 0.001872 0.001168 0.000716 0.000426 0.000237 0.000105 0.000000 
0.000000 0.000075 0.000170 0.000308 0.000522 0.000860 0.001392 0.002228 0.003524 0.005516 0.008541 0.013088 0.019843 0.029769 0.044189 0.064901 0.094312 0.135602 0.192899 0.271492 0.378042 0.520802 0.709822 0.957113 1.276758 1.684924 2.199747 2.841060 3.629931 4.587983 5.736487 7.095230 8.681182 10.507009 12.579499 14.897995 17.452963 20.224790 23.182987 26.285875 29.480887 32.705540 35.889103 38.954932 41.823381 44.415154 46.654902 48.474848 49.818181 50.642011 50.919642 50.642011 49.818181 48.474848 46.654902 44.415154 41.823381 38.954932 35.889103 32.705540 29.480887 26.285875 23.182987 20.224790 17.452963 14.897995 12.579499 10.507009 8.681182 7.095230 5.736487 4.587983 3.629931 2.841060 2.199747 1.684924 1.276758 0.957113 0.709822 0.520802 0.378042 0.271492 0.192899 0.135602 0.094312 0.064901 0.044189 0.029769 0.019843 0.013087 0.008541 0.005515 0.003523 0.002225 0.001387 0.000851 0.000507 0.000282 0.000125 0.000000 
0.000000 0.000089 0.000200 0.000362 0.000614 0.001010 0.001636 0.002618 0.004140 0.006479 0.010032 0.015369 0.023299 0.034949 0.051870 0.076173 0.110679 0.159113 0.226318 0.318490 0.443435 0.610822 0.832424 1.122313 1.496982 1.975363 2.578692 3.330190 4.254519 5.376987 6.722485 8.314163 10.171870 12.310411 14.737707 17.452963 20.444987 23.690798 27.154678 30.787820 34.528674 38.304092 42.031276 45.620513 48.978584 52.012685 54.634634 56.765110 58.337634 59.302013 59.627008 59.302013 58.337634 56.765110 54.634634 52.012685 48.978584 45.620513 42.031276 38.304092 34.528674 30.787820 27.154678 23.690798 20.444987 17.452963 14.737707 12.310411 10.171870 8.314163 6.722485 5.376987 4.254519 3.330190 2.578692 1.975363 1.496982 1.122313 0.832424 0.610822 0.443435 0.318490 0.226318 0.159113 0.110679 0.076173 0.051870 0.034949 0.023299 0.015369 0.010031 0.006478 0.004138 0.002614 0.001631 0.001000 0.000596 0.000331 0.000147 0.000000 
0.000000 0.000103 0.000233 0.000421 0.000713 0.001174 0.001902 0.003042 0.004811 0.007527 0.011653 0.017850 0.027057 0.040580 0.060220 0.088424 0.128464 0.184661 0.262626 0.369545 0.514464 0.708591 0.965567 1.301698 1.736093 2.290682 2.990062 3.861128 4.932438 6.233294 7.792510 9.636882 11.789375 14.267110 17.079231 20.224790 23.690798 27.450612 31.462847 35.670961 40.003668 44.376253 48.692840 52.849549 56.738449 60.252093 63.288391 65.755513 67.576499 68.693245 69.069585 68.693245 67.576499 65.755513 63.288391 60.252093 56.738449 52.849549 48.692840 44.376253 40.003668 35.670961 31.462847 27.450612 23.690798 20.224790 17.079231 14.267110 11.789375 9.636882 7.792510 6.233294 4.932438 3.861128 2.990062 2.290682 1.736093 1.301698 0.965567 0.708591 0.514464 0.369545 0.262626 0.184661 0.128464 0.088424 0.060220 0.040580 0.027056 0.017850 0.011652 0.007526 0.004808 0.003038 0.001895 0.001162 0.000692 0.000385 0.000171 0.000000 
0.000000 0.000118 0.000267 0.000484 0.000820 0.001350 0.002186 0.003496 0.005528 0.008648 0.013387 0.020504 0.031075 0.046601 0.069148 0.101521 0.147475 0.211965 0.301427 0.424099 0.590355 0.813041 1.107796 1.493307 1.991474 2.627427 3.429351 4.428054 5.656253 7.147508 8.934817 11.048860 13.515923 16.355595 19.578322 23.182987 27.154678 31.462847 36.060057 40.881518 45.845555 50.855118 55.800381 60.562358 65.017429 69.042533 72.520750 75.346914 77.432890 78.712135 79.143236 78.712135 77.432890 75.346914 72.520750 69.042533 65.017429 60.562358 55.800381 50.855118 45.845555 40.881518 36.060057 31.462847 27.154678 23.182987 19.578322 16.355595 13.515923 11.048860 8.934817 7.147508 5.656253 4.428054 3.429351 2.627427 1.991474 1.493307 1.107796 0.813041 0.590355 0.424099 0.301427 0.211965 0.147475 0.101521 0.069147 0.046601 0.031075 0.020503 0.013386 0.008647 0.005525 0.003491 0.002178 0.001336 0.000796 0.000443 0.000197 0.000000 
0.000000 0.000135 0.000304 0.000551 0.000933 0.001535 0.002485 0.003973 0.006282 0.009827 0.015209 0.023293 0.035298 0.052928 0.078527 0.115279 0.167445 0.240643 0.342176 0.481387 0.670040 0.922704 1.257110 1.694444 2.259533 2.980862 3.890376 5.022990 6.415776 8.106759 10.133322 12.530213 15.327199 18.546450 22.199775 26.285875 30.787820 35.670961 40.881518 46.346050 51.971988 57.649356 63.253700 68.650202 73.698798 78.260063 82.201535 85.404071 87.767822 89.217408 89.705912 89.217408 87.767822 85.404071 82.201535 78.260063 73.698798 68.650202 63.253700 57.649356 51.971988 46.346050 40.881518 35.670961 30.787820 26.285875 22.199775 18.546450 15.327199 12.530213 10.133322 8.106759 6.415776 5.022990 3.890376 2.980862 2.259533 1.694444 1.257110 0.922704 0.670040 0.481387 0.342176 0.240643 0.167445 0.115279 0.078527 0.052927 0.035297 0.023292 0.015208 0.009825 0.006279 0.003968 0.002476 0.001519 0.000905 0.000504 0.000224 0.000000 
0.000000 0.000151 0.000342 0.000619 0.001049 0.001726 0.002793 0.004466 0.007060 0.011043 0.017090 0.026170 0.039653 0.059453 0.088199 0.129466 0.188034 0.270209 0.384183 0.540438 0.752171 1.035722 1.410979 1.901701 2.535728 3.344998 4.365326 5.635854 7.198137 9.094793 11.367717 14.055841 17.192513 20.802556 24.899177 29.480887 34.528674 40.003668 45.845555 51.971988 58.279191 64.643877 70.926545 76.976084 82.635507 87.748554 92.166771 95.756633 98.406244 100.031126 100.578703 100.031126 98.406244 95.756633 92.166771 87.748554 82.635507 76.976084 70.926545 64.643877 58.279191 51.971988 45.845555 40.003668 34.528674 29.480887 24.899177 20.802556 17.192513 14.055841 11.367717 9.094793 7.198137 5.635854 4.365326 3.344998 2.535728 1.901701 1.410979 1.035722 0.752171 0.540438 0.384183 0.270209 0.188034 0.129466 0.088199 0.059453 0.039653 0.026169 0.017089 0.011041 0.007057 0.004460 0.002783 0.001708 0.001018 0.000566 0.000252 0.000000 
0.000000 0.000168 0.000380 0.000689 0.001166 0.001918 0.003105 0.004964 0.007847 0.012272 0.018991 0.029078 0.044056 0.066048 0.097975 0.143803 0.208840 0.300082 0.426623 0.600093 0.835135 1.149880 1.566388 2.111018 2.814647 3.712702 4.844899 6.254647 7.988021 10.092273 12.613846 15.595895 19.075374 23.079782 27.623732 32.705540 38.304092 44.376253 50.855118 57.649356 64.643877 71.701972 78.668959 85.377291 91.652915 97.322591 102.221732 106.202314 109.140286 110.941997 111.549163 110.941997 109.140286 106.202314 102.221732 97.322591 91.652915 85.377291 78.668959 71.701972 64.643877 57.649356 50.855118 44.376253 38.304092 32.705540 27.623732 23.079782 19.075374 15.595895 12.613846 10.092273 7.988021 6.254647 4.844899 3.712702 2.814647 2.111018 1.566388 1.149880 0.835135 0.600093 0.426623 0.300082 0.208840 0.143803 0.097975 0.066048 0.044056 0.029078 0.018990 0.012270 0.007844 0.004958 0.003094 0.001899 0.001132 0.000630 0.000280 0.000000 
0.000000 0.000185 0.000418 0.000757 0.001282 0.002109 0.003414 0.005457 0.008626 0.013488 0.020871 0.031954 0.048409 0.072568 0.107638 0.157974 0.229402 0.329604 0.468561 0.659038 0.917107 1.262663 1.719917 2.317788 3.090157 4.075889 5.318555 6.865772 8.768075 11.077290 13.844347 17.116565 20.934456 25.328157 30.313666 35.889103 42.031276 48.692840 55.800381 63.253700 70.926545 78.668959 86.311279 93.669743 100.553457 106.772425 112.146149 116.512293 119.734817 121.711022 122.376990 121.711022 119.734817 116.512293 112.146149 106.772425 100.553457 93.669743 86.311279 78.668959 70.926545 63.253700 55.800381 48.692840 42.031276 35.889103 30.313666 25.328157 20.934456 17.116565 13.844347 11.077290 8.768075 6.865772 5.318555 4.075889 3.090157 2.317788 1.719917 1.262663 0.917107 0.659038 0.468561 0.329604 0.229402 0.157974 0.107638 0.072568 0.048409 0.031953 0.020869 0.013486 0.008622 0.005450 0.003402 0.002088 0.001244 0.000692 0.000308 0.000000 
