0.000000 0.000000 0.000000 0.000000 0.000000 0.000000 0.000000 0.000000 0.000000 0.000000 0.000000 0.000000 0.000000 0.000000 0.000000 0.000000 0.000000 0.000000 0.000000 0.000000 0.000000 0.000000 0.000000 0.000000 0.000000 0.000000 0.000000 0.000000 0.000000 0.000000 0.000000 0.000000 0.000000 0.000000 0.000000 0.000000 0.000000 0.000000 0.000000 0.000000 0.000000 0.000000 0.000000 0.000000 0.000000 0.000000 0.000000 0.000000 0.000000 0.000000 0.000000 0.000000 0.000000 0.000000 0.000000 0.000000 0.000000 0.000000 0.000000 0.000000 0.000000 0.000000 0.000000 0.000000 0.000000 0.000000 0.000000 0.000000 0.000000 0.000000 0.000000 0.000000 0.000000 0.000000 0.000000 0.000000 0.000000 0.000000 0.000000 0.000000 0.000000 0.000000 0.000000 0.000000 0.000000 0.000000 0.000000 0.000000 0.000000 0.000000 0.000000 0.000000 0.000000 0.000000 0.000000 0.000000 0.000000 0.000000 0.000000 0.000000 
0.000000 0.000000 0.000000 0.000000 0.000000 0.000000 0.000000 0.000000 0.000000 0.000000 0.000000 0.000000 0.000000 0.000000 0.000000 0.000000 0.000000 0.000000 0.000000 0.000000 0.000000 0.000000 0.000000 0.000000 0.000000 0.000000 0.000000 0.000000 0.000000 0.000000 0.000000 0.000000 0.000000 0.000000 0.000000 0.000001 0.000001 0.000001 0.000001 0.000001 0.000002 0.000002 0.000002 0.000002 0.000003 0.000003 0.000003 0.000003 0.000003 0.000003 0.000003 0.000003 0.000003 0.000003 0.000003 0.000003 0.000003 0.000002 0.000002 0.000002 0.000002 0.000001 0.000001 0.000001 0.000001 0.000001 0.000000 0.000000 0.000000 0.000000 0.000000 0.000000 0.000000 0.000000 0.000000 0.000000 0.000000 0.000000 0.000000 0.000000 0.000000 0.000000 0.000000 0.000000 0.000000 0.000000 0.000000 0.000000 0.000000 0.000000 0.000000 0.000000 0.000000 0.000000 0.000000 0.000000 0.000000 0.000000 0.000000 0.000000 
0.000000 0.000000 0.000000 0.000000 0.000000 0.000000 0.000000 0.000000 0.000000 0.000000 0.000000 0.000000 0.000000 0.000000 0.000000 0.000000 0.000000 0.000000 0.000000 0.000000 0.000000 0.000000 0.000000 0.000000 0.000000 0.000000 0.000000 0.000000 0.000000 0.000000 0.000000 0.000000 0.000001 0.000001 0.000001 0.000001 0.000002 0.000002 0.000003 0.000003 0.000004 0.000005 0.000005 0.000006 0.000006 0.000007 0.000008 0.000008 0.000008 0.000008 0.000009 0.000008 0.000008 0.000008 0.000008 0.000007 0.000006 0.000006 0.000005 0.000005 0.000004 0.000003 0.000003 0.000002 0.000002 0.000001 0.000001 0.000001 0.000001 0.000000 0.000000 0.000000 0.000000 0.000000 0.000000 0.000000 0.000000 0.000000 0.000000 0.000000 0.000000 0.000000 0.000000 0.000000 0.000000 0.000000 0.000000 0.000000 0.000000 0.000000 0.000000 0.000000 0.000000 0.000000 0.000000 0.000000 0.000000 0.000000 0.000000 0.000000 
0.000000 0.000000 0.000000 0.000000 0.000000 0.000000 0.000000 0.000000 0.000000 0.000000 0.000000 0.000000 0.000000 0.000000 0.000000 0.000000 0.000000 0.000000 0.000000 0.000000 0.000000 0.000000 0.000000 0.000000 0.000000 0.000000 0.000000 0.000000 0.000000 0.000001 0.000001 0.000001 0.000001 0.000002 0.000002 0.000003 0.000004 0.000005 0.000006 0.000007 0.000008 0.000009 0.000011 0.000012 0.000013 0.000015 0.000016 0.000017 0.000017 0.000018 0.000018 0.000018 0.000017 0.000017 0.000016 0.000015 0.000013 0.000012 0.000011 0.000009 0.000008 0.000007 0.000006 0.000005 0.000004 0.000003 0.000002 0.000002 0.000001 0.000001 0.000001 0.000001 0.000000 0.000000 0.000000 0.000000 0.000000 0.000000 0.000000 0.000000 0.000000 0.000000 0.000000 0.000000 0.000000 0.000000 0.000000 0.000000 0.000000 0.000000 0.000000 0.000000 0.000000 0.000000 0.000000 0.000000 0.000000 0.000000 0.000000 0.000000 
0.000000 0.000000 0.000000 0.000000 0.000000 0.000000 0.000000 0.000000 0.000000 0.000000 0.000000 0.000000 0.000000 0.000000 0.000000 0.000000 0.000000 0.000000 0.000000 0.000000 0.000000 0.000000 0.000000 0.000000 0.000000 0.000000 0.000000 0.000001 0.000001 0.000001 0.000002 0.000002 0.000003 0.000004 0.000005 0.000006 0.000008 0.000009 0.000011 0.000014 0.000016 0.000019 0.000022 0.000024 0.000027 0.000029 0.000031 0.000033 0.000035 0.000035 0.000036 0.000035 0.000035 0.000033 0.000031 0.000029 0.000027 0.000024 0.000022 0.000019 0.000016 0.000014 0.000011 0.000009 0.000008 0.000006 0.000005 0.000004 0.000003 0.000002 0.000002 0.000001 0.000001 0.000001 0.000000 0.000000 0.000000 0.000000 0.000000 0.000000 0.000000 0.000000 0.000000 0.000000 0.000000 0.000000 0.000000 0.000000 0.000000 0.000000 0.000000 0.000000 0.000000 0.000000 0.000000 0.000000 0.000000 0.000000 0.000000 0.000000 
0.000000 0.000000 0.000000 0.000000 0.000000 0.000000 0.000000 0.000000 0.000000 0.000000 0.000000 0.000000 0.000000 0.000000 0.000000 0.000000 0.000000 0.000000 0.000000 0.000000 0.000000 0.000000 0.000000 0.000000 0.000000 0.000001 0.000001 0.000001 0.000002 0.000002 0.000003 0.000004 0.000005 0.000007 0.000009 0.000012 0.000015 0.000018 0.000022 0.000027 0.000032 0.000037 0.000042 0.000047 0.000052 0.000057 0.000061 0.000065 0.000067 0.000069 0.000070 0.000069 0.000067 0.000065 0.000061 0.000057 0.000052 0.000047 0.000042 0.000037 0.000032 0.000027 0.000022 0.000018 0.000015 0.000012 0.000009 0.000007 0.000005 0.000004 0.000003 0.000002 0.000002 0.000001 0.000001 0.000001 0.000000 0.000000 0.000000 0.000000 0.000000 0.000000 0.000000 0.000000 0.000000 0.000000 0.000000 0.000000 0.000000 0.000000 0.000000 0.000000 0.000000 0.000000 0.000000 0.000000 0.000000 0.000000 0.000000 0.000000 
0.000000 0.000000 0.000000 0.000000 0.000000 0.000000 0.000000 0.000000 0.000000 0.000000 0.000000 0.000000 0.000000 0.000000 0.000000 0.000000 0.000000 0.000000 0.000000 0.000000 0.000000 0.000000 0.000000 0.000000 0.000001 0.000001 0.000001 0.000002 0.000003 0.000004 0.000006 0.000008 0.000011 0.000014 0.000018 0.000023 0.000029 0.000035 0.000043 0.000052 0.000061 0.000071 0.000081 0.000091 0.000101 0.000110 0.000118 0.000125 0.000130 0.000133 0.000134 0.000133 0.000130 0.000125 0.000118 0.000110 0.000101 0.000091 0.000081 0.000071 0.000061 0.000052 0.000043 0.000035 0.000029 0.000023 0.000018 0.000014 0.000011 0.000008 0.000006 0.000004 0.000003 0.000002 0.000001 0.000001 0.000001 0.000000 0.000000 0.000000 0.000000 0.000000 0.000000 0.000000 0.000000 0.000000 0.000000 0.000000 0.000000 0.000000 0.000000 0.000000 0.000000 0.000000 0.000000 0.000000 0.000000 0.000000 0.000000 0.000000 
0.000000 0.000000 0.000000 0.000000 0.000000 0.000000 0.000000 0.000000 0.000000 0.000000 0.000000 0.000000 0.000000 0.000000 0.000000 0.000000 0.000000 0.000000 0.000000 0.000000 0.000000 0.000000 0.000001 0.000001 0.000001 0.000002 0.000003 0.000004 0.000006 0.000008 0.000011 0.000015 0.000020 0.000026 0.000034 0.000043 0.000055 0.000067 0.000082 0.000098 0.000116 0.000134 0.000154 0.000173 0.000191 0.000208 0.000224 0.000236 0.000246 0.000252 0.000254 0.000252 0.000246 0.000236 0.000224 0.000208 0.000191 0.000173 0.000154 0.000134 0.000116 0.000098 0.000082 0.000067 0.000055 0.000043 0.000034 0.000026 0.000020 0.000015 0.000011 0.000008 0.000006 0.000004 0.000003 0.000002 0.000001 0.000001 0.000001 0.000000 0.000000 0.000000 0.000000 0.000000 0.000000 0.000000 0.000000 0.000000 0.000000 0.000000 0.000000 0.000000 0.000000 0.000000 0.000000 0.000000 0.000000 0.000000 0.000000 0.000000 
0.000000 0.000000 0.000000 0.000000 0.000000 0.000000 0.000000 0.000000 0.000000 0.000000 0.000000 0.000000 0.000000 0.000000 0.000000 0.000000 0.000000 0.000000 0.000000 0.000000 0.000000 0.000001 0.000001 0.000002 0.000002 0.000004 0.000005 0.000008 0.000011 0.000015 0.000021 0.000028 0.000038 0.000049 0.000064 0.000081 0.000102 0.000126 0.000153 0.000184 0.000217 0.000251 0.000287 0.000323 0.000357 0.000390 0.000418 0.000442 0.000459 0.000470 0.000474 0.000470 0.000459 0.000442 0.000418 0.000390 0.000357 0.000323 0.000287 0.000251 0.000217 0.000184 0.000153 0.000126 0.000102 0.000081 0.000064 0.000049 0.000038 0.000028 0.000021 0.000015 0.000011 0.000008 0.000005 0.000004 0.000002 0.000002 0.000001 0.000001 0.000000 0.000000 0.000000 0.000000 0.000000 0.000000 0.000000 0.000000 0.000000 0.000000 0.000000 0.000000 0.000000 0.000000 0.000000 0.000000 0.000000 0.000000 0.000000 0.000000 
0.000000 0.000000 0.000000 0.000000 0.000000 0.000000 0.000000 0.000000 0.000000 0.000000 0.000000 0.000000 0.000000 0.000000 0.000000 0.000000 0.000000 0.000000 0.000000 0.000000 0.000001 0.000001 0.000002 0.000003 0.000005 0.000007 0.000010 0.000014 0.000020 0.000028 0.000039 0.000052 0.000070 0.000091 0.000118 0.000151 0.000189 0.000233 0.000283 0.000339 0.000399 0.000463 0.000529 0.000595 0.000659 0.000718 0.000770 0.000814 0.000846 0.000866 0.000873 0.000866 0.000846 0.000814 0.000770 0.000718 0.000659 0.000595 0.000529 0.000463 0.000399 0.000339 0.000283 0.000233 0.000189 0.000151 0.000118 0.000091 0.000070 0.000052 0.000039 0.000028 0.000020 0.000014 0.000010 0.000007 0.000005 0.000003 0.000002 0.000001 0.000001 0.000000 0.000000 0.000000 0.000000 0.000000 0.000000 0.000000 0.000000 0.000000 0.000000 0.000000 0.000000 0.000000 0.000000 0.000000 0.000000 0.000000 0.000000 0.000000 
0.000000 0.000000 0.000000 0.000000 0.000000 0.000000 0.000000 0.000000 0.000000 0.000000 0.000000 0.000000 0.000000 0.000000 0.000000 0.000000 0.000000 0.000000 0.000001 0.000001 0.000001 0.000002 0.000004 0.000006 0.000008 0.000012 0.000018 0.000026 0.000037 0.000051 0.000070 0.000095 0.000127 0.000167 0.000215 0.000274 0.000344 0.000424 0.000516 0.000617 0.000727 0.000843 0.000962 0.001082 0.001197 0.001305 0.001400 0.001478 0.001537 0.001574 0.001586 0.001574 0.001537 0.001478 0.001400 0.001305 0.001197 0.001082 0.000962 0.000843 0.000727 0.000617 0.000516 0.000424 0.000344 0.000274 0.000215 0.000167 0.000127 0.000095 0.000070 0.000051 0.000037 0.000026 0.000018 0.000012 0.000008 0.000006 0.000004 0.000002 0.000001 0.000001 0.000001 0.000000 0.000000 0.000000 0.000000 0.000000 0.000000 0.000000 0.000000 0.000000 0.000000 0.000000 0.000000 0.000000 0.000000 0.000000 0.000000 0.000000 
0.000000 0.000000 0.000000 0.000000 0.000000 0.000000 0.000000 0.000000 0.000000 0.000000 0.000000 0.000000 0.000000 0.000000 0.000000 0.000000 0.000000 0.000001 0.000001 0.000002 0.000003 0.000004 0.000007 0.000010 0.000015 0.000022 0.000032 0.000047 0.000066 0.000092 0.000127 0.000171 0.000228 0.000300 0.000387 0.000493 0.000617 0.000762 0.000925 0.001106 0.001303 0.001511 0.001725 0.001939 0.002145 0.002337 0.002507 0.002648 0.002753 0.002819 0.002841 0.002819 0.002753 0.002648 0.002507 0.002337 0.002145 0.001939 0.001725 0.001511 0.001303 0.001106 0.000925 0.000762 0.000617 0.000493 0.000387 0.000300 0.000228 0.000171 0.000127 0.000092 0.000066 0.000047 0.000032 0.000022 0.000015 0.000010 0.000007 0.000004 0.000003 0.000002 0.000001 0.000001 0.000000 0.000000 0.000000 0.000000 0.000000 0.000000 0.000000 0.000000 0.000000 0.000000 0.000000 0.000000 0.000000 0.000000 0.000000 0.000000 
0.000000 0.000000 0.000000 0.000000 0.000000 0.000000 0.000000 0.000000 0.000000 0.000000 0.000000 0.000000 0.000000 0.000000 0.000000 0.000000 0.000001 0.000001 0.000002 0.000003 0.000005 0.000007 0.000012 0.000018 0.000027 0.000040 0.000058 0.000083 0.000117 0.000164 0.000225 0.000304 0.000405 0.000531 0.000686 0.000872 0.001093 0.001348 0.001636 0.001957 0.002304 0.002670 0.003048 0.003425 0.003790 0.004129 0.004428 0.004676 0.004862 0.004977 0.005016 0.004977 0.004862 0.004676 0.004428 0.004129 0.003790 0.003425 0.003048 0.002670 0.002304 0.001957 0.001636 0.001348 0.001093 0.000872 0.000686 0.000531 0.000405 0.000304 0.000225 0.000164 0.000117 0.000083 0.000058 0.000040 0.000027 0.000018 0.000012 0.000007 0.000005 0.000003 0.000002 0.000001 0.000001 0.000000 0.000000 0.000000 0.000000 0.000000 0.000000 0.000000 0.000000 0.000000 0.000000 0.000000 0.000000 0.000000 0.000000 0.000000 
0.000000 0.000000 0.000000 0.000000 0.000000 0.000000 0.000000 0.000000 0.000000 0.000000 0.000000 0.000000 0.000000 0.000000 0.000000 0.000001 0.000001 0.000002 0.000003 0.000005 0.000008 0.000013 0.000020 0.000031 0.000047 0.000069 0.000101 0.000145 0.000206 0.000287 0.000393 0.000532 0.000708 0.000928 0.001198 0.001523 0.001907 0.002351 0.002854 0.003411 0.004015 0.004653 0.005310 0.005966 0.006600 0.007189 0.007710 0.008141 0.008464 0.008664 0.008731 0.008664 0.008464 0.008141 0.007710 0.007189 0.006600 0.005966 0.005310 0.004653 0.004015 0.003411 0.002854 0.002351 0.001907 0.001523 0.001198 0.000928 0.000708 0.000532 0.000393 0.000287 0.000206 0.000145 0.000101 0.000069 0.000047 0.000031 0.000020 0.000013 0.000008 0.000005 0.000003 0.000002 0.000001 0.000001 0.000000 0.000000 0.000000 0.000000 0.000000 0.000000 0.000000 0.000000 0.000000 0.000000 0.000000 0.000000 0.000000 0.000000 
0.000000 0.000000 0.000000 0.000000 0.000000 0.000000 0.000000 0.000000 0.000000 0.000000 0.000000 0.000000 0.000000 0.000000 0.000001 0.000001 0.000002 0.000003 0.000006 0.000009 0.000015 0.000023 0.000035 0.000054 0.000081 0.000120 0.000175 0.000251 0.000355 0.000494 0.000678 0.000916 0.001219 0.001598 0.002062 0.002621 0.003280 0.004043 0.004906 0.005863 0.006899 0.007994 0.009120 0.010245 0.011332 0.012341 0.013234 0.013973 0.014526 0.014868 0.014984 0.014868 0.014526 0.013973 0.013234 0.012341 0.011332 0.010245 0.009120 0.007994 0.006899 0.005863 0.004906 0.004043 0.003280 0.002621 0.002062 0.001598 0.001219 0.000916 0.000678 0.000494 0.000355 0.000251 0.000175 0.000120 0.000081 0.000054 0.000035 0.000023 0.000015 0.000009 0.000006 0.000003 0.000002 0.000001 0.000001 0.000000 0.000000 0.000000 0.000000 0.000000 0.000000 0.000000 0.000000 0.000000 0.000000 0.000000 0.000000 0.000000 
0.000000 0.000000 0.000000 0.000000 0.000000 0.000000 0.000000 0.000000 0.000000 0.000000 0.000000 0.000000 0.000000 0.000001 0.000001 0.000002 0.000004 0.000006 0.000010 0.000016 0.000025 0.000039 0.000060 0.000092 0.000138 0.000204 0.000298 0.000427 0.000604 0.000841 0.001153 0.001557 0.002071 0.002713 0.003500 0.004446 0.005563 0.006853 0.008314 0.009933 0.011686 0.013537 0.015441 0.017342 0.019179 0.020885 0.022394 0.023642 0.024576 0.025154 0.025349 0.025154 0.024576 0.023642 0.022394 0.020885 0.019179 0.017342 0.015441 0.013537 0.011686 0.009933 0.008314 0.006853 0.005563 0.004446 0.003500 0.002713 0.002071 0.001557 0.001153 0.000841 0.000604 0.000427 0.000298 0.000204 0.000138 0.000092 0.000060 0.000039 0.000025 0.000016 0.000010 0.000006 0.000004 0.000002 0.000001 0.000001 0.000000 0.000000 0.000000 0.000000 0.000000 0.000000 0.000000 0.000000 0.000000 0.000000 0.000000 0.000000 
0.000000 0.000000 0.000000 0.000000 0.000000 0.000000 0.000000 0.000000 0.000000 0.000000 0.000000 0.000000 0.000001 0.000001 0.000002 0.000004 0.000006 0.000010 0.000016 0.000026 0.000042 0.000066 0.000102 0.000155 0.000232 0.000343 0.000500 0.000717 0.001013 0.001409 0.001932 0.002608 0.003467 0.004540 0.005854 0.007434 0.009298 0.011452 0.013889 0.016589 0.019511 0.022596 0.025770 0.028939 0.031999 0.034841 0.037353 0.039432 0.040987 0.041950 0.042276 0.041950 0.040987 0.039432 0.037353 0.034841 0.031999 0.028939 0.025770 0.022596 0.019511 0.016589 0.013889 0.011452 0.009298 0.007434 0.005854 0.004540 0.003467 0.002608 0.001932 0.001409 0.001013 0.000717 0.000500 0.000343 0.000232 0.000155 0.000102 0.000066 0.000042 0.000026 0.000016 0.000010 0.000006 0.000004 0.000002 0.000001 0.000001 0.000000 0.000000 0.000000 0.000000 0.000000 0.000000 0.000000 0.000000 0.000000 0.000000 0.000000 
0.000000 0.000000 0.000000 0.000000 0.000000 0.000000 0.000000 0.000000 0.000000 0.000000 0.000000 0.000001 0.000001 0.000002 0.000003 0.000006 0.000010 0.000016 0.000027 0.000044 0.000070 0.000109 0.000169 0.000257 0.000385 0.000568 0.000827 0.001186 0.001674 0.002329 0.003190 0.004304 0.005720 0.007487 0.009651 0.012253 0.015319 0.018862 0.022870 0.027309 0.032111 0.037181 0.042394 0.047599 0.052626 0.057292 0.061417 0.064830 0.067384 0.068964 0.069499 0.068964 0.067384 0.064830 0.061417 0.057292 0.052626 0.047599 0.042394 0.037181 0.032111 0.027309 0.022870 0.018862 0.015319 0.012253 0.009651 0.007487 0.005720 0.004304 0.003190 0.002329 0.001674 0.001186 0.000827 0.000568 0.000385 0.000257 0.000169 0.000109 0.000070 0.000044 0.000027 0.000016 0.000010 0.000006 0.000003 0.000002 0.000001 0.000001 0.000000 0.000000 0.000000 0.000000 0.000000 0.000000 0.000000 0.000000 0.000000 0.000000 
0.000000 0.000000 0.000000 0.000000 0.000000 0.000000 0.000000 0.000000 0.000000 0.000000 0.000001 0.000001 0.000002 0.000003 0.000006 0.000010 0.000016 0.000027 0.000044 0.000072 0.000114 0.000178 0.000275 0.000419 0.000628 0.000927 0.001349 0.001932 0.002727 0.003791 0.005192 0.007002 0.009302 0.012170 0.015683 0.019903 0.024877 0.030621 0.037118 0.044310 0.052090 0.060303 0.068745 0.077173 0.085310 0.092863 0.099539 0.105063 0.109195 0.111752 0.112618 0.111752 0.109195 0.105063 0.099539 0.092863 0.085310 0.077173 0.068745 0.060303 0.052090 0.044310 0.037118 0.030621 0.024877 0.019903 0.015683 0.012170 0.009302 0.007002 0.005192 0.003791 0.002727 0.001932 0.001349 0.000927 0.000628 0.000419 0.000275 0.000178 0.000114 0.000072 0.000044 0.000027 0.000016 0.000010 0.000006 0.000003 0.000002 0.000001 0.000001 0.000000 0.000000 0.000000 0.000000 0.000000 0.000000 0.000000 0.000000 0.000000 
0.000000 0.000000 0.000000 0.000000 0.000000 0.000000 0.000000 0.000000 0.000000 0.000000 0.000001 0.000002 0.000003 0.000005 0.000009 0.000016 0.000026 0.000044 0.000072 0.000115 0.000183 0.000287 0.000444 0.000674 0.001010 0.001491 0.002167 0.003104 0.004378 0.006084 0.008327 0.011227 0.014908 0.019498 0.025117 0.031866 0.039816 0.048995 0.059376 0.070863 0.083287 0.096399 0.109874 0.123325 0.136309 0.148361 0.159011 0.167822 0.174414 0.178492 0.179873 0.178492 0.174414 0.167822 0.159011 0.148361 0.136309 0.123325 0.109874 0.096399 0.083287 0.070863 0.059376 0.048995 0.039816 0.031866 0.025117 0.019498 0.014908 0.011227 0.008327 0.006084 0.004378 0.003104 0.002167 0.001491 0.001010 0.000674 0.000444 0.000287 0.000183 0.000115 0.000072 0.000044 0.000026 0.000016 0.000009 0.000005 0.000003 0.000002 0.000001 0.000000 0.000000 0.000000 0.000000 0.000000 0.000000 0.000000 0.000000 0.000000 
0.000000 0.000000 0.000000 0.000000 0.000000 0.000000 0.000000 0.000000 0.000000 0.000001 0.000001 0.000003 0.000005 0.000008 0.000015 0.000025 0.000042 0.000070 0.000114 0.000183 0.000292 0.000456 0.000704 0.001070 0.001601 0.002362 0.003432 0.004912 0.006927 0.009621 0.013163 0.017739 0.023547 0.030787 0.039644 0.050281 0.062806 0.077265 0.093611 0.111695 0.131249 0.151882 0.173084 0.194242 0.214664 0.233617 0.250365 0.264218 0.274582 0.280994 0.283165 0.280994 0.274582 0.264218 0.250365 0.233617 0.214664 0.194242 0.173084 0.151882 0.131249 0.111695 0.093611 0.077265 0.062806 0.050281 0.039644 0.030787 0.023547 0.017739 0.013163 0.009621 0.006927 0.004912 0.003432 0.002362 0.001601 0.001070 0.000704 0.000456 0.000292 0.000183 0.000114 0.000070 0.000042 0.000025 0.000015 0.000008 0.000005 0.000003 0.000001 0.000001 0.000000 0.000000 0.000000 0.000000 0.000000 0.000000 0.000000 0.000000 
0.000000 0.000000 0.000000 0.000000 0.000000 0.000000 0.000000 0.000000 0.000001 0.000001 0.000002 0.000004 0.000007 0.000013 0.000023 0.000039 0.000066 0.000109 0.000178 0.000287 0.000456 0.000714 0.001101 0.001672 0.002501 0.003687 0.005355 0.007662 0.010799 0.014993 0.020505 0.027623 0.036653 0.047905 0.061668 0.078189 0.097639 0.120084 0.145453 0.173513 0.203846 0.235846 0.268723 0.301527 0.333187 0.362564 0.388521 0.409991 0.426050 0.435987 0.439351 0.435987 0.426050 0.409991 0.388521 0.362564 0.333187 0.301527 0.268723 0.235846 0.203846 0.173513 0.145453 0.120084 0.097639 0.078189 0.061668 0.047905 0.036653 0.027623 0.020505 0.014993 0.010799 0.007662 0.005355 0.003687 0.002501 0.001672 0.001101 0.000714 0.000456 0.000287 0.000178 0.000109 0.000066 0.000039 0.000023 0.000013 0.000007 0.000004 0.000002 0.000001 0.000001 0.000000 0.000000 0.000000 0.000000 0.000000 0.000000 0.000000 
0.000000 0.000000 0.000000 0.000000 0.000000 0.000000 0.000000 0.000001 0.000001 0.000002 0.000004 0.000007 0.000012 0.000020 0.000035 0.000060 0.000102 0.000169 0.000275 0.000444 0.000704 0.001101 0.001696 0.002574 0.003850 0.005673 0.008235 0.011776 0.016590 0.023024 0.031476 0.042387 0.056224 0.073459 0.094534 0.119823 0.149588 0.183928 0.222732 0.265640 0.312016 0.360931 0.411177 0.461305 0.509676 0.554556 0.594207 0.627000 0.651528 0.666705 0.671842 0.666705 0.651528 0.627000 0.594207 0.554556 0.509676 0.461305 0.411177 0.360931 0.312016 0.265640 0.222732 0.183928 0.149588 0.119823 0.094534 0.073459 0.056224 0.042387 0.031476 0.023024 0.016590 0.011776 0.008235 0.005673 0.003850 0.002574 0.001696 0.001101 0.000704 0.000444 0.000275 0.000169 0.000102 0.000060 0.000035 0.000020 0.000012 0.000007 0.000004 0.000002 0.000001 0.000001 0.000000 0.000000 0.000000 0.000000 0.000000 0.000000 
0.000000 0.000000 0.000000 0.000000 0.000000 0.000000 0.000000 0.000001 0.000002 0.000003 0.000006 0.000010 0.000018 0.000031 0.000054 0.000092 0.000155 0.000257 0.000419 0.000674 0.001070 0.001672 0.002574 0.003905 0.005838 0.008598 0.012476 0.017834 0.025115 0.034841 0.047613 0.064093 0.084988 0.111003 0.142806 0.180957 0.225847 0.277623 0.336116 0.400782 0.470659 0.544348 0.620031 0.695523 0.768361 0.835934 0.895628 0.944994 0.981917 1.004761 1.012493 1.004761 0.981917 0.944994 0.895628 0.835934 0.768361 0.695523 0.620031 0.544348 0.470659 0.400782 0.336116 0.277623 0.225847 0.180957 0.142806 0.111003 0.084988 0.064093 0.047613 0.034841 0.025115 0.017834 0.012476 0.008598 0.005838 0.003905 0.002574 0.001672 0.001070 0.000674 0.000419 0.000257 0.000155 0.000092 0.000054 0.000031 0.000018 0.000010 0.000006 0.000003 0.000002 0.000001 0.000000 0.000000 0.000000 0.000000 0.000000 0.000000 
0.000000 0.000000 0.000000 0.000000 0.000000 0.000000 0.000001 0.000001 0.000002 0.000005 0.000008 0.000015 0.000027 0.000047 0.000081 0.000138 0.000232 0.000385 0.000628 0.001010 0.001601 0.002501 0.003850 0.005838 0.008723 0.012842 0.018625 0.026613 0.037462 0.051950 0.070967 0.095499 0.126589 0.165288 0.212581 0.269298 0.336015 0.412947 0.499840 0.595883 0.699644 0.809046 0.921390 1.033434 1.141527 1.241795 1.330363 1.403604 1.458380 1.492268 1.503739 1.492268 1.458380 1.403604 1.330363 1.241795 1.141527 1.033434 0.921390 0.809046 0.699644 0.595883 0.499840 0.412947 0.336015 0.269298 0.212581 0.165288 0.126589 0.095499 0.070967 0.051950 0.037462 0.026613 0.018625 0.012842 0.008723 0.005838 0.003850 0.002501 0.001601 0.001010 0.000628 0.000385 0.000232 0.000138 0.000081 0.000047 0.000027 0.000015 0.000008 0.000005 0.000002 0.000001 0.000001 0.000000 0.000000 0.000000 0.000000 0.000000 
0.000000 0.000000 0.000000 0.000000 0.000000 0.000001 0.000001 0.000002 0.000004 0.000007 0.000012 0.000022 0.000040 0.000069 0.000120 0.000204 0.000343 0.000568 0.000927 0.001491 0.002362 0.003687 0.005673 0.008598 0.012842 0.018896 0.027395 0.039128 0.055059 0.076323 0.104226 0.140208 0.185794 0.242520 0.311821 0.394911 0.492625 0.605273 0.732477 0.873046 1.024884 1.184949 1.349292 1.513173 1.671257 1.817881 1.947385 2.054470 2.134554 2.184098 2.200867 2.184098 2.134554 2.054470 1.947385 1.817881 1.671257 1.513173 1.349292 1.184949 1.024884 0.873046 0.732477 0.605273 0.492625 0.394911 0.311821 0.242520 0.185794 0.140208 0.104226 0.076323 0.055059 0.039128 0.027395 0.018896 0.012842 0.008598 0.005673 0.003687 0.002362 0.001491 0.000927 0.000568 0.000343 0.000204 0.000120 0.000069 0.000040 0.000022 0.000012 0.000007 0.000004 0.000002 0.000001 0.000001 0.000000 0.000000 0.000000 0.000000 
0.000000 0.000000 0.000000 0.000000 0.000000 0.000001 0.000001 0.000003 0.000005 0.000010 0.000018 0.000032 0.000058 0.000101 0.000175 0.000298 0.000500 0.000827 0.001349 0.002167 0.003432 0.005355 0.008235 0.012476 0.018625 0.027395 0.039700 0.056682 0.079729 0.110483 0.150823 0.202826 0.268689 0.350622 0.450691 0.570637 0.711662 0.874200 1.057702 1.260445 1.479400 1.710179 1.947093 2.183309 2.411141 2.622437 2.809047 2.963341 3.078724 3.150104 3.174264 3.150104 3.078724 2.963341 2.809047 2.622437 2.411141 2.183309 1.947093 1.710179 1.479400 1.260445 1.057702 0.874200 0.711662 0.570637 0.450691 0.350622 0.268689 0.202826 0.150823 0.110483 0.079729 0.056682 0.039700 0.027395 0.018625 0.012476 0.008235 0.005355 0.003432 0.002167 0.001349 0.000827 0.000500 0.000298 0.000175 0.000101 0.000058 0.000032 0.000018 0.000010 0.000005 0.000003 0.000001 0.000001 0.000000 0.000000 0.000000 0.000000 
0.000000 0.000000 0.000000 0.000000 0.000001 0.000001 0.000002 0.000004 0.000008 0.000014 0.000026 0.000047 0.000083 0.000145 0.000251 0.000427 0.000717 0.001186 0.001932 0.003104 0.004912 0.007662 0.011776 0.017834 0.026613 0.039128 0.056682 0.080898 0.113750 0.157573 0.215038 0.289092 0.382856 0.499464 0.641845 0.812464 1.013018 1.244116 1.504967 1.793114 2.104246 2.432130 2.768680 3.104197 3.427770 3.727828 3.992809 4.211888 4.375711 4.477054 4.511355 4.477054 4.375711 4.211888 3.992809 3.727828 3.427770 3.104197 2.768680 2.432130 2.104246 1.793114 1.504967 1.244116 1.013018 0.812464 0.641845 0.499464 0.382856 0.289092 0.215038 0.157573 0.113750 0.080898 0.056682 0.039128 0.026613 0.017834 0.011776 0.007662 0.004912 0.003104 0.001932 0.001186 0.000717 0.000427 0.000251 0.000145 0.000083 0.000047 0.000026 0.000014 0.000008 0.000004 0.000002 0.000001 0.000001 0.000000 0.000000 0.000000 
0.000000 0.000000 0.000000 0.000000 0.000001 0.000002 0.000003 0.000006 0.000011 0.000020 0.000037 0.000066 0.000117 0.000206 0.000355 0.000604 0.001013 0.001674 0.002727 0.004378 0.006927 0.010799 0.016590 0.025115 0.037462 0.055059 0.079729 0.113750 0.159890 0.221416 0.302069 0.405975 0.537498 0.701018 0.900629 1.139770 1.420805 1.744571 2.109947 2.513484 2.949138 3.408178 3.879285 4.348889 4.801726 5.221617 5.592393 5.898923 6.128128 6.269913 6.317902 6.269913 6.128128 5.898923 5.592393 5.221617 4.801726 4.348889 3.879285 3.408178 2.949138 2.513484 2.109947 1.744571 1.420805 1.139770 0.900629 0.701018 0.537498 0.405975 0.302069 0.221416 0.159890 0.113750 0.079729 0.055059 0.037462 0.025115 0.016590 0.010799 0.006927 0.004378 0.002727 0.001674 0.001013 0.000604 0.000355 0.000206 0.000117 0.000066 0.000037 0.000020 0.000011 0.000006 0.000003 0.000002 0.000001 0.000000 0.000000 0.000000 
0.000000 0.000000 0.000000 0.000001 0.000001 0.000002 0.000004 0.000008 0.000015 0.000028 0.000051 0.000092 0.000164 0.000287 0.000494 0.000841 0.001409 0.002329 0.003791 0.006084 0.009621 0.014993 0.023024 0.034841 0.051950 0.076323 0.110483 0.157573 0.221416 0.306523 0.418052 0.561694 0.743465 0.969398 1.245129 1.575389 1.963419 2.410357 2.914641 3.471495 4.072573 4.705823 5.355636 6.003298 6.627773 7.206762 7.717990 8.140610 8.456607 8.652075 8.718232 8.652075 8.456607 8.140610 7.717990 7.206762 6.627773 6.003298 5.355636 4.705823 4.072573 3.471495 2.914641 2.410357 1.963419 1.575389 1.245129 0.969398 0.743465 0.561694 0.418052 0.306523 0.221416 0.157573 0.110483 0.076323 0.051950 0.034841 0.023024 0.014993 0.009621 0.006084 0.003791 0.002329 0.001409 0.000841 0.000494 0.000287 0.000164 0.000092 0.000051 0.000028 0.000015 0.000008 0.000004 0.000002 0.000001 0.000001 0.000000 0.000000 
0.000000 0.000000 0.000000 0.000001 0.000002 0.000003 0.000006 0.000011 0.000021 0.000039 0.000070 0.000127 0.000225 0.000393 0.000678 0.001153 0.001932 0.003190 0.005192 0.008327 0.013163 0.020505 0.031476 0.047613 0.070967 0.104226 0.150823 0.215038 0.302069 0.418052 0.569998 0.765642 1.013153 1.320721 1.695992 2.145376 2.673257 3.281161 3.966939 4.724081 5.541227 6.401991 7.285156 8.165301 9.013852 9.800530 10.495092 11.069237 11.498513 11.764046 11.853915 11.764046 11.498513 11.069237 10.495092 9.800530 9.013852 8.165301 7.285156 6.401991 5.541227 4.724081 3.966939 3.281161 2.673257 2.145376 1.695992 1.320721 1.013153 0.765642 0.569998 0.418052 0.302069 0.215038 0.150823 0.104226 0.070967 0.047613 0.031476 0.020505 0.013163 0.008327 0.005192 0.003190 0.001932 0.001153 0.000678 0.000393 0.000225 0.000127 0.000070 0.000039 0.000021 0.000011 0.000006 0.000003 0.000002 0.000001 0.000000 0.000000 
0.000000 0.000000 0.000000 0.000001 0.000002 0.000004 0.000008 0.000015 0.000028 0.000052 0.000095 0.000171 0.000304 0.000532 0.000916 0.001557 0.002608 0.004304 0.007002 0.011227 0.017739 0.027623 0.042387 0.064093 0.095499 0.140208 0.202826 0.289092 0.405975 0.561694 0.765642 1.028172 1.360219 1.772738 2.275947 2.878410 3.585969 4.400637 5.319508 6.333837 7.428393 8.581221 9.763910 10.942429 12.078539 13.131724 14.061524 14.830082 15.404695 15.760117 15.880408 15.760117 15.404695 14.830082 14.061524 13.131724 12.078539 10.942429 9.763910 8.581221 7.428393 6.333837 5.319508 4.400637 3.585969 2.878410 2.275947 1.772738 1.360219 1.028172 0.765642 0.561694 0.405975 0.289092 0.202826 0.140208 0.095499 0.064093 0.042387 0.027623 0.017739 0.011227 0.007002 0.004304 0.002608 0.001557 0.000916 0.000532 0.000304 0.000171 0.000095 0.000052 0.000028 0.000015 0.000008 0.000004 0.000002 0.000001 0.000000 0.000000 
0.000000 0.000000 0.000001 0.000001 0.000003 0.000005 0.000011 0.000020 0.000038 0.000070 0.000127 0.000228 0.000405 0.000708 0.001219 0.002071 0.003467 0.005720 0.009302 0.014908 0.023547 0.036653 0.056224 0.084988 0.126589 0.185794 0.268689 0.382856 0.537498 0.743465 1.013153 1.360219 1.799083 2.344182 3.008977 3.804737 4.739137 5.814794 7.027839 8.366701 9.811257 11.332528 12.893026 14.447864 15.946619 17.335874 18.562295 19.575984 20.333840 20.802594 20.961239 20.802594 20.333840 19.575984 18.562295 17.335874 15.946619 14.447864 12.893026 11.332528 9.811257 8.366701 7.027839 5.814794 4.739137 3.804737 3.008977 2.344182 1.799083 1.360219 1.013153 0.743465 0.537498 0.382856 0.268689 0.185794 0.126589 0.084988 0.056224 0.036653 0.023547 0.014908 0.009302 0.005720 0.003467 0.002071 0.001219 0.000708 0.000405 0.000228 0.000127 0.000070 0.000038 0.000020 0.000011 0.000005 0.000003 0.000001 0.000001 0.000000 
0.000000 0.000000 0.000001 0.000002 0.000004 0.000007 0.000014 0.000026 0.000049 0.000091 0.000167 0.000300 0.000531 0.000928 0.001598 0.002713 0.004540 0.007487 0.012170 0.019498 0.030787 0.047905 0.073459 0.111003 0.165288 0.242520 0.350622 0.499464 0.701018 0.969398 1.320721 1.772738 2.344182 3.053802 3.919072 4.954601 6.170329 7.569609 9.147367 10.888521 12.766882 14.744758 16.773417 18.794526 20.742569 22.548159 24.142020 25.459351 26.444181 27.053310 27.259461 27.053310 26.444181 25.459351 24.142020 22.548159 20.742569 18.794526 16.773417 14.744758 12.766882 10.888521 9.147367 7.569609 6.170329 4.954601 3.919072 3.053802 2.344182 1.772738 1.320721 0.969398 0.701018 0.499464 0.350622 0.242520 0.165288 0.111003 0.073459 0.047905 0.030787 0.019498 0.012170 0.007487 0.004540 0.002713 0.001598 0.000928 0.000531 0.000300 0.000167 0.000091 0.000049 0.000026 0.000014 0.000007 0.000004 0.000002 0.000001 0.000000 
0.000000 0.000000 0.000001 0.000002 0.000005 0.000009 0.000018 0.000034 0.000064 0.000118 0.000215 0.000387 0.000686 0.001198 0.002062 0.003500 0.005854 0.009651 0.015683 0.025117 0.039644 0.061668 0.094534 0.142806 0.212581 0.311821 0.450691 0.641845 0.900629 1.245129 1.695992 2.275947 3.008977 3.919072 5.028577 6.356161 7.914503 9.707845 11.729631 13.960495 16.366860 18.900427 21.498783 24.087234 26.581912 28.894007 30.934864 32.621562 33.882486 34.662365 34.926302 34.662365 33.882486 32.621562 30.934864 28.894007 26.581912 24.087234 21.498783 18.900427 16.366860 13.960495 11.729631 9.707845 7.914503 6.356161 5.028577 3.919072 3.008977 2.275947 1.695992 1.245129 0.900629 0.641845 0.450691 0.311821 0.212581 0.142806 0.094534 0.061668 0.039644 0.025117 0.015683 0.009651 0.005854 0.003500 0.002062 0.001198 0.000686 0.000387 0.000215 0.000118 0.000064 0.000034 0.000018 0.000009 0.000005 0.000002 0.000001 0.000000 
0.000000 0.000001 0.000001 0.000003 0.000006 0.000012 0.000023 0.000043 0.000081 0.000151 0.000274 0.000493 0.000872 0.001523 0.002621 0.004446 0.007434 0.012253 0.019903 0.031866 0.050281 0.078189 0.119823 0.180957 0.269298 0.394911 0.570637 0.812464 1.139770 1.575389 2.145376 2.878410 3.804737 4.954601 6.356161 8.032923 10.000824 12.265151 14.817569 17.633581 20.670773 23.868176 27.147029 30.413107 33.560631 36.477604 39.052243 41.180004 42.770601 43.754362 44.087295 43.754362 42.770601 41.180004 39.052243 36.477604 33.560631 30.413107 27.147029 23.868176 20.670773 17.633581 14.817569 12.265151 10.000824 8.032923 6.356161 4.954601 3.804737 2.878410 2.145376 1.575389 1.139770 0.812464 0.570637 0.394911 0.269298 0.180957 0.119823 0.078189 0.050281 0.031866 0.019903 0.012253 0.007434 0.004446 0.002621 0.001523 0.000872 0.000493 0.000274 0.000151 0.000081 0.000043 0.000023 0.000012 0.000006 0.000003 0.000001 0.000000 
0.000000 0.000001 0.000002 0.000004 0.000008 0.000015 0.000029 0.000055 0.000102 0.000189 0.000344 0.000617 0.001093 0.001907 0.003280 0.005563 0.009298 0.015319 0.024877 0.039816 0.062806 0.097639 0.149588 0.225847 0.336015 0.492625 0.711662 1.013018 1.420805 1.963419 2.673257 3.585969 4.739137 6.170329 7.914503 10.000824 12.449033 15.265627 18.440169 21.942138 25.718752 29.694187 33.770529 37.830666 41.743154 45.368842 48.568863 51.213354 53.190172 54.412780 54.826542 54.412780 53.190172 51.213354 48.568863 45.368842 41.743154 37.830666 33.770529 29.694187 25.718752 21.942138 18.440169 15.265627 12.449033 10.000824 7.914503 6.170329 4.739137 3.585969 2.673257 1.963419 1.420805 1.013018 0.711662 0.492625 0.336015 0.225847 0.149588 0.097639 0.062806 0.039816 0.024877 0.015319 0.009298 0.005563 0.003280 0.001907 0.001093 0.000617 0.000344 0.000189 0.000102 0.000055 0.000029 0.000015 0.000008 0.000004 0.000001 0.000000 
0.000000 0.000001 0.000002 0.000005 0.000009 0.000018 0.000035 0.000067 0.000126 0.000233 0.000424 0.000762 0.001348 0.002351 0.004043 0.006853 0.011452 0.018862 0.030621 0.048995 0.077265 0.120084 0.183928 0.277623 0.412947 0.605273 0.874200 1.244116 1.744571 2.410357 3.281161 4.400637 5.814794 7.569609 9.707845 12.265151 15.265627 18.717143 22.606831 26.897232 31.523643 36.393162 41.385867 46.358357 51.149708 55.589591 59.508036 62.746112 65.166580 66.663546 67.170153 66.663546 65.166580 62.746112 59.508036 55.589591 51.149708 46.358357 41.385867 36.393162 31.523643 26.897232 22.606831 18.717143 15.265627 12.265151 9.707845 7.569609 5.814794 4.400637 3.281161 2.410357 1.744571 1.244116 0.874200 0.605273 0.412947 0.277623 0.183928 0.120084 0.077265 0.048995 0.030621 0.018862 0.011452 0.006853 0.004043 0.002351 0.001348 0.000762 0.000424 0.000233 0.000126 0.000067 0.000035 0.000018 0.000009 0.000004 0.000002 0.000000 
0.000000 0.000001 0.000003 0.000006 0.000011 0.000022 0.000043 0.000082 0.000153 0.000283 0.000516 0.000925 0.001636 0.002854 0.004906 0.008314 0.013889 0.022870 0.037118 0.059376 0.093611 0.145453 0.222732 0.336116 0.499840 0.732477 1.057702 1.504967 2.109947 2.914641 3.966939 5.319508 7.027839 9.147367 11.729631 14.817569 18.440169 22.606831 27.301932 32.480187 38.063461 43.939622 49.963970 55.963515 61.744162 67.100494 71.827555 75.733710 78.653495 80.459237 81.070337 80.459237 78.653495 75.733710 71.827555 67.100494 61.744162 55.963515 49.963970 43.939622 38.063461 32.480187 27.301932 22.606831 18.440169 14.817569 11.729631 9.147367 7.027839 5.319508 3.966939 2.914641 2.109947 1.504967 1.057702 0.732477 0.499840 0.336116 0.222732 0.145453 0.093611 0.059376 0.037118 0.022870 0.013889 0.008314 0.004906 0.002854 0.001636 0.000925 0.000516 0.000283 0.000153 0.000082 0.000043 0.000022 0.000011 0.000005 0.000002 0.000000 
0.000000 0.000001 0.000003 0.000007 0.000014 0.000027 0.000052 0.000098 0.000184 0.000339 0.000617 0.001106 0.001957 0.003411 0.005863 0.009933 0.016589 0.027309 0.044310 0.070863 0.111695 0.173513 0.265640 0.400782 0.595883 0.873046 1.260445 1.793114 2.513484 3.471495 4.724081 6.333837 8.366701 10.888521 13.960495 17.633581 21.942138 26.897232 32.480187 38.637082 45.274964 52.260507 59.421706 66.552971 73.423667 79.789735 85.407685 90.049870 93.519741 95.665652 96.391866 95.665652 93.519741 90.049870 85.407685 79.789735 73.423667 66.552971 59.421706 52.260507 45.274964 38.637082 32.480187 26.897232 21.942138 17.633581 13.960495 10.888521 8.366701 6.333837 4.724081 3.471495 2.513484 1.793114 1.260445 0.873046 0.595883 0.400782 0.265640 0.173513 0.111695 0.070863 0.044310 0.027309 0.016589 0.009933 0.005863 0.003411 0.001957 0.001106 0.000617 0.000339 0.000184 0.000098 0.000052 0.000027 0.000014 0.000007 0.000003 0.000000 
0.000000 0.000002 0.000004 0.000008 0.000016 0.000032 0.000061 0.000116 0.000217 0.000399 0.000727 0.001303 0.002304 0.004015 0.006899 0.011686 0.019511 0.032111 0.052090 0.083287 0.131249 0.203846 0.312016 0.470659 0.699644 1.024884 1.479400 2.104246 2.949138 4.072573 5.541227 7.428393 9.811257 12.766882 16.366860 20.670773 25.718752 31.523643 38.063461 45.274964 53.049229 61.230084 69.616107 77.966597 86.011563 93.465334 100.042925 105.477918 109.540298 112.052604 112.902805 112.052604 109.540298 105.477918 100.042925 93.465334 86.011563 77.966597 69.616107 61.230084 53.049229 45.274964 38.063461 31.523643 25.718752 20.670773 16.366860 12.766882 9.811257 7.428393 5.541227 4.072573 2.949138 2.104246 1.479400 1.024884 0.699644 0.470659 0.312016 0.203846 0.131249 0.083287 0.052090 0.032111 0.019511 0.011686 0.006899 0.004015 0.002304 0.001303 0.000727 0.000399 0.000217 0.000116 0.000061 0.000032 0.000016 0.000008 0.000003 0.000000 
0.000000 0.000002 0.000005 0.000009 0.000019 0.000037 0.000071 0.000134 0.000251 0.000463 0.000843 0.001511 0.002670 0.004653 0.007994 0.013537 0.022596 0.037181 0.060303 0.096399 0.151882 0.235846 0.360931 0.544348 0.809046 1.184949 1.710179 2.432130 3.408178 4.705823 6.401991 8.581221 11.332528 14.744758 18.900427 23.868176 29.694187 36.393162 43.939622 52.260507 61.230084 70.668150 80.342347 89.975051 99.254894 107.852459 115.439145 121.707779 126.393171 129.290731 130.271301 129.290731 126.393171 121.707779 115.439145 107.852459 99.254894 89.975051 80.342347 70.668150 61.230084 52.260507 43.939622 36.393162 29.694187 23.868176 18.900427 14.744758 11.332528 8.581221 6.401991 4.705823 3.408178 2.432130 1.710179 1.184949 0.809046 0.544348 0.360931 0.235846 0.151882 0.096399 0.060303 0.037181 0.022596 0.013537 0.007994 0.004653 0.002670 0.001511 0.000843 0.000463 0.000251 0.000134 0.000071 0.000037 0.000019 0.000009 0.000004 0.000000 
0.000000 0.000002 0.000005 0.000011 0.000022 0.000042 0.000081 0.000154 0.000287 0.000529 0.000962 0.001725 0.003048 0.005310 0.009120 0.015441 0.025770 0.042394 0.068745 0.109874 0.173084 0.268723 0.411177 0.620031 0.921390 1.349292 1.947093 2.768680 3.879285 5.355636 7.285156 9.763910 12.893026 16.773417 21.498783 27.147029 33.770529 41.385867 49.963970 59.421706 69.616107 80.342347 91.336371 102.282729 112.827674 122.596985 131.217396 138.339996 143.663579 146.955772 148.069885 146.955772 143.663579 138.339996 131.217396 122.596985 112.827674 102.282729 91.336371 80.342347 69.616107 59.421706 49.963970 41.385867 33.770529 27.147029 21.498783 16.773417 12.893026 9.763910 7.285156 5.355636 3.879285 2.768680 1.947093 1.349292 0.921390 0.620031 0.411177 0.268723 0.173084 0.109874 0.068745 0.042394 0.025770 0.015441 0.009120 0.005310 0.003048 0.001725 0.000962 0.000529 0.000287 0.000153 0.000081 0.000042 0.000021 0.000010 0.000004 0.000000 
