0.000000 0.000000 0.000000 0.000000 0.000000 0.000000 0.000000 0.000000 0.000000 0.000000 0.000000 0.000000 0.000000 0.000000 0.000000 0.000000 0.000000 0.000000 0.000000 0.000000 0.000000 0.000000 0.000000 0.000000 0.000000 0.000000 0.000000 0.000000 0.000000 0.000000 0.000000 0.000000 0.000000 0.000000 0.000000 0.000000 0.000000 0.000000 0.000000 0.000000 0.000000 0.000000 0.000000 0.000000 0.000000 0.000000 0.000000 0.000000 0.000000 0.000000 0.000000 0.000000 0.000000 0.000000 0.000000 0.000000 0.000000 0.000000 0.000000 0.000000 0.000000 0.000000 0.000000 0.000000 0.000000 0.000000 0.000000 0.000000 0.000000 0.000000 0.000000 0.000000 0.000000 0.000000 0.000000 0.000000 0.000000 0.000000 0.000000 0.000000 0.000000 0.000000 0.000000 0.000000 0.000000 0.000000 0.000000 0.000000 0.000000 0.000000 0.000000 0.000000 0.000000 0.000000 0.000000 0.000000 0.000000 0.000000 0.000000 0.000000 
0.000000 0.000000 0.000000 0.000000 0.000000 0.000000 0.000000 0.000000 0.000000 0.000000 0.000000 0.000000 0.000000 0.000000 0.000000 0.000000 0.000000 0.000000 0.000000 0.000000 0.000000 0.000000 0.000000 0.000000 0.000000 0.000000 0.000000 0.000000 0.000000 0.000000 0.000000 0.000000 0.000001 0.000001 0.000001 0.000001 0.000001 0.000002 0.000002 0.000002 0.000003 0.000003 0.000004 0.000004 0.000005 0.000005 0.000005 0.000006 0.000006 0.000006 0.000006 0.000006 0.000006 0.000006 0.000005 0.000005 0.000005 0.000004 0.000004 0.000003 0.000003 0.000002 0.000002 0.000002 0.000001 0.000001 0.000001 0.000001 0.000001 0.000000 0.000000 0.000000 0.000000 0.000000 0.000000 0.000000 0.000000 0.000000 0.000000 0.000000 0.000000 0.000000 0.000000 0.000000 0.000000 0.000000 0.000000 0.000000 0.000000 0.000000 0.000000 0.000000 0.000000 0.000000 0.000000 0.000000 0.000000 0.000000 0.000000 0.000000 
0.000000 0.000000 0.000000 0.000000 0.000000 0.000000 0.000000 0.000000 0.000000 0.000000 0.000000 0.000000 0.000000 0.000000 0.000000 0.000000 0.000000 0.000000 0.000000 0.000000 0.000000 0.000000 0.000000 0.000000 0.000000 0.000000 0.000000 0.000000 0.000000 0.000001 0.000001 0.000001 0.000001 0.000002 0.000002 0.000003 0.000003 0.000004 0.000005 0.000006 0.000007 0.000008 0.000009 0.000011 0.000012 0.000013 0.000014 0.000014 0.000015 0.000015 0.000015 0.000015 0.000015 0.000014 0.000014 0.000013 0.000012 0.000011 0.000009 0.000008 0.000007 0.000006 0.000005 0.000004 0.000003 0.000003 0.000002 0.000002 0.000001 0.000001 0.000001 0.000001 0.000000 0.000000 0.000000 0.000000 0.000000 0.000000 0.000000 0.000000 0.000000 0.000000 0.000000 0.000000 0.000000 0.000000 0.000000 0.000000 0.000000 0.000000 0.000000 0.000000 0.000000 0.000000 0.000000 0.000000 0.000000 0.000000 0.000000 0.000000 
0.000000 0.000000 0.000000 0.000000 0.000000 0.000000 0.000000 0.000000 0.000000 0.000000 0.000000 0.000000 0.000000 0.000000 0.000000 0.000000 0.000000 0.000000 0.000000 0.000000 0.000000 0.000000 0.000000 0.000000 0.000000 0.000000 0.000000 0.000001 0.000001 0.000001 0.000002 0.000002 0.000003 0.000004 0.000005 0.000006 0.000007 0.000009 0.000011 0.000013 0.000015 0.000017 0.000019 0.000022 0.000024 0.000026 0.000028 0.000029 0.000030 0.000031 0.000031 0.000031 0.000030 0.000029 0.000028 0.000026 0.000024 0.000022 0.000019 0.000017 0.000015 0.000013 0.000011 0.000009 0.000007 0.000006 0.000005 0.000004 0.000003 0.000002 0.000002 0.000001 0.000001 0.000001 0.000000 0.000000 0.000000 0.000000 0.000000 0.000000 0.000000 0.000000 0.000000 0.000000 0.000000 0.000000 0.000000 0.000000 0.000000 0.000000 0.000000 0.000000 0.000000 0.000000 0.000000 0.000000 0.000000 0.000000 0.000000 0.000000 
0.000000 0.000000 0.000000 0.000000 0.000000 0.000000 0.000000 0.000000 0.000000 0.000000 0.000000 0.000000 0.000000 0.000000 0.000000 0.000000 0.000000 0.000000 0.000000 0.000000 0.000000 0.000000 0.000000 0.000000 0.000000 0.000001 0.000001 0.000001 0.000002 0.000002 0.000003 0.000004 0.000005 0.000007 0.000009 0.000011 0.000014 0.000017 0.000021 0.000024 0.000029 0.000033 0.000038 0.000042 0.000047 0.000051 0.000054 0.000057 0.000059 0.000061 0.000061 0.000061 0.000059 0.000057 0.000054 0.000051 0.000047 0.000042 0.000038 0.000033 0.000029 0.000024 0.000021 0.000017 0.000014 0.000011 0.000009 0.000007 0.000005 0.000004 0.000003 0.000002 0.000002 0.000001 0.000001 0.000001 0.000000 0.000000 0.000000 0.000000 0.000000 0.000000 0.000000 0.000000 0.000000 0.000000 0.000000 0.000000 0.000000 0.000000 0.000000 0.000000 0.000000 0.000000 0.000000 0.000000 0.000000 0.000000 0.000000 0.000000 
0.000000 0.000000 0.000000 0.000000 0.000000 0.000000 0.000000 0.000000 0.000000 0.000000 0.000000 0.000000 0.000000 0.000000 0.000000 0.000000 0.000000 0.000000 0.000000 0.000000 0.000000 0.000000 0.000000 0.000000 0.000001 0.000001 0.000002 0.000002 0.000003 0.000004 0.000006 0.000008 0.000010 0.000013 0.000017 0.000021 0.000027 0.000033 0.000039 0.000047 0.000055 0.000063 0.000072 0.000080 0.000089 0.000096 0.000103 0.000109 0.000113 0.000116 0.000117 0.000116 0.000113 0.000109 0.000103 0.000096 0.000089 0.000080 0.000072 0.000063 0.000055 0.000047 0.000039 0.000033 0.000027 0.000021 0.000017 0.000013 0.000010 0.000008 0.000006 0.000004 0.000003 0.000002 0.000002 0.000001 0.000001 0.000000 0.000000 0.000000 0.000000 0.000000 0.000000 0.000000 0.000000 0.000000 0.000000 0.000000 0.000000 0.000000 0.000000 0.000000 0.000000 0.000000 0.000000 0.000000 0.000000 0.000000 0.000000 0.000000 
0.000000 0.000000 0.000000 0.000000 0.000000 0.000000 0.000000 0.000000 0.000000 0.000000 0.000000 0.000000 0.000000 0.000000 0.000000 0.000000 0.000000 0.000000 0.000000 0.000000 0.000000 0.000000 0.000001 0.000001 0.000001 0.000002 0.000003 0.000004 0.000006 0.000008 0.000011 0.000014 0.000019 0.000025 0.000032 0.000040 0.000050 0.000061 0.000074 0.000088 0.000103 0.000119 0.000135 0.000151 0.000167 0.000181 0.000194 0.000204 0.000212 0.000217 0.000219 0.000217 0.000212 0.000204 0.000194 0.000181 0.000167 0.000151 0.000135 0.000119 0.000103 0.000088 0.000074 0.000061 0.000050 0.000040 0.000032 0.000025 0.000019 0.000014 0.000011 0.000008 0.000006 0.000004 0.000003 0.000002 0.000001 0.000001 0.000001 0.000000 0.000000 0.000000 0.000000 0.000000 0.000000 0.000000 0.000000 0.000000 0.000000 0.000000 0.000000 0.000000 0.000000 0.000000 0.000000 0.000000 0.000000 0.000000 0.000000 0.000000 
0.000000 0.000000 0.000000 0.000000 0.000000 0.000000 0.000000 0.000000 0.000000 0.000000 0.000000 0.000000 0.000000 0.000000 0.000000 0.000000 0.000000 0.000000 0.000000 0.000000 0.000000 0.000001 0.000001 0.000002 0.000003 0.000004 0.000005 0.000008 0.000011 0.000015 0.000020 0.000027 0.000035 0.000046 0.000059 0.000075 0.000093 0.000114 0.000137 0.000163 0.000191 0.000220 0.000250 0.000280 0.000309 0.000336 0.000359 0.000379 0.000393 0.000402 0.000405 0.000402 0.000393 0.000379 0.000359 0.000336 0.000309 0.000280 0.000250 0.000220 0.000191 0.000163 0.000137 0.000114 0.000093 0.000075 0.000059 0.000046 0.000035 0.000027 0.000020 0.000015 0.000011 0.000008 0.000005 0.000004 0.000003 0.000002 0.000001 0.000001 0.000000 0.000000 0.000000 0.000000 0.000000 0.000000 0.000000 0.000000 0.000000 0.000000 0.000000 0.000000 0.000000 0.000000 0.000000 0.000000 0.000000 0.000000 0.000000 0.000000 
0.000000 0.000000 0.000000 0.000000 0.000000 0.000000 0.000000 0.000000 0.000000 0.000000 0.000000 0.000000 0.000000 0.000000 0.000000 0.000000 0.000000 0.000000 0.000000 0.000001 0.000001 0.000001 0.000002 0.000003 0.000005 0.000007 0.000010 0.000014 0.000020 0.000027 0.000037 0.000049 0.000065 0.000085 0.000108 0.000137 0.000170 0.000208 0.000251 0.000298 0.000349 0.000403 0.000458 0.000512 0.000565 0.000613 0.000656 0.000692 0.000718 0.000735 0.000740 0.000735 0.000718 0.000692 0.000656 0.000613 0.000565 0.000512 0.000458 0.000403 0.000349 0.000298 0.000251 0.000208 0.000170 0.000137 0.000108 0.000085 0.000065 0.000049 0.000037 0.000027 0.000020 0.000014 0.000010 0.000007 0.000005 0.000003 0.000002 0.000001 0.000001 0.000001 0.000000 0.000000 0.000000 0.000000 0.000000 0.000000 0.000000 0.000000 0.000000 0.000000 0.000000 0.000000 0.000000 0.000000 0.000000 0.000000 0.000000 0.000000 
0.000000 0.000000 0.000000 0.000000 0.000000 0.000000 0.000000 0.000000 0.000000 0.000000 0.000000 0.000000 0.000000 0.000000 0.000000 0.000000 0.000000 0.000000 0.000001 0.000001 0.000002 0.000003 0.000004 0.000006 0.000009 0.000012 0.000018 0.000025 0.000036 0.000049 0.000067 0.000089 0.000118 0.000153 0.000196 0.000247 0.000307 0.000375 0.000453 0.000538 0.000630 0.000726 0.000825 0.000923 0.001018 0.001106 0.001183 0.001247 0.001295 0.001324 0.001334 0.001324 0.001295 0.001247 0.001183 0.001106 0.001018 0.000923 0.000825 0.000726 0.000630 0.000538 0.000453 0.000375 0.000307 0.000247 0.000196 0.000153 0.000118 0.000089 0.000067 0.000049 0.000036 0.000025 0.000018 0.000012 0.000009 0.000006 0.000004 0.000003 0.000002 0.000001 0.000001 0.000000 0.000000 0.000000 0.000000 0.000000 0.000000 0.000000 0.000000 0.000000 0.000000 0.000000 0.000000 0.000000 0.000000 0.000000 0.000000 0.000000 
0.000000 0.000000 0.000000 0.000000 0.000000 0.000000 0.000000 0.000000 0.000000 0.000000 0.000000 0.000000 0.000000 0.000000 0.000000 0.000000 0.000000 0.000001 0.000001 0.000002 0.000003 0.000004 0.000007 0.000010 0.000015 0.000022 0.000032 0.000046 0.000064 0.000088 0.000119 0.000159 0.000210 0.000273 0.000349 0.000440 0.000546 0.000669 0.000806 0.000958 0.001121 0.001292 0.001468 0.001642 0.001810 0.001966 0.002103 0.002217 0.002301 0.002354 0.002371 0.002354 0.002301 0.002217 0.002103 0.001966 0.001810 0.001642 0.001468 0.001292 0.001121 0.000958 0.000806 0.000669 0.000546 0.000440 0.000349 0.000273 0.000210 0.000159 0.000119 0.000088 0.000064 0.000046 0.000032 0.000022 0.000015 0.000010 0.000007 0.000004 0.000003 0.000002 0.000001 0.000001 0.000000 0.000000 0.000000 0.000000 0.000000 0.000000 0.000000 0.000000 0.000000 0.000000 0.000000 0.000000 0.000000 0.000000 0.000000 0.000000 
0.000000 0.000000 0.000000 0.000000 0.000000 0.000000 0.000000 0.000000 0.000000 0.000000 0.000000 0.000000 0.000000 0.000000 0.000000 0.000000 0.000001 0.000001 0.000002 0.000003 0.000005 0.000008 0.000012 0.000018 0.000027 0.000039 0.000057 0.000080 0.000112 0.000155 0.000210 0.000281 0.000370 0.000480 0.000614 0.000774 0.000960 0.001175 0.001416 0.001682 0.001968 0.002268 0.002576 0.002881 0.003176 0.003448 0.003689 0.003887 0.004035 0.004127 0.004158 0.004127 0.004035 0.003887 0.003689 0.003448 0.003176 0.002881 0.002576 0.002268 0.001968 0.001682 0.001416 0.001175 0.000960 0.000774 0.000614 0.000480 0.000370 0.000281 0.000210 0.000155 0.000112 0.000080 0.000057 0.000039 0.000027 0.000018 0.000012 0.000008 0.000005 0.000003 0.000002 0.000001 0.000001 0.000000 0.000000 0.000000 0.000000 0.000000 0.000000 0.000000 0.000000 0.000000 0.000000 0.000000 0.000000 0.000000 0.000000 0.000000 
0.000000 0.000000 0.000000 0.000000 0.000000 0.000000 0.000000 0.000000 0.000000 0.000000 0.000000 0.000000 0.000000 0.000000 0.000000 0.000001 0.000001 0.000002 0.000004 0.000006 0.000009 0.000014 0.000021 0.000032 0.000047 0.000069 0.000099 0.000140 0.000195 0.000269 0.000365 0.000487 0.000642 0.000833 0.001065 0.001341 0.001665 0.002036 0.002454 0.002913 0.003407 0.003927 0.004458 0.004987 0.005495 0.005966 0.006381 0.006724 0.006980 0.007138 0.007192 0.007138 0.006980 0.006724 0.006381 0.005966 0.005495 0.004987 0.004458 0.003927 0.003407 0.002913 0.002454 0.002036 0.001665 0.001341 0.001065 0.000833 0.000642 0.000487 0.000365 0.000269 0.000195 0.000140 0.000099 0.000069 0.000047 0.000032 0.000021 0.000014 0.000009 0.000006 0.000004 0.000002 0.000001 0.000001 0.000000 0.000000 0.000000 0.000000 0.000000 0.000000 0.000000 0.000000 0.000000 0.000000 0.000000 0.000000 0.000000 0.000000 
0.000000 0.000000 0.000000 0.000000 0.000000 0.000000 0.000000 0.000000 0.000000 0.000000 0.000000 0.000000 0.000000 0.000000 0.000001 0.000001 0.000002 0.000004 0.000006 0.000010 0.000015 0.000024 0.000036 0.000055 0.000081 0.000118 0.000170 0.000240 0.000335 0.000461 0.000625 0.000835 0.001099 0.001425 0.001822 0.002294 0.002847 0.003480 0.004193 0.004976 0.005819 0.006705 0.007611 0.008512 0.009379 0.010181 0.010888 0.011472 0.011908 0.012178 0.012269 0.012178 0.011908 0.011472 0.010888 0.010181 0.009379 0.008512 0.007611 0.006705 0.005819 0.004976 0.004193 0.003480 0.002847 0.002294 0.001822 0.001425 0.001099 0.000835 0.000625 0.000461 0.000335 0.000240 0.000170 0.000118 0.000081 0.000055 0.000036 0.000024 0.000015 0.000010 0.000006 0.000004 0.000002 0.000001 0.000001 0.000000 0.000000 0.000000 0.000000 0.000000 0.000000 0.000000 0.000000 0.000000 0.000000 0.000000 0.000000 0.000000 
0.000000 0.000000 0.000000 0.000000 0.000000 0.000000 0.000000 0.000000 0.000000 0.000000 0.000000 0.000000 0.000000 0.000001 0.000001 0.000002 0.000004 0.000007 0.000011 0.000017 0.000026 0.000041 0.000062 0.000093 0.000137 0.000200 0.000287 0.000406 0.000567 0.000779 0.001056 0.001410 0.001856 0.002406 0.003074 0.003870 0.004800 0.005867 0.007066 0.008385 0.009803 0.011292 0.012816 0.014331 0.015788 0.017136 0.018325 0.019306 0.020039 0.020492 0.020645 0.020492 0.020039 0.019306 0.018325 0.017136 0.015788 0.014331 0.012816 0.011292 0.009803 0.008385 0.007066 0.005867 0.004800 0.003870 0.003074 0.002406 0.001856 0.001410 0.001056 0.000779 0.000567 0.000406 0.000287 0.000200 0.000137 0.000093 0.000062 0.000041 0.000026 0.000017 0.000011 0.000007 0.000004 0.000002 0.000001 0.000001 0.000000 0.000000 0.000000 0.000000 0.000000 0.000000 0.000000 0.000000 0.000000 0.000000 0.000000 0.000000 
0.000000 0.000000 0.000000 0.000000 0.000000 0.000000 0.000000 0.000000 0.000000 0.000000 0.000000 0.000000 0.000001 0.000001 0.000002 0.000004 0.000007 0.000011 0.000018 0.000028 0.000044 0.000068 0.000103 0.000155 0.000229 0.000334 0.000479 0.000678 0.000946 0.001300 0.001760 0.002349 0.003090 0.004005 0.005115 0.006438 0.007983 0.009755 0.011745 0.013933 0.016286 0.018757 0.021284 0.023796 0.026212 0.028447 0.030417 0.032044 0.033259 0.034010 0.034264 0.034010 0.033259 0.032044 0.030417 0.028447 0.026212 0.023796 0.021284 0.018757 0.016286 0.013933 0.011745 0.009755 0.007983 0.006438 0.005115 0.004005 0.003090 0.002349 0.001760 0.001300 0.000946 0.000678 0.000479 0.000334 0.000229 0.000155 0.000103 0.000068 0.000044 0.000028 0.000018 0.000011 0.000007 0.000004 0.000002 0.000001 0.000001 0.000000 0.000000 0.000000 0.000000 0.000000 0.000000 0.000000 0.000000 0.000000 0.000000 0.000000 
0.000000 0.000000 0.000000 0.000000 0.000000 0.000000 0.000000 0.000000 0.000000 0.000000 0.000000 0.000001 0.000001 0.000002 0.000004 0.000007 0.000011 0.000018 0.000029 0.000047 0.000073 0.000112 0.000171 0.000256 0.000378 0.000550 0.000789 0.001116 0.001556 0.002137 0.002893 0.003860 0.005075 0.006575 0.008395 0.010562 0.013094 0.015995 0.019253 0.022835 0.026685 0.030727 0.034861 0.038969 0.042920 0.046575 0.049796 0.052455 0.054441 0.055668 0.056083 0.055668 0.054441 0.052455 0.049796 0.046575 0.042920 0.038969 0.034861 0.030727 0.026685 0.022835 0.019253 0.015995 0.013094 0.010562 0.008395 0.006575 0.005075 0.003860 0.002893 0.002137 0.001556 0.001116 0.000789 0.000550 0.000378 0.000256 0.000171 0.000112 0.000073 0.000047 0.000029 0.000018 0.000011 0.000007 0.000004 0.000002 0.000001 0.000001 0.000000 0.000000 0.000000 0.000000 0.000000 0.000000 0.000000 0.000000 0.000000 0.000000 
0.000000 0.000000 0.000000 0.000000 0.000000 0.000000 0.000000 0.000000 0.000000 0.000000 0.000001 0.000001 0.000002 0.000004 0.000007 0.000011 0.000018 0.000030 0.000048 0.000076 0.000119 0.000183 0.000278 0.000416 0.000614 0.000893 0.001281 0.001811 0.002524 0.003465 0.004689 0.006254 0.008219 0.010645 0.013586 0.017088 0.021178 0.025864 0.031125 0.036907 0.043121 0.049643 0.056312 0.062938 0.069310 0.075203 0.080397 0.084684 0.087886 0.089864 0.090534 0.089864 0.087886 0.084684 0.080397 0.075203 0.069310 0.062938 0.056312 0.049643 0.043121 0.036907 0.031125 0.025864 0.021178 0.017088 0.013586 0.010645 0.008219 0.006254 0.004689 0.003465 0.002524 0.001811 0.001281 0.000893 0.000614 0.000416 0.000278 0.000183 0.000119 0.000076 0.000048 0.000030 0.000018 0.000011 0.000007 0.000004 0.000002 0.000001 0.000001 0.000000 0.000000 0.000000 0.000000 0.000000 0.000000 0.000000 0.000000 0.000000 
0.000000 0.000000 0.000000 0.000000 0.000000 0.000000 0.000000 0.000000 0.000000 0.000001 0.000001 0.000002 0.000004 0.000006 0.000011 0.000018 0.000029 0.000048 0.000077 0.000122 0.000190 0.000293 0.000445 0.000667 0.000984 0.001431 0.002051 0.002898 0.004036 0.005540 0.007494 0.009991 0.013126 0.016994 0.021684 0.027264 0.033780 0.041243 0.049620 0.058824 0.068715 0.079093 0.089704 0.100245 0.110379 0.119752 0.128011 0.134828 0.139918 0.143065 0.144129 0.143065 0.139918 0.134828 0.128011 0.119752 0.110379 0.100245 0.089704 0.079093 0.068715 0.058824 0.049620 0.041243 0.033780 0.027264 0.021684 0.016994 0.013126 0.009991 0.007494 0.005540 0.004036 0.002898 0.002051 0.001431 0.000984 0.000667 0.000445 0.000293 0.000190 0.000122 0.000077 0.000048 0.000029 0.000018 0.000011 0.000006 0.000004 0.000002 0.000001 0.000001 0.000000 0.000000 0.000000 0.000000 0.000000 0.000000 0.000000 0.000000 
0.000000 0.000000 0.000000 0.000000 0.000000 0.000000 0.000000 0.000000 0.000001 0.000001 0.000002 0.000003 0.000006 0.000010 0.000017 0.000028 0.000047 0.000076 0.000122 0.000193 0.000301 0.000464 0.000704 0.001054 0.001554 0.002260 0.003238 0.004573 0.006366 0.008734 0.011810 0.015738 0.020670 0.026754 0.034125 0.042894 0.053132 0.064854 0.078007 0.092457 0.107982 0.124269 0.140917 0.157453 0.173349 0.188050 0.201003 0.211692 0.219674 0.224607 0.226276 0.224607 0.219674 0.211692 0.201003 0.188050 0.173349 0.157453 0.140917 0.124269 0.107982 0.092457 0.078007 0.064854 0.053132 0.042894 0.034125 0.026754 0.020670 0.015738 0.011810 0.008734 0.006366 0.004573 0.003238 0.002260 0.001554 0.001054 0.000704 0.000464 0.000301 0.000193 0.000122 0.000076 0.000047 0.000028 0.000017 0.000010 0.000006 0.000003 0.000002 0.000001 0.000001 0.000000 0.000000 0.000000 0.000000 0.000000 0.000000 0.000000 
0.000000 0.000000 0.000000 0.000000 0.000000 0.000000 0.000000 0.000000 0.000001 0.000002 0.000003 0.000005 0.000009 0.000015 0.000026 0.000044 0.000073 0.000119 0.000190 0.000301 0.000471 0.000724 0.001098 0.001643 0.002421 0.003519 0.005039 0.007114 0.009899 0.013576 0.018351 0.024447 0.032096 0.041529 0.052955 0.066545 0.082406 0.100561 0.120929 0.143300 0.167330 0.192534 0.218293 0.243875 0.268465 0.291202 0.311234 0.327764 0.340107 0.347736 0.350316 0.347736 0.340107 0.327764 0.311234 0.291202 0.268465 0.243875 0.218293 0.192534 0.167330 0.143300 0.120929 0.100561 0.082406 0.066545 0.052955 0.041529 0.032096 0.024447 0.018351 0.013576 0.009899 0.007114 0.005039 0.003519 0.002421 0.001643 0.001098 0.000724 0.000471 0.000301 0.000190 0.000119 0.000073 0.000044 0.000026 0.000015 0.000009 0.000005 0.000003 0.000002 0.000001 0.000000 0.000000 0.000000 0.000000 0.000000 0.000000 0.000000 
0.000000 0.000000 0.000000 0.000000 0.000000 0.000000 0.000000 0.000001 0.000001 0.000003 0.000004 0.000008 0.000014 0.000024 0.000041 0.000068 0.000112 0.000183 0.000293 0.000464 0.000724 0.001114 0.001689 0.002524 0.003719 0.005401 0.007733 0.010912 0.015178 0.020808 0.028115 0.037441 0.049141 0.063564 0.081029 0.101794 0.126025 0.153754 0.184854 0.219006 0.255683 0.294145 0.333448 0.372476 0.409985 0.444665 0.475216 0.500424 0.519246 0.530878 0.534813 0.530878 0.519246 0.500424 0.475216 0.444665 0.409985 0.372476 0.333448 0.294145 0.255683 0.219006 0.184854 0.153754 0.126025 0.101794 0.081029 0.063564 0.049141 0.037441 0.028115 0.020808 0.015178 0.010912 0.007733 0.005401 0.003719 0.002524 0.001689 0.001114 0.000724 0.000464 0.000293 0.000183 0.000112 0.000068 0.000041 0.000024 0.000014 0.000008 0.000004 0.000003 0.000001 0.000001 0.000000 0.000000 0.000000 0.000000 0.000000 0.000000 
0.000000 0.000000 0.000000 0.000000 0.000000 0.000000 0.000001 0.000001 0.000002 0.000004 0.000007 0.000012 0.000021 0.000036 0.000062 0.000103 0.000171 0.000278 0.000445 0.000704 0.001098 0.001689 0.002559 0.003823 0.005631 0.008175 0.011698 0.016502 0.022944 0.031442 0.042470 0.056539 0.074182 0.095926 0.122248 0.153537 0.190036 0.231795 0.278621 0.330032 0.385233 0.443111 0.502245 0.560958 0.617378 0.669538 0.715482 0.753390 0.781693 0.799184 0.805101 0.799184 0.781693 0.753390 0.715482 0.669538 0.617378 0.560958 0.502245 0.443111 0.385233 0.330032 0.278621 0.231795 0.190036 0.153537 0.122248 0.095926 0.074182 0.056539 0.042470 0.031442 0.022944 0.016502 0.011698 0.008175 0.005631 0.003823 0.002559 0.001689 0.001098 0.000704 0.000445 0.000278 0.000171 0.000103 0.000062 0.000036 0.000021 0.000012 0.000007 0.000004 0.000002 0.000001 0.000001 0.000000 0.000000 0.000000 0.000000 0.000000 
0.000000 0.000000 0.000000 0.000000 0.000000 0.000000 0.000001 0.000002 0.000003 0.000006 0.000010 0.000018 0.000032 0.000055 0.000093 0.000155 0.000256 0.000416 0.000667 0.001054 0.001643 0.002524 0.003823 0.005709 0.008405 0.012197 0.017448 0.024602 0.034193 0.046843 0.063250 0.084176 0.110410 0.142731 0.181847 0.228331 0.282542 0.344553 0.414072 0.490382 0.572304 0.658183 0.745914 0.833008 0.916692 0.994048 1.062181 1.118393 1.160360 1.186294 1.195067 1.186294 1.160360 1.118393 1.062181 0.994048 0.916692 0.833008 0.745914 0.658183 0.572304 0.490382 0.414072 0.344553 0.282542 0.228331 0.181847 0.142731 0.110410 0.084176 0.063250 0.046843 0.034193 0.024602 0.017448 0.012197 0.008405 0.005709 0.003823 0.002524 0.001643 0.001054 0.000667 0.000416 0.000256 0.000155 0.000093 0.000055 0.000032 0.000018 0.000010 0.000006 0.000003 0.000002 0.000001 0.000000 0.000000 0.000000 0.000000 0.000000 
0.000000 0.000000 0.000000 0.000000 0.000000 0.000001 0.000001 0.000003 0.000005 0.000009 0.000015 0.000027 0.000047 0.000081 0.000137 0.000229 0.000378 0.000614 0.000984 0.001554 0.002421 0.003719 0.005631 0.008405 0.012368 0.017941 0.025654 0.036160 0.050239 0.068801 0.092869 0.123556 0.162016 0.209385 0.266698 0.334788 0.414179 0.504972 0.606735 0.718419 0.838296 0.963943 1.092282 1.219671 1.342059 1.455182 1.554810 1.637000 1.698359 1.736276 1.749102 1.736276 1.698359 1.637000 1.554810 1.455182 1.342059 1.219671 1.092282 0.963943 0.838296 0.718419 0.606735 0.504972 0.414179 0.334788 0.266698 0.209385 0.162016 0.123556 0.092869 0.068801 0.050239 0.036160 0.025654 0.017941 0.012368 0.008405 0.005631 0.003719 0.002421 0.001554 0.000984 0.000614 0.000378 0.000229 0.000137 0.000081 0.000047 0.000027 0.000015 0.000009 0.000005 0.000003 0.000001 0.000001 0.000000 0.000000 0.000000 0.000000 
0.000000 0.000000 0.000000 0.000000 0.000001 0.000001 0.000002 0.000004 0.000007 0.000012 0.000022 0.000039 0.000069 0.000118 0.000200 0.000334 0.000550 0.000893 0.001431 0.002260 0.003519 0.005401 0.008175 0.012197 0.017941 0.026015 0.037185 0.052394 0.072770 0.099623 0.134431 0.178797 0.234386 0.302833 0.385627 0.483965 0.598598 0.729666 0.876542 1.037707 1.210664 1.391919 1.577031 1.760752 1.937240 2.100353 2.243995 2.362489 2.450947 2.505608 2.524098 2.505608 2.450947 2.362489 2.243995 2.100353 1.937240 1.760752 1.577031 1.391919 1.210664 1.037707 0.876542 0.729666 0.598598 0.483965 0.385627 0.302833 0.234386 0.178797 0.134431 0.099623 0.072770 0.052394 0.037185 0.026015 0.017941 0.012197 0.008175 0.005401 0.003519 0.002260 0.001431 0.000893 0.000550 0.000334 0.000200 0.000118 0.000069 0.000039 0.000022 0.000012 0.000007 0.000004 0.000002 0.000001 0.000001 0.000000 0.000000 0.000000 
0.000000 0.000000 0.000000 0.000000 0.000001 0.000002 0.000003 0.000005 0.000010 0.000018 0.000032 0.000057 0.000099 0.000170 0.000287 0.000479 0.000789 0.001281 0.002051 0.003238 0.005039 0.007733 0.011698 0.017448 0.025654 0.037185 0.053133 0.074839 0.103908 0.142208 0.191837 0.255075 0.334288 0.431798 0.549716 0.689740 0.852931 1.039479 1.248487 1.477788 1.723826 1.981629 2.244884 2.506129 2.757063 2.988961 3.193161 3.361601 3.487339 3.565033 3.591314 3.565033 3.487339 3.361601 3.193161 2.988961 2.757063 2.506129 2.244884 1.981629 1.723826 1.477788 1.248487 1.039479 0.852931 0.689740 0.549716 0.431798 0.334288 0.255075 0.191837 0.142208 0.103908 0.074839 0.053133 0.037185 0.025654 0.017448 0.011698 0.007733 0.005039 0.003238 0.002051 0.001281 0.000789 0.000479 0.000287 0.000170 0.000099 0.000057 0.000032 0.000018 0.000010 0.000005 0.000003 0.000002 0.000001 0.000000 0.000000 0.000000 
0.000000 0.000000 0.000000 0.000001 0.000001 0.000002 0.000004 0.000008 0.000014 0.000025 0.000046 0.000080 0.000140 0.000240 0.000406 0.000678 0.001116 0.001811 0.002898 0.004573 0.007114 0.010912 0.016502 0.024602 0.036160 0.052394 0.074839 0.105377 0.146263 0.200113 0.269872 0.358735 0.470016 0.606967 0.772540 0.969109 1.198151 1.459924 1.753159 2.074809 2.419884 2.781409 3.150531 3.516794 3.868565 4.193622 4.479835 4.715911 4.892132 5.001016 5.037848 5.001016 4.892132 4.715911 4.479835 4.193622 3.868565 3.516794 3.150531 2.781409 2.419884 2.074809 1.753159 1.459924 1.198151 0.969109 0.772540 0.606967 0.470016 0.358735 0.269872 0.200113 0.146263 0.105377 0.074839 0.052394 0.036160 0.024602 0.016502 0.010912 0.007114 0.004573 0.002898 0.001811 0.001116 0.000678 0.000406 0.000240 0.000140 0.000080 0.000046 0.000025 0.000014 0.000008 0.000004 0.000002 0.000001 0.000001 0.000000 0.000000 
0.000000 0.000000 0.000000 0.000001 0.000002 0.000003 0.000006 0.000011 0.000020 0.000036 0.000064 0.000112 0.000195 0.000335 0.000567 0.000946 0.001556 0.002524 0.004036 0.006366 0.009899 0.015178 0.022944 0.034193 0.050239 0.072770 0.103908 0.146263 0.202950 0.277589 0.374253 0.497355 0.651473 0.841095 1.070295 1.342344 1.659270 2.021416 2.427017 2.871849 3.349005 3.848839 4.359116 4.865382 5.351572 5.800803 6.196325 6.522544 6.766042 6.916492 6.967383 6.916492 6.766042 6.522544 6.196325 5.800803 5.351572 4.865382 4.359116 3.848839 3.349005 2.871849 2.427017 2.021416 1.659270 1.342344 1.070295 0.841095 0.651473 0.497355 0.374253 0.277589 0.202950 0.146263 0.103908 0.072770 0.050239 0.034193 0.022944 0.015178 0.009899 0.006366 0.004036 0.002524 0.001556 0.000946 0.000567 0.000335 0.000195 0.000112 0.000064 0.000036 0.000020 0.000011 0.000006 0.000003 0.000002 0.000001 0.000000 0.000000 
0.000000 0.000000 0.000001 0.000001 0.000002 0.000004 0.000008 0.000015 0.000027 0.000049 0.000088 0.000155 0.000269 0.000461 0.000779 0.001300 0.002137 0.003465 0.005540 0.008734 0.013576 0.020808 0.031442 0.046843 0.068801 0.099623 0.142208 0.200113 0.277589 0.379573 0.511614 0.679726 0.890143 1.148973 1.461757 1.832938 2.265265 2.759189 3.312286 3.918785 4.569263 5.250568 5.946024 6.635943 7.298443 7.910533 8.449407 8.893837 9.225558 9.430513 9.499840 9.430513 9.225558 8.893837 8.449407 7.910533 7.298443 6.635943 5.946024 5.250568 4.569263 3.918785 3.312286 2.759189 2.265265 1.832938 1.461757 1.148973 0.890143 0.679726 0.511614 0.379573 0.277589 0.200113 0.142208 0.099623 0.068801 0.046843 0.031442 0.020808 0.013576 0.008734 0.005540 0.003465 0.002137 0.001300 0.000779 0.000461 0.000269 0.000155 0.000088 0.000049 0.000027 0.000015 0.000008 0.000004 0.000002 0.000001 0.000000 0.000000 
0.000000 0.000000 0.000001 0.000002 0.000003 0.000006 0.000011 0.000020 0.000037 0.000067 0.000119 0.000210 0.000365 0.000625 0.001056 0.001760 0.002893 0.004689 0.007494 0.011810 0.018351 0.028115 0.042470 0.063250 0.092869 0.134431 0.191837 0.269872 0.374253 0.511614 0.689414 0.915728 1.198926 1.547207 1.968000 2.467255 3.048646 3.712757 4.456310 5.271532 6.145749 7.061282 7.995727 8.922640 9.812637 10.634852 11.358672 11.955604 12.401136 12.676401 12.769510 12.676401 12.401136 11.955604 11.358672 10.634852 9.812637 8.922640 7.995727 7.061282 6.145749 5.271532 4.456310 3.712757 3.048646 2.467255 1.968000 1.547207 1.198926 0.915728 0.689414 0.511614 0.374253 0.269872 0.191837 0.134431 0.092869 0.063250 0.042470 0.028115 0.018351 0.011810 0.007494 0.004689 0.002893 0.001760 0.001056 0.000625 0.000365 0.000210 0.000119 0.000067 0.000037 0.000020 0.000011 0.000006 0.000003 0.000001 0.000001 0.000000 
0.000000 0.000000 0.000001 0.000002 0.000004 0.000008 0.000014 0.000027 0.000049 0.000089 0.000159 0.000281 0.000487 0.000835 0.001410 0.002349 0.003860 0.006254 0.009991 0.015738 0.024447 0.037441 0.056539 0.084176 0.123556 0.178797 0.255075 0.358735 0.497355 0.679726 0.915728 1.216055 1.591786 2.053765 2.611817 3.273800 4.044555 4.924826 5.910244 6.990492 8.148762 9.361629 10.599418 11.827114 13.005817 14.094673 15.053168 15.843598 16.433530 16.798002 16.921284 16.798002 16.433530 15.843598 15.053168 14.094673 13.005817 11.827114 10.599418 9.361629 8.148762 6.990492 5.910244 4.924826 4.044555 3.273800 2.611817 2.053765 1.591786 1.216055 0.915728 0.679726 0.497355 0.358735 0.255075 0.178797 0.123556 0.084176 0.056539 0.037441 0.024447 0.015738 0.009991 0.006254 0.003860 0.002349 0.001410 0.000835 0.000487 0.000281 0.000159 0.000089 0.000049 0.000027 0.000014 0.000008 0.000004 0.000002 0.000001 0.000000 
0.000000 0.000001 0.000001 0.000003 0.000005 0.000010 0.000019 0.000035 0.000065 0.000118 0.000210 0.000370 0.000642 0.001099 0.001856 0.003090 0.005075 0.008219 0.013126 0.020670 0.032096 0.049141 0.074182 0.110410 0.162016 0.234386 0.334288 0.470016 0.651473 0.890143 1.198926 1.591786 2.083175 2.687242 3.416791 4.282056 5.289324 6.439534 7.726948 9.138063 10.650910 12.234890 13.851254 15.454294 16.993240 18.414784 19.666065 20.697899 21.467974 21.943731 22.104654 21.943731 21.467974 20.697899 19.666065 18.414784 16.993240 15.454294 13.851254 12.234890 10.650910 9.138063 7.726948 6.439534 5.289324 4.282056 3.416791 2.687242 2.083175 1.591786 1.198926 0.890143 0.651473 0.470016 0.334288 0.234386 0.162016 0.110410 0.074182 0.049141 0.032096 0.020670 0.013126 0.008219 0.005075 0.003090 0.001856 0.001099 0.000642 0.000370 0.000210 0.000118 0.000065 0.000035 0.000019 0.000010 0.000005 0.000003 0.000001 0.000000 
0.000000 0.000001 0.000002 0.000004 0.000007 0.000013 0.000025 0.000046 0.000085 0.000153 0.000273 0.000480 0.000833 0.001425 0.002406 0.004005 0.006575 0.010645 0.016994 0.026754 0.041529 0.063564 0.095926 0.142731 0.209385 0.302833 0.431798 0.606967 0.841095 1.148973 1.547207 2.053765 2.687242 3.465829 4.405982 5.520839 6.818456 8.299997 9.958037 11.775156 13.723051 15.762317 17.843076 19.906507 21.887289 23.716845 25.327184 26.655048 27.646023 28.258241 28.465318 28.258241 27.646023 26.655048 25.327184 23.716845 21.887289 19.906507 17.843076 15.762317 13.723051 11.775156 9.958037 8.299997 6.818456 5.520839 4.405982 3.465829 2.687242 2.053765 1.547207 1.148973 0.841095 0.606967 0.431798 0.302833 0.209385 0.142731 0.095926 0.063564 0.041529 0.026754 0.016994 0.010645 0.006575 0.004005 0.002406 0.001425 0.000833 0.000480 0.000273 0.000153 0.000085 0.000046 0.000025 0.000013 0.000007 0.000003 0.000001 0.000000 
0.000000 0.000001 0.000002 0.000005 0.000009 0.000017 0.000032 0.000059 0.000108 0.000196 0.000349 0.000614 0.001065 0.001822 0.003074 0.005115 0.008395 0.013586 0.021684 0.034125 0.052955 0.081029 0.122248 0.181847 0.266698 0.385627 0.549716 0.772540 1.070295 1.461757 1.968000 2.611817 3.416791 4.405982 5.600240 7.016192 8.664016 10.545140 12.650090 14.956721 17.429084 20.017160 22.657656 25.275953 27.789199 30.110428 32.153425 33.837984 35.095121 35.871757 36.134444 35.871757 35.095121 33.837984 32.153425 30.110428 27.789199 25.275953 22.657656 20.017160 17.429084 14.956721 12.650090 10.545140 8.664016 7.016192 5.600240 4.405982 3.416791 2.611817 1.968000 1.461757 1.070295 0.772540 0.549716 0.385627 0.266698 0.181847 0.122248 0.081029 0.052955 0.034125 0.021684 0.013586 0.008395 0.005115 0.003074 0.001822 0.001065 0.000614 0.000349 0.000196 0.000108 0.000059 0.000032 0.000017 0.000009 0.000004 0.000002 0.000000 
0.000000 0.000001 0.000003 0.000006 0.000011 0.000021 0.000040 0.000075 0.000137 0.000247 0.000440 0.000774 0.001341 0.002294 0.003870 0.006438 0.010562 0.017088 0.027264 0.042894 0.066545 0.101794 0.153537 0.228331 0.334788 0.483965 0.689740 0.969109 1.342344 1.832938 2.467255 3.273800 4.282056 5.520839 7.016192 8.788868 10.851539 13.205934 15.840145 18.726420 21.819753 25.057558 28.360662 31.635747 34.779224 37.682367 40.237406 42.344092 43.916205 44.887409 45.215903 44.887409 43.916205 42.344092 40.237406 37.682367 34.779224 31.635747 28.360662 25.057558 21.819753 18.726420 15.840145 13.205934 10.851539 8.788868 7.016192 5.520839 4.282056 3.273800 2.467255 1.832938 1.342344 0.969109 0.689740 0.483965 0.334788 0.228331 0.153537 0.101794 0.066545 0.042894 0.027264 0.017088 0.010562 0.006438 0.003870 0.002294 0.001341 0.000774 0.000440 0.000247 0.000137 0.000075 0.000040 0.000021 0.000011 0.000005 0.000002 0.000000 
0.000000 0.000001 0.000003 0.000007 0.000014 0.000027 0.000050 0.000093 0.000170 0.000307 0.000546 0.000960 0.001665 0.002847 0.004800 0.007983 0.013094 0.021178 0.033780 0.053132 0.082406 0.126025 0.190036 0.282542 0.414179 0.598598 0.852931 1.198151 1.659270 2.265265 3.048646 4.044555 5.289324 6.818456 8.664016 10.851539 13.396588 16.301223 19.550697 23.110733 26.925791 30.918674 34.991762 39.030014 42.905748 46.484976 49.634894 52.231978 54.169998 55.367228 55.772168 55.367228 54.169998 52.231978 49.634894 46.484976 42.905748 39.030014 34.991762 30.918674 26.925791 23.110733 19.550697 16.301223 13.396588 10.851539 8.664016 6.818456 5.289324 4.044555 3.048646 2.265265 1.659270 1.198151 0.852931 0.598598 0.414179 0.282542 0.190036 0.126025 0.082406 0.053132 0.033780 0.021178 0.013094 0.007983 0.004800 0.002847 0.001665 0.000960 0.000546 0.000307 0.000170 0.000093 0.000050 0.000026 0.000014 0.000007 0.000003 0.000000 
0.000000 0.000002 0.000004 0.000009 0.000017 0.000033 0.000061 0.000114 0.000208 0.000375 0.000669 0.001175 0.002036 0.003480 0.005867 0.009755 0.015995 0.025864 0.041243 0.064854 0.100561 0.153754 0.231795 0.344553 0.504972 0.729666 1.039479 1.459924 2.021416 2.759189 3.712757 4.924826 6.439534 8.299997 10.545140 13.205934 16.301223 19.833437 23.784572 28.112902 32.750871 37.604624 42.555506 47.463721 52.174136 56.523973 60.351912 63.507915 65.862959 67.317786 67.809848 67.317786 65.862959 63.507915 60.351912 56.523973 52.174136 47.463721 42.555506 37.604624 32.750871 28.112902 23.784572 19.833437 16.301223 13.205934 10.545140 8.299997 6.439534 4.924826 3.712757 2.759189 2.021416 1.459924 1.039479 0.729666 0.504972 0.344553 0.231795 0.153754 0.100561 0.064854 0.041243 0.025864 0.015995 0.009755 0.005867 0.003480 0.002036 0.001175 0.000669 0.000375 0.000208 0.000114 0.000061 0.000032 0.000017 0.000008 0.000003 0.000000 
0.000000 0.000002 0.000005 0.000011 0.000021 0.000039 0.000074 0.000137 0.000251 0.000453 0.000806 0.001416 0.002454 0.004193 0.007066 0.011745 0.019253 0.031125 0.049620 0.078007 0.120929 0.184854 0.278621 0.414072 0.606735 0.876542 1.248487 1.753159 2.427017 3.312286 4.456310 5.910244 7.726948 9.958037 12.650090 15.840145 19.550697 23.784572 28.520118 33.707268 39.265029 45.080924 51.012794 56.893185 62.536295 67.747192 72.332704 76.113185 78.934157 80.676783 81.266183 80.676783 78.934157 76.113185 72.332704 67.747192 62.536295 56.893185 51.012794 45.080924 39.265029 33.707268 28.520118 23.784572 19.550697 15.840145 12.650090 9.958037 7.726948 5.910244 4.456310 3.312286 2.427017 1.753159 1.248487 0.876542 0.606735 0.414072 0.278621 0.184854 0.120929 0.078007 0.049620 0.031125 0.019253 0.011745 0.007066 0.004193 0.002454 0.001416 0.000806 0.000453 0.000251 0.000137 0.000074 0.000039 0.000020 0.000010 0.000004 0.000000 
0.000000 0.000002 0.000006 0.000013 0.000024 0.000047 0.000088 0.000163 0.000298 0.000538 0.000958 0.001682 0.002913 0.004976 0.008385 0.013933 0.022835 0.036907 0.058824 0.092457 0.143300 0.219006 0.330032 0.490382 0.718419 1.037707 1.477788 2.074809 2.871849 3.918785 5.271532 6.990492 9.138063 11.775156 14.956721 18.726420 23.110733 28.112902 33.707268 39.834623 46.399258 53.268311 60.273897 67.218295 73.882151 80.035354 85.449891 89.913728 93.244546 95.302095 95.998005 95.302095 93.244546 89.913728 85.449891 80.035354 73.882151 67.218295 60.273897 53.268311 46.399258 39.834623 33.707268 28.112902 23.110733 18.726420 14.956721 11.775156 9.138063 6.990492 5.271532 3.918785 2.871849 2.074809 1.477788 1.037707 0.718419 0.490382 0.330032 0.219006 0.143300 0.092457 0.058824 0.036907 0.022835 0.013933 0.008385 0.004976 0.002913 0.001682 0.000958 0.000538 0.000298 0.000163 0.000088 0.000047 0.000024 0.000012 0.000005 0.000000 
0.000000 0.000003 0.000007 0.000015 0.000029 0.000055 0.000103 0.000191 0.000349 0.000630 0.001121 0.001968 0.003407 0.005819 0.009803 0.016286 0.026685 0.043121 0.068715 0.107982 0.167330 0.255683 0.385233 0.572304 0.838296 1.210664 1.723826 2.419884 3.349005 4.569263 6.145749 8.148762 10.650910 13.723051 17.429084 21.819753 26.925791 32.750871 39.265029 46.399258 54.042085 62.038815 70.194022 78.277585 86.034237 93.196219 99.498233 104.693588 108.570174 110.964829 111.774752 110.964829 108.570174 104.693588 99.498233 93.196219 86.034237 78.277585 70.194022 62.038815 54.042085 46.399258 39.265029 32.750871 26.925791 21.819753 17.429084 13.723051 10.650910 8.148762 6.145749 4.569263 3.349005 2.419884 1.723826 1.210664 0.838296 0.572304 0.385233 0.255683 0.167330 0.107982 0.068715 0.043121 0.026685 0.016286 0.009803 0.005819 0.003407 0.001968 0.001121 0.000630 0.000349 0.000191 0.000103 0.000055 0.000028 0.000014 0.000006 0.000000 
0.000000 0.000003 0.000008 0.000017 0.000033 0.000063 0.000119 0.000220 0.000403 0.000726 0.001292 0.002268 0.003927 0.006705 0.011292 0.018757 0.030727 0.049643 0.079093 0.124269 0.192534 0.294145 0.443111 0.658183 0.963943 1.391919 1.981629 2.781409 3.848839 5.250568 7.061282 9.361629 12.234890 15.762317 20.017160 25.057558 30.918674 37.604624 45.080924 53.268311 62.038815 71.214907 80.572359 89.847174 98.746542 106.963345 114.193313 120.153532 124.600753 127.347871 128.276998 127.347871 124.600753 120.153532 114.193313 106.963345 98.746542 89.847174 80.572359 71.214907 62.038815 53.268311 45.080924 37.604624 30.918674 25.057558 20.017160 15.762317 12.234890 9.361629 7.061282 5.250568 3.848839 2.781409 1.981629 1.391919 0.963943 0.658183 0.443111 0.294145 0.192534 0.124269 0.079093 0.049643 0.030727 0.018757 0.011292 0.006705 0.003927 0.002268 0.001292 0.000726 0.000403 0.000220 0.000119 0.000063 0.000033 0.000016 0.000007 0.000000 
0.000000 0.000004 0.000009 0.000019 0.000038 0.000072 0.000135 0.000250 0.000458 0.000825 0.001468 0.002576 0.004458 0.007611 0.012816 0.021284 0.034861 0.056312 0.089704 0.140917 0.218293 0.333448 0.502245 0.745914 1.092282 1.577031 2.244884 3.150531 4.359116 5.946024 7.995727 10.599418 13.851254 17.843076 22.657656 28.360662 34.991762 42.555506 51.012794 60.273897 70.194022 80.572359 91.155323 101.644392 111.708493 121.000407 129.176153 135.915908 140.944703 144.051036 145.101651 144.051036 140.944703 135.915908 129.176153 121.000407 111.708493 101.644392 91.155323 80.572359 70.194022 60.273897 51.012794 42.555506 34.991762 28.360662 22.657656 17.843076 13.851254 10.599418 7.995727 5.946024 4.359116 3.150531 2.244884 1.577031 1.092282 0.745914 0.502245 0.333448 0.218293 0.140917 0.089704 0.056312 0.034861 0.021284 0.012816 0.007611 0.004458 0.002576 0.001468 0.000825 0.000458 0.000250 0.000135 0.000072 0.000037 0.000018 0.000007 0.000000 
