0.000000 0.000000 0.000000 0.000000 0.000000 0.000000 0.000000 0.000000 0.000000 0.000000 0.000000 0.000000 0.000000 0.000000 0.000000 0.000000 0.000000 0.000000 0.000000 0.000000 0.000000 0.000000 0.000000 0.000000 0.000000 0.000000 0.000000 0.000000 0.000000 0.000000 0.000000 0.000000 0.000000 0.000000 0.000000 0.000000 0.000000 0.000000 0.000000 0.000000 0.000000 0.000000 0.000000 0.000000 0.000000 0.000000 0.000000 0.000000 0.000000 0.000000 0.000000 0.000000 0.000000 0.000000 0.000000 0.000000 0.000000 0.000000 0.000000 0.000000 0.000000 0.000000 0.000000 0.000000 0.000000 0.000000 0.000000 0.000000 0.000000 0.000000 0.000000 0.000000 0.000000 0.000000 0.000000 0.000000 0.000000 0.000000 0.000000 0.000000 0.000000 0.000000 0.000000 0.000000 0.000000 0.000000 0.000000 0.000000 0.000000 0.000000 0.000000 0.000000 0.000000 0.000000 0.000000 0.000000 0.000000 0.000000 0.000000 0.000000 
0.000000 0.000000 0.000000 0.000000 0.000000 0.000000 0.000000 0.000000 0.000000 0.000000 0.000000 0.000000 0.000000 0.000000 0.000000 0.000000 0.000000 0.000000 0.000000 0.000000 0.000000 0.000000 0.000000 0.000000 0.000000 0.000000 0.000000 0.000000 0.000000 0.000000 0.000000 0.000000 0.000000 0.000000 0.000000 0.000000 0.000000 0.000000 0.000000 0.000000 0.000000 0.000000 0.000000 0.000000 0.000000 0.000000 0.000000 0.000000 0.000000 0.000000 0.000000 0.000000 0.000000 0.000000 0.000000 0.000000 0.000000 0.000000 0.000000 0.000000 0.000000 0.000000 0.000000 0.000000 0.000000 0.000000 0.000000 0.000000 0.000000 0.000000 0.000000 0.000000 0.000000 0.000000 0.000000 0.000000 0.000000 0.000000 0.000000 0.000000 0.000000 0.000000 0.000000 0.000000 0.000000 0.000000 0.000000 0.000000 0.000000 0.000000 0.000000 0.000000 0.000000 0.000000 0.000000 0.000000 0.000000 0.000000 0.000000 0.000000 
0.000000 0.000000 0.000000 0.000000 0.000000 0.000000 0.000000 0.000000 0.000000 0.000000 0.000000 0.000000 0.000000 0.000000 0.000000 0.000000 0.000000 0.000000 0.000000 0.000000 0.000000 0.000000 0.000000 0.000000 0.000000 0.000000 0.000000 0.000000 0.000000 0.000000 0.000000 0.000000 0.000000 0.000000 0.000000 0.000000 0.000000 0.000000 0.000000 0.000000 0.000000 0.000000 0.000000 0.000000 0.000000 0.000000 0.000000 0.000000 0.000000 0.000000 0.000000 0.000000 0.000000 0.000000 0.000000 0.000000 0.000000 0.000000 0.000000 0.000000 0.000000 0.000000 0.000000 0.000000 0.000000 0.000000 0.000000 0.000000 0.000000 0.000000 0.000000 0.000000 0.000000 0.000000 0.000000 0.000000 0.000000 0.000000 0.000000 0.000000 0.000000 0.000000 0.000000 0.000000 0.000000 0.000000 0.000000 0.000000 0.000000 0.000000 0.000000 0.000000 0.000000 0.000000 0.000000 0.000000 0.000000 0.000000 0.000000 0.000000 
0.000000 0.000000 0.000000 0.000000 0.000000 0.000000 0.000000 0.000000 0.000000 0.000000 0.000000 0.000000 0.000000 0.000000 0.000000 0.000000 0.000000 0.000000 0.000000 0.000000 0.000000 0.000000 0.000000 0.000000 0.000000 0.000000 0.000000 0.000000 0.000000 0.000000 0.000000 0.000000 0.000000 0.000000 0.000000 0.000000 0.000000 0.000000 0.000000 0.000000 0.000000 0.000000 0.000000 0.000000 0.000000 0.000000 0.000000 0.000000 0.000000 0.000000 0.000000 0.000000 0.000000 0.000000 0.000000 0.000000 0.000000 0.000000 0.000000 0.000000 0.000000 0.000000 0.000000 0.000000 0.000000 0.000000 0.000000 0.000000 0.000000 0.000000 0.000000 0.000000 0.000000 0.000000 0.000000 0.000000 0.000000 0.000000 0.000000 0.000000 0.000000 0.000000 0.000000 0.000000 0.000000 0.000000 0.000000 0.000000 0.000000 0.000000 0.000000 0.000000 0.000000 0.000000 0.000000 0.000000 0.000000 0.000000 0.000000 0.000000 
0.000000 0.000000 0.000000 0.000000 0.000000 0.000000 0.000000 0.000000 0.000000 0.000000 0.000000 0.000000 0.000000 0.000000 0.000000 0.000000 0.000000 0.000000 0.000000 0.000000 0.000000 0.000000 0.000000 0.000000 0.000000 0.000000 0.000000 0.000000 0.000000 0.000000 0.000000 0.000000 0.000000 0.000000 0.000000 0.000000 0.000000 0.000000 0.000000 0.000000 0.000000 0.000000 0.000000 0.000000 0.000000 0.000000 0.000000 0.000000 0.000000 0.000000 0.000000 0.000000 0.000000 0.000000 0.000000 0.000000 0.000000 0.000000 0.000000 0.000000 0.000000 0.000000 0.000000 0.000000 0.000000 0.000000 0.000000 0.000000 0.000000 0.000000 0.000000 0.000000 0.000000 0.000000 0.000000 0.000000 0.000000 0.000000 0.000000 0.000000 0.000000 0.000000 0.000000 0.000000 0.000000 0.000000 0.000000 0.000000 0.000000 0.000000 0.000000 0.000000 0.000000 0.000000 0.000000 0.000000 0.000000 0.000000 0.000000 0.000000 
0.000000 0.000000 0.000000 0.000000 0.000000 0.000000 0.000000 0.000000 0.000000 0.000000 0.000000 0.000000 0.000000 0.000000 0.000000 0.000000 0.000000 0.000000 0.000000 0.000000 0.000000 0.000000 0.000000 0.000000 0.000000 0.000000 0.000000 0.000000 0.000000 0.000000 0.000000 0.000000 0.000000 0.000000 0.000000 0.000000 0.000000 0.000000 0.000000 0.000000 0.000000 0.000000 0.000000 0.000000 0.000000 0.000000 0.000000 0.000000 0.000000 0.000000 0.000000 0.000000 0.000000 0.000000 0.000000 0.000000 0.000000 0.000000 0.000000 0.000000 0.000000 0.000000 0.000000 0.000000 0.000000 0.000000 0.000000 0.000000 0.000000 0.000000 0.000000 0.000000 0.000000 0.000000 0.000000 0.000000 0.000000 0.000000 0.000000 0.000000 0.000000 0.000000 0.000000 0.000000 0.000000 0.000000 0.000000 0.000000 0.000000 0.000000 0.000000 0.000000 0.000000 0.000000 0.000000 0.000000 0.000000 0.000000 0.000000 0.000000 
0.000000 0.000000 0.000000 0.000000 0.000000 0.000000 0.000000 0.000000 0.000000 0.000000 0.000000 0.000000 0.000000 0.000000 0.000000 0.000000 0.000000 0.000000 0.000000 0.000000 0.000000 0.000000 0.000000 0.000000 0.000000 0.000000 0.000000 0.000000 0.000000 0.000000 0.000000 0.000000 0.000000 0.000000 0.000000 0.000000 0.000000 0.000000 0.000000 0.000000 0.000000 0.000000 0.000000 0.000001 0.000001 0.000001 0.000001 0.000001 0.000001 0.000001 0.000001 0.000001 0.000001 0.000001 0.000001 0.000001 0.000001 0.000001 0.000000 0.000000 0.000000 0.000000 0.000000 0.000000 0.000000 0.000000 0.000000 0.000000 0.000000 0.000000 0.000000 0.000000 0.000000 0.000000 0.000000 0.000000 0.000000 0.000000 0.000000 0.000000 0.000000 0.000000 0.000000 0.000000 0.000000 0.000000 0.000000 0.000000 0.000000 0.000000 0.000000 0.000000 0.000000 0.000000 0.000000 0.000000 0.000000 0.000000 0.000000 0.000000 
0.000000 0.000000 0.000000 0.000000 0.000000 0.000000 0.000000 0.000000 0.000000 0.000000 0.000000 0.000000 0.000000 0.000000 0.000000 0.000000 0.000000 0.000000 0.000000 0.000000 0.000000 0.000000 0.000000 0.000000 0.000000 0.000000 0.000000 0.000000 0.000000 0.000000 0.000000 0.000000 0.000000 0.000000 0.000000 0.000000 0.000000 0.000000 0.000000 0.000001 0.000001 0.000001 0.000001 0.000001 0.000001 0.000002 0.000002 0.000002 0.000002 0.000002 0.000002 0.000002 0.000002 0.000002 0.000002 0.000002 0.000001 0.000001 0.000001 0.000001 0.000001 0.000001 0.000000 0.000000 0.000000 0.000000 0.000000 0.000000 0.000000 0.000000 0.000000 0.000000 0.000000 0.000000 0.000000 0.000000 0.000000 0.000000 0.000000 0.000000 0.000000 0.000000 0.000000 0.000000 0.000000 0.000000 0.000000 0.000000 0.000000 0.000000 0.000000 0.000000 0.000000 0.000000 0.000000 0.000000 0.000000 0.000000 0.000000 0.000000 
0.000000 0.000000 0.000000 0.000000 0.000000 0.000000 0.000000 0.000000 0.000000 0.000000 0.000000 0.000000 0.000000 0.000000 0.000000 0.000000 0.000000 0.000000 0.000000 0.000000 0.000000 0.000000 0.000000 0.000000 0.000000 0.000000 0.000000 0.000000 0.000000 0.000000 0.000000 0.000000 0.000000 0.000000 0.000000 0.000000 0.000001 0.000001 0.000001 0.000001 0.000002 0.000002 0.000002 0.000003 0.000003 0.000004 0.000004 0.000005 0.000005 0.000005 0.000005 0.000005 0.000005 0.000005 0.000004 0.000004 0.000003 0.000003 0.000002 0.000002 0.000002 0.000001 0.000001 0.000001 0.000001 0.000000 0.000000 0.000000 0.000000 0.000000 0.000000 0.000000 0.000000 0.000000 0.000000 0.000000 0.000000 0.000000 0.000000 0.000000 0.000000 0.000000 0.000000 0.000000 0.000000 0.000000 0.000000 0.000000 0.000000 0.000000 0.000000 0.000000 0.000000 0.000000 0.000000 0.000000 0.000000 0.000000 0.000000 0.000000 
0.000000 0.000000 0.000000 0.000000 0.000000 0.000000 0.000000 0.000000 0.000000 0.000000 0.000000 0.000000 0.000000 0.000000 0.000000 0.000000 0.000000 0.000000 0.000000 0.000000 0.000000 0.000000 0.000000 0.000000 0.000000 0.000000 0.000000 0.000000 0.000000 0.000000 0.000000 0.000000 0.000000 0.000000 0.000001 0.000001 0.000001 0.000002 0.000002 0.000003 0.000004 0.000005 0.000006 0.000007 0.000008 0.000009 0.000010 0.000011 0.000011 0.000012 0.000012 0.000012 0.000011 0.000011 0.000010 0.000009 0.000008 0.000007 0.000006 0.000005 0.000004 0.000003 0.000002 0.000002 0.000001 0.000001 0.000001 0.000000 0.000000 0.000000 0.000000 0.000000 0.000000 0.000000 0.000000 0.000000 0.000000 0.000000 0.000000 0.000000 0.000000 0.000000 0.000000 0.000000 0.000000 0.000000 0.000000 0.000000 0.000000 0.000000 0.000000 0.000000 0.000000 0.000000 0.000000 0.000000 0.000000 0.000000 0.000000 0.000000 
0.000000 0.000000 0.000000 0.000000 0.000000 0.000000 0.000000 0.000000 0.000000 0.000000 0.000000 0.000000 0.000000 0.000000 0.000000 0.000000 0.000000 0.000000 0.000000 0.000000 0.000000 0.000000 0.000000 0.000000 0.000000 0.000000 0.000000 0.000000 0.000000 0.000000 0.000000 0.000000 0.000001 0.000001 0.000002 0.000002 0.000003 0.000004 0.000005 0.000007 0.000009 0.000011 0.000013 0.000015 0.000018 0.000020 0.000022 0.000024 0.000025 0.000026 0.000026 0.000026 0.000025 0.000024 0.000022 0.000020 0.000018 0.000015 0.000013 0.000011 0.000009 0.000007 0.000005 0.000004 0.000003 0.000002 0.000002 0.000001 0.000001 0.000000 0.000000 0.000000 0.000000 0.000000 0.000000 0.000000 0.000000 0.000000 0.000000 0.000000 0.000000 0.000000 0.000000 0.000000 0.000000 0.000000 0.000000 0.000000 0.000000 0.000000 0.000000 0.000000 0.000000 0.000000 0.000000 0.000000 0.000000 0.000000 0.000000 0.000000 
0.000000 0.000000 0.000000 0.000000 0.000000 0.000000 0.000000 0.000000 0.000000 0.000000 0.000000 0.000000 0.000000 0.000000 0.000000 0.000000 0.000000 0.000000 0.000000 0.000000 0.000000 0.000000 0.000000 0.000000 0.000000 0.000000 0.000000 0.000000 0.000000 0.000000 0.000001 0.000001 0.000002 0.000002 0.000003 0.000005 0.000007 0.000009 0.000012 0.000015 0.000019 0.000024 0.000029 0.000034 0.000039 0.000044 0.000049 0.000053 0.000056 0.000058 0.000058 0.000058 0.000056 0.000053 0.000049 0.000044 0.000039 0.000034 0.000029 0.000024 0.000019 0.000015 0.000012 0.000009 0.000007 0.000005 0.000003 0.000002 0.000002 0.000001 0.000001 0.000000 0.000000 0.000000 0.000000 0.000000 0.000000 0.000000 0.000000 0.000000 0.000000 0.000000 0.000000 0.000000 0.000000 0.000000 0.000000 0.000000 0.000000 0.000000 0.000000 0.000000 0.000000 0.000000 0.000000 0.000000 0.000000 0.000000 0.000000 0.000000 
0.000000 0.000000 0.000000 0.000000 0.000000 0.000000 0.000000 0.000000 0.000000 0.000000 0.000000 0.000000 0.000000 0.000000 0.000000 0.000000 0.000000 0.000000 0.000000 0.000000 0.000000 0.000000 0.000000 0.000000 0.000000 0.000000 0.000000 0.000000 0.000001 0.000001 0.000002 0.000002 0.000004 0.000005 0.000007 0.000011 0.000014 0.000019 0.000026 0.000033 0.000042 0.000051 0.000062 0.000073 0.000085 0.000096 0.000106 0.000114 0.000121 0.000125 0.000126 0.000125 0.000121 0.000114 0.000106 0.000096 0.000085 0.000073 0.000062 0.000051 0.000042 0.000033 0.000026 0.000019 0.000014 0.000011 0.000007 0.000005 0.000004 0.000002 0.000002 0.000001 0.000001 0.000000 0.000000 0.000000 0.000000 0.000000 0.000000 0.000000 0.000000 0.000000 0.000000 0.000000 0.000000 0.000000 0.000000 0.000000 0.000000 0.000000 0.000000 0.000000 0.000000 0.000000 0.000000 0.000000 0.000000 0.000000 0.000000 0.000000 
0.000000 0.000000 0.000000 0.000000 0.000000 0.000000 0.000000 0.000000 0.000000 0.000000 0.000000 0.000000 0.000000 0.000000 0.000000 0.000000 0.000000 0.000000 0.000000 0.000000 0.000000 0.000000 0.000000 0.000000 0.000000 0.000000 0.000000 0.000001 0.000001 0.000002 0.000003 0.000005 0.000008 0.000011 0.000016 0.000023 0.000031 0.000042 0.000055 0.000071 0.000089 0.000110 0.000132 0.000156 0.000180 0.000204 0.000225 0.000243 0.000257 0.000266 0.000269 0.000266 0.000257 0.000243 0.000225 0.000204 0.000180 0.000156 0.000132 0.000110 0.000089 0.000071 0.000055 0.000042 0.000031 0.000023 0.000016 0.000011 0.000008 0.000005 0.000003 0.000002 0.000001 0.000001 0.000000 0.000000 0.000000 0.000000 0.000000 0.000000 0.000000 0.000000 0.000000 0.000000 0.000000 0.000000 0.000000 0.000000 0.000000 0.000000 0.000000 0.000000 0.000000 0.000000 0.000000 0.000000 0.000000 0.000000 0.000000 0.000000 
0.000000 0.000000 0.000000 0.000000 0.000000 0.000000 0.000000 0.000000 0.000000 0.000000 0.000000 0.000000 0.000000 0.000000 0.000000 0.000000 0.000000 0.000000 0.000000 0.000000 0.000000 0.000000 0.000000 0.000000 0.000000 0.000001 0.000001 0.000002 0.000003 0.000004 0.000007 0.000011 0.000016 0.000024 0.000034 0.000047 0.000065 0.000088 0.000115 0.000148 0.000187 0.000230 0.000277 0.000327 0.000377 0.000426 0.000470 0.000508 0.000536 0.000554 0.000561 0.000554 0.000536 0.000508 0.000470 0.000426 0.000377 0.000327 0.000277 0.000230 0.000187 0.000148 0.000115 0.000088 0.000065 0.000047 0.000034 0.000024 0.000016 0.000011 0.000007 0.000004 0.000003 0.000002 0.000001 0.000001 0.000000 0.000000 0.000000 0.000000 0.000000 0.000000 0.000000 0.000000 0.000000 0.000000 0.000000 0.000000 0.000000 0.000000 0.000000 0.000000 0.000000 0.000000 0.000000 0.000000 0.000000 0.000000 0.000000 0.000000 
0.000000 0.000000 0.000000 0.000000 0.000000 0.000000 0.000000 0.000000 0.000000 0.000000 0.000000 0.000000 0.000000 0.000000 0.000000 0.000000 0.000000 0.000000 0.000000 0.000000 0.000000 0.000000 0.000000 0.000000 0.000001 0.000001 0.000002 0.000004 0.000006 0.000009 0.000015 0.000022 0.000033 0.000049 0.000070 0.000098 0.000134 0.000180 0.000237 0.000305 0.000383 0.000472 0.000569 0.000671 0.000773 0.000873 0.000963 0.001040 0.001099 0.001136 0.001148 0.001136 0.001099 0.001040 0.000963 0.000873 0.000773 0.000671 0.000569 0.000472 0.000383 0.000305 0.000237 0.000180 0.000134 0.000098 0.000070 0.000049 0.000033 0.000022 0.000015 0.000009 0.000006 0.000004 0.000002 0.000001 0.000001 0.000000 0.000000 0.000000 0.000000 0.000000 0.000000 0.000000 0.000000 0.000000 0.000000 0.000000 0.000000 0.000000 0.000000 0.000000 0.000000 0.000000 0.000000 0.000000 0.000000 0.000000 0.000000 0.000000 
0.000000 0.000000 0.000000 0.000000 0.000000 0.000000 0.000000 0.000000 0.000000 0.000000 0.000000 0.000000 0.000000 0.000000 0.000000 0.000000 0.000000 0.000000 0.000000 0.000000 0.000000 0.000000 0.000000 0.000001 0.000002 0.000003 0.000004 0.000007 0.000012 0.000019 0.000030 0.000045 0.000067 0.000099 0.000141 0.000198 0.000271 0.000364 0.000478 0.000614 0.000773 0.000951 0.001145 0.001349 0.001556 0.001755 0.001937 0.002091 0.002209 0.002282 0.002308 0.002282 0.002209 0.002091 0.001937 0.001755 0.001556 0.001349 0.001145 0.000951 0.000773 0.000614 0.000478 0.000364 0.000271 0.000198 0.000141 0.000099 0.000067 0.000045 0.000030 0.000019 0.000012 0.000007 0.000004 0.000003 0.000002 0.000001 0.000000 0.000000 0.000000 0.000000 0.000000 0.000000 0.000000 0.000000 0.000000 0.000000 0.000000 0.000000 0.000000 0.000000 0.000000 0.000000 0.000000 0.000000 0.000000 0.000000 0.000000 0.000000 
0.000000 0.000000 0.000000 0.000000 0.000000 0.000000 0.000000 0.000000 0.000000 0.000000 0.000000 0.000000 0.000000 0.000000 0.000000 0.000000 0.000000 0.000000 0.000000 0.000000 0.000000 0.000001 0.000001 0.000002 0.000003 0.000005 0.000009 0.000015 0.000024 0.000038 0.000059 0.000090 0.000134 0.000196 0.000280 0.000392 0.000538 0.000721 0.000946 0.001216 0.001528 0.001879 0.002262 0.002664 0.003070 0.003462 0.003820 0.004123 0.004355 0.004500 0.004549 0.004500 0.004355 0.004123 0.003820 0.003462 0.003070 0.002664 0.002262 0.001879 0.001528 0.001216 0.000946 0.000721 0.000538 0.000392 0.000280 0.000196 0.000134 0.000090 0.000059 0.000038 0.000024 0.000015 0.000009 0.000005 0.000003 0.000002 0.000001 0.000001 0.000000 0.000000 0.000000 0.000000 0.000000 0.000000 0.000000 0.000000 0.000000 0.000000 0.000000 0.000000 0.000000 0.000000 0.000000 0.000000 0.000000 0.000000 0.000000 0.000000 
0.000000 0.000000 0.000000 0.000000 0.000000 0.000000 0.000000 0.000000 0.000000 0.000000 0.000000 0.000000 0.000000 0.000000 0.000000 0.000000 0.000000 0.000000 0.000000 0.000000 0.000001 0.000001 0.000002 0.000003 0.000006 0.000010 0.000017 0.000029 0.000047 0.000074 0.000115 0.000176 0.000262 0.000382 0.000546 0.000764 0.001046 0.001401 0.001838 0.002359 0.002963 0.003643 0.004383 0.005160 0.005944 0.006701 0.007391 0.007976 0.008423 0.008703 0.008798 0.008703 0.008423 0.007976 0.007391 0.006701 0.005944 0.005160 0.004383 0.003643 0.002963 0.002359 0.001838 0.001401 0.001046 0.000764 0.000546 0.000382 0.000262 0.000176 0.000115 0.000074 0.000047 0.000029 0.000017 0.000010 0.000006 0.000003 0.000002 0.000001 0.000001 0.000000 0.000000 0.000000 0.000000 0.000000 0.000000 0.000000 0.000000 0.000000 0.000000 0.000000 0.000000 0.000000 0.000000 0.000000 0.000000 0.000000 0.000000 0.000000 
0.000000 0.000000 0.000000 0.000000 0.000000 0.000000 0.000000 0.000000 0.000000 0.000000 0.000000 0.000000 0.000000 0.000000 0.000000 0.000000 0.000000 0.000000 0.000000 0.000001 0.000001 0.000002 0.000004 0.000007 0.000012 0.000020 0.000034 0.000056 0.000090 0.000143 0.000221 0.000337 0.000501 0.000731 0.001044 0.001458 0.001995 0.002671 0.003500 0.004490 0.005637 0.006927 0.008329 0.009802 0.011287 0.012720 0.014026 0.015135 0.015980 0.016510 0.016690 0.016510 0.015980 0.015135 0.014026 0.012720 0.011287 0.009802 0.008329 0.006927 0.005637 0.004490 0.003500 0.002671 0.001995 0.001458 0.001044 0.000731 0.000501 0.000337 0.000221 0.000143 0.000090 0.000056 0.000034 0.000020 0.000012 0.000007 0.000004 0.000002 0.000001 0.000001 0.000000 0.000000 0.000000 0.000000 0.000000 0.000000 0.000000 0.000000 0.000000 0.000000 0.000000 0.000000 0.000000 0.000000 0.000000 0.000000 0.000000 0.000000 
0.000000 0.000000 0.000000 0.000000 0.000000 0.000000 0.000000 0.000000 0.000000 0.000000 0.000000 0.000000 0.000000 0.000000 0.000000 0.000000 0.000000 0.000000 0.000001 0.000001 0.000002 0.000004 0.000007 0.000012 0.000022 0.000038 0.000063 0.000105 0.000169 0.000268 0.000416 0.000633 0.000941 0.001371 0.001955 0.002729 0.003731 0.004992 0.006538 0.008381 0.010517 0.012915 0.015524 0.018261 0.021021 0.023682 0.026108 0.028166 0.029735 0.030718 0.031053 0.030718 0.029735 0.028166 0.026108 0.023682 0.021021 0.018261 0.015524 0.012915 0.010517 0.008381 0.006538 0.004992 0.003731 0.002729 0.001955 0.001371 0.000941 0.000633 0.000416 0.000268 0.000169 0.000105 0.000063 0.000038 0.000022 0.000012 0.000007 0.000004 0.000002 0.000001 0.000001 0.000000 0.000000 0.000000 0.000000 0.000000 0.000000 0.000000 0.000000 0.000000 0.000000 0.000000 0.000000 0.000000 0.000000 0.000000 0.000000 0.000000 
0.000000 0.000000 0.000000 0.000000 0.000000 0.000000 0.000000 0.000000 0.000000 0.000000 0.000000 0.000000 0.000000 0.000000 0.000000 0.000000 0.000000 0.000001 0.000001 0.000002 0.000004 0.000007 0.000013 0.000023 0.000041 0.000070 0.000117 0.000194 0.000313 0.000495 0.000768 0.001165 0.001732 0.002520 0.003591 0.005010 0.006842 0.009149 0.011974 0.015342 0.019240 0.023617 0.028373 0.033362 0.038393 0.043240 0.047659 0.051406 0.054263 0.056052 0.056662 0.056052 0.054263 0.051406 0.047659 0.043240 0.038393 0.033362 0.028373 0.023617 0.019240 0.015342 0.011974 0.009149 0.006842 0.005010 0.003591 0.002520 0.001732 0.001165 0.000768 0.000495 0.000313 0.000194 0.000117 0.000070 0.000041 0.000023 0.000013 0.000007 0.000004 0.000002 0.000001 0.000001 0.000000 0.000000 0.000000 0.000000 0.000000 0.000000 0.000000 0.000000 0.000000 0.000000 0.000000 0.000000 0.000000 0.000000 0.000000 0.000000 
0.000000 0.000000 0.000000 0.000000 0.000000 0.000000 0.000000 0.000000 0.000000 0.000000 0.000000 0.000000 0.000000 0.000000 0.000000 0.000000 0.000000 0.000001 0.000002 0.000004 0.000007 0.000013 0.000024 0.000042 0.000074 0.000127 0.000213 0.000351 0.000567 0.000896 0.001388 0.002104 0.003124 0.004542 0.006467 0.009015 0.012304 0.016440 0.021504 0.027536 0.034514 0.042345 0.050852 0.059772 0.068762 0.077421 0.085314 0.092006 0.097106 0.100301 0.101390 0.100301 0.097106 0.092006 0.085314 0.077421 0.068762 0.059772 0.050852 0.042345 0.034514 0.027536 0.021504 0.016440 0.012304 0.009015 0.006467 0.004542 0.003124 0.002104 0.001388 0.000896 0.000567 0.000351 0.000213 0.000127 0.000074 0.000042 0.000024 0.000013 0.000007 0.000004 0.000002 0.000001 0.000000 0.000000 0.000000 0.000000 0.000000 0.000000 0.000000 0.000000 0.000000 0.000000 0.000000 0.000000 0.000000 0.000000 0.000000 0.000000 
0.000000 0.000000 0.000000 0.000000 0.000000 0.000000 0.000000 0.000000 0.000000 0.000000 0.000000 0.000000 0.000000 0.000000 0.000000 0.000000 0.000001 0.000002 0.000003 0.000007 0.000012 0.000023 0.000042 0.000075 0.000132 0.000226 0.000379 0.000624 0.001007 0.001590 0.002459 0.003724 0.005525 0.008026 0.011418 0.015905 0.021692 0.028965 0.037864 0.048457 0.060707 0.074447 0.089366 0.105002 0.120757 0.135927 0.149750 0.161469 0.170399 0.175993 0.177899 0.175993 0.170399 0.161469 0.149750 0.135927 0.120757 0.105002 0.089366 0.074447 0.060707 0.048457 0.037864 0.028965 0.021692 0.015905 0.011418 0.008026 0.005525 0.003724 0.002459 0.001590 0.001007 0.000624 0.000379 0.000226 0.000132 0.000075 0.000042 0.000023 0.000012 0.000007 0.000003 0.000002 0.000001 0.000000 0.000000 0.000000 0.000000 0.000000 0.000000 0.000000 0.000000 0.000000 0.000000 0.000000 0.000000 0.000000 0.000000 0.000000 
0.000000 0.000000 0.000000 0.000000 0.000000 0.000000 0.000000 0.000000 0.000000 0.000000 0.000000 0.000000 0.000000 0.000000 0.000000 0.000001 0.000002 0.000003 0.000006 0.000012 0.000022 0.000041 0.000074 0.000132 0.000230 0.000394 0.000662 0.001088 0.001752 0.002763 0.004269 0.006462 0.009577 0.013902 0.019762 0.027508 0.037491 0.050029 0.065363 0.083603 0.104686 0.128322 0.153976 0.180853 0.207925 0.233985 0.257725 0.277849 0.293180 0.302784 0.306054 0.302784 0.293180 0.277849 0.257725 0.233985 0.207925 0.180853 0.153976 0.128322 0.104686 0.083603 0.065363 0.050029 0.037491 0.027508 0.019762 0.013902 0.009577 0.006462 0.004269 0.002763 0.001752 0.001088 0.000662 0.000394 0.000230 0.000132 0.000074 0.000041 0.000022 0.000012 0.000006 0.000003 0.000002 0.000001 0.000000 0.000000 0.000000 0.000000 0.000000 0.000000 0.000000 0.000000 0.000000 0.000000 0.000000 0.000000 0.000000 0.000000 
0.000000 0.000000 0.000000 0.000000 0.000000 0.000000 0.000000 0.000000 0.000000 0.000000 0.000000 0.000000 0.000000 0.000000 0.000001 0.000001 0.000003 0.000005 0.000010 0.000020 0.000038 0.000070 0.000127 0.000226 0.000394 0.000675 0.001131 0.001857 0.002987 0.004707 0.007267 0.010988 0.016273 0.023603 0.033527 0.046634 0.063517 0.084709 0.110609 0.141402 0.176975 0.216841 0.260090 0.305386 0.350996 0.394889 0.434866 0.468746 0.494555 0.510719 0.516224 0.510719 0.494555 0.468746 0.434866 0.394889 0.350996 0.305386 0.260090 0.216841 0.176975 0.141402 0.110609 0.084709 0.063517 0.046634 0.033527 0.023603 0.016273 0.010988 0.007267 0.004707 0.002987 0.001857 0.001131 0.000675 0.000394 0.000226 0.000127 0.000070 0.000038 0.000020 0.000010 0.000005 0.000003 0.000001 0.000001 0.000000 0.000000 0.000000 0.000000 0.000000 0.000000 0.000000 0.000000 0.000000 0.000000 0.000000 0.000000 0.000000 
0.000000 0.000000 0.000000 0.000000 0.000000 0.000000 0.000000 0.000000 0.000000 0.000000 0.000000 0.000000 0.000000 0.000000 0.000001 0.000002 0.000004 0.000009 0.000017 0.000034 0.000063 0.000117 0.000213 0.000379 0.000662 0.001131 0.001893 0.003105 0.004991 0.007858 0.012120 0.018312 0.027099 0.039276 0.055749 0.077492 0.105480 0.140589 0.183475 0.234437 0.293281 0.359196 0.430679 0.505518 0.580854 0.653332 0.719332 0.775255 0.817851 0.844527 0.853612 0.844527 0.817851 0.775255 0.719332 0.653332 0.580854 0.505518 0.430679 0.359196 0.293281 0.234437 0.183475 0.140589 0.105480 0.077492 0.055749 0.039276 0.027099 0.018312 0.012120 0.007858 0.004991 0.003105 0.001893 0.001131 0.000662 0.000379 0.000213 0.000117 0.000063 0.000034 0.000017 0.000009 0.000004 0.000002 0.000001 0.000000 0.000000 0.000000 0.000000 0.000000 0.000000 0.000000 0.000000 0.000000 0.000000 0.000000 0.000000 0.000000 
0.000000 0.000000 0.000000 0.000000 0.000000 0.000000 0.000000 0.000000 0.000000 0.000000 0.000000 0.000000 0.000000 0.000001 0.000002 0.000004 0.000007 0.000015 0.000029 0.000056 0.000105 0.000194 0.000351 0.000624 0.001088 0.001857 0.003105 0.005089 0.008172 0.012855 0.019811 0.029908 0.044224 0.064050 0.090852 0.126205 0.171683 0.228698 0.298305 0.380980 0.476397 0.583235 0.699054 0.820270 0.942255 1.059584 1.166403 1.256897 1.325817 1.368975 1.383672 1.368975 1.325817 1.256897 1.166403 1.059584 0.942255 0.820270 0.699054 0.583235 0.476397 0.380980 0.298305 0.228698 0.171683 0.126205 0.090852 0.064050 0.044224 0.029908 0.019811 0.012855 0.008172 0.005089 0.003105 0.001857 0.001088 0.000624 0.000351 0.000194 0.000105 0.000056 0.000029 0.000015 0.000007 0.000004 0.000002 0.000001 0.000000 0.000000 0.000000 0.000000 0.000000 0.000000 0.000000 0.000000 0.000000 0.000000 0.000000 0.000000 
0.000000 0.000000 0.000000 0.000000 0.000000 0.000000 0.000000 0.000000 0.000000 0.000000 0.000000 0.000000 0.000001 0.000001 0.000003 0.000006 0.000012 0.000024 0.000047 0.000090 0.000169 0.000313 0.000567 0.001007 0.001752 0.002987 0.004991 0.008172 0.013110 0.020606 0.031731 0.047865 0.070725 0.102360 0.145097 0.201434 0.273862 0.364613 0.475349 0.606811 0.758468 0.928209 1.112153 1.304606 1.498226 1.684411 1.853882 1.997432 2.106745 2.175192 2.198500 2.175192 2.106745 1.997432 1.853882 1.684411 1.498226 1.304606 1.112153 0.928209 0.758468 0.606811 0.475349 0.364613 0.273862 0.201434 0.145097 0.102360 0.070725 0.047865 0.031731 0.020606 0.013110 0.008172 0.004991 0.002987 0.001752 0.001007 0.000567 0.000313 0.000169 0.000090 0.000047 0.000024 0.000012 0.000006 0.000003 0.000001 0.000001 0.000000 0.000000 0.000000 0.000000 0.000000 0.000000 0.000000 0.000000 0.000000 0.000000 0.000000 
0.000000 0.000000 0.000000 0.000000 0.000000 0.000000 0.000000 0.000000 0.000000 0.000000 0.000000 0.000000 0.000001 0.000002 0.000004 0.000009 0.000019 0.000038 0.000074 0.000143 0.000268 0.000495 0.000896 0.001590 0.002763 0.004707 0.007858 0.012855 0.020606 0.032363 0.049796 0.075059 0.110829 0.160296 0.227078 0.315061 0.428107 0.569676 0.742336 0.947218 1.183473 1.447800 1.734144 2.033640 2.334873 2.624471 2.888022 3.111228 3.281178 3.387586 3.423818 3.387586 3.281178 3.111228 2.888022 2.624471 2.334873 2.033640 1.734144 1.447800 1.183473 0.947218 0.742336 0.569676 0.428107 0.315061 0.227078 0.160296 0.110829 0.075059 0.049796 0.032363 0.020606 0.012855 0.007858 0.004707 0.002763 0.001590 0.000896 0.000495 0.000268 0.000143 0.000074 0.000038 0.000019 0.000009 0.000004 0.000002 0.000001 0.000000 0.000000 0.000000 0.000000 0.000000 0.000000 0.000000 0.000000 0.000000 0.000000 0.000000 
0.000000 0.000000 0.000000 0.000000 0.000000 0.000000 0.000000 0.000000 0.000000 0.000000 0.000000 0.000001 0.000002 0.000003 0.000007 0.000015 0.000030 0.000059 0.000115 0.000221 0.000416 0.000768 0.001388 0.002459 0.004269 0.007267 0.012120 0.019811 0.031731 0.049796 0.076562 0.115323 0.170168 0.245962 0.348226 0.482874 0.655785 0.872214 1.136048 1.448982 1.809689 2.213107 2.649984 3.106794 3.566134 4.007635 4.409352 4.749523 5.008503 5.170641 5.225849 5.170641 5.008503 4.749523 4.409352 4.007635 3.566134 3.106794 2.649984 2.213107 1.809689 1.448982 1.136048 0.872214 0.655785 0.482874 0.348226 0.245962 0.170168 0.115323 0.076562 0.049796 0.031731 0.019811 0.012120 0.007267 0.004269 0.002459 0.001388 0.000768 0.000416 0.000221 0.000115 0.000059 0.000030 0.000015 0.000007 0.000003 0.000002 0.000001 0.000000 0.000000 0.000000 0.000000 0.000000 0.000000 0.000000 0.000000 0.000000 0.000000 
0.000000 0.000000 0.000000 0.000000 0.000000 0.000000 0.000000 0.000000 0.000000 0.000000 0.000000 0.000001 0.000002 0.000005 0.000011 0.000022 0.000045 0.000090 0.000176 0.000337 0.000633 0.001165 0.002104 0.003724 0.006462 0.010988 0.018312 0.029908 0.047865 0.075059 0.115323 0.173592 0.255983 0.369776 0.523218 0.725140 0.984307 1.308542 1.703617 2.172021 2.711724 3.315123 3.968361 4.651212 5.337677 5.997344 6.597463 7.105567 7.492358 7.734497 7.816942 7.734497 7.492358 7.105567 6.597463 5.997344 5.337677 4.651212 3.968361 3.315123 2.711724 2.172021 1.703617 1.308542 0.984307 0.725140 0.523218 0.369776 0.255983 0.173592 0.115323 0.075059 0.047865 0.029908 0.018312 0.010988 0.006462 0.003724 0.002104 0.001165 0.000633 0.000337 0.000176 0.000090 0.000045 0.000022 0.000011 0.000005 0.000002 0.000001 0.000000 0.000000 0.000000 0.000000 0.000000 0.000000 0.000000 0.000000 0.000000 0.000000 
0.000000 0.000000 0.000000 0.000000 0.000000 0.000000 0.000000 0.000000 0.000000 0.000000 0.000001 0.000002 0.000004 0.000008 0.000016 0.000033 0.000067 0.000134 0.000262 0.000501 0.000941 0.001732 0.003124 0.005525 0.009577 0.016273 0.027099 0.044224 0.070725 0.110829 0.170168 0.255983 0.377251 0.544636 0.770221 1.066919 1.447545 1.923513 2.503223 3.190258 3.981583 4.866007 5.823195 6.823510 7.828886 8.794820 9.673413 10.417195 10.983337 11.337730 11.458392 11.337730 10.983337 10.417195 9.673413 8.794820 7.828886 6.823510 5.823195 4.866007 3.981583 3.190258 2.503223 1.923513 1.447545 1.066919 0.770221 0.544636 0.377251 0.255983 0.170168 0.110829 0.070725 0.044224 0.027099 0.016273 0.009577 0.005525 0.003124 0.001732 0.000941 0.000501 0.000262 0.000134 0.000067 0.000033 0.000016 0.000008 0.000004 0.000002 0.000001 0.000000 0.000000 0.000000 0.000000 0.000000 0.000000 0.000000 0.000000 0.000000 
0.000000 0.000000 0.000000 0.000000 0.000000 0.000000 0.000000 0.000000 0.000000 0.000000 0.000001 0.000002 0.000005 0.000011 0.000024 0.000049 0.000099 0.000196 0.000382 0.000731 0.001371 0.002520 0.004542 0.008026 0.013902 0.023603 0.039276 0.064050 0.102360 0.160296 0.245962 0.369776 0.544636 0.785861 1.110787 1.537929 2.085642 2.770249 3.603734 4.591156 5.728073 6.998348 8.372743 9.808702 11.251605 12.637641 13.898151 14.965114 15.777174 16.285474 16.458531 16.285474 15.777174 14.965114 13.898151 12.637641 11.251605 9.808702 8.372743 6.998348 5.728073 4.591156 3.603734 2.770249 2.085642 1.537929 1.110787 0.785861 0.544636 0.369776 0.245962 0.160296 0.102360 0.064050 0.039276 0.023603 0.013902 0.008026 0.004542 0.002520 0.001371 0.000731 0.000382 0.000196 0.000099 0.000049 0.000024 0.000011 0.000005 0.000002 0.000001 0.000000 0.000000 0.000000 0.000000 0.000000 0.000000 0.000000 0.000000 0.000000 
0.000000 0.000000 0.000000 0.000000 0.000000 0.000000 0.000000 0.000000 0.000000 0.000001 0.000002 0.000003 0.000007 0.000016 0.000034 0.000070 0.000141 0.000280 0.000546 0.001044 0.001955 0.003591 0.006467 0.011418 0.019762 0.033527 0.055749 0.090852 0.145097 0.227078 0.348226 0.523218 0.770221 1.110787 1.569293 2.171755 2.943934 3.908710 5.082840 6.473326 8.073810 9.861496 11.795197 13.815032 15.844215 17.793075 19.565173 21.064993 22.206396 22.920802 23.164024 22.920802 22.206396 21.064993 19.565173 17.793075 15.844215 13.815032 11.795197 9.861496 8.073810 6.473326 5.082840 3.908710 2.943934 2.171755 1.569293 1.110787 0.770221 0.523218 0.348226 0.227078 0.145097 0.090852 0.055749 0.033527 0.019762 0.011418 0.006467 0.003591 0.001955 0.001044 0.000546 0.000280 0.000141 0.000070 0.000034 0.000016 0.000007 0.000003 0.000002 0.000001 0.000000 0.000000 0.000000 0.000000 0.000000 0.000000 0.000000 0.000000 
0.000000 0.000000 0.000000 0.000000 0.000000 0.000000 0.000000 0.000000 0.000000 0.000001 0.000002 0.000005 0.000011 0.000023 0.000047 0.000098 0.000198 0.000392 0.000764 0.001458 0.002729 0.005010 0.009015 0.015905 0.027508 0.046634 0.077492 0.126205 0.201434 0.315061 0.482874 0.725140 1.066919 1.537929 2.171755 3.004213 4.070734 5.402749 7.023222 8.941657 11.149145 13.614147 16.279815 19.063600 21.859720 24.544707 26.985824 29.051639 30.623647 31.607514 31.942465 31.607514 30.623647 29.051639 26.985824 24.544707 21.859720 19.063600 16.279815 13.614147 11.149145 8.941657 7.023222 5.402749 4.070734 3.004213 2.171755 1.537929 1.066919 0.725140 0.482874 0.315061 0.201434 0.126205 0.077492 0.046634 0.027508 0.015905 0.009015 0.005010 0.002729 0.001458 0.000764 0.000392 0.000198 0.000098 0.000047 0.000023 0.000011 0.000005 0.000002 0.000001 0.000000 0.000000 0.000000 0.000000 0.000000 0.000000 0.000000 0.000000 
0.000000 0.000000 0.000000 0.000000 0.000000 0.000000 0.000000 0.000000 0.000001 0.000001 0.000003 0.000007 0.000014 0.000031 0.000065 0.000134 0.000271 0.000538 0.001046 0.001995 0.003731 0.006842 0.012304 0.021692 0.037491 0.063517 0.105480 0.171683 0.273862 0.428107 0.655785 0.984307 1.447545 2.085642 2.943934 4.070734 5.513794 7.315428 9.506474 12.099585 15.082546 18.412614 22.012920 25.771970 29.546984 33.171389 36.466167 39.254106 41.375456 42.703068 43.155033 42.703068 41.375456 39.254106 36.466167 33.171389 29.546984 25.771970 22.012920 18.412614 15.082546 12.099585 9.506474 7.315428 5.513794 4.070734 2.943934 2.085642 1.447545 0.984307 0.655785 0.428107 0.273862 0.171683 0.105480 0.063517 0.037491 0.021692 0.012304 0.006842 0.003731 0.001995 0.001046 0.000538 0.000271 0.000134 0.000065 0.000031 0.000014 0.000007 0.000003 0.000001 0.000001 0.000000 0.000000 0.000000 0.000000 0.000000 0.000000 0.000000 
0.000000 0.000000 0.000000 0.000000 0.000000 0.000000 0.000000 0.000000 0.000001 0.000002 0.000004 0.000009 0.000019 0.000042 0.000088 0.000180 0.000364 0.000721 0.001401 0.002671 0.004992 0.009149 0.016440 0.028965 0.050029 0.084709 0.140589 0.228698 0.364613 0.569676 0.872214 1.308542 1.923513 2.770249 3.908710 5.402749 7.315428 9.702559 12.604738 16.038475 19.987386 24.394730 29.158689 34.131727 39.125032 43.918419 48.275331 51.961654 54.766382 56.521588 57.119106 56.521588 54.766382 51.961654 48.275331 43.918419 39.125032 34.131727 29.158689 24.394730 19.987386 16.038475 12.604738 9.702559 7.315428 5.402749 3.908710 2.770249 1.923513 1.308542 0.872214 0.569676 0.364613 0.228698 0.140589 0.084709 0.050029 0.028965 0.016440 0.009149 0.004992 0.002671 0.001401 0.000721 0.000364 0.000180 0.000088 0.000042 0.000019 0.000009 0.000004 0.000002 0.000001 0.000000 0.000000 0.000000 0.000000 0.000000 0.000000 0.000000 
0.000000 0.000000 0.000000 0.000000 0.000000 0.000000 0.000000 0.000000 0.000001 0.000002 0.000005 0.000012 0.000026 0.000055 0.000115 0.000237 0.000478 0.000946 0.001838 0.003500 0.006538 0.011974 0.021504 0.037864 0.065363 0.110609 0.183475 0.298305 0.475349 0.742336 1.136048 1.703617 2.503223 3.603734 5.082840 7.023222 9.506474 12.604738 16.370384 20.824531 25.945677 31.660052 37.835541 44.280892 50.751484 56.962168 62.606680 67.381992 71.015025 73.288484 74.062412 73.288484 71.015025 67.381992 62.606680 56.962168 50.751484 44.280892 37.835541 31.660052 25.945677 20.824531 16.370384 12.604738 9.506474 7.023222 5.082840 3.603734 2.503223 1.703617 1.136048 0.742336 0.475349 0.298305 0.183475 0.110609 0.065363 0.037864 0.021504 0.011974 0.006538 0.003500 0.001838 0.000946 0.000478 0.000237 0.000115 0.000055 0.000026 0.000012 0.000005 0.000002 0.000001 0.000000 0.000000 0.000000 0.000000 0.000000 0.000000 0.000000 
0.000000 0.000000 0.000000 0.000000 0.000000 0.000000 0.000000 0.000001 0.000001 0.000003 0.000007 0.000015 0.000033 0.000071 0.000148 0.000305 0.000614 0.001216 0.002359 0.004490 0.008381 0.015342 0.027536 0.048457 0.083603 0.141402 0.234437 0.380980 0.606811 0.947218 1.448982 2.172021 3.190258 4.591156 6.473326 8.941657 12.099585 16.038475 20.824531 26.484249 32.990010 40.247882 48.089950 56.273343 64.487583 72.370892 79.534802 85.595033 90.205337 93.090227 94.072276 93.090227 90.205337 85.595033 79.534802 72.370892 64.487583 56.273343 48.089950 40.247882 32.990010 26.484249 20.824531 16.038475 12.099585 8.941657 6.473326 4.591156 3.190258 2.172021 1.448982 0.947218 0.606811 0.380980 0.234437 0.141402 0.083603 0.048457 0.027536 0.015342 0.008381 0.004490 0.002359 0.001216 0.000614 0.000305 0.000148 0.000071 0.000033 0.000015 0.000007 0.000003 0.000001 0.000001 0.000000 0.000000 0.000000 0.000000 0.000000 0.000000 
0.000000 0.000000 0.000000 0.000000 0.000000 0.000000 0.000000 0.000001 0.000002 0.000004 0.000009 0.000019 0.000042 0.000089 0.000187 0.000383 0.000773 0.001528 0.002963 0.005637 0.010517 0.019240 0.034514 0.060707 0.104686 0.176975 0.293281 0.476397 0.758468 1.183473 1.809689 2.711724 3.981583 5.728073 8.073810 11.149145 15.082546 19.987386 25.945677 32.990010 41.085673 50.115534 59.870550 70.048602 80.263656 90.066050 98.973068 106.507285 112.238593 115.824812 117.045578 115.824812 112.238593 106.507285 98.973068 90.066050 80.263656 70.048602 59.870550 50.115534 41.085673 32.990010 25.945677 19.987386 15.082546 11.149145 8.073810 5.728073 3.981583 2.711724 1.809689 1.183473 0.758468 0.476397 0.293281 0.176975 0.104686 0.060707 0.034514 0.019240 0.010517 0.005637 0.002963 0.001528 0.000773 0.000383 0.000187 0.000089 0.000042 0.000019 0.000009 0.000004 0.000002 0.000001 0.000000 0.000000 0.000000 0.000000 0.000000 0.000000 
0.000000 0.000000 0.000000 0.000000 0.000000 0.000000 0.000000 0.000001 0.000002 0.000005 0.000011 0.000024 0.000051 0.000110 0.000230 0.000472 0.000951 0.001879 0.003643 0.006927 0.012915 0.023617 0.042345 0.074447 0.128322 0.216841 0.359196 0.583235 0.928209 1.447800 2.213107 3.315123 4.866007 6.998348 9.861496 13.614147 18.412614 24.394730 31.660052 40.247882 50.115534 61.119968 73.006285 85.406352 97.849997 109.789715 120.637891 129.813450 136.792970 141.160075 142.646632 141.160075 136.792970 129.813450 120.637891 109.789715 97.849997 85.406352 73.006285 61.119968 50.115534 40.247882 31.660052 24.394730 18.412614 13.614147 9.861496 6.998348 4.866007 3.315123 2.213107 1.447800 0.928209 0.583235 0.359196 0.216841 0.128322 0.074447 0.042345 0.023617 0.012915 0.006927 0.003643 0.001879 0.000951 0.000472 0.000230 0.000110 0.000051 0.000024 0.000011 0.000005 0.000002 0.000001 0.000000 0.000000 0.000000 0.000000 0.000000 0.000000 
0.000000 0.000000 0.000000 0.000000 0.000000 0.000000 0.000000 0.000001 0.000002 0.000006 0.000013 0.000029 0.000062 0.000132 0.000277 0.000569 0.001145 0.002262 0.004383 0.008329 0.015524 0.028373 0.050852 0.089366 0.153976 0.260090 0.430679 0.699054 1.112153 1.734144 2.649984 3.968361 5.823195 8.372743 11.795197 16.279815 22.012920 29.158689 37.835541 48.089950 59.870550 73.006285 87.192732 101.990517 116.838700 131.084259 144.026472 154.972523 163.298407 168.507774 170.281008 168.507774 163.298407 154.972523 144.026472 131.084259 116.838700 101.990517 87.192732 73.006285 59.870550 48.089950 37.835541 29.158689 22.012920 16.279815 11.795197 8.372743 5.823195 3.968361 2.649984 1.734144 1.112153 0.699054 0.430679 0.260090 0.153976 0.089366 0.050852 0.028373 0.015524 0.008329 0.004383 0.002262 0.001145 0.000569 0.000277 0.000132 0.000062 0.000029 0.000013 0.000006 0.000002 0.000001 0.000000 0.000000 0.000000 0.000000 0.000000 0.000000 
0.000000 0.000000 0.000000 0.000000 0.000000 0.000000 0.000001 0.000001 0.000003 0.000007 0.000015 0.000034 0.000073 0.000156 0.000327 0.000671 0.001349 0.002664 0.005160 0.009802 0.018261 0.033362 0.059772 0.105002 0.180853 0.305386 0.505518 0.820270 1.304606 2.033640 3.106794 4.651212 6.823510 9.808702 13.815032 19.063600 25.771970 34.131727 44.280892 56.273343 70.048602 85.406352 101.990517 119.287459 136.641652 153.290149 168.414419 181.205275 190.933972 197.020889 199.092808 197.020889 190.933972 181.205275 168.414419 153.290149 136.641652 119.287459 101.990517 85.406352 70.048602 56.273343 44.280892 34.131727 25.771970 19.063600 13.815032 9.808702 6.823510 4.651212 3.106794 2.033640 1.304606 0.820270 0.505518 0.305386 0.180853 0.105002 0.059772 0.033362 0.018261 0.009802 0.005160 0.002664 0.001349 0.000671 0.000327 0.000156 0.000073 0.000034 0.000015 0.000007 0.000003 0.000001 0.000001 0.000000 0.000000 0.000000 0.000000 0.000000 
