0.000000 0.000000 0.000000 0.000000 0.000000 0.000000 0.000000 0.000000 0.000000 0.000000 0.000000 0.000000 0.000000 0.000000 0.000000 0.000000 0.000000 0.000000 0.000000 0.000000 0.000000 0.000000 0.000000 0.000000 0.000000 0.000000 0.000000 0.000000 0.000000 0.000000 0.000000 0.000000 0.000000 0.000000 0.000000 0.000000 0.000000 0.000000 0.000000 0.000000 0.000000 0.000000 0.000000 0.000000 0.000000 0.000000 0.000000 0.000000 0.000000 0.000000 0.000000 0.000000 0.000000 0.000000 0.000000 0.000000 0.000000 0.000000 0.000000 0.000000 0.000000 0.000000 0.000000 0.000000 0.000000 0.000000 0.000000 0.000000 0.000000 0.000000 0.000000 0.000000 0.000000 0.000000 0.000000 0.000000 0.000000 0.000000 0.000000 0.000000 0.000000 0.000000 0.000000 0.000000 0.000000 0.000000 0.000000 0.000000 0.000000 0.000000 0.000000 0.000000 0.000000 0.000000 0.000000 0.000000 0.000000 0.000000 0.000000 0.000000 
0.000000 0.000000 0.000000 0.000000 0.000000 0.000000 0.000000 0.000000 0.000000 0.000000 0.000000 0.000000 0.000000 0.000000 0.000000 0.000000 0.000000 0.000000 0.000000 0.000000 0.000000 0.000000 0.000000 0.000000 0.000000 0.000000 0.000000 0.000000 0.000000 0.000000 0.000000 0.000000 0.000000 0.000000 0.000000 0.000000 0.000000 0.000000 0.000000 0.000000 0.000000 0.000000 0.000000 0.000000 0.000000 0.000000 0.000000 0.000000 0.000000 0.000000 0.000000 0.000000 0.000000 0.000000 0.000000 0.000000 0.000000 0.000000 0.000000 0.000000 0.000000 0.000000 0.000000 0.000000 0.000000 0.000000 0.000000 0.000000 0.000000 0.000000 0.000000 0.000000 0.000000 0.000000 0.000000 0.000000 0.000000 0.000000 0.000000 0.000000 0.000000 0.000000 0.000000 0.000000 0.000000 0.000000 0.000000 0.000000 0.000000 0.000000 0.000000 0.000000 0.000000 0.000000 0.000000 0.000000 0.000000 0.000000 0.000000 0.000000 
0.000000 0.000000 0.000000 0.000000 0.000000 0.000000 0.000000 0.000000 0.000000 0.000000 0.000000 0.000000 0.000000 0.000000 0.000000 0.000000 0.000000 0.000000 0.000000 0.000000 0.000000 0.000000 0.000000 0.000000 0.000000 0.000000 0.000000 0.000000 0.000000 0.000000 0.000000 0.000000 0.000000 0.000000 0.000000 0.000000 0.000000 0.000000 0.000000 0.000000 0.000000 0.000000 0.000000 0.000000 0.000000 0.000000 0.000000 0.000000 0.000000 0.000000 0.000000 0.000000 0.000000 0.000000 0.000000 0.000000 0.000000 0.000000 0.000000 0.000000 0.000000 0.000000 0.000000 0.000000 0.000000 0.000000 0.000000 0.000000 0.000000 0.000000 0.000000 0.000000 0.000000 0.000000 0.000000 0.000000 0.000000 0.000000 0.000000 0.000000 0.000000 0.000000 0.000000 0.000000 0.000000 0.000000 0.000000 0.000000 0.000000 0.000000 0.000000 0.000000 0.000000 0.000000 0.000000 0.000000 0.000000 0.000000 0.000000 0.000000 
0.000000 0.000000 0.000000 0.000000 0.000000 0.000000 0.000000 0.000000 0.000000 0.000000 0.000000 0.000000 0.000000 0.000000 0.000000 0.000000 0.000000 0.000000 0.000000 0.000000 0.000000 0.000000 0.000000 0.000000 0.000000 0.000000 0.000000 0.000000 0.000000 0.000000 0.000000 0.000000 0.000000 0.000000 0.000000 0.000000 0.000000 0.000000 0.000000 0.000000 0.000000 0.000000 0.000000 0.000000 0.000000 0.000000 0.000000 0.000000 0.000000 0.000000 0.000000 0.000000 0.000000 0.000000 0.000000 0.000000 0.000000 0.000000 0.000000 0.000000 0.000000 0.000000 0.000000 0.000000 0.000000 0.000000 0.000000 0.000000 0.000000 0.000000 0.000000 0.000000 0.000000 0.000000 0.000000 0.000000 0.000000 0.000000 0.000000 0.000000 0.000000 0.000000 0.000000 0.000000 0.000000 0.000000 0.000000 0.000000 0.000000 0.000000 0.000000 0.000000 0.000000 0.000000 0.000000 0.000000 0.000000 0.000000 0.000000 0.000000 
0.000000 0.000000 0.000000 0.000000 0.000000 0.000000 0.000000 0.000000 0.000000 0.000000 0.000000 0.000000 0.000000 0.000000 0.000000 0.000000 0.000000 0.000000 0.000000 0.000000 0.000000 0.000000 0.000000 0.000000 0.000000 0.000000 0.000000 0.000000 0.000000 0.000000 0.000000 0.000000 0.000000 0.000000 0.000000 0.000000 0.000000 0.000000 0.000000 0.000000 0.000000 0.000000 0.000000 0.000000 0.000000 0.000000 0.000000 0.000000 0.000000 0.000000 0.000000 0.000000 0.000000 0.000000 0.000000 0.000000 0.000000 0.000000 0.000000 0.000000 0.000000 0.000000 0.000000 0.000000 0.000000 0.000000 0.000000 0.000000 0.000000 0.000000 0.000000 0.000000 0.000000 0.000000 0.000000 0.000000 0.000000 0.000000 0.000000 0.000000 0.000000 0.000000 0.000000 0.000000 0.000000 0.000000 0.000000 0.000000 0.000000 0.000000 0.000000 0.000000 0.000000 0.000000 0.000000 0.000000 0.000000 0.000000 0.000000 0.000000 
0.000000 0.000000 0.000000 0.000000 0.000000 0.000000 0.000000 0.000000 0.000000 0.000000 0.000000 0.000000 0.000000 0.000000 0.000000 0.000000 0.000000 0.000000 0.000000 0.000000 0.000000 0.000000 0.000000 0.000000 0.000000 0.000000 0.000000 0.000000 0.000000 0.000000 0.000000 0.000000 0.000000 0.000000 0.000000 0.000000 0.000000 0.000000 0.000000 0.000000 0.000000 0.000000 0.000000 0.000000 0.000000 0.000000 0.000001 0.000001 0.000001 0.000001 0.000001 0.000001 0.000001 0.000001 0.000001 0.000000 0.000000 0.000000 0.000000 0.000000 0.000000 0.000000 0.000000 0.000000 0.000000 0.000000 0.000000 0.000000 0.000000 0.000000 0.000000 0.000000 0.000000 0.000000 0.000000 0.000000 0.000000 0.000000 0.000000 0.000000 0.000000 0.000000 0.000000 0.000000 0.000000 0.000000 0.000000 0.000000 0.000000 0.000000 0.000000 0.000000 0.000000 0.000000 0.000000 0.000000 0.000000 0.000000 0.000000 0.000000 
0.000000 0.000000 0.000000 0.000000 0.000000 0.000000 0.000000 0.000000 0.000000 0.000000 0.000000 0.000000 0.000000 0.000000 0.000000 0.000000 0.000000 0.000000 0.000000 0.000000 0.000000 0.000000 0.000000 0.000000 0.000000 0.000000 0.000000 0.000000 0.000000 0.000000 0.000000 0.000000 0.000000 0.000000 0.000000 0.000000 0.000000 0.000000 0.000000 0.000000 0.000000 0.000001 0.000001 0.000001 0.000001 0.000001 0.000001 0.000001 0.000001 0.000001 0.000001 0.000001 0.000001 0.000001 0.000001 0.000001 0.000001 0.000001 0.000001 0.000001 0.000000 0.000000 0.000000 0.000000 0.000000 0.000000 0.000000 0.000000 0.000000 0.000000 0.000000 0.000000 0.000000 0.000000 0.000000 0.000000 0.000000 0.000000 0.000000 0.000000 0.000000 0.000000 0.000000 0.000000 0.000000 0.000000 0.000000 0.000000 0.000000 0.000000 0.000000 0.000000 0.000000 0.000000 0.000000 0.000000 0.000000 0.000000 0.000000 0.000000 
0.000000 0.000000 0.000000 0.000000 0.000000 0.000000 0.000000 0.000000 0.000000 0.000000 0.000000 0.000000 0.000000 0.000000 0.000000 0.000000 0.000000 0.000000 0.000000 0.000000 0.000000 0.000000 0.000000 0.000000 0.000000 0.000000 0.000000 0.000000 0.000000 0.000000 0.000000 0.000000 0.000000 0.000000 0.000000 0.000000 0.000000 0.000001 0.000001 0.000001 0.000001 0.000001 0.000002 0.000002 0.000002 0.000003 0.000003 0.000003 0.000003 0.000003 0.000003 0.000003 0.000003 0.000003 0.000003 0.000003 0.000002 0.000002 0.000002 0.000001 0.000001 0.000001 0.000001 0.000001 0.000000 0.000000 0.000000 0.000000 0.000000 0.000000 0.000000 0.000000 0.000000 0.000000 0.000000 0.000000 0.000000 0.000000 0.000000 0.000000 0.000000 0.000000 0.000000 0.000000 0.000000 0.000000 0.000000 0.000000 0.000000 0.000000 0.000000 0.000000 0.000000 0.000000 0.000000 0.000000 0.000000 0.000000 0.000000 0.000000 
0.000000 0.000000 0.000000 0.000000 0.000000 0.000000 0.000000 0.000000 0.000000 0.000000 0.000000 0.000000 0.000000 0.000000 0.000000 0.000000 0.000000 0.000000 0.000000 0.000000 0.000000 0.000000 0.000000 0.000000 0.000000 0.000000 0.000000 0.000000 0.000000 0.000000 0.000000 0.000000 0.000000 0.000000 0.000000 0.000001 0.000001 0.000001 0.000002 0.000002 0.000003 0.000003 0.000004 0.000004 0.000005 0.000006 0.000006 0.000007 0.000007 0.000008 0.000008 0.000008 0.000007 0.000007 0.000006 0.000006 0.000005 0.000004 0.000004 0.000003 0.000003 0.000002 0.000002 0.000001 0.000001 0.000001 0.000000 0.000000 0.000000 0.000000 0.000000 0.000000 0.000000 0.000000 0.000000 0.000000 0.000000 0.000000 0.000000 0.000000 0.000000 0.000000 0.000000 0.000000 0.000000 0.000000 0.000000 0.000000 0.000000 0.000000 0.000000 0.000000 0.000000 0.000000 0.000000 0.000000 0.000000 0.000000 0.000000 0.000000 
0.000000 0.000000 0.000000 0.000000 0.000000 0.000000 0.000000 0.000000 0.000000 0.000000 0.000000 0.000000 0.000000 0.000000 0.000000 0.000000 0.000000 0.000000 0.000000 0.000000 0.000000 0.000000 0.000000 0.000000 0.000000 0.000000 0.000000 0.000000 0.000000 0.000000 0.000000 0.000000 0.000001 0.000001 0.000001 0.000001 0.000002 0.000003 0.000004 0.000005 0.000006 0.000007 0.000009 0.000010 0.000012 0.000013 0.000014 0.000016 0.000016 0.000017 0.000017 0.000017 0.000016 0.000016 0.000014 0.000013 0.000012 0.000010 0.000009 0.000007 0.000006 0.000005 0.000004 0.000003 0.000002 0.000001 0.000001 0.000001 0.000001 0.000000 0.000000 0.000000 0.000000 0.000000 0.000000 0.000000 0.000000 0.000000 0.000000 0.000000 0.000000 0.000000 0.000000 0.000000 0.000000 0.000000 0.000000 0.000000 0.000000 0.000000 0.000000 0.000000 0.000000 0.000000 0.000000 0.000000 0.000000 0.000000 0.000000 0.000000 
0.000000 0.000000 0.000000 0.000000 0.000000 0.000000 0.000000 0.000000 0.000000 0.000000 0.000000 0.000000 0.000000 0.000000 0.000000 0.000000 0.000000 0.000000 0.000000 0.000000 0.000000 0.000000 0.000000 0.000000 0.000000 0.000000 0.000000 0.000000 0.000000 0.000000 0.000001 0.000001 0.000001 0.000002 0.000002 0.000003 0.000005 0.000006 0.000008 0.000010 0.000013 0.000016 0.000019 0.000022 0.000026 0.000029 0.000032 0.000034 0.000036 0.000037 0.000038 0.000037 0.000036 0.000034 0.000032 0.000029 0.000026 0.000022 0.000019 0.000016 0.000013 0.000010 0.000008 0.000006 0.000005 0.000003 0.000002 0.000002 0.000001 0.000001 0.000001 0.000000 0.000000 0.000000 0.000000 0.000000 0.000000 0.000000 0.000000 0.000000 0.000000 0.000000 0.000000 0.000000 0.000000 0.000000 0.000000 0.000000 0.000000 0.000000 0.000000 0.000000 0.000000 0.000000 0.000000 0.000000 0.000000 0.000000 0.000000 0.000000 
0.000000 0.000000 0.000000 0.000000 0.000000 0.000000 0.000000 0.000000 0.000000 0.000000 0.000000 0.000000 0.000000 0.000000 0.000000 0.000000 0.000000 0.000000 0.000000 0.000000 0.000000 0.000000 0.000000 0.000000 0.000000 0.000000 0.000000 0.000000 0.000000 0.000001 0.000001 0.000002 0.000003 0.000004 0.000005 0.000007 0.000010 0.000013 0.000017 0.000022 0.000028 0.000034 0.000041 0.000048 0.000056 0.000063 0.000069 0.000074 0.000078 0.000081 0.000082 0.000081 0.000078 0.000074 0.000069 0.000063 0.000056 0.000048 0.000041 0.000034 0.000028 0.000022 0.000017 0.000013 0.000010 0.000007 0.000005 0.000004 0.000003 0.000002 0.000001 0.000001 0.000000 0.000000 0.000000 0.000000 0.000000 0.000000 0.000000 0.000000 0.000000 0.000000 0.000000 0.000000 0.000000 0.000000 0.000000 0.000000 0.000000 0.000000 0.000000 0.000000 0.000000 0.000000 0.000000 0.000000 0.000000 0.000000 0.000000 0.000000 
0.000000 0.000000 0.000000 0.000000 0.000000 0.000000 0.000000 0.000000 0.000000 0.000000 0.000000 0.000000 0.000000 0.000000 0.000000 0.000000 0.000000 0.000000 0.000000 0.000000 0.000000 0.000000 0.000000 0.000000 0.000000 0.000000 0.000000 0.000001 0.000001 0.000002 0.000002 0.000004 0.000005 0.000008 0.000011 0.000016 0.000021 0.000028 0.000037 0.000047 0.000059 0.000073 0.000088 0.000103 0.000118 0.000133 0.000147 0.000158 0.000167 0.000173 0.000175 0.000173 0.000167 0.000158 0.000147 0.000133 0.000118 0.000103 0.000088 0.000073 0.000059 0.000047 0.000037 0.000028 0.000021 0.000016 0.000011 0.000008 0.000005 0.000004 0.000002 0.000002 0.000001 0.000001 0.000000 0.000000 0.000000 0.000000 0.000000 0.000000 0.000000 0.000000 0.000000 0.000000 0.000000 0.000000 0.000000 0.000000 0.000000 0.000000 0.000000 0.000000 0.000000 0.000000 0.000000 0.000000 0.000000 0.000000 0.000000 0.000000 
0.000000 0.000000 0.000000 0.000000 0.000000 0.000000 0.000000 0.000000 0.000000 0.000000 0.000000 0.000000 0.000000 0.000000 0.000000 0.000000 0.000000 0.000000 0.000000 0.000000 0.000000 0.000000 0.000000 0.000000 0.000000 0.000000 0.000001 0.000001 0.000002 0.000003 0.000005 0.000008 0.000011 0.000017 0.000024 0.000033 0.000045 0.000060 0.000078 0.000100 0.000125 0.000153 0.000184 0.000216 0.000248 0.000279 0.000307 0.000331 0.000350 0.000361 0.000365 0.000361 0.000350 0.000331 0.000307 0.000279 0.000248 0.000216 0.000184 0.000153 0.000125 0.000100 0.000078 0.000060 0.000045 0.000033 0.000024 0.000017 0.000011 0.000008 0.000005 0.000003 0.000002 0.000001 0.000001 0.000000 0.000000 0.000000 0.000000 0.000000 0.000000 0.000000 0.000000 0.000000 0.000000 0.000000 0.000000 0.000000 0.000000 0.000000 0.000000 0.000000 0.000000 0.000000 0.000000 0.000000 0.000000 0.000000 0.000000 0.000000 
0.000000 0.000000 0.000000 0.000000 0.000000 0.000000 0.000000 0.000000 0.000000 0.000000 0.000000 0.000000 0.000000 0.000000 0.000000 0.000000 0.000000 0.000000 0.000000 0.000000 0.000000 0.000000 0.000000 0.000000 0.000001 0.000001 0.000002 0.000003 0.000004 0.000007 0.000011 0.000016 0.000024 0.000034 0.000049 0.000068 0.000092 0.000123 0.000160 0.000205 0.000257 0.000315 0.000377 0.000443 0.000509 0.000573 0.000631 0.000680 0.000718 0.000741 0.000749 0.000741 0.000718 0.000680 0.000631 0.000573 0.000509 0.000443 0.000377 0.000315 0.000257 0.000205 0.000160 0.000123 0.000092 0.000068 0.000049 0.000034 0.000024 0.000016 0.000011 0.000007 0.000004 0.000003 0.000002 0.000001 0.000001 0.000000 0.000000 0.000000 0.000000 0.000000 0.000000 0.000000 0.000000 0.000000 0.000000 0.000000 0.000000 0.000000 0.000000 0.000000 0.000000 0.000000 0.000000 0.000000 0.000000 0.000000 0.000000 0.000000 
0.000000 0.000000 0.000000 0.000000 0.000000 0.000000 0.000000 0.000000 0.000000 0.000000 0.000000 0.000000 0.000000 0.000000 0.000000 0.000000 0.000000 0.000000 0.000000 0.000000 0.000000 0.000000 0.000000 0.000001 0.000001 0.000002 0.000003 0.000006 0.000009 0.000014 0.000021 0.000032 0.000048 0.000070 0.000099 0.000137 0.000187 0.000249 0.000325 0.000415 0.000519 0.000635 0.000762 0.000894 0.001027 0.001155 0.001272 0.001371 0.001446 0.001493 0.001509 0.001493 0.001446 0.001371 0.001272 0.001155 0.001027 0.000894 0.000762 0.000635 0.000519 0.000415 0.000325 0.000249 0.000187 0.000137 0.000099 0.000070 0.000048 0.000032 0.000021 0.000014 0.000009 0.000006 0.000003 0.000002 0.000001 0.000001 0.000000 0.000000 0.000000 0.000000 0.000000 0.000000 0.000000 0.000000 0.000000 0.000000 0.000000 0.000000 0.000000 0.000000 0.000000 0.000000 0.000000 0.000000 0.000000 0.000000 0.000000 0.000000 
0.000000 0.000000 0.000000 0.000000 0.000000 0.000000 0.000000 0.000000 0.000000 0.000000 0.000000 0.000000 0.000000 0.000000 0.000000 0.000000 0.000000 0.000000 0.000000 0.000000 0.000000 0.000000 0.000001 0.000001 0.000002 0.000004 0.000007 0.000011 0.000018 0.000028 0.000043 0.000065 0.000096 0.000139 0.000197 0.000273 0.000371 0.000494 0.000645 0.000823 0.001029 0.001259 0.001509 0.001770 0.002033 0.002286 0.002516 0.002711 0.002860 0.002953 0.002984 0.002953 0.002860 0.002711 0.002516 0.002286 0.002033 0.001770 0.001509 0.001259 0.001029 0.000823 0.000645 0.000494 0.000371 0.000273 0.000197 0.000139 0.000096 0.000065 0.000043 0.000028 0.000018 0.000011 0.000007 0.000004 0.000002 0.000001 0.000001 0.000000 0.000000 0.000000 0.000000 0.000000 0.000000 0.000000 0.000000 0.000000 0.000000 0.000000 0.000000 0.000000 0.000000 0.000000 0.000000 0.000000 0.000000 0.000000 0.000000 0.000000 
0.000000 0.000000 0.000000 0.000000 0.000000 0.000000 0.000000 0.000000 0.000000 0.000000 0.000000 0.000000 0.000000 0.000000 0.000000 0.000000 0.000000 0.000000 0.000000 0.000000 0.000000 0.000001 0.000002 0.000003 0.000005 0.000008 0.000013 0.000022 0.000035 0.000055 0.000084 0.000127 0.000187 0.000271 0.000384 0.000533 0.000724 0.000964 0.001256 0.001603 0.002002 0.002449 0.002934 0.003440 0.003950 0.004440 0.004886 0.005263 0.005551 0.005731 0.005792 0.005731 0.005551 0.005263 0.004886 0.004440 0.003950 0.003440 0.002934 0.002449 0.002002 0.001603 0.001256 0.000964 0.000724 0.000533 0.000384 0.000271 0.000187 0.000127 0.000084 0.000055 0.000035 0.000022 0.000013 0.000008 0.000005 0.000003 0.000002 0.000001 0.000000 0.000000 0.000000 0.000000 0.000000 0.000000 0.000000 0.000000 0.000000 0.000000 0.000000 0.000000 0.000000 0.000000 0.000000 0.000000 0.000000 0.000000 0.000000 0.000000 
0.000000 0.000000 0.000000 0.000000 0.000000 0.000000 0.000000 0.000000 0.000000 0.000000 0.000000 0.000000 0.000000 0.000000 0.000000 0.000000 0.000000 0.000000 0.000000 0.000000 0.000001 0.000002 0.000003 0.000005 0.000009 0.000015 0.000026 0.000042 0.000067 0.000105 0.000162 0.000244 0.000360 0.000520 0.000737 0.001021 0.001387 0.001844 0.002401 0.003062 0.003823 0.004675 0.005597 0.006561 0.007530 0.008462 0.009309 0.010027 0.010573 0.010915 0.011031 0.010915 0.010573 0.010027 0.009309 0.008462 0.007530 0.006561 0.005597 0.004675 0.003823 0.003062 0.002401 0.001844 0.001387 0.001021 0.000737 0.000520 0.000360 0.000244 0.000162 0.000105 0.000067 0.000042 0.000026 0.000015 0.000009 0.000005 0.000003 0.000002 0.000001 0.000000 0.000000 0.000000 0.000000 0.000000 0.000000 0.000000 0.000000 0.000000 0.000000 0.000000 0.000000 0.000000 0.000000 0.000000 0.000000 0.000000 0.000000 0.000000 
0.000000 0.000000 0.000000 0.000000 0.000000 0.000000 0.000000 0.000000 0.000000 0.000000 0.000000 0.000000 0.000000 0.000000 0.000000 0.000000 0.000000 0.000000 0.000000 0.000001 0.000002 0.000003 0.000006 0.000010 0.000017 0.000029 0.000049 0.000080 0.000127 0.000199 0.000306 0.000460 0.000679 0.000980 0.001386 0.001920 0.002605 0.003461 0.004504 0.005740 0.007164 0.008756 0.010478 0.012278 0.014086 0.015824 0.017405 0.018743 0.019762 0.020399 0.020616 0.020399 0.019762 0.018743 0.017405 0.015824 0.014086 0.012278 0.010478 0.008756 0.007164 0.005740 0.004504 0.003461 0.002605 0.001920 0.001386 0.000980 0.000679 0.000460 0.000306 0.000199 0.000127 0.000080 0.000049 0.000029 0.000017 0.000010 0.000006 0.000003 0.000002 0.000001 0.000000 0.000000 0.000000 0.000000 0.000000 0.000000 0.000000 0.000000 0.000000 0.000000 0.000000 0.000000 0.000000 0.000000 0.000000 0.000000 0.000000 0.000000 
0.000000 0.000000 0.000000 0.000000 0.000000 0.000000 0.000000 0.000000 0.000000 0.000000 0.000000 0.000000 0.000000 0.000000 0.000000 0.000000 0.000000 0.000000 0.000001 0.000002 0.000003 0.000006 0.000010 0.000019 0.000032 0.000054 0.000091 0.000148 0.000236 0.000370 0.000567 0.000852 0.001255 0.001810 0.002557 0.003540 0.004800 0.006374 0.008289 0.010559 0.013171 0.016088 0.019245 0.022542 0.025855 0.029036 0.031930 0.034378 0.036242 0.037408 0.037806 0.037408 0.036242 0.034378 0.031930 0.029036 0.025855 0.022542 0.019245 0.016088 0.013171 0.010559 0.008289 0.006374 0.004800 0.003540 0.002557 0.001810 0.001255 0.000852 0.000567 0.000370 0.000236 0.000148 0.000091 0.000054 0.000032 0.000019 0.000010 0.000006 0.000003 0.000002 0.000001 0.000000 0.000000 0.000000 0.000000 0.000000 0.000000 0.000000 0.000000 0.000000 0.000000 0.000000 0.000000 0.000000 0.000000 0.000000 0.000000 0.000000 
0.000000 0.000000 0.000000 0.000000 0.000000 0.000000 0.000000 0.000000 0.000000 0.000000 0.000000 0.000000 0.000000 0.000000 0.000000 0.000000 0.000000 0.000001 0.000002 0.000003 0.000006 0.000011 0.000019 0.000034 0.000059 0.000099 0.000165 0.000269 0.000430 0.000672 0.001030 0.001546 0.002275 0.003279 0.004630 0.006404 0.008676 0.011514 0.014966 0.019053 0.023754 0.029003 0.034679 0.040606 0.046558 0.052274 0.057470 0.061867 0.065212 0.067306 0.068019 0.067306 0.065212 0.061867 0.057470 0.052274 0.046558 0.040606 0.034679 0.029003 0.023754 0.019053 0.014966 0.011514 0.008676 0.006404 0.004630 0.003279 0.002275 0.001546 0.001030 0.000672 0.000430 0.000269 0.000165 0.000099 0.000059 0.000034 0.000019 0.000011 0.000006 0.000003 0.000002 0.000001 0.000000 0.000000 0.000000 0.000000 0.000000 0.000000 0.000000 0.000000 0.000000 0.000000 0.000000 0.000000 0.000000 0.000000 0.000000 0.000000 
0.000000 0.000000 0.000000 0.000000 0.000000 0.000000 0.000000 0.000000 0.000000 0.000000 0.000000 0.000000 0.000000 0.000000 0.000000 0.000000 0.000001 0.000002 0.000003 0.000006 0.000010 0.000019 0.000035 0.000061 0.000105 0.000178 0.000296 0.000481 0.000767 0.001198 0.001835 0.002753 0.004046 0.005827 0.008221 0.011363 0.015385 0.020405 0.026507 0.033726 0.042027 0.051291 0.061304 0.071756 0.082250 0.092323 0.101479 0.109225 0.115118 0.118806 0.120062 0.118806 0.115118 0.109225 0.101479 0.092323 0.082250 0.071756 0.061304 0.051291 0.042027 0.033726 0.026507 0.020405 0.015385 0.011363 0.008221 0.005827 0.004046 0.002753 0.001835 0.001198 0.000767 0.000481 0.000296 0.000178 0.000105 0.000061 0.000035 0.000019 0.000010 0.000006 0.000003 0.000002 0.000001 0.000000 0.000000 0.000000 0.000000 0.000000 0.000000 0.000000 0.000000 0.000000 0.000000 0.000000 0.000000 0.000000 0.000000 0.000000 
0.000000 0.000000 0.000000 0.000000 0.000000 0.000000 0.000000 0.000000 0.000000 0.000000 0.000000 0.000000 0.000000 0.000000 0.000000 0.000001 0.000001 0.000003 0.000005 0.000010 0.000019 0.000034 0.000061 0.000107 0.000185 0.000313 0.000519 0.000843 0.001343 0.002096 0.003206 0.004805 0.007058 0.010156 0.014319 0.019777 0.026759 0.035468 0.046048 0.058558 0.072937 0.088977 0.106307 0.124389 0.142538 0.159954 0.175781 0.189168 0.199352 0.205725 0.207894 0.205725 0.199352 0.189168 0.175781 0.159954 0.142538 0.124389 0.106307 0.088977 0.072937 0.058558 0.046048 0.035468 0.026759 0.019777 0.014319 0.010156 0.007058 0.004805 0.003206 0.002096 0.001343 0.000843 0.000519 0.000313 0.000185 0.000107 0.000061 0.000034 0.000019 0.000010 0.000005 0.000003 0.000001 0.000001 0.000000 0.000000 0.000000 0.000000 0.000000 0.000000 0.000000 0.000000 0.000000 0.000000 0.000000 0.000000 0.000000 0.000000 
0.000000 0.000000 0.000000 0.000000 0.000000 0.000000 0.000000 0.000000 0.000000 0.000000 0.000000 0.000000 0.000000 0.000000 0.000001 0.000001 0.000002 0.000005 0.000009 0.000017 0.000032 0.000059 0.000105 0.000185 0.000319 0.000539 0.000892 0.001448 0.002304 0.003594 0.005493 0.008226 0.012072 0.017359 0.024457 0.033757 0.045647 0.060466 0.078461 0.099727 0.124158 0.151399 0.180818 0.211504 0.242295 0.271835 0.298672 0.321370 0.338634 0.349436 0.353113 0.349436 0.338634 0.321370 0.298672 0.271835 0.242295 0.211504 0.180818 0.151399 0.124158 0.099727 0.078461 0.060466 0.045647 0.033757 0.024457 0.017359 0.012072 0.008226 0.005493 0.003594 0.002304 0.001448 0.000892 0.000539 0.000319 0.000185 0.000105 0.000059 0.000032 0.000017 0.000009 0.000005 0.000002 0.000001 0.000001 0.000000 0.000000 0.000000 0.000000 0.000000 0.000000 0.000000 0.000000 0.000000 0.000000 0.000000 0.000000 0.000000 
0.000000 0.000000 0.000000 0.000000 0.000000 0.000000 0.000000 0.000000 0.000000 0.000000 0.000000 0.000000 0.000000 0.000000 0.000001 0.000002 0.000004 0.000008 0.000015 0.000029 0.000054 0.000099 0.000178 0.000313 0.000539 0.000909 0.001504 0.002440 0.003878 0.006043 0.009228 0.013809 0.020250 0.029097 0.040965 0.056506 0.076362 0.101096 0.131113 0.166570 0.207284 0.252662 0.301651 0.352732 0.403971 0.453117 0.497757 0.535505 0.564213 0.582174 0.588287 0.582174 0.564213 0.535505 0.497757 0.453117 0.403971 0.352732 0.301651 0.252662 0.207284 0.166570 0.131113 0.101096 0.076362 0.056506 0.040965 0.029097 0.020250 0.013809 0.009228 0.006043 0.003878 0.002440 0.001504 0.000909 0.000539 0.000313 0.000178 0.000099 0.000054 0.000029 0.000015 0.000008 0.000004 0.000002 0.000001 0.000000 0.000000 0.000000 0.000000 0.000000 0.000000 0.000000 0.000000 0.000000 0.000000 0.000000 0.000000 0.000000 
0.000000 0.000000 0.000000 0.000000 0.000000 0.000000 0.000000 0.000000 0.000000 0.000000 0.000000 0.000000 0.000000 0.000001 0.000002 0.000003 0.000007 0.000013 0.000026 0.000049 0.000091 0.000165 0.000296 0.000519 0.000892 0.001504 0.002486 0.004029 0.006399 0.009962 0.015200 0.022729 0.033305 0.047823 0.067284 0.092752 0.125271 0.165757 0.214864 0.272843 0.339389 0.413528 0.493536 0.576935 0.660568 0.740766 0.813595 0.875170 0.921993 0.951285 0.961255 0.951285 0.921993 0.875170 0.813595 0.740766 0.660568 0.576935 0.493536 0.413528 0.339389 0.272843 0.214864 0.165757 0.125271 0.092752 0.067284 0.047823 0.033305 0.022729 0.015200 0.009962 0.006399 0.004029 0.002486 0.001504 0.000892 0.000519 0.000296 0.000165 0.000091 0.000049 0.000026 0.000013 0.000007 0.000003 0.000002 0.000001 0.000000 0.000000 0.000000 0.000000 0.000000 0.000000 0.000000 0.000000 0.000000 0.000000 0.000000 0.000000 
0.000000 0.000000 0.000000 0.000000 0.000000 0.000000 0.000000 0.000000 0.000000 0.000000 0.000000 0.000000 0.000001 0.000001 0.000003 0.000006 0.000011 0.000022 0.000042 0.000080 0.000148 0.000269 0.000481 0.000843 0.001448 0.002440 0.004029 0.006523 0.010351 0.016101 0.024548 0.036679 0.053708 0.077066 0.108359 0.149286 0.201513 0.266499 0.345285 0.438259 0.544928 0.663720 0.791872 0.925414 1.059295 1.187646 1.304181 1.402692 1.477595 1.524449 1.540395 1.524449 1.477595 1.402692 1.304181 1.187646 1.059295 0.925414 0.791872 0.663720 0.544928 0.438259 0.345285 0.266499 0.201513 0.149286 0.108359 0.077066 0.053708 0.036679 0.024548 0.016101 0.010351 0.006523 0.004029 0.002440 0.001448 0.000843 0.000481 0.000269 0.000148 0.000080 0.000042 0.000022 0.000011 0.000006 0.000003 0.000001 0.000001 0.000000 0.000000 0.000000 0.000000 0.000000 0.000000 0.000000 0.000000 0.000000 0.000000 0.000000 
0.000000 0.000000 0.000000 0.000000 0.000000 0.000000 0.000000 0.000000 0.000000 0.000000 0.000000 0.000000 0.000001 0.000002 0.000004 0.000009 0.000018 0.000035 0.000067 0.000127 0.000236 0.000430 0.000767 0.001343 0.002304 0.003878 0.006399 0.010351 0.016413 0.025511 0.038864 0.058028 0.084912 0.121762 0.171100 0.235588 0.317835 0.420123 0.544072 0.690278 0.857949 1.044608 1.245907 1.455609 1.665788 1.867240 2.050113 2.204679 2.322190 2.395690 2.420705 2.395690 2.322190 2.204679 2.050113 1.867240 1.665788 1.455609 1.245907 1.044608 0.857949 0.690278 0.544072 0.420123 0.317835 0.235588 0.171100 0.121762 0.084912 0.058028 0.038864 0.025511 0.016413 0.010351 0.006399 0.003878 0.002304 0.001343 0.000767 0.000430 0.000236 0.000127 0.000067 0.000035 0.000018 0.000009 0.000004 0.000002 0.000001 0.000000 0.000000 0.000000 0.000000 0.000000 0.000000 0.000000 0.000000 0.000000 0.000000 0.000000 
0.000000 0.000000 0.000000 0.000000 0.000000 0.000000 0.000000 0.000000 0.000000 0.000000 0.000000 0.000001 0.000002 0.000003 0.000007 0.000014 0.000028 0.000055 0.000105 0.000199 0.000370 0.000672 0.001198 0.002096 0.003594 0.006043 0.009962 0.016101 0.025511 0.039621 0.060317 0.089997 0.131605 0.188603 0.264869 0.364498 0.491497 0.649362 0.840569 1.066013 1.324455 1.612061 1.922125 2.245041 2.568609 2.878676 3.160096 3.397922 3.578712 3.691784 3.730265 3.691784 3.578712 3.397922 3.160096 2.878676 2.568609 2.245041 1.922125 1.612061 1.324455 1.066013 0.840569 0.649362 0.491497 0.364498 0.264869 0.188603 0.131605 0.089997 0.060317 0.039621 0.025511 0.016101 0.009962 0.006043 0.003594 0.002096 0.001198 0.000672 0.000370 0.000199 0.000105 0.000055 0.000028 0.000014 0.000007 0.000003 0.000002 0.000001 0.000000 0.000000 0.000000 0.000000 0.000000 0.000000 0.000000 0.000000 0.000000 0.000000 
0.000000 0.000000 0.000000 0.000000 0.000000 0.000000 0.000000 0.000000 0.000000 0.000000 0.000001 0.000001 0.000002 0.000005 0.000011 0.000021 0.000043 0.000084 0.000162 0.000306 0.000567 0.001030 0.001835 0.003206 0.005493 0.009228 0.015200 0.024548 0.038864 0.060317 0.091759 0.136821 0.199953 0.286382 0.401961 0.552867 0.745130 0.984008 1.273212 1.614060 2.004651 2.439172 2.907477 3.395061 3.883513 4.351488 4.776155 5.134988 5.407736 5.578311 5.636360 5.578311 5.407736 5.134988 4.776155 4.351488 3.883513 3.395061 2.907477 2.439172 2.004651 1.614060 1.273212 0.984008 0.745130 0.552867 0.401961 0.286382 0.199953 0.136821 0.091759 0.060317 0.038864 0.024548 0.015200 0.009228 0.005493 0.003206 0.001835 0.001030 0.000567 0.000306 0.000162 0.000084 0.000043 0.000021 0.000011 0.000005 0.000002 0.000001 0.000001 0.000000 0.000000 0.000000 0.000000 0.000000 0.000000 0.000000 0.000000 0.000000 
0.000000 0.000000 0.000000 0.000000 0.000000 0.000000 0.000000 0.000000 0.000000 0.000000 0.000001 0.000002 0.000004 0.000008 0.000016 0.000032 0.000065 0.000127 0.000244 0.000460 0.000852 0.001546 0.002753 0.004805 0.008226 0.013809 0.022729 0.036679 0.058028 0.089997 0.136821 0.203885 0.297784 0.426261 0.597975 0.822057 1.107413 1.461795 1.890655 2.395902 2.974679 3.618342 4.311847 5.033713 5.756701 6.449245 7.077594 7.608466 8.011940 8.264254 8.350117 8.264254 8.011940 7.608466 7.077594 6.449245 5.756701 5.033713 4.311847 3.618342 2.974679 2.395902 1.890655 1.461795 1.107413 0.822057 0.597975 0.426261 0.297784 0.203885 0.136821 0.089997 0.058028 0.036679 0.022729 0.013809 0.008226 0.004805 0.002753 0.001546 0.000852 0.000460 0.000244 0.000127 0.000065 0.000032 0.000016 0.000008 0.000004 0.000002 0.000001 0.000000 0.000000 0.000000 0.000000 0.000000 0.000000 0.000000 0.000000 0.000000 
0.000000 0.000000 0.000000 0.000000 0.000000 0.000000 0.000000 0.000000 0.000000 0.000001 0.000001 0.000003 0.000005 0.000011 0.000024 0.000048 0.000096 0.000187 0.000360 0.000679 0.001255 0.002275 0.004046 0.007058 0.012072 0.020250 0.033305 0.053708 0.084912 0.131605 0.199953 0.297784 0.434682 0.621889 0.871969 1.198155 1.613346 2.128746 2.752216 3.486465 4.327286 5.262082 6.268985 7.316807 8.366028 9.370883 10.282453 11.052513 11.637722 12.003661 12.128187 12.003661 11.637722 11.052513 10.282453 9.370883 8.366028 7.316807 6.268985 5.262082 4.327286 3.486465 2.752216 2.128746 1.613346 1.198155 0.871969 0.621889 0.434682 0.297784 0.199953 0.131605 0.084912 0.053708 0.033305 0.020250 0.012072 0.007058 0.004046 0.002275 0.001255 0.000679 0.000360 0.000187 0.000096 0.000048 0.000024 0.000011 0.000005 0.000003 0.000001 0.000001 0.000000 0.000000 0.000000 0.000000 0.000000 0.000000 0.000000 0.000000 
0.000000 0.000000 0.000000 0.000000 0.000000 0.000000 0.000000 0.000000 0.000000 0.000001 0.000002 0.000004 0.000008 0.000017 0.000034 0.000070 0.000139 0.000271 0.000520 0.000980 0.001810 0.003279 0.005827 0.010156 0.017359 0.029097 0.047823 0.077066 0.121762 0.188603 0.286382 0.426261 0.621889 0.889270 1.246274 1.711709 2.303887 3.038691 3.927234 4.973290 6.170789 7.501739 8.934977 10.426111 11.918931 13.348375 14.644928 15.740078 16.572268 17.092615 17.269681 17.092615 16.572268 15.740078 14.644928 13.348375 11.918931 10.426111 8.934977 7.501739 6.170789 4.973290 3.927234 3.038691 2.303887 1.711709 1.246274 0.889270 0.621889 0.426261 0.286382 0.188603 0.121762 0.077066 0.047823 0.029097 0.017359 0.010156 0.005827 0.003279 0.001810 0.000980 0.000520 0.000271 0.000139 0.000070 0.000034 0.000017 0.000008 0.000004 0.000002 0.000001 0.000000 0.000000 0.000000 0.000000 0.000000 0.000000 0.000000 0.000000 
0.000000 0.000000 0.000000 0.000000 0.000000 0.000000 0.000000 0.000000 0.000000 0.000001 0.000002 0.000005 0.000011 0.000024 0.000049 0.000099 0.000197 0.000384 0.000737 0.001386 0.002557 0.004630 0.008221 0.014319 0.024457 0.040965 0.067284 0.108359 0.171100 0.264869 0.401961 0.597975 0.871969 1.246274 1.745810 2.396783 3.224681 4.251585 5.492898 6.953778 8.625650 10.483327 12.483274 14.563551 16.645777 18.639274 20.447192 21.974104 23.134286 23.859680 24.106512 23.859680 23.134286 21.974104 20.447192 18.639274 16.645777 14.563551 12.483274 10.483327 8.625650 6.953778 5.492898 4.251585 3.224681 2.396783 1.745810 1.246274 0.871969 0.597975 0.401961 0.264869 0.171100 0.108359 0.067284 0.040965 0.024457 0.014319 0.008221 0.004630 0.002557 0.001386 0.000737 0.000384 0.000197 0.000099 0.000049 0.000024 0.000011 0.000005 0.000002 0.000001 0.000000 0.000000 0.000000 0.000000 0.000000 0.000000 0.000000 0.000000 
0.000000 0.000000 0.000000 0.000000 0.000000 0.000000 0.000000 0.000000 0.000001 0.000001 0.000003 0.000007 0.000016 0.000033 0.000068 0.000137 0.000273 0.000533 0.001021 0.001920 0.003540 0.006404 0.011363 0.019777 0.033757 0.056506 0.092752 0.149286 0.235588 0.364498 0.552867 0.822057 1.198155 1.711709 2.396783 3.289171 4.423660 5.830342 7.530158 9.530020 11.818067 14.359739 17.095426 19.940402 22.787526 25.512903 27.984245 30.071248 31.656876 32.648224 32.985545 32.648224 31.656876 30.071248 27.984245 25.512903 22.787526 19.940402 17.095426 14.359739 11.818067 9.530020 7.530158 5.830342 4.423660 3.289171 2.396783 1.711709 1.198155 0.822057 0.552867 0.364498 0.235588 0.149286 0.092752 0.056506 0.033757 0.019777 0.011363 0.006404 0.003540 0.001920 0.001021 0.000533 0.000273 0.000137 0.000068 0.000033 0.000016 0.000007 0.000003 0.000001 0.000001 0.000000 0.000000 0.000000 0.000000 0.000000 0.000000 0.000000 
0.000000 0.000000 0.000000 0.000000 0.000000 0.000000 0.000000 0.000000 0.000001 0.000002 0.000005 0.000010 0.000021 0.000045 0.000092 0.000187 0.000371 0.000724 0.001387 0.002605 0.004800 0.008676 0.015385 0.026759 0.045647 0.076362 0.125271 0.201513 0.317835 0.491497 0.745130 1.107413 1.613346 2.303887 3.224681 4.423660 5.947364 7.836005 10.117495 12.800927 15.870227 19.278924 22.947019 26.760909 30.577028 34.229430 37.540985 40.337260 42.461611 43.789709 44.241602 43.789709 42.461611 40.337260 37.540985 34.229430 30.577028 26.760909 22.947019 19.278924 15.870227 12.800927 10.117495 7.836005 5.947364 4.423660 3.224681 2.303887 1.613346 1.107413 0.745130 0.491497 0.317835 0.201513 0.125271 0.076362 0.045647 0.026759 0.015385 0.008676 0.004800 0.002605 0.001387 0.000724 0.000371 0.000187 0.000092 0.000045 0.000021 0.000010 0.000005 0.000002 0.000001 0.000000 0.000000 0.000000 0.000000 0.000000 0.000000 0.000000 
0.000000 0.000000 0.000000 0.000000 0.000000 0.000000 0.000000 0.000001 0.000001 0.000003 0.000006 0.000013 0.000028 0.000060 0.000123 0.000249 0.000494 0.000964 0.001844 0.003461 0.006374 0.011514 0.020405 0.035468 0.060466 0.101096 0.165757 0.266499 0.420123 0.649362 0.984008 1.461795 2.128746 3.038691 4.251585 5.830342 7.836005 10.321253 13.322566 16.851679 20.887264 25.368081 30.188899 35.200421 40.214075 45.011982 49.361649 53.034171 55.824024 57.568099 58.161518 57.568099 55.824024 53.034171 49.361649 45.011982 40.214075 35.200421 30.188899 25.368081 20.887264 16.851679 13.322566 10.321253 7.836005 5.830342 4.251585 3.038691 2.128746 1.461795 0.984008 0.649362 0.420123 0.266499 0.165757 0.101096 0.060466 0.035468 0.020405 0.011514 0.006374 0.003461 0.001844 0.000964 0.000494 0.000249 0.000123 0.000060 0.000028 0.000013 0.000006 0.000003 0.000001 0.000001 0.000000 0.000000 0.000000 0.000000 0.000000 0.000000 
0.000000 0.000000 0.000000 0.000000 0.000000 0.000000 0.000000 0.000001 0.000002 0.000004 0.000008 0.000017 0.000037 0.000078 0.000160 0.000325 0.000645 0.001256 0.002401 0.004504 0.008289 0.014966 0.026507 0.046048 0.078461 0.131113 0.214864 0.345285 0.544072 0.840569 1.273212 1.890655 2.752216 3.927234 5.492898 7.530158 10.117495 13.322566 17.192124 21.741024 26.941550 32.714619 38.924571 45.379093 51.835412 58.013123 63.613097 68.340883 71.932147 74.177129 74.940964 74.177129 71.932147 68.340883 63.613097 58.013123 51.835412 45.379093 38.924571 32.714619 26.941550 21.741024 17.192124 13.322566 10.117495 7.530158 5.492898 3.927234 2.752216 1.890655 1.273212 0.840569 0.544072 0.345285 0.214864 0.131113 0.078461 0.046048 0.026507 0.014966 0.008289 0.004504 0.002401 0.001256 0.000645 0.000325 0.000160 0.000078 0.000037 0.000017 0.000008 0.000004 0.000002 0.000001 0.000000 0.000000 0.000000 0.000000 0.000000 0.000000 
0.000000 0.000000 0.000000 0.000000 0.000000 0.000000 0.000000 0.000001 0.000002 0.000005 0.000010 0.000022 0.000047 0.000100 0.000205 0.000415 0.000823 0.001603 0.003062 0.005740 0.010559 0.019053 0.033726 0.058558 0.099727 0.166570 0.272843 0.438259 0.690278 1.066013 1.614060 2.395902 3.486465 4.973290 6.953778 9.530020 12.800927 16.851679 21.741024 27.487416 34.055578 41.345442 49.185610 57.333291 65.482135 73.278427 80.344929 86.310369 90.841502 93.673908 94.637590 93.673908 90.841502 86.310369 80.344929 73.278427 65.482135 57.333291 49.185610 41.345442 34.055578 27.487416 21.741024 16.851679 12.800927 9.530020 6.953778 4.973290 3.486465 2.395902 1.614060 1.066013 0.690278 0.438259 0.272843 0.166570 0.099727 0.058558 0.033726 0.019053 0.010559 0.005740 0.003062 0.001603 0.000823 0.000415 0.000205 0.000100 0.000047 0.000022 0.000010 0.000005 0.000002 0.000001 0.000000 0.000000 0.000000 0.000000 0.000000 0.000000 
0.000000 0.000000 0.000000 0.000000 0.000000 0.000000 0.000000 0.000001 0.000003 0.000006 0.000013 0.000028 0.000059 0.000125 0.000257 0.000519 0.001029 0.002002 0.003823 0.007164 0.013171 0.023754 0.042027 0.072937 0.124158 0.207284 0.339389 0.544928 0.857949 1.324455 2.004651 2.974679 4.327286 6.170789 8.625650 11.818067 15.870227 20.887264 26.941550 34.055578 42.185379 51.206881 60.907863 70.987917 81.068161 90.711270 99.450937 106.828317 112.431610 115.934098 117.125744 115.934098 112.431610 106.828317 99.450937 90.711270 81.068161 70.987917 60.907863 51.206881 42.185379 34.055578 26.941550 20.887264 15.870227 11.818067 8.625650 6.170789 4.327286 2.974679 2.004651 1.324455 0.857949 0.544928 0.339389 0.207284 0.124158 0.072937 0.042027 0.023754 0.013171 0.007164 0.003823 0.002002 0.001029 0.000519 0.000257 0.000125 0.000059 0.000028 0.000013 0.000006 0.000003 0.000001 0.000000 0.000000 0.000000 0.000000 0.000000 0.000000 
0.000000 0.000000 0.000000 0.000000 0.000000 0.000000 0.000001 0.000001 0.000003 0.000007 0.000016 0.000034 0.000073 0.000153 0.000315 0.000635 0.001259 0.002449 0.004675 0.008756 0.016088 0.029003 0.051291 0.088977 0.151399 0.252662 0.413528 0.663720 1.044608 1.612061 2.439172 3.618342 5.262082 7.501739 10.483327 14.359739 19.278924 25.368081 32.714619 41.345442 51.206881 62.148202 73.911906 86.133718 98.354389 110.043979 120.637548 129.579280 136.370408 140.615248 142.059440 140.615248 136.370408 129.579280 120.637548 110.043979 98.354389 86.133718 73.911906 62.148202 51.206881 41.345442 32.714619 25.368081 19.278924 14.359739 10.483327 7.501739 5.262082 3.618342 2.439172 1.612061 1.044608 0.663720 0.413528 0.252662 0.151399 0.088977 0.051291 0.029003 0.016088 0.008756 0.004675 0.002449 0.001259 0.000635 0.000315 0.000153 0.000073 0.000034 0.000016 0.000007 0.000003 0.000001 0.000001 0.000000 0.000000 0.000000 0.000000 0.000000 
0.000000 0.000000 0.000000 0.000000 0.000000 0.000000 0.000001 0.000002 0.000004 0.000009 0.000019 0.000041 0.000088 0.000184 0.000377 0.000762 0.001509 0.002934 0.005597 0.010478 0.019245 0.034679 0.061304 0.106307 0.180818 0.301651 0.493536 0.791872 1.245907 1.922125 2.907477 4.311847 6.268985 8.934977 12.483274 17.095426 22.947019 30.188899 38.924571 49.185610 60.907863 73.911906 87.891567 102.413967 116.933553 130.820955 143.405365 154.026899 162.093466 167.135383 168.850734 167.135383 162.093466 154.026899 143.405365 130.820955 116.933553 102.413967 87.891567 73.911906 60.907863 49.185610 38.924571 30.188899 22.947019 17.095426 12.483274 8.934977 6.268985 4.311847 2.907477 1.922125 1.245907 0.791872 0.493536 0.301651 0.180818 0.106307 0.061304 0.034679 0.019245 0.010478 0.005597 0.002934 0.001509 0.000762 0.000377 0.000184 0.000088 0.000041 0.000019 0.000009 0.000004 0.000002 0.000001 0.000000 0.000000 0.000000 0.000000 0.000000 
0.000000 0.000000 0.000000 0.000000 0.000000 0.000000 0.000001 0.000002 0.000004 0.000010 0.000022 0.000048 0.000103 0.000216 0.000443 0.000894 0.001770 0.003440 0.006561 0.012278 0.022542 0.040606 0.071756 0.124389 0.211504 0.352732 0.576935 0.925414 1.455609 2.245041 3.395061 5.033713 7.316807 10.426111 14.563551 19.940402 26.760909 35.200421 45.379093 57.333291 70.987917 86.133718 102.413967 119.324558 136.230373 152.398878 167.049435 179.414218 188.804346 194.673390 196.670119 194.673390 188.804346 179.414218 167.049435 152.398878 136.230373 119.324558 102.413967 86.133718 70.987917 57.333291 45.379093 35.200421 26.760909 19.940402 14.563551 10.426111 7.316807 5.033713 3.395061 2.245041 1.455609 0.925414 0.576935 0.352732 0.211504 0.124389 0.071756 0.040606 0.022542 0.012278 0.006561 0.003440 0.001770 0.000894 0.000443 0.000216 0.000103 0.000048 0.000022 0.000010 0.000004 0.000002 0.000001 0.000000 0.000000 0.000000 0.000000 0.000000 
