0.000000 0.000000 0.000000 0.000000 0.000000 0.000000 0.000000 0.000000 0.000000 0.000000 0.000000 0.000000 0.000000 0.000000 0.000000 0.000000 0.000000 0.000000 0.000000 0.000000 0.000000 0.000000 0.000000 0.000000 0.000000 0.000000 0.000000 0.000000 0.000000 0.000000 0.000000 0.000000 0.000000 0.000000 0.000000 0.000000 0.000000 0.000000 0.000000 0.000000 0.000000 0.000000 0.000000 0.000000 0.000000 0.000000 0.000000 0.000000 0.000000 0.000000 0.000000 0.000000 0.000000 0.000000 0.000000 0.000000 0.000000 0.000000 0.000000 0.000000 0.000000 0.000000 0.000000 0.000000 0.000000 0.000000 0.000000 0.000000 0.000000 0.000000 0.000000 0.000000 0.000000 0.000000 0.000000 0.000000 0.000000 0.000000 0.000000 0.000000 0.000000 0.000000 0.000000 0.000000 0.000000 0.000000 0.000000 0.000000 0.000000 0.000000 0.000000 0.000000 0.000000 0.000000 0.000000 0.000000 0.000000 0.000000 0.000000 0.000000 
0.000000 0.000000 0.000000 0.000000 0.000000 0.000000 0.000000 0.000001 0.000001 0.000001 0.000002 0.000003 0.000004 0.000005 0.000007 0.000010 0.000013 0.000018 0.000024 0.000032 0.000041 0.000054 0.000069 0.000089 0.000112 0.000141 0.000175 0.000216 0.000264 0.000319 0.000383 0.000456 0.000538 0.000629 0.000728 0.000837 0.000952 0.001074 0.001201 0.001330 0.001461 0.001590 0.001716 0.001835 0.001944 0.002042 0.002126 0.002194 0.002243 0.002273 0.002283 0.002273 0.002243 0.002194 0.002126 0.002042 0.001944 0.001835 0.001716 0.001590 0.001461 0.001330 0.001201 0.001074 0.000952 0.000837 0.000728 0.000629 0.000538 0.000456 0.000383 0.000319 0.000264 0.000216 0.000175 0.000141 0.000112 0.000089 0.000069 0.000054 0.000041 0.000032 0.000024 0.000018 0.000013 0.000010 0.000007 0.000005 0.000004 0.000003 0.000002 0.000001 0.000001 0.000001 0.000000 0.000000 0.000000 0.000000 0.000000 0.000000 
0.000000 0.000000 0.000000 0.000000 0.000000 0.000001 0.000001 0.000001 0.000002 0.000003 0.000004 0.000006 0.000008 0.000011 0.000015 0.000021 0.000029 0.000039 0.000052 0.000068 0.000090 0.000117 0.000150 0.000192 0.000243 0.000305 0.000379 0.000467 0.000571 0.000691 0.000830 0.000987 0.001164 0.001361 0.001576 0.001810 0.002060 0.002324 0.002598 0.002879 0.003161 0.003441 0.003712 0.003969 0.004206 0.004418 0.004599 0.004745 0.004852 0.004918 0.004940 0.004918 0.004852 0.004745 0.004599 0.004418 0.004206 0.003969 0.003712 0.003441 0.003161 0.002879 0.002598 0.002324 0.002060 0.001810 0.001576 0.001361 0.001164 0.000987 0.000830 0.000691 0.000571 0.000467 0.000379 0.000305 0.000243 0.000192 0.000150 0.000117 0.000090 0.000068 0.000052 0.000039 0.000029 0.000021 0.000015 0.000011 0.000008 0.000006 0.000004 0.000003 0.000002 0.000001 0.000001 0.000001 0.000000 0.000000 0.000000 0.000000 
0.000000 0.000000 0.000000 0.000000 0.000001 0.000001 0.000002 0.000002 0.000003 0.000005 0.000007 0.000010 0.000014 0.000019 0.000026 0.000036 0.000049 0.000066 0.000088 0.000116 0.000153 0.000198 0.000255 0.000326 0.000413 0.000518 0.000644 0.000794 0.000970 0.001175 0.001410 0.001678 0.001978 0.002312 0.002678 0.003075 0.003499 0.003947 0.004413 0.004889 0.005369 0.005844 0.006305 0.006741 0.007143 0.007503 0.007810 0.008058 0.008240 0.008351 0.008388 0.008351 0.008240 0.008058 0.007810 0.007503 0.007143 0.006741 0.006305 0.005844 0.005369 0.004889 0.004413 0.003947 0.003499 0.003075 0.002678 0.002312 0.001978 0.001678 0.001410 0.001175 0.000970 0.000794 0.000644 0.000518 0.000413 0.000326 0.000255 0.000198 0.000153 0.000116 0.000088 0.000066 0.000049 0.000036 0.000026 0.000019 0.000014 0.000010 0.000007 0.000005 0.000003 0.000002 0.000002 0.000001 0.000001 0.000000 0.000000 0.000000 
0.000000 0.000000 0.000000 0.000001 0.000001 0.000002 0.000002 0.000004 0.000005 0.000008 0.000011 0.000015 0.000021 0.000030 0.000041 0.000057 0.000077 0.000104 0.000138 0.000183 0.000240 0.000311 0.000401 0.000512 0.000648 0.000813 0.001011 0.001246 0.001522 0.001843 0.002212 0.002631 0.003103 0.003626 0.004200 0.004822 0.005487 0.006188 0.006918 0.007664 0.008417 0.009161 0.009882 0.010565 0.011196 0.011759 0.012240 0.012629 0.012913 0.013087 0.013146 0.013087 0.012913 0.012629 0.012240 0.011759 0.011196 0.010565 0.009882 0.009161 0.008417 0.007664 0.006918 0.006188 0.005487 0.004822 0.004200 0.003626 0.003103 0.002631 0.002212 0.001843 0.001522 0.001246 0.001011 0.000813 0.000648 0.000512 0.000401 0.000311 0.000240 0.000183 0.000138 0.000104 0.000077 0.000057 0.000041 0.000030 0.000021 0.000015 0.000011 0.000008 0.000005 0.000004 0.000002 0.000002 0.000001 0.000001 0.000000 0.000000 
0.000000 0.000000 0.000001 0.000001 0.000002 0.000002 0.000004 0.000005 0.000008 0.000011 0.000016 0.000023 0.000033 0.000045 0.000063 0.000086 0.000117 0.000157 0.000210 0.000277 0.000363 0.000472 0.000608 0.000776 0.000982 0.001232 0.001531 0.001887 0.002305 0.002791 0.003349 0.003984 0.004697 0.005489 0.006357 0.007298 0.008304 0.009365 0.010468 0.011597 0.012734 0.013859 0.014950 0.015983 0.016937 0.017788 0.018516 0.019103 0.019533 0.019796 0.019885 0.019796 0.019533 0.019103 0.018516 0.017788 0.016937 0.015983 0.014950 0.013859 0.012734 0.011597 0.010468 0.009365 0.008304 0.007298 0.006357 0.005489 0.004697 0.003984 0.003349 0.002791 0.002305 0.001887 0.001531 0.001232 0.000982 0.000776 0.000608 0.000472 0.000363 0.000277 0.000210 0.000157 0.000117 0.000086 0.000063 0.000045 0.000033 0.000023 0.000016 0.000011 0.000008 0.000005 0.000004 0.000002 0.000002 0.000001 0.000000 0.000000 
0.000000 0.000000 0.000001 0.000002 0.000002 0.000004 0.000006 0.000008 0.000012 0.000017 0.000024 0.000035 0.000049 0.000068 0.000094 0.000128 0.000174 0.000234 0.000312 0.000412 0.000540 0.000702 0.000904 0.001154 0.001460 0.001831 0.002276 0.002804 0.003425 0.004146 0.004975 0.005917 0.006975 0.008150 0.009438 0.010834 0.012326 0.013900 0.015537 0.017212 0.018898 0.020567 0.022184 0.023717 0.025131 0.026393 0.027472 0.028342 0.028981 0.029371 0.029502 0.029371 0.028981 0.028342 0.027472 0.026393 0.025131 0.023717 0.022184 0.020567 0.018898 0.017212 0.015537 0.013900 0.012326 0.010834 0.009438 0.008150 0.006975 0.005917 0.004975 0.004146 0.003425 0.002804 0.002276 0.001831 0.001460 0.001154 0.000904 0.000702 0.000540 0.000412 0.000312 0.000234 0.000174 0.000128 0.000094 0.000068 0.000049 0.000035 0.000024 0.000017 0.000012 0.000008 0.000005 0.000004 0.000002 0.000001 0.000001 0.000000 
0.000000 0.000001 0.000001 0.000002 0.000004 0.000005 0.000008 0.000012 0.000017 0.000025 0.000036 0.000051 0.000071 0.000100 0.000137 0.000188 0.000255 0.000343 0.000458 0.000605 0.000793 0.001030 0.001327 0.001693 0.002142 0.002686 0.003338 0.004113 0.005022 0.006079 0.007294 0.008674 0.010224 0.011945 0.013832 0.015876 0.018062 0.020367 0.022762 0.025215 0.027684 0.030127 0.032495 0.034738 0.036807 0.038655 0.040235 0.041508 0.042442 0.043013 0.043205 0.043013 0.042442 0.041508 0.040235 0.038655 0.036807 0.034738 0.032495 0.030127 0.027684 0.025215 0.022762 0.020367 0.018062 0.015876 0.013832 0.011945 0.010224 0.008674 0.007294 0.006079 0.005022 0.004113 0.003338 0.002686 0.002142 0.001693 0.001327 0.001030 0.000793 0.000605 0.000458 0.000343 0.000255 0.000188 0.000137 0.000100 0.000071 0.000051 0.000036 0.000025 0.000017 0.000012 0.000008 0.000005 0.000003 0.000002 0.000001 0.000000 
0.000000 0.000001 0.000002 0.000003 0.000005 0.000008 0.000012 0.000017 0.000025 0.000037 0.000052 0.000074 0.000104 0.000145 0.000200 0.000274 0.000371 0.000499 0.000666 0.000880 0.001153 0.001497 0.001927 0.002459 0.003110 0.003899 0.004846 0.005969 0.007289 0.008822 0.010583 0.012584 0.014831 0.017326 0.020062 0.023025 0.026192 0.029532 0.033003 0.036557 0.040135 0.043674 0.047104 0.050354 0.053352 0.056027 0.058316 0.060161 0.061514 0.062341 0.062619 0.062341 0.061514 0.060161 0.058316 0.056027 0.053352 0.050354 0.047104 0.043674 0.040135 0.036557 0.033003 0.029532 0.026192 0.023025 0.020062 0.017326 0.014831 0.012584 0.010583 0.008822 0.007289 0.005969 0.004846 0.003899 0.003110 0.002459 0.001927 0.001497 0.001153 0.000880 0.000666 0.000499 0.000371 0.000274 0.000200 0.000145 0.000104 0.000074 0.000052 0.000036 0.000025 0.000017 0.000012 0.000008 0.000005 0.000003 0.000001 0.000000 
0.000000 0.000001 0.000003 0.000005 0.000008 0.000011 0.000017 0.000025 0.000037 0.000053 0.000075 0.000107 0.000150 0.000209 0.000288 0.000394 0.000535 0.000719 0.000959 0.001267 0.001659 0.002154 0.002773 0.003538 0.004474 0.005609 0.006969 0.008584 0.010480 0.012682 0.015212 0.018086 0.021314 0.024897 0.028826 0.033081 0.037629 0.042424 0.047407 0.052509 0.057645 0.062724 0.067647 0.072312 0.076614 0.080454 0.083738 0.086385 0.088327 0.089513 0.089912 0.089513 0.088327 0.086385 0.083738 0.080454 0.076614 0.072312 0.067647 0.062724 0.057645 0.052509 0.047407 0.042424 0.037629 0.033081 0.028826 0.024897 0.021314 0.018086 0.015212 0.012682 0.010480 0.008584 0.006969 0.005609 0.004474 0.003538 0.002773 0.002154 0.001659 0.001267 0.000959 0.000719 0.000535 0.000394 0.000288 0.000209 0.000150 0.000107 0.000075 0.000053 0.000036 0.000025 0.000017 0.000011 0.000007 0.000004 0.000002 0.000000 
0.000000 0.000002 0.000004 0.000007 0.000011 0.000016 0.000024 0.000036 0.000052 0.000075 0.000108 0.000152 0.000214 0.000298 0.000411 0.000563 0.000763 0.001026 0.001368 0.001807 0.002367 0.003073 0.003955 0.005045 0.006379 0.007995 0.009934 0.012234 0.014934 0.018070 0.021673 0.025765 0.030361 0.035461 0.041053 0.047108 0.053580 0.060403 0.067495 0.074753 0.082060 0.089286 0.096290 0.102925 0.109045 0.114506 0.119178 0.122944 0.125706 0.127393 0.127960 0.127393 0.125706 0.122944 0.119178 0.114506 0.109045 0.102925 0.096290 0.089286 0.082060 0.074753 0.067495 0.060403 0.053580 0.047108 0.041053 0.035461 0.030361 0.025765 0.021673 0.018070 0.014934 0.012234 0.009934 0.007995 0.006379 0.005045 0.003955 0.003073 0.002367 0.001807 0.001368 0.001026 0.000763 0.000563 0.000411 0.000298 0.000214 0.000152 0.000108 0.000075 0.000052 0.000036 0.000024 0.000016 0.000010 0.000006 0.000003 0.000000 
0.000000 0.000003 0.000006 0.000010 0.000015 0.000023 0.000035 0.000051 0.000074 0.000107 0.000152 0.000216 0.000303 0.000422 0.000582 0.000797 0.001080 0.001452 0.001935 0.002556 0.003347 0.004345 0.005591 0.007131 0.009015 0.011299 0.014036 0.017283 0.021096 0.025523 0.030609 0.036384 0.042870 0.050067 0.057958 0.066501 0.075631 0.085257 0.095259 0.105497 0.115803 0.125994 0.135871 0.145228 0.153857 0.161559 0.168146 0.173456 0.177350 0.179729 0.180529 0.179729 0.177350 0.173456 0.168146 0.161559 0.153857 0.145228 0.135871 0.125994 0.115803 0.105497 0.095259 0.085257 0.075631 0.066501 0.057958 0.050067 0.042870 0.036384 0.030609 0.025523 0.021096 0.017283 0.014036 0.011299 0.009015 0.007131 0.005591 0.004345 0.003347 0.002556 0.001935 0.001452 0.001080 0.000797 0.000582 0.000422 0.000303 0.000216 0.000152 0.000107 0.000074 0.000051 0.000034 0.000023 0.000015 0.000009 0.000004 0.000000 
0.000000 0.000004 0.000008 0.000014 0.000021 0.000033 0.000049 0.000071 0.000104 0.000150 0.000214 0.000303 0.000426 0.000592 0.000817 0.001118 0.001515 0.002037 0.002714 0.003584 0.004693 0.006090 0.007835 0.009992 0.012632 0.015829 0.019661 0.024207 0.029543 0.035740 0.042856 0.050938 0.060012 0.070080 0.081118 0.093068 0.105838 0.119299 0.133287 0.147603 0.162014 0.176263 0.190072 0.203153 0.215218 0.225985 0.235194 0.242615 0.248060 0.251385 0.252503 0.251385 0.248060 0.242615 0.235194 0.225985 0.215218 0.203153 0.190072 0.176263 0.162014 0.147603 0.133287 0.119299 0.105838 0.093068 0.081118 0.070080 0.060012 0.050938 0.042856 0.035740 0.029543 0.024207 0.019661 0.015829 0.012632 0.009992 0.007835 0.006090 0.004693 0.003584 0.002714 0.002037 0.001515 0.001118 0.000817 0.000592 0.000426 0.000303 0.000214 0.000150 0.000104 0.000071 0.000048 0.000032 0.000020 0.000012 0.000006 0.000000 
0.000000 0.000005 0.000011 0.000019 0.000030 0.000045 0.000068 0.000100 0.000145 0.000209 0.000298 0.000422 0.000592 0.000824 0.001137 0.001555 0.002108 0.002832 0.003773 0.004982 0.006522 0.008463 0.010887 0.013882 0.017546 0.021984 0.027303 0.033612 0.041017 0.049614 0.059487 0.070699 0.083285 0.097250 0.112558 0.129129 0.146836 0.165501 0.184895 0.204741 0.224719 0.244471 0.263612 0.281745 0.298466 0.313389 0.326153 0.336439 0.343984 0.348593 0.350143 0.348593 0.343984 0.336439 0.326153 0.313389 0.298466 0.281745 0.263612 0.244471 0.224719 0.204741 0.184895 0.165501 0.146836 0.129129 0.112558 0.097250 0.083285 0.070699 0.059487 0.049614 0.041017 0.033612 0.027303 0.021984 0.017546 0.013882 0.010887 0.008463 0.006522 0.004982 0.003773 0.002832 0.002108 0.001555 0.001137 0.000824 0.000592 0.000422 0.000298 0.000209 0.000145 0.000099 0.000067 0.000045 0.000029 0.000017 0.000008 0.000000 
0.000000 0.000007 0.000015 0.000026 0.000041 0.000063 0.000094 0.000137 0.000200 0.000288 0.000411 0.000582 0.000817 0.001137 0.001568 0.002144 0.002906 0.003904 0.005200 0.006866 0.008986 0.011659 0.014996 0.019118 0.024162 0.030269 0.037589 0.046270 0.056457 0.068283 0.081863 0.097282 0.114591 0.133794 0.154841 0.177624 0.201967 0.227624 0.254282 0.281561 0.309018 0.336164 0.362470 0.387388 0.410367 0.430873 0.448411 0.462545 0.472913 0.479245 0.481375 0.479245 0.472913 0.462545 0.448411 0.430873 0.410367 0.387388 0.362470 0.336164 0.309018 0.281561 0.254282 0.227624 0.201967 0.177624 0.154841 0.133794 0.114591 0.097282 0.081863 0.068283 0.056457 0.046270 0.037589 0.030269 0.024162 0.019118 0.014996 0.011659 0.008986 0.006866 0.005200 0.003904 0.002906 0.002144 0.001568 0.001137 0.000817 0.000582 0.000411 0.000288 0.000200 0.000137 0.000093 0.000062 0.000039 0.000023 0.000011 0.000000 
0.000000 0.000010 0.000021 0.000036 0.000057 0.000086 0.000128 0.000188 0.000274 0.000394 0.000563 0.000797 0.001118 0.001555 0.002144 0.002931 0.003971 0.005335 0.007105 0.009379 0.012274 0.015923 0.020477 0.026104 0.032986 0.041319 0.051304 0.063146 0.077040 0.093168 0.111686 0.132710 0.156309 0.182487 0.211178 0.242232 0.275410 0.310378 0.346707 0.383879 0.421293 0.458281 0.494124 0.528073 0.559379 0.587316 0.611210 0.630464 0.644589 0.653215 0.656116 0.653215 0.644589 0.630464 0.611210 0.587316 0.559379 0.528073 0.494124 0.458281 0.421293 0.383879 0.346707 0.310378 0.275410 0.242232 0.211178 0.182487 0.156309 0.132710 0.111686 0.093168 0.077040 0.063146 0.051304 0.041319 0.032986 0.026104 0.020477 0.015923 0.012274 0.009379 0.007105 0.005335 0.003971 0.002931 0.002144 0.001555 0.001118 0.000797 0.000563 0.000394 0.000273 0.000187 0.000127 0.000084 0.000054 0.000032 0.000015 0.000000 
0.000000 0.000013 0.000029 0.000049 0.000077 0.000117 0.000174 0.000255 0.000371 0.000535 0.000763 0.001080 0.001515 0.002108 0.002906 0.003971 0.005381 0.007227 0.009623 0.012702 0.016621 0.021559 0.027721 0.035334 0.044644 0.055915 0.069420 0.085433 0.104221 0.126028 0.151062 0.179482 0.211379 0.246760 0.285535 0.327500 0.372332 0.419579 0.468663 0.518883 0.569428 0.619394 0.667810 0.713668 0.755955 0.793689 0.825961 0.851967 0.871043 0.882694 0.886612 0.882694 0.871043 0.851967 0.825961 0.793689 0.755955 0.713668 0.667810 0.619394 0.569428 0.518883 0.468663 0.419579 0.372332 0.327500 0.285535 0.246760 0.211379 0.179482 0.151062 0.126028 0.104221 0.085433 0.069420 0.055915 0.044644 0.035334 0.027721 0.021559 0.016621 0.012702 0.009623 0.007227 0.005381 0.003971 0.002906 0.002108 0.001515 0.001080 0.000763 0.000534 0.000371 0.000254 0.000172 0.000114 0.000073 0.000043 0.000020 0.000000 
0.000000 0.000018 0.000039 0.000066 0.000104 0.000157 0.000234 0.000343 0.000499 0.000719 0.001026 0.001452 0.002037 0.002832 0.003904 0.005335 0.007227 0.009706 0.012922 0.017054 0.022312 0.028937 0.037203 0.047414 0.059900 0.075014 0.093122 0.114591 0.139777 0.169006 0.202559 0.240647 0.283390 0.330799 0.382750 0.438972 0.499031 0.562322 0.628069 0.695334 0.763031 0.829950 0.894791 0.956203 1.012831 1.063361 1.106576 1.141399 1.166943 1.182543 1.187789 1.182543 1.166943 1.141399 1.106576 1.063361 1.012831 0.956203 0.894791 0.829950 0.763031 0.695334 0.628069 0.562322 0.499031 0.438972 0.382750 0.330799 0.283390 0.240647 0.202559 0.169006 0.139777 0.114591 0.093122 0.075014 0.059900 0.047414 0.037203 0.028937 0.022312 0.017054 0.012922 0.009706 0.007227 0.005335 0.003904 0.002832 0.002037 0.001452 0.001026 0.000719 0.000499 0.000342 0.000232 0.000154 0.000099 0.000058 0.000027 0.000000 
0.000000 0.000024 0.000052 0.000088 0.000138 0.000210 0.000312 0.000458 0.000666 0.000959 0.001368 0.001935 0.002714 0.003773 0.005200 0.007105 0.009623 0.012922 0.017201 0.022698 0.029693 0.038504 0.049497 0.063074 0.079675 0.099768 0.123838 0.152373 0.185844 0.224686 0.269269 0.319873 0.376658 0.439636 0.508643 0.583319 0.663084 0.747138 0.834448 0.923770 1.013660 1.102514 1.188605 1.270141 1.345322 1.412406 1.469777 1.516007 1.549917 1.570627 1.577591 1.570627 1.549917 1.516007 1.469777 1.412406 1.345322 1.270141 1.188605 1.102514 1.013660 0.923770 0.834448 0.747138 0.663084 0.583319 0.508643 0.439636 0.376658 0.319873 0.269269 0.224686 0.185844 0.152373 0.123838 0.099768 0.079675 0.063074 0.049497 0.038504 0.029693 0.022698 0.017201 0.012922 0.009623 0.007105 0.005200 0.003773 0.002714 0.001935 0.001368 0.000958 0.000665 0.000456 0.000309 0.000205 0.000132 0.000078 0.000036 0.000000 
0.000000 0.000032 0.000068 0.000116 0.000183 0.000277 0.000412 0.000605 0.000880 0.001267 0.001807 0.002556 0.003584 0.004982 0.006866 0.009379 0.012702 0.017054 0.022698 0.029949 0.039172 0.050791 0.065283 0.083180 0.105062 0.131543 0.163262 0.200860 0.244960 0.296130 0.354858 0.421512 0.496302 0.579242 0.670116 0.768447 0.873474 0.984140 1.099089 1.216679 1.335013 1.451977 1.565299 1.672623 1.771578 1.859874 1.935383 1.996229 2.040859 2.068115 2.077282 2.068115 2.040859 1.996229 1.935383 1.859874 1.771578 1.672623 1.565299 1.451977 1.335013 1.216679 1.099089 0.984140 0.873474 0.768447 0.670116 0.579242 0.496302 0.421512 0.354858 0.296130 0.244960 0.200860 0.163262 0.131543 0.105062 0.083180 0.065283 0.050791 0.039172 0.029949 0.022698 0.017054 0.012702 0.009379 0.006866 0.004982 0.003584 0.002556 0.001807 0.001266 0.000878 0.000603 0.000409 0.000272 0.000174 0.000103 0.000048 0.000000 
0.000000 0.000041 0.000090 0.000153 0.000240 0.000363 0.000540 0.000793 0.001153 0.001659 0.002367 0.003347 0.004693 0.006522 0.008986 0.012274 0.016621 0.022312 0.029693 0.039172 0.051229 0.066416 0.085357 0.108746 0.137338 0.171936 0.213373 0.262487 0.320087 0.386917 0.463612 0.550650 0.648303 0.756590 0.875228 1.003593 1.140691 1.285142 1.435174 1.588646 1.743082 1.895724 2.043609 2.183659 2.312786 2.428002 2.526530 2.605923 2.664157 2.699721 2.711681 2.699721 2.664157 2.605923 2.526530 2.428002 2.312786 2.183659 2.043609 1.895724 1.743082 1.588646 1.435174 1.285142 1.140691 1.003593 0.875228 0.756590 0.648303 0.550650 0.463612 0.386917 0.320087 0.262487 0.213373 0.171936 0.137338 0.108746 0.085357 0.066416 0.051229 0.039172 0.029693 0.022312 0.016621 0.012274 0.008986 0.006522 0.004692 0.003347 0.002366 0.001658 0.001151 0.000790 0.000536 0.000356 0.000228 0.000135 0.000062 0.000000 
0.000000 0.000054 0.000117 0.000198 0.000311 0.000472 0.000702 0.001030 0.001497 0.002154 0.003073 0.004345 0.006090 0.008463 0.011659 0.015923 0.021559 0.028937 0.038504 0.050791 0.066416 0.086095 0.110636 0.140936 0.177973 0.222785 0.276451 0.340053 0.414637 0.501165 0.600457 0.713130 0.839537 0.979698 1.133246 1.299373 1.476792 1.663715 1.857851 2.056429 2.256245 2.453732 2.645057 2.826242 2.993290 3.142336 3.269794 3.372496 3.447826 3.493830 3.509301 3.493830 3.447826 3.372496 3.269794 3.142336 2.993290 2.826242 2.645057 2.453732 2.256245 2.056429 1.857851 1.663715 1.476792 1.299373 1.133246 0.979698 0.839537 0.713130 0.600457 0.501165 0.414637 0.340053 0.276451 0.222785 0.177973 0.140936 0.110636 0.086095 0.066416 0.050791 0.038504 0.028937 0.021559 0.015923 0.011659 0.008463 0.006090 0.004344 0.003072 0.002153 0.001495 0.001027 0.000696 0.000463 0.000297 0.000175 0.000081 0.000000 
0.000000 0.000069 0.000150 0.000255 0.000401 0.000608 0.000904 0.001327 0.001927 0.002773 0.003955 0.005591 0.007835 0.010887 0.014996 0.020477 0.027721 0.037203 0.049497 0.065283 0.085357 0.110636 0.142157 0.181071 0.228631 0.286170 0.355071 0.436722 0.532462 0.643526 0.770962 0.915561 1.077774 1.257624 1.454640 1.667782 1.895399 2.135196 2.384233 2.638958 2.895259 3.148563 3.393957 3.626335 3.840578 4.031729 4.195189 4.326899 4.423504 4.482501 4.502341 4.482501 4.423504 4.326899 4.195189 4.031729 3.840578 3.626335 3.393957 3.148563 2.895259 2.638958 2.384233 2.135196 1.895399 1.667782 1.454640 1.257624 1.077774 0.915561 0.770962 0.643526 0.532462 0.436722 0.355071 0.286170 0.228631 0.181071 0.142157 0.110636 0.085357 0.065283 0.049497 0.037203 0.027721 0.020477 0.014995 0.010886 0.007835 0.005590 0.003953 0.002771 0.001924 0.001322 0.000896 0.000596 0.000382 0.000226 0.000105 0.000000 
0.000000 0.000089 0.000192 0.000326 0.000512 0.000776 0.001154 0.001693 0.002459 0.003538 0.005045 0.007131 0.009992 0.013882 0.019118 0.026104 0.035334 0.047414 0.063074 0.083180 0.108746 0.140936 0.181071 0.230613 0.291157 0.364399 0.452094 0.556007 0.677842 0.819164 0.981307 1.165274 1.371635 1.600419 1.851023 2.122124 2.411619 2.716589 3.033297 3.357223 3.683140 4.005234 4.317258 4.612726 4.885126 5.128161 5.335985 5.503439 5.626261 5.701268 5.726492 5.701268 5.626261 5.503439 5.335985 5.128161 4.885126 4.612726 4.317258 4.005234 3.683140 3.357223 3.033297 2.716589 2.411619 2.122124 1.851023 1.600419 1.371635 1.165274 0.981307 0.819164 0.677842 0.556007 0.452094 0.364399 0.291157 0.230613 0.181071 0.140936 0.108746 0.083180 0.063074 0.047414 0.035334 0.026104 0.019118 0.013881 0.009992 0.007130 0.005043 0.003535 0.002455 0.001687 0.001144 0.000760 0.000488 0.000288 0.000134 0.000000 
0.000000 0.000112 0.000243 0.000413 0.000648 0.000982 0.001460 0.002142 0.003110 0.004474 0.006379 0.009015 0.012632 0.017546 0.024162 0.032986 0.044644 0.059900 0.079675 0.105062 0.137338 0.177973 0.228631 0.291157 0.367562 0.459982 0.570630 0.701730 0.855427 1.033695 1.238211 1.470238 1.730491 2.019005 2.335017 2.676855 3.041868 3.426373 3.825659 4.234027 4.644890 5.050918 5.444240 5.816681 6.160036 6.466371 6.728320 6.939381 7.094186 7.188723 7.220515 7.188723 7.094186 6.939381 6.728320 6.466371 6.160036 5.816681 5.444240 5.050918 4.644890 4.234027 3.825659 3.426373 3.041868 2.676855 2.335017 2.019005 1.730491 1.470238 1.238211 1.033695 0.855427 0.701730 0.570630 0.459982 0.367562 0.291157 0.228631 0.177973 0.137338 0.105062 0.079675 0.059900 0.044644 0.032986 0.024162 0.017546 0.012631 0.009014 0.006377 0.004471 0.003105 0.002134 0.001447 0.000962 0.000617 0.000365 0.000169 0.000000 
0.000000 0.000141 0.000305 0.000518 0.000813 0.001232 0.001831 0.002686 0.003899 0.005609 0.007995 0.011299 0.015829 0.021984 0.030269 0.041319 0.055915 0.075014 0.099768 0.131543 0.171936 0.222785 0.286170 0.364399 0.459982 0.575590 0.713987 0.877951 1.070164 1.293086 1.548813 1.838921 2.164299 2.524988 2.920029 3.347333 3.803581 4.284172 4.783214 5.293586 5.807057 6.314469 6.805986 7.271396 7.700450 8.083235 8.410552 8.674279 8.867709 8.985835 9.025559 8.985835 8.867709 8.674279 8.410552 8.083235 7.700450 7.271396 6.805986 6.314469 5.807057 5.293586 4.783214 4.284172 3.803581 3.347333 2.920029 2.524988 2.164299 1.838921 1.548813 1.293086 1.070164 0.877951 0.713987 0.575590 0.459982 0.364399 0.286170 0.222785 0.171936 0.131543 0.099768 0.075014 0.055915 0.041318 0.030269 0.021983 0.015828 0.011297 0.007993 0.005605 0.003893 0.002676 0.001815 0.001207 0.000774 0.000458 0.000212 0.000000 
0.000000 0.000175 0.000379 0.000644 0.001011 0.001531 0.002276 0.003338 0.004846 0.006969 0.009934 0.014036 0.019661 0.027303 0.037589 0.051304 0.069420 0.093122 0.123838 0.163262 0.213373 0.276451 0.355071 0.452094 0.570630 0.713987 0.885590 1.088878 1.327171 1.603515 1.920505 2.280088 2.683361 3.130373 3.619931 4.149443 4.714795 5.310282 5.928606 6.560943 7.197096 7.825721 8.434637 9.011194 9.542701 10.016882 10.422343 10.749028 10.988634 11.134956 11.184162 11.134956 10.988634 10.749028 10.422343 10.016882 9.542701 9.011194 8.434637 7.825721 7.197096 6.560943 5.928606 5.310282 4.714795 4.149443 3.619931 3.130373 2.683361 2.280088 1.920505 1.603515 1.327171 1.088878 0.885590 0.713987 0.570630 0.452094 0.355071 0.276451 0.213373 0.163261 0.123838 0.093122 0.069420 0.051304 0.037588 0.027302 0.019660 0.014034 0.009931 0.006964 0.004838 0.003326 0.002256 0.001500 0.000962 0.000569 0.000264 0.000000 
0.000000 0.000216 0.000467 0.000794 0.001246 0.001887 0.002804 0.004113 0.005969 0.008584 0.012234 0.017283 0.024207 0.033612 0.046270 0.063146 0.085433 0.114591 0.152373 0.200860 0.262487 0.340053 0.436722 0.556007 0.701730 0.877951 1.088878 1.338731 1.631586 1.971182 2.360700 2.802529 3.298013 3.847203 4.448634 5.099115 5.793592 6.525054 7.284536 8.061200 8.842524 9.614578 10.362405 11.070472 11.723200 12.305515 12.803432 13.204606 13.498841 13.678524 13.738948 13.678524 13.498841 13.204606 12.803432 12.305515 11.723200 11.070472 10.362405 9.614578 8.842524 8.061200 7.284536 6.525054 5.793592 5.099115 4.448634 3.847203 3.298013 2.802529 2.360700 1.971182 1.631586 1.338731 1.088878 0.877951 0.701730 0.556007 0.436722 0.340053 0.262487 0.200860 0.152373 0.114591 0.085433 0.063145 0.046269 0.033611 0.024206 0.017281 0.012230 0.008578 0.005960 0.004097 0.002780 0.001849 0.001186 0.000702 0.000325 0.000000 
0.000000 0.000264 0.000571 0.000970 0.001522 0.002305 0.003425 0.005022 0.007289 0.010480 0.014934 0.021096 0.029543 0.041017 0.056457 0.077040 0.104221 0.139777 0.185844 0.244960 0.320087 0.414637 0.532462 0.677842 0.855427 1.070164 1.327171 1.631586 1.988369 2.402069 2.876554 3.414729 4.018223 4.687096 5.419554 6.211712 7.057408 7.948106 8.872887 9.818555 10.769865 11.709860 12.620333 13.482378 14.277032 14.985951 15.592113 16.080494 16.438687 16.657426 16.730984 16.657426 16.438687 16.080494 15.592113 14.985951 14.277032 13.482378 12.620333 11.709860 10.769865 9.818555 8.872887 7.948106 7.057408 6.211712 5.419554 4.687096 4.018223 3.414729 2.876554 2.402069 1.988369 1.631586 1.327171 1.070164 0.855427 0.677842 0.532462 0.414637 0.320087 0.244960 0.185844 0.139776 0.104221 0.077040 0.056456 0.041016 0.029542 0.021093 0.014929 0.010472 0.007277 0.005004 0.003395 0.002258 0.001449 0.000857 0.000397 0.000000 
0.000000 0.000319 0.000691 0.001175 0.001843 0.002791 0.004146 0.006079 0.008822 0.012682 0.018070 0.025523 0.035740 0.049614 0.068283 0.093168 0.126028 0.169006 0.224686 0.296130 0.386917 0.501165 0.643526 0.819164 1.033695 1.293086 1.603515 1.971182 2.402069 2.901661 3.474626 4.124461 4.853127 5.660691 6.544981 7.501302 8.522211 9.597402 10.713693 11.855158 13.003395 14.137943 15.236829 16.277242 17.236301 18.091871 18.823417 19.412813 19.845088 20.109066 20.197838 20.109066 19.845088 19.412813 18.823417 18.091871 17.236301 16.277242 15.236829 14.137943 13.003395 11.855158 10.713693 9.597402 8.522211 7.501302 6.544981 5.660691 4.853127 4.124461 3.474626 2.901661 2.402069 1.971182 1.603515 1.293086 1.033695 0.819164 0.643526 0.501165 0.386917 0.296130 0.224686 0.169006 0.126027 0.093168 0.068283 0.049613 0.035738 0.025520 0.018065 0.012673 0.008807 0.006056 0.004110 0.002734 0.001754 0.001038 0.000481 0.000000 
0.000000 0.000383 0.000830 0.001410 0.002212 0.003349 0.004975 0.007294 0.010583 0.015212 0.021673 0.030609 0.042856 0.059487 0.081863 0.111686 0.151062 0.202559 0.269269 0.354858 0.463612 0.600457 0.770962 0.981307 1.238211 1.548813 1.920505 2.360700 2.876554 3.474626 4.160494 4.938335 5.810491 6.777033 7.835355 8.979834 10.201558 11.488192 12.823960 14.189806 15.563715 16.921205 18.235993 19.480793 20.628233 21.651842 22.527055 23.232192 23.749351 24.065163 24.171366 24.065163 23.749351 23.232192 22.527055 21.651842 20.628233 19.480793 18.235993 16.921205 15.563715 14.189806 12.823960 11.488192 10.201558 8.979834 7.835355 6.777033 5.810491 4.938335 4.160494 3.474626 2.876554 2.360700 1.920505 1.548813 1.238211 0.981307 0.770962 0.600457 0.463612 0.354858 0.269269 0.202559 0.151062 0.111686 0.081862 0.059486 0.042853 0.030605 0.021666 0.015202 0.010566 0.007266 0.004931 0.003281 0.002106 0.001246 0.000578 0.000000 
0.000000 0.000456 0.000987 0.001678 0.002631 0.003984 0.005917 0.008674 0.012584 0.018086 0.025765 0.036384 0.050938 0.070699 0.097282 0.132710 0.179482 0.240647 0.319873 0.421512 0.550650 0.713130 0.915561 1.165274 1.470238 1.838921 2.280088 2.802529 3.414729 4.124461 4.938335 5.861300 6.896125 8.042884 9.298483 10.656239 12.105579 13.631865 15.216384 16.836531 18.466194 20.076340 21.635799 23.112214 24.473129 25.687156 26.725167 27.561458 28.174803 28.549351 28.675304 28.549351 28.174803 27.561458 26.725167 25.687156 24.473129 23.112214 21.635799 20.076340 18.466194 16.836531 15.216384 13.631865 12.105579 10.656239 9.298483 8.042884 6.896125 5.861300 4.938335 4.124461 3.414729 2.802529 2.280088 1.838921 1.470238 1.165274 0.915561 0.713130 0.550650 0.421512 0.319873 0.240646 0.179482 0.132710 0.097281 0.070697 0.050935 0.036380 0.025757 0.018074 0.012563 0.008641 0.005865 0.003903 0.002505 0.001482 0.000687 0.000000 
0.000000 0.000538 0.001164 0.001978 0.003103 0.004697 0.006975 0.010224 0.014831 0.021314 0.030361 0.042870 0.060012 0.083285 0.114591 0.156309 0.211379 0.283390 0.376658 0.496302 0.648303 0.839537 1.077774 1.371635 1.730491 2.164299 2.683361 3.298013 4.018223 4.853127 5.810491 6.896125 8.113274 9.462021 10.938714 12.535490 14.239908 16.034752 17.898014 19.803114 21.719352 23.612594 25.446195 27.182120 28.782215 30.209584 31.429991 32.413222 33.134330 33.574682 33.722764 33.574682 33.134330 32.413222 31.429991 30.209584 28.782215 27.182120 25.446195 23.612594 21.719352 19.803114 17.898014 16.034752 14.239908 12.535490 10.938714 9.462021 8.113274 6.896125 5.810491 4.853127 4.018223 3.298013 2.683361 2.164299 1.730491 1.371635 1.077774 0.839537 0.648303 0.496302 0.376658 0.283390 0.211379 0.156308 0.114590 0.083283 0.060008 0.042864 0.030351 0.021300 0.014807 0.010185 0.006914 0.004601 0.002953 0.001747 0.000810 0.000000 
0.000000 0.000629 0.001361 0.002312 0.003626 0.005489 0.008150 0.011945 0.017326 0.024897 0.035461 0.050067 0.070080 0.097250 0.133794 0.182487 0.246760 0.330799 0.439636 0.579242 0.756590 0.979698 1.257624 1.600419 2.019005 2.524988 3.130373 3.847203 4.687096 5.660691 6.777033 8.042884 9.462021 11.034526 12.756135 14.617672 16.604631 18.696934 20.868928 23.089630 25.323257 27.530026 29.667232 31.690551 33.555521 35.219149 36.641542 37.787495 38.627937 39.141159 39.313745 39.141159 38.627937 37.787495 36.641542 35.219149 33.555521 31.690551 29.667232 27.530026 25.323257 23.089630 20.868928 18.696934 16.604631 14.617672 12.756135 11.034526 9.462021 8.042884 6.777033 5.660691 4.687096 3.847203 3.130373 2.524988 2.019005 1.600419 1.257624 0.979698 0.756590 0.579242 0.439636 0.330798 0.246760 0.182486 0.133792 0.097248 0.070076 0.050061 0.035450 0.024880 0.017298 0.011900 0.008078 0.005377 0.003451 0.002042 0.000947 0.000000 
0.000000 0.000728 0.001576 0.002678 0.004200 0.006357 0.009438 0.013832 0.020062 0.028826 0.041053 0.057958 0.081118 0.112558 0.154841 0.211178 0.285535 0.382750 0.508643 0.670116 0.875228 1.133246 1.454640 1.851023 2.335017 2.920029 3.619931 4.448634 5.419554 6.544981 7.835355 9.298483 10.938714 12.756135 14.745807 16.897118 19.193297 21.611140 24.121000 26.687077 29.268024 31.817881 34.287311 36.625107 38.779910 40.702055 42.345460 43.669459 44.640474 45.233429 45.432828 45.233429 44.640474 43.669459 42.345460 40.702055 38.779910 36.625107 34.287311 31.817881 29.268024 26.687077 24.121000 21.611140 19.193297 16.897118 14.745807 12.756135 10.938714 9.298483 7.835355 6.544981 5.419554 4.448634 3.619931 2.920029 2.335017 1.851023 1.454640 1.133246 0.875228 0.670116 0.508643 0.382750 0.285534 0.211177 0.154839 0.112555 0.081114 0.057950 0.041041 0.028806 0.020029 0.013780 0.009356 0.006227 0.003997 0.002365 0.001097 0.000000 
0.000000 0.000837 0.001810 0.003075 0.004822 0.007298 0.010834 0.015876 0.023025 0.033081 0.047108 0.066501 0.093068 0.129129 0.177624 0.242232 0.327500 0.438972 0.583319 0.768447 1.003593 1.299373 1.667782 2.122124 2.676855 3.347333 4.149443 5.099115 6.211712 7.501302 8.979834 10.656239 12.535490 14.617672 16.897118 19.361662 21.992084 24.761799 27.636843 30.576210 33.532543 36.453202 39.281684 41.959350 44.427382 46.628907 48.511159 50.027572 51.139695 51.818815 52.047189 51.818815 51.139695 50.027572 48.511159 46.628907 44.427382 41.959350 39.281684 36.453202 33.532543 30.576210 27.636843 24.761799 21.992084 19.361662 16.897118 14.617672 12.535490 10.656239 8.979834 7.501302 6.211712 5.099115 4.149443 3.347333 2.676855 2.122124 1.667782 1.299373 1.003593 0.768447 0.583318 0.438972 0.327499 0.242231 0.177622 0.129126 0.093063 0.066492 0.047094 0.033058 0.022987 0.015817 0.010739 0.007149 0.004589 0.002716 0.001259 0.000000 
0.000000 0.000952 0.002060 0.003499 0.005487 0.008304 0.012326 0.018062 0.026192 0.037629 0.053580 0.075631 0.105838 0.146836 0.201967 0.275410 0.372332 0.499031 0.663084 0.873474 1.140691 1.476792 1.895399 2.411619 3.041868 3.803581 4.714795 5.793592 7.057408 8.522211 10.201558 12.105579 14.239908 16.604631 19.193297 21.992084 24.979158 28.124324 31.389015 34.726667 38.083511 41.399784 44.611338 47.651601 50.453805 52.953388 55.090451 56.812136 58.074795 58.845838 59.105123 58.845838 58.074795 56.812136 55.090451 52.953388 50.453805 47.651601 44.611338 41.399784 38.083511 34.726667 31.389015 28.124324 24.979158 21.992084 19.193297 16.604631 14.239908 12.105579 10.201558 8.522211 7.057408 5.793592 4.714795 3.803581 3.041868 2.411619 1.895399 1.476792 1.140691 0.873474 0.663084 0.499031 0.372331 0.275409 0.201964 0.146833 0.105832 0.075621 0.053564 0.037602 0.026150 0.017994 0.012219 0.008134 0.005222 0.003090 0.001433 0.000000 
0.000000 0.001074 0.002324 0.003947 0.006188 0.009365 0.013900 0.020367 0.029532 0.042424 0.060403 0.085257 0.119299 0.165501 0.227624 0.310378 0.419579 0.562322 0.747138 0.984140 1.285142 1.663715 2.135196 2.716589 3.426373 4.284172 5.310282 6.525054 7.948106 9.597402 11.488192 13.631865 16.034752 18.696934 21.611140 24.761799 28.124324 31.664722 35.339577 39.096478 42.874906 46.607599 50.222365 53.644284 56.798219 59.611517 62.016775 63.954511 65.375612 66.243404 66.535223 66.243404 65.375612 63.954511 62.016775 59.611517 56.798219 53.644284 50.222365 46.607599 42.874906 39.096478 35.339577 31.664722 28.124324 24.761799 21.611140 18.696934 16.034752 13.631865 11.488192 9.597402 7.948106 6.525054 5.310282 4.284172 3.426373 2.716589 2.135196 1.663715 1.285141 0.984140 0.747137 0.562321 0.419578 0.310376 0.227622 0.165497 0.119293 0.085246 0.060385 0.042394 0.029484 0.020290 0.013779 0.009173 0.005890 0.003486 0.001616 0.000000 
0.000000 0.001201 0.002598 0.004413 0.006918 0.010468 0.015537 0.022762 0.033003 0.047407 0.067495 0.095259 0.133287 0.184895 0.254282 0.346707 0.468663 0.628069 0.834448 1.099089 1.435174 1.857851 2.384233 3.033297 3.825659 4.783214 5.928606 7.284536 8.872887 10.713693 12.823960 15.216384 17.898014 20.868928 24.121000 27.636843 31.389015 35.339577 39.440085 43.632056 47.847968 52.012780 56.045950 59.863901 63.382811 66.521635 69.205180 71.367097 72.952601 73.920781 74.246358 73.920781 72.952601 71.367097 69.205180 66.521635 63.382811 59.863901 56.045950 52.012780 47.847968 43.632056 39.440085 35.339577 31.389015 27.636843 24.121000 20.868928 17.898014 15.216384 12.823960 10.713693 8.872887 7.284536 5.928606 4.783214 3.825659 3.033297 2.384233 1.857851 1.435174 1.099089 0.834448 0.628069 0.468662 0.346705 0.254280 0.184890 0.133280 0.095247 0.067474 0.047374 0.032950 0.022676 0.015400 0.010254 0.006584 0.003896 0.001807 0.000000 
0.000000 0.001330 0.002879 0.004889 0.007664 0.011597 0.017212 0.025215 0.036557 0.052509 0.074753 0.105497 0.147603 0.204741 0.281561 0.383879 0.518883 0.695334 0.923770 1.216679 1.588646 2.056429 2.638958 3.357223 4.234027 5.293586 6.560943 8.061200 9.818555 11.855158 14.189806 16.836531 19.803114 23.089630 26.687077 30.576210 34.726667 39.096478 43.632056 48.268715 52.931775 57.538242 61.999047 66.221759 70.113686 73.585202 76.553162 78.944193 80.697717 81.768494 82.128572 81.768494 80.697717 78.944193 76.553162 73.585202 70.113686 66.221759 61.999047 57.538242 52.931775 48.268715 43.632056 39.096478 34.726667 30.576210 26.687077 23.089630 19.803114 16.836531 14.189806 11.855158 9.818555 8.061200 6.560943 5.293586 4.234027 3.357223 2.638958 2.056429 1.588646 1.216679 0.923769 0.695334 0.518882 0.383877 0.281558 0.204736 0.147595 0.105483 0.074730 0.052472 0.036498 0.025120 0.017061 0.011360 0.007294 0.004317 0.002002 0.000000 
0.000000 0.001461 0.003161 0.005369 0.008417 0.012734 0.018898 0.027684 0.040135 0.057645 0.082060 0.115803 0.162014 0.224719 0.309018 0.421293 0.569428 0.763031 1.013660 1.335013 1.743082 2.256245 2.895259 3.683140 4.644890 5.807057 7.197096 8.842524 10.769865 13.003395 15.563715 18.466194 21.719352 25.323257 29.268024 33.532543 38.083511 42.874906 47.847968 52.931775 58.044448 63.095001 67.985786 72.615476 76.882457 80.688482 83.942405 86.563798 88.486254 89.660186 90.054952 89.660186 88.486254 86.563798 83.942405 80.688482 76.882457 72.615476 67.985786 63.095001 58.044448 52.931775 47.847968 42.874906 38.083511 33.532543 29.268024 25.323257 21.719352 18.466194 15.563715 13.003395 10.769865 8.842524 7.197096 5.807057 4.644890 3.683140 2.895259 2.256245 1.743082 1.335013 1.013660 0.763031 0.569427 0.421292 0.309015 0.224713 0.162005 0.115788 0.082035 0.057604 0.040070 0.027580 0.018733 0.012474 0.008010 0.004741 0.002199 0.000000 
0.000000 0.001590 0.003441 0.005844 0.009161 0.013859 0.020567 0.030127 0.043674 0.062724 0.089286 0.125994 0.176263 0.244471 0.336164 0.458281 0.619394 0.829950 1.102514 1.451977 1.895724 2.453732 3.148563 4.005234 5.050918 6.314469 7.825721 9.614578 11.709860 14.137943 16.921205 20.076340 23.612594 27.530026 31.817881 36.453202 41.399784 46.607599 52.012780 57.538242 63.095001 68.584173 73.899640 78.931289 83.568696 87.705098 91.241451 94.090358 96.179659 97.455469 97.884494 97.455469 96.179659 94.090358 91.241451 87.705098 83.568696 78.931289 73.899640 68.584173 63.095001 57.538242 52.012780 46.607599 41.399784 36.453202 31.817881 27.530026 23.612594 20.076340 16.921205 14.137943 11.709860 9.614578 7.825721 6.314469 5.050918 4.005234 3.148563 2.453732 1.895724 1.451976 1.102514 0.829949 0.619393 0.458279 0.336160 0.244465 0.176253 0.125977 0.089259 0.062680 0.043603 0.030013 0.020386 0.013575 0.008718 0.005160 0.002393 0.000000 
0.000000 0.001716 0.003712 0.006305 0.009882 0.014950 0.022184 0.032495 0.047104 0.067647 0.096290 0.135871 0.190072 0.263612 0.362470 0.494124 0.667810 0.894791 1.188605 1.565299 2.043609 2.645057 3.393957 4.317258 5.444240 6.805986 8.434637 10.362405 12.620333 15.236829 18.235993 21.635799 25.446195 29.667232 34.287311 39.281684 44.611338 50.222365 56.045950 61.999047 67.985786 73.899640 79.626291 85.047119 90.043171 94.499442 98.309239 101.378420 103.629255 105.003702 105.465895 105.003702 103.629255 101.378420 98.309239 94.499442 90.043171 85.047119 79.626291 73.899640 67.985786 61.999047 56.045950 50.222365 44.611338 39.281684 34.287311 29.667232 25.446195 21.635799 18.235993 15.236829 12.620333 10.362405 8.434637 6.805986 5.444240 4.317258 3.393956 2.645057 2.043608 1.565299 1.188605 0.894790 0.667809 0.494121 0.362466 0.263606 0.190061 0.135853 0.096261 0.067600 0.047027 0.032372 0.021989 0.014644 0.009404 0.005567 0.002582 0.000000 
