0.000000 0.000000 0.000000 0.000000 0.000000 0.000000 0.000000 0.000000 0.000000 0.000000 0.000000 0.000000 0.000000 0.000000 0.000000 0.000000 0.000000 0.000000 0.000000 0.000000 0.000000 0.000000 0.000000 0.000000 0.000000 0.000000 0.000000 0.000000 0.000000 0.000000 0.000000 0.000000 0.000000 0.000000 0.000000 0.000000 0.000000 0.000000 0.000000 0.000000 0.000000 0.000000 0.000000 0.000000 0.000000 0.000000 0.000000 0.000000 0.000000 0.000000 0.000000 0.000000 0.000000 0.000000 0.000000 0.000000 0.000000 0.000000 0.000000 0.000000 0.000000 0.000000 0.000000 0.000000 0.000000 0.000000 0.000000 0.000000 0.000000 0.000000 0.000000 0.000000 0.000000 0.000000 0.000000 0.000000 0.000000 0.000000 0.000000 0.000000 0.000000 0.000000 0.000000 0.000000 0.000000 0.000000 0.000000 0.000000 0.000000 0.000000 0.000000 0.000000 0.000000 0.000000 0.000000 0.000000 0.000000 0.000000 0.000000 0.000000 
0.000000 0.000000 0.000000 0.000000 0.000000 0.000000 0.000000 0.000000 0.000000 0.000000 0.000000 0.000000 0.000000 0.000000 0.000000 0.000000 0.000000 0.000001 0.000001 0.000001 0.000002 0.000003 0.000003 0.000005 0.000006 0.000008 0.000011 0.000014 0.000018 0.000023 0.000029 0.000036 0.000045 0.000054 0.000065 0.000077 0.000091 0.000106 0.000122 0.000138 0.000155 0.000173 0.000190 0.000207 0.000222 0.000236 0.000248 0.000258 0.000266 0.000270 0.000272 0.000270 0.000266 0.000258 0.000248 0.000236 0.000222 0.000207 0.000190 0.000173 0.000155 0.000138 0.000122 0.000106 0.000091 0.000077 0.000065 0.000054 0.000045 0.000036 0.000029 0.000023 0.000018 0.000014 0.000011 0.000008 0.000006 0.000005 0.000003 0.000003 0.000002 0.000001 0.000001 0.000001 0.000000 0.000000 0.000000 0.000000 0.000000 0.000000 0.000000 0.000000 0.000000 0.000000 0.000000 0.000000 0.000000 0.000000 0.000000 0.000000 
0.000000 0.000000 0.000000 0.000000 0.000000 0.000000 0.000000 0.000000 0.000000 0.000000 0.000000 0.000000 0.000000 0.000000 0.000000 0.000001 0.000001 0.000001 0.000002 0.000003 0.000004 0.000006 0.000008 0.000011 0.000014 0.000019 0.000025 0.000032 0.000041 0.000052 0.000066 0.000082 0.000101 0.000122 0.000147 0.000175 0.000205 0.000239 0.000274 0.000312 0.000351 0.000390 0.000429 0.000466 0.000501 0.000533 0.000561 0.000583 0.000599 0.000610 0.000613 0.000610 0.000599 0.000583 0.000561 0.000533 0.000501 0.000466 0.000429 0.000390 0.000351 0.000312 0.000274 0.000239 0.000205 0.000175 0.000147 0.000122 0.000101 0.000082 0.000066 0.000052 0.000041 0.000032 0.000025 0.000019 0.000014 0.000011 0.000008 0.000006 0.000004 0.000003 0.000002 0.000001 0.000001 0.000001 0.000000 0.000000 0.000000 0.000000 0.000000 0.000000 0.000000 0.000000 0.000000 0.000000 0.000000 0.000000 0.000000 0.000000 
0.000000 0.000000 0.000000 0.000000 0.000000 0.000000 0.000000 0.000000 0.000000 0.000000 0.000000 0.000000 0.000000 0.000001 0.000001 0.000001 0.000002 0.000003 0.000004 0.000005 0.000007 0.000010 0.000014 0.000019 0.000026 0.000034 0.000045 0.000058 0.000075 0.000095 0.000119 0.000148 0.000182 0.000221 0.000266 0.000316 0.000372 0.000432 0.000497 0.000564 0.000635 0.000705 0.000776 0.000843 0.000907 0.000964 0.001014 0.001054 0.001084 0.001102 0.001108 0.001102 0.001084 0.001054 0.001014 0.000964 0.000907 0.000843 0.000776 0.000705 0.000635 0.000564 0.000497 0.000432 0.000372 0.000316 0.000266 0.000221 0.000182 0.000148 0.000119 0.000095 0.000075 0.000058 0.000045 0.000034 0.000026 0.000019 0.000014 0.000010 0.000007 0.000005 0.000004 0.000003 0.000002 0.000001 0.000001 0.000001 0.000000 0.000000 0.000000 0.000000 0.000000 0.000000 0.000000 0.000000 0.000000 0.000000 0.000000 0.000000 
0.000000 0.000000 0.000000 0.000000 0.000000 0.000000 0.000000 0.000000 0.000000 0.000000 0.000000 0.000000 0.000001 0.000001 0.000001 0.000002 0.000003 0.000004 0.000006 0.000009 0.000013 0.000018 0.000024 0.000033 0.000044 0.000058 0.000076 0.000099 0.000127 0.000161 0.000202 0.000251 0.000309 0.000375 0.000450 0.000535 0.000629 0.000731 0.000840 0.000955 0.001073 0.001193 0.001312 0.001426 0.001533 0.001630 0.001714 0.001782 0.001833 0.001864 0.001874 0.001864 0.001833 0.001782 0.001714 0.001630 0.001533 0.001426 0.001312 0.001193 0.001073 0.000955 0.000840 0.000731 0.000629 0.000535 0.000450 0.000375 0.000309 0.000251 0.000202 0.000161 0.000127 0.000099 0.000076 0.000058 0.000044 0.000033 0.000024 0.000018 0.000013 0.000009 0.000006 0.000004 0.000003 0.000002 0.000001 0.000001 0.000001 0.000000 0.000000 0.000000 0.000000 0.000000 0.000000 0.000000 0.000000 0.000000 0.000000 0.000000 
0.000000 0.000000 0.000000 0.000000 0.000000 0.000000 0.000000 0.000000 0.000000 0.000000 0.000000 0.000001 0.000001 0.000002 0.000002 0.000003 0.000005 0.000007 0.000011 0.000015 0.000021 0.000029 0.000040 0.000054 0.000072 0.000096 0.000125 0.000163 0.000209 0.000265 0.000333 0.000414 0.000508 0.000617 0.000741 0.000881 0.001035 0.001202 0.001382 0.001570 0.001765 0.001962 0.002156 0.002344 0.002520 0.002679 0.002817 0.002929 0.003012 0.003063 0.003080 0.003063 0.003012 0.002929 0.002817 0.002679 0.002520 0.002344 0.002156 0.001962 0.001765 0.001570 0.001382 0.001202 0.001035 0.000881 0.000741 0.000617 0.000508 0.000414 0.000333 0.000265 0.000209 0.000163 0.000125 0.000096 0.000072 0.000054 0.000040 0.000029 0.000021 0.000015 0.000011 0.000007 0.000005 0.000003 0.000002 0.000002 0.000001 0.000001 0.000000 0.000000 0.000000 0.000000 0.000000 0.000000 0.000000 0.000000 0.000000 0.000000 
0.000000 0.000000 0.000000 0.000000 0.000000 0.000000 0.000000 0.000000 0.000000 0.000000 0.000001 0.000001 0.000002 0.000003 0.000004 0.000006 0.000008 0.000012 0.000017 0.000024 0.000034 0.000047 0.000064 0.000087 0.000117 0.000155 0.000203 0.000264 0.000339 0.000430 0.000539 0.000670 0.000822 0.000999 0.001200 0.001425 0.001674 0.001945 0.002235 0.002540 0.002854 0.003172 0.003487 0.003790 0.004074 0.004332 0.004554 0.004735 0.004868 0.004950 0.004978 0.004950 0.004868 0.004735 0.004554 0.004332 0.004074 0.003790 0.003487 0.003172 0.002854 0.002540 0.002235 0.001945 0.001674 0.001425 0.001200 0.000999 0.000822 0.000670 0.000539 0.000430 0.000339 0.000264 0.000203 0.000155 0.000117 0.000087 0.000064 0.000047 0.000034 0.000024 0.000017 0.000012 0.000008 0.000006 0.000004 0.000003 0.000002 0.000001 0.000001 0.000000 0.000000 0.000000 0.000000 0.000000 0.000000 0.000000 0.000000 0.000000 
0.000000 0.000000 0.000000 0.000000 0.000000 0.000000 0.000000 0.000000 0.000000 0.000001 0.000001 0.000002 0.000003 0.000004 0.000006 0.000009 0.000013 0.000019 0.000027 0.000039 0.000054 0.000075 0.000103 0.000140 0.000187 0.000248 0.000326 0.000422 0.000542 0.000688 0.000863 0.001071 0.001315 0.001597 0.001918 0.002277 0.002675 0.003108 0.003570 0.004057 0.004559 0.005066 0.005568 0.006052 0.006505 0.006915 0.007270 0.007558 0.007771 0.007902 0.007946 0.007902 0.007771 0.007558 0.007270 0.006915 0.006505 0.006052 0.005568 0.005066 0.004559 0.004057 0.003570 0.003108 0.002675 0.002277 0.001918 0.001597 0.001315 0.001071 0.000863 0.000688 0.000542 0.000422 0.000326 0.000248 0.000187 0.000140 0.000103 0.000075 0.000054 0.000039 0.000027 0.000019 0.000013 0.000009 0.000006 0.000004 0.000003 0.000002 0.000001 0.000001 0.000000 0.000000 0.000000 0.000000 0.000000 0.000000 0.000000 0.000000 
0.000000 0.000000 0.000000 0.000000 0.000000 0.000000 0.000000 0.000000 0.000001 0.000001 0.000002 0.000003 0.000004 0.000007 0.000010 0.000014 0.000021 0.000030 0.000044 0.000062 0.000086 0.000119 0.000163 0.000221 0.000297 0.000393 0.000516 0.000669 0.000858 0.001088 0.001365 0.001694 0.002080 0.002525 0.003031 0.003599 0.004227 0.004910 0.005640 0.006408 0.007200 0.008001 0.008792 0.009556 0.010271 0.010918 0.011477 0.011932 0.012268 0.012474 0.012544 0.012474 0.012268 0.011932 0.011477 0.010918 0.010271 0.009556 0.008792 0.008001 0.007200 0.006408 0.005640 0.004910 0.004227 0.003599 0.003031 0.002525 0.002080 0.001694 0.001365 0.001088 0.000858 0.000669 0.000516 0.000393 0.000297 0.000221 0.000163 0.000119 0.000086 0.000062 0.000044 0.000030 0.000021 0.000014 0.000010 0.000007 0.000004 0.000003 0.000002 0.000001 0.000001 0.000000 0.000000 0.000000 0.000000 0.000000 0.000000 0.000000 
0.000000 0.000000 0.000000 0.000000 0.000000 0.000000 0.000000 0.000001 0.000001 0.000002 0.000003 0.000004 0.000007 0.000010 0.000015 0.000023 0.000033 0.000048 0.000068 0.000097 0.000135 0.000187 0.000256 0.000347 0.000465 0.000616 0.000808 0.001047 0.001343 0.001703 0.002137 0.002651 0.003253 0.003949 0.004740 0.005628 0.006609 0.007675 0.008816 0.010014 0.011251 0.012500 0.013736 0.014928 0.016044 0.017053 0.017926 0.018636 0.019160 0.019482 0.019590 0.019482 0.019160 0.018636 0.017926 0.017053 0.016044 0.014928 0.013736 0.012500 0.011251 0.010014 0.008816 0.007675 0.006609 0.005628 0.004740 0.003949 0.003253 0.002651 0.002137 0.001703 0.001343 0.001047 0.000808 0.000616 0.000465 0.000347 0.000256 0.000187 0.000135 0.000097 0.000068 0.000048 0.000033 0.000023 0.000015 0.000010 0.000007 0.000004 0.000003 0.000002 0.000001 0.000001 0.000000 0.000000 0.000000 0.000000 0.000000 0.000000 
0.000000 0.000000 0.000000 0.000000 0.000000 0.000000 0.000001 0.000001 0.000002 0.000003 0.000005 0.000007 0.000011 0.000016 0.000024 0.000035 0.000051 0.000074 0.000106 0.000150 0.000210 0.000291 0.000398 0.000538 0.000721 0.000955 0.001252 0.001623 0.002080 0.002638 0.003309 0.004104 0.005036 0.006111 0.007335 0.008707 0.010223 0.011871 0.013633 0.015485 0.017395 0.019326 0.021234 0.023074 0.024798 0.026357 0.027705 0.028801 0.029610 0.030106 0.030274 0.030106 0.029610 0.028801 0.027705 0.026357 0.024798 0.023074 0.021234 0.019326 0.017395 0.015485 0.013633 0.011871 0.010223 0.008707 0.007335 0.006111 0.005036 0.004104 0.003309 0.002638 0.002080 0.001623 0.001252 0.000955 0.000721 0.000538 0.000398 0.000291 0.000210 0.000150 0.000106 0.000074 0.000051 0.000035 0.000024 0.000016 0.000011 0.000007 0.000005 0.000003 0.000002 0.000001 0.000001 0.000000 0.000000 0.000000 0.000000 0.000000 
0.000000 0.000000 0.000000 0.000000 0.000000 0.000001 0.000001 0.000002 0.000003 0.000004 0.000007 0.000011 0.000016 0.000025 0.000037 0.000054 0.000079 0.000114 0.000163 0.000231 0.000323 0.000446 0.000611 0.000826 0.001107 0.001466 0.001920 0.002488 0.003189 0.004043 0.005070 0.006288 0.007713 0.009359 0.011231 0.013330 0.015648 0.018168 0.020863 0.023694 0.026613 0.029564 0.032481 0.035293 0.037927 0.040309 0.042368 0.044043 0.045280 0.046038 0.046294 0.046038 0.045280 0.044043 0.042368 0.040309 0.037927 0.035293 0.032481 0.029564 0.026613 0.023694 0.020863 0.018168 0.015648 0.013330 0.011231 0.009359 0.007713 0.006288 0.005070 0.004043 0.003189 0.002488 0.001920 0.001466 0.001107 0.000826 0.000611 0.000446 0.000323 0.000231 0.000163 0.000114 0.000079 0.000054 0.000037 0.000025 0.000016 0.000011 0.000007 0.000004 0.000003 0.000002 0.000001 0.000001 0.000000 0.000000 0.000000 0.000000 
0.000000 0.000000 0.000000 0.000000 0.000001 0.000001 0.000002 0.000003 0.000004 0.000007 0.000011 0.000016 0.000025 0.000037 0.000056 0.000082 0.000120 0.000174 0.000248 0.000351 0.000490 0.000678 0.000927 0.001255 0.001680 0.002224 0.002913 0.003775 0.004837 0.006131 0.007686 0.009531 0.011690 0.014181 0.017016 0.020193 0.023701 0.027514 0.031591 0.035873 0.040290 0.044753 0.049164 0.053417 0.057399 0.061001 0.064115 0.066647 0.068516 0.069663 0.070050 0.069663 0.068516 0.066647 0.064115 0.061001 0.057399 0.053417 0.049164 0.044753 0.040290 0.035873 0.031591 0.027514 0.023701 0.020193 0.017016 0.014181 0.011690 0.009531 0.007686 0.006131 0.004837 0.003775 0.002913 0.002224 0.001680 0.001255 0.000927 0.000678 0.000490 0.000351 0.000248 0.000174 0.000120 0.000082 0.000056 0.000037 0.000025 0.000016 0.000011 0.000007 0.000004 0.000003 0.000002 0.000001 0.000001 0.000000 0.000000 0.000000 
0.000000 0.000000 0.000000 0.000001 0.000001 0.000002 0.000003 0.000004 0.000007 0.000010 0.000016 0.000025 0.000037 0.000056 0.000084 0.000124 0.000181 0.000261 0.000373 0.000527 0.000737 0.001019 0.001394 0.001886 0.002523 0.003341 0.004374 0.005666 0.007259 0.009199 0.011530 0.014296 0.017531 0.021263 0.025509 0.030267 0.035521 0.041230 0.047333 0.053744 0.060354 0.067034 0.073636 0.080000 0.085959 0.091347 0.096007 0.099795 0.102591 0.104307 0.104885 0.104307 0.102591 0.099795 0.096007 0.091347 0.085959 0.080000 0.073636 0.067034 0.060354 0.053744 0.047333 0.041230 0.035521 0.030267 0.025509 0.021263 0.017531 0.014296 0.011530 0.009199 0.007259 0.005666 0.004374 0.003341 0.002523 0.001886 0.001394 0.001019 0.000737 0.000527 0.000373 0.000261 0.000181 0.000124 0.000084 0.000056 0.000037 0.000025 0.000016 0.000010 0.000007 0.000004 0.000003 0.000002 0.000001 0.000001 0.000000 0.000000 
0.000000 0.000000 0.000000 0.000001 0.000001 0.000002 0.000004 0.000006 0.000010 0.000015 0.000024 0.000037 0.000056 0.000084 0.000125 0.000185 0.000270 0.000389 0.000556 0.000785 0.001097 0.001516 0.002072 0.002803 0.003750 0.004964 0.006498 0.008415 0.010779 0.013657 0.017115 0.021216 0.026012 0.031545 0.037838 0.044890 0.052675 0.061134 0.070175 0.079672 0.089462 0.099354 0.109130 0.118553 0.127377 0.135354 0.142253 0.147860 0.152001 0.154541 0.155397 0.154541 0.152001 0.147860 0.142253 0.135354 0.127377 0.118553 0.109130 0.099354 0.089462 0.079672 0.070175 0.061134 0.052675 0.044890 0.037838 0.031545 0.026012 0.021216 0.017115 0.013657 0.010779 0.008415 0.006498 0.004964 0.003750 0.002803 0.002072 0.001516 0.001097 0.000785 0.000556 0.000389 0.000270 0.000185 0.000125 0.000084 0.000056 0.000037 0.000024 0.000015 0.000010 0.000006 0.000004 0.000002 0.000001 0.000001 0.000000 0.000000 
0.000000 0.000000 0.000001 0.000001 0.000002 0.000003 0.000006 0.000009 0.000014 0.000023 0.000035 0.000054 0.000082 0.000124 0.000185 0.000272 0.000397 0.000573 0.000818 0.001156 0.001614 0.002230 0.003049 0.004123 0.005515 0.007297 0.009551 0.012366 0.015837 0.020061 0.025136 0.031153 0.038190 0.046306 0.055535 0.065877 0.077291 0.089692 0.102945 0.116863 0.131211 0.145708 0.160032 0.173839 0.186766 0.198454 0.208559 0.216774 0.222839 0.226560 0.227814 0.226560 0.222839 0.216774 0.208559 0.198454 0.186766 0.173839 0.160032 0.145708 0.131211 0.116863 0.102945 0.089692 0.077291 0.065877 0.055535 0.046306 0.038190 0.031153 0.025136 0.020061 0.015837 0.012366 0.009551 0.007297 0.005515 0.004123 0.003049 0.002230 0.001614 0.001156 0.000818 0.000573 0.000397 0.000272 0.000185 0.000124 0.000082 0.000054 0.000035 0.000023 0.000014 0.000009 0.000006 0.000003 0.000002 0.000001 0.000001 0.000000 
0.000000 0.000000 0.000001 0.000002 0.000003 0.000005 0.000008 0.000013 0.000021 0.000033 0.000051 0.000079 0.000120 0.000181 0.000270 0.000397 0.000579 0.000836 0.001192 0.001683 0.002351 0.003247 0.004438 0.006000 0.008024 0.010614 0.013890 0.017979 0.023021 0.029156 0.036526 0.045262 0.055476 0.067256 0.080649 0.095654 0.112214 0.130203 0.149425 0.169610 0.190416 0.211436 0.232205 0.252222 0.270962 0.287905 0.302553 0.314460 0.323252 0.328644 0.330462 0.328644 0.323252 0.314460 0.302553 0.287905 0.270962 0.252222 0.232205 0.211436 0.190416 0.169610 0.149425 0.130203 0.112214 0.095654 0.080649 0.067256 0.055476 0.045262 0.036526 0.029156 0.023021 0.017979 0.013890 0.010614 0.008024 0.006000 0.004438 0.003247 0.002351 0.001683 0.001192 0.000836 0.000579 0.000397 0.000270 0.000181 0.000120 0.000079 0.000051 0.000033 0.000021 0.000013 0.000008 0.000005 0.000003 0.000002 0.000001 0.000000 
0.000000 0.000001 0.000001 0.000003 0.000004 0.000007 0.000012 0.000019 0.000030 0.000048 0.000074 0.000114 0.000174 0.000261 0.000389 0.000573 0.000836 0.001205 0.001719 0.002426 0.003387 0.004678 0.006391 0.008638 0.011550 0.015275 0.019985 0.025864 0.033110 0.041927 0.052515 0.065064 0.079735 0.096651 0.115881 0.137424 0.161194 0.187013 0.214600 0.243565 0.273420 0.303577 0.333373 0.362087 0.388969 0.413271 0.434281 0.451359 0.463968 0.471702 0.474309 0.471702 0.463968 0.451359 0.434281 0.413271 0.388969 0.362087 0.333373 0.303577 0.273420 0.243565 0.214600 0.187013 0.161194 0.137424 0.115881 0.096651 0.079735 0.065064 0.052515 0.041927 0.033110 0.025864 0.019985 0.015275 0.011550 0.008638 0.006391 0.004678 0.003387 0.002426 0.001719 0.001205 0.000836 0.000573 0.000389 0.000261 0.000174 0.000114 0.000074 0.000048 0.000030 0.000019 0.000012 0.000007 0.000004 0.000002 0.000001 0.000000 
0.000000 0.000001 0.000002 0.000004 0.000006 0.000011 0.000017 0.000027 0.000044 0.000068 0.000106 0.000163 0.000248 0.000373 0.000556 0.000818 0.001192 0.001719 0.002451 0.003459 0.004828 0.006666 0.009106 0.012304 0.016448 0.021749 0.028449 0.036811 0.047115 0.059650 0.074703 0.092538 0.113387 0.137422 0.164742 0.195342 0.229104 0.265771 0.304943 0.346070 0.388454 0.431266 0.473561 0.514318 0.552472 0.586963 0.616780 0.641016 0.658909 0.669884 0.673583 0.669884 0.658909 0.641016 0.616780 0.586963 0.552472 0.514318 0.473561 0.431266 0.388454 0.346070 0.304943 0.265771 0.229104 0.195342 0.164742 0.137422 0.113387 0.092538 0.074703 0.059650 0.047115 0.036811 0.028449 0.021749 0.016448 0.012304 0.009106 0.006666 0.004828 0.003459 0.002451 0.001719 0.001192 0.000818 0.000556 0.000373 0.000248 0.000163 0.000106 0.000068 0.000043 0.000027 0.000017 0.000010 0.000006 0.000003 0.000002 0.000000 
0.000000 0.000001 0.000003 0.000005 0.000009 0.000015 0.000024 0.000039 0.000062 0.000097 0.000150 0.000231 0.000351 0.000527 0.000785 0.001156 0.001683 0.002426 0.003459 0.004879 0.006808 0.009398 0.012835 0.017340 0.023174 0.030637 0.040067 0.051834 0.066331 0.083965 0.105135 0.130216 0.159530 0.193320 0.231721 0.274729 0.322173 0.373695 0.428731 0.486508 0.546046 0.606179 0.665584 0.722824 0.776405 0.824838 0.866708 0.900739 0.925864 0.941274 0.946468 0.941274 0.925864 0.900739 0.866708 0.824838 0.776405 0.722824 0.665584 0.606179 0.546046 0.486508 0.428731 0.373695 0.322173 0.274729 0.231721 0.193320 0.159530 0.130216 0.105135 0.083965 0.066331 0.051834 0.040067 0.030637 0.023174 0.017340 0.012835 0.009398 0.006808 0.004879 0.003459 0.002426 0.001683 0.001156 0.000785 0.000527 0.000351 0.000231 0.000150 0.000097 0.000062 0.000039 0.000024 0.000015 0.000009 0.000005 0.000002 0.000000 
0.000000 0.000002 0.000004 0.000007 0.000013 0.000021 0.000034 0.000054 0.000086 0.000135 0.000210 0.000323 0.000490 0.000737 0.001097 0.001614 0.002351 0.003387 0.004828 0.006808 0.009498 0.013109 0.017898 0.024175 0.032302 0.042697 0.055828 0.072210 0.092391 0.116932 0.146392 0.181287 0.222066 0.269065 0.322471 0.382276 0.448242 0.519871 0.596377 0.676686 0.759436 0.843006 0.925558 1.005096 1.079547 1.146842 1.205014 1.252295 1.287201 1.308610 1.315826 1.308610 1.287201 1.252295 1.205014 1.146842 1.079547 1.005096 0.925558 0.843006 0.759436 0.676686 0.596377 0.519871 0.448242 0.382276 0.322471 0.269065 0.222066 0.181287 0.146392 0.116932 0.092391 0.072210 0.055828 0.042697 0.032302 0.024175 0.017898 0.013109 0.009498 0.006808 0.004828 0.003387 0.002351 0.001614 0.001097 0.000737 0.000490 0.000323 0.000210 0.000135 0.000086 0.000054 0.000034 0.000021 0.000012 0.000007 0.000003 0.000000 
0.000000 0.000003 0.000006 0.000010 0.000018 0.000029 0.000047 0.000075 0.000119 0.000187 0.000291 0.000446 0.000678 0.001019 0.001516 0.002230 0.003247 0.004678 0.006666 0.009398 0.013109 0.018088 0.024692 0.033344 0.044545 0.058868 0.076959 0.099524 0.127316 0.161109 0.201667 0.249702 0.305827 0.370506 0.443991 0.526271 0.617018 0.715544 0.820769 0.931214 1.045007 1.159919 1.273423 1.382777 1.485131 1.577642 1.657611 1.722605 1.770586 1.800015 1.809933 1.800015 1.770586 1.722605 1.657611 1.577642 1.485131 1.382777 1.273423 1.159919 1.045007 0.931214 0.820769 0.715544 0.617018 0.526271 0.443991 0.370506 0.305827 0.249702 0.201667 0.161109 0.127316 0.099524 0.076959 0.058868 0.044545 0.033344 0.024692 0.018088 0.013109 0.009398 0.006666 0.004678 0.003247 0.002230 0.001516 0.001019 0.000678 0.000446 0.000291 0.000187 0.000119 0.000075 0.000047 0.000029 0.000017 0.000009 0.000004 0.000000 
0.000000 0.000003 0.000008 0.000014 0.000024 0.000040 0.000064 0.000103 0.000163 0.000256 0.000398 0.000611 0.000927 0.001394 0.002072 0.003049 0.004438 0.006391 0.009106 0.012835 0.017898 0.024692 0.033699 0.045499 0.060771 0.080297 0.104954 0.135704 0.173571 0.219607 0.274851 0.340269 0.416695 0.504757 0.604796 0.716796 0.840307 0.974391 1.117580 1.267858 1.422680 1.579012 1.733419 1.882173 2.021396 2.147226 2.255992 2.344388 2.409644 2.449668 2.463157 2.449668 2.409644 2.344388 2.255992 2.147226 2.021396 1.882173 1.733419 1.579012 1.422680 1.267858 1.117580 0.974391 0.840307 0.716796 0.604796 0.504757 0.416695 0.340269 0.274851 0.219607 0.173571 0.135704 0.104954 0.080297 0.060771 0.045499 0.033699 0.024692 0.017898 0.012835 0.009106 0.006391 0.004438 0.003049 0.002072 0.001394 0.000927 0.000611 0.000398 0.000256 0.000163 0.000103 0.000064 0.000039 0.000023 0.000013 0.000006 0.000000 
0.000000 0.000005 0.000011 0.000019 0.000033 0.000054 0.000087 0.000140 0.000221 0.000347 0.000538 0.000826 0.001255 0.001886 0.002803 0.004123 0.006000 0.008638 0.012304 0.017340 0.024175 0.033344 0.045499 0.061419 0.082020 0.108353 0.141601 0.183058 0.234102 0.296148 0.370592 0.458735 0.561697 0.680319 0.815060 0.965892 1.132210 1.312747 1.505525 1.707832 1.916238 2.126663 2.334483 2.534683 2.722047 2.891381 3.037745 3.156694 3.244504 3.298360 3.316510 3.298360 3.244504 3.156694 3.037745 2.891381 2.722047 2.534683 2.334483 2.126663 1.916238 1.707832 1.505525 1.312747 1.132210 0.965892 0.815060 0.680319 0.561697 0.458735 0.370592 0.296148 0.234102 0.183058 0.141601 0.108353 0.082020 0.061419 0.045499 0.033344 0.024175 0.017340 0.012304 0.008638 0.006000 0.004123 0.002803 0.001886 0.001255 0.000826 0.000538 0.000347 0.000221 0.000140 0.000087 0.000053 0.000032 0.000018 0.000008 0.000000 
0.000000 0.000006 0.000014 0.000026 0.000044 0.000072 0.000117 0.000187 0.000297 0.000465 0.000721 0.001107 0.001680 0.002523 0.003750 0.005515 0.008024 0.011550 0.016448 0.023174 0.032302 0.044545 0.060771 0.082020 0.109510 0.144644 0.188997 0.244293 0.312364 0.395095 0.494343 0.611839 0.749071 0.907155 1.086700 1.287666 1.509242 1.749739 2.006520 2.275971 2.553525 2.833749 3.110487 3.377063 3.626536 3.851992 4.046859 4.205223 4.322126 4.393824 4.417987 4.393824 4.322126 4.205223 4.046859 3.851992 3.626536 3.377063 3.110487 2.833749 2.553525 2.275971 2.006520 1.749739 1.509242 1.287666 1.086700 0.907155 0.749071 0.611839 0.494343 0.395095 0.312364 0.244293 0.188997 0.144644 0.109510 0.082020 0.060771 0.044545 0.032302 0.023174 0.016448 0.011550 0.008024 0.005515 0.003750 0.002523 0.001680 0.001107 0.000721 0.000465 0.000297 0.000187 0.000116 0.000071 0.000042 0.000024 0.000010 0.000000 
0.000000 0.000008 0.000019 0.000034 0.000058 0.000096 0.000155 0.000248 0.000393 0.000616 0.000955 0.001466 0.002224 0.003341 0.004964 0.007297 0.010614 0.015275 0.021749 0.030637 0.042697 0.058868 0.080297 0.108353 0.144644 0.191020 0.249553 0.322516 0.412323 0.521456 0.652359 0.807310 0.988266 1.196694 1.433390 1.698298 1.990346 2.307304 2.645693 3.000751 3.366461 3.735664 4.100254 4.451437 4.780074 5.077061 5.333745 5.542341 5.696322 5.790760 5.822587 5.790760 5.696322 5.542341 5.333745 5.077061 4.780074 4.451437 4.100254 3.735664 3.366461 3.000751 2.645693 2.307304 1.990346 1.698298 1.433390 1.196694 0.988266 0.807310 0.652359 0.521456 0.412323 0.322516 0.249553 0.191020 0.144644 0.108353 0.080297 0.058868 0.042697 0.030637 0.021749 0.015275 0.010614 0.007297 0.004964 0.003341 0.002224 0.001466 0.000955 0.000616 0.000393 0.000248 0.000154 0.000095 0.000056 0.000031 0.000014 0.000000 
0.000000 0.000011 0.000025 0.000045 0.000076 0.000125 0.000203 0.000326 0.000516 0.000808 0.001252 0.001920 0.002913 0.004374 0.006498 0.009551 0.013890 0.019985 0.028449 0.040067 0.055828 0.076959 0.104954 0.141601 0.188997 0.249553 0.325973 0.421217 0.538432 0.680852 0.851660 1.053821 1.289881 1.561750 1.870457 2.215926 2.596751 3.010023 3.451202 3.914078 4.390808 4.872063 5.347275 5.804991 6.233302 6.620350 6.954863 7.226700 7.427360 7.550425 7.591899 7.550425 7.427360 7.226700 6.954863 6.620350 6.233302 5.804991 5.347275 4.872063 4.390808 3.914078 3.451202 3.010023 2.596751 2.215926 1.870457 1.561750 1.289881 1.053821 0.851660 0.680852 0.538432 0.421217 0.325973 0.249553 0.188997 0.141601 0.104954 0.076959 0.055828 0.040067 0.028449 0.019985 0.013890 0.009551 0.006498 0.004374 0.002913 0.001920 0.001252 0.000808 0.000515 0.000325 0.000203 0.000124 0.000074 0.000041 0.000018 0.000000 
0.000000 0.000014 0.000032 0.000058 0.000099 0.000163 0.000264 0.000422 0.000669 0.001047 0.001623 0.002488 0.003775 0.005666 0.008415 0.012366 0.017979 0.025864 0.036811 0.051834 0.072210 0.099524 0.135704 0.183058 0.244293 0.322516 0.421217 0.544213 0.695562 0.879431 1.099921 1.360852 1.665504 2.016331 2.414655 2.860369 3.351654 3.884751 4.453805 5.050800 5.665623 6.286243 6.899039 7.489243 8.041509 8.540551 8.971844 9.322320 9.581023 9.739684 9.793154 9.739684 9.581023 9.322320 8.971844 8.540551 8.041509 7.489243 6.899039 6.286243 5.665623 5.050800 4.453805 3.884751 3.351654 2.860369 2.414655 2.016331 1.665504 1.360852 1.099921 0.879431 0.695562 0.544213 0.421217 0.322516 0.244293 0.183058 0.135704 0.099524 0.072210 0.051834 0.036811 0.025864 0.017979 0.012366 0.008415 0.005666 0.003774 0.002488 0.001623 0.001047 0.000668 0.000422 0.000263 0.000161 0.000096 0.000053 0.000024 0.000000 
0.000000 0.000018 0.000041 0.000075 0.000127 0.000209 0.000339 0.000542 0.000858 0.001343 0.002080 0.003189 0.004837 0.007259 0.010779 0.015837 0.023021 0.033110 0.047115 0.066331 0.092391 0.127316 0.173571 0.234102 0.312364 0.412323 0.538432 0.695562 0.888887 1.123722 1.405295 1.738474 2.127437 2.575306 3.083762 3.652658 4.279666 4.959982 5.686129 6.447880 7.232327 8.024126 8.805901 9.558822 10.263315 10.899892 11.450032 11.897075 12.227054 12.429425 12.497625 12.429425 12.227054 11.897075 11.450032 10.899892 10.263315 9.558822 8.805901 8.024126 7.232327 6.447880 5.686129 4.959982 4.279666 3.652658 3.083762 2.575306 2.127437 1.738474 1.405295 1.123722 0.888887 0.695562 0.538432 0.412323 0.312364 0.234102 0.173571 0.127316 0.092391 0.066331 0.047115 0.033110 0.023021 0.015837 0.010779 0.007259 0.004837 0.003189 0.002080 0.001343 0.000857 0.000541 0.000337 0.000207 0.000123 0.000068 0.000030 0.000000 
0.000000 0.000023 0.000052 0.000095 0.000161 0.000265 0.000430 0.000688 0.001088 0.001703 0.002638 0.004043 0.006131 0.009199 0.013657 0.020061 0.029156 0.041927 0.059650 0.083965 0.116932 0.161109 0.219607 0.296148 0.395095 0.521456 0.680852 0.879431 1.123722 1.420429 1.776148 2.197017 2.688299 3.253928 3.896014 4.614361 5.406020 6.264920 7.181617 8.143195 9.133365 10.132759 11.119452 12.069685 12.958765 13.762108 14.456351 15.020479 15.436876 15.692243 15.778302 15.692243 15.436876 15.020479 14.456351 13.762108 12.958765 12.069685 11.119452 10.132759 9.133365 8.143195 7.181617 6.264920 5.406020 4.614361 3.896014 3.253928 2.688299 2.197017 1.776148 1.420429 1.123722 0.879431 0.680852 0.521456 0.395095 0.296148 0.219607 0.161109 0.116932 0.083965 0.059650 0.041927 0.029156 0.020061 0.013657 0.009199 0.006131 0.004043 0.002638 0.001703 0.001088 0.000687 0.000428 0.000263 0.000156 0.000087 0.000039 0.000000 
0.000000 0.000029 0.000066 0.000119 0.000202 0.000333 0.000539 0.000863 0.001365 0.002137 0.003309 0.005070 0.007686 0.011530 0.017115 0.025136 0.036526 0.052515 0.074703 0.105135 0.146392 0.201667 0.274851 0.370592 0.494343 0.652359 0.851660 1.099921 1.405295 1.776148 2.220712 2.746641 3.360500 4.067189 4.869330 5.766667 6.755505 7.828254 8.973110 10.173944 11.410410 12.658330 13.890334 15.076761 16.186795 17.189752 18.056477 18.760746 19.280576 19.599373 19.706808 19.599373 19.280576 18.760746 18.056477 17.189752 16.186795 15.076761 13.890334 12.658330 11.410410 10.173944 8.973110 7.828254 6.755505 5.766667 4.869330 4.067189 3.360500 2.746641 2.220712 1.776148 1.405295 1.099921 0.851660 0.652359 0.494343 0.370592 0.274851 0.201667 0.146392 0.105135 0.074703 0.052515 0.036526 0.025136 0.017115 0.011530 0.007686 0.005070 0.003308 0.002136 0.001365 0.000862 0.000538 0.000330 0.000196 0.000109 0.000049 0.000000 
0.000000 0.000036 0.000082 0.000148 0.000251 0.000414 0.000670 0.001071 0.001694 0.002651 0.004104 0.006288 0.009531 0.014296 0.021216 0.031153 0.045262 0.065064 0.092538 0.130216 0.181287 0.249702 0.340269 0.458735 0.611839 0.807310 1.053821 1.360852 1.738474 2.197017 2.746641 3.396794 4.155575 5.029022 6.020361 7.129261 8.351144 9.676620 11.091099 12.574650 14.102138 15.643699 17.165529 18.631003 20.002068 21.240838 22.311320 23.181136 23.823149 24.216873 24.349558 24.216873 23.823149 23.181136 22.311320 21.240838 20.002068 18.631003 17.165529 15.643699 14.102138 12.574650 11.091099 9.676620 8.351144 7.129261 6.020361 5.029022 4.155575 3.396794 2.746641 2.197017 1.738474 1.360852 1.053821 0.807310 0.611839 0.458735 0.340269 0.249702 0.181287 0.130216 0.092538 0.065064 0.045262 0.031153 0.021216 0.014296 0.009531 0.006288 0.004104 0.002651 0.001694 0.001070 0.000667 0.000409 0.000244 0.000136 0.000060 0.000000 
0.000000 0.000045 0.000101 0.000182 0.000309 0.000508 0.000822 0.001315 0.002080 0.003253 0.005036 0.007713 0.011690 0.017531 0.026012 0.038190 0.055476 0.079735 0.113387 0.159530 0.222066 0.305827 0.416695 0.561697 0.749071 0.988266 1.289881 1.665504 2.127437 2.688299 3.360500 4.155575 5.083408 6.151362 7.363364 8.718992 10.212635 11.832804 13.561657 15.374829 17.241605 19.125489 20.985181 22.775937 24.451272 25.964911 27.272890 28.335661 29.120085 29.601140 29.763254 29.601140 29.120085 28.335661 27.272890 25.964911 24.451272 22.775937 20.985181 19.125489 17.241605 15.374829 13.561657 11.832804 10.212635 8.718992 7.363364 6.151362 5.083408 4.155575 3.360500 2.688299 2.127437 1.665504 1.289881 0.988266 0.749071 0.561697 0.416695 0.305827 0.222066 0.159530 0.113387 0.079735 0.055476 0.038190 0.026012 0.017531 0.011690 0.007713 0.005036 0.003253 0.002079 0.001313 0.000819 0.000503 0.000299 0.000167 0.000074 0.000000 
0.000000 0.000054 0.000122 0.000221 0.000375 0.000617 0.000999 0.001597 0.002525 0.003949 0.006111 0.009359 0.014181 0.021263 0.031545 0.046306 0.067256 0.096651 0.137422 0.193320 0.269065 0.370506 0.504757 0.680319 0.907155 1.196694 1.561750 2.016331 2.575306 3.253928 4.067189 5.029022 6.151362 7.443094 8.908945 10.548387 12.354616 14.313727 16.404138 18.596382 20.853326 23.130851 25.379038 27.543810 29.568991 31.398661 32.979695 34.264309 35.212460 35.793918 35.989866 35.793918 35.212460 34.264309 32.979695 31.398661 29.568991 27.543810 25.379038 23.130851 20.853326 18.596382 16.404138 14.313727 12.354616 10.548387 8.908945 7.443094 6.151362 5.029022 4.067189 3.253928 2.575306 2.016331 1.561750 1.196694 0.907155 0.680319 0.504757 0.370506 0.269065 0.193320 0.137422 0.096651 0.067256 0.046306 0.031545 0.021263 0.014181 0.009359 0.006111 0.003948 0.002523 0.001595 0.000995 0.000611 0.000364 0.000202 0.000090 0.000000 
0.000000 0.000065 0.000147 0.000266 0.000450 0.000741 0.001200 0.001918 0.003031 0.004740 0.007335 0.011231 0.017016 0.025509 0.037838 0.055535 0.080649 0.115881 0.164742 0.231721 0.322471 0.443991 0.604796 0.815060 1.086700 1.433390 1.870457 2.414655 3.083762 3.896014 4.869330 6.020361 7.363364 8.908945 10.662738 12.624086 14.784834 17.128331 19.628752 22.250847 24.950201 27.674055 30.362719 32.951538 35.373350 37.561304 39.451893 40.988001 42.121760 42.817037 43.051340 42.817037 42.121760 40.988001 39.451893 37.561304 35.373350 32.951538 30.362719 27.674055 24.950201 22.250847 19.628752 17.128331 14.784834 12.624086 10.662738 8.908945 7.363364 6.020361 4.869330 3.896014 3.083762 2.414655 1.870457 1.433390 1.086700 0.815060 0.604796 0.443991 0.322471 0.231721 0.164742 0.115881 0.080649 0.055535 0.037838 0.025508 0.017015 0.011231 0.007335 0.004740 0.003030 0.001915 0.001195 0.000733 0.000437 0.000243 0.000108 0.000000 
0.000000 0.000077 0.000175 0.000316 0.000535 0.000881 0.001425 0.002277 0.003599 0.005628 0.008707 0.013330 0.020193 0.030267 0.044890 0.065877 0.095654 0.137424 0.195342 0.274729 0.382276 0.526271 0.716796 0.965892 1.287666 1.698298 2.215926 2.860369 3.652658 4.614361 5.766667 7.129261 8.718992 10.548387 12.624086 14.945290 17.502325 20.275472 23.234159 26.336672 29.530459 32.753105 35.934003 38.996679 41.861698 44.450001 46.686483 48.503600 49.844749 50.667200 50.944360 50.667200 49.844749 48.503600 46.686483 44.450001 41.861698 38.996679 35.934003 32.753105 29.530459 26.336672 23.234159 20.275472 17.502325 14.945290 12.624086 10.548387 8.718992 7.129261 5.766667 4.614361 3.652658 2.860369 2.215926 1.698298 1.287666 0.965892 0.716796 0.526271 0.382276 0.274729 0.195342 0.137424 0.095654 0.065877 0.044890 0.030267 0.020193 0.013330 0.008707 0.005627 0.003598 0.002275 0.001420 0.000871 0.000519 0.000289 0.000129 0.000000 
0.000000 0.000091 0.000205 0.000372 0.000629 0.001035 0.001674 0.002675 0.004227 0.006609 0.010223 0.015648 0.023701 0.035521 0.052675 0.077291 0.112214 0.161194 0.229104 0.322173 0.448242 0.617018 0.840307 1.132210 1.509242 1.990346 2.596751 3.351654 4.279666 5.406020 6.755505 8.351144 10.212635 12.354616 14.784834 17.502325 20.495744 23.741985 27.205252 30.836711 34.574851 38.346630 42.069420 45.653742 49.006653 52.035658 54.652889 56.779329 58.348761 59.311197 59.635530 59.311197 58.348761 56.779329 54.652889 52.035658 49.006653 45.653742 42.069420 38.346630 34.574851 30.836711 27.205252 23.741985 20.495744 17.502325 14.784834 12.354616 10.212635 8.351144 6.755505 5.406020 4.279666 3.351654 2.596751 1.990346 1.509242 1.132210 0.840307 0.617018 0.448242 0.322173 0.229104 0.161194 0.112214 0.077291 0.052675 0.035521 0.023701 0.015648 0.010223 0.006608 0.004225 0.002672 0.001668 0.001024 0.000610 0.000340 0.000151 0.000000 
0.000000 0.000106 0.000239 0.000432 0.000731 0.001202 0.001945 0.003108 0.004910 0.007675 0.011871 0.018168 0.027514 0.041230 0.061134 0.089692 0.130203 0.187013 0.265771 0.373695 0.519871 0.715544 0.974391 1.312747 1.749739 2.307304 3.010023 3.884751 4.959982 6.264920 7.828254 9.676620 11.832804 14.313727 17.128331 20.275472 23.741985 27.501096 31.511339 35.716162 40.044345 44.411324 48.721450 52.871146 56.752835 60.259461 63.289333 65.750999 67.567828 68.681970 69.057425 68.681970 67.567828 65.750999 63.289333 60.259461 56.752835 52.871146 48.721450 44.411324 40.044345 35.716162 31.511339 27.501096 23.741985 20.275472 17.128331 14.313727 11.832804 9.676620 7.828254 6.264920 4.959982 3.884751 3.010023 2.307304 1.749739 1.312747 0.974391 0.715544 0.519871 0.373695 0.265771 0.187013 0.130202 0.089692 0.061134 0.041230 0.027514 0.018168 0.011870 0.007674 0.004908 0.003104 0.001938 0.001190 0.000709 0.000395 0.000176 0.000000 
0.000000 0.000122 0.000274 0.000497 0.000840 0.001382 0.002235 0.003570 0.005640 0.008816 0.013633 0.020863 0.031591 0.047333 0.070175 0.102945 0.149425 0.214600 0.304943 0.428731 0.596377 0.820769 1.117580 1.505525 2.006520 2.645693 3.451202 4.453805 5.686129 7.181617 8.973110 11.091099 13.561657 16.404138 19.628752 23.234159 27.205252 31.511339 36.104907 40.921173 45.878562 50.880226 55.816630 60.569171 65.014671 69.030553 72.500387 75.319471 77.400071 78.675959 79.105919 78.675959 77.400071 75.319471 72.500387 69.030553 65.014671 60.569171 55.816630 50.880226 45.878562 40.921173 36.104907 31.511339 27.205252 23.234159 19.628752 16.404138 13.561657 11.091099 8.973110 7.181617 5.686129 4.453805 3.451202 2.645693 2.006520 1.505525 1.117580 0.820769 0.596377 0.428731 0.304943 0.214600 0.149425 0.102945 0.070175 0.047333 0.031591 0.020862 0.013633 0.008814 0.005638 0.003566 0.002227 0.001367 0.000815 0.000454 0.000202 0.000000 
0.000000 0.000138 0.000312 0.000564 0.000955 0.001570 0.002540 0.004057 0.006408 0.010014 0.015485 0.023694 0.035873 0.053744 0.079672 0.116863 0.169610 0.243565 0.346070 0.486508 0.676686 0.931214 1.267858 1.707832 2.275971 3.000751 3.914078 5.050800 6.447880 8.143195 10.173944 12.574650 15.374829 18.596382 22.250847 26.336672 30.836711 35.716162 40.921173 46.378331 51.995208 57.662082 63.254869 68.639216 73.675599 78.225180 82.156087 85.349733 87.706754 89.152144 89.639223 89.152144 87.706754 85.349733 82.156087 78.225180 73.675599 68.639216 63.254869 57.662082 51.995208 46.378331 40.921173 35.716162 30.836711 26.336672 22.250847 18.596382 15.374829 12.574650 10.173944 8.143195 6.447880 5.050800 3.914078 3.000751 2.275971 1.707832 1.267858 0.931214 0.676686 0.486508 0.346070 0.243565 0.169610 0.116863 0.079671 0.053744 0.035873 0.023693 0.015484 0.010013 0.006405 0.004052 0.002530 0.001554 0.000927 0.000516 0.000230 0.000000 
0.000000 0.000155 0.000351 0.000635 0.001073 0.001765 0.002854 0.004559 0.007200 0.011251 0.017395 0.026613 0.040290 0.060354 0.089462 0.131211 0.190416 0.273420 0.388454 0.546046 0.759436 1.045007 1.422680 1.916238 2.553525 3.366461 4.390808 5.665623 7.232327 9.133365 11.410410 14.102138 17.241605 20.853326 24.950201 29.530459 34.574851 40.044345 45.878562 51.995208 58.290688 64.642033 70.910189 76.944605 82.588939 87.687626 92.092908 95.671920 98.313333 99.933111 100.478954 99.933111 98.313333 95.671920 92.092908 87.687626 82.588939 76.944605 70.910189 64.642033 58.290688 51.995208 45.878562 40.044345 34.574851 29.530459 24.950201 20.853326 17.241605 14.102138 11.410410 9.133365 7.232327 5.665623 4.390808 3.366461 2.553525 1.916238 1.422680 1.045007 0.759436 0.546046 0.388454 0.273420 0.190416 0.131211 0.089462 0.060354 0.040289 0.026613 0.017394 0.011249 0.007197 0.004553 0.002844 0.001747 0.001042 0.000580 0.000258 0.000000 
0.000000 0.000173 0.000390 0.000705 0.001193 0.001962 0.003172 0.005066 0.008001 0.012500 0.019326 0.029564 0.044753 0.067034 0.099354 0.145708 0.211436 0.303577 0.431266 0.606179 0.843006 1.159919 1.579012 2.126663 2.833749 3.735664 4.872063 6.286243 8.024126 10.132759 12.658330 15.643699 19.125489 23.130851 27.674055 32.753105 38.346630 44.411324 50.880226 57.662082 64.642033 71.683750 78.633084 85.323144 91.580634 97.233117 102.116822 106.084483 109.012709 110.808358 111.413467 110.808358 109.012709 106.084483 102.116822 97.233117 91.580634 85.323144 78.633084 71.683750 64.642033 57.662082 50.880226 44.411324 38.346630 32.753105 27.674055 23.130851 19.125489 15.643699 12.658330 10.132759 8.024126 6.286243 4.872063 3.735664 2.833749 2.126663 1.579012 1.159919 0.843006 0.606179 0.431266 0.303577 0.211436 0.145708 0.099354 0.067034 0.044752 0.029563 0.019324 0.012498 0.007997 0.005059 0.003161 0.001941 0.001158 0.000645 0.000287 0.000000 
0.000000 0.000190 0.000429 0.000776 0.001312 0.002156 0.003487 0.005568 0.008792 0.013736 0.021234 0.032481 0.049164 0.073636 0.109130 0.160032 0.232205 0.333373 0.473561 0.665584 0.925558 1.273423 1.733419 2.334483 3.110487 4.100254 5.347275 6.899039 8.805901 11.119452 13.890334 17.165529 20.985181 25.379038 30.362719 35.934003 42.069420 48.721450 55.816630 63.254869 70.910189 78.633084 86.254508 93.591455 100.453898 106.652764 112.008481 116.359580 119.570771 121.539931 122.203509 121.539931 119.570771 116.359580 112.008481 106.652764 100.453898 93.591455 86.254508 78.633084 70.910189 63.254869 55.816630 48.721450 42.069420 35.934003 30.362719 25.379038 20.985181 17.165529 13.890334 11.119452 8.805901 6.899039 5.347275 4.100254 3.110487 2.334483 1.733419 1.273423 0.925558 0.665584 0.473561 0.333373 0.232205 0.160032 0.109130 0.073636 0.049164 0.032480 0.021233 0.013734 0.008788 0.005561 0.003474 0.002134 0.001273 0.000709 0.000316 0.000000 
