0.000000 0.000000 0.000000 0.000000 0.000000 0.000000 0.000000 0.000000 0.000000 0.000000 0.000000 0.000000 0.000000 0.000000 0.000000 0.000000 0.000000 0.000000 0.000000 0.000000 0.000000 0.000000 0.000000 0.000000 0.000000 0.000000 0.000000 0.000000 0.000000 0.000000 0.000000 0.000000 0.000000 0.000000 0.000000 0.000000 0.000000 0.000000 0.000000 0.000000 0.000000 0.000000 0.000000 0.000000 0.000000 0.000000 0.000000 0.000000 0.000000 0.000000 0.000000 0.000000 0.000000 0.000000 0.000000 0.000000 0.000000 0.000000 0.000000 0.000000 0.000000 0.000000 0.000000 0.000000 0.000000 0.000000 0.000000 0.000000 0.000000 0.000000 0.000000 0.000000 0.000000 0.000000 0.000000 0.000000 0.000000 0.000000 0.000000 0.000000 0.000000 0.000000 0.000000 0.000000 0.000000 0.000000 0.000000 0.000000 0.000000 0.000000 0.000000 0.000000 0.000000 0.000000 0.000000 0.000000 0.000000 0.000000 0.000000 0.000000 
0.000000 0.000000 0.000000 0.000000 0.000000 0.000000 0.000000 0.000000 0.000000 0.000000 0.000000 0.000000 0.000001 0.000001 0.000001 0.000002 0.000003 0.000004 0.000005 0.000007 0.000009 0.000012 0.000016 0.000022 0.000028 0.000036 0.000046 0.000059 0.000073 0.000091 0.000112 0.000136 0.000163 0.000194 0.000229 0.000267 0.000309 0.000354 0.000401 0.000450 0.000500 0.000549 0.000598 0.000645 0.000688 0.000727 0.000760 0.000787 0.000807 0.000820 0.000824 0.000820 0.000807 0.000787 0.000760 0.000727 0.000688 0.000645 0.000598 0.000549 0.000500 0.000450 0.000401 0.000354 0.000309 0.000267 0.000229 0.000194 0.000163 0.000136 0.000112 0.000091 0.000073 0.000059 0.000046 0.000036 0.000028 0.000022 0.000016 0.000012 0.000009 0.000007 0.000005 0.000004 0.000003 0.000002 0.000001 0.000001 0.000001 0.000000 0.000000 0.000000 0.000000 0.000000 0.000000 0.000000 0.000000 0.000000 0.000000 0.000000 
0.000000 0.000000 0.000000 0.000000 0.000000 0.000000 0.000000 0.000000 0.000000 0.000000 0.000001 0.000001 0.000001 0.000002 0.000003 0.000004 0.000006 0.000008 0.000011 0.000015 0.000020 0.000027 0.000036 0.000048 0.000062 0.000080 0.000102 0.000130 0.000162 0.000201 0.000246 0.000299 0.000360 0.000429 0.000506 0.000590 0.000682 0.000781 0.000885 0.000992 0.001102 0.001212 0.001319 0.001422 0.001518 0.001603 0.001677 0.001737 0.001781 0.001808 0.001817 0.001808 0.001781 0.001737 0.001677 0.001603 0.001518 0.001422 0.001319 0.001212 0.001102 0.000992 0.000885 0.000781 0.000682 0.000590 0.000506 0.000429 0.000360 0.000299 0.000246 0.000201 0.000162 0.000130 0.000102 0.000080 0.000062 0.000048 0.000036 0.000027 0.000020 0.000015 0.000011 0.000008 0.000006 0.000004 0.000003 0.000002 0.000001 0.000001 0.000001 0.000000 0.000000 0.000000 0.000000 0.000000 0.000000 0.000000 0.000000 0.000000 
0.000000 0.000000 0.000000 0.000000 0.000000 0.000000 0.000000 0.000000 0.000000 0.000001 0.000001 0.000002 0.000002 0.000003 0.000005 0.000007 0.000010 0.000014 0.000019 0.000026 0.000036 0.000048 0.000064 0.000084 0.000109 0.000141 0.000179 0.000227 0.000284 0.000352 0.000431 0.000524 0.000630 0.000750 0.000885 0.001033 0.001194 0.001366 0.001547 0.001736 0.001928 0.002120 0.002308 0.002487 0.002654 0.002804 0.002933 0.003038 0.003114 0.003161 0.003177 0.003161 0.003114 0.003038 0.002933 0.002804 0.002654 0.002487 0.002308 0.002120 0.001928 0.001736 0.001547 0.001366 0.001194 0.001033 0.000885 0.000750 0.000630 0.000524 0.000431 0.000352 0.000284 0.000227 0.000179 0.000141 0.000109 0.000084 0.000064 0.000048 0.000036 0.000026 0.000019 0.000014 0.000010 0.000007 0.000005 0.000003 0.000002 0.000002 0.000001 0.000001 0.000000 0.000000 0.000000 0.000000 0.000000 0.000000 0.000000 0.000000 
0.000000 0.000000 0.000000 0.000000 0.000000 0.000000 0.000000 0.000001 0.000001 0.000001 0.000002 0.000003 0.000004 0.000006 0.000008 0.000012 0.000016 0.000023 0.000032 0.000043 0.000058 0.000078 0.000104 0.000136 0.000178 0.000229 0.000292 0.000369 0.000462 0.000572 0.000702 0.000852 0.001025 0.001220 0.001438 0.001679 0.001940 0.002220 0.002515 0.002820 0.003132 0.003444 0.003749 0.004040 0.004311 0.004555 0.004764 0.004934 0.005059 0.005135 0.005161 0.005135 0.005059 0.004934 0.004764 0.004555 0.004311 0.004040 0.003749 0.003444 0.003132 0.002820 0.002515 0.002220 0.001940 0.001679 0.001438 0.001220 0.001025 0.000852 0.000702 0.000572 0.000462 0.000369 0.000292 0.000229 0.000178 0.000136 0.000104 0.000078 0.000058 0.000043 0.000032 0.000023 0.000016 0.000012 0.000008 0.000006 0.000004 0.000003 0.000002 0.000001 0.000001 0.000001 0.000000 0.000000 0.000000 0.000000 0.000000 0.000000 
0.000000 0.000000 0.000000 0.000000 0.000000 0.000000 0.000001 0.000001 0.000001 0.000002 0.000003 0.000004 0.000006 0.000009 0.000013 0.000018 0.000026 0.000036 0.000050 0.000068 0.000092 0.000123 0.000164 0.000215 0.000280 0.000361 0.000461 0.000582 0.000728 0.000901 0.001106 0.001343 0.001614 0.001922 0.002265 0.002643 0.003055 0.003495 0.003959 0.004440 0.004930 0.005420 0.005900 0.006358 0.006784 0.007167 0.007497 0.007763 0.007959 0.008079 0.008120 0.008079 0.007959 0.007763 0.007497 0.007167 0.006784 0.006358 0.005900 0.005420 0.004930 0.004440 0.003959 0.003495 0.003055 0.002643 0.002265 0.001922 0.001614 0.001343 0.001106 0.000901 0.000728 0.000582 0.000461 0.000361 0.000280 0.000215 0.000164 0.000123 0.000092 0.000068 0.000050 0.000036 0.000026 0.000018 0.000013 0.000009 0.000006 0.000004 0.000003 0.000002 0.000001 0.000001 0.000001 0.000000 0.000000 0.000000 0.000000 0.000000 
0.000000 0.000000 0.000000 0.000000 0.000000 0.000001 0.000001 0.000001 0.000002 0.000003 0.000004 0.000007 0.000010 0.000014 0.000020 0.000029 0.000040 0.000056 0.000077 0.000106 0.000143 0.000191 0.000254 0.000334 0.000434 0.000559 0.000714 0.000901 0.001127 0.001396 0.001712 0.002078 0.002498 0.002974 0.003505 0.004090 0.004725 0.005406 0.006123 0.006866 0.007624 0.008381 0.009122 0.009831 0.010489 0.011080 0.011589 0.012001 0.012304 0.012489 0.012552 0.012489 0.012304 0.012001 0.011589 0.011080 0.010489 0.009831 0.009122 0.008381 0.007624 0.006866 0.006123 0.005406 0.004725 0.004090 0.003505 0.002974 0.002498 0.002078 0.001712 0.001396 0.001127 0.000901 0.000714 0.000559 0.000434 0.000334 0.000254 0.000191 0.000143 0.000106 0.000077 0.000056 0.000040 0.000029 0.000020 0.000014 0.000010 0.000007 0.000004 0.000003 0.000002 0.000001 0.000001 0.000001 0.000000 0.000000 0.000000 0.000000 
0.000000 0.000000 0.000000 0.000000 0.000001 0.000001 0.000001 0.000002 0.000003 0.000005 0.000007 0.000010 0.000015 0.000021 0.000031 0.000044 0.000062 0.000086 0.000118 0.000162 0.000219 0.000293 0.000389 0.000511 0.000665 0.000856 0.001092 0.001379 0.001724 0.002135 0.002617 0.003177 0.003819 0.004545 0.005355 0.006249 0.007219 0.008257 0.009352 0.010486 0.011642 0.012798 0.013929 0.015009 0.016014 0.016916 0.017692 0.018320 0.018782 0.019065 0.019160 0.019065 0.018782 0.018320 0.017692 0.016916 0.016014 0.015009 0.013929 0.012798 0.011642 0.010486 0.009352 0.008257 0.007219 0.006249 0.005355 0.004545 0.003819 0.003177 0.002617 0.002135 0.001724 0.001379 0.001092 0.000856 0.000665 0.000511 0.000389 0.000293 0.000219 0.000162 0.000118 0.000086 0.000062 0.000044 0.000031 0.000021 0.000015 0.000010 0.000007 0.000005 0.000003 0.000002 0.000001 0.000001 0.000001 0.000000 0.000000 0.000000 
0.000000 0.000000 0.000000 0.000000 0.000001 0.000001 0.000002 0.000003 0.000005 0.000007 0.000010 0.000015 0.000023 0.000033 0.000047 0.000066 0.000093 0.000130 0.000180 0.000245 0.000332 0.000444 0.000589 0.000774 0.001006 0.001296 0.001652 0.002086 0.002609 0.003229 0.003959 0.004805 0.005775 0.006872 0.008097 0.009446 0.010911 0.012479 0.014132 0.015845 0.017591 0.019335 0.021043 0.022674 0.024190 0.025551 0.026722 0.027670 0.028368 0.028795 0.028939 0.028795 0.028368 0.027670 0.026722 0.025551 0.024190 0.022674 0.021043 0.019335 0.017591 0.015845 0.014132 0.012479 0.010911 0.009446 0.008097 0.006872 0.005775 0.004805 0.003959 0.003229 0.002609 0.002086 0.001652 0.001296 0.001006 0.000774 0.000589 0.000444 0.000332 0.000245 0.000180 0.000130 0.000093 0.000066 0.000047 0.000033 0.000023 0.000015 0.000010 0.000007 0.000005 0.000003 0.000002 0.000001 0.000001 0.000000 0.000000 0.000000 
0.000000 0.000000 0.000000 0.000001 0.000001 0.000002 0.000003 0.000005 0.000007 0.000011 0.000016 0.000023 0.000034 0.000049 0.000070 0.000100 0.000140 0.000196 0.000270 0.000368 0.000498 0.000667 0.000884 0.001160 0.001509 0.001943 0.002477 0.003126 0.003908 0.004838 0.005929 0.007195 0.008646 0.010287 0.012120 0.014138 0.016329 0.018674 0.021145 0.023706 0.026316 0.028923 0.031475 0.033913 0.036179 0.038214 0.039964 0.041380 0.042422 0.043060 0.043275 0.043060 0.042422 0.041380 0.039964 0.038214 0.036179 0.033913 0.031475 0.028923 0.026316 0.023706 0.021145 0.018674 0.016329 0.014138 0.012120 0.010287 0.008646 0.007195 0.005929 0.004838 0.003908 0.003126 0.002477 0.001943 0.001509 0.001160 0.000884 0.000667 0.000498 0.000368 0.000270 0.000196 0.000140 0.000100 0.000070 0.000049 0.000034 0.000023 0.000016 0.000011 0.000007 0.000005 0.000003 0.000002 0.000001 0.000001 0.000000 0.000000 
0.000000 0.000000 0.000001 0.000001 0.000002 0.000003 0.000004 0.000007 0.000010 0.000016 0.000023 0.000035 0.000050 0.000073 0.000105 0.000149 0.000209 0.000291 0.000401 0.000547 0.000740 0.000990 0.001313 0.001723 0.002240 0.002884 0.003676 0.004640 0.005799 0.007176 0.008794 0.010671 0.012821 0.015253 0.017967 0.020956 0.024202 0.027674 0.031333 0.035126 0.038989 0.042849 0.046627 0.050236 0.053589 0.056601 0.059191 0.061287 0.062830 0.063774 0.064092 0.063774 0.062830 0.061287 0.059191 0.056601 0.053589 0.050236 0.046627 0.042849 0.038989 0.035126 0.031333 0.027674 0.024202 0.020956 0.017967 0.015253 0.012821 0.010671 0.008794 0.007176 0.005799 0.004640 0.003676 0.002884 0.002240 0.001723 0.001313 0.000990 0.000740 0.000547 0.000401 0.000291 0.000209 0.000149 0.000105 0.000073 0.000050 0.000035 0.000023 0.000016 0.000010 0.000007 0.000004 0.000003 0.000002 0.000001 0.000000 0.000000 
0.000000 0.000000 0.000001 0.000002 0.000003 0.000004 0.000007 0.000010 0.000015 0.000023 0.000035 0.000051 0.000074 0.000108 0.000154 0.000219 0.000308 0.000428 0.000590 0.000805 0.001089 0.001457 0.001931 0.002535 0.003294 0.004240 0.005403 0.006819 0.008521 0.010544 0.012919 0.015674 0.018829 0.022398 0.026381 0.030766 0.035527 0.040621 0.045987 0.051550 0.057214 0.062875 0.068413 0.073705 0.078621 0.083036 0.086833 0.089906 0.092167 0.093551 0.094017 0.093551 0.092167 0.089906 0.086833 0.083036 0.078621 0.073705 0.068413 0.062875 0.057214 0.051550 0.045987 0.040621 0.035527 0.030766 0.026381 0.022398 0.018829 0.015674 0.012919 0.010544 0.008521 0.006819 0.005403 0.004240 0.003294 0.002535 0.001931 0.001457 0.001089 0.000805 0.000590 0.000428 0.000308 0.000219 0.000154 0.000108 0.000074 0.000051 0.000035 0.000023 0.000015 0.000010 0.000007 0.000004 0.000003 0.000001 0.000001 0.000000 
0.000000 0.000001 0.000001 0.000002 0.000004 0.000006 0.000010 0.000015 0.000023 0.000034 0.000050 0.000074 0.000109 0.000157 0.000225 0.000320 0.000449 0.000625 0.000861 0.001174 0.001587 0.002123 0.002814 0.003692 0.004798 0.006174 0.007867 0.009927 0.012403 0.015344 0.018798 0.022803 0.027390 0.032577 0.038366 0.044738 0.051656 0.059057 0.066853 0.074933 0.083161 0.091382 0.099426 0.107110 0.114249 0.120661 0.126174 0.130635 0.133919 0.135928 0.136605 0.135928 0.133919 0.130635 0.126174 0.120661 0.114249 0.107110 0.099426 0.091382 0.083161 0.074933 0.066853 0.059057 0.051656 0.044738 0.038366 0.032577 0.027390 0.022803 0.018798 0.015344 0.012403 0.009927 0.007867 0.006174 0.004798 0.003692 0.002814 0.002123 0.001587 0.001174 0.000861 0.000625 0.000449 0.000320 0.000225 0.000157 0.000109 0.000074 0.000050 0.000034 0.000023 0.000015 0.000010 0.000006 0.000004 0.000002 0.000001 0.000000 
0.000000 0.000001 0.000002 0.000003 0.000006 0.000009 0.000014 0.000021 0.000033 0.000049 0.000073 0.000108 0.000157 0.000227 0.000326 0.000462 0.000649 0.000902 0.001243 0.001696 0.002291 0.003065 0.004061 0.005327 0.006922 0.008905 0.011345 0.014312 0.017880 0.022117 0.027091 0.032859 0.039464 0.046932 0.055264 0.064437 0.074393 0.085043 0.096261 0.107886 0.119724 0.131552 0.143123 0.154176 0.164445 0.173667 0.181596 0.188013 0.192735 0.195625 0.196598 0.195625 0.192735 0.188013 0.181596 0.173667 0.164445 0.154176 0.143123 0.131552 0.119724 0.107886 0.096261 0.085043 0.074393 0.064437 0.055264 0.046932 0.039464 0.032859 0.027091 0.022117 0.017880 0.014312 0.011345 0.008905 0.006922 0.005327 0.004061 0.003065 0.002291 0.001696 0.001243 0.000902 0.000649 0.000462 0.000326 0.000227 0.000157 0.000108 0.000073 0.000049 0.000033 0.000021 0.000014 0.000009 0.000005 0.000003 0.000001 0.000000 
0.000000 0.000001 0.000003 0.000005 0.000008 0.000013 0.000020 0.000031 0.000047 0.000070 0.000105 0.000154 0.000225 0.000326 0.000466 0.000661 0.000928 0.001291 0.001778 0.002425 0.003276 0.004381 0.005804 0.007613 0.009889 0.012721 0.016204 0.020439 0.025529 0.031575 0.038671 0.046898 0.056317 0.066966 0.078847 0.091924 0.106117 0.121298 0.137286 0.153854 0.170723 0.187577 0.204064 0.219813 0.234443 0.247581 0.258877 0.268018 0.274745 0.278862 0.280248 0.278862 0.274745 0.268018 0.258877 0.247581 0.234443 0.219813 0.204064 0.187577 0.170723 0.153854 0.137286 0.121298 0.106117 0.091924 0.078847 0.066966 0.056317 0.046898 0.038671 0.031575 0.025529 0.020439 0.016204 0.012721 0.009889 0.007613 0.005804 0.004381 0.003276 0.002425 0.001778 0.001291 0.000928 0.000661 0.000466 0.000326 0.000225 0.000154 0.000105 0.000070 0.000047 0.000031 0.000020 0.000013 0.000008 0.000005 0.000002 0.000000 
0.000000 0.000002 0.000004 0.000007 0.000012 0.000018 0.000029 0.000044 0.000066 0.000100 0.000149 0.000219 0.000320 0.000462 0.000661 0.000937 0.001316 0.001829 0.002519 0.003435 0.004638 0.006203 0.008216 0.010775 0.013994 0.017998 0.022922 0.028908 0.036102 0.044646 0.054672 0.066295 0.079601 0.094641 0.111420 0.129886 0.149926 0.171359 0.193930 0.217317 0.241128 0.264915 0.288184 0.310409 0.331054 0.349594 0.365533 0.378432 0.387924 0.393733 0.395688 0.393733 0.387924 0.378432 0.365533 0.349594 0.331054 0.310409 0.288184 0.264915 0.241128 0.217317 0.193930 0.171359 0.149926 0.129886 0.111420 0.094641 0.079601 0.066295 0.054672 0.044646 0.036102 0.028908 0.022922 0.017998 0.013994 0.010775 0.008216 0.006203 0.004638 0.003435 0.002519 0.001829 0.001316 0.000937 0.000661 0.000462 0.000320 0.000219 0.000149 0.000100 0.000066 0.000044 0.000028 0.000018 0.000011 0.000006 0.000003 0.000000 
0.000000 0.000003 0.000006 0.000010 0.000016 0.000026 0.000040 0.000062 0.000093 0.000140 0.000209 0.000308 0.000449 0.000649 0.000928 0.001316 0.001847 0.002567 0.003534 0.004818 0.006506 0.008699 0.011518 0.015104 0.019613 0.025220 0.032115 0.040496 0.050567 0.062525 0.076556 0.092819 0.111435 0.132475 0.155945 0.181773 0.209799 0.239770 0.271331 0.304029 0.337318 0.370572 0.403099 0.434165 0.463022 0.488935 0.511213 0.529241 0.542506 0.550625 0.553358 0.550625 0.542506 0.529241 0.511213 0.488935 0.463022 0.434165 0.403099 0.370572 0.337318 0.304029 0.271331 0.239770 0.209799 0.181773 0.155945 0.132475 0.111435 0.092819 0.076556 0.062525 0.050567 0.040496 0.032115 0.025220 0.019613 0.015104 0.011518 0.008699 0.006506 0.004818 0.003534 0.002567 0.001847 0.001316 0.000928 0.000649 0.000449 0.000308 0.000209 0.000140 0.000093 0.000061 0.000040 0.000026 0.000016 0.000009 0.000004 0.000000 
0.000000 0.000004 0.000008 0.000014 0.000023 0.000036 0.000056 0.000086 0.000130 0.000196 0.000291 0.000428 0.000625 0.000902 0.001291 0.001829 0.002567 0.003568 0.004911 0.006694 0.009036 0.012080 0.015993 0.020968 0.027223 0.035001 0.044563 0.056185 0.070147 0.086724 0.106172 0.128711 0.154508 0.183661 0.216177 0.251955 0.290777 0.332287 0.375997 0.421278 0.467375 0.513420 0.558455 0.601467 0.641418 0.677291 0.708131 0.733087 0.751450 0.762688 0.766472 0.762688 0.751450 0.733087 0.708131 0.677291 0.641418 0.601467 0.558455 0.513420 0.467375 0.421278 0.375997 0.332287 0.290777 0.251955 0.216177 0.183661 0.154508 0.128711 0.106172 0.086724 0.070147 0.056185 0.044563 0.035001 0.027223 0.020968 0.015993 0.012080 0.009036 0.006694 0.004911 0.003568 0.002567 0.001829 0.001291 0.000902 0.000625 0.000428 0.000291 0.000195 0.000130 0.000086 0.000056 0.000036 0.000022 0.000013 0.000006 0.000000 
0.000000 0.000005 0.000011 0.000019 0.000032 0.000050 0.000077 0.000118 0.000180 0.000270 0.000401 0.000590 0.000861 0.001243 0.001778 0.002519 0.003534 0.004911 0.006758 0.009210 0.012431 0.016615 0.021993 0.028829 0.037424 0.048109 0.061243 0.077203 0.096375 0.119136 0.145833 0.176771 0.212177 0.252185 0.296802 0.345893 0.399153 0.456098 0.516055 0.578163 0.641386 0.704533 0.766293 0.825274 0.880056 0.929245 0.971532 1.005749 1.030926 1.046335 1.051522 1.046335 1.030926 1.005749 0.971532 0.929245 0.880056 0.825274 0.766293 0.704533 0.641386 0.578163 0.516055 0.456098 0.399153 0.345893 0.296802 0.252185 0.212177 0.176771 0.145833 0.119136 0.096375 0.077203 0.061243 0.048109 0.037424 0.028829 0.021993 0.016615 0.012431 0.009210 0.006758 0.004911 0.003534 0.002519 0.001778 0.001243 0.000861 0.000590 0.000401 0.000270 0.000179 0.000118 0.000077 0.000049 0.000030 0.000017 0.000008 0.000000 
0.000000 0.000007 0.000015 0.000026 0.000043 0.000068 0.000106 0.000162 0.000245 0.000368 0.000547 0.000805 0.001174 0.001696 0.002425 0.003435 0.004818 0.006694 0.009210 0.012550 0.016935 0.022632 0.029952 0.039256 0.050952 0.065489 0.083356 0.105065 0.131139 0.162089 0.198389 0.240448 0.288577 0.342955 0.403593 0.470304 0.542674 0.620046 0.701503 0.785876 0.871759 0.957534 1.041420 1.121528 1.195930 1.262734 1.320161 1.366629 1.400820 1.421744 1.428788 1.421744 1.400820 1.366629 1.320161 1.262734 1.195930 1.121528 1.041420 0.957534 0.871759 0.785876 0.701503 0.620046 0.542674 0.470304 0.403593 0.342955 0.288577 0.240448 0.198389 0.162089 0.131139 0.105065 0.083356 0.065489 0.050952 0.039256 0.029952 0.022632 0.016935 0.012550 0.009210 0.006694 0.004818 0.003435 0.002425 0.001696 0.001174 0.000805 0.000547 0.000368 0.000245 0.000161 0.000105 0.000067 0.000041 0.000024 0.000011 0.000000 
0.000000 0.000009 0.000020 0.000036 0.000058 0.000092 0.000143 0.000219 0.000332 0.000498 0.000740 0.001089 0.001587 0.002291 0.003276 0.004638 0.006506 0.009036 0.012431 0.016935 0.022849 0.030530 0.040399 0.052940 0.068701 0.088290 0.112362 0.141607 0.176727 0.218408 0.267290 0.323921 0.388718 0.461920 0.543541 0.633328 0.730724 0.834843 0.944451 1.057976 1.173524 1.288921 1.401771 1.509534 1.609617 1.699475 1.776719 1.839221 1.885208 1.913351 1.922825 1.913351 1.885208 1.839221 1.776719 1.699475 1.609617 1.509534 1.401771 1.288921 1.173524 1.057976 0.944451 0.834843 0.730724 0.633328 0.543541 0.461920 0.388718 0.323921 0.267290 0.218408 0.176727 0.141607 0.112362 0.088290 0.068701 0.052940 0.040399 0.030530 0.022849 0.016935 0.012431 0.009036 0.006506 0.004638 0.003276 0.002291 0.001587 0.001089 0.000740 0.000498 0.000331 0.000218 0.000142 0.000091 0.000056 0.000032 0.000015 0.000000 
0.000000 0.000012 0.000027 0.000048 0.000078 0.000123 0.000191 0.000293 0.000444 0.000667 0.000990 0.001457 0.002123 0.003065 0.004381 0.006203 0.008699 0.012080 0.016615 0.022632 0.030530 0.040787 0.053963 0.070704 0.091740 0.117882 0.150002 0.189019 0.235869 0.291465 0.356657 0.432176 0.518575 0.616172 0.724984 0.844671 0.974492 1.113261 1.259336 1.410622 1.564595 1.718357 1.868718 2.012295 2.145634 2.265347 2.368252 2.451515 2.512778 2.550268 2.562889 2.550268 2.512778 2.451515 2.368252 2.265347 2.145634 2.012295 1.868718 1.718357 1.564595 1.410622 1.259336 1.113261 0.974492 0.844671 0.724984 0.616172 0.518575 0.432176 0.356657 0.291465 0.235869 0.189019 0.150002 0.117882 0.091740 0.070704 0.053963 0.040787 0.030530 0.022632 0.016615 0.012080 0.008699 0.006203 0.004381 0.003065 0.002123 0.001457 0.000990 0.000666 0.000444 0.000293 0.000190 0.000122 0.000075 0.000043 0.000020 0.000000 
0.000000 0.000016 0.000036 0.000064 0.000104 0.000164 0.000254 0.000389 0.000589 0.000884 0.001313 0.001931 0.002814 0.004061 0.005804 0.008216 0.011518 0.015993 0.021993 0.029952 0.040399 0.053963 0.071384 0.093516 0.121323 0.155873 0.198319 0.249873 0.311769 0.385211 0.471321 0.571059 0.685156 0.814028 0.957696 1.115710 1.287088 1.470266 1.663075 1.862748 2.065956 2.268875 2.467297 2.656757 2.832701 2.990661 3.126439 3.236298 3.317127 3.366592 3.383244 3.366592 3.317127 3.236298 3.126439 2.990661 2.832701 2.656757 2.467297 2.268875 2.065956 1.862748 1.663075 1.470266 1.287088 1.115710 0.957696 0.814028 0.685156 0.571059 0.471321 0.385211 0.311769 0.249873 0.198319 0.155873 0.121323 0.093516 0.071384 0.053963 0.040399 0.029952 0.021993 0.015993 0.011518 0.008216 0.005804 0.004061 0.002814 0.001931 0.001313 0.000883 0.000589 0.000388 0.000253 0.000161 0.000100 0.000057 0.000026 0.000000 
0.000000 0.000022 0.000048 0.000084 0.000136 0.000215 0.000334 0.000511 0.000774 0.001160 0.001723 0.002535 0.003692 0.005327 0.007613 0.010775 0.015104 0.020968 0.028829 0.039256 0.052940 0.070704 0.093516 0.122493 0.158895 0.204118 0.259669 0.327131 0.408117 0.504201 0.616843 0.747302 0.896527 1.065061 1.252927 1.459537 1.683602 1.923078 2.175129 2.436138 2.701750 2.966973 3.226305 3.473914 3.703851 3.910278 4.087713 4.231273 4.336897 4.401535 4.423294 4.401535 4.336897 4.231273 4.087713 3.910278 3.703851 3.473914 3.226305 2.966973 2.701750 2.436138 2.175129 1.923078 1.683602 1.459537 1.252927 1.065061 0.896527 0.747302 0.616843 0.504201 0.408117 0.327131 0.259669 0.204118 0.158895 0.122493 0.093516 0.070704 0.052940 0.039256 0.028829 0.020968 0.015104 0.010775 0.007613 0.005327 0.003692 0.002535 0.001723 0.001160 0.000773 0.000510 0.000332 0.000212 0.000131 0.000075 0.000034 0.000000 
0.000000 0.000028 0.000062 0.000109 0.000178 0.000280 0.000434 0.000665 0.001006 0.001509 0.002240 0.003294 0.004798 0.006922 0.009889 0.013994 0.019613 0.027223 0.037424 0.050952 0.068701 0.091740 0.121323 0.158895 0.206088 0.264709 0.336710 0.424139 0.529081 0.653574 0.799507 0.968504 1.161795 1.380075 1.623374 1.890926 2.181061 2.491129 2.817458 3.155364 3.499212 3.842538 4.178223 4.498722 4.796336 5.063512 5.293159 5.478959 5.615659 5.699313 5.727474 5.699313 5.615659 5.478959 5.293159 5.063512 4.796336 4.498722 4.178223 3.842538 3.499212 3.155364 2.817458 2.491129 2.181061 1.890926 1.623374 1.380075 1.161795 0.968504 0.799507 0.653574 0.529081 0.424139 0.336710 0.264709 0.206088 0.158895 0.121323 0.091740 0.068701 0.050952 0.037424 0.027223 0.019613 0.013994 0.009889 0.006922 0.004798 0.003294 0.002240 0.001508 0.001005 0.000663 0.000432 0.000276 0.000171 0.000098 0.000045 0.000000 
0.000000 0.000036 0.000080 0.000141 0.000229 0.000361 0.000559 0.000856 0.001296 0.001943 0.002884 0.004240 0.006174 0.008905 0.012721 0.017998 0.025220 0.035001 0.048109 0.065489 0.088290 0.117882 0.155873 0.204118 0.264709 0.339965 0.432384 0.544594 0.679268 0.839014 1.026253 1.243064 1.491018 1.771006 2.083060 2.426194 2.798266 3.195872 3.614304 4.047556 4.488404 4.928561 5.358904 5.769764 6.151273 6.493753 6.788120 7.026279 7.201499 7.308724 7.344820 7.308724 7.201499 7.026279 6.788120 6.493753 6.151273 5.769764 5.358904 4.928561 4.488404 4.047556 3.614304 3.195872 2.798266 2.426194 2.083060 1.771006 1.491018 1.243064 1.026253 0.839014 0.679268 0.544594 0.432384 0.339965 0.264709 0.204118 0.155873 0.117882 0.088290 0.065489 0.048109 0.035001 0.025220 0.017998 0.012721 0.008905 0.006174 0.004240 0.002883 0.001942 0.001295 0.000854 0.000556 0.000356 0.000220 0.000127 0.000058 0.000000 
0.000000 0.000046 0.000102 0.000179 0.000292 0.000461 0.000714 0.001092 0.001652 0.002477 0.003676 0.005403 0.007867 0.011345 0.016204 0.022922 0.032115 0.044563 0.061243 0.083356 0.112362 0.150002 0.198319 0.259669 0.336710 0.432384 0.549866 0.692491 0.863649 1.066652 1.304569 1.580037 1.895047 2.250725 2.647106 3.082935 3.555485 4.060434 4.591799 5.141953 5.701725 6.260595 6.806981 7.328610 7.812960 8.247749 8.621448 8.923785 9.146220 9.282336 9.328158 9.282336 9.146220 8.923785 8.621448 8.247749 7.812960 7.328610 6.806981 6.260595 5.701725 5.141953 4.591799 4.060434 3.555485 3.082935 2.647106 2.250725 1.895047 1.580037 1.304569 1.066652 0.863649 0.692491 0.549866 0.432384 0.336710 0.259669 0.198319 0.150002 0.112362 0.083356 0.061243 0.044563 0.032115 0.022922 0.016204 0.011345 0.007867 0.005403 0.003675 0.002476 0.001651 0.001089 0.000709 0.000454 0.000281 0.000161 0.000073 0.000000 
0.000000 0.000059 0.000130 0.000227 0.000369 0.000582 0.000901 0.001379 0.002086 0.003126 0.004640 0.006819 0.009927 0.014312 0.020439 0.028908 0.040496 0.056185 0.077203 0.105065 0.141607 0.189019 0.249873 0.327131 0.424139 0.544594 0.692491 0.872020 1.087443 1.342923 1.642316 1.988931 2.385268 2.832736 3.331376 3.879601 4.473978 5.109067 5.777343 6.469213 7.173143 7.875909 8.562948 9.218835 9.827830 10.374495 10.844339 11.224457 11.504111 11.675241 11.732849 11.675241 11.504111 11.224457 10.844339 10.374495 9.827830 9.218835 8.562948 7.875909 7.173143 6.469213 5.777343 5.109067 4.473978 3.879601 3.331376 2.832736 2.385268 1.988931 1.642316 1.342923 1.087443 0.872020 0.692491 0.544594 0.424139 0.327131 0.249873 0.189019 0.141607 0.105065 0.077203 0.056185 0.040496 0.028908 0.020439 0.014312 0.009926 0.006819 0.004639 0.003125 0.002085 0.001376 0.000896 0.000573 0.000355 0.000204 0.000093 0.000000 
0.000000 0.000073 0.000162 0.000284 0.000462 0.000728 0.001127 0.001724 0.002609 0.003908 0.005799 0.008521 0.012403 0.017880 0.025529 0.036102 0.050567 0.070147 0.096375 0.131139 0.176727 0.235869 0.311769 0.408117 0.529081 0.679268 0.863649 1.087443 1.355957 1.674369 2.047478 2.479401 2.973243 3.530753 4.151974 4.834925 5.575323 6.366388 7.198745 8.060445 8.937126 9.812319 10.667895 11.484649 12.242987 12.923693 13.508730 13.982034 14.330241 14.543320 14.615049 14.543320 14.330241 13.982034 13.508730 12.923693 12.242987 11.484649 10.667895 9.812319 8.937126 8.060445 7.198745 6.366388 5.575323 4.834925 4.151974 3.530753 2.973243 2.479401 2.047478 1.674369 1.355957 1.087443 0.863649 0.679268 0.529081 0.408117 0.311769 0.235869 0.176727 0.131139 0.096375 0.070147 0.050567 0.036102 0.025529 0.017879 0.012402 0.008521 0.005798 0.003907 0.002606 0.001720 0.001121 0.000717 0.000444 0.000255 0.000116 0.000000 
0.000000 0.000091 0.000201 0.000352 0.000572 0.000901 0.001396 0.002135 0.003229 0.004838 0.007176 0.010544 0.015344 0.022117 0.031575 0.044646 0.062525 0.086724 0.119136 0.162089 0.218408 0.291465 0.385211 0.504201 0.653574 0.839014 1.066652 1.342923 1.674369 2.067374 2.527850 3.060869 3.670254 4.358153 5.124612 5.967178 6.880562 7.856397 8.883114 9.945974 11.027265 12.106677 13.161857 14.169125 15.104324 15.943766 16.665215 17.248869 17.678255 17.941007 18.029457 17.941007 17.678255 17.248869 16.665215 15.943766 15.104324 14.169125 13.161857 12.106677 11.027265 9.945974 8.883114 7.856397 6.880562 5.967178 5.124612 4.358153 3.670254 3.060869 2.527850 2.067374 1.674369 1.342923 1.066652 0.839014 0.653574 0.504201 0.385211 0.291465 0.218408 0.162089 0.119136 0.086724 0.062525 0.044646 0.031575 0.022117 0.015344 0.010544 0.007175 0.004836 0.003227 0.002130 0.001388 0.000888 0.000550 0.000316 0.000144 0.000000 
0.000000 0.000112 0.000246 0.000431 0.000702 0.001106 0.001712 0.002617 0.003959 0.005929 0.008794 0.012919 0.018798 0.027091 0.038671 0.054672 0.076556 0.106172 0.145833 0.198389 0.267290 0.356657 0.471321 0.616843 0.799507 1.026253 1.304569 1.642316 2.047478 2.527850 3.090648 3.742057 4.486741 5.327313 6.263820 7.293255 8.409151 9.601279 10.855506 12.153825 13.474601 14.793032 16.081820 17.312052 18.454231 19.479436 20.360521 21.073308 21.597690 21.918571 22.026588 21.918571 21.597690 21.073308 20.360521 19.479436 18.454231 17.312052 16.081820 14.793032 13.474601 12.153825 10.855506 9.601279 8.409151 7.293255 6.263820 5.327313 4.486741 3.742057 3.090648 2.527850 2.047478 1.642316 1.304569 1.026253 0.799507 0.616843 0.471321 0.356657 0.267290 0.198389 0.145833 0.106172 0.076556 0.054672 0.038671 0.027091 0.018798 0.012919 0.008793 0.005927 0.003955 0.002611 0.001702 0.001089 0.000675 0.000388 0.000177 0.000000 
0.000000 0.000136 0.000299 0.000524 0.000852 0.001343 0.002078 0.003177 0.004805 0.007195 0.010671 0.015674 0.022803 0.032859 0.046898 0.066295 0.092819 0.128711 0.176771 0.240448 0.323921 0.432176 0.571059 0.747302 0.968504 1.243064 1.580037 1.988931 2.479401 3.060869 3.742057 4.530441 5.431649 6.448834 7.582040 8.827620 10.177740 11.620020 13.137356 14.707966 16.305680 17.900497 19.459406 20.947442 22.328939 23.568924 24.634577 25.496666 26.130878 26.518963 26.649603 26.518963 26.130878 25.496666 24.634577 23.568924 22.328939 20.947442 19.459406 17.900497 16.305680 14.707966 13.137356 11.620020 10.177740 8.827620 7.582040 6.448834 5.431649 4.530441 3.742057 3.060869 2.479401 1.988931 1.580037 1.243064 0.968504 0.747302 0.571059 0.432176 0.323921 0.240448 0.176771 0.128711 0.092819 0.066295 0.046897 0.032859 0.022803 0.015673 0.010669 0.007193 0.004801 0.003170 0.002066 0.001323 0.000820 0.000471 0.000214 0.000000 
0.000000 0.000163 0.000360 0.000630 0.001025 0.001614 0.002498 0.003819 0.005775 0.008646 0.012821 0.018829 0.027390 0.039464 0.056317 0.079601 0.111435 0.154508 0.212177 0.288577 0.388718 0.518575 0.685156 0.896527 1.161795 1.491018 1.895047 2.385268 2.973243 3.670254 4.486741 5.431649 6.511712 7.730691 9.088628 10.581142 12.198837 13.926873 15.744754 17.626383 19.540409 21.450899 23.318316 25.100784 26.755592 28.240862 29.517291 30.549879 31.309514 31.774345 31.930819 31.774345 31.309514 30.549879 29.517291 28.240862 26.755592 25.100784 23.318316 21.450899 19.540409 17.626383 15.744754 13.926873 12.198837 10.581142 9.088628 7.730691 6.511712 5.431649 4.486741 3.670254 2.973243 2.385268 1.895047 1.491018 1.161795 0.896527 0.685156 0.518575 0.388718 0.288577 0.212177 0.154508 0.111435 0.079601 0.056317 0.039464 0.027390 0.018828 0.012819 0.008643 0.005770 0.003810 0.002484 0.001590 0.000986 0.000567 0.000258 0.000000 
0.000000 0.000194 0.000429 0.000750 0.001220 0.001922 0.002974 0.004545 0.006872 0.010287 0.015253 0.022398 0.032577 0.046932 0.066966 0.094641 0.132475 0.183661 0.252185 0.342955 0.461920 0.616172 0.814028 1.065061 1.380075 1.771006 2.250725 2.832736 3.530753 4.358153 5.327313 6.448834 7.730691 9.177333 10.788797 12.559871 14.479394 16.529752 18.686621 20.919037 23.189809 25.456310 27.671647 29.786152 31.749173 33.511042 35.025155 36.250004 37.151071 37.702440 37.888045 37.702440 37.151071 36.250004 35.025155 33.511042 31.749173 29.786152 27.671647 25.456310 23.189809 20.919037 18.686621 16.529752 14.479394 12.559871 10.788797 9.177333 7.730691 6.448834 5.327313 4.358153 3.530753 2.832736 2.250725 1.771006 1.380075 1.065061 0.814028 0.616172 0.461920 0.342955 0.252185 0.183661 0.132475 0.094641 0.066966 0.046931 0.032577 0.022397 0.015251 0.010284 0.006866 0.004535 0.002957 0.001893 0.001174 0.000675 0.000307 0.000000 
0.000000 0.000229 0.000506 0.000885 0.001438 0.002265 0.003505 0.005355 0.008097 0.012120 0.017967 0.026381 0.038366 0.055264 0.078847 0.111420 0.155945 0.216177 0.296802 0.403593 0.543541 0.724984 0.957696 1.252927 1.623374 2.083060 2.647106 3.331376 4.151974 5.124612 6.263820 7.582040 9.088628 10.788797 12.682573 14.763818 17.019407 19.428632 21.962909 24.585854 27.253773 29.916594 32.519230 35.003346 37.309447 39.379203 41.157880 42.596732 43.655220 44.302914 44.520943 44.302914 43.655220 42.596732 41.157880 39.379203 37.309447 35.003346 32.519230 29.916594 27.253773 24.585854 21.962909 19.428632 17.019407 14.763818 12.682573 10.788797 9.088628 7.582040 6.263820 5.124612 4.151974 3.331376 2.647106 2.083060 1.623374 1.252927 0.957696 0.724984 0.543541 0.403593 0.296802 0.216176 0.155945 0.111419 0.078847 0.055264 0.038365 0.026379 0.017965 0.012116 0.008090 0.005343 0.003485 0.002232 0.001383 0.000796 0.000362 0.000000 
0.000000 0.000267 0.000590 0.001033 0.001679 0.002643 0.004090 0.006249 0.009446 0.014138 0.020956 0.030766 0.044738 0.064437 0.091924 0.129886 0.181773 0.251955 0.345893 0.470304 0.633328 0.844671 1.115710 1.459537 1.890926 2.426194 3.082935 3.879601 4.834925 5.967178 7.293255 8.827620 10.581142 12.559871 14.763818 17.185826 19.810610 22.614062 25.562918 28.614840 31.718993 34.817123 37.845151 40.735219 43.418126 45.826030 47.895269 49.569150 50.800526 51.554006 51.807644 51.554006 50.800526 49.569150 47.895269 45.826030 43.418126 40.735219 37.845151 34.817123 31.718993 28.614840 25.562918 22.614062 19.810610 17.185826 14.763818 12.559871 10.581142 8.827620 7.293255 5.967178 4.834925 3.879601 3.082935 2.426194 1.890926 1.459537 1.115710 0.844671 0.633328 0.470304 0.345893 0.251955 0.181773 0.129886 0.091924 0.064436 0.044737 0.030764 0.020953 0.014133 0.009438 0.006235 0.004066 0.002604 0.001615 0.000929 0.000423 0.000000 
0.000000 0.000309 0.000682 0.001194 0.001940 0.003055 0.004725 0.007219 0.010911 0.016329 0.024202 0.035527 0.051656 0.074393 0.106117 0.149926 0.209799 0.290777 0.399153 0.542674 0.730724 0.974492 1.287088 1.683602 2.181061 2.798266 3.555485 4.473978 5.575323 6.880562 8.409151 10.177740 12.198837 14.479394 17.019407 19.810610 22.835373 26.065910 29.463881 32.980501 36.557197 40.126857 43.615660 46.945437 50.036476 52.810631 55.194577 57.123014 58.541641 59.409695 59.701902 59.409695 58.541641 57.123014 55.194577 52.810631 50.036476 46.945437 43.615660 40.126857 36.557197 32.980501 29.463881 26.065910 22.835373 19.810610 17.019407 14.479394 12.198837 10.177740 8.409151 6.880562 5.575323 4.473978 3.555485 2.798266 2.181061 1.683602 1.287088 0.974492 0.730724 0.542674 0.399153 0.290777 0.209799 0.149926 0.106117 0.074393 0.051655 0.035525 0.024198 0.016323 0.010902 0.007203 0.004698 0.003009 0.001866 0.001073 0.000488 0.000000 
0.000000 0.000354 0.000781 0.001366 0.002220 0.003495 0.005406 0.008257 0.012479 0.018674 0.027674 0.040621 0.059057 0.085043 0.121298 0.171359 0.239770 0.332287 0.456098 0.620046 0.834843 1.113261 1.470266 1.923078 2.491129 3.195872 4.060434 5.109067 6.366388 7.856397 9.601279 11.620020 13.926873 16.529752 19.428632 22.614062 26.065910 29.752455 33.629941 37.642697 41.723891 45.796953 49.777664 53.576851 57.103581 60.268714 62.988609 65.188781 66.807294 67.797653 68.131028 67.797653 66.807294 65.188781 62.988609 60.268714 57.103581 53.576851 49.777664 45.796953 41.723891 37.642697 33.629941 29.752455 26.065910 22.614062 19.428632 16.529752 13.926873 11.620020 9.601279 7.856397 6.366388 5.109067 4.060434 3.195872 2.491129 1.923078 1.470266 1.113261 0.834843 0.620046 0.456098 0.332287 0.239770 0.171358 0.121297 0.085043 0.059056 0.040619 0.027671 0.018668 0.012468 0.008239 0.005375 0.003443 0.002135 0.001228 0.000559 0.000000 
0.000000 0.000401 0.000885 0.001547 0.002515 0.003959 0.006123 0.009352 0.014132 0.021145 0.031333 0.045987 0.066853 0.096261 0.137286 0.193930 0.271331 0.375997 0.516055 0.701503 0.944451 1.259336 1.663075 2.175129 2.817458 3.614304 4.591799 5.777343 7.198745 8.883114 10.855506 13.137356 15.744754 18.686621 21.962909 25.562918 29.463881 33.629941 38.011643 42.546079 47.157731 51.760086 56.257993 60.550711 64.535514 68.111703 71.184793 73.670649 75.499307 76.618247 76.994905 76.618247 75.499307 73.670649 71.184793 68.111703 64.535514 60.550711 56.257993 51.760086 47.157731 42.546079 38.011643 33.629941 29.463881 25.562918 21.962909 18.686621 15.744754 13.137356 10.855506 8.883114 7.198745 5.777343 4.591799 3.614304 2.817458 2.175129 1.663075 1.259336 0.944451 0.701503 0.516055 0.375997 0.271331 0.193930 0.137286 0.096261 0.066852 0.045985 0.031329 0.021138 0.014120 0.009331 0.006087 0.003900 0.002419 0.001391 0.000633 0.000000 
0.000000 0.000450 0.000992 0.001736 0.002820 0.004440 0.006866 0.010486 0.015845 0.023706 0.035126 0.051550 0.074933 0.107886 0.153854 0.217317 0.304029 0.421278 0.578163 0.785876 1.057976 1.410622 1.862748 2.436138 3.155364 4.047556 5.141953 6.469213 8.060445 9.945974 12.153825 14.707966 17.626383 20.919037 24.585854 28.614840 32.980501 37.642697 42.546079 47.620247 52.780699 57.930637 62.963602 67.766886 72.225565 76.226985 79.665449 82.446834 84.492877 85.744829 86.166260 85.744829 84.492877 82.446834 79.665449 76.226985 72.225565 67.766886 62.963602 57.930637 52.780699 47.620247 42.546079 37.642697 32.980501 28.614840 24.585854 20.919037 17.626383 14.707966 12.153825 9.945974 8.060445 6.469213 5.141953 4.047556 3.155364 2.436138 1.862748 1.410622 1.057976 0.785876 0.578163 0.421278 0.304029 0.217316 0.153853 0.107885 0.074931 0.051547 0.035121 0.023698 0.015831 0.010463 0.006827 0.004374 0.002713 0.001561 0.000710 0.000000 
0.000000 0.000500 0.001102 0.001928 0.003132 0.004930 0.007624 0.011642 0.017591 0.026316 0.038989 0.057214 0.083161 0.119724 0.170723 0.241128 0.337318 0.467375 0.641386 0.871759 1.173524 1.564595 2.065956 2.701750 3.499212 4.488404 5.701725 7.173143 8.937126 11.027265 13.474601 16.305680 19.540409 23.189809 27.253773 31.718993 36.557197 41.723891 47.157731 52.780699 58.499160 64.205856 69.782836 75.105224 80.045696 84.479447 88.289378 91.371222 93.638275 95.025454 95.492404 95.025454 93.638275 91.371222 88.289378 84.479447 80.045696 75.105224 69.782836 64.205856 58.499160 52.780699 47.157731 41.723891 36.557197 31.718993 27.253773 23.189809 19.540409 16.305680 13.474601 11.027265 8.937126 7.173143 5.701725 4.488404 3.499212 2.701750 2.065956 1.564595 1.173524 0.871759 0.641386 0.467375 0.337318 0.241128 0.170723 0.119723 0.083159 0.057211 0.038984 0.026307 0.017575 0.011616 0.007580 0.004857 0.003013 0.001733 0.000789 0.000000 
0.000000 0.000549 0.001212 0.002120 0.003444 0.005420 0.008381 0.012798 0.019335 0.028923 0.042849 0.062875 0.091382 0.131552 0.187577 0.264915 0.370572 0.513420 0.704533 0.957534 1.288921 1.718357 2.268875 2.966973 3.842538 4.928561 6.260595 7.875909 9.812319 12.106677 14.793032 17.900497 21.450899 25.456310 29.916594 34.817123 40.126857 45.796953 51.760086 57.930637 64.205856 70.468055 76.587811 82.428114 87.849270 92.714350 96.894888 100.276489 102.764034 104.286125 104.798488 104.286125 102.764034 100.276489 96.894888 92.714350 87.849270 82.428114 76.587811 70.468055 64.205856 57.930637 51.760086 45.796953 40.126857 34.817123 29.916594 25.456310 21.450899 17.900497 14.793032 12.106677 9.812319 7.875909 6.260595 4.928561 3.842538 2.966973 2.268875 1.718357 1.288921 0.957534 0.704533 0.513419 0.370572 0.264915 0.187576 0.131551 0.091380 0.062872 0.042843 0.028913 0.019318 0.012769 0.008333 0.005340 0.003312 0.001906 0.000867 0.000000 
0.000000 0.000598 0.001319 0.002308 0.003749 0.005900 0.009122 0.013929 0.021043 0.031475 0.046627 0.068413 0.099426 0.143123 0.204064 0.288184 0.403099 0.558455 0.766293 1.041420 1.401771 1.868718 2.467297 3.226305 4.178223 5.358904 6.806981 8.562948 10.667895 13.161857 16.081820 19.459406 23.318316 27.671647 32.519230 37.845151 43.615660 49.777664 56.257993 62.963602 69.782836 76.587811 83.237903 89.584242 95.475050 100.761559 105.304190 108.978663 111.681635 113.335536 113.892269 113.335536 111.681635 108.978663 105.304190 100.761559 95.475050 89.584242 83.237903 76.587811 69.782836 62.963602 56.257993 49.777664 43.615660 37.845151 32.519230 27.671647 23.318316 19.459406 16.081820 13.161857 10.667895 8.562948 6.806981 5.358904 4.178223 3.226305 2.467297 1.868718 1.401771 1.041420 0.766293 0.558455 0.403099 0.288183 0.204063 0.143122 0.099424 0.068410 0.046620 0.031464 0.021024 0.013897 0.009070 0.005813 0.003606 0.002075 0.000944 0.000000 
